[ 0  1  2  3  4  5  6  7  8  9 10 11 12 13 14 15 16 17 18 19 20 21 22 23
 24 25 26 27 28 29 30 31 32 33 34 35 36 37 38 39 40 41 42 43 44 45 46 47
 48 49 50 51 52 53 54 55 56 57 58 59 60 61 62 63 64 65 66 67 68 69 70 71
 72 73 74 75 76 77 78 79 80 81 82 83 84 85 86 87 88 89 90 91 92 93 94 95
 96 97 98 99]
[12 -1 -1 57 22 61 -1 -1 71  4  3 52 35 22 -1 -1 -1 42 63 -1 -1 38 26 77
 14 48 -1 -1 -1 -1 -1 30 82 24 36 -1 -1 16 22 46 71 -1 21 10 31 43 24 -1
 72 83 21 -1 63 -1 75 28 -1 58 -1 -1 39 94 -1  1 78 79 -1 -1  4 28 -1 41
 24 22 35 94 -1 -1 -1 -1 -1 63 92 76 44 39 74 72 98  9 70 15 -1 -1 62 -1
  8 65 -1 75]
[0 1 0 0 1 0 1 1 0 1 1 1 1 1 0 1 1 0 1 0 1 0 1 1 1 0 0 1 1 0 0 1 1 1 1 0 0
 1 0 1 1 0 1 1 0 1 1 0 0 0 0 1 1 0 0 0 0 1 1 0 0 1 0 1 1 0 1 0 0 1 0 0 1 1
 1 0 1 0 1 0 0 0 0 1 1 0 1 1 0 1 0 1 0 1 0 1 1 0 1 1]
[0 1 1 3 0 4 0 2 3 1 1 1 0 0 3 0 0 2 1 4 0 3 0 3 2 0 2 0 2 1 1 0 0 0 0 0 0
 1 1 0 2 2 0 0 0 2 0 0 4 4 0 4 0 3 0 0 0 1 0 4 0 1 3 1 0 0 0 2 0 0 1 0 3 0
 4 4 0 0 1 0 3 0 3 0 0 0 2 2 3 0 0 4 0 3 0 0 0 3 0 2]
[0 1 1 3 0 4 0 2 3 1 1 1 0 0 3 0 0 2 1 4 0 3 0 3 2 0 2 0 2 1 1 0 0 0 0 0 0
 1 1 0 2 2 0 0 0 2 0 0 4 4 0 4 0 3 0 0 0 1 0 4 0 1 3 1 0 0 0 2 0 0 1 0 3 0
 4 4 0 0 1 0 3 0 3 0 0 0 2 2 3 0 0 4 0 3 0 0 0 3 0 2]
[2 4 1 9 3 3 1 2 9 1 3 6 1 9 2 6 9 6 7 4 4 7 5 7 3 3 1 8 3 7 8 5 4 3 3 3 4
 2 4 2 7 7 1 9 8 1 3 5 2 9 7 7 7 5 2 9 6 2 1 8 2 2 1 7 4 5 1 8 3 7 2 9 4 1
 2 8 4 3 7 9 8 4 3 1 6 9 1 5 6 9 2 8 7 5 8 8 2 7 5 2]
[2 4 1 9 3 3 1 2 9 1 3 6 1 9 2 6 9 6 7 4 4 7 5 7 3 3 1 8 3 7 8 5 4 3 3 3 4
 2 4 2 7 7 1 9 8 1 3 5 2 9 7 7 7 5 2 9 6 2 1 8 2 2 1 7 4 5 1 8 3 7 2 9 4 1
 2 8 4 3 7 9 8 4 3 1 6 9 1 5 6 9 2 8 7 5 8 8 2 7 5 2]
[33, 37, 41, 50, 50, 50, 35, 50, 50, 30, 20, 19, 50, 14, 45, 50, 27, 36, 50, 50, 48, 31, 29, 27, 50, 50, 50, 47, 50, 22, 50, 13, 50, 41, 50, 27, 50, 25, 50, 50, 50, 50, 25, 39, 31, 50, 28, 50, 46, 50, 49, 47, 50, 33, 50, 49, 50, 50, 36, 26, 50, 44, 46, 12, 50, 50, 50, 50, 26, 50, 48, 16, 50, 27, 18, 50, 35, 50, 50, 25, 36, 50, 50, 50, 50, 50, 50, 50, 50, 25, 49, 13, 21, 30, 19, 41, 50, 14, 36, 13]
[0 0 0 0 0 0 0 0 0 0 0 0 0 0 0 0 0 0 0 0 0 0 0 0 0 0 0 0 0 0 0 0 0 0 0 0 0
 0 0 0 0 0 0 0 0 0 0 0 0 0 0 0 0 0 0 0 0 0 0 0 0 0 0 0 0 0 0 0 0 0 0 0 0 0
 0 0 0 0 0 0 0 0 0 0 0 0 0 0 0 0 0 0 0 0 0 0 0 0 0 0]
[1 1 1 1 1 1 1 1 1 1 1 1 1 1 1 1 1 1 1 1 1 1 1 1 1 1 1 1 1 1 1 1 1 1 1 1 1
 1 1 1 1 1 1 1 1 1 1 1 1 1 1 1 1 1 1 1 1 1 1 1 1 1 1 1 1 1 1 1 1 1 1 1 1 1
 1 1 1 1 1 1 1 1 1 1 1 1 1 1 1 1 1 1 1 1 1 1 1 1 1 1]
