[ 0  1  2  3  4  5  6  7  8  9 10 11 12 13 14 15 16 17 18 19 20 21 22 23
 24 25 26 27 28 29 30 31 32 33 34 35 36 37 38 39 40 41 42 43 44 45 46 47
 48 49 50 51 52 53 54 55 56 57 58 59 60 61 62 63 64 65 66 67 68 69 70 71
 72 73 74 75 76 77 78 79 80 81 82 83 84 85 86 87 88 89 90 91 92 93 94 95
 96 97 98 99]
[-1 29 56 -1 83 54 -1 67 -1 -1 28 27 73 70 -1  3  8 -1 45 -1 74  5 -1 37
 50 79 -1 13 63 -1 -1 -1 12 -1 85 -1 90 -1  8 -1 -1 66 14 -1 61 79 56 41
 47 14 -1 50 -1 79 77 61 43 -1 11 73 76 22  2 79 50 46 -1 71 -1 -1 25 86
  7 45 40 -1 66 63 -1 43 -1 14 -1 -1 43 75 59 72 91 -1 -1  5 88 77 -1 -1
 77 -1 97 78]
[1 1 0 0 0 1 0 1 1 0 0 0 0 0 0 1 0 1 0 0 0 0 0 1 0 0 1 0 0 0 1 1 0 1 1 0 0
 0 0 0 0 0 1 0 0 1 0 1 1 1 1 1 1 1 0 1 1 0 0 1 1 1 0 0 0 1 0 1 1 0 1 1 0 1
 0 1 1 0 0 1 0 1 1 0 1 1 0 1 0 1 1 0 1 1 0 0 0 0 0 1]
[0 0 0 4 0 3 1 4 4 0 0 0 2 1 2 2 0 4 1 0 2 0 4 4 2 3 2 4 0 1 2 0 0 0 0 1 0
 0 0 0 0 0 0 0 4 0 2 0 2 1 0 4 1 0 0 4 4 0 0 3 1 0 4 1 2 2 0 4 0 0 1 4 0 3
 0 4 0 0 1 4 1 0 4 1 0 0 3 0 3 1 3 0 3 0 0 0 1 0 1 3]
[0 0 0 4 0 3 1 4 4 0 0 0 2 1 2 2 0 4 1 0 2 0 4 4 2 3 2 4 0 1 2 0 0 0 0 1 0
 0 0 0 0 0 0 0 4 0 2 0 2 1 0 4 1 0 0 4 4 0 0 3 1 0 4 1 2 2 0 4 0 0 1 4 0 3
 0 4 0 0 1 4 1 0 4 1 0 0 3 0 3 1 3 0 3 0 0 0 1 0 1 3]
[3 6 8 7 1 3 5 8 6 1 1 6 2 8 2 6 3 2 7 8 7 6 6 9 6 7 4 6 1 1 2 8 8 4 5 4 4
 7 2 5 5 5 2 6 1 9 1 2 4 7 1 6 8 2 8 8 9 2 2 6 8 6 8 9 9 6 4 6 6 2 3 8 4 9
 9 5 4 4 7 7 3 1 7 4 5 4 2 3 2 6 1 7 5 7 4 4 5 1 6 8]
[3 6 8 7 1 3 5 8 6 1 1 6 2 8 2 6 3 2 7 8 7 6 6 9 6 7 4 6 1 1 2 8 8 4 5 4 4
 7 2 5 5 5 2 6 1 9 1 2 4 7 1 6 8 2 8 8 9 2 2 6 8 6 8 9 9 6 4 6 6 2 3 8 4 9
 9 5 4 4 7 7 3 1 7 4 5 4 2 3 2 6 1 7 5 7 4 4 5 1 6 8]
[33, 50, 50, 48, 50, 23, 12, 50, 50, 50, 50, 33, 42, 20, 22, 31, 50, 50, 45, 50, 28, 50, 24, 50, 36, 50, 50, 27, 33, 50, 13, 30, 50, 50, 50, 41, 26, 27, 50, 42, 12, 50, 39, 50, 50, 28, 50, 50, 23, 50, 50, 50, 50, 50, 50, 42, 50, 50, 50, 50, 50, 40, 21, 41, 21, 50, 20, 50, 50, 50, 23, 37, 50, 50, 50, 50, 50, 30, 43, 30, 50, 48, 42, 29, 44, 50, 12, 50, 50, 23, 46, 33, 13, 14, 50, 46, 21, 43, 16, 34]
[0 0 0 0 0 0 0 0 0 0 0 0 0 0 0 0 0 0 0 0 0 0 0 0 0 0 0 0 0 0 0 0 0 0 0 0 0
 0 0 0 0 0 0 0 0 0 0 0 0 0 0 0 0 0 0 0 0 0 0 0 0 0 0 0 0 0 0 0 0 0 0 0 0 0
 0 0 0 0 0 0 0 0 0 0 0 0 0 0 0 0 0 0 0 0 0 0 0 0 0 0]
[1 1 1 1 1 1 1 1 1 1 1 1 1 1 1 1 1 1 1 1 1 1 1 1 1 1 1 1 1 1 1 1 1 1 1 1 1
 1 1 1 1 1 1 1 1 1 1 1 1 1 1 1 1 1 1 1 1 1 1 1 1 1 1 1 1 1 1 1 1 1 1 1 1 1
 1 1 1 1 1 1 1 1 1 1 1 1 1 1 1 1 1 1 1 1 1 1 1 1 1 1]
