[ 0  1  2  3  4  5  6  7  8  9 10 11 12 13 14 15 16 17 18 19 20 21 22 23
 24 25 26 27 28 29 30 31 32 33 34 35 36 37 38 39 40 41 42 43 44 45 46 47
 48 49 50 51 52 53 54 55 56 57 58 59 60 61 62 63 64 65 66 67 68 69 70 71
 72 73 74 75 76 77 78 79 80 81 82 83 84 85 86 87 88 89 90 91 92 93 94 95
 96 97 98 99]
[69 -1 -1 62 70 -1  2 25 29 -1 -1 -1 37 -1  2 -1 79 30 -1 -1 99 -1 77 65
 -1 -1 -1 45 -1 38 -1 15 78 -1 47 79 -1 45 34 71 26 72 45 39  2 98  2 20
 35 -1 -1 -1 30 -1 -1 -1 -1 48 -1 -1 -1 64 49 -1 79  4 -1 -1 -1 -1 15 74
 -1 83 86 93 -1 -1 93 36 32 87 -1 44 -1 -1 96 29 56 -1 55 92 82 -1 37 40
 40  7 81 -1]
[1 1 0 1 0 0 0 1 0 0 0 0 1 1 1 0 1 0 1 0 0 1 0 0 0 0 1 0 0 0 1 0 1 0 1 0 1
 1 1 0 1 1 1 1 0 1 0 0 0 1 1 0 1 1 0 1 1 0 0 0 0 0 0 1 0 0 1 1 1 1 1 1 0 0
 1 1 1 1 1 1 0 1 1 0 1 1 0 0 1 0 1 1 1 0 0 0 0 1 0 1]
[0 0 0 1 0 0 4 3 0 1 3 2 3 0 4 0 0 2 0 0 0 0 0 3 1 4 2 3 3 2 0 4 3 1 3 0 0
 0 4 0 0 2 0 0 3 3 0 0 1 0 0 3 0 0 0 0 4 2 0 3 3 1 0 3 4 1 2 4 2 3 0 1 0 0
 4 0 0 1 4 0 1 0 0 0 0 3 4 2 4 0 2 0 1 2 0 0 3 0 2 0]
[0 0 0 1 0 0 4 3 0 1 3 2 3 0 4 0 0 2 0 0 0 0 0 3 1 4 2 3 3 2 0 4 3 1 3 0 0
 0 4 0 0 2 0 0 3 3 0 0 1 0 0 3 0 0 0 0 4 2 0 3 3 1 0 3 4 1 2 4 2 3 0 1 0 0
 4 0 0 1 4 0 1 0 0 0 0 3 4 2 4 0 2 0 1 2 0 0 3 0 2 0]
[6 9 7 9 2 7 2 4 7 7 6 1 4 3 9 6 6 7 2 8 8 3 9 4 1 9 2 5 2 8 2 2 4 6 2 4 8
 8 3 2 6 5 7 6 1 5 2 4 5 7 8 4 3 3 1 5 1 8 6 6 2 7 4 9 3 3 1 7 6 3 4 5 1 6
 3 1 5 1 3 8 3 2 9 6 6 5 4 5 1 7 9 2 4 1 4 1 4 2 1 4]
[6 9 7 9 2 7 2 4 7 7 6 1 4 3 9 6 6 7 2 8 8 3 9 4 1 9 2 5 2 8 2 2 4 6 2 4 8
 8 3 2 6 5 7 6 1 5 2 4 5 7 8 4 3 3 1 5 1 8 6 6 2 7 4 9 3 3 1 7 6 3 4 5 1 6
 3 1 5 1 3 8 3 2 9 6 6 5 4 5 1 7 9 2 4 1 4 1 4 2 1 4]
[50, 34, 29, 50, 29, 16, 37, 42, 46, 16, 46, 16, 50, 31, 38, 50, 50, 17, 50, 50, 34, 37, 50, 33, 17, 50, 32, 47, 50, 22, 38, 50, 33, 42, 50, 50, 33, 18, 26, 33, 36, 50, 50, 50, 50, 50, 20, 50, 50, 50, 50, 13, 50, 34, 23, 34, 16, 40, 48, 43, 50, 17, 50, 50, 50, 40, 50, 24, 45, 50, 50, 50, 50, 50, 21, 50, 38, 33, 48, 50, 50, 35, 50, 27, 50, 49, 35, 50, 50, 41, 36, 30, 27, 50, 50, 50, 24, 35, 46, 50]
[0 0 0 0 0 0 0 0 0 0 0 0 0 0 0 0 0 0 0 0 0 0 0 0 0 0 0 0 0 0 0 0 0 0 0 0 0
 0 0 0 0 0 0 0 0 0 0 0 0 0 0 0 0 0 0 0 0 0 0 0 0 0 0 0 0 0 0 0 0 0 0 0 0 0
 0 0 0 0 0 0 0 0 0 0 0 0 0 0 0 0 0 0 0 0 0 0 0 0 0 0]
[1 1 1 1 1 1 1 1 1 1 1 1 1 1 1 1 1 1 1 1 1 1 1 1 1 1 1 1 1 1 1 1 1 1 1 1 1
 1 1 1 1 1 1 1 1 1 1 1 1 1 1 1 1 1 1 1 1 1 1 1 1 1 1 1 1 1 1 1 1 1 1 1 1 1
 1 1 1 1 1 1 1 1 1 1 1 1 1 1 1 1 1 1 1 1 1 1 1 1 1 1]
