[ 0  1  2  3  4  5  6  7  8  9 10 11 12 13 14 15 16 17 18 19 20 21 22 23
 24 25 26 27 28 29 30 31 32 33 34 35 36 37 38 39 40 41 42 43 44 45 46 47
 48 49 50 51 52 53 54 55 56 57 58 59 60 61 62 63 64 65 66 67 68 69 70 71
 72 73 74 75 76 77 78 79 80 81 82 83 84 85 86 87 88 89 90 91 92 93 94 95
 96 97 98 99]
[-1 -1 61 29 -1 84 75  0 58 -1 59 22 -1 -1 70 73 93 20 21 33 -1 -1 -1 -1
 60 -1 25 97 -1 60 -1 16 23 -1 35 -1 58  9 66 27 88 50 -1 66 95 96 34 -1
 49 -1  9 -1 -1 -1 66 -1 53 45  2 79 14 92  6 -1 32 71 93 29 53 60 33 38
 50 -1 65 68 -1 92 90 83 58 24 68 -1 -1 26 87  6 -1 -1 58 92 93 44 -1 -1
 -1 77 55 23]
[1 0 1 1 0 1 0 1 1 0 0 0 1 1 0 1 0 1 1 0 0 0 1 1 1 1 0 0 0 0 1 1 1 0 0 0 0
 0 0 1 1 0 0 0 0 0 1 0 0 0 0 0 1 1 1 0 1 1 1 1 0 0 0 0 0 1 1 1 0 1 0 1 0 0
 1 0 0 1 0 1 1 0 0 1 1 0 1 1 0 1 1 1 0 0 1 1 1 0 1 0]
[0 0 1 0 3 1 1 0 0 0 1 0 4 1 2 2 2 4 0 4 0 4 4 1 4 2 1 1 4 4 0 3 0 0 4 0 3
 3 3 1 2 0 1 4 1 4 0 0 0 0 4 0 3 1 0 1 0 0 0 3 2 0 4 1 0 3 3 0 0 4 0 0 2 0
 2 0 0 4 0 3 3 1 0 2 0 3 3 0 3 2 4 4 4 0 0 3 4 0 0 4]
[0 0 1 0 3 1 1 0 0 0 1 0 4 1 2 2 2 4 0 4 0 4 4 1 4 2 1 1 4 4 0 3 0 0 4 0 3
 3 3 1 2 0 1 4 1 4 0 0 0 0 4 0 3 1 0 1 0 0 0 3 2 0 4 1 0 3 3 0 0 4 0 0 2 0
 2 0 0 4 0 3 3 1 0 2 0 3 3 0 3 2 4 4 4 0 0 3 4 0 0 4]
[5 4 2 6 2 5 9 4 9 1 7 7 4 8 8 3 7 1 5 1 8 6 2 3 4 4 7 5 1 6 8 9 2 8 8 6 6
 7 6 6 7 5 7 7 3 5 5 9 1 2 1 8 6 5 7 4 9 2 4 1 8 5 9 9 6 3 7 9 6 9 9 6 2 9
 5 7 6 6 9 3 7 1 8 5 6 6 7 3 8 5 4 2 3 5 9 7 2 8 3 2]
[5 4 2 6 2 5 9 4 9 1 7 7 4 8 8 3 7 1 5 1 8 6 2 3 4 4 7 5 1 6 8 9 2 8 8 6 6
 7 6 6 7 5 7 7 3 5 5 9 1 2 1 8 6 5 7 4 9 2 4 1 8 5 9 9 6 3 7 9 6 9 9 6 2 9
 5 7 6 6 9 3 7 1 8 5 6 6 7 3 8 5 4 2 3 5 9 7 2 8 3 2]
[50, 50, 22, 50, 50, 39, 50, 50, 38, 17, 50, 15, 31, 34, 50, 50, 50, 50, 50, 32, 11, 50, 50, 43, 50, 50, 50, 50, 20, 50, 14, 50, 50, 21, 50, 50, 47, 50, 44, 15, 50, 31, 14, 18, 43, 50, 37, 25, 50, 17, 33, 16, 50, 27, 50, 50, 50, 50, 14, 50, 25, 50, 21, 50, 24, 50, 50, 50, 50, 50, 31, 30, 18, 50, 25, 50, 50, 50, 28, 26, 50, 50, 27, 50, 35, 50, 17, 50, 50, 50, 50, 50, 27, 14, 50, 50, 35, 49, 50, 50]
[0 0 0 0 0 0 0 0 0 0 0 0 0 0 0 0 0 0 0 0 0 0 0 0 0 0 0 0 0 0 0 0 0 0 0 0 0
 0 0 0 0 0 0 0 0 0 0 0 0 0 0 0 0 0 0 0 0 0 0 0 0 0 0 0 0 0 0 0 0 0 0 0 0 0
 0 0 0 0 0 0 0 0 0 0 0 0 0 0 0 0 0 0 0 0 0 0 0 0 0 0]
[1 1 1 1 1 1 1 1 1 1 1 1 1 1 1 1 1 1 1 1 1 1 1 1 1 1 1 1 1 1 1 1 1 1 1 1 1
 1 1 1 1 1 1 1 1 1 1 1 1 1 1 1 1 1 1 1 1 1 1 1 1 1 1 1 1 1 1 1 1 1 1 1 1 1
 1 1 1 1 1 1 1 1 1 1 1 1 1 1 1 1 1 1 1 1 1 1 1 1 1 1]
