[ 0  1  2  3  4  5  6  7  8  9 10 11 12 13 14 15 16 17 18 19 20 21 22 23
 24 25 26 27 28 29 30 31 32 33 34 35 36 37 38 39 40 41 42 43 44 45 46 47
 48 49 50 51 52 53 54 55 56 57 58 59 60 61 62 63 64 65 66 67 68 69 70 71
 72 73 74 75 76 77 78 79 80 81 82 83 84 85 86 87 88 89 90 91 92 93 94 95
 96 97 98 99]
[17 79 47 -1 -1 92 19 -1 82 -1 98 -1 42 -1 86 -1 -1 19 62 -1  2 85  9 75
 81 -1 48 -1 -1 93 56 97 46 95 73 -1 48 42 55 -1 26 39 -1 44 85 59 -1 -1
 -1 29 45 38  2 -1 -1  6 52 -1 74 -1 87 -1 -1 94 11 57 -1 53 67 19 63 -1
 20 47 -1 12 -1 -1 -1 -1 48 11 36 -1 -1 54 -1 55 13 48 35 -1 50  3 -1 -1
 42 -1 -1 -1]
[1 1 0 0 0 1 1 1 0 0 1 0 0 1 1 1 1 1 0 0 1 1 1 0 0 0 1 0 0 1 0 1 1 1 1 1 1
 0 0 1 0 1 0 1 1 0 0 0 0 1 0 1 0 1 1 0 1 1 1 0 0 1 0 0 0 1 1 1 0 1 1 1 1 0
 1 1 1 0 1 1 0 1 0 1 1 1 1 1 0 1 0 1 1 0 1 1 0 1 0 1]
[0 0 0 2 0 0 0 0 0 4 3 0 1 0 4 1 2 2 2 4 0 0 0 4 3 2 0 0 1 3 4 0 0 1 0 0 4
 1 0 0 2 0 0 0 0 2 2 0 1 0 0 0 1 2 0 1 4 1 1 1 0 3 0 1 1 3 0 0 3 1 1 0 0 2
 2 0 1 1 0 0 0 4 1 3 3 0 0 1 2 4 4 0 3 1 4 4 1 1 3 0]
[0 0 0 2 0 0 0 0 0 4 3 0 1 0 4 1 2 2 2 4 0 0 0 4 3 2 0 0 1 3 4 0 0 1 0 0 4
 1 0 0 2 0 0 0 0 2 2 0 1 0 0 0 1 2 0 1 4 1 1 1 0 3 0 1 1 3 0 0 3 1 1 0 0 2
 2 0 1 1 0 0 0 4 1 3 3 0 0 1 2 4 4 0 3 1 4 4 1 1 3 0]
[9 4 7 1 8 6 6 5 9 9 3 6 3 2 9 1 7 1 4 5 9 2 1 4 7 7 9 7 7 8 7 9 2 8 4 5 9
 7 3 1 8 4 3 2 1 6 8 4 4 7 5 1 5 9 8 8 2 9 4 9 6 2 5 6 6 6 7 5 5 5 9 7 9 1
 5 3 7 2 5 5 6 8 3 2 3 2 4 6 7 6 5 8 9 5 4 6 4 8 8 6]
[9 4 7 1 8 6 6 5 9 9 3 6 3 2 9 1 7 1 4 5 9 2 1 4 7 7 9 7 7 8 7 9 2 8 4 5 9
 7 3 1 8 4 3 2 1 6 8 4 4 7 5 1 5 9 8 8 2 9 4 9 6 2 5 6 6 6 7 5 5 5 9 7 9 1
 5 3 7 2 5 5 6 8 3 2 3 2 4 6 7 6 5 8 9 5 4 6 4 8 8 6]
[50, 37, 50, 50, 41, 28, 42, 39, 32, 43, 50, 38, 40, 22, 50, 50, 17, 23, 50, 50, 32, 50, 50, 50, 10, 30, 50, 32, 50, 47, 47, 32, 45, 50, 50, 33, 50, 50, 50, 50, 50, 31, 50, 46, 16, 50, 21, 50, 50, 11, 31, 50, 50, 41, 37, 50, 50, 41, 50, 50, 50, 50, 31, 49, 49, 41, 19, 50, 50, 48, 50, 31, 11, 50, 39, 11, 31, 10, 38, 50, 50, 11, 50, 12, 34, 24, 34, 50, 20, 43, 50, 50, 50, 50, 50, 20, 50, 36, 23, 50]
[0 0 0 0 0 0 0 0 0 0 0 0 0 0 0 0 0 0 0 0 0 0 0 0 0 0 0 0 0 0 0 0 0 0 0 0 0
 0 0 0 0 0 0 0 0 0 0 0 0 0 0 0 0 0 0 0 0 0 0 0 0 0 0 0 0 0 0 0 0 0 0 0 0 0
 0 0 0 0 0 0 0 0 0 0 0 0 0 0 0 0 0 0 0 0 0 0 0 0 0 0]
[1 1 1 1 1 1 1 1 1 1 1 1 1 1 1 1 1 1 1 1 1 1 1 1 1 1 1 1 1 1 1 1 1 1 1 1 1
 1 1 1 1 1 1 1 1 1 1 1 1 1 1 1 1 1 1 1 1 1 1 1 1 1 1 1 1 1 1 1 1 1 1 1 1 1
 1 1 1 1 1 1 1 1 1 1 1 1 1 1 1 1 1 1 1 1 1 1 1 1 1 1]
