[ 0  1  2  3  4  5  6  7  8  9 10 11 12 13 14 15 16 17 18 19 20 21 22 23
 24 25 26 27 28 29 30 31 32 33 34 35 36 37 38 39 40 41 42 43 44 45 46 47
 48 49 50 51 52 53 54 55 56 57 58 59 60 61 62 63 64 65 66 67 68 69 70 71
 72 73 74 75 76 77 78 79 80 81 82 83 84 85 86 87 88 89 90 91 92 93 94 95
 96 97 98 99]
[19 80 91 -1 15 -1 37 -1 10  0 -1 28 -1 -1  9  7 -1 67 -1 -1 52 -1 11 20
 47 -1 -1 31 -1 66 23  6 63 32 60 -1 64 96 41 95 -1 48 62 22 20 44 20 87
 -1 33 96 68 63 -1 -1 53 25 -1 -1 30 96 13 48 47 98 11 39 45 -1 11 -1  2
 74 -1 -1 -1 -1 -1 32 -1 99 59 36 38 -1 48 -1 93 -1 -1 99 95 33 -1 67 -1
 54 13 58 -1]
[1 1 1 1 1 0 0 1 1 1 1 0 0 1 0 1 1 1 0 1 0 1 0 1 1 0 0 0 1 1 1 0 1 1 0 0 1
 0 0 1 1 0 0 1 0 1 1 1 1 1 0 0 0 1 1 1 0 0 0 1 0 1 0 0 1 1 1 0 0 0 1 1 0 1
 0 1 1 1 0 1 1 0 1 1 1 1 1 1 1 0 0 1 0 1 0 1 1 1 1 1]
[0 3 4 1 3 2 0 0 0 3 0 0 1 1 3 2 3 2 1 0 0 3 1 0 0 2 2 4 1 0 4 2 0 3 0 0 2
 1 0 1 0 4 2 3 0 0 0 0 0 1 0 1 4 0 0 0 0 2 1 1 0 4 1 0 0 1 0 0 4 0 3 1 0 0
 3 0 1 3 2 2 4 0 1 3 0 0 3 2 0 1 0 4 3 0 4 0 4 0 1 3]
[0 3 4 1 3 2 0 0 0 3 0 0 1 1 3 2 3 2 1 0 0 3 1 0 0 2 2 4 1 0 4 2 0 3 0 0 2
 1 0 1 0 4 2 3 0 0 0 0 0 1 0 1 4 0 0 0 0 2 1 1 0 4 1 0 0 1 0 0 4 0 3 1 0 0
 3 0 1 3 2 2 4 0 1 3 0 0 3 2 0 1 0 4 3 0 4 0 4 0 1 3]
[1 3 2 6 2 5 4 1 6 5 1 4 2 3 3 6 3 8 2 3 4 8 7 5 5 7 9 8 5 5 7 7 7 3 9 2 1
 7 2 7 6 5 1 5 5 3 3 1 2 2 6 8 7 3 5 7 6 8 1 3 3 7 2 5 8 9 1 7 5 6 3 2 2 9
 6 7 3 8 9 4 5 4 6 1 1 1 3 3 2 1 1 6 5 2 5 5 1 6 3 9]
[1 3 2 6 2 5 4 1 6 5 1 4 2 3 3 6 3 8 2 3 4 8 7 5 5 7 9 8 5 5 7 7 7 3 9 2 1
 7 2 7 6 5 1 5 5 3 3 1 2 2 6 8 7 3 5 7 6 8 1 3 3 7 2 5 8 9 1 7 5 6 3 2 2 9
 6 7 3 8 9 4 5 4 6 1 1 1 3 3 2 1 1 6 5 2 5 5 1 6 3 9]
[50, 21, 50, 50, 50, 11, 50, 27, 50, 50, 34, 13, 50, 50, 50, 50, 50, 50, 29, 30, 50, 25, 50, 50, 36, 50, 36, 50, 50, 23, 50, 50, 50, 13, 14, 19, 24, 34, 50, 50, 19, 50, 50, 11, 29, 50, 50, 29, 50, 50, 22, 28, 50, 50, 50, 31, 50, 50, 50, 50, 26, 38, 39, 50, 50, 50, 40, 50, 16, 50, 29, 50, 50, 33, 50, 30, 50, 50, 18, 50, 50, 50, 16, 50, 14, 50, 43, 18, 11, 50, 50, 50, 41, 50, 45, 50, 22, 50, 13, 50]
[0 0 0 0 0 0 0 0 0 0 0 0 0 0 0 0 0 0 0 0 0 0 0 0 0 0 0 0 0 0 0 0 0 0 0 0 0
 0 0 0 0 0 0 0 0 0 0 0 0 0 0 0 0 0 0 0 0 0 0 0 0 0 0 0 0 0 0 0 0 0 0 0 0 0
 0 0 0 0 0 0 0 0 0 0 0 0 0 0 0 0 0 0 0 0 0 0 0 0 0 0]
[1 1 1 1 1 1 1 1 1 1 1 1 1 1 1 1 1 1 1 1 1 1 1 1 1 1 1 1 1 1 1 1 1 1 1 1 1
 1 1 1 1 1 1 1 1 1 1 1 1 1 1 1 1 1 1 1 1 1 1 1 1 1 1 1 1 1 1 1 1 1 1 1 1 1
 1 1 1 1 1 1 1 1 1 1 1 1 1 1 1 1 1 1 1 1 1 1 1 1 1 1]
