[ 0  1  2  3  4  5  6  7  8  9 10 11 12 13 14 15 16 17 18 19 20 21 22 23
 24 25 26 27 28 29 30 31 32 33 34 35 36 37 38 39 40 41 42 43 44 45 46 47
 48 49 50 51 52 53 54 55 56 57 58 59 60 61 62 63 64 65 66 67 68 69 70 71
 72 73 74 75 76 77 78 79 80 81 82 83 84 85 86 87 88 89 90 91 92 93 94 95
 96 97 98 99]
[-1 -1 -1 68 -1 -1 57 99 82 47 -1 -1 78 90 87 -1 -1 22  0 -1 18 28 -1 95
 -1 95  9 94 -1 92 -1 84 -1 -1 -1 18 -1 -1 -1 58 39 -1 -1 -1 -1 -1 -1 19
 75 -1  6 36 57  9 -1 76 40 67 -1 12 93 75 91 71 -1 -1 -1  1 91 80 -1 26
 67 -1 82 -1 43 -1 56 -1 -1 79 99 35 97  1 81 26  7 -1 -1 47 91 82 31 61
 99 -1 -1 44]
[0 0 1 0 0 1 1 1 1 0 1 1 0 0 1 0 0 1 1 0 0 1 1 1 1 1 0 0 0 0 1 0 0 0 1 1 0
 1 1 0 0 0 1 1 1 1 1 1 1 0 0 1 0 1 1 0 0 1 1 1 1 0 0 1 1 1 1 1 0 0 1 0 0 0
 0 1 1 1 1 0 1 1 1 1 1 0 1 1 0 0 1 0 0 0 1 1 1 0 0 1]
[4 0 0 3 0 0 3 4 2 0 3 1 2 3 1 0 4 4 0 4 1 0 3 0 1 2 0 4 0 0 0 2 0 2 1 1 4
 0 0 0 0 0 1 0 1 4 4 0 2 4 0 0 1 0 1 0 0 0 0 4 1 0 1 0 2 3 0 0 0 1 0 0 0 0
 0 1 3 0 0 4 0 3 1 0 1 0 0 0 4 0 3 3 0 0 0 2 3 3 3 1]
[4 0 0 3 0 0 3 4 2 0 3 1 2 3 1 0 4 4 0 4 1 0 3 0 1 2 0 4 0 0 0 2 0 2 1 1 4
 0 0 0 0 0 1 0 1 4 4 0 2 4 0 0 1 0 1 0 0 0 0 4 1 0 1 0 2 3 0 0 0 1 0 0 0 0
 0 1 3 0 0 4 0 3 1 0 1 0 0 0 4 0 3 3 0 0 0 2 3 3 3 1]
[8 2 5 6 6 8 5 4 2 5 2 7 9 3 1 2 3 1 5 4 1 1 9 6 1 8 3 6 3 8 2 8 1 1 9 5 4
 2 4 4 8 8 8 9 4 5 5 6 3 4 2 1 5 2 8 9 1 2 6 6 5 9 5 1 7 5 5 7 7 6 7 9 7 6
 5 3 2 3 4 8 4 5 9 6 2 9 3 3 6 3 8 3 3 9 8 1 8 3 1 8]
[8 2 5 6 6 8 5 4 2 5 2 7 9 3 1 2 3 1 5 4 1 1 9 6 1 8 3 6 3 8 2 8 1 1 9 5 4
 2 4 4 8 8 8 9 4 5 5 6 3 4 2 1 5 2 8 9 1 2 6 6 5 9 5 1 7 5 5 7 7 6 7 9 7 6
 5 3 2 3 4 8 4 5 9 6 2 9 3 3 6 3 8 3 3 9 8 1 8 3 1 8]
[17, 14, 50, 45, 22, 50, 48, 35, 38, 44, 26, 50, 37, 50, 37, 50, 15, 28, 50, 37, 34, 23, 16, 50, 40, 19, 50, 50, 30, 50, 50, 50, 50, 46, 50, 39, 44, 40, 50, 50, 50, 40, 23, 50, 20, 39, 13, 39, 31, 37, 33, 15, 50, 50, 50, 46, 50, 14, 39, 11, 14, 36, 47, 30, 50, 50, 41, 50, 32, 38, 50, 48, 50, 50, 50, 25, 48, 50, 41, 50, 17, 50, 50, 50, 50, 27, 50, 37, 50, 33, 39, 50, 50, 50, 50, 37, 48, 50, 42, 46]
[0 0 0 0 0 0 0 0 0 0 0 0 0 0 0 0 0 0 0 0 0 0 0 0 0 0 0 0 0 0 0 0 0 0 0 0 0
 0 0 0 0 0 0 0 0 0 0 0 0 0 0 0 0 0 0 0 0 0 0 0 0 0 0 0 0 0 0 0 0 0 0 0 0 0
 0 0 0 0 0 0 0 0 0 0 0 0 0 0 0 0 0 0 0 0 0 0 0 0 0 0]
[1 1 1 1 1 1 1 1 1 1 1 1 1 1 1 1 1 1 1 1 1 1 1 1 1 1 1 1 1 1 1 1 1 1 1 1 1
 1 1 1 1 1 1 1 1 1 1 1 1 1 1 1 1 1 1 1 1 1 1 1 1 1 1 1 1 1 1 1 1 1 1 1 1 1
 1 1 1 1 1 1 1 1 1 1 1 1 1 1 1 1 1 1 1 1 1 1 1 1 1 1]
