[ 0  1  2  3  4  5  6  7  8  9 10 11 12 13 14 15 16 17 18 19 20 21 22 23
 24 25 26 27 28 29 30 31 32 33 34 35 36 37 38 39 40 41 42 43 44 45 46 47
 48 49 50 51 52 53 54 55 56 57 58 59 60 61 62 63 64 65 66 67 68 69 70 71
 72 73 74 75 76 77 78 79 80 81 82 83 84 85 86 87 88 89 90 91 92 93 94 95
 96 97 98 99]
[20 54 83 -1 66 99 44 -1 26 60 53 -1 -1  6 61 -1 85 -1 -1 -1 -1  0 28 35
  8 -1 92 18 -1 92 12 28 53 -1 -1 82 74 76 35  0 92 84 64 72 -1  7 58 65
 47 30 76  2 18  1 -1 88  5  9 76 99 45 79 -1 32 35 -1 88 52 82  0 -1 35
  8 -1 -1 -1 -1 -1 52 46 38 11 -1 34 91 -1 -1 26 56 65  4 65 -1 46 -1  6
 -1 81 88 -1]
[0 1 1 1 1 1 0 0 1 1 1 1 0 0 1 1 1 1 0 0 1 0 1 0 1 1 1 0 0 0 0 1 0 1 1 1 1
 0 1 1 0 0 0 0 1 1 1 0 1 0 1 1 1 0 0 1 1 0 0 1 1 0 1 0 0 0 0 0 0 1 0 1 1 1
 0 1 1 0 1 0 0 0 1 1 0 0 0 0 0 0 0 0 0 1 1 1 1 0 0 0]
[0 0 1 0 0 1 2 1 1 1 0 0 0 4 1 0 1 1 2 0 1 0 0 0 2 2 2 0 0 3 1 4 2 0 0 2 1
 0 3 0 2 1 2 4 0 2 1 0 1 1 0 4 2 1 0 0 0 0 2 4 3 0 0 2 0 2 2 0 0 0 0 0 3 3
 4 0 1 2 0 3 0 0 3 2 3 2 0 0 2 2 0 0 3 3 0 4 0 0 2 0]
[0 0 1 0 0 1 2 1 1 1 0 0 0 4 1 0 1 1 2 0 1 0 0 0 2 2 2 0 0 3 1 4 2 0 0 2 1
 0 3 0 2 1 2 4 0 2 1 0 1 1 0 4 2 1 0 0 0 0 2 4 3 0 0 2 0 2 2 0 0 0 0 0 3 3
 4 0 1 2 0 3 0 0 3 2 3 2 0 0 2 2 0 0 3 3 0 4 0 0 2 0]
[1 7 6 3 9 2 1 5 6 7 5 6 8 4 7 3 9 3 2 1 9 5 3 7 7 2 1 8 2 2 8 1 4 7 2 3 6
 7 8 7 6 6 2 7 3 5 5 6 1 4 4 4 6 2 6 7 4 6 8 6 3 8 5 4 1 6 5 3 3 5 4 8 5 9
 2 8 9 3 4 9 1 9 3 8 9 5 3 9 9 7 9 8 8 4 5 2 6 7 5 1]
[1 7 6 3 9 2 1 5 6 7 5 6 8 4 7 3 9 3 2 1 9 5 3 7 7 2 1 8 2 2 8 1 4 7 2 3 6
 7 8 7 6 6 2 7 3 5 5 6 1 4 4 4 6 2 6 7 4 6 8 6 3 8 5 4 1 6 5 3 3 5 4 8 5 9
 2 8 9 3 4 9 1 9 3 8 9 5 3 9 9 7 9 8 8 4 5 2 6 7 5 1]
[18, 17, 50, 50, 43, 50, 45, 50, 40, 44, 18, 30, 18, 50, 35, 21, 50, 50, 50, 50, 50, 38, 50, 50, 20, 50, 24, 50, 50, 50, 21, 50, 35, 50, 11, 50, 50, 10, 11, 37, 29, 50, 50, 50, 50, 50, 50, 12, 44, 41, 50, 50, 50, 16, 50, 50, 17, 50, 17, 23, 50, 50, 50, 50, 31, 50, 50, 50, 36, 50, 50, 50, 50, 38, 50, 42, 40, 50, 50, 50, 50, 36, 50, 27, 24, 50, 25, 50, 21, 21, 11, 50, 50, 14, 50, 43, 40, 50, 41, 25]
[0 0 0 0 0 0 0 0 0 0 0 0 0 0 0 0 0 0 0 0 0 0 0 0 0 0 0 0 0 0 0 0 0 0 0 0 0
 0 0 0 0 0 0 0 0 0 0 0 0 0 0 0 0 0 0 0 0 0 0 0 0 0 0 0 0 0 0 0 0 0 0 0 0 0
 0 0 0 0 0 0 0 0 0 0 0 0 0 0 0 0 0 0 0 0 0 0 0 0 0 0]
[1 1 1 1 1 1 1 1 1 1 1 1 1 1 1 1 1 1 1 1 1 1 1 1 1 1 1 1 1 1 1 1 1 1 1 1 1
 1 1 1 1 1 1 1 1 1 1 1 1 1 1 1 1 1 1 1 1 1 1 1 1 1 1 1 1 1 1 1 1 1 1 1 1 1
 1 1 1 1 1 1 1 1 1 1 1 1 1 1 1 1 1 1 1 1 1 1 1 1 1 1]
