[ 0  1  2  3  4  5  6  7  8  9 10 11 12 13 14 15 16 17 18 19 20 21 22 23
 24 25 26 27 28 29 30 31 32 33 34 35 36 37 38 39 40 41 42 43 44 45 46 47
 48 49 50 51 52 53 54 55 56 57 58 59 60 61 62 63 64 65 66 67 68 69 70 71
 72 73 74 75 76 77 78 79 80 81 82 83 84 85 86 87 88 89 90 91 92 93 94 95
 96 97 98 99]
[-1 -1 24 42 -1 23  1 -1 -1 23 82 -1 -1 73  1 61 25 60 94 -1 -1 -1  4 92
 74 -1 90 42 81 -1 39 -1 80  3 99 -1 -1 14 22 71 27 44 99 20 73 -1 -1 -1
 54 44 -1 12 -1 10 96 12 23 -1 -1 -1 -1 -1 66 50 85 81 72 69 47 39 -1 86
 84 71 10 67 -1 63 41 10 -1 -1 -1 63 -1 73 26 -1 -1 70 -1 73 83 -1 -1 98
 55 59  6 71]
[1 1 1 0 1 0 1 1 1 0 0 0 1 0 0 0 1 0 0 1 0 1 0 1 0 0 1 0 0 0 0 0 0 1 0 0 0
 0 1 1 0 0 0 0 0 0 0 1 1 0 1 1 1 0 1 0 0 0 1 1 1 1 1 0 1 1 1 1 0 0 1 1 0 1
 0 0 0 0 1 0 1 0 1 0 1 1 1 1 0 1 1 1 0 0 1 0 1 1 1 0]
[0 0 4 4 0 0 0 0 0 1 0 4 4 1 0 3 0 0 4 3 4 1 3 0 0 3 0 0 1 1 3 2 3 0 0 3 0
 3 2 0 0 3 4 0 0 2 1 1 4 0 4 0 1 2 1 0 0 2 2 1 4 4 0 0 3 0 0 3 0 1 4 0 0 1
 0 4 4 3 4 1 1 4 3 2 1 3 2 3 0 1 2 0 0 0 0 0 1 2 0 0]
[0 0 4 4 0 0 0 0 0 1 0 4 4 1 0 3 0 0 4 3 4 1 3 0 0 3 0 0 1 1 3 2 3 0 0 3 0
 3 2 0 0 3 4 0 0 2 1 1 4 0 4 0 1 2 1 0 0 2 2 1 4 4 0 0 3 0 0 3 0 1 4 0 0 1
 0 4 4 3 4 1 1 4 3 2 1 3 2 3 0 1 2 0 0 0 0 0 1 2 0 0]
[2 3 6 3 6 4 6 8 4 2 8 2 5 1 2 2 7 3 2 9 4 7 7 8 7 2 3 3 4 8 9 4 8 3 6 6 2
 5 7 5 5 7 4 7 9 3 3 8 9 1 9 2 3 4 2 9 7 9 7 8 8 6 7 7 2 3 5 8 8 4 5 9 6 3
 4 5 5 9 9 2 9 9 4 6 5 5 9 1 3 5 4 9 9 5 7 5 1 9 4 7]
[2 3 6 3 6 4 6 8 4 2 8 2 5 1 2 2 7 3 2 9 4 7 7 8 7 2 3 3 4 8 9 4 8 3 6 6 2
 5 7 5 5 7 4 7 9 3 3 8 9 1 9 2 3 4 2 9 7 9 7 8 8 6 7 7 2 3 5 8 8 4 5 9 6 3
 4 5 5 9 9 2 9 9 4 6 5 5 9 1 3 5 4 9 9 5 7 5 1 9 4 7]
[22, 50, 40, 45, 27, 23, 36, 50, 50, 37, 17, 34, 26, 50, 33, 37, 50, 50, 40, 23, 27, 50, 43, 14, 38, 14, 50, 17, 50, 50, 50, 42, 50, 40, 50, 50, 50, 34, 50, 50, 50, 50, 50, 48, 46, 50, 38, 50, 16, 45, 35, 50, 50, 49, 50, 37, 25, 50, 50, 32, 50, 50, 38, 13, 28, 50, 50, 50, 50, 47, 50, 50, 42, 33, 50, 38, 17, 14, 50, 50, 28, 50, 16, 39, 45, 50, 50, 33, 50, 21, 22, 30, 50, 23, 39, 29, 50, 50, 50, 25]
[0 0 0 0 0 0 0 0 0 0 0 0 0 0 0 0 0 0 0 0 0 0 0 0 0 0 0 0 0 0 0 0 0 0 0 0 0
 0 0 0 0 0 0 0 0 0 0 0 0 0 0 0 0 0 0 0 0 0 0 0 0 0 0 0 0 0 0 0 0 0 0 0 0 0
 0 0 0 0 0 0 0 0 0 0 0 0 0 0 0 0 0 0 0 0 0 0 0 0 0 0]
[1 1 1 1 1 1 1 1 1 1 1 1 1 1 1 1 1 1 1 1 1 1 1 1 1 1 1 1 1 1 1 1 1 1 1 1 1
 1 1 1 1 1 1 1 1 1 1 1 1 1 1 1 1 1 1 1 1 1 1 1 1 1 1 1 1 1 1 1 1 1 1 1 1 1
 1 1 1 1 1 1 1 1 1 1 1 1 1 1 1 1 1 1 1 1 1 1 1 1 1 1]
