[ 0  1  2  3  4  5  6  7  8  9 10 11 12 13 14 15 16 17 18 19 20 21 22 23
 24 25 26 27 28 29 30 31 32 33 34 35 36 37 38 39 40 41 42 43 44 45 46 47
 48 49 50 51 52 53 54 55 56 57 58 59 60 61 62 63 64 65 66 67 68 69 70 71
 72 73 74 75 76 77 78 79 80 81 82 83 84 85 86 87 88 89 90 91 92 93 94 95
 96 97 98 99]
[-1 10 69 69 68 12 -1 98 -1 18 42 75 -1 -1 27 -1 51 57 -1 42 93 -1 27  4
 89 -1 79 -1 -1 46 37 36 13 15 25 34 -1 -1  3 -1 81 -1 53 10 24 88 -1 83
 57  2 23 -1 -1 -1 -1 66 30 12 71 53  6 95 46 58 27 -1 80 -1  5 98 12 -1
  7 -1 25 -1 53 84 24 -1 35 64 -1 -1 -1 93 93 12 -1 -1 -1 32 69 80 -1 22
 94 -1 37 -1]
[1 0 1 1 1 1 1 1 0 0 1 0 0 0 0 0 0 1 1 1 0 1 1 0 0 0 0 1 0 0 0 0 0 0 0 0 1
 0 1 0 1 0 0 0 0 0 0 0 0 1 0 1 0 0 1 1 0 0 0 1 0 1 1 0 0 1 0 0 1 0 1 0 0 1
 1 1 1 1 1 0 1 1 0 1 0 1 1 1 0 0 0 0 1 1 1 1 0 0 1 1]
[2 0 0 2 0 2 0 1 3 0 0 0 2 2 3 2 4 1 2 0 0 0 0 1 3 0 0 1 0 0 0 4 3 1 0 0 0
 4 0 3 0 3 0 0 0 0 4 0 0 0 0 0 1 0 3 0 0 1 0 0 3 1 1 0 0 0 0 2 3 1 4 1 2 3
 1 1 2 0 2 2 1 4 0 2 0 0 2 0 3 3 1 0 1 3 3 0 1 0 0 0]
[2 0 0 2 0 2 0 1 3 0 0 0 2 2 3 2 4 1 2 0 0 0 0 1 3 0 0 1 0 0 0 4 3 1 0 0 0
 4 0 3 0 3 0 0 0 0 4 0 0 0 0 0 1 0 3 0 0 1 0 0 3 1 1 0 0 0 0 2 3 1 4 1 2 3
 1 1 2 0 2 2 1 4 0 2 0 0 2 0 3 3 1 0 1 3 3 0 1 0 0 0]
[6 1 2 9 1 4 5 3 1 4 3 3 6 1 1 1 9 3 1 6 4 8 9 6 6 4 4 7 6 8 6 1 1 4 8 7 3
 2 7 9 6 1 5 8 7 7 2 8 2 9 9 6 8 2 8 1 7 3 5 8 2 4 4 3 5 3 9 5 4 9 5 1 1 5
 8 7 3 9 8 3 8 7 4 4 5 7 3 2 7 9 1 1 5 5 6 4 3 4 1 5]
[6 1 2 9 1 4 5 3 1 4 3 3 6 1 1 1 9 3 1 6 4 8 9 6 6 4 4 7 6 8 6 1 1 4 8 7 3
 2 7 9 6 1 5 8 7 7 2 8 2 9 9 6 8 2 8 1 7 3 5 8 2 4 4 3 5 3 9 5 4 9 5 1 1 5
 8 7 3 9 8 3 8 7 4 4 5 7 3 2 7 9 1 1 5 5 6 4 3 4 1 5]
[50, 42, 50, 15, 50, 38, 50, 50, 50, 50, 26, 16, 50, 50, 50, 50, 50, 50, 50, 22, 42, 50, 50, 29, 50, 50, 30, 40, 29, 50, 50, 43, 40, 21, 44, 50, 50, 50, 15, 50, 50, 50, 50, 18, 50, 28, 50, 50, 25, 50, 45, 13, 50, 23, 24, 50, 26, 25, 28, 13, 47, 17, 50, 41, 50, 36, 50, 50, 35, 50, 30, 50, 41, 50, 18, 32, 50, 50, 45, 13, 39, 50, 26, 29, 40, 50, 50, 29, 50, 50, 10, 50, 34, 24, 44, 50, 50, 50, 26, 34]
[0 0 0 0 0 0 0 0 0 0 0 0 0 0 0 0 0 0 0 0 0 0 0 0 0 0 0 0 0 0 0 0 0 0 0 0 0
 0 0 0 0 0 0 0 0 0 0 0 0 0 0 0 0 0 0 0 0 0 0 0 0 0 0 0 0 0 0 0 0 0 0 0 0 0
 0 0 0 0 0 0 0 0 0 0 0 0 0 0 0 0 0 0 0 0 0 0 0 0 0 0]
[1 1 1 1 1 1 1 1 1 1 1 1 1 1 1 1 1 1 1 1 1 1 1 1 1 1 1 1 1 1 1 1 1 1 1 1 1
 1 1 1 1 1 1 1 1 1 1 1 1 1 1 1 1 1 1 1 1 1 1 1 1 1 1 1 1 1 1 1 1 1 1 1 1 1
 1 1 1 1 1 1 1 1 1 1 1 1 1 1 1 1 1 1 1 1 1 1 1 1 1 1]
