[ 0  1  2  3  4  5  6  7  8  9 10 11 12 13 14 15 16 17 18 19 20 21 22 23
 24 25 26 27 28 29 30 31 32 33 34 35 36 37 38 39 40 41 42 43 44 45 46 47
 48 49 50 51 52 53 54 55 56 57 58 59 60 61 62 63 64 65 66 67 68 69 70 71
 72 73 74 75 76 77 78 79 80 81 82 83 84 85 86 87 88 89 90 91 92 93 94 95
 96 97 98 99]
[ 3 30 -1 -1 92 -1 23 -1 22 12 30 97 84 24 80 -1 -1 16 -1 28 13 70 -1 18
 25 67 -1 18 -1 25 60 96 -1 -1 -1 51 87 29 -1 18 -1 -1 -1 -1 -1 32 15 -1
 -1 37 -1 -1 92 82 -1 -1 -1 40 31 -1  6 31 83 84 84 -1 22 -1 47 -1 -1 35
 -1  6 -1 -1 -1 -1 -1 26 -1 25 70 91 60 -1 -1 -1 33 94 84 18 83 -1 53 47
 86 -1 -1 -1]
[0 0 1 0 1 1 0 1 0 0 1 1 0 0 0 0 0 1 1 1 1 0 1 0 0 1 1 1 1 0 1 0 0 0 0 0 1
 1 1 1 0 0 0 0 0 1 1 0 1 0 0 0 1 1 1 0 0 1 0 0 0 1 1 1 1 1 1 1 0 0 0 1 0 1
 0 1 0 0 1 1 1 0 0 1 0 0 1 0 1 1 1 0 0 0 1 1 0 1 0 0]
[0 0 0 2 3 1 0 0 1 4 0 1 1 0 0 0 2 0 3 0 4 2 0 4 0 2 0 1 2 0 3 0 4 4 0 0 0
 0 0 0 3 0 0 0 0 2 4 0 2 2 2 0 1 0 0 4 0 0 3 1 0 4 0 0 0 4 0 0 0 3 0 1 0 0
 0 0 0 0 3 4 2 4 0 2 0 0 2 4 4 0 3 0 0 0 0 1 1 4 0 4]
[0 0 0 2 3 1 0 0 1 4 0 1 1 0 0 0 2 0 3 0 4 2 0 4 0 2 0 1 2 0 3 0 4 4 0 0 0
 0 0 0 3 0 0 0 0 2 4 0 2 2 2 0 1 0 0 4 0 0 3 1 0 4 0 0 0 4 0 0 0 3 0 1 0 0
 0 0 0 0 3 4 2 4 0 2 0 0 2 4 4 0 3 0 0 0 0 1 1 4 0 4]
[1 2 7 3 4 8 8 1 5 2 6 8 9 5 3 4 7 4 9 1 6 4 5 8 5 4 1 8 9 1 3 5 8 9 6 8 7
 8 6 1 2 4 4 6 3 3 3 6 1 2 6 4 6 1 2 8 1 1 3 3 9 5 5 4 2 1 6 5 6 6 1 6 7 4
 1 3 6 7 5 5 8 2 2 1 6 1 2 9 1 5 7 8 9 9 4 8 2 9 6 2]
[1 2 7 3 4 8 8 1 5 2 6 8 9 5 3 4 7 4 9 1 6 4 5 8 5 4 1 8 9 1 3 5 8 9 6 8 7
 8 6 1 2 4 4 6 3 3 3 6 1 2 6 4 6 1 2 8 1 1 3 3 9 5 5 4 2 1 6 5 6 6 1 6 7 4
 1 3 6 7 5 5 8 2 2 1 6 1 2 9 1 5 7 8 9 9 4 8 2 9 6 2]
[34, 38, 50, 50, 50, 30, 50, 12, 19, 50, 34, 50, 50, 49, 16, 50, 50, 47, 45, 50, 50, 50, 24, 50, 25, 50, 31, 39, 50, 50, 18, 46, 35, 50, 50, 50, 48, 50, 50, 50, 12, 15, 50, 19, 41, 47, 50, 30, 50, 33, 50, 50, 50, 50, 31, 50, 31, 41, 40, 22, 30, 21, 50, 50, 35, 26, 32, 50, 50, 18, 15, 50, 50, 18, 50, 50, 46, 15, 10, 42, 50, 50, 29, 50, 50, 19, 50, 39, 50, 33, 50, 40, 50, 50, 25, 34, 38, 50, 50, 33]
[0 0 0 0 0 0 0 0 0 0 0 0 0 0 0 0 0 0 0 0 0 0 0 0 0 0 0 0 0 0 0 0 0 0 0 0 0
 0 0 0 0 0 0 0 0 0 0 0 0 0 0 0 0 0 0 0 0 0 0 0 0 0 0 0 0 0 0 0 0 0 0 0 0 0
 0 0 0 0 0 0 0 0 0 0 0 0 0 0 0 0 0 0 0 0 0 0 0 0 0 0]
[1 1 1 1 1 1 1 1 1 1 1 1 1 1 1 1 1 1 1 1 1 1 1 1 1 1 1 1 1 1 1 1 1 1 1 1 1
 1 1 1 1 1 1 1 1 1 1 1 1 1 1 1 1 1 1 1 1 1 1 1 1 1 1 1 1 1 1 1 1 1 1 1 1 1
 1 1 1 1 1 1 1 1 1 1 1 1 1 1 1 1 1 1 1 1 1 1 1 1 1 1]
