[ 0  1  2  3  4  5  6  7  8  9 10 11 12 13 14 15 16 17 18 19 20 21 22 23
 24 25 26 27 28 29 30 31 32 33 34 35 36 37 38 39 40 41 42 43 44 45 46 47
 48 49 50 51 52 53 54 55 56 57 58 59 60 61 62 63 64 65 66 67 68 69 70 71
 72 73 74 75 76 77 78 79 80 81 82 83 84 85 86 87 88 89 90 91 92 93 94 95
 96 97 98 99]
[95 -1 -1 -1 -1 -1 -1 47 65 -1 -1 89 15  7 40 -1 -1 76 12 34 -1 62 83 79
 -1 -1 -1 -1 -1 -1 17 33 59 94 33 38 -1 58 -1 54 -1 17 31 88 -1 -1 -1 25
  3 50 -1  1 15 55 44 20 47 77 93 -1 47 56 -1 87 26 10 -1 26 -1 15 96 -1
 83 38 63 52 25 56 54 38 -1 60 78 -1 29 -1 -1 16 62 18 -1 -1 -1  0 46  3
 80 -1 74 36]
[1 1 1 1 1 1 1 0 0 0 0 0 1 1 0 1 1 1 0 1 0 0 0 0 0 0 0 1 0 0 1 0 0 1 0 1 0
 0 0 0 1 1 0 0 0 0 0 0 1 0 1 0 1 1 0 0 0 1 1 0 0 0 0 0 0 1 1 1 0 1 0 1 0 0
 0 1 1 1 1 1 1 1 0 1 1 0 1 1 1 0 0 0 1 0 0 0 0 1 0 0]
[1 3 3 1 0 1 0 0 0 0 0 4 0 4 1 1 2 0 0 2 0 4 0 3 0 0 0 3 4 0 0 0 2 0 0 0 4
 0 4 1 0 0 4 0 1 0 0 2 0 1 0 3 0 2 0 0 0 3 0 0 4 0 4 0 0 4 4 0 0 0 1 1 0 0
 0 3 3 0 3 1 0 0 3 2 0 0 4 3 3 0 0 0 3 0 0 0 0 0 0 0]
[1 3 3 1 0 1 0 0 0 0 0 4 0 4 1 1 2 0 0 2 0 4 0 3 0 0 0 3 4 0 0 0 2 0 0 0 4
 0 4 1 0 0 4 0 1 0 0 2 0 1 0 3 0 2 0 0 0 3 0 0 4 0 4 0 0 4 4 0 0 0 1 1 0 0
 0 3 3 0 3 1 0 0 3 2 0 0 4 3 3 0 0 0 3 0 0 0 0 0 0 0]
[2 6 1 6 6 6 1 1 6 5 9 2 8 6 6 9 3 5 9 8 1 6 3 1 3 3 9 3 5 7 7 2 9 2 8 6 5
 7 5 9 5 6 7 9 6 1 6 8 6 2 6 7 7 5 2 3 4 6 3 1 7 5 6 1 2 2 4 9 6 4 5 3 4 2
 3 6 1 7 7 3 7 2 8 2 7 7 9 8 1 9 8 2 5 5 6 7 6 8 4 7]
[2 6 1 6 6 6 1 1 6 5 9 2 8 6 6 9 3 5 9 8 1 6 3 1 3 3 9 3 5 7 7 2 9 2 8 6 5
 7 5 9 5 6 7 9 6 1 6 8 6 2 6 7 7 5 2 3 4 6 3 1 7 5 6 1 2 2 4 9 6 4 5 3 4 2
 3 6 1 7 7 3 7 2 8 2 7 7 9 8 1 9 8 2 5 5 6 7 6 8 4 7]
[50, 33, 50, 50, 50, 50, 50, 13, 50, 50, 40, 50, 50, 50, 43, 50, 50, 37, 50, 28, 19, 50, 50, 50, 20, 17, 33, 23, 36, 50, 20, 50, 48, 12, 36, 50, 50, 29, 50, 50, 48, 43, 50, 50, 50, 34, 50, 10, 44, 33, 38, 50, 50, 50, 16, 50, 25, 13, 50, 50, 50, 45, 13, 45, 50, 50, 41, 50, 50, 50, 50, 39, 26, 18, 27, 47, 38, 27, 50, 50, 50, 16, 50, 22, 42, 28, 46, 50, 50, 50, 33, 50, 50, 50, 50, 21, 20, 12, 36, 17]
[0 0 0 0 0 0 0 0 0 0 0 0 0 0 0 0 0 0 0 0 0 0 0 0 0 0 0 0 0 0 0 0 0 0 0 0 0
 0 0 0 0 0 0 0 0 0 0 0 0 0 0 0 0 0 0 0 0 0 0 0 0 0 0 0 0 0 0 0 0 0 0 0 0 0
 0 0 0 0 0 0 0 0 0 0 0 0 0 0 0 0 0 0 0 0 0 0 0 0 0 0]
[1 1 1 1 1 1 1 1 1 1 1 1 1 1 1 1 1 1 1 1 1 1 1 1 1 1 1 1 1 1 1 1 1 1 1 1 1
 1 1 1 1 1 1 1 1 1 1 1 1 1 1 1 1 1 1 1 1 1 1 1 1 1 1 1 1 1 1 1 1 1 1 1 1 1
 1 1 1 1 1 1 1 1 1 1 1 1 1 1 1 1 1 1 1 1 1 1 1 1 1 1]
