[ 0  1  2  3  4  5  6  7  8  9 10 11 12 13 14 15 16 17 18 19 20 21 22 23
 24 25 26 27 28 29 30 31 32 33 34 35 36 37 38 39 40 41 42 43 44 45 46 47
 48 49 50 51 52 53 54 55 56 57 58 59 60 61 62 63 64 65 66 67 68 69 70 71
 72 73 74 75 76 77 78 79 80 81 82 83 84 85 86 87 88 89 90 91 92 93 94 95
 96 97 98 99]
[34 88 78 84 84 54 -1 20 74 -1 -1 -1 -1 70  6 28 -1 -1 35 -1 50 59 94 93
 71 15 -1 89 22 90 20 10 28 -1 -1 -1 12 49  7 -1 88 -1 41 60 -1 40 44 -1
 93 50 70 57 86 -1 -1 -1 83 27 -1 -1 -1 -1 -1 -1 -1 70 39 -1 95 97 11 58
 38 76 -1 57 29 -1  7 -1  0 -1 77 61 -1 66 -1 81 21 17 -1  5  5  3 -1 -1
 -1 -1 40 48]
[1 1 0 1 1 0 1 0 1 0 0 1 0 0 1 0 0 1 1 0 0 1 1 0 0 1 1 1 1 1 0 0 0 0 1 1 1
 1 1 1 0 0 0 0 0 0 0 1 0 0 0 1 0 1 0 0 1 1 0 0 0 0 0 1 0 0 1 1 1 0 0 1 0 1
 0 1 0 0 0 0 1 1 1 1 1 1 1 1 0 0 1 0 1 1 0 1 1 0 1 1]
[1 1 0 3 0 0 0 3 0 1 4 4 2 0 0 4 2 0 0 0 0 4 0 0 1 0 0 2 1 0 4 3 3 1 0 0 0
 1 4 2 3 2 0 3 1 0 0 1 2 3 0 1 0 2 1 0 0 0 2 0 0 0 0 2 3 0 1 0 0 0 0 0 1 4
 1 3 1 0 0 1 4 3 2 2 0 4 0 2 3 1 0 0 0 0 0 0 3 0 0 1]
[1 1 0 3 0 0 0 3 0 1 4 4 2 0 0 4 2 0 0 0 0 4 0 0 1 0 0 2 1 0 4 3 3 1 0 0 0
 1 4 2 3 2 0 3 1 0 0 1 2 3 0 1 0 2 1 0 0 0 2 0 0 0 0 2 3 0 1 0 0 0 0 0 1 4
 1 3 1 0 0 1 4 3 2 2 0 4 0 2 3 1 0 0 0 0 0 0 3 0 0 1]
[3 2 1 4 2 3 5 2 9 3 5 7 8 1 9 8 9 2 9 6 4 2 2 8 3 8 5 1 4 8 7 8 9 2 4 6 2
 1 6 9 6 3 2 1 6 6 3 8 4 7 4 5 2 1 5 6 7 4 2 2 4 4 1 5 7 9 9 8 6 1 1 3 5 8
 4 7 2 5 9 4 7 5 2 8 4 6 5 6 3 9 9 3 6 5 1 5 4 1 4 9]
[3 2 1 4 2 3 5 2 9 3 5 7 8 1 9 8 9 2 9 6 4 2 2 8 3 8 5 1 4 8 7 8 9 2 4 6 2
 1 6 9 6 3 2 1 6 6 3 8 4 7 4 5 2 1 5 6 7 4 2 2 4 4 1 5 7 9 9 8 6 1 1 3 5 8
 4 7 2 5 9 4 7 5 2 8 4 6 5 6 3 9 9 3 6 5 1 5 4 1 4 9]
[28, 11, 43, 50, 50, 28, 19, 50, 15, 19, 20, 50, 50, 12, 34, 50, 50, 50, 50, 50, 50, 50, 50, 50, 50, 11, 50, 37, 42, 47, 48, 50, 41, 50, 48, 50, 50, 50, 50, 37, 21, 50, 49, 50, 50, 33, 23, 20, 50, 11, 50, 50, 16, 50, 46, 50, 37, 50, 39, 48, 50, 50, 36, 34, 41, 26, 50, 50, 45, 45, 50, 29, 50, 50, 24, 26, 50, 30, 37, 26, 32, 50, 50, 50, 50, 24, 48, 37, 50, 13, 38, 50, 45, 50, 25, 12, 50, 32, 12, 50]
[0 0 0 0 0 0 0 0 0 0 0 0 0 0 0 0 0 0 0 0 0 0 0 0 0 0 0 0 0 0 0 0 0 0 0 0 0
 0 0 0 0 0 0 0 0 0 0 0 0 0 0 0 0 0 0 0 0 0 0 0 0 0 0 0 0 0 0 0 0 0 0 0 0 0
 0 0 0 0 0 0 0 0 0 0 0 0 0 0 0 0 0 0 0 0 0 0 0 0 0 0]
[1 1 1 1 1 1 1 1 1 1 1 1 1 1 1 1 1 1 1 1 1 1 1 1 1 1 1 1 1 1 1 1 1 1 1 1 1
 1 1 1 1 1 1 1 1 1 1 1 1 1 1 1 1 1 1 1 1 1 1 1 1 1 1 1 1 1 1 1 1 1 1 1 1 1
 1 1 1 1 1 1 1 1 1 1 1 1 1 1 1 1 1 1 1 1 1 1 1 1 1 1]
