[ 0  1  2  3  4  5  6  7  8  9 10 11 12 13 14 15 16 17 18 19 20 21 22 23
 24 25 26 27 28 29 30 31 32 33 34 35 36 37 38 39 40 41 42 43 44 45 46 47
 48 49 50 51 52 53 54 55 56 57 58 59 60 61 62 63 64 65 66 67 68 69 70 71
 72 73 74 75 76 77 78 79 80 81 82 83 84 85 86 87 88 89 90 91 92 93 94 95
 96 97 98 99]
[85 -1 -1 22 -1 -1 -1 44 16 -1 31 66 84 69 12 85 -1  6 -1 -1 73 86 -1 22
 -1 -1 -1  1 -1 88 87 53 50 45 10 48 31 24 -1 27  3 21 -1 75 68 27 35 38
 84  8 -1 97 12  2 94 18 -1 -1 10 -1 42 99 37 59 -1 24 36 -1 15 38 -1 -1
 27 63 -1 -1 45 92 21 32 45 85 79  8 51 -1 53 80 -1 88 -1 51 63 -1 -1 32
 -1 -1 -1 -1]
[0 0 0 1 0 0 1 0 1 1 1 1 1 0 0 0 1 1 1 0 1 0 1 1 1 0 1 1 0 1 0 0 1 1 0 1 1
 0 0 1 0 1 0 1 1 0 0 1 0 0 1 0 1 1 0 0 1 0 0 0 0 0 0 1 1 0 1 1 0 0 0 0 1 0
 1 1 1 1 1 1 0 1 0 1 0 1 0 0 1 1 0 1 1 0 0 0 1 1 1 1]
[1 1 2 3 0 0 3 0 0 4 0 2 3 3 0 3 0 0 1 0 0 3 0 0 3 0 2 4 0 0 0 4 4 0 3 2 2
 0 2 0 0 0 3 0 0 0 3 0 1 0 3 4 0 4 2 0 0 0 0 0 0 0 2 0 1 0 0 0 1 0 1 2 0 0
 0 0 0 0 1 0 4 2 0 2 1 2 2 0 4 1 0 0 0 0 0 0 4 1 4 3]
[1 1 2 3 0 0 3 0 0 4 0 2 3 3 0 3 0 0 1 0 0 3 0 0 3 0 2 4 0 0 0 4 4 0 3 2 2
 0 2 0 0 0 3 0 0 0 3 0 1 0 3 4 0 4 2 0 0 0 0 0 0 0 2 0 1 0 0 0 1 0 1 2 0 0
 0 0 0 0 1 0 4 2 0 2 1 2 2 0 4 1 0 0 0 0 0 0 4 1 4 3]
[3 7 6 3 5 3 3 7 6 7 9 3 6 6 4 1 2 1 2 9 1 1 8 8 7 6 2 8 9 8 1 3 5 3 5 6 8
 5 5 8 9 9 1 1 2 7 3 1 5 5 8 4 3 1 5 8 7 7 9 8 8 9 3 8 1 5 8 5 4 7 5 5 3 2
 9 9 5 8 3 1 2 9 2 7 3 7 1 6 1 6 5 6 3 7 6 1 9 2 8 1]
[3 7 6 3 5 3 3 7 6 7 9 3 6 6 4 1 2 1 2 9 1 1 8 8 7 6 2 8 9 8 1 3 5 3 5 6 8
 5 5 8 9 9 1 1 2 7 3 1 5 5 8 4 3 1 5 8 7 7 9 8 8 9 3 8 1 5 8 5 4 7 5 5 3 2
 9 9 5 8 3 1 2 9 2 7 3 7 1 6 1 6 5 6 3 7 6 1 9 2 8 1]
[49, 50, 50, 50, 50, 50, 50, 13, 49, 32, 37, 45, 50, 16, 50, 31, 16, 18, 50, 50, 50, 50, 49, 50, 36, 21, 50, 32, 50, 50, 47, 22, 29, 42, 25, 50, 48, 50, 46, 50, 50, 15, 21, 29, 38, 22, 50, 33, 50, 19, 50, 44, 49, 50, 23, 50, 33, 43, 50, 50, 17, 44, 46, 50, 11, 50, 45, 50, 50, 17, 50, 12, 50, 45, 21, 50, 50, 24, 25, 50, 50, 50, 33, 22, 50, 44, 49, 50, 16, 41, 44, 47, 50, 50, 31, 50, 29, 15, 50, 50]
[0 0 0 0 0 0 0 0 0 0 0 0 0 0 0 0 0 0 0 0 0 0 0 0 0 0 0 0 0 0 0 0 0 0 0 0 0
 0 0 0 0 0 0 0 0 0 0 0 0 0 0 0 0 0 0 0 0 0 0 0 0 0 0 0 0 0 0 0 0 0 0 0 0 0
 0 0 0 0 0 0 0 0 0 0 0 0 0 0 0 0 0 0 0 0 0 0 0 0 0 0]
[1 1 1 1 1 1 1 1 1 1 1 1 1 1 1 1 1 1 1 1 1 1 1 1 1 1 1 1 1 1 1 1 1 1 1 1 1
 1 1 1 1 1 1 1 1 1 1 1 1 1 1 1 1 1 1 1 1 1 1 1 1 1 1 1 1 1 1 1 1 1 1 1 1 1
 1 1 1 1 1 1 1 1 1 1 1 1 1 1 1 1 1 1 1 1 1 1 1 1 1 1]
