[ 0  1  2  3  4  5  6  7  8  9 10 11 12 13 14 15 16 17 18 19 20 21 22 23
 24 25 26 27 28 29 30 31 32 33 34 35 36 37 38 39 40 41 42 43 44 45 46 47
 48 49 50 51 52 53 54 55 56 57 58 59 60 61 62 63 64 65 66 67 68 69 70 71
 72 73 74 75 76 77 78 79 80 81 82 83 84 85 86 87 88 89 90 91 92 93 94 95
 96 97 98 99]
[94 26 -1 -1 -1 -1 61 85 78 -1 90 -1 -1 65 73 -1 29 79 70 -1 69 50 31  6
 -1 -1 16 -1 -1 92 -1 95 14 -1  6 97 -1 15 -1 40 99 -1 90 -1 71  1 11 -1
 90 14 -1 -1 36 41 77 -1 -1 50 10  9 12 49 39 -1 17 94 85 98 33 77 89 43
 67 41 48 56 91 22  9 -1 13 30 34  4 25 -1 52 -1 11 -1 11 41 35 31 52 70
 -1  2 36 -1]
[0 0 0 1 1 1 1 1 1 0 0 0 1 1 0 0 0 0 0 1 0 0 1 1 0 1 1 1 1 1 0 1 0 0 1 0 1
 1 0 1 1 0 0 1 1 1 0 0 1 1 1 1 0 0 0 1 0 1 0 1 1 0 0 1 0 1 1 1 0 1 1 1 0 1
 1 0 1 1 1 1 0 1 1 0 1 0 0 0 1 1 1 1 0 0 0 1 1 1 0 0]
[0 0 3 3 0 0 0 0 0 0 0 2 0 4 1 0 1 0 0 3 0 3 1 0 1 3 0 3 4 2 0 0 4 4 4 0 0
 0 0 1 3 0 4 0 4 0 2 1 0 0 0 0 0 2 3 3 0 1 0 4 3 2 2 0 3 3 2 3 4 2 4 0 4 0
 3 3 3 3 2 1 0 3 2 4 0 4 2 0 0 4 0 2 0 2 1 0 0 0 1 0]
[0 0 3 3 0 0 0 0 0 0 0 2 0 4 1 0 1 0 0 3 0 3 1 0 1 3 0 3 4 2 0 0 4 4 4 0 0
 0 0 1 3 0 4 0 4 0 2 1 0 0 0 0 0 2 3 3 0 1 0 4 3 2 2 0 3 3 2 3 4 2 4 0 4 0
 3 3 3 3 2 1 0 3 2 4 0 4 2 0 0 4 0 2 0 2 1 0 0 0 1 0]
[8 5 5 5 9 8 9 7 2 3 6 9 4 3 4 7 1 9 7 8 9 4 2 2 1 5 1 2 7 2 4 7 1 2 2 7 9
 5 5 8 1 4 3 1 8 4 3 4 3 4 9 3 7 2 1 9 1 8 4 6 6 4 3 2 6 7 2 6 6 3 5 7 5 4
 8 3 5 5 8 6 1 1 6 5 9 4 9 8 8 1 3 1 7 9 8 5 1 5 4 5]
[8 5 5 5 9 8 9 7 2 3 6 9 4 3 4 7 1 9 7 8 9 4 2 2 1 5 1 2 7 2 4 7 1 2 2 7 9
 5 5 8 1 4 3 1 8 4 3 4 3 4 9 3 7 2 1 9 1 8 4 6 6 4 3 2 6 7 2 6 6 3 5 7 5 4
 8 3 5 5 8 6 1 1 6 5 9 4 9 8 8 1 3 1 7 9 8 5 1 5 4 5]
[25, 50, 50, 50, 50, 50, 50, 50, 47, 27, 50, 46, 50, 50, 50, 50, 50, 46, 17, 35, 28, 24, 44, 50, 15, 50, 42, 48, 50, 50, 26, 24, 35, 50, 50, 50, 50, 44, 47, 50, 50, 16, 50, 50, 26, 50, 50, 44, 44, 33, 50, 28, 50, 50, 44, 16, 23, 44, 50, 15, 20, 18, 50, 48, 50, 15, 50, 50, 42, 50, 50, 50, 26, 23, 12, 12, 32, 50, 28, 50, 50, 42, 50, 50, 36, 32, 25, 19, 37, 50, 50, 37, 37, 36, 50, 23, 50, 46, 40, 11]
[0 0 0 0 0 0 0 0 0 0 0 0 0 0 0 0 0 0 0 0 0 0 0 0 0 0 0 0 0 0 0 0 0 0 0 0 0
 0 0 0 0 0 0 0 0 0 0 0 0 0 0 0 0 0 0 0 0 0 0 0 0 0 0 0 0 0 0 0 0 0 0 0 0 0
 0 0 0 0 0 0 0 0 0 0 0 0 0 0 0 0 0 0 0 0 0 0 0 0 0 0]
[1 1 1 1 1 1 1 1 1 1 1 1 1 1 1 1 1 1 1 1 1 1 1 1 1 1 1 1 1 1 1 1 1 1 1 1 1
 1 1 1 1 1 1 1 1 1 1 1 1 1 1 1 1 1 1 1 1 1 1 1 1 1 1 1 1 1 1 1 1 1 1 1 1 1
 1 1 1 1 1 1 1 1 1 1 1 1 1 1 1 1 1 1 1 1 1 1 1 1 1 1]
