[ 0  1  2  3  4  5  6  7  8  9 10 11 12 13 14 15 16 17 18 19 20 21 22 23
 24 25 26 27 28 29 30 31 32 33 34 35 36 37 38 39 40 41 42 43 44 45 46 47
 48 49 50 51 52 53 54 55 56 57 58 59 60 61 62 63 64 65 66 67 68 69 70 71
 72 73 74 75 76 77 78 79 80 81 82 83 84 85 86 87 88 89 90 91 92 93 94 95
 96 97 98 99]
[66 72 12 -1 26 42 52 -1 60 -1 64 35 18 -1 53 52 60 -1 46 87 -1 -1 61 82
 49 88 -1 -1 44 36 57 81 -1 -1 96 -1 86 -1 98 -1  9 13 47 85 57  3 34 86
 18 -1 43 93 84 56 70 -1 40 -1 -1 -1 -1 88 -1 -1 32 -1 22 17 52 76 -1 38
 -1 81 -1 58 -1 14 -1 94 -1 40 69 22 32 35 -1 -1  1 74 -1 -1 33 -1 -1 96
 50 86 53 33]
[1 1 0 1 0 1 0 1 0 1 1 1 0 0 0 1 0 0 1 0 0 0 1 1 0 0 0 0 0 1 1 0 0 1 0 1 1
 0 0 1 1 1 1 0 1 0 1 1 1 0 0 0 1 0 0 0 0 0 1 0 0 0 0 1 1 1 0 1 1 1 1 0 1 0
 0 0 0 0 1 0 0 0 0 0 0 0 0 1 0 0 1 1 0 0 1 0 1 1 0 1]
[0 2 1 4 0 0 1 2 4 3 0 1 4 0 0 4 0 2 2 0 0 1 4 2 0 0 1 1 0 0 0 0 2 0 1 4 1
 0 0 4 4 0 1 0 0 2 0 2 0 3 0 0 0 1 1 0 3 0 0 3 0 0 3 2 1 4 0 0 0 0 2 0 0 4
 3 0 4 3 0 3 0 3 1 0 0 0 4 0 1 0 0 0 4 0 0 0 0 4 0 2]
[0 2 1 4 0 0 1 2 4 3 0 1 4 0 0 4 0 2 2 0 0 1 4 2 0 0 1 1 0 0 0 0 2 0 1 4 1
 0 0 4 4 0 1 0 0 2 0 2 0 3 0 0 0 1 1 0 3 0 0 3 0 0 3 2 1 4 0 0 0 0 2 0 0 4
 3 0 4 3 0 3 0 3 1 0 0 0 4 0 1 0 0 0 4 0 0 0 0 4 0 2]
[1 6 9 6 3 5 4 3 8 9 3 1 7 7 2 7 6 2 2 9 4 6 4 2 1 8 6 1 2 9 1 7 1 6 7 3 4
 1 8 7 1 3 7 6 5 8 6 4 1 4 7 5 7 2 5 5 5 5 6 5 7 4 5 3 5 3 6 6 5 3 1 7 1 8
 3 3 7 7 7 5 1 9 7 9 4 8 5 4 7 1 4 2 2 5 4 5 7 2 6 5]
[1 6 9 6 3 5 4 3 8 9 3 1 7 7 2 7 6 2 2 9 4 6 4 2 1 8 6 1 2 9 1 7 1 6 7 3 4
 1 8 7 1 3 7 6 5 8 6 4 1 4 7 5 7 2 5 5 5 5 6 5 7 4 5 3 5 3 6 6 5 3 1 7 1 8
 3 3 7 7 7 5 1 9 7 9 4 8 5 4 7 1 4 2 2 5 4 5 7 2 6 5]
[50, 50, 37, 50, 50, 43, 44, 44, 50, 30, 50, 50, 43, 50, 43, 18, 49, 50, 31, 11, 50, 50, 50, 50, 50, 18, 22, 50, 30, 19, 20, 50, 32, 50, 38, 50, 50, 16, 50, 50, 29, 50, 50, 50, 18, 50, 41, 21, 38, 31, 50, 31, 50, 50, 19, 23, 50, 50, 50, 13, 50, 50, 23, 46, 21, 50, 23, 50, 50, 12, 16, 50, 36, 25, 21, 50, 42, 50, 29, 50, 49, 50, 27, 50, 50, 49, 30, 50, 50, 27, 48, 50, 41, 50, 50, 50, 50, 43, 27, 13]
[0 0 0 0 0 0 0 0 0 0 0 0 0 0 0 0 0 0 0 0 0 0 0 0 0 0 0 0 0 0 0 0 0 0 0 0 0
 0 0 0 0 0 0 0 0 0 0 0 0 0 0 0 0 0 0 0 0 0 0 0 0 0 0 0 0 0 0 0 0 0 0 0 0 0
 0 0 0 0 0 0 0 0 0 0 0 0 0 0 0 0 0 0 0 0 0 0 0 0 0 0]
[1 1 1 1 1 1 1 1 1 1 1 1 1 1 1 1 1 1 1 1 1 1 1 1 1 1 1 1 1 1 1 1 1 1 1 1 1
 1 1 1 1 1 1 1 1 1 1 1 1 1 1 1 1 1 1 1 1 1 1 1 1 1 1 1 1 1 1 1 1 1 1 1 1 1
 1 1 1 1 1 1 1 1 1 1 1 1 1 1 1 1 1 1 1 1 1 1 1 1 1 1]
