[ 0  1  2  3  4  5  6  7  8  9 10 11 12 13 14 15 16 17 18 19 20 21 22 23
 24 25 26 27 28 29 30 31 32 33 34 35 36 37 38 39 40 41 42 43 44 45 46 47
 48 49 50 51 52 53 54 55 56 57 58 59 60 61 62 63 64 65 66 67 68 69 70 71
 72 73 74 75 76 77 78 79 80 81 82 83 84 85 86 87 88 89 90 91 92 93 94 95
 96 97 98 99]
[-1 36 89 -1 25 -1 -1 -1 -1 36 35 -1 82 29 17  7 82 91 14 -1 -1 40 43 88
 -1 40 75 74 36 78 93 -1 57 11 27 99 58 13 78 -1 69 -1 -1 -1 28 54 22 90
 84 68 -1 85 23 90 70 92 -1 33 37 75 94 12 -1 99 70  0  7 46 -1  3 21 -1
 -1 48 -1 -1 50 -1 11 82 -1 -1 40 23 37 93 -1 -1 26 96 -1 95 34 11 -1 86
 -1 -1 -1 77]
[0 0 0 0 1 0 1 1 1 1 0 1 0 0 1 0 0 1 0 1 1 1 0 1 1 0 0 0 0 1 1 1 0 0 1 1 1
 1 0 1 0 0 1 1 1 0 1 0 1 1 1 1 1 1 1 1 1 0 0 0 1 0 0 0 1 1 0 0 1 0 0 0 0 0
 0 1 1 1 0 1 0 1 0 0 0 1 0 1 0 1 1 1 0 0 0 1 0 1 0 1]
[2 4 2 0 2 2 1 0 4 4 0 0 2 3 0 0 0 4 0 0 0 2 2 3 0 0 1 2 4 4 0 0 0 0 3 0 3
 1 0 1 0 0 0 3 0 3 1 4 1 1 4 3 3 0 2 1 0 0 0 4 0 0 4 0 0 4 0 2 2 4 4 0 3 0
 0 2 4 0 3 0 0 0 0 0 0 0 0 2 2 0 0 0 1 0 0 1 0 1 4 0]
[2 4 2 0 2 2 1 0 4 4 0 0 2 3 0 0 0 4 0 0 0 2 2 3 0 0 1 2 4 4 0 0 0 0 3 0 3
 1 0 1 0 0 0 3 0 3 1 4 1 1 4 3 3 0 2 1 0 0 0 4 0 0 4 0 0 4 0 2 2 4 4 0 3 0
 0 2 4 0 3 0 0 0 0 0 0 0 0 2 2 0 0 0 1 0 0 1 0 1 4 0]
[3 7 5 7 2 5 7 4 5 6 5 5 9 6 7 4 5 3 3 6 2 5 1 6 7 1 8 9 1 3 8 3 2 2 8 8 9
 4 4 5 4 9 4 7 3 6 6 5 8 9 1 2 4 3 7 3 1 6 7 7 7 6 5 1 3 3 5 2 3 9 3 6 3 9
 9 2 6 5 1 8 8 6 6 8 6 7 1 4 1 1 4 5 3 3 2 6 5 9 2 5]
[3 7 5 7 2 5 7 4 5 6 5 5 9 6 7 4 5 3 3 6 2 5 1 6 7 1 8 9 1 3 8 3 2 2 8 8 9
 4 4 5 4 9 4 7 3 6 6 5 8 9 1 2 4 3 7 3 1 6 7 7 7 6 5 1 3 3 5 2 3 9 3 6 3 9
 9 2 6 5 1 8 8 6 6 8 6 7 1 4 1 1 4 5 3 3 2 6 5 9 2 5]
[48, 18, 50, 19, 50, 50, 41, 50, 17, 50, 50, 21, 33, 17, 10, 41, 41, 29, 50, 18, 50, 28, 50, 28, 23, 45, 46, 50, 50, 50, 50, 50, 50, 50, 11, 23, 50, 24, 50, 36, 38, 24, 29, 50, 27, 48, 50, 43, 29, 50, 50, 50, 50, 50, 50, 21, 26, 44, 50, 50, 27, 26, 50, 50, 50, 29, 50, 43, 15, 38, 50, 26, 17, 50, 50, 50, 33, 21, 50, 50, 20, 50, 50, 50, 50, 40, 50, 50, 13, 50, 32, 50, 50, 48, 50, 50, 50, 50, 33, 43]
[0 0 0 0 0 0 0 0 0 0 0 0 0 0 0 0 0 0 0 0 0 0 0 0 0 0 0 0 0 0 0 0 0 0 0 0 0
 0 0 0 0 0 0 0 0 0 0 0 0 0 0 0 0 0 0 0 0 0 0 0 0 0 0 0 0 0 0 0 0 0 0 0 0 0
 0 0 0 0 0 0 0 0 0 0 0 0 0 0 0 0 0 0 0 0 0 0 0 0 0 0]
[1 1 1 1 1 1 1 1 1 1 1 1 1 1 1 1 1 1 1 1 1 1 1 1 1 1 1 1 1 1 1 1 1 1 1 1 1
 1 1 1 1 1 1 1 1 1 1 1 1 1 1 1 1 1 1 1 1 1 1 1 1 1 1 1 1 1 1 1 1 1 1 1 1 1
 1 1 1 1 1 1 1 1 1 1 1 1 1 1 1 1 1 1 1 1 1 1 1 1 1 1]
