[ 0  1  2  3  4  5  6  7  8  9 10 11 12 13 14 15 16 17 18 19 20 21 22 23
 24 25 26 27 28 29 30 31 32 33 34 35 36 37 38 39 40 41 42 43 44 45 46 47
 48 49 50 51 52 53 54 55 56 57 58 59 60 61 62 63 64 65 66 67 68 69 70 71
 72 73 74 75 76 77 78 79 80 81 82 83 84 85 86 87 88 89 90 91 92 93 94 95
 96 97 98 99]
[-1 74 -1 -1 41 42 28 50 -1 66 -1 78 -1 14 57 -1 -1 -1 -1 94 -1 26 43 -1
 94 82  9 -1 -1 85  1 83 73 45 -1 62 41  8 83 -1 -1 92 12 90 56 -1 -1 79
 63 93 -1 79 67 35 -1 32 67 92 -1 96 19 69 37 96 94 86 17 -1 62 -1 93 -1
 75 -1 -1 80 -1 23 74 20 87 82 89 71 90 87 -1 12 -1 18 -1  1 39 -1 61  7
 25  1 18 38]
[0 0 1 0 0 1 1 1 1 1 0 0 1 0 1 0 0 1 0 1 0 0 0 0 0 0 1 1 0 0 1 1 1 0 0 0 0
 1 1 1 1 0 1 0 1 1 1 1 1 1 1 0 1 1 0 0 0 1 0 0 1 1 0 0 0 1 1 0 1 1 0 1 1 1
 1 1 1 0 0 1 0 1 1 0 1 0 0 1 1 1 0 1 0 0 0 1 1 1 1 0]
[3 0 0 0 0 0 3 1 4 0 4 3 0 2 3 2 2 2 0 4 3 1 0 2 2 0 3 4 0 4 0 0 0 3 0 0 0
 4 0 4 0 0 2 4 0 0 3 0 4 0 4 0 0 0 0 1 0 2 1 0 0 0 2 2 0 0 2 0 1 0 2 0 0 4
 1 0 0 4 3 0 3 1 0 0 0 0 0 0 0 0 0 0 0 3 0 0 0 4 0 0]
[3 0 0 0 0 0 3 1 4 0 4 3 0 2 3 2 2 2 0 4 3 1 0 2 2 0 3 4 0 4 0 0 0 3 0 0 0
 4 0 4 0 0 2 4 0 0 3 0 4 0 4 0 0 0 0 1 0 2 1 0 0 0 2 2 0 0 2 0 1 0 2 0 0 4
 1 0 0 4 3 0 3 1 0 0 0 0 0 0 0 0 0 0 0 3 0 0 0 4 0 0]
[6 2 5 3 8 3 8 7 2 9 5 8 8 6 4 7 7 8 6 9 3 6 2 2 4 4 5 6 6 5 9 4 4 8 4 5 6
 6 4 7 1 8 9 5 7 1 7 5 3 5 2 6 1 8 3 1 7 1 9 6 1 8 7 9 2 8 6 7 9 8 6 2 4 5
 4 7 6 8 6 7 6 9 5 3 7 8 9 4 6 7 2 4 5 7 4 8 2 1 3 5]
[6 2 5 3 8 3 8 7 2 9 5 8 8 6 4 7 7 8 6 9 3 6 2 2 4 4 5 6 6 5 9 4 4 8 4 5 6
 6 4 7 1 8 9 5 7 1 7 5 3 5 2 6 1 8 3 1 7 1 9 6 1 8 7 9 2 8 6 7 9 8 6 2 4 5
 4 7 6 8 6 7 6 9 5 3 7 8 9 4 6 7 2 4 5 7 4 8 2 1 3 5]
[50, 50, 31, 34, 50, 21, 36, 11, 12, 35, 50, 47, 50, 50, 45, 50, 50, 40, 38, 44, 50, 46, 50, 45, 50, 50, 50, 16, 50, 23, 32, 50, 47, 40, 50, 37, 32, 50, 48, 50, 42, 12, 50, 50, 50, 50, 50, 50, 50, 25, 42, 50, 50, 50, 35, 47, 50, 50, 18, 50, 50, 50, 32, 29, 23, 28, 39, 10, 33, 36, 14, 50, 14, 29, 50, 18, 50, 35, 50, 50, 50, 50, 25, 30, 26, 22, 16, 49, 28, 29, 50, 46, 38, 37, 50, 43, 40, 50, 50, 50]
[0 0 0 0 0 0 0 0 0 0 0 0 0 0 0 0 0 0 0 0 0 0 0 0 0 0 0 0 0 0 0 0 0 0 0 0 0
 0 0 0 0 0 0 0 0 0 0 0 0 0 0 0 0 0 0 0 0 0 0 0 0 0 0 0 0 0 0 0 0 0 0 0 0 0
 0 0 0 0 0 0 0 0 0 0 0 0 0 0 0 0 0 0 0 0 0 0 0 0 0 0]
[1 1 1 1 1 1 1 1 1 1 1 1 1 1 1 1 1 1 1 1 1 1 1 1 1 1 1 1 1 1 1 1 1 1 1 1 1
 1 1 1 1 1 1 1 1 1 1 1 1 1 1 1 1 1 1 1 1 1 1 1 1 1 1 1 1 1 1 1 1 1 1 1 1 1
 1 1 1 1 1 1 1 1 1 1 1 1 1 1 1 1 1 1 1 1 1 1 1 1 1 1]
