[ 0  1  2  3  4  5  6  7  8  9 10 11 12 13 14 15 16 17 18 19 20 21 22 23
 24 25 26 27 28 29 30 31 32 33 34 35 36 37 38 39 40 41 42 43 44 45 46 47
 48 49 50 51 52 53 54 55 56 57 58 59 60 61 62 63 64 65 66 67 68 69 70 71
 72 73 74 75 76 77 78 79 80 81 82 83 84 85 86 87 88 89 90 91 92 93 94 95
 96 97 98 99]
[-1 -1 17 -1 -1 -1 43 64 68 65 80 32 -1 -1 86 95 41 94 68 -1 56 51 34 -1
 -1 85 -1 32 -1 40  4  8 -1 44 46 41 -1  8 29 -1 12 74 -1 96 10 -1 -1 -1
 -1 71 -1 40 81 -1  3  7  4 43 40 -1 85  2  2 51 30 -1 12 84 23 51 50 77
  1  0 -1 94 66 60  7 16 -1 14 50 -1 56 -1  6 61 -1 -1 88  2 44 51 -1  9
 77 -1 -1 -1]
[1 0 0 1 0 1 0 0 1 1 1 0 0 0 1 1 0 1 1 0 1 0 1 1 1 0 1 1 1 1 1 1 1 0 0 0 0
 1 1 1 1 0 1 1 0 0 0 0 1 0 0 1 0 0 1 1 0 0 0 0 0 1 1 0 1 1 1 1 1 1 1 1 0 1
 0 1 0 1 0 0 1 1 0 1 0 1 1 1 1 0 0 1 0 0 0 0 0 1 0 1]
[0 3 3 0 0 0 0 0 3 0 0 0 0 0 2 0 0 0 0 3 0 1 4 0 3 0 2 3 3 1 0 1 3 1 0 0 0
 0 0 1 0 0 1 0 2 4 0 3 0 0 0 1 0 2 0 0 1 1 1 4 0 4 3 4 1 0 3 4 3 3 0 2 1 0
 0 4 0 1 0 3 1 3 0 0 0 1 1 4 4 0 0 0 3 0 0 4 2 0 0 1]
[0 3 3 0 0 0 0 0 3 0 0 0 0 0 2 0 0 0 0 3 0 1 4 0 3 0 2 3 3 1 0 1 3 1 0 0 0
 0 0 1 0 0 1 0 2 4 0 3 0 0 0 1 0 2 0 0 1 1 1 4 0 4 3 4 1 0 3 4 3 3 0 2 1 0
 0 4 0 1 0 3 1 3 0 0 0 1 1 4 4 0 0 0 3 0 0 4 2 0 0 1]
[9 3 8 4 8 6 3 9 2 1 1 9 2 3 7 1 9 2 8 5 4 2 2 3 8 2 9 1 9 7 5 6 3 5 5 8 9
 7 2 9 7 6 6 3 1 4 2 1 7 8 8 2 4 5 5 8 3 8 2 1 8 3 4 6 5 8 6 8 8 4 5 4 7 9
 4 1 3 7 6 3 2 5 7 3 5 6 2 2 5 1 1 8 5 9 4 9 4 7 4 5]
[9 3 8 4 8 6 3 9 2 1 1 9 2 3 7 1 9 2 8 5 4 2 2 3 8 2 9 1 9 7 5 6 3 5 5 8 9
 7 2 9 7 6 6 3 1 4 2 1 7 8 8 2 4 5 5 8 3 8 2 1 8 3 4 6 5 8 6 8 8 4 5 4 7 9
 4 1 3 7 6 3 2 5 7 3 5 6 2 2 5 1 1 8 5 9 4 9 4 7 4 5]
[35, 50, 50, 39, 50, 50, 23, 50, 27, 50, 50, 50, 50, 50, 21, 43, 50, 44, 29, 46, 15, 50, 39, 50, 50, 50, 50, 28, 50, 50, 12, 50, 50, 14, 48, 22, 44, 28, 11, 26, 14, 44, 50, 50, 35, 50, 39, 50, 26, 50, 39, 41, 29, 28, 50, 50, 50, 50, 50, 19, 50, 38, 31, 21, 46, 31, 50, 50, 18, 50, 50, 17, 50, 50, 11, 36, 22, 29, 43, 50, 50, 40, 50, 42, 50, 31, 36, 42, 50, 50, 24, 50, 38, 18, 50, 43, 50, 50, 37, 48]
[0 0 0 0 0 0 0 0 0 0 0 0 0 0 0 0 0 0 0 0 0 0 0 0 0 0 0 0 0 0 0 0 0 0 0 0 0
 0 0 0 0 0 0 0 0 0 0 0 0 0 0 0 0 0 0 0 0 0 0 0 0 0 0 0 0 0 0 0 0 0 0 0 0 0
 0 0 0 0 0 0 0 0 0 0 0 0 0 0 0 0 0 0 0 0 0 0 0 0 0 0]
[1 1 1 1 1 1 1 1 1 1 1 1 1 1 1 1 1 1 1 1 1 1 1 1 1 1 1 1 1 1 1 1 1 1 1 1 1
 1 1 1 1 1 1 1 1 1 1 1 1 1 1 1 1 1 1 1 1 1 1 1 1 1 1 1 1 1 1 1 1 1 1 1 1 1
 1 1 1 1 1 1 1 1 1 1 1 1 1 1 1 1 1 1 1 1 1 1 1 1 1 1]
