[ 0  1  2  3  4  5  6  7  8  9 10 11 12 13 14 15 16 17 18 19 20 21 22 23
 24 25 26 27 28 29 30 31 32 33 34 35 36 37 38 39 40 41 42 43 44 45 46 47
 48 49 50 51 52 53 54 55 56 57 58 59 60 61 62 63 64 65 66 67 68 69 70 71
 72 73 74 75 76 77 78 79 80 81 82 83 84 85 86 87 88 89 90 91 92 93 94 95
 96 97 98 99]
[ 7 -1 14 24 34 86 -1 -1 61 33  0 35 -1 90 13 70 -1 46 -1 -1 57 16 74 35
  7 91 -1 64 97 -1 87 34 -1 -1 44 -1 51 66 -1 36 -1 -1 73 79 -1 82 -1 -1
 50 92 -1 83  8 41 58 50 -1 -1 81 -1 37 -1 17 91 -1 30 63 -1 -1 82 13 59
 14 77 -1 -1 -1 96 69 -1 -1 -1 76 -1 98 21 98 10 74 22 -1 34 52 45 -1 15
  3 -1 68 -1]
[0 0 1 1 1 0 1 1 0 1 0 1 1 0 0 0 1 0 1 0 1 1 0 1 1 0 0 1 1 1 0 0 1 1 0 0 0
 0 0 0 1 0 1 1 0 0 0 0 1 1 1 1 0 0 1 1 1 1 0 0 0 1 0 0 1 0 0 0 1 1 1 1 0 1
 0 0 0 0 1 0 0 1 1 0 0 1 1 1 1 1 0 0 0 0 1 1 0 1 1 0]
[0 1 0 2 0 0 4 0 0 0 0 0 0 0 0 2 0 0 1 3 0 0 4 0 3 0 3 2 0 4 2 2 0 4 3 0 3
 1 3 0 0 3 1 4 0 0 4 0 4 0 4 0 0 2 3 2 2 4 0 4 1 0 4 1 3 0 0 2 4 4 0 0 0 0
 0 0 0 0 3 0 2 3 0 0 0 0 0 1 3 0 0 0 0 0 4 1 2 1 0 2]
[0 1 0 2 0 0 4 0 0 0 0 0 0 0 0 2 0 0 1 3 0 0 4 0 3 0 3 2 0 4 2 2 0 4 3 0 3
 1 3 0 0 3 1 4 0 0 4 0 4 0 4 0 0 2 3 2 2 4 0 4 1 0 4 1 3 0 0 2 4 4 0 0 0 0
 0 0 0 0 3 0 2 3 0 0 0 0 0 1 3 0 0 0 0 0 4 1 2 1 0 2]
[7 3 1 2 3 8 1 7 2 8 6 8 3 3 6 7 8 9 4 6 5 3 5 3 5 4 3 1 7 5 3 4 4 9 1 6 1
 2 1 4 6 8 7 5 6 4 4 2 2 1 5 9 6 7 4 8 3 4 2 5 6 5 5 6 7 1 9 5 5 3 3 2 5 3
 5 7 6 3 6 3 5 3 1 2 2 8 2 6 8 7 4 3 9 9 4 5 1 3 7 9]
[7 3 1 2 3 8 1 7 2 8 6 8 3 3 6 7 8 9 4 6 5 3 5 3 5 4 3 1 7 5 3 4 4 9 1 6 1
 2 1 4 6 8 7 5 6 4 4 2 2 1 5 9 6 7 4 8 3 4 2 5 6 5 5 6 7 1 9 5 5 3 3 2 5 3
 5 7 6 3 6 3 5 3 1 2 2 8 2 6 8 7 4 3 9 9 4 5 1 3 7 9]
[50, 50, 15, 17, 34, 40, 24, 38, 44, 35, 11, 50, 14, 50, 21, 50, 50, 50, 33, 27, 33, 50, 50, 50, 50, 50, 22, 50, 40, 39, 36, 33, 50, 22, 50, 50, 50, 50, 50, 50, 50, 44, 43, 50, 50, 50, 44, 50, 50, 50, 50, 50, 30, 36, 31, 50, 50, 50, 27, 50, 50, 21, 50, 48, 50, 18, 34, 25, 50, 50, 22, 50, 48, 32, 29, 50, 50, 10, 15, 50, 50, 50, 24, 50, 49, 45, 13, 50, 27, 13, 50, 10, 50, 50, 38, 26, 23, 50, 50, 47]
[0 0 0 0 0 0 0 0 0 0 0 0 0 0 0 0 0 0 0 0 0 0 0 0 0 0 0 0 0 0 0 0 0 0 0 0 0
 0 0 0 0 0 0 0 0 0 0 0 0 0 0 0 0 0 0 0 0 0 0 0 0 0 0 0 0 0 0 0 0 0 0 0 0 0
 0 0 0 0 0 0 0 0 0 0 0 0 0 0 0 0 0 0 0 0 0 0 0 0 0 0]
[1 1 1 1 1 1 1 1 1 1 1 1 1 1 1 1 1 1 1 1 1 1 1 1 1 1 1 1 1 1 1 1 1 1 1 1 1
 1 1 1 1 1 1 1 1 1 1 1 1 1 1 1 1 1 1 1 1 1 1 1 1 1 1 1 1 1 1 1 1 1 1 1 1 1
 1 1 1 1 1 1 1 1 1 1 1 1 1 1 1 1 1 1 1 1 1 1 1 1 1 1]
