[ 0  1  2  3  4  5  6  7  8  9 10 11 12 13 14 15 16 17 18 19 20 21 22 23
 24 25 26 27 28 29 30 31 32 33 34 35 36 37 38 39 40 41 42 43 44 45 46 47
 48 49 50 51 52 53 54 55 56 57 58 59 60 61 62 63 64 65 66 67 68 69 70 71
 72 73 74 75 76 77 78 79 80 81 82 83 84 85 86 87 88 89 90 91 92 93 94 95
 96 97 98 99]
[-1 73 -1 -1 64 -1 61 66 62 58 -1 30 90 26 -1 27 22 62 -1 57 62 61 44 37
 26 30 88 -1 85 28 41 32 91 84 10 -1 26 -1 41 84 19 -1 -1 68 86 -1 -1 83
 72 59 26 31 -1 80 70 53 98 -1 82 -1 29 56 -1 -1 -1 91 39 72 64 -1 19 92
 -1 -1  2 37 82 42 38  6 -1 32 88 -1 -1 -1 -1 89 38 99 56 22 -1 29 -1 50
 16 99 96 -1]
[1 0 0 1 1 1 1 0 1 1 1 0 0 1 0 1 0 1 0 1 1 1 1 0 1 0 0 0 0 1 0 1 1 0 0 0 1
 0 0 1 1 1 1 1 1 0 0 0 0 0 1 0 0 0 1 0 0 1 1 1 0 1 0 0 1 0 0 1 0 1 0 1 0 1
 1 1 0 1 0 1 1 0 1 0 0 1 1 1 1 1 0 1 1 1 0 1 1 1 1 1]
[4 0 0 3 4 0 1 0 3 1 0 2 0 0 0 3 4 0 0 3 3 4 0 0 0 0 0 0 0 0 0 0 3 0 3 0 0
 3 3 3 4 2 2 0 0 1 1 0 0 4 0 3 3 1 4 0 2 0 3 0 2 2 0 0 2 0 0 2 0 2 4 0 0 2
 4 0 2 3 0 4 0 4 0 1 0 0 4 0 0 0 0 4 0 0 4 3 0 0 3 4]
[4 0 0 3 4 0 1 0 3 1 0 2 0 0 0 3 4 0 0 3 3 4 0 0 0 0 0 0 0 0 0 0 3 0 3 0 0
 3 3 3 4 2 2 0 0 1 1 0 0 4 0 3 3 1 4 0 2 0 3 0 2 2 0 0 2 0 0 2 0 2 4 0 0 2
 4 0 2 3 0 4 0 4 0 1 0 0 4 0 0 0 0 4 0 0 4 3 0 0 3 4]
[6 7 1 6 4 7 7 5 2 9 1 3 1 8 3 6 8 6 1 4 7 5 4 4 2 3 6 1 8 4 7 3 6 5 1 9 5
 7 2 3 5 2 2 7 5 2 9 5 4 9 1 5 5 6 5 5 6 6 1 7 7 1 4 5 6 8 9 8 5 6 9 8 9 2
 2 4 5 4 6 5 5 9 7 3 6 7 7 1 8 8 5 1 1 1 3 4 3 1 7 5]
[6 7 1 6 4 7 7 5 2 9 1 3 1 8 3 6 8 6 1 4 7 5 4 4 2 3 6 1 8 4 7 3 6 5 1 9 5
 7 2 3 5 2 2 7 5 2 9 5 4 9 1 5 5 6 5 5 6 6 1 7 7 1 4 5 6 8 9 8 5 6 9 8 9 2
 2 4 5 4 6 5 5 9 7 3 6 7 7 1 8 8 5 1 1 1 3 4 3 1 7 5]
[50, 41, 50, 50, 50, 35, 50, 37, 24, 40, 50, 16, 50, 18, 50, 50, 34, 50, 50, 39, 50, 10, 29, 50, 39, 50, 12, 50, 50, 50, 17, 50, 50, 50, 50, 35, 50, 10, 50, 50, 50, 35, 50, 13, 50, 50, 50, 50, 26, 50, 27, 26, 50, 44, 50, 45, 50, 46, 50, 50, 50, 50, 44, 50, 20, 24, 50, 50, 50, 17, 50, 34, 50, 50, 20, 23, 12, 26, 17, 50, 50, 50, 48, 50, 50, 13, 50, 50, 21, 26, 15, 50, 17, 21, 50, 50, 50, 49, 31, 24]
[0 0 0 0 0 0 0 0 0 0 0 0 0 0 0 0 0 0 0 0 0 0 0 0 0 0 0 0 0 0 0 0 0 0 0 0 0
 0 0 0 0 0 0 0 0 0 0 0 0 0 0 0 0 0 0 0 0 0 0 0 0 0 0 0 0 0 0 0 0 0 0 0 0 0
 0 0 0 0 0 0 0 0 0 0 0 0 0 0 0 0 0 0 0 0 0 0 0 0 0 0]
[1 1 1 1 1 1 1 1 1 1 1 1 1 1 1 1 1 1 1 1 1 1 1 1 1 1 1 1 1 1 1 1 1 1 1 1 1
 1 1 1 1 1 1 1 1 1 1 1 1 1 1 1 1 1 1 1 1 1 1 1 1 1 1 1 1 1 1 1 1 1 1 1 1 1
 1 1 1 1 1 1 1 1 1 1 1 1 1 1 1 1 1 1 1 1 1 1 1 1 1 1]
