[ 0  1  2  3  4  5  6  7  8  9 10 11 12 13 14 15 16 17 18 19 20 21 22 23
 24 25 26 27 28 29 30 31 32 33 34 35 36 37 38 39 40 41 42 43 44 45 46 47
 48 49 50 51 52 53 54 55 56 57 58 59 60 61 62 63 64 65 66 67 68 69 70 71
 72 73 74 75 76 77 78 79 80 81 82 83 84 85 86 87 88 89 90 91 92 93 94 95
 96 97 98 99]
[90 -1 -1  4 -1 65 -1 31 -1 14 93 36 19 72 37 -1 39 -1 -1 48 -1 98 -1 -1
 -1 78 70 51 94 27 -1 88 77 15 24  5 -1 98 -1 -1 -1 46 -1 57 59 -1 69 -1
 72 80  5 96 -1 32 -1 -1 -1 46 63 47 99 -1 17 -1 48 -1 38 93 67 15 -1 58
 15 31 45 -1 -1 42 57 66 67 -1 36  2 22 64 -1 34 80 91 31 35 68 62 -1 38
 68 84 41 33]
[1 0 1 0 0 0 1 0 1 1 1 1 0 0 0 0 1 1 0 1 0 0 1 1 0 0 1 0 0 1 0 1 0 1 1 0 1
 1 1 1 0 1 0 1 0 1 1 0 0 0 0 0 1 0 1 1 0 0 1 1 0 1 0 0 0 0 0 1 0 0 1 1 0 0
 0 1 0 0 0 1 1 0 1 1 0 1 0 0 1 1 1 1 0 0 0 1 1 1 1 1]
[0 0 0 2 1 4 0 2 0 0 0 0 0 2 2 1 0 0 0 0 2 0 4 4 0 3 3 2 4 0 4 1 0 0 0 0 0
 0 0 1 0 0 2 4 0 1 0 0 0 3 1 3 3 0 4 0 0 3 0 0 3 2 0 4 0 0 0 2 0 1 0 4 0 0
 0 2 0 3 0 3 0 0 3 0 4 2 0 1 0 0 1 2 0 0 0 0 0 0 2 0]
[0 0 0 2 1 4 0 2 0 0 0 0 0 2 2 1 0 0 0 0 2 0 4 4 0 3 3 2 4 0 4 1 0 0 0 0 0
 0 0 1 0 0 2 4 0 1 0 0 0 3 1 3 3 0 4 0 0 3 0 0 3 2 0 4 0 0 0 2 0 1 0 4 0 0
 0 2 0 3 0 3 0 0 3 0 4 2 0 1 0 0 1 2 0 0 0 0 0 0 2 0]
[7 3 6 3 1 6 4 1 5 6 5 8 4 2 9 6 1 6 9 9 4 9 9 3 7 8 7 2 6 2 5 4 6 5 5 8 7
 9 7 1 2 8 2 7 4 2 1 4 9 8 6 9 4 1 7 4 1 8 5 6 9 5 1 8 8 3 5 4 7 3 1 8 7 6
 1 1 7 7 2 4 3 8 7 1 1 6 7 8 3 6 2 5 1 5 2 8 7 5 1 9]
[7 3 6 3 1 6 4 1 5 6 5 8 4 2 9 6 1 6 9 9 4 9 9 3 7 8 7 2 6 2 5 4 6 5 5 8 7
 9 7 1 2 8 2 7 4 2 1 4 9 8 6 9 4 1 7 4 1 8 5 6 9 5 1 8 8 3 5 4 7 3 1 8 7 6
 1 1 7 7 2 4 3 8 7 1 1 6 7 8 3 6 2 5 1 5 2 8 7 5 1 9]
[16, 22, 50, 50, 17, 25, 50, 13, 50, 50, 24, 50, 50, 50, 50, 18, 43, 50, 50, 31, 15, 22, 50, 50, 50, 50, 50, 21, 42, 17, 47, 50, 24, 50, 23, 41, 39, 50, 50, 46, 50, 50, 42, 50, 50, 30, 12, 50, 37, 50, 50, 13, 50, 50, 50, 50, 31, 50, 50, 50, 30, 50, 32, 50, 39, 50, 18, 27, 16, 19, 39, 42, 50, 50, 14, 50, 50, 50, 48, 50, 17, 50, 50, 28, 36, 50, 50, 50, 47, 48, 33, 22, 18, 50, 32, 42, 42, 50, 50, 50]
[0 0 0 0 0 0 0 0 0 0 0 0 0 0 0 0 0 0 0 0 0 0 0 0 0 0 0 0 0 0 0 0 0 0 0 0 0
 0 0 0 0 0 0 0 0 0 0 0 0 0 0 0 0 0 0 0 0 0 0 0 0 0 0 0 0 0 0 0 0 0 0 0 0 0
 0 0 0 0 0 0 0 0 0 0 0 0 0 0 0 0 0 0 0 0 0 0 0 0 0 0]
[1 1 1 1 1 1 1 1 1 1 1 1 1 1 1 1 1 1 1 1 1 1 1 1 1 1 1 1 1 1 1 1 1 1 1 1 1
 1 1 1 1 1 1 1 1 1 1 1 1 1 1 1 1 1 1 1 1 1 1 1 1 1 1 1 1 1 1 1 1 1 1 1 1 1
 1 1 1 1 1 1 1 1 1 1 1 1 1 1 1 1 1 1 1 1 1 1 1 1 1 1]
