[ 0  1  2  3  4  5  6  7  8  9 10 11 12 13 14 15 16 17 18 19 20 21 22 23
 24 25 26 27 28 29 30 31 32 33 34 35 36 37 38 39 40 41 42 43 44 45 46 47
 48 49 50 51 52 53 54 55 56 57 58 59 60 61 62 63 64 65 66 67 68 69 70 71
 72 73 74 75 76 77 78 79 80 81 82 83 84 85 86 87 88 89 90 91 92 93 94 95
 96 97 98 99]
[-1 -1 71 -1 -1 83 32 78 -1 48 32 65 98 72 81 -1 50 -1 -1 26  7 61 -1 20
 -1 69 -1 37 62 -1 53 -1 -1 69 -1 44 -1  3 48 49 -1 78 -1 54 45 98 84 -1
  4  4 19 81 86 64 93 19 -1 48 74 -1 52 75 -1 12 69 -1 43 -1 35 -1 -1 10
 45 31 -1 40 83 57 54  8 82 19 11 -1 12 -1 46 14 -1 -1 -1 53 86 -1 35 97
 -1 -1 20 73]
[1 0 0 0 1 0 1 1 1 1 0 1 1 0 0 1 1 1 1 1 0 0 1 0 0 0 0 0 0 1 1 0 1 1 1 1 0
 1 1 1 1 1 0 0 0 1 1 0 0 1 1 1 0 1 0 0 1 1 0 0 1 1 0 0 1 1 1 0 0 1 0 0 0 0
 1 0 0 0 1 0 1 0 1 0 1 1 1 0 0 1 1 0 0 1 1 1 0 0 1 0]
[3 4 0 0 0 0 3 0 4 0 1 1 0 0 0 1 2 4 2 0 0 4 1 0 3 3 3 2 4 3 4 4 2 0 4 4 1
 3 4 0 4 2 4 1 0 0 0 0 3 0 0 2 0 0 0 3 0 3 4 4 0 0 0 1 3 3 0 0 2 0 2 3 0 0
 0 3 0 1 3 0 0 2 0 0 0 1 3 1 0 3 0 0 1 0 3 4 3 0 3 0]
[3 4 0 0 0 0 3 0 4 0 1 1 0 0 0 1 2 4 2 0 0 4 1 0 3 3 3 2 4 3 4 4 2 0 4 4 1
 3 4 0 4 2 4 1 0 0 0 0 3 0 0 2 0 0 0 3 0 3 4 4 0 0 0 1 3 3 0 0 2 0 2 3 0 0
 0 3 0 1 3 0 0 2 0 0 0 1 3 1 0 3 0 0 1 0 3 4 3 0 3 0]
[3 7 3 8 7 2 6 5 4 8 9 4 7 8 4 1 9 6 4 4 4 4 4 3 7 4 4 6 4 9 8 9 2 1 3 3 2
 3 3 7 6 4 5 3 3 9 2 9 1 4 1 3 3 2 8 9 3 4 5 7 7 9 3 5 7 1 1 6 7 8 4 9 3 3
 7 5 6 9 8 6 1 2 9 8 4 5 6 7 7 6 8 4 3 8 6 3 4 5 8 5]
[3 7 3 8 7 2 6 5 4 8 9 4 7 8 4 1 9 6 4 4 4 4 4 3 7 4 4 6 4 9 8 9 2 1 3 3 2
 3 3 7 6 4 5 3 3 9 2 9 1 4 1 3 3 2 8 9 3 4 5 7 7 9 3 5 7 1 1 6 7 8 4 9 3 3
 7 5 6 9 8 6 1 2 9 8 4 5 6 7 7 6 8 4 3 8 6 3 4 5 8 5]
[50, 50, 39, 16, 41, 23, 34, 50, 50, 15, 13, 49, 50, 47, 16, 10, 39, 50, 48, 50, 30, 50, 21, 50, 10, 18, 50, 42, 50, 50, 21, 14, 50, 50, 50, 45, 20, 50, 34, 50, 36, 50, 21, 50, 50, 37, 50, 49, 50, 27, 50, 50, 37, 23, 50, 36, 43, 50, 50, 50, 50, 50, 27, 50, 49, 13, 19, 32, 50, 18, 50, 34, 41, 50, 50, 44, 44, 42, 50, 50, 50, 50, 48, 50, 15, 45, 24, 50, 49, 25, 50, 47, 40, 50, 50, 50, 25, 21, 46, 48]
[0 0 0 0 0 0 0 0 0 0 0 0 0 0 0 0 0 0 0 0 0 0 0 0 0 0 0 0 0 0 0 0 0 0 0 0 0
 0 0 0 0 0 0 0 0 0 0 0 0 0 0 0 0 0 0 0 0 0 0 0 0 0 0 0 0 0 0 0 0 0 0 0 0 0
 0 0 0 0 0 0 0 0 0 0 0 0 0 0 0 0 0 0 0 0 0 0 0 0 0 0]
[1 1 1 1 1 1 1 1 1 1 1 1 1 1 1 1 1 1 1 1 1 1 1 1 1 1 1 1 1 1 1 1 1 1 1 1 1
 1 1 1 1 1 1 1 1 1 1 1 1 1 1 1 1 1 1 1 1 1 1 1 1 1 1 1 1 1 1 1 1 1 1 1 1 1
 1 1 1 1 1 1 1 1 1 1 1 1 1 1 1 1 1 1 1 1 1 1 1 1 1 1]
