[ 0  1  2  3  4  5  6  7  8  9 10 11 12 13 14 15 16 17 18 19 20 21 22 23
 24 25 26 27 28 29 30 31 32 33 34 35 36 37 38 39 40 41 42 43 44 45 46 47
 48 49 50 51 52 53 54 55 56 57 58 59 60 61 62 63 64 65 66 67 68 69 70 71
 72 73 74 75 76 77 78 79 80 81 82 83 84 85 86 87 88 89 90 91 92 93 94 95
 96 97 98 99]
[-1 66 56 45 -1 -1 -1 -1 -1 82 55 -1 58 -1 -1 85 10 14 74 48 88 -1 69 50
 -1 -1 -1 32 -1 19 77 -1 -1 51 63 -1 99 30 -1 51 -1 30 30 90 -1 -1 69 -1
 93 47 27 36 84 -1 57 90 -1 -1 -1  2 24 15 30 67  6 -1 10 85 71 74 -1 -1
 90 25 -1 34 40 61 10 76 -1 11 43 -1 -1 78 -1 24 54 74 59 -1 90 27 93 22
  1 44 -1 73]
[0 0 0 1 1 1 1 1 1 0 1 1 0 1 0 0 0 0 1 1 0 0 1 0 1 1 0 1 0 0 1 0 0 0 1 1 1
 0 0 1 1 0 1 0 1 0 1 1 1 1 1 1 1 1 0 0 0 1 1 1 1 1 1 0 0 0 1 0 1 0 0 1 1 0
 0 0 1 1 1 1 0 0 0 0 0 0 0 1 0 0 0 0 1 1 1 0 1 0 0 0]
[2 0 0 1 0 3 0 0 0 4 0 1 1 0 1 0 0 4 2 0 0 0 0 3 0 4 0 0 3 0 0 0 0 2 3 3 1
 4 0 1 1 2 0 0 4 1 0 3 0 1 1 1 3 0 0 1 0 1 0 0 1 0 1 3 1 1 2 4 0 0 1 0 0 1
 0 0 0 2 0 4 2 0 0 3 2 2 4 2 0 1 0 3 1 4 0 0 4 3 0 2]
[2 0 0 1 0 3 0 0 0 4 0 1 1 0 1 0 0 4 2 0 0 0 0 3 0 4 0 0 3 0 0 0 0 2 3 3 1
 4 0 1 1 2 0 0 4 1 0 3 0 1 1 1 3 0 0 1 0 1 0 0 1 0 1 3 1 1 2 4 0 0 1 0 0 1
 0 0 0 2 0 4 2 0 0 3 2 2 4 2 0 1 0 3 1 4 0 0 4 3 0 2]
[5 2 8 9 6 4 8 3 1 5 5 6 8 3 1 5 3 6 6 3 6 1 2 3 3 1 6 3 6 9 4 2 4 4 7 5 4
 2 3 6 7 5 8 3 1 4 4 7 1 8 6 9 3 8 3 4 6 9 6 9 1 9 6 8 9 6 1 3 6 4 5 3 2 2
 6 2 5 3 7 7 3 1 9 7 7 9 1 9 5 9 5 5 9 2 5 9 2 7 5 9]
[5 2 8 9 6 4 8 3 1 5 5 6 8 3 1 5 3 6 6 3 6 1 2 3 3 1 6 3 6 9 4 2 4 4 7 5 4
 2 3 6 7 5 8 3 1 4 4 7 1 8 6 9 3 8 3 4 6 9 6 9 1 9 6 8 9 6 1 3 6 4 5 3 2 2
 6 2 5 3 7 7 3 1 9 7 7 9 1 9 5 9 5 5 9 2 5 9 2 7 5 9]
[50, 25, 43, 29, 14, 50, 35, 50, 41, 23, 36, 11, 21, 48, 31, 50, 30, 50, 50, 50, 47, 46, 50, 40, 50, 50, 50, 50, 21, 50, 28, 48, 50, 50, 50, 28, 50, 47, 24, 50, 50, 50, 50, 50, 23, 50, 50, 16, 29, 50, 29, 43, 17, 37, 50, 50, 50, 50, 18, 50, 50, 46, 50, 19, 50, 50, 50, 50, 50, 43, 20, 13, 18, 36, 48, 28, 50, 50, 33, 50, 50, 50, 49, 50, 17, 50, 14, 22, 50, 37, 50, 26, 32, 19, 27, 44, 50, 31, 50, 50]
[0 0 0 0 0 0 0 0 0 0 0 0 0 0 0 0 0 0 0 0 0 0 0 0 0 0 0 0 0 0 0 0 0 0 0 0 0
 0 0 0 0 0 0 0 0 0 0 0 0 0 0 0 0 0 0 0 0 0 0 0 0 0 0 0 0 0 0 0 0 0 0 0 0 0
 0 0 0 0 0 0 0 0 0 0 0 0 0 0 0 0 0 0 0 0 0 0 0 0 0 0]
[1 1 1 1 1 1 1 1 1 1 1 1 1 1 1 1 1 1 1 1 1 1 1 1 1 1 1 1 1 1 1 1 1 1 1 1 1
 1 1 1 1 1 1 1 1 1 1 1 1 1 1 1 1 1 1 1 1 1 1 1 1 1 1 1 1 1 1 1 1 1 1 1 1 1
 1 1 1 1 1 1 1 1 1 1 1 1 1 1 1 1 1 1 1 1 1 1 1 1 1 1]
