[ 0  1  2  3  4  5  6  7  8  9 10 11 12 13 14 15 16 17 18 19 20 21 22 23
 24 25 26 27 28 29 30 31 32 33 34 35 36 37 38 39 40 41 42 43 44 45 46 47
 48 49 50 51 52 53 54 55 56 57 58 59 60 61 62 63 64 65 66 67 68 69 70 71
 72 73 74 75 76 77 78 79 80 81 82 83 84 85 86 87 88 89 90 91 92 93 94 95
 96 97 98 99]
[-1 68 -1 -1 35 35 -1 61  2 17  8 -1 53 50 -1 51 -1 78 89 -1 64 76 38 -1
 50 -1 17 78 27 85 24 86 57 13 66 78 -1 -1 52 46 -1 45 -1 61 50 59 -1 -1
 99 29 61 -1 80 38 -1 -1 -1 -1 50 10  8 48 20 74 -1 71 99 -1 29  2 33 -1
 14 22 45 41 -1 84 -1 -1 -1  1 40 84 96 82 56  5 54 91 83 -1 -1 13 24 68
 92  5 17 -1]
[1 0 0 0 1 0 0 0 0 0 0 0 1 0 1 1 0 0 1 0 0 1 0 0 1 1 1 1 0 0 1 1 1 0 0 0 1
 0 0 1 1 1 1 1 0 1 0 0 0 0 1 0 1 1 1 1 1 1 1 1 1 1 0 0 0 0 1 1 1 0 1 1 1 1
 1 1 0 1 0 1 0 0 0 0 1 1 0 0 0 1 0 0 0 1 0 0 1 1 1 0]
[0 2 0 0 0 4 0 0 3 0 2 2 0 0 3 3 1 1 0 3 0 4 1 0 4 0 2 0 2 0 0 1 0 0 3 0 3
 3 0 0 2 0 0 1 2 2 0 0 0 0 0 4 3 2 3 0 0 4 1 0 0 4 4 0 3 0 0 1 0 0 3 0 0 0
 0 1 2 1 0 0 0 2 0 0 0 0 0 2 0 0 3 0 2 0 0 4 0 0 0 4]
[0 2 0 0 0 4 0 0 3 0 2 2 0 0 3 3 1 1 0 3 0 4 1 0 4 0 2 0 2 0 0 1 0 0 3 0 3
 3 0 0 2 0 0 1 2 2 0 0 0 0 0 4 3 2 3 0 0 4 1 0 0 4 4 0 3 0 0 1 0 0 3 0 0 0
 0 1 2 1 0 0 0 2 0 0 0 0 0 2 0 0 3 0 2 0 0 4 0 0 0 4]
[3 5 5 5 6 9 5 6 9 3 9 3 4 1 1 3 1 5 7 2 5 3 5 7 1 7 7 9 6 4 9 8 6 4 6 7 7
 9 5 2 4 5 8 4 6 7 5 3 5 5 1 4 5 5 6 6 3 6 5 1 5 3 9 5 4 1 2 4 2 8 7 4 3 6
 7 8 9 6 5 4 2 9 4 6 8 1 5 9 7 8 7 7 6 8 9 2 2 6 1 9]
[3 5 5 5 6 9 5 6 9 3 9 3 4 1 1 3 1 5 7 2 5 3 5 7 1 7 7 9 6 4 9 8 6 4 6 7 7
 9 5 2 4 5 8 4 6 7 5 3 5 5 1 4 5 5 6 6 3 6 5 1 5 3 9 5 4 1 2 4 2 8 7 4 3 6
 7 8 9 6 5 4 2 9 4 6 8 1 5 9 7 8 7 7 6 8 9 2 2 6 1 9]
[47, 50, 46, 19, 22, 50, 26, 31, 50, 44, 50, 50, 50, 50, 50, 50, 34, 36, 50, 27, 50, 50, 12, 50, 43, 50, 13, 50, 50, 22, 50, 50, 50, 27, 31, 50, 50, 31, 37, 50, 50, 50, 30, 17, 50, 13, 50, 19, 25, 28, 50, 47, 22, 16, 40, 50, 50, 38, 36, 30, 50, 50, 26, 18, 26, 36, 50, 50, 50, 50, 50, 50, 50, 31, 50, 50, 50, 18, 50, 50, 50, 50, 50, 50, 16, 50, 50, 50, 18, 50, 50, 23, 45, 50, 50, 18, 24, 50, 13, 29]
[0 0 0 0 0 0 0 0 0 0 0 0 0 0 0 0 0 0 0 0 0 0 0 0 0 0 0 0 0 0 0 0 0 0 0 0 0
 0 0 0 0 0 0 0 0 0 0 0 0 0 0 0 0 0 0 0 0 0 0 0 0 0 0 0 0 0 0 0 0 0 0 0 0 0
 0 0 0 0 0 0 0 0 0 0 0 0 0 0 0 0 0 0 0 0 0 0 0 0 0 0]
[1 1 1 1 1 1 1 1 1 1 1 1 1 1 1 1 1 1 1 1 1 1 1 1 1 1 1 1 1 1 1 1 1 1 1 1 1
 1 1 1 1 1 1 1 1 1 1 1 1 1 1 1 1 1 1 1 1 1 1 1 1 1 1 1 1 1 1 1 1 1 1 1 1 1
 1 1 1 1 1 1 1 1 1 1 1 1 1 1 1 1 1 1 1 1 1 1 1 1 1 1]
