[ 0  1  2  3  4  5  6  7  8  9 10 11 12 13 14 15 16 17 18 19 20 21 22 23
 24 25 26 27 28 29 30 31 32 33 34 35 36 37 38 39 40 41 42 43 44 45 46 47
 48 49 50 51 52 53 54 55 56 57 58 59 60 61 62 63 64 65 66 67 68 69 70 71
 72 73 74 75 76 77 78 79 80 81 82 83 84 85 86 87 88 89 90 91 92 93 94 95
 96 97 98 99]
[-1 -1 90  4 83 98 -1 -1 -1 42 90 52 98 -1 39 43 55 73 77 -1  4 58 -1 -1
 -1 13 -1 91 11 -1  9 79 54 87 30 -1 -1 45 -1 -1 42 74 65 -1 86 48 68 -1
 -1 12 22 24 70 69 80  5 -1 37 -1 13 23 -1 -1 -1 46 -1 59 63 -1 -1 -1 24
 -1 29 -1 -1 57 -1 98 -1 46 -1 -1 -1 61 -1  4 -1 -1 66 55 81 54 -1 -1 10
 89 82  8 -1]
[1 1 1 0 0 1 0 1 0 0 0 0 1 0 0 0 1 0 1 1 0 1 1 1 0 0 0 0 0 0 0 0 1 1 0 1 1
 0 1 1 1 1 0 0 1 1 0 1 0 0 1 1 0 0 0 0 1 1 1 1 0 1 1 0 1 0 1 1 1 1 1 1 1 1
 0 0 0 1 0 0 1 0 0 0 0 1 0 0 1 1 0 1 0 1 1 0 0 0 1 0]
[1 0 2 2 1 1 1 0 4 0 0 1 0 1 3 3 2 0 0 2 0 0 4 0 0 0 0 0 4 0 0 0 4 0 0 2 0
 0 1 0 0 0 4 3 0 2 0 0 0 0 4 0 2 3 0 1 0 3 0 1 3 2 4 0 2 0 2 2 0 0 3 4 0 0
 0 0 4 4 0 0 2 2 0 0 2 0 3 0 1 3 0 0 1 4 4 4 4 0 0 0]
[1 0 2 2 1 1 1 0 4 0 0 1 0 1 3 3 2 0 0 2 0 0 4 0 0 0 0 0 4 0 0 0 4 0 0 2 0
 0 1 0 0 0 4 3 0 2 0 0 0 0 4 0 2 3 0 1 0 3 0 1 3 2 4 0 2 0 2 2 0 0 3 4 0 0
 0 0 4 4 0 0 2 2 0 0 2 0 3 0 1 3 0 0 1 4 4 4 4 0 0 0]
[3 7 6 4 9 5 5 9 9 8 2 1 9 6 8 3 5 4 9 5 3 3 6 6 2 8 3 9 4 5 2 6 5 4 9 1 2
 4 9 3 3 3 5 3 2 5 9 5 7 8 7 8 6 4 7 3 6 8 8 8 1 2 1 9 4 1 2 2 2 8 1 9 6 1
 6 1 4 3 6 4 8 1 2 5 7 9 2 4 4 2 5 8 6 1 5 5 9 9 4 6]
[3 7 6 4 9 5 5 9 9 8 2 1 9 6 8 3 5 4 9 5 3 3 6 6 2 8 3 9 4 5 2 6 5 4 9 1 2
 4 9 3 3 3 5 3 2 5 9 5 7 8 7 8 6 4 7 3 6 8 8 8 1 2 1 9 4 1 2 2 2 8 1 9 6 1
 6 1 4 3 6 4 8 1 2 5 7 9 2 4 4 2 5 8 6 1 5 5 9 9 4 6]
[24, 50, 50, 33, 50, 21, 38, 50, 44, 47, 25, 50, 50, 50, 50, 50, 18, 50, 44, 12, 22, 10, 50, 50, 50, 33, 50, 38, 50, 23, 44, 14, 50, 45, 36, 33, 28, 50, 50, 24, 30, 50, 26, 50, 50, 50, 50, 50, 44, 50, 50, 21, 43, 42, 50, 50, 50, 23, 50, 18, 20, 50, 50, 50, 21, 50, 50, 50, 50, 43, 31, 50, 16, 12, 50, 50, 50, 50, 50, 40, 50, 50, 26, 50, 50, 45, 50, 50, 50, 21, 14, 50, 37, 11, 29, 50, 12, 46, 50, 23]
[0 0 0 0 0 0 0 0 0 0 0 0 0 0 0 0 0 0 0 0 0 0 0 0 0 0 0 0 0 0 0 0 0 0 0 0 0
 0 0 0 0 0 0 0 0 0 0 0 0 0 0 0 0 0 0 0 0 0 0 0 0 0 0 0 0 0 0 0 0 0 0 0 0 0
 0 0 0 0 0 0 0 0 0 0 0 0 0 0 0 0 0 0 0 0 0 0 0 0 0 0]
[1 1 1 1 1 1 1 1 1 1 1 1 1 1 1 1 1 1 1 1 1 1 1 1 1 1 1 1 1 1 1 1 1 1 1 1 1
 1 1 1 1 1 1 1 1 1 1 1 1 1 1 1 1 1 1 1 1 1 1 1 1 1 1 1 1 1 1 1 1 1 1 1 1 1
 1 1 1 1 1 1 1 1 1 1 1 1 1 1 1 1 1 1 1 1 1 1 1 1 1 1]
