[ 0  1  2  3  4  5  6  7  8  9 10 11 12 13 14 15 16 17 18 19 20 21 22 23
 24 25 26 27 28 29 30 31 32 33 34 35 36 37 38 39 40 41 42 43 44 45 46 47
 48 49 50 51 52 53 54 55 56 57 58 59 60 61 62 63 64 65 66 67 68 69 70 71
 72 73 74 75 76 77 78 79 80 81 82 83 84 85 86 87 88 89 90 91 92 93 94 95
 96 97 98 99]
[-1 -1 20 -1 29 36 79 -1 48 -1 83 46 -1 75 -1 -1 60 87 91 14 98 -1 -1 47
 84 75 -1 -1 84 -1 58 73 82 -1 53 74 -1 24 99 -1 -1 -1 -1 78 27 10 28 86
 40 -1  2 28 -1 -1 50 59 96 10 54 28 61 21 99 -1 -1 29 23 -1  0 -1 89 -1
 12 -1 60 -1 52 56 49 88 -1 -1 -1 -1 -1 -1 98 -1 29 -1 46 83 77 78 87 48
 -1 40 -1 60]
[0 1 1 1 1 0 0 0 1 0 0 0 1 0 0 0 1 0 0 0 1 1 0 1 1 1 1 1 0 1 0 1 1 0 0 1 1
 1 0 1 1 0 1 0 1 1 1 1 1 0 0 0 0 0 1 1 1 0 0 1 1 1 0 0 0 0 0 1 1 0 0 1 1 0
 1 1 0 1 0 1 0 0 1 1 1 0 0 0 1 0 0 1 1 0 1 1 1 1 0 1]
[0 0 4 0 0 0 4 0 2 0 2 4 4 0 0 1 1 0 1 3 1 0 2 2 4 4 3 4 0 3 0 2 2 0 1 0 4
 0 0 0 4 4 4 4 0 0 4 0 1 0 3 3 0 0 0 4 4 0 1 0 3 3 1 1 0 4 4 3 4 0 1 0 0 2
 3 2 0 0 4 0 4 3 3 0 0 3 0 0 0 0 0 0 0 3 1 3 0 4 0 1]
[0 0 4 0 0 0 4 0 2 0 2 4 4 0 0 1 1 0 1 3 1 0 2 2 4 4 3 4 0 3 0 2 2 0 1 0 4
 0 0 0 4 4 4 4 0 0 4 0 1 0 3 3 0 0 0 4 4 0 1 0 3 3 1 1 0 4 4 3 4 0 1 0 0 2
 3 2 0 0 4 0 4 3 3 0 0 3 0 0 0 0 0 0 0 3 1 3 0 4 0 1]
[8 4 3 3 9 7 6 5 8 2 5 8 2 5 6 7 3 8 2 2 2 4 8 5 6 9 7 8 1 9 3 1 8 9 9 8 7
 3 1 6 8 3 3 6 5 6 7 2 2 1 9 5 5 9 5 2 6 8 8 2 1 8 9 6 6 8 2 7 6 8 8 7 2 4
 7 2 6 5 7 6 7 4 1 4 7 1 9 7 2 4 4 3 9 8 6 7 6 8 6 8]
[8 4 3 3 9 7 6 5 8 2 5 8 2 5 6 7 3 8 2 2 2 4 8 5 6 9 7 8 1 9 3 1 8 9 9 8 7
 3 1 6 8 3 3 6 5 6 7 2 2 1 9 5 5 9 5 2 6 8 8 2 1 8 9 6 6 8 2 7 6 8 8 7 2 4
 7 2 6 5 7 6 7 4 1 4 7 1 9 7 2 4 4 3 9 8 6 7 6 8 6 8]
[50, 50, 50, 50, 50, 50, 26, 23, 34, 35, 38, 37, 30, 50, 31, 25, 50, 11, 41, 16, 29, 50, 50, 23, 35, 50, 46, 39, 16, 34, 38, 25, 41, 50, 34, 50, 35, 11, 29, 50, 28, 50, 50, 46, 32, 50, 50, 50, 50, 30, 50, 50, 50, 45, 42, 35, 43, 50, 50, 50, 30, 31, 20, 32, 50, 29, 49, 50, 50, 32, 17, 50, 50, 50, 50, 48, 50, 37, 50, 48, 49, 50, 28, 50, 50, 50, 17, 39, 11, 50, 30, 50, 50, 48, 21, 50, 50, 18, 46, 37]
[0 0 0 0 0 0 0 0 0 0 0 0 0 0 0 0 0 0 0 0 0 0 0 0 0 0 0 0 0 0 0 0 0 0 0 0 0
 0 0 0 0 0 0 0 0 0 0 0 0 0 0 0 0 0 0 0 0 0 0 0 0 0 0 0 0 0 0 0 0 0 0 0 0 0
 0 0 0 0 0 0 0 0 0 0 0 0 0 0 0 0 0 0 0 0 0 0 0 0 0 0]
[1 1 1 1 1 1 1 1 1 1 1 1 1 1 1 1 1 1 1 1 1 1 1 1 1 1 1 1 1 1 1 1 1 1 1 1 1
 1 1 1 1 1 1 1 1 1 1 1 1 1 1 1 1 1 1 1 1 1 1 1 1 1 1 1 1 1 1 1 1 1 1 1 1 1
 1 1 1 1 1 1 1 1 1 1 1 1 1 1 1 1 1 1 1 1 1 1 1 1 1 1]
