[ 0  1  2  3  4  5  6  7  8  9 10 11 12 13 14 15 16 17 18 19 20 21 22 23
 24 25 26 27 28 29 30 31 32 33 34 35 36 37 38 39 40 41 42 43 44 45 46 47
 48 49 50 51 52 53 54 55 56 57 58 59 60 61 62 63 64 65 66 67 68 69 70 71
 72 73 74 75 76 77 78 79 80 81 82 83 84 85 86 87 88 89 90 91 92 93 94 95
 96 97 98 99]
[-1 -1 22 97 71 83 29 -1 92 70 15 -1 -1 -1 99 -1  9 35  0 93 52 60 -1 93
 51 -1 67 61 72 -1 55 -1 87 44 -1 84 65 -1 -1 -1  9 -1 76 -1 42 -1 53 41
 -1 -1 34 -1 -1 -1 -1 99 -1 -1 -1 85 22 79 21 -1 89 57 -1 13 90 73 39  5
 20 -1 -1 89 38 -1 -1 -1 12 -1 61 -1 90 95 50 92 -1 79 31 30 53 64 74 -1
 -1  7 63 -1]
[1 1 0 1 0 0 0 0 0 1 1 0 1 1 0 1 0 0 1 0 1 0 1 1 1 0 0 0 1 1 0 0 0 0 1 1 0
 1 0 0 0 0 1 1 0 1 0 1 1 0 1 1 1 0 1 1 0 0 0 1 0 1 1 1 0 1 1 0 1 1 0 0 1 1
 1 0 1 0 1 0 1 0 1 1 0 1 0 0 0 0 1 0 1 0 1 0 1 1 0 0]
[2 1 3 0 0 2 1 3 0 3 0 3 0 0 0 1 0 0 0 0 0 4 0 2 0 2 1 0 2 0 4 0 0 0 0 2 0
 3 0 0 0 4 4 1 1 3 0 4 3 1 2 0 0 1 0 0 0 0 3 3 0 2 1 3 0 0 0 1 0 0 4 3 4 0
 2 1 0 3 4 1 0 4 0 0 4 0 0 0 0 2 0 3 0 0 0 2 0 4 2 0]
[2 1 3 0 0 2 1 3 0 3 0 3 0 0 0 1 0 0 0 0 0 4 0 2 0 2 1 0 2 0 4 0 0 0 0 2 0
 3 0 0 0 4 4 1 1 3 0 4 3 1 2 0 0 1 0 0 0 0 3 3 0 2 1 3 0 0 0 1 0 0 4 3 4 0
 2 1 0 3 4 1 0 4 0 0 4 0 0 0 0 2 0 3 0 0 0 2 0 4 2 0]
[7 6 9 1 2 4 1 7 9 4 2 9 6 1 3 5 5 1 1 9 4 6 1 7 4 5 1 2 8 7 5 1 7 8 9 9 8
 3 7 4 9 2 7 1 1 7 7 9 6 9 7 5 5 6 4 5 1 7 5 9 3 4 4 9 8 3 5 6 6 7 3 9 5 8
 5 3 1 5 7 7 4 4 5 1 4 7 1 6 6 4 8 2 5 8 4 5 2 8 8 7]
[7 6 9 1 2 4 1 7 9 4 2 9 6 1 3 5 5 1 1 9 4 6 1 7 4 5 1 2 8 7 5 1 7 8 9 9 8
 3 7 4 9 2 7 1 1 7 7 9 6 9 7 5 5 6 4 5 1 7 5 9 3 4 4 9 8 3 5 6 6 7 3 9 5 8
 5 3 1 5 7 7 4 4 5 1 4 7 1 6 6 4 8 2 5 8 4 5 2 8 8 7]
[50, 47, 50, 39, 50, 34, 50, 50, 25, 13, 50, 50, 50, 35, 50, 50, 50, 40, 50, 50, 44, 50, 50, 10, 50, 50, 50, 44, 50, 48, 50, 50, 50, 50, 39, 36, 16, 35, 19, 16, 11, 32, 20, 10, 50, 27, 50, 44, 50, 35, 50, 21, 50, 11, 50, 23, 36, 50, 15, 50, 50, 50, 17, 16, 43, 50, 50, 26, 36, 50, 50, 18, 10, 50, 43, 46, 37, 50, 50, 50, 50, 50, 50, 50, 45, 50, 12, 42, 28, 17, 32, 50, 50, 49, 50, 35, 50, 36, 37, 50]
[0 0 0 0 0 0 0 0 0 0 0 0 0 0 0 0 0 0 0 0 0 0 0 0 0 0 0 0 0 0 0 0 0 0 0 0 0
 0 0 0 0 0 0 0 0 0 0 0 0 0 0 0 0 0 0 0 0 0 0 0 0 0 0 0 0 0 0 0 0 0 0 0 0 0
 0 0 0 0 0 0 0 0 0 0 0 0 0 0 0 0 0 0 0 0 0 0 0 0 0 0]
[1 1 1 1 1 1 1 1 1 1 1 1 1 1 1 1 1 1 1 1 1 1 1 1 1 1 1 1 1 1 1 1 1 1 1 1 1
 1 1 1 1 1 1 1 1 1 1 1 1 1 1 1 1 1 1 1 1 1 1 1 1 1 1 1 1 1 1 1 1 1 1 1 1 1
 1 1 1 1 1 1 1 1 1 1 1 1 1 1 1 1 1 1 1 1 1 1 1 1 1 1]
