[ 0  1  2  3  4  5  6  7  8  9 10 11 12 13 14 15 16 17 18 19 20 21 22 23
 24 25 26 27 28 29 30 31 32 33 34 35 36 37 38 39 40 41 42 43 44 45 46 47
 48 49 50 51 52 53 54 55 56 57 58 59 60 61 62 63 64 65 66 67 68 69 70 71
 72 73 74 75 76 77 78 79 80 81 82 83 84 85 86 87 88 89 90 91 92 93 94 95
 96 97 98 99]
[35 30 76 -1  9 72 -1 66 13 97 -1  2 10 -1 65 12 95 79 -1 73  5 -1 -1  5
 -1 15 -1 -1 40 25 63 78 99 10 39 75 24 94 -1 -1 -1 14 54 46 23 98 -1 82
 31 -1 48 73 65 -1 50 -1 81 74 32 77  4 51 -1  3 86 91 91 34  7 34 96  9
 24 49 92  9 63 21 -1 65 -1 -1 -1 -1 89 57 65 34 -1 78 81  8 -1 18 27 73
 45 25 40  3]
[1 1 0 1 1 1 1 1 0 0 1 0 1 0 1 0 0 1 0 0 0 1 0 1 0 1 1 0 1 0 0 1 1 0 0 0 1
 1 1 1 1 0 0 1 0 1 1 1 1 1 0 1 1 1 0 0 1 1 0 0 0 1 0 0 1 0 1 1 0 1 1 0 0 0
 1 1 1 1 0 1 0 0 1 1 0 1 1 0 1 0 1 1 0 0 0 1 0 1 0 0]
[2 0 0 2 1 3 4 1 2 0 4 2 0 3 0 0 3 2 0 4 0 3 1 2 1 2 2 0 0 0 0 0 1 0 0 0 1
 0 3 4 4 3 0 0 4 2 0 3 0 4 0 0 2 4 2 0 0 4 3 2 3 0 0 3 0 3 4 4 1 3 3 3 4 3
 3 1 0 0 1 4 4 4 0 0 3 4 0 0 0 1 0 1 0 4 3 1 0 1 0 0]
[2 0 0 2 1 3 4 1 2 0 4 2 0 3 0 0 3 2 0 4 0 3 1 2 1 2 2 0 0 0 0 0 1 0 0 0 1
 0 3 4 4 3 0 0 4 2 0 3 0 4 0 0 2 4 2 0 0 4 3 2 3 0 0 3 0 3 4 4 1 3 3 3 4 3
 3 1 0 0 1 4 4 4 0 0 3 4 0 0 0 1 0 1 0 4 3 1 0 1 0 0]
[2 7 2 5 1 5 4 2 6 7 3 8 3 5 3 1 6 6 3 5 7 5 4 4 1 4 4 3 1 2 6 9 1 7 4 4 2
 9 6 5 2 4 2 2 3 3 1 6 9 6 4 8 1 4 1 5 3 5 7 7 8 2 6 7 4 3 8 9 6 8 6 4 6 8
 4 3 6 6 2 4 2 5 6 2 5 8 9 3 5 3 4 9 9 8 1 1 9 8 7 8]
[2 7 2 5 1 5 4 2 6 7 3 8 3 5 3 1 6 6 3 5 7 5 4 4 1 4 4 3 1 2 6 9 1 7 4 4 2
 9 6 5 2 4 2 2 3 3 1 6 9 6 4 8 1 4 1 5 3 5 7 7 8 2 6 7 4 3 8 9 6 8 6 4 6 8
 4 3 6 6 2 4 2 5 6 2 5 8 9 3 5 3 4 9 9 8 1 1 9 8 7 8]
[50, 50, 31, 50, 19, 50, 50, 45, 45, 41, 44, 50, 50, 16, 50, 50, 50, 20, 50, 11, 28, 34, 50, 18, 29, 50, 50, 50, 50, 42, 14, 50, 44, 50, 10, 17, 44, 50, 18, 11, 50, 50, 14, 29, 40, 50, 14, 50, 37, 34, 15, 50, 50, 50, 50, 50, 50, 50, 19, 50, 50, 50, 50, 28, 34, 50, 50, 50, 39, 50, 50, 16, 50, 44, 16, 50, 50, 35, 33, 50, 50, 50, 33, 34, 50, 27, 37, 50, 50, 50, 29, 38, 50, 50, 19, 50, 45, 29, 50, 31]
[0 0 0 0 0 0 0 0 0 0 0 0 0 0 0 0 0 0 0 0 0 0 0 0 0 0 0 0 0 0 0 0 0 0 0 0 0
 0 0 0 0 0 0 0 0 0 0 0 0 0 0 0 0 0 0 0 0 0 0 0 0 0 0 0 0 0 0 0 0 0 0 0 0 0
 0 0 0 0 0 0 0 0 0 0 0 0 0 0 0 0 0 0 0 0 0 0 0 0 0 0]
[1 1 1 1 1 1 1 1 1 1 1 1 1 1 1 1 1 1 1 1 1 1 1 1 1 1 1 1 1 1 1 1 1 1 1 1 1
 1 1 1 1 1 1 1 1 1 1 1 1 1 1 1 1 1 1 1 1 1 1 1 1 1 1 1 1 1 1 1 1 1 1 1 1 1
 1 1 1 1 1 1 1 1 1 1 1 1 1 1 1 1 1 1 1 1 1 1 1 1 1 1]
