[ 0  1  2  3  4  5  6  7  8  9 10 11 12 13 14 15 16 17 18 19 20 21 22 23
 24 25 26 27 28 29 30 31 32 33 34 35 36 37 38 39 40 41 42 43 44 45 46 47
 48 49 50 51 52 53 54 55 56 57 58 59 60 61 62 63 64 65 66 67 68 69 70 71
 72 73 74 75 76 77 78 79 80 81 82 83 84 85 86 87 88 89 90 91 92 93 94 95
 96 97 98 99]
[-1 -1 -1 38 48 48 -1 -1 72  1 -1 -1 26 -1 -1 99 59  3 99 75 30 22  3 36
 72 17 -1  2  0 -1 -1 97 67  8 -1 66 -1 -1 41 -1 26 30 36 21  4 65 31 41
 57 92 46 -1 75 70 27 17 20 86 59 90 95 47 80  0 -1 -1 -1 -1 89 -1 31 19
 34 92 -1 35 -1 97 12 82 -1 78 -1 66 14 46 61 94 16 47 86 56 64 -1 22 79
 85 -1 18 -1]
[1 1 0 1 0 0 1 0 1 1 0 1 1 1 0 0 1 0 1 0 0 0 0 0 1 1 1 0 1 1 0 1 1 0 0 1 0
 0 1 1 0 0 1 0 1 0 0 1 0 0 0 1 1 0 1 0 0 0 0 1 1 1 0 0 1 0 0 1 0 1 0 0 0 0
 1 1 0 1 1 1 1 0 1 1 0 0 1 0 1 1 0 0 1 0 0 1 0 0 1 1]
[0 4 1 3 2 0 0 0 0 0 0 3 3 0 0 0 1 3 2 0 0 0 2 0 4 0 3 0 1 0 0 4 2 3 0 0 1
 2 2 2 0 2 0 0 1 0 0 0 0 0 0 3 0 2 0 0 1 0 0 0 0 4 1 0 3 2 2 1 1 0 0 0 1 0
 0 4 0 1 0 3 2 2 0 3 1 0 2 0 2 0 0 1 0 4 2 0 0 4 3 2]
[0 4 1 3 2 0 0 0 0 0 0 3 3 0 0 0 1 3 2 0 0 0 2 0 4 0 3 0 1 0 0 4 2 3 0 0 1
 2 2 2 0 2 0 0 1 0 0 0 0 0 0 3 0 2 0 0 1 0 0 0 0 4 1 0 3 2 2 1 1 0 0 0 1 0
 0 4 0 1 0 3 2 2 0 3 1 0 2 0 2 0 0 1 0 4 2 0 0 4 3 2]
[9 5 8 8 3 6 3 8 7 5 4 9 5 8 4 4 9 8 7 6 7 7 5 5 3 5 4 4 2 8 8 8 1 3 9 9 3
 4 1 1 8 7 4 9 2 4 7 3 2 3 7 3 9 7 9 7 3 3 4 7 1 1 8 7 3 5 3 2 9 3 5 1 9 6
 2 1 7 2 3 9 4 3 3 4 3 9 4 4 1 2 1 4 6 2 8 7 5 7 5 6]
[9 5 8 8 3 6 3 8 7 5 4 9 5 8 4 4 9 8 7 6 7 7 5 5 3 5 4 4 2 8 8 8 1 3 9 9 3
 4 1 1 8 7 4 9 2 4 7 3 2 3 7 3 9 7 9 7 3 3 4 7 1 1 8 7 3 5 3 2 9 3 5 1 9 6
 2 1 7 2 3 9 4 3 3 4 3 9 4 4 1 2 1 4 6 2 8 7 5 7 5 6]
[24, 19, 16, 50, 50, 49, 14, 50, 50, 48, 35, 50, 50, 50, 13, 50, 20, 50, 50, 50, 50, 33, 28, 12, 50, 50, 50, 50, 50, 50, 49, 11, 50, 11, 50, 50, 39, 50, 50, 50, 50, 50, 50, 39, 13, 50, 45, 50, 13, 22, 50, 50, 50, 36, 50, 23, 38, 38, 50, 50, 50, 12, 50, 13, 26, 35, 17, 50, 13, 35, 50, 50, 50, 50, 41, 37, 36, 49, 50, 50, 50, 16, 19, 50, 50, 50, 50, 14, 50, 28, 50, 50, 50, 50, 30, 15, 50, 26, 50, 50]
[0 0 0 0 0 0 0 0 0 0 0 0 0 0 0 0 0 0 0 0 0 0 0 0 0 0 0 0 0 0 0 0 0 0 0 0 0
 0 0 0 0 0 0 0 0 0 0 0 0 0 0 0 0 0 0 0 0 0 0 0 0 0 0 0 0 0 0 0 0 0 0 0 0 0
 0 0 0 0 0 0 0 0 0 0 0 0 0 0 0 0 0 0 0 0 0 0 0 0 0 0]
[1 1 1 1 1 1 1 1 1 1 1 1 1 1 1 1 1 1 1 1 1 1 1 1 1 1 1 1 1 1 1 1 1 1 1 1 1
 1 1 1 1 1 1 1 1 1 1 1 1 1 1 1 1 1 1 1 1 1 1 1 1 1 1 1 1 1 1 1 1 1 1 1 1 1
 1 1 1 1 1 1 1 1 1 1 1 1 1 1 1 1 1 1 1 1 1 1 1 1 1 1]
