[ 0  1  2  3  4  5  6  7  8  9 10 11 12 13 14 15 16 17 18 19 20 21 22 23
 24 25 26 27 28 29 30 31 32 33 34 35 36 37 38 39 40 41 42 43 44 45 46 47
 48 49 50 51 52 53 54 55 56 57 58 59 60 61 62 63 64 65 66 67 68 69 70 71
 72 73 74 75 76 77 78 79 80 81 82 83 84 85 86 87 88 89 90 91 92 93 94 95
 96 97 98 99]
[79 55 51 47 -1 38 28 54 44 -1 -1 54 -1 -1 46 12 42 76 10 35 -1 32 58 52
 -1 -1 25 -1 -1 -1 88 93 -1 39 17 69  2 21 -1 68 59 -1 17 -1 45 -1 93 59
 69 48 -1 -1 -1 56 75 -1 62 39 48 56 24 94  6 90 56 -1  7 -1  0 -1 -1 15
 -1 24 28 72 -1 79 15 18 41 17 43 58 87 13 72 -1 -1  1 98 67 -1 45 34 70
 92 69 32 65]
[0 0 0 1 0 0 1 0 1 1 1 0 1 0 1 1 0 0 0 0 0 1 0 0 1 1 1 1 0 0 1 1 0 1 1 0 0
 1 0 1 1 0 0 1 1 1 1 0 0 0 1 0 0 0 0 1 1 0 1 0 0 0 1 1 0 1 1 0 0 1 0 1 1 0
 0 1 1 0 1 0 1 0 1 1 1 1 0 0 0 1 0 0 1 0 1 1 0 0 1 1]
[1 1 0 4 0 1 0 4 0 0 2 3 3 3 0 0 1 0 0 0 0 0 0 0 4 0 4 0 2 0 1 0 4 0 0 0 1
 0 1 0 0 1 4 0 1 3 1 1 0 0 2 0 4 0 2 3 0 0 3 4 3 0 0 0 0 0 0 0 3 0 1 1 0 2
 4 0 0 1 4 0 0 0 0 0 3 1 4 4 1 0 1 0 0 3 0 4 3 0 0 0]
[1 1 0 4 0 1 0 4 0 0 2 3 3 3 0 0 1 0 0 0 0 0 0 0 4 0 4 0 2 0 1 0 4 0 0 0 1
 0 1 0 0 1 4 0 1 3 1 1 0 0 2 0 4 0 2 3 0 0 3 4 3 0 0 0 0 0 0 0 3 0 1 1 0 2
 4 0 0 1 4 0 0 0 0 0 3 1 4 4 1 0 1 0 0 3 0 4 3 0 0 0]
[8 2 5 7 8 2 1 9 5 4 2 3 1 6 4 5 2 5 8 6 9 5 3 8 6 9 3 6 1 3 2 2 1 5 5 9 9
 2 4 7 6 8 2 9 1 9 2 3 8 3 7 1 6 8 3 4 7 5 1 6 4 5 3 9 8 1 1 5 9 7 4 6 6 8
 9 8 3 9 6 5 1 9 2 5 8 7 3 5 3 9 1 7 2 4 4 6 6 6 1 5]
[8 2 5 7 8 2 1 9 5 4 2 3 1 6 4 5 2 5 8 6 9 5 3 8 6 9 3 6 1 3 2 2 1 5 5 9 9
 2 4 7 6 8 2 9 1 9 2 3 8 3 7 1 6 8 3 4 7 5 1 6 4 5 3 9 8 1 1 5 9 7 4 6 6 8
 9 8 3 9 6 5 1 9 2 5 8 7 3 5 3 9 1 7 2 4 4 6 6 6 1 5]
[50, 19, 50, 50, 50, 50, 50, 29, 21, 26, 50, 14, 50, 13, 50, 50, 50, 33, 26, 50, 34, 17, 38, 34, 50, 50, 50, 40, 39, 50, 50, 34, 50, 43, 50, 35, 50, 50, 46, 47, 50, 39, 50, 50, 11, 50, 11, 15, 50, 30, 50, 47, 50, 50, 50, 29, 15, 28, 50, 40, 50, 22, 50, 50, 50, 24, 50, 50, 13, 50, 30, 43, 50, 25, 43, 50, 37, 30, 50, 50, 50, 19, 19, 50, 50, 37, 21, 48, 50, 50, 17, 47, 50, 38, 15, 25, 50, 50, 50, 44]
[0 0 0 0 0 0 0 0 0 0 0 0 0 0 0 0 0 0 0 0 0 0 0 0 0 0 0 0 0 0 0 0 0 0 0 0 0
 0 0 0 0 0 0 0 0 0 0 0 0 0 0 0 0 0 0 0 0 0 0 0 0 0 0 0 0 0 0 0 0 0 0 0 0 0
 0 0 0 0 0 0 0 0 0 0 0 0 0 0 0 0 0 0 0 0 0 0 0 0 0 0]
[1 1 1 1 1 1 1 1 1 1 1 1 1 1 1 1 1 1 1 1 1 1 1 1 1 1 1 1 1 1 1 1 1 1 1 1 1
 1 1 1 1 1 1 1 1 1 1 1 1 1 1 1 1 1 1 1 1 1 1 1 1 1 1 1 1 1 1 1 1 1 1 1 1 1
 1 1 1 1 1 1 1 1 1 1 1 1 1 1 1 1 1 1 1 1 1 1 1 1 1 1]
