[ 0  1  2  3  4  5  6  7  8  9 10 11 12 13 14 15 16 17 18 19 20 21 22 23
 24 25 26 27 28 29 30 31 32 33 34 35 36 37 38 39 40 41 42 43 44 45 46 47
 48 49 50 51 52 53 54 55 56 57 58 59 60 61 62 63 64 65 66 67 68 69 70 71
 72 73 74 75 76 77 78 79 80 81 82 83 84 85 86 87 88 89 90 91 92 93 94 95
 96 97 98 99]
[53 -1  1 54 16 74 86 -1  0 42 25 -1 73 33 28 30 75 81 88 76 68 -1 19 82
 31 -1 17 -1 87 31 98 -1 65 19 -1 -1 -1 -1 -1  9 93  2 -1 28 -1 -1 -1 32
 47 -1 41 48 49 56 -1 67 -1 22 77 88 -1 -1 -1 76 16 34  2 36 -1 -1 15 -1
 19 -1 96 65 -1 70 -1  2 69 -1 70  7  0 18 94 15  3 -1 -1 84 98 81 59 29
  2 -1 56 61]
[1 0 0 1 1 0 1 1 0 1 0 0 0 1 0 0 0 0 0 0 0 0 0 0 1 0 1 1 0 0 0 1 0 0 1 0 0
 0 0 0 0 1 1 0 1 0 0 1 0 1 0 0 1 1 0 0 0 0 0 1 0 0 0 0 1 1 1 0 1 0 0 0 0 0
 1 1 0 0 1 0 0 0 0 0 1 1 0 1 0 1 0 0 1 0 0 0 0 1 1 1]
[2 0 0 0 0 2 3 2 1 4 4 1 4 0 0 0 2 0 0 0 1 4 1 0 0 1 1 0 3 2 0 0 0 0 4 1 4
 3 0 0 3 4 0 0 2 2 0 1 0 0 0 1 1 2 0 1 0 3 2 0 0 0 3 0 0 0 4 0 0 0 3 1 0 0
 0 2 1 3 2 0 0 3 3 2 0 2 0 2 0 4 0 0 0 3 2 0 4 3 0 2]
[2 0 0 0 0 2 3 2 1 4 4 1 4 0 0 0 2 0 0 0 1 4 1 0 0 1 1 0 3 2 0 0 0 0 4 1 4
 3 0 0 3 4 0 0 2 2 0 1 0 0 0 1 1 2 0 1 0 3 2 0 0 0 3 0 0 0 4 0 0 0 3 1 0 0
 0 2 1 3 2 0 0 3 3 2 0 2 0 2 0 4 0 0 0 3 2 0 4 3 0 2]
[1 1 1 4 8 8 7 3 2 3 9 4 1 9 7 2 2 6 5 5 9 1 4 7 3 2 9 7 5 7 9 8 4 8 8 9 1
 4 1 7 2 4 7 7 3 6 7 1 8 8 2 7 7 5 5 8 5 4 5 6 8 1 7 4 8 2 5 3 6 4 6 1 3 2
 8 7 3 3 2 2 2 9 9 6 8 8 8 9 2 2 3 4 7 4 8 1 7 3 5 3]
[1 1 1 4 8 8 7 3 2 3 9 4 1 9 7 2 2 6 5 5 9 1 4 7 3 2 9 7 5 7 9 8 4 8 8 9 1
 4 1 7 2 4 7 7 3 6 7 1 8 8 2 7 7 5 5 8 5 4 5 6 8 1 7 4 8 2 5 3 6 4 6 1 3 2
 8 7 3 3 2 2 2 9 9 6 8 8 8 9 2 2 3 4 7 4 8 1 7 3 5 3]
[50, 50, 26, 50, 50, 50, 40, 50, 17, 31, 14, 50, 50, 48, 50, 50, 10, 50, 50, 50, 20, 50, 50, 50, 15, 21, 50, 43, 50, 42, 31, 50, 46, 50, 50, 50, 44, 50, 50, 50, 13, 11, 39, 50, 14, 50, 16, 20, 50, 50, 50, 15, 42, 50, 50, 50, 26, 28, 50, 21, 20, 50, 18, 50, 50, 12, 50, 50, 50, 50, 32, 10, 50, 50, 37, 19, 50, 26, 50, 50, 29, 50, 50, 33, 16, 50, 50, 28, 33, 50, 45, 50, 50, 50, 32, 50, 50, 17, 50, 50]
[0 0 0 0 0 0 0 0 0 0 0 0 0 0 0 0 0 0 0 0 0 0 0 0 0 0 0 0 0 0 0 0 0 0 0 0 0
 0 0 0 0 0 0 0 0 0 0 0 0 0 0 0 0 0 0 0 0 0 0 0 0 0 0 0 0 0 0 0 0 0 0 0 0 0
 0 0 0 0 0 0 0 0 0 0 0 0 0 0 0 0 0 0 0 0 0 0 0 0 0 0]
[1 1 1 1 1 1 1 1 1 1 1 1 1 1 1 1 1 1 1 1 1 1 1 1 1 1 1 1 1 1 1 1 1 1 1 1 1
 1 1 1 1 1 1 1 1 1 1 1 1 1 1 1 1 1 1 1 1 1 1 1 1 1 1 1 1 1 1 1 1 1 1 1 1 1
 1 1 1 1 1 1 1 1 1 1 1 1 1 1 1 1 1 1 1 1 1 1 1 1 1 1]
