[ 0  1  2  3  4  5  6  7  8  9 10 11 12 13 14 15 16 17 18 19 20 21 22 23
 24 25 26 27 28 29 30 31 32 33 34 35 36 37 38 39 40 41 42 43 44 45 46 47
 48 49 50 51 52 53 54 55 56 57 58 59 60 61 62 63 64 65 66 67 68 69 70 71
 72 73 74 75 76 77 78 79 80 81 82 83 84 85 86 87 88 89 90 91 92 93 94 95
 96 97 98 99]
[ 4 91 47 33 53 62 69 35 98 41 -1 87 -1 26 -1 44 -1 10 99 -1 98 37  0 75
 -1 60 72 95 27 36 -1 -1 15 92 87 -1 10 27 26 -1 59 -1 -1 90 -1 -1 84 -1
 -1 24 -1 -1 -1 54 19 -1 16 82 -1 -1 -1 56 22 31 91 54 98 10 -1  4 -1 74
  6 -1  7 82 29 38 -1 38 -1  0 -1 36 21 51 -1 -1 -1 70 76 45 -1 10 53 89
 86  8 -1 48]
[0 0 1 1 0 1 1 1 0 1 1 0 0 1 1 0 0 1 1 1 1 1 0 1 0 1 1 1 0 0 1 0 1 0 0 1 0
 1 1 0 1 1 1 1 0 1 0 0 1 1 1 1 0 1 0 0 0 0 1 0 1 1 0 1 0 0 1 0 1 0 0 1 1 0
 0 1 1 0 0 1 0 0 1 0 0 0 0 1 0 1 1 1 1 1 0 0 0 0 1 1]
[0 1 2 0 1 1 0 0 0 0 2 0 0 4 3 2 1 3 0 2 1 4 4 0 0 0 4 0 0 0 0 1 0 3 0 0 0
 0 2 1 4 0 3 0 2 3 2 0 1 2 0 3 0 0 1 0 0 0 2 3 2 4 2 4 4 1 2 0 0 1 1 0 2 2
 4 0 4 0 3 2 0 0 0 1 0 4 0 1 4 4 0 1 4 0 0 0 0 0 0 3]
[0 1 2 0 1 1 0 0 0 0 2 0 0 4 3 2 1 3 0 2 1 4 4 0 0 0 4 0 0 0 0 1 0 3 0 0 0
 0 2 1 4 0 3 0 2 3 2 0 1 2 0 3 0 0 1 0 0 0 2 3 2 4 2 4 4 1 2 0 0 1 1 0 2 2
 4 0 4 0 3 2 0 0 0 1 0 4 0 1 4 4 0 1 4 0 0 0 0 0 0 3]
[3 1 9 9 8 3 1 1 6 8 2 5 5 1 7 1 2 4 9 5 2 1 9 3 9 9 9 6 7 2 8 4 3 6 7 9 3
 2 9 4 3 7 8 4 3 5 5 9 7 6 1 7 7 8 1 6 3 9 9 6 2 7 2 5 6 1 2 7 1 2 3 3 7 9
 6 1 1 5 6 1 9 4 9 7 5 4 4 3 9 6 9 9 5 2 8 9 4 9 1 8]
[3 1 9 9 8 3 1 1 6 8 2 5 5 1 7 1 2 4 9 5 2 1 9 3 9 9 9 6 7 2 8 4 3 6 7 9 3
 2 9 4 3 7 8 4 3 5 5 9 7 6 1 7 7 8 1 6 3 9 9 6 2 7 2 5 6 1 2 7 1 2 3 3 7 9
 6 1 1 5 6 1 9 4 9 7 5 4 4 3 9 6 9 9 5 2 8 9 4 9 1 8]
[50, 43, 50, 50, 25, 12, 50, 11, 50, 50, 17, 12, 28, 50, 50, 50, 50, 50, 50, 50, 50, 27, 22, 42, 50, 41, 37, 50, 41, 50, 50, 16, 50, 37, 50, 50, 29, 50, 50, 16, 50, 50, 50, 50, 50, 50, 33, 48, 13, 50, 47, 47, 50, 14, 48, 12, 50, 50, 50, 50, 50, 50, 10, 29, 50, 31, 12, 50, 50, 19, 50, 50, 50, 50, 50, 50, 19, 33, 50, 10, 50, 50, 50, 21, 31, 18, 50, 18, 50, 31, 32, 47, 37, 50, 50, 50, 50, 20, 14, 50]
[0 0 0 0 0 0 0 0 0 0 0 0 0 0 0 0 0 0 0 0 0 0 0 0 0 0 0 0 0 0 0 0 0 0 0 0 0
 0 0 0 0 0 0 0 0 0 0 0 0 0 0 0 0 0 0 0 0 0 0 0 0 0 0 0 0 0 0 0 0 0 0 0 0 0
 0 0 0 0 0 0 0 0 0 0 0 0 0 0 0 0 0 0 0 0 0 0 0 0 0 0]
[1 1 1 1 1 1 1 1 1 1 1 1 1 1 1 1 1 1 1 1 1 1 1 1 1 1 1 1 1 1 1 1 1 1 1 1 1
 1 1 1 1 1 1 1 1 1 1 1 1 1 1 1 1 1 1 1 1 1 1 1 1 1 1 1 1 1 1 1 1 1 1 1 1 1
 1 1 1 1 1 1 1 1 1 1 1 1 1 1 1 1 1 1 1 1 1 1 1 1 1 1]
