[ 0  1  2  3  4  5  6  7  8  9 10 11 12 13 14 15 16 17 18 19 20 21 22 23
 24 25 26 27 28 29 30 31 32 33 34 35 36 37 38 39 40 41 42 43 44 45 46 47
 48 49 50 51 52 53 54 55 56 57 58 59 60 61 62 63 64 65 66 67 68 69 70 71
 72 73 74 75 76 77 78 79 80 81 82 83 84 85 86 87 88 89 90 91 92 93 94 95
 96 97 98 99]
[67 -1 44 46 -1 71 54  8 90 39 -1 -1 45 -1 27 69  7 34  5 29 46 -1 54 80
 -1 10 -1 21 56 68 -1 73 -1 -1 61 -1 80 30 -1  0 -1 25 96 -1 84 63 -1 -1
 22 52 -1 52 62 80 32 -1 23 -1 -1 -1 -1 22  1 -1 65 95 -1 16  9 75 64 38
 79 77 -1 -1 89 66 27 38 39 -1 48 -1 46 72 -1  4 95 -1  4 44 -1 -1 -1 -1
 -1 -1 74 51]
[0 1 1 1 0 0 0 1 0 1 0 1 0 1 0 1 1 0 0 0 1 0 1 0 1 1 0 0 0 0 0 0 1 1 1 0 0
 1 1 0 0 0 0 0 0 1 0 1 0 1 0 1 1 1 1 0 0 0 0 0 1 1 0 0 0 0 1 1 0 1 0 0 1 1
 1 0 0 0 0 0 1 1 0 1 0 1 0 1 0 1 0 1 0 1 0 1 0 0 1 0]
[1 3 0 2 4 4 0 0 0 3 0 3 0 2 1 2 0 0 0 1 0 1 4 0 0 4 0 0 0 3 0 4 4 0 0 0 0
 1 0 2 1 0 3 4 0 3 0 1 0 1 1 0 1 1 4 2 0 0 0 0 0 0 0 2 2 0 0 0 2 0 4 0 0 0
 0 1 4 2 0 0 1 1 0 4 1 1 4 0 3 0 0 1 0 2 0 0 0 0 3 4]
[1 3 0 2 4 4 0 0 0 3 0 3 0 2 1 2 0 0 0 1 0 1 4 0 0 4 0 0 0 3 0 4 4 0 0 0 0
 1 0 2 1 0 3 4 0 3 0 1 0 1 1 0 1 1 4 2 0 0 0 0 0 0 0 2 2 0 0 0 2 0 4 0 0 0
 0 1 4 2 0 0 1 1 0 4 1 1 4 0 3 0 0 1 0 2 0 0 0 0 3 4]
[4 8 9 3 3 7 9 6 2 7 4 7 5 5 8 5 2 6 3 8 5 6 8 3 1 7 4 7 6 4 4 4 4 8 4 3 7
 5 6 4 1 1 5 3 5 3 7 3 4 7 1 9 4 3 8 6 6 4 3 4 1 2 5 2 5 1 5 6 5 7 6 7 6 9
 1 6 7 4 5 4 8 3 5 4 5 5 8 1 7 6 5 5 7 8 8 8 1 9 8 8]
[4 8 9 3 3 7 9 6 2 7 4 7 5 5 8 5 2 6 3 8 5 6 8 3 1 7 4 7 6 4 4 4 4 8 4 3 7
 5 6 4 1 1 5 3 5 3 7 3 4 7 1 9 4 3 8 6 6 4 3 4 1 2 5 2 5 1 5 6 5 7 6 7 6 9
 1 6 7 4 5 4 8 3 5 4 5 5 8 1 7 6 5 5 7 8 8 8 1 9 8 8]
[50, 50, 50, 29, 50, 50, 50, 50, 50, 50, 50, 48, 50, 47, 27, 18, 50, 40, 50, 20, 50, 50, 50, 35, 44, 25, 50, 50, 50, 50, 41, 50, 19, 32, 38, 12, 29, 50, 38, 50, 50, 50, 13, 50, 21, 12, 14, 50, 24, 15, 40, 13, 50, 50, 50, 50, 50, 50, 20, 43, 31, 50, 22, 50, 50, 50, 50, 50, 27, 16, 28, 50, 50, 17, 50, 50, 11, 32, 50, 33, 24, 50, 50, 50, 10, 50, 50, 50, 37, 50, 49, 18, 50, 16, 22, 50, 50, 50, 50, 50]
[0 0 0 0 0 0 0 0 0 0 0 0 0 0 0 0 0 0 0 0 0 0 0 0 0 0 0 0 0 0 0 0 0 0 0 0 0
 0 0 0 0 0 0 0 0 0 0 0 0 0 0 0 0 0 0 0 0 0 0 0 0 0 0 0 0 0 0 0 0 0 0 0 0 0
 0 0 0 0 0 0 0 0 0 0 0 0 0 0 0 0 0 0 0 0 0 0 0 0 0 0]
[1 1 1 1 1 1 1 1 1 1 1 1 1 1 1 1 1 1 1 1 1 1 1 1 1 1 1 1 1 1 1 1 1 1 1 1 1
 1 1 1 1 1 1 1 1 1 1 1 1 1 1 1 1 1 1 1 1 1 1 1 1 1 1 1 1 1 1 1 1 1 1 1 1 1
 1 1 1 1 1 1 1 1 1 1 1 1 1 1 1 1 1 1 1 1 1 1 1 1 1 1]
