[ 0  1  2  3  4  5  6  7  8  9 10 11 12 13 14 15 16 17 18 19 20 21 22 23
 24 25 26 27 28 29 30 31 32 33 34 35 36 37 38 39 40 41 42 43 44 45 46 47
 48 49 50 51 52 53 54 55 56 57 58 59 60 61 62 63 64 65 66 67 68 69 70 71
 72 73 74 75 76 77 78 79 80 81 82 83 84 85 86 87 88 89 90 91 92 93 94 95
 96 97 98 99]
[95 62 40 38 12 34 -1  9 34 -1 -1 23 91 77 75 -1 77 -1 81 36 35 14 50 83
 67 -1 12 52 77 41 35 65 50 -1 54 51 79 80 -1 21 83 73 -1 38 20 -1 39 62
 90 59 66 -1 -1 -1 92 45 54 41 21 21 99 -1 53 82 86 29 29 34 -1 -1  3 92
 26  9 -1 64 -1 81 -1 94 23 -1 -1 -1 49 19 15 96 71 88 -1  7 -1 -1 -1 -1
 92 56 84 61]
[0 0 0 1 1 1 0 0 0 1 1 1 1 1 0 1 0 1 1 0 1 0 0 0 0 1 0 1 0 0 1 0 1 1 1 1 0
 1 0 1 0 0 1 1 0 0 1 1 0 0 1 1 1 1 0 0 1 0 0 0 0 0 0 0 0 1 0 1 0 1 1 1 1 1
 0 1 1 0 0 1 0 1 0 1 0 0 0 1 0 0 1 0 0 1 1 0 0 0 0 0]
[4 0 4 4 1 1 1 0 1 0 2 0 3 2 4 4 2 3 3 0 0 0 3 0 4 2 1 0 0 0 4 2 0 3 0 3 3
 0 0 2 0 3 0 0 0 1 1 1 0 0 1 1 0 4 2 0 0 0 3 1 0 0 4 2 3 3 0 1 0 0 0 0 2 1
 0 1 0 0 4 2 0 2 3 4 0 2 2 0 0 3 2 4 0 0 2 3 0 4 4 2]
[4 0 4 4 1 1 1 0 1 0 2 0 3 2 4 4 2 3 3 0 0 0 3 0 4 2 1 0 0 0 4 2 0 3 0 3 3
 0 0 2 0 3 0 0 0 1 1 1 0 0 1 1 0 4 2 0 0 0 3 1 0 0 4 2 3 3 0 1 0 0 0 0 2 1
 0 1 0 0 4 2 0 2 3 4 0 2 2 0 0 3 2 4 0 0 2 3 0 4 4 2]
[5 2 5 1 9 4 9 1 8 9 1 5 3 1 3 3 2 7 4 2 7 4 5 6 6 1 8 4 7 8 4 9 7 6 5 9 4
 5 6 9 1 8 9 6 7 9 2 3 2 3 5 8 3 5 1 3 2 8 6 7 3 7 2 1 8 7 3 9 8 1 3 3 6 6
 2 2 2 2 7 9 1 9 5 3 4 8 3 4 4 7 1 8 7 1 1 1 1 2 7 4]
[5 2 5 1 9 4 9 1 8 9 1 5 3 1 3 3 2 7 4 2 7 4 5 6 6 1 8 4 7 8 4 9 7 6 5 9 4
 5 6 9 1 8 9 6 7 9 2 3 2 3 5 8 3 5 1 3 2 8 6 7 3 7 2 1 8 7 3 9 8 1 3 3 6 6
 2 2 2 2 7 9 1 9 5 3 4 8 3 4 4 7 1 8 7 1 1 1 1 2 7 4]
[50, 22, 50, 26, 50, 13, 46, 50, 50, 20, 48, 24, 40, 50, 50, 50, 50, 50, 10, 50, 50, 44, 50, 50, 14, 50, 24, 44, 36, 50, 26, 18, 50, 50, 31, 43, 50, 24, 50, 50, 45, 50, 47, 40, 45, 50, 50, 49, 48, 50, 50, 12, 50, 50, 29, 45, 50, 50, 42, 11, 15, 20, 12, 33, 41, 50, 50, 36, 50, 34, 39, 27, 50, 39, 25, 43, 37, 50, 50, 50, 50, 50, 22, 50, 34, 32, 50, 50, 25, 50, 50, 50, 25, 50, 12, 33, 33, 50, 17, 50]
[0 0 0 0 0 0 0 0 0 0 0 0 0 0 0 0 0 0 0 0 0 0 0 0 0 0 0 0 0 0 0 0 0 0 0 0 0
 0 0 0 0 0 0 0 0 0 0 0 0 0 0 0 0 0 0 0 0 0 0 0 0 0 0 0 0 0 0 0 0 0 0 0 0 0
 0 0 0 0 0 0 0 0 0 0 0 0 0 0 0 0 0 0 0 0 0 0 0 0 0 0]
[1 1 1 1 1 1 1 1 1 1 1 1 1 1 1 1 1 1 1 1 1 1 1 1 1 1 1 1 1 1 1 1 1 1 1 1 1
 1 1 1 1 1 1 1 1 1 1 1 1 1 1 1 1 1 1 1 1 1 1 1 1 1 1 1 1 1 1 1 1 1 1 1 1 1
 1 1 1 1 1 1 1 1 1 1 1 1 1 1 1 1 1 1 1 1 1 1 1 1 1 1]
