[ 0  1  2  3  4  5  6  7  8  9 10 11 12 13 14 15 16 17 18 19 20 21 22 23
 24 25 26 27 28 29 30 31 32 33 34 35 36 37 38 39 40 41 42 43 44 45 46 47
 48 49 50 51 52 53 54 55 56 57 58 59 60 61 62 63 64 65 66 67 68 69 70 71
 72 73 74 75 76 77 78 79 80 81 82 83 84 85 86 87 88 89 90 91 92 93 94 95
 96 97 98 99]
[77 -1 -1 -1 -1 -1 94 70 42 -1 -1 40 -1 -1 66 49 70 -1 -1 -1 99 27 67 53
 65 -1 28 18 -1  4 13 -1 -1 14 52 -1 86 57 95 18  5 -1 -1 67 48 20 37 -1
 90 -1 -1  2 -1  9 16 -1 -1 -1  8 -1 99 97 -1 92 -1 57 55 -1 96 -1 30 -1
 43  9 51 -1 -1 62 -1 -1 -1 -1 91 82 36 58 -1 14 26 -1 -1 -1 38 91 96 91
 -1 10 45 11]
[1 0 0 0 1 1 1 1 1 0 0 1 0 1 0 1 0 1 0 0 1 1 0 1 0 1 1 1 0 0 1 0 1 0 0 1 0
 1 0 1 0 0 0 0 1 0 0 0 0 1 1 1 0 0 1 0 0 0 0 0 0 0 1 0 1 0 1 0 0 0 1 1 0 1
 1 1 1 1 0 1 1 1 1 0 0 1 0 1 0 0 0 1 1 0 0 1 1 0 0 0]
[0 0 3 0 0 0 0 0 0 0 0 2 0 2 0 0 1 1 3 4 4 3 3 2 2 0 0 0 0 0 0 2 0 0 0 0 0
 2 1 4 0 0 0 1 0 4 1 0 1 0 2 4 0 2 1 0 1 1 3 1 1 1 0 2 2 2 2 4 4 1 3 0 1 0
 0 0 0 3 4 0 0 1 2 3 0 4 0 3 0 0 0 2 2 0 0 3 0 2 4 0]
[0 0 3 0 0 0 0 0 0 0 0 2 0 2 0 0 1 1 3 4 4 3 3 2 2 0 0 0 0 0 0 2 0 0 0 0 0
 2 1 4 0 0 0 1 0 4 1 0 1 0 2 4 0 2 1 0 1 1 3 1 1 1 0 2 2 2 2 4 4 1 3 0 1 0
 0 0 0 3 4 0 0 1 2 3 0 4 0 3 0 0 0 2 2 0 0 3 0 2 4 0]
[4 9 9 9 5 2 6 3 4 5 8 3 5 2 5 4 3 6 3 5 4 5 4 7 7 6 5 5 8 4 6 9 7 1 6 9 2
 8 8 8 4 4 2 1 6 2 4 5 6 5 1 3 8 2 6 3 9 8 8 7 9 4 9 7 2 8 1 6 6 4 3 4 1 6
 9 5 1 7 9 9 1 7 9 5 2 9 4 2 7 4 1 2 3 7 7 6 2 7 8 4]
[4 9 9 9 5 2 6 3 4 5 8 3 5 2 5 4 3 6 3 5 4 5 4 7 7 6 5 5 8 4 6 9 7 1 6 9 2
 8 8 8 4 4 2 1 6 2 4 5 6 5 1 3 8 2 6 3 9 8 8 7 9 4 9 7 2 8 1 6 6 4 3 4 1 6
 9 5 1 7 9 9 1 7 9 5 2 9 4 2 7 4 1 2 3 7 7 6 2 7 8 4]
[19, 22, 41, 50, 21, 16, 50, 50, 13, 17, 50, 50, 50, 50, 50, 26, 50, 50, 22, 50, 35, 50, 16, 50, 50, 50, 50, 50, 20, 50, 16, 50, 23, 33, 16, 22, 21, 50, 40, 50, 50, 50, 35, 50, 50, 50, 50, 21, 50, 50, 50, 50, 34, 50, 25, 32, 36, 38, 50, 50, 50, 29, 18, 50, 50, 50, 50, 50, 50, 15, 13, 50, 43, 44, 50, 16, 50, 50, 50, 50, 15, 50, 50, 25, 50, 50, 32, 39, 40, 46, 50, 38, 46, 50, 39, 50, 50, 14, 28, 50]
[0 0 0 0 0 0 0 0 0 0 0 0 0 0 0 0 0 0 0 0 0 0 0 0 0 0 0 0 0 0 0 0 0 0 0 0 0
 0 0 0 0 0 0 0 0 0 0 0 0 0 0 0 0 0 0 0 0 0 0 0 0 0 0 0 0 0 0 0 0 0 0 0 0 0
 0 0 0 0 0 0 0 0 0 0 0 0 0 0 0 0 0 0 0 0 0 0 0 0 0 0]
[1 1 1 1 1 1 1 1 1 1 1 1 1 1 1 1 1 1 1 1 1 1 1 1 1 1 1 1 1 1 1 1 1 1 1 1 1
 1 1 1 1 1 1 1 1 1 1 1 1 1 1 1 1 1 1 1 1 1 1 1 1 1 1 1 1 1 1 1 1 1 1 1 1 1
 1 1 1 1 1 1 1 1 1 1 1 1 1 1 1 1 1 1 1 1 1 1 1 1 1 1]
