[ 0  1  2  3  4  5  6  7  8  9 10 11 12 13 14 15 16 17 18 19 20 21 22 23
 24 25 26 27 28 29 30 31 32 33 34 35 36 37 38 39 40 41 42 43 44 45 46 47
 48 49 50 51 52 53 54 55 56 57 58 59 60 61 62 63 64 65 66 67 68 69 70 71
 72 73 74 75 76 77 78 79 80 81 82 83 84 85 86 87 88 89 90 91 92 93 94 95
 96 97 98 99]
[-1 -1 -1 -1 26 45 -1 -1 -1 80 -1 91 93 27 38 -1 21 50 44 37 49 94 -1 19
 36 -1 40 10 61 37 25 57 59 88 -1 98  7 -1 -1 -1 70  3 29 57 -1 15 81 -1
 -1 65 14 66 17 -1  6 39 14 69 -1 91 64 -1 43 -1 65 42  8 76  9  1 -1 42
 -1 -1 63 57 79 29 -1 -1 69 14 -1 66 69 26 73 98 85 91 95  4 22 -1 -1 17
 90 -1 -1 42]
[1 0 1 0 0 0 0 0 1 1 1 1 1 0 0 1 1 0 1 1 0 1 0 0 1 0 1 1 1 1 1 1 0 1 1 1 0
 0 1 1 0 1 1 1 0 0 1 0 0 1 0 1 1 0 0 0 0 1 0 1 0 0 0 0 1 0 1 0 0 1 0 0 1 1
 0 0 1 1 1 1 1 1 1 1 1 1 0 1 1 0 0 1 0 1 1 1 1 1 1 1]
[2 0 2 1 2 2 0 0 0 2 2 3 3 0 0 3 0 0 0 4 2 1 3 4 0 3 0 1 2 4 0 0 0 3 2 4 0
 2 3 0 2 0 0 2 0 0 4 0 0 0 0 0 0 1 3 0 0 2 0 4 1 1 1 3 0 2 0 0 0 2 2 0 1 0
 0 0 0 0 0 4 0 2 0 3 0 0 4 3 0 3 0 3 0 2 1 0 0 3 3 0]
[2 0 2 1 2 2 0 0 0 2 2 3 3 0 0 3 0 0 0 4 2 1 3 4 0 3 0 1 2 4 0 0 0 3 2 4 0
 2 3 0 2 0 0 2 0 0 4 0 0 0 0 0 0 1 3 0 0 2 0 4 1 1 1 3 0 2 0 0 0 2 2 0 1 0
 0 0 0 0 0 4 0 2 0 3 0 0 4 3 0 3 0 3 0 2 1 0 0 3 3 0]
[8 1 8 8 4 5 3 8 9 8 8 5 1 4 3 8 8 9 6 8 6 2 3 6 2 1 2 4 8 2 3 9 4 9 5 5 9
 3 9 1 3 6 5 8 9 4 8 9 8 2 9 9 3 7 9 7 4 6 4 7 7 5 2 3 8 4 1 8 5 5 1 2 8 3
 5 9 9 1 5 1 8 4 9 6 2 7 4 6 2 8 2 5 1 7 4 4 4 7 1 8]
[8 1 8 8 4 5 3 8 9 8 8 5 1 4 3 8 8 9 6 8 6 2 3 6 2 1 2 4 8 2 3 9 4 9 5 5 9
 3 9 1 3 6 5 8 9 4 8 9 8 2 9 9 3 7 9 7 4 6 4 7 7 5 2 3 8 4 1 8 5 5 1 2 8 3
 5 9 9 1 5 1 8 4 9 6 2 7 4 6 2 8 2 5 1 7 4 4 4 7 1 8]
[50, 26, 16, 49, 50, 50, 50, 50, 39, 50, 50, 22, 50, 10, 43, 50, 50, 50, 39, 31, 16, 50, 15, 43, 34, 50, 50, 31, 40, 32, 32, 43, 50, 49, 19, 50, 50, 24, 38, 25, 10, 17, 44, 25, 48, 50, 50, 34, 47, 50, 44, 50, 50, 50, 50, 50, 50, 50, 46, 50, 50, 21, 17, 12, 32, 16, 50, 19, 50, 50, 49, 50, 50, 45, 23, 46, 50, 50, 48, 50, 50, 10, 38, 50, 50, 50, 32, 40, 41, 50, 50, 45, 36, 50, 50, 20, 16, 46, 50, 17]
[0 0 0 0 0 0 0 0 0 0 0 0 0 0 0 0 0 0 0 0 0 0 0 0 0 0 0 0 0 0 0 0 0 0 0 0 0
 0 0 0 0 0 0 0 0 0 0 0 0 0 0 0 0 0 0 0 0 0 0 0 0 0 0 0 0 0 0 0 0 0 0 0 0 0
 0 0 0 0 0 0 0 0 0 0 0 0 0 0 0 0 0 0 0 0 0 0 0 0 0 0]
[1 1 1 1 1 1 1 1 1 1 1 1 1 1 1 1 1 1 1 1 1 1 1 1 1 1 1 1 1 1 1 1 1 1 1 1 1
 1 1 1 1 1 1 1 1 1 1 1 1 1 1 1 1 1 1 1 1 1 1 1 1 1 1 1 1 1 1 1 1 1 1 1 1 1
 1 1 1 1 1 1 1 1 1 1 1 1 1 1 1 1 1 1 1 1 1 1 1 1 1 1]
