[ 0  1  2  3  4  5  6  7  8  9 10 11 12 13 14 15 16 17 18 19 20 21 22 23
 24 25 26 27 28 29 30 31 32 33 34 35 36 37 38 39 40 41 42 43 44 45 46 47
 48 49 50 51 52 53 54 55 56 57 58 59 60 61 62 63 64 65 66 67 68 69 70 71
 72 73 74 75 76 77 78 79 80 81 82 83 84 85 86 87 88 89 90 91 92 93 94 95
 96 97 98 99]
[-1 64 34 29 -1 -1 32 12 -1 67 -1 14 37 91 89 -1 -1 31 36 95 -1  8 42 69
  1 -1 25 -1 35 67 -1 57 -1 43 -1 43 -1 -1 -1  3 26 34 -1  9 69 86 -1 53
 -1 66 -1 -1 -1 -1 26 73 -1 84 50 35 91 21 54 -1 -1 -1 22 61 77 45 47 98
 81 10  4  3 -1 85 -1 -1 -1 -1 21 37 -1 60 74 48 -1 -1  4 20 -1 -1 -1 59
 95 92 36 -1]
[0 1 1 0 1 1 0 0 1 0 1 1 0 0 1 1 0 0 1 0 1 0 1 1 1 0 1 0 0 0 0 1 1 1 0 0 1
 0 0 0 1 0 0 1 0 0 0 1 1 1 1 1 1 1 1 1 1 0 1 0 1 1 1 1 0 1 0 0 1 0 1 1 1 0
 0 0 1 0 1 1 1 0 1 1 0 0 1 1 0 0 0 0 0 1 1 0 1 1 1 0]
[0 3 0 0 2 4 1 0 3 4 3 3 0 1 2 0 4 0 4 2 0 0 3 1 0 1 0 0 0 3 0 0 3 4 0 3 4
 1 0 0 0 2 0 4 0 0 0 0 1 0 0 0 0 0 0 0 0 0 2 1 1 1 4 4 0 1 0 4 0 0 0 0 4 2
 1 0 0 2 3 0 0 3 0 3 0 4 0 2 4 4 0 1 0 0 2 0 0 0 4 3]
[0 3 0 0 2 4 1 0 3 4 3 3 0 1 2 0 4 0 4 2 0 0 3 1 0 1 0 0 0 3 0 0 3 4 0 3 4
 1 0 0 0 2 0 4 0 0 0 0 1 0 0 0 0 0 0 0 0 0 2 1 1 1 4 4 0 1 0 4 0 0 0 0 4 2
 1 0 0 2 3 0 0 3 0 3 0 4 0 2 4 4 0 1 0 0 2 0 0 0 4 3]
[7 3 4 5 9 8 4 1 1 8 5 7 7 5 6 4 1 8 4 6 9 1 4 4 2 3 4 5 8 8 4 7 3 7 4 9 6
 9 8 6 5 4 6 5 7 1 7 1 2 5 9 4 4 3 3 3 9 5 3 9 7 2 5 5 4 6 7 4 5 3 7 7 2 5
 6 1 9 2 5 2 1 9 2 3 3 4 5 2 5 9 5 8 6 6 6 5 9 2 1 3]
[7 3 4 5 9 8 4 1 1 8 5 7 7 5 6 4 1 8 4 6 9 1 4 4 2 3 4 5 8 8 4 7 3 7 4 9 6
 9 8 6 5 4 6 5 7 1 7 1 2 5 9 4 4 3 3 3 9 5 3 9 7 2 5 5 4 6 7 4 5 3 7 7 2 5
 6 1 9 2 5 2 1 9 2 3 3 4 5 2 5 9 5 8 6 6 6 5 9 2 1 3]
[50, 34, 50, 50, 50, 43, 36, 29, 42, 50, 29, 41, 50, 18, 18, 28, 50, 50, 32, 50, 50, 50, 50, 11, 50, 50, 50, 36, 50, 18, 20, 15, 30, 50, 22, 37, 50, 30, 50, 50, 23, 46, 42, 50, 50, 50, 50, 36, 45, 27, 50, 33, 11, 50, 50, 46, 26, 50, 44, 50, 50, 15, 29, 37, 50, 45, 50, 40, 26, 18, 50, 50, 50, 49, 13, 17, 50, 46, 50, 30, 50, 50, 19, 43, 50, 17, 50, 50, 50, 21, 50, 50, 15, 35, 50, 50, 42, 50, 50, 45]
[0 0 0 0 0 0 0 0 0 0 0 0 0 0 0 0 0 0 0 0 0 0 0 0 0 0 0 0 0 0 0 0 0 0 0 0 0
 0 0 0 0 0 0 0 0 0 0 0 0 0 0 0 0 0 0 0 0 0 0 0 0 0 0 0 0 0 0 0 0 0 0 0 0 0
 0 0 0 0 0 0 0 0 0 0 0 0 0 0 0 0 0 0 0 0 0 0 0 0 0 0]
[1 1 1 1 1 1 1 1 1 1 1 1 1 1 1 1 1 1 1 1 1 1 1 1 1 1 1 1 1 1 1 1 1 1 1 1 1
 1 1 1 1 1 1 1 1 1 1 1 1 1 1 1 1 1 1 1 1 1 1 1 1 1 1 1 1 1 1 1 1 1 1 1 1 1
 1 1 1 1 1 1 1 1 1 1 1 1 1 1 1 1 1 1 1 1 1 1 1 1 1 1]
