[ 0  1  2  3  4  5  6  7  8  9 10 11 12 13 14 15 16 17 18 19 20 21 22 23
 24 25 26 27 28 29 30 31 32 33 34 35 36 37 38 39 40 41 42 43 44 45 46 47
 48 49 50 51 52 53 54 55 56 57 58 59 60 61 62 63 64 65 66 67 68 69 70 71
 72 73 74 75 76 77 78 79 80 81 82 83 84 85 86 87 88 89 90 91 92 93 94 95
 96 97 98 99]
[73 19 48  5 79 -1 -1 90 -1 -1 28 77 92 -1 -1 56 21 29 -1 63 -1 56 -1  0
 -1 -1 -1 -1 32 91 99 68  1 43 71 77 -1 91 53 70 -1 -1 99 69 25 82 18 29
 -1 43 -1 75 49 54 31 50 90 14 29 -1 39 37 -1 -1 18 26 99 -1 29 -1 55 -1
 -1 34 -1 61 -1 19 29 17  4 45 -1 34 82 24 36 -1  6 35 -1 73 36 64 69 66
 -1 56 22 -1]
[0 0 1 0 1 1 0 0 0 1 1 0 0 1 0 0 1 1 1 1 1 1 0 1 0 0 0 1 0 1 0 1 0 1 0 1 0
 0 0 0 0 1 0 1 0 1 0 1 0 0 0 1 0 0 1 1 0 1 1 0 0 1 1 0 1 1 0 1 0 1 1 0 0 0
 1 0 1 1 0 1 0 0 0 1 1 0 0 1 1 0 1 1 0 0 1 0 0 0 1 1]
[0 0 0 4 0 2 0 0 1 1 0 1 0 0 0 2 0 4 0 4 0 0 0 4 0 0 0 2 4 3 0 2 0 2 0 0 0
 2 3 0 0 2 0 2 0 2 0 2 2 0 0 4 3 2 0 3 3 0 0 0 2 1 0 0 0 1 0 0 0 0 3 1 1 4
 0 0 0 3 4 3 0 0 2 0 3 1 3 0 0 4 0 2 4 4 0 2 1 0 0 0]
[0 0 0 4 0 2 0 0 1 1 0 1 0 0 0 2 0 4 0 4 0 0 0 4 0 0 0 2 4 3 0 2 0 2 0 0 0
 2 3 0 0 2 0 2 0 2 0 2 2 0 0 4 3 2 0 3 3 0 0 0 2 1 0 0 0 1 0 0 0 0 3 1 1 4
 0 0 0 3 4 3 0 0 2 0 3 1 3 0 0 4 0 2 4 4 0 2 1 0 0 0]
[6 4 2 6 8 3 2 7 3 3 7 3 6 9 9 7 1 3 8 1 6 4 5 3 8 5 8 8 3 5 3 7 2 6 9 5 8
 9 8 9 4 5 9 7 9 6 5 1 7 1 2 2 9 2 7 9 9 2 7 2 3 1 8 8 9 6 7 1 6 8 2 2 6 7
 2 8 7 4 8 3 8 4 1 5 8 6 2 7 7 8 8 5 3 9 5 2 1 7 8 3]
[6 4 2 6 8 3 2 7 3 3 7 3 6 9 9 7 1 3 8 1 6 4 5 3 8 5 8 8 3 5 3 7 2 6 9 5 8
 9 8 9 4 5 9 7 9 6 5 1 7 1 2 2 9 2 7 9 9 2 7 2 3 1 8 8 9 6 7 1 6 8 2 2 6 7
 2 8 7 4 8 3 8 4 1 5 8 6 2 7 7 8 8 5 3 9 5 2 1 7 8 3]
[12, 50, 48, 50, 50, 20, 50, 28, 11, 50, 50, 35, 50, 36, 50, 23, 50, 26, 47, 50, 28, 50, 50, 50, 11, 50, 50, 13, 21, 39, 35, 50, 50, 50, 50, 32, 50, 50, 46, 50, 50, 30, 37, 50, 35, 50, 50, 50, 50, 38, 46, 20, 50, 31, 29, 47, 50, 50, 43, 50, 22, 41, 50, 32, 17, 50, 49, 46, 29, 50, 50, 23, 50, 17, 23, 25, 16, 50, 21, 41, 46, 50, 50, 42, 36, 50, 50, 26, 50, 50, 21, 30, 43, 50, 50, 28, 50, 39, 50, 20]
[0 0 0 0 0 0 0 0 0 0 0 0 0 0 0 0 0 0 0 0 0 0 0 0 0 0 0 0 0 0 0 0 0 0 0 0 0
 0 0 0 0 0 0 0 0 0 0 0 0 0 0 0 0 0 0 0 0 0 0 0 0 0 0 0 0 0 0 0 0 0 0 0 0 0
 0 0 0 0 0 0 0 0 0 0 0 0 0 0 0 0 0 0 0 0 0 0 0 0 0 0]
[1 1 1 1 1 1 1 1 1 1 1 1 1 1 1 1 1 1 1 1 1 1 1 1 1 1 1 1 1 1 1 1 1 1 1 1 1
 1 1 1 1 1 1 1 1 1 1 1 1 1 1 1 1 1 1 1 1 1 1 1 1 1 1 1 1 1 1 1 1 1 1 1 1 1
 1 1 1 1 1 1 1 1 1 1 1 1 1 1 1 1 1 1 1 1 1 1 1 1 1 1]
