[ 0  1  2  3  4  5  6  7  8  9 10 11 12 13 14 15 16 17 18 19 20 21 22 23
 24 25 26 27 28 29 30 31 32 33 34 35 36 37 38 39 40 41 42 43 44 45 46 47
 48 49 50 51 52 53 54 55 56 57 58 59 60 61 62 63 64 65 66 67 68 69 70 71
 72 73 74 75 76 77 78 79 80 81 82 83 84 85 86 87 88 89 90 91 92 93 94 95
 96 97 98 99]
[-1 -1 54 90 -1 68 16 -1 -1 73 68 16  7  5  1 -1 88 -1 49 91 11 18 -1  9
 64 -1 -1 55 -1 92 12 18 -1 -1 65 41 93 -1 59 -1  0 57 23 77 -1 27 -1 52
 25 17 79 11 37  6  6 38 39 45 91 47 -1 -1 -1 73 -1 -1 78  6 27 50  6 43
 -1 22 72 -1 63 15 -1 -1 46 69 -1 -1 -1 66 -1 -1 22 -1 87 34 47 28 -1 -1
 97 87 60 89]
[1 0 0 1 1 0 1 0 1 0 0 0 1 1 1 1 0 0 1 0 1 1 1 0 0 1 1 1 0 1 0 0 1 0 0 0 1
 0 0 0 1 0 1 1 0 0 1 1 1 0 1 0 1 0 1 1 1 1 0 1 1 0 1 0 0 1 1 1 0 1 1 1 1 0
 0 1 0 1 1 0 1 0 0 1 0 0 0 1 1 1 1 1 1 1 1 0 1 0 1 0]
[1 4 0 0 2 0 1 2 0 0 0 0 3 2 1 0 2 1 3 3 0 0 4 0 0 0 1 0 0 4 4 0 4 0 0 1 3
 0 0 0 0 0 1 4 0 2 0 0 4 1 1 2 0 3 2 0 0 4 0 0 0 0 2 3 0 4 2 2 2 0 2 4 2 0
 2 4 1 3 4 0 0 4 0 0 2 0 2 4 4 0 4 0 0 4 4 0 4 3 0 3]
[1 4 0 0 2 0 1 2 0 0 0 0 3 2 1 0 2 1 3 3 0 0 4 0 0 0 1 0 0 4 4 0 4 0 0 1 3
 0 0 0 0 0 1 4 0 2 0 0 4 1 1 2 0 3 2 0 0 4 0 0 0 0 2 3 0 4 2 2 2 0 2 4 2 0
 2 4 1 3 4 0 0 4 0 0 2 0 2 4 4 0 4 0 0 4 4 0 4 3 0 3]
[1 2 2 4 6 8 5 4 4 9 9 2 7 6 9 7 9 3 9 2 2 2 5 3 6 5 5 2 2 9 8 5 4 4 9 7 8
 4 1 2 9 4 4 7 3 5 2 5 7 4 1 6 8 5 3 6 5 5 8 3 5 1 5 3 1 1 6 8 4 6 2 7 7 8
 6 8 1 5 6 2 5 5 2 9 6 4 2 5 4 4 4 1 2 1 1 1 8 7 6 3]
[1 2 2 4 6 8 5 4 4 9 9 2 7 6 9 7 9 3 9 2 2 2 5 3 6 5 5 2 2 9 8 5 4 4 9 7 8
 4 1 2 9 4 4 7 3 5 2 5 7 4 1 6 8 5 3 6 5 5 8 3 5 1 5 3 1 1 6 8 4 6 2 7 7 8
 6 8 1 5 6 2 5 5 2 9 6 4 2 5 4 4 4 1 2 1 1 1 8 7 6 3]
[47, 50, 50, 50, 50, 37, 50, 15, 50, 21, 20, 50, 48, 50, 47, 50, 12, 50, 50, 50, 50, 10, 50, 27, 50, 50, 50, 33, 50, 50, 50, 47, 50, 14, 22, 16, 37, 33, 32, 47, 10, 18, 30, 50, 11, 43, 47, 47, 37, 50, 34, 31, 50, 37, 50, 50, 48, 43, 50, 46, 13, 47, 50, 50, 50, 50, 50, 38, 33, 50, 50, 14, 50, 50, 50, 24, 10, 50, 28, 38, 50, 18, 37, 47, 50, 18, 50, 50, 50, 50, 50, 40, 36, 48, 27, 16, 21, 50, 50, 50]
[0 0 0 0 0 0 0 0 0 0 0 0 0 0 0 0 0 0 0 0 0 0 0 0 0 0 0 0 0 0 0 0 0 0 0 0 0
 0 0 0 0 0 0 0 0 0 0 0 0 0 0 0 0 0 0 0 0 0 0 0 0 0 0 0 0 0 0 0 0 0 0 0 0 0
 0 0 0 0 0 0 0 0 0 0 0 0 0 0 0 0 0 0 0 0 0 0 0 0 0 0]
[1 1 1 1 1 1 1 1 1 1 1 1 1 1 1 1 1 1 1 1 1 1 1 1 1 1 1 1 1 1 1 1 1 1 1 1 1
 1 1 1 1 1 1 1 1 1 1 1 1 1 1 1 1 1 1 1 1 1 1 1 1 1 1 1 1 1 1 1 1 1 1 1 1 1
 1 1 1 1 1 1 1 1 1 1 1 1 1 1 1 1 1 1 1 1 1 1 1 1 1 1]
