[ 0  1  2  3  4  5  6  7  8  9 10 11 12 13 14 15 16 17 18 19 20 21 22 23
 24 25 26 27 28 29 30 31 32 33 34 35 36 37 38 39 40 41 42 43 44 45 46 47
 48 49 50 51 52 53 54 55 56 57 58 59 60 61 62 63 64 65 66 67 68 69 70 71
 72 73 74 75 76 77 78 79 80 81 82 83 84 85 86 87 88 89 90 91 92 93 94 95
 96 97 98 99]
[34 95 -1 76 75 15 -1 -1 -1 -1 99 -1 69 -1  1 -1 95 29 97 28  6 -1 37 46
 90 20 82 -1 -1 14 97 -1 -1 73 -1 81  9 73 43 21  1 80 -1  9 65 53 68 -1
 -1 47 -1 -1 60 15 -1 -1 13 21 13 -1 54 18 13 20 -1 46 85 82  2 41 -1 -1
 70 62 39 20 24 57 82 -1 97 -1 -1 87 -1 -1 37 -1 78 58 55  0 -1 57 82 19
 30 -1  7 25]
[0 1 1 1 0 1 0 1 0 1 0 0 0 1 1 0 1 0 1 0 1 0 0 1 0 0 0 0 0 0 0 1 1 0 1 0 1
 1 0 0 1 0 1 0 0 0 1 1 1 1 0 1 1 0 1 1 1 0 0 0 0 1 1 1 1 1 1 1 0 0 0 0 1 1
 0 1 0 0 1 0 1 0 0 0 0 1 0 1 1 1 0 0 0 0 1 0 0 0 0 0]
[3 0 2 1 3 2 0 2 4 1 0 3 1 0 4 0 0 4 0 0 2 0 0 0 2 0 0 2 0 3 4 0 0 0 0 3 0
 0 0 0 0 0 0 0 0 3 0 0 0 0 0 0 3 1 4 0 0 3 4 2 2 1 0 0 0 0 0 0 0 3 1 0 4 2
 4 0 1 0 4 3 3 1 0 1 0 2 0 3 0 3 3 0 4 1 1 3 0 0 0 0]
[3 0 2 1 3 2 0 2 4 1 0 3 1 0 4 0 0 4 0 0 2 0 0 0 2 0 0 2 0 3 4 0 0 0 0 3 0
 0 0 0 0 0 0 0 0 3 0 0 0 0 0 0 3 1 4 0 0 3 4 2 2 1 0 0 0 0 0 0 0 3 1 0 4 2
 4 0 1 0 4 3 3 1 0 1 0 2 0 3 0 3 3 0 4 1 1 3 0 0 0 0]
[7 3 8 2 1 8 8 1 7 7 7 8 5 7 6 5 5 6 8 6 1 5 3 6 7 9 6 2 5 6 3 1 6 1 2 3 3
 1 6 9 2 5 5 4 9 1 2 5 3 5 6 7 2 5 8 6 9 5 1 5 5 5 2 8 6 8 7 2 7 8 4 7 5 8
 8 3 1 7 4 5 4 5 1 5 3 4 8 4 6 6 1 7 4 9 9 3 4 9 8 3]
[7 3 8 2 1 8 8 1 7 7 7 8 5 7 6 5 5 6 8 6 1 5 3 6 7 9 6 2 5 6 3 1 6 1 2 3 3
 1 6 9 2 5 5 4 9 1 2 5 3 5 6 7 2 5 8 6 9 5 1 5 5 5 2 8 6 8 7 2 7 8 4 7 5 8
 8 3 1 7 4 5 4 5 1 5 3 4 8 4 6 6 1 7 4 9 9 3 4 9 8 3]
[50, 26, 50, 50, 50, 18, 33, 50, 50, 44, 42, 50, 45, 50, 45, 46, 22, 50, 24, 19, 50, 50, 10, 50, 44, 15, 50, 38, 12, 43, 33, 44, 50, 27, 50, 46, 50, 50, 34, 50, 46, 50, 48, 20, 46, 45, 10, 10, 50, 50, 50, 45, 10, 50, 19, 50, 20, 33, 14, 50, 50, 50, 50, 50, 26, 42, 50, 11, 50, 50, 50, 50, 32, 50, 50, 50, 50, 50, 50, 50, 50, 50, 50, 15, 50, 50, 21, 50, 50, 50, 14, 13, 50, 22, 50, 13, 50, 50, 15, 50]
[0 0 0 0 0 0 0 0 0 0 0 0 0 0 0 0 0 0 0 0 0 0 0 0 0 0 0 0 0 0 0 0 0 0 0 0 0
 0 0 0 0 0 0 0 0 0 0 0 0 0 0 0 0 0 0 0 0 0 0 0 0 0 0 0 0 0 0 0 0 0 0 0 0 0
 0 0 0 0 0 0 0 0 0 0 0 0 0 0 0 0 0 0 0 0 0 0 0 0 0 0]
[1 1 1 1 1 1 1 1 1 1 1 1 1 1 1 1 1 1 1 1 1 1 1 1 1 1 1 1 1 1 1 1 1 1 1 1 1
 1 1 1 1 1 1 1 1 1 1 1 1 1 1 1 1 1 1 1 1 1 1 1 1 1 1 1 1 1 1 1 1 1 1 1 1 1
 1 1 1 1 1 1 1 1 1 1 1 1 1 1 1 1 1 1 1 1 1 1 1 1 1 1]
