[ 0  1  2  3  4  5  6  7  8  9 10 11 12 13 14 15 16 17 18 19 20 21 22 23
 24 25 26 27 28 29 30 31 32 33 34 35 36 37 38 39 40 41 42 43 44 45 46 47
 48 49 50 51 52 53 54 55 56 57 58 59 60 61 62 63 64 65 66 67 68 69 70 71
 72 73 74 75 76 77 78 79 80 81 82 83 84 85 86 87 88 89 90 91 92 93 94 95
 96 97 98 99]
[77 -1 -1 56 19 96 33 15  1 -1 -1 21 98 44 -1 70 -1  8 -1 99 58 68 83 70
 44 -1 -1 -1 -1 68 65 91  0 -1 -1 71 37 -1 57 64 -1 68 37 75 -1 87 52 -1
 51 -1 84 65 -1 72 -1 35 -1  6 -1 34 22 -1 -1 83 23 80 60 97 18  2 -1 -1
 77 -1 48 -1 73 73 49 -1 13 -1 -1 -1 64 41 51 22 -1 -1 38 50  3 -1 34 64
 91 72 97 94]
[1 0 1 1 0 0 1 1 0 1 0 0 1 0 1 0 1 1 0 1 0 1 1 1 0 0 1 1 1 1 1 0 1 1 1 1 0
 0 1 1 1 1 1 1 0 0 0 0 0 1 1 0 1 0 0 0 1 0 1 1 0 1 1 0 0 1 1 0 1 1 0 0 0 0
 1 1 0 1 0 1 0 1 1 0 1 0 0 0 1 0 1 1 0 1 0 1 1 1 0 1]
[0 3 3 0 0 4 4 1 4 0 4 0 0 0 4 2 0 4 3 4 4 4 0 0 0 0 3 2 0 3 4 0 1 0 3 2 1
 0 3 0 3 3 0 3 0 0 0 1 0 0 3 0 3 0 0 0 0 0 0 4 1 0 1 2 2 2 0 0 1 2 2 0 0 0
 3 1 1 4 1 3 0 0 1 3 0 1 1 0 4 1 1 0 1 0 4 0 0 0 0 4]
[0 3 3 0 0 4 4 1 4 0 4 0 0 0 4 2 0 4 3 4 4 4 0 0 0 0 3 2 0 3 4 0 1 0 3 2 1
 0 3 0 3 3 0 3 0 0 0 1 0 0 3 0 3 0 0 0 0 0 0 4 1 0 1 2 2 2 0 0 1 2 2 0 0 0
 3 1 1 4 1 3 0 0 1 3 0 1 1 0 4 1 1 0 1 0 4 0 0 0 0 4]
[2 6 7 2 6 8 2 8 4 6 7 2 9 1 2 8 1 5 6 9 9 1 5 2 3 8 1 3 6 7 6 2 4 4 6 4 7
 5 4 4 6 3 1 2 9 1 2 6 5 5 8 5 5 1 3 7 6 9 5 6 1 4 8 1 4 2 4 2 9 5 5 3 1 4
 9 7 7 9 2 1 9 5 4 9 8 1 2 3 3 2 4 3 1 9 2 3 5 5 2 4]
[2 6 7 2 6 8 2 8 4 6 7 2 9 1 2 8 1 5 6 9 9 1 5 2 3 8 1 3 6 7 6 2 4 4 6 4 7
 5 4 4 6 3 1 2 9 1 2 6 5 5 8 5 5 1 3 7 6 9 5 6 1 4 8 1 4 2 4 2 9 5 5 3 1 4
 9 7 7 9 2 1 9 5 4 9 8 1 2 3 3 2 4 3 1 9 2 3 5 5 2 4]
[50, 12, 50, 34, 42, 50, 50, 50, 15, 50, 15, 50, 50, 44, 50, 50, 50, 36, 31, 47, 50, 50, 50, 32, 50, 50, 50, 39, 11, 18, 50, 27, 50, 50, 22, 22, 50, 37, 50, 24, 50, 46, 24, 50, 50, 50, 50, 24, 33, 50, 16, 50, 41, 10, 23, 50, 50, 14, 50, 47, 50, 50, 50, 22, 50, 23, 23, 12, 50, 50, 13, 50, 50, 50, 23, 38, 10, 50, 50, 41, 50, 50, 17, 50, 29, 50, 11, 50, 50, 50, 50, 50, 50, 48, 50, 24, 50, 50, 30, 50]
[0 0 0 0 0 0 0 0 0 0 0 0 0 0 0 0 0 0 0 0 0 0 0 0 0 0 0 0 0 0 0 0 0 0 0 0 0
 0 0 0 0 0 0 0 0 0 0 0 0 0 0 0 0 0 0 0 0 0 0 0 0 0 0 0 0 0 0 0 0 0 0 0 0 0
 0 0 0 0 0 0 0 0 0 0 0 0 0 0 0 0 0 0 0 0 0 0 0 0 0 0]
[1 1 1 1 1 1 1 1 1 1 1 1 1 1 1 1 1 1 1 1 1 1 1 1 1 1 1 1 1 1 1 1 1 1 1 1 1
 1 1 1 1 1 1 1 1 1 1 1 1 1 1 1 1 1 1 1 1 1 1 1 1 1 1 1 1 1 1 1 1 1 1 1 1 1
 1 1 1 1 1 1 1 1 1 1 1 1 1 1 1 1 1 1 1 1 1 1 1 1 1 1]
