[ 0  1  2  3  4  5  6  7  8  9 10 11 12 13 14 15 16 17 18 19 20 21 22 23
 24 25 26 27 28 29 30 31 32 33 34 35 36 37 38 39 40 41 42 43 44 45 46 47
 48 49 50 51 52 53 54 55 56 57 58 59 60 61 62 63 64 65 66 67 68 69 70 71
 72 73 74 75 76 77 78 79 80 81 82 83 84 85 86 87 88 89 90 91 92 93 94 95
 96 97 98 99]
[39 20 97 98  9  0 -1 -1 85 -1 95 -1 35 -1 -1 83 61 87 -1 34 26 55 65 -1
 18 96 94 -1 29 26 -1 14 69 94 57 -1 -1 -1 -1 80 55 90 95 71 37 -1 -1 95
 -1 46 59 -1 -1 83 78  3 29 60 66 36 -1 -1 44 93 -1 79 -1 85 31 -1 81 11
 57 -1 41 11 83 -1 50 78 63 -1  5 -1 11  1 42 98 -1 18 12 74  7 -1 -1 30
 22 -1 44 72]
[1 1 1 0 0 0 0 0 1 0 0 0 0 0 0 0 0 0 1 1 1 1 1 1 0 0 0 1 1 0 1 1 0 0 1 1 1
 0 1 1 1 1 1 1 1 0 0 0 1 0 1 1 0 1 0 0 0 1 1 1 0 1 0 1 0 1 0 1 0 1 0 1 1 0
 0 1 1 0 1 0 0 0 0 0 0 0 1 0 0 0 0 1 0 0 0 1 0 0 1 0]
[1 0 4 1 4 0 0 2 0 2 0 0 0 0 0 0 2 2 0 3 0 4 2 0 0 3 1 2 0 0 0 3 0 3 0 1 0
 3 4 0 4 0 0 0 2 4 0 0 0 4 3 3 1 4 3 3 2 0 0 4 3 4 0 0 0 1 3 4 0 0 2 0 0 2
 0 0 3 2 0 0 3 2 4 0 3 0 0 0 4 3 0 4 0 0 0 0 0 3 3 1]
[1 0 4 1 4 0 0 2 0 2 0 0 0 0 0 0 2 2 0 3 0 4 2 0 0 3 1 2 0 0 0 3 0 3 0 1 0
 3 4 0 4 0 0 0 2 4 0 0 0 4 3 3 1 4 3 3 2 0 0 4 3 4 0 0 0 1 3 4 0 0 2 0 0 2
 0 0 3 2 0 0 3 2 4 0 3 0 0 0 4 3 0 4 0 0 0 0 0 3 3 1]
[2 7 2 6 9 8 8 7 7 1 4 3 9 1 7 5 8 9 8 7 8 6 1 4 7 6 8 9 2 4 6 5 3 9 2 3 8
 6 4 3 8 8 8 5 9 2 6 7 9 8 8 7 4 1 3 3 5 4 3 5 4 5 5 4 5 3 2 4 1 1 8 9 7 7
 6 4 1 5 9 7 7 5 2 2 8 8 8 9 5 2 5 5 5 6 3 8 3 1 8 6]
[2 7 2 6 9 8 8 7 7 1 4 3 9 1 7 5 8 9 8 7 8 6 1 4 7 6 8 9 2 4 6 5 3 9 2 3 8
 6 4 3 8 8 8 5 9 2 6 7 9 8 8 7 4 1 3 3 5 4 3 5 4 5 5 4 5 3 2 4 1 1 8 9 7 7
 6 4 1 5 9 7 7 5 2 2 8 8 8 9 5 2 5 5 5 6 3 8 3 1 8 6]
[50, 38, 38, 18, 50, 33, 50, 50, 30, 50, 50, 35, 46, 40, 13, 47, 50, 13, 50, 50, 36, 27, 40, 50, 50, 14, 50, 50, 25, 50, 25, 46, 50, 22, 31, 50, 50, 28, 50, 50, 33, 50, 44, 24, 50, 50, 48, 50, 36, 32, 48, 50, 50, 10, 46, 50, 21, 50, 50, 15, 50, 50, 20, 50, 50, 50, 50, 50, 50, 50, 50, 24, 17, 50, 49, 21, 50, 15, 50, 50, 50, 50, 33, 19, 50, 11, 10, 50, 50, 50, 35, 50, 17, 50, 21, 21, 37, 50, 48, 50]
[0 0 0 0 0 0 0 0 0 0 0 0 0 0 0 0 0 0 0 0 0 0 0 0 0 0 0 0 0 0 0 0 0 0 0 0 0
 0 0 0 0 0 0 0 0 0 0 0 0 0 0 0 0 0 0 0 0 0 0 0 0 0 0 0 0 0 0 0 0 0 0 0 0 0
 0 0 0 0 0 0 0 0 0 0 0 0 0 0 0 0 0 0 0 0 0 0 0 0 0 0]
[1 1 1 1 1 1 1 1 1 1 1 1 1 1 1 1 1 1 1 1 1 1 1 1 1 1 1 1 1 1 1 1 1 1 1 1 1
 1 1 1 1 1 1 1 1 1 1 1 1 1 1 1 1 1 1 1 1 1 1 1 1 1 1 1 1 1 1 1 1 1 1 1 1 1
 1 1 1 1 1 1 1 1 1 1 1 1 1 1 1 1 1 1 1 1 1 1 1 1 1 1]
