[ 0  1  2  3  4  5  6  7  8  9 10 11 12 13 14 15 16 17 18 19 20 21 22 23
 24 25 26 27 28 29 30 31 32 33 34 35 36 37 38 39 40 41 42 43 44 45 46 47
 48 49 50 51 52 53 54 55 56 57 58 59 60 61 62 63 64 65 66 67 68 69 70 71
 72 73 74 75 76 77 78 79 80 81 82 83 84 85 86 87 88 89 90 91 92 93 94 95
 96 97 98 99]
[39 87 10 36 97 -1 16 22 -1 77 41 74 99 -1 27 -1 53 19 55 27 -1 16 -1 -1
 29 21 60 -1 55  3 -1 72 98 -1 -1 -1 -1  3 14 -1 27 -1  4 23 -1 -1 42 -1
 97  4 76 -1 26 41 10  9 -1 29 98 -1 -1 70 -1 -1 86 95 95 -1 -1 89 14 45
 -1 58 56 39 34 17 20 92 91 74 -1 58 74 11 57 97 97 35 49 50 13 99 57 -1
 -1 11  0 58]
[0 0 0 0 0 1 0 1 1 1 0 1 1 0 0 1 0 0 1 0 0 1 1 0 0 1 1 1 1 0 0 1 1 1 1 0 0
 0 0 0 1 0 0 0 1 0 1 0 0 0 1 1 1 0 0 0 1 0 0 1 1 1 0 1 1 1 1 0 0 0 0 1 0 1
 1 1 0 1 1 0 0 0 0 0 1 1 0 0 0 0 0 0 1 0 0 1 0 1 0 1]
[0 2 1 0 0 0 0 0 1 0 3 1 3 0 0 0 0 0 3 0 3 0 1 2 0 0 2 0 2 0 0 2 3 0 0 0 0
 3 1 4 3 0 0 4 0 4 2 2 0 0 0 4 1 0 2 0 3 0 1 3 0 1 0 4 2 4 0 0 0 0 2 4 0 1
 0 3 0 0 0 0 3 2 3 0 0 0 1 0 0 0 0 4 0 0 0 0 4 2 0 0]
[0 2 1 0 0 0 0 0 1 0 3 1 3 0 0 0 0 0 3 0 3 0 1 2 0 0 2 0 2 0 0 2 3 0 0 0 0
 3 1 4 3 0 0 4 0 4 2 2 0 0 0 4 1 0 2 0 3 0 1 3 0 1 0 4 2 4 0 0 0 0 2 4 0 1
 0 3 0 0 0 0 3 2 3 0 0 0 1 0 0 0 0 4 0 0 0 0 4 2 0 0]
[4 2 4 1 4 5 8 9 8 9 8 6 2 2 4 6 2 1 3 3 6 7 4 5 9 2 1 4 7 9 4 5 2 9 6 5 4
 9 7 6 3 8 3 2 6 8 8 4 8 5 7 9 4 9 7 2 7 4 3 7 3 7 9 1 2 3 9 6 9 1 8 8 6 6
 1 7 9 6 5 7 4 1 4 6 7 3 8 3 8 7 5 4 1 6 6 2 3 3 7 6]
[4 2 4 1 4 5 8 9 8 9 8 6 2 2 4 6 2 1 3 3 6 7 4 5 9 2 1 4 7 9 4 5 2 9 6 5 4
 9 7 6 3 8 3 2 6 8 8 4 8 5 7 9 4 9 7 2 7 4 3 7 3 7 9 1 2 3 9 6 9 1 8 8 6 6
 1 7 9 6 5 7 4 1 4 6 7 3 8 3 8 7 5 4 1 6 6 2 3 3 7 6]
[50, 34, 37, 31, 38, 18, 50, 50, 20, 13, 50, 22, 40, 50, 50, 17, 44, 50, 50, 50, 50, 50, 18, 28, 31, 50, 47, 49, 15, 45, 50, 50, 50, 50, 50, 50, 35, 26, 31, 40, 40, 50, 50, 50, 33, 50, 48, 47, 50, 50, 50, 50, 50, 38, 38, 20, 15, 50, 49, 50, 31, 50, 50, 18, 24, 20, 11, 27, 50, 28, 50, 50, 50, 44, 29, 46, 20, 23, 50, 27, 50, 50, 50, 50, 50, 50, 50, 26, 50, 14, 50, 50, 32, 50, 45, 50, 27, 12, 44, 45]
[0 0 0 0 0 0 0 0 0 0 0 0 0 0 0 0 0 0 0 0 0 0 0 0 0 0 0 0 0 0 0 0 0 0 0 0 0
 0 0 0 0 0 0 0 0 0 0 0 0 0 0 0 0 0 0 0 0 0 0 0 0 0 0 0 0 0 0 0 0 0 0 0 0 0
 0 0 0 0 0 0 0 0 0 0 0 0 0 0 0 0 0 0 0 0 0 0 0 0 0 0]
[1 1 1 1 1 1 1 1 1 1 1 1 1 1 1 1 1 1 1 1 1 1 1 1 1 1 1 1 1 1 1 1 1 1 1 1 1
 1 1 1 1 1 1 1 1 1 1 1 1 1 1 1 1 1 1 1 1 1 1 1 1 1 1 1 1 1 1 1 1 1 1 1 1 1
 1 1 1 1 1 1 1 1 1 1 1 1 1 1 1 1 1 1 1 1 1 1 1 1 1 1]
