[ 0  1  2  3  4  5  6  7  8  9 10 11 12 13 14 15 16 17 18 19 20 21 22 23
 24 25 26 27 28 29 30 31 32 33 34 35 36 37 38 39 40 41 42 43 44 45 46 47
 48 49 50 51 52 53 54 55 56 57 58 59 60 61 62 63 64 65 66 67 68 69 70 71
 72 73 74 75 76 77 78 79 80 81 82 83 84 85 86 87 88 89 90 91 92 93 94 95
 96 97 98 99]
[35 76 -1 69 13 -1 -1  8 55 -1  0 13 79 -1 60 12 12 13  7 -1 -1 61 94 52
 -1 68 -1 93 93 -1 -1  2  2 -1 -1 -1 93 64 86 46 -1 -1  0 -1 -1 -1 84 -1
 -1  4 97 57 16 -1 44 -1 67 80 76 -1 -1 42 22 -1 76 18 -1 14 70  5 -1 -1
 30 29 -1 -1 61 84 88  6 -1 39 43 45 -1 -1 85  7 -1 73 -1 88 -1 -1 88 31
 44 16 78 -1]
[1 0 0 1 1 1 1 1 0 1 0 0 1 1 0 0 0 1 1 0 0 0 1 0 0 0 0 1 0 1 0 1 1 1 0 0 0
 1 0 0 0 1 1 0 0 1 0 1 1 1 1 1 1 1 0 1 0 0 0 0 1 1 0 1 0 0 0 1 1 1 0 0 1 0
 1 0 0 0 0 1 1 0 1 0 1 1 1 1 0 0 1 0 0 0 0 0 0 0 1 0]
[4 0 4 0 1 1 3 0 0 0 0 0 2 0 2 2 0 0 0 0 1 3 0 1 2 3 4 0 4 4 0 1 2 0 0 3 0
 1 0 0 1 0 0 0 0 2 3 2 4 0 4 2 3 1 4 2 2 4 0 0 0 0 0 0 0 0 0 4 0 0 4 0 1 0
 0 0 0 0 1 0 0 0 0 2 0 3 3 4 1 0 0 0 1 2 0 4 4 2 1 2]
[4 0 4 0 1 1 3 0 0 0 0 0 2 0 2 2 0 0 0 0 1 3 0 1 2 3 4 0 4 4 0 1 2 0 0 3 0
 1 0 0 1 0 0 0 0 2 3 2 4 0 4 2 3 1 4 2 2 4 0 0 0 0 0 0 0 0 0 4 0 0 4 0 1 0
 0 0 0 0 1 0 0 0 0 2 0 3 3 4 1 0 0 0 1 2 0 4 4 2 1 2]
[3 1 8 4 7 4 1 2 8 1 8 2 8 4 1 3 4 7 7 2 2 8 9 6 1 3 7 7 3 9 7 1 6 3 7 3 9
 8 7 9 4 9 9 3 8 1 6 4 5 4 1 8 9 3 6 1 7 1 1 3 2 5 3 5 1 2 9 7 7 1 4 6 4 7
 5 6 1 8 3 6 5 7 9 5 1 2 4 2 1 8 8 5 5 7 9 7 3 8 4 7]
[3 1 8 4 7 4 1 2 8 1 8 2 8 4 1 3 4 7 7 2 2 8 9 6 1 3 7 7 3 9 7 1 6 3 7 3 9
 8 7 9 4 9 9 3 8 1 6 4 5 4 1 8 9 3 6 1 7 1 1 3 2 5 3 5 1 2 9 7 7 1 4 6 4 7
 5 6 1 8 3 6 5 7 9 5 1 2 4 2 1 8 8 5 5 7 9 7 3 8 4 7]
[50, 23, 50, 50, 50, 37, 39, 39, 21, 28, 50, 23, 50, 50, 50, 44, 50, 22, 43, 48, 50, 50, 35, 50, 25, 20, 14, 18, 45, 50, 50, 50, 25, 50, 50, 33, 18, 50, 50, 46, 32, 42, 50, 15, 23, 50, 42, 50, 48, 36, 20, 43, 50, 50, 50, 50, 50, 50, 40, 50, 50, 50, 10, 19, 19, 50, 50, 18, 10, 50, 50, 50, 19, 50, 50, 50, 22, 50, 25, 40, 50, 21, 37, 50, 15, 50, 50, 50, 50, 48, 50, 49, 12, 50, 14, 50, 50, 35, 50, 50]
[0 0 0 0 0 0 0 0 0 0 0 0 0 0 0 0 0 0 0 0 0 0 0 0 0 0 0 0 0 0 0 0 0 0 0 0 0
 0 0 0 0 0 0 0 0 0 0 0 0 0 0 0 0 0 0 0 0 0 0 0 0 0 0 0 0 0 0 0 0 0 0 0 0 0
 0 0 0 0 0 0 0 0 0 0 0 0 0 0 0 0 0 0 0 0 0 0 0 0 0 0]
[1 1 1 1 1 1 1 1 1 1 1 1 1 1 1 1 1 1 1 1 1 1 1 1 1 1 1 1 1 1 1 1 1 1 1 1 1
 1 1 1 1 1 1 1 1 1 1 1 1 1 1 1 1 1 1 1 1 1 1 1 1 1 1 1 1 1 1 1 1 1 1 1 1 1
 1 1 1 1 1 1 1 1 1 1 1 1 1 1 1 1 1 1 1 1 1 1 1 1 1 1]
