[ 0  1  2  3  4  5  6  7  8  9 10 11 12 13 14 15 16 17 18 19 20 21 22 23
 24 25 26 27 28 29 30 31 32 33 34 35 36 37 38 39 40 41 42 43 44 45 46 47
 48 49 50 51 52 53 54 55 56 57 58 59 60 61 62 63 64 65 66 67 68 69 70 71
 72 73 74 75 76 77 78 79 80 81 82 83 84 85 86 87 88 89 90 91 92 93 94 95
 96 97 98 99]
[ 3 -1 69 46 -1 88 55 35 67 96 56 22  0 -1 37 96 -1 59  6 96 -1 -1  4 87
 -1  7 52 -1  5 -1 86 21 63 98  6 78 -1 -1 -1 -1 34 88 66 66 19 52 -1 81
 -1 -1 61 91 64  2 -1 28 -1 -1 -1 98 22 68 17 96 -1 -1 -1 62 21 83 78 83
  4 79 28 10 -1 90 -1 87 -1 72 65 -1 63 80 34 -1 -1 64 -1 30 -1 98 -1 87
 -1 39 81 76]
[0 0 0 1 1 0 0 0 1 1 1 0 1 1 0 0 0 0 1 0 1 1 0 0 1 1 1 0 1 0 1 0 0 1 0 0 1
 0 0 1 1 0 1 1 1 0 1 1 1 0 1 0 0 0 1 0 1 0 0 0 0 0 0 1 1 0 1 0 0 0 0 0 0 0
 1 0 0 0 0 0 1 0 1 1 0 0 0 1 1 0 1 1 1 1 1 1 1 0 1 0]
[4 1 0 0 0 0 0 0 0 0 2 0 4 0 0 3 3 0 1 4 1 0 1 0 4 0 4 0 4 3 0 0 1 2 0 0 0
 0 0 2 0 0 3 0 3 0 0 0 0 3 3 0 1 0 1 4 0 3 0 3 0 1 2 4 2 2 0 0 0 4 3 1 1 4
 1 1 4 0 1 0 1 4 0 0 0 1 0 3 0 0 2 4 0 0 0 4 4 0 4 4]
[4 1 0 0 0 0 0 0 0 0 2 0 4 0 0 3 3 0 1 4 1 0 1 0 4 0 4 0 4 3 0 0 1 2 0 0 0
 0 0 2 0 0 3 0 3 0 0 0 0 3 3 0 1 0 1 4 0 3 0 3 0 1 2 4 2 2 0 0 0 4 3 1 1 4
 1 1 4 0 1 0 1 4 0 0 0 1 0 3 0 0 2 4 0 0 0 4 4 0 4 4]
[8 9 4 9 2 7 5 7 9 2 5 4 9 3 9 3 4 8 9 1 9 4 9 8 1 2 2 3 6 6 4 2 8 7 2 5 2
 2 8 5 9 7 3 8 5 3 2 3 8 2 7 5 4 3 5 5 7 3 9 4 3 3 9 6 2 3 4 7 7 2 7 9 5 7
 3 6 4 4 4 9 5 6 9 4 9 2 5 4 6 8 4 3 2 9 5 6 4 5 1 5]
[8 9 4 9 2 7 5 7 9 2 5 4 9 3 9 3 4 8 9 1 9 4 9 8 1 2 2 3 6 6 4 2 8 7 2 5 2
 2 8 5 9 7 3 8 5 3 2 3 8 2 7 5 4 3 5 5 7 3 9 4 3 3 9 6 2 3 4 7 7 2 7 9 5 7
 3 6 4 4 4 9 5 6 9 4 9 2 5 4 6 8 4 3 2 9 5 6 4 5 1 5]
[50, 50, 50, 50, 48, 50, 24, 50, 50, 26, 50, 40, 50, 47, 10, 31, 16, 15, 19, 50, 50, 50, 50, 13, 10, 11, 44, 50, 20, 15, 50, 50, 36, 28, 23, 50, 50, 17, 22, 41, 50, 50, 50, 39, 14, 11, 50, 50, 50, 50, 50, 50, 50, 50, 27, 46, 50, 50, 50, 50, 33, 12, 50, 50, 36, 39, 40, 35, 50, 33, 49, 50, 50, 28, 50, 50, 50, 41, 50, 50, 23, 50, 50, 50, 50, 50, 15, 30, 36, 50, 50, 50, 50, 20, 11, 50, 50, 33, 50, 43]
[0 0 0 0 0 0 0 0 0 0 0 0 0 0 0 0 0 0 0 0 0 0 0 0 0 0 0 0 0 0 0 0 0 0 0 0 0
 0 0 0 0 0 0 0 0 0 0 0 0 0 0 0 0 0 0 0 0 0 0 0 0 0 0 0 0 0 0 0 0 0 0 0 0 0
 0 0 0 0 0 0 0 0 0 0 0 0 0 0 0 0 0 0 0 0 0 0 0 0 0 0]
[1 1 1 1 1 1 1 1 1 1 1 1 1 1 1 1 1 1 1 1 1 1 1 1 1 1 1 1 1 1 1 1 1 1 1 1 1
 1 1 1 1 1 1 1 1 1 1 1 1 1 1 1 1 1 1 1 1 1 1 1 1 1 1 1 1 1 1 1 1 1 1 1 1 1
 1 1 1 1 1 1 1 1 1 1 1 1 1 1 1 1 1 1 1 1 1 1 1 1 1 1]
