[ 0  1  2  3  4  5  6  7  8  9 10 11 12 13 14 15 16 17 18 19 20 21 22 23
 24 25 26 27 28 29 30 31 32 33 34 35 36 37 38 39 40 41 42 43 44 45 46 47
 48 49 50 51 52 53 54 55 56 57 58 59 60 61 62 63 64 65 66 67 68 69 70 71
 72 73 74 75 76 77 78 79 80 81 82 83 84 85 86 87 88 89 90 91 92 93 94 95
 96 97 98 99]
[67 -1 21 75 91 32 -1 17 -1 42 49 -1 37 75 -1 82 -1 77 -1 -1 17 23 -1 -1
 67 -1 -1 87  3 11 -1  0  6 77  1 -1 53 -1  7 -1 80 84 77 -1 -1 95 -1 64
  3 -1 -1 -1 33 21 -1 -1  3 86 -1 67 26 89 27 35 25 21 73 92 71 -1 17  5
 -1 -1 -1 -1 55 -1 91 -1 48 46 81 -1 83 -1 63 16 44 15 40 67 51 16 52 -1
 74 -1 44 41]
[0 0 1 1 0 0 0 1 0 0 0 0 0 1 0 0 1 1 1 1 1 0 1 0 1 0 0 0 1 0 0 1 1 1 1 1 0
 0 0 1 0 0 0 1 1 1 1 0 1 0 1 0 1 1 1 1 1 0 0 1 1 1 0 1 0 1 0 1 1 1 1 0 0 0
 0 0 1 0 0 0 0 1 1 0 0 1 1 0 0 1 1 1 1 1 0 0 0 1 1 0]
[2 2 1 3 0 3 0 3 3 0 1 0 0 4 0 1 3 0 0 0 0 4 3 0 0 0 2 3 4 4 2 3 4 0 0 2 0
 0 2 3 1 1 2 0 0 3 0 0 0 0 0 0 4 0 0 0 0 3 4 1 3 4 0 3 2 0 0 1 3 3 1 0 2 0
 0 3 0 0 0 1 4 0 0 4 3 0 1 4 1 1 1 3 2 1 0 3 0 2 3 0]
[2 2 1 3 0 3 0 3 3 0 1 0 0 4 0 1 3 0 0 0 0 4 3 0 0 0 2 3 4 4 2 3 4 0 0 2 0
 0 2 3 1 1 2 0 0 3 0 0 0 0 0 0 4 0 0 0 0 3 4 1 3 4 0 3 2 0 0 1 3 3 1 0 2 0
 0 3 0 0 0 1 4 0 0 4 3 0 1 4 1 1 1 3 2 1 0 3 0 2 3 0]
[9 7 8 5 7 4 3 1 4 7 3 1 2 8 7 2 9 2 4 5 9 7 2 9 6 2 9 6 4 2 5 1 8 6 1 6 7
 1 8 2 4 1 4 3 4 1 8 6 2 4 6 7 8 3 2 2 3 5 3 1 6 8 6 4 3 8 7 1 4 7 1 8 5 2
 2 4 3 2 2 9 4 9 7 9 3 9 8 2 5 8 3 6 9 6 5 5 9 5 3 8]
[9 7 8 5 7 4 3 1 4 7 3 1 2 8 7 2 9 2 4 5 9 7 2 9 6 2 9 6 4 2 5 1 8 6 1 6 7
 1 8 2 4 1 4 3 4 1 8 6 2 4 6 7 8 3 2 2 3 5 3 1 6 8 6 4 3 8 7 1 4 7 1 8 5 2
 2 4 3 2 2 9 4 9 7 9 3 9 8 2 5 8 3 6 9 6 5 5 9 5 3 8]
[24, 50, 32, 36, 50, 50, 38, 35, 33, 50, 38, 11, 19, 50, 28, 18, 33, 25, 50, 12, 50, 50, 50, 50, 41, 50, 50, 50, 50, 22, 50, 22, 24, 50, 50, 50, 44, 50, 19, 25, 50, 22, 50, 50, 50, 16, 34, 50, 50, 40, 45, 11, 47, 50, 50, 50, 50, 34, 29, 36, 20, 35, 50, 47, 46, 37, 43, 50, 50, 50, 16, 50, 24, 11, 50, 50, 39, 50, 50, 45, 20, 50, 50, 30, 50, 50, 26, 47, 50, 50, 32, 50, 50, 20, 50, 50, 50, 48, 21, 50]
[0 0 0 0 0 0 0 0 0 0 0 0 0 0 0 0 0 0 0 0 0 0 0 0 0 0 0 0 0 0 0 0 0 0 0 0 0
 0 0 0 0 0 0 0 0 0 0 0 0 0 0 0 0 0 0 0 0 0 0 0 0 0 0 0 0 0 0 0 0 0 0 0 0 0
 0 0 0 0 0 0 0 0 0 0 0 0 0 0 0 0 0 0 0 0 0 0 0 0 0 0]
[1 1 1 1 1 1 1 1 1 1 1 1 1 1 1 1 1 1 1 1 1 1 1 1 1 1 1 1 1 1 1 1 1 1 1 1 1
 1 1 1 1 1 1 1 1 1 1 1 1 1 1 1 1 1 1 1 1 1 1 1 1 1 1 1 1 1 1 1 1 1 1 1 1 1
 1 1 1 1 1 1 1 1 1 1 1 1 1 1 1 1 1 1 1 1 1 1 1 1 1 1]
