[ 0  1  2  3  4  5  6  7  8  9 10 11 12 13 14 15 16 17 18 19 20 21 22 23
 24 25 26 27 28 29 30 31 32 33 34 35 36 37 38 39 40 41 42 43 44 45 46 47
 48 49 50 51 52 53 54 55 56 57 58 59 60 61 62 63 64 65 66 67 68 69 70 71
 72 73 74 75 76 77 78 79 80 81 82 83 84 85 86 87 88 89 90 91 92 93 94 95
 96 97 98 99]
[63 51 80 22 -1 -1 -1 56 -1 70 -1 -1 -1 -1 83 78 -1 -1 -1 10 53 18 87 -1
 49 66 -1 -1 72 58 -1 33 -1 43 -1 74 87 -1 28 80  1 69 -1 30  0 54 -1 66
 35  8 -1 38 32 13 38 54 -1 -1 79 95 -1 -1  6 -1 21 -1 57 42 -1  8 -1 -1
 -1 39 49 93 -1 -1  0 21 93 -1 58  3 71  8 23  9 64 -1 93 57 13 -1 50 52
 61 25 33 -1]
[1 0 0 0 0 1 0 0 0 0 0 1 1 0 0 1 0 0 1 1 1 1 0 0 0 0 1 1 1 1 0 0 1 1 0 0 1
 1 0 0 0 1 1 1 1 1 0 1 1 0 1 0 1 1 0 0 0 0 0 1 0 0 1 0 1 1 1 0 1 0 0 1 0 0
 0 1 1 1 0 0 1 1 1 1 1 0 0 1 1 0 0 1 0 1 0 1 0 0 0 1]
[0 0 3 2 0 0 0 0 0 3 2 0 4 4 0 0 0 4 4 0 3 2 4 1 0 0 0 0 3 4 2 0 1 3 0 0 0
 0 3 0 4 0 0 0 1 0 3 4 3 1 0 0 3 1 0 0 1 4 0 1 2 3 4 1 1 0 2 2 4 0 0 1 1 1
 0 3 3 2 0 3 1 4 0 3 2 0 2 0 0 1 3 0 4 3 3 0 0 0 0 0]
[0 0 3 2 0 0 0 0 0 3 2 0 4 4 0 0 0 4 4 0 3 2 4 1 0 0 0 0 3 4 2 0 1 3 0 0 0
 0 3 0 4 0 0 0 1 0 3 4 3 1 0 0 3 1 0 0 1 4 0 1 2 3 4 1 1 0 2 2 4 0 0 1 1 1
 0 3 3 2 0 3 1 4 0 3 2 0 2 0 0 1 3 0 4 3 3 0 0 0 0 0]
[7 6 7 5 8 4 3 9 2 6 6 9 6 2 1 9 6 6 5 5 6 7 3 5 1 6 8 6 9 6 1 8 3 2 4 9 1
 2 4 8 5 6 9 3 2 2 8 8 5 6 6 1 3 9 5 4 5 4 6 6 6 4 9 1 8 5 8 8 3 3 4 9 4 2
 7 1 2 1 4 4 4 5 5 7 1 7 4 1 8 6 7 3 8 2 2 4 6 6 8 1]
[7 6 7 5 8 4 3 9 2 6 6 9 6 2 1 9 6 6 5 5 6 7 3 5 1 6 8 6 9 6 1 8 3 2 4 9 1
 2 4 8 5 6 9 3 2 2 8 8 5 6 6 1 3 9 5 4 5 4 6 6 6 4 9 1 8 5 8 8 3 3 4 9 4 2
 7 1 2 1 4 4 4 5 5 7 1 7 4 1 8 6 7 3 8 2 2 4 6 6 8 1]
[20, 48, 34, 50, 50, 50, 50, 21, 50, 50, 50, 50, 13, 49, 29, 50, 50, 50, 22, 44, 50, 50, 43, 19, 10, 50, 50, 35, 27, 50, 36, 50, 31, 22, 50, 32, 50, 50, 43, 19, 41, 50, 50, 50, 16, 38, 50, 50, 36, 50, 49, 50, 44, 37, 50, 50, 50, 50, 50, 40, 38, 14, 41, 50, 50, 16, 12, 46, 12, 50, 24, 38, 50, 20, 50, 50, 50, 50, 20, 35, 19, 50, 50, 50, 22, 32, 48, 50, 35, 50, 50, 43, 30, 46, 35, 18, 50, 30, 31, 47]
[0 0 0 0 0 0 0 0 0 0 0 0 0 0 0 0 0 0 0 0 0 0 0 0 0 0 0 0 0 0 0 0 0 0 0 0 0
 0 0 0 0 0 0 0 0 0 0 0 0 0 0 0 0 0 0 0 0 0 0 0 0 0 0 0 0 0 0 0 0 0 0 0 0 0
 0 0 0 0 0 0 0 0 0 0 0 0 0 0 0 0 0 0 0 0 0 0 0 0 0 0]
[1 1 1 1 1 1 1 1 1 1 1 1 1 1 1 1 1 1 1 1 1 1 1 1 1 1 1 1 1 1 1 1 1 1 1 1 1
 1 1 1 1 1 1 1 1 1 1 1 1 1 1 1 1 1 1 1 1 1 1 1 1 1 1 1 1 1 1 1 1 1 1 1 1 1
 1 1 1 1 1 1 1 1 1 1 1 1 1 1 1 1 1 1 1 1 1 1 1 1 1 1]
