[ 0  1  2  3  4  5  6  7  8  9 10 11 12 13 14 15 16 17 18 19 20 21 22 23
 24 25 26 27 28 29 30 31 32 33 34 35 36 37 38 39 40 41 42 43 44 45 46 47
 48 49 50 51 52 53 54 55 56 57 58 59 60 61 62 63 64 65 66 67 68 69 70 71
 72 73 74 75 76 77 78 79 80 81 82 83 84 85 86 87 88 89 90 91 92 93 94 95
 96 97 98 99]
[ 5 59 82 67 -1 78 60 76 -1 76 80 70 -1 94 -1 63 94 52 -1 -1 -1 31 -1 -1
  5 -1 85 62 70 90 39 -1 -1 -1 17 12 14 -1 -1 -1 74 19 76 86 16 17 -1 89
 -1 -1 -1 21 28 -1 -1  2 -1 -1 -1 -1 98  8 -1 70 -1 -1 -1 54 51 96 -1 92
 76 67 -1 -1 58 12 -1 46  5 -1 14 36 14 -1 -1 74  7 48 50  2 55 -1 60 -1
  9 25 65  4]
[1 0 0 1 0 1 0 1 0 1 1 1 1 1 0 0 1 1 0 0 1 1 0 1 1 0 1 1 0 1 0 0 0 0 0 0 1
 0 1 1 0 1 0 1 1 1 1 0 1 1 1 0 0 1 1 0 1 1 0 1 0 0 0 1 0 1 1 1 0 0 1 0 0 1
 1 1 1 0 1 1 0 1 1 1 1 1 0 1 0 0 0 1 1 1 1 0 0 0 0 0]
[0 2 0 2 3 1 0 1 4 1 1 0 0 0 0 0 1 3 1 0 0 2 0 0 4 0 4 3 1 0 1 0 0 2 0 0 0
 2 0 2 4 0 1 4 0 0 0 4 4 2 0 0 0 3 0 4 2 0 0 0 4 3 1 2 0 1 0 0 3 4 0 2 1 0
 0 4 0 0 0 0 2 3 2 4 0 0 3 0 4 1 4 3 0 1 4 0 1 4 0 0]
[0 2 0 2 3 1 0 1 4 1 1 0 0 0 0 0 1 3 1 0 0 2 0 0 4 0 4 3 1 0 1 0 0 2 0 0 0
 2 0 2 4 0 1 4 0 0 0 4 4 2 0 0 0 3 0 4 2 0 0 0 4 3 1 2 0 1 0 0 3 4 0 2 1 0
 0 4 0 0 0 0 2 3 2 4 0 0 3 0 4 1 4 3 0 1 4 0 1 4 0 0]
[9 1 9 8 7 7 1 5 8 9 5 6 4 4 6 5 4 6 4 3 6 7 5 4 7 4 8 6 8 3 1 1 3 5 6 3 1
 5 3 3 7 8 1 9 3 3 8 2 9 9 3 3 8 5 2 9 1 4 1 1 2 7 6 4 2 2 2 2 7 4 8 4 5 2
 6 7 3 4 2 4 9 6 8 2 5 9 7 1 5 1 9 6 7 1 2 2 3 7 7 5]
[9 1 9 8 7 7 1 5 8 9 5 6 4 4 6 5 4 6 4 3 6 7 5 4 7 4 8 6 8 3 1 1 3 5 6 3 1
 5 3 3 7 8 1 9 3 3 8 2 9 9 3 3 8 5 2 9 1 4 1 1 2 7 6 4 2 2 2 2 7 4 8 4 5 2
 6 7 3 4 2 4 9 6 8 2 5 9 7 1 5 1 9 6 7 1 2 2 3 7 7 5]
[50, 50, 49, 32, 36, 50, 50, 50, 50, 50, 50, 34, 41, 50, 50, 11, 50, 46, 37, 50, 50, 50, 50, 50, 37, 50, 24, 39, 29, 49, 50, 30, 50, 44, 49, 50, 27, 17, 44, 22, 50, 43, 50, 50, 39, 50, 35, 40, 30, 22, 35, 17, 44, 20, 29, 50, 50, 13, 50, 50, 27, 50, 37, 42, 42, 31, 50, 35, 24, 50, 50, 50, 13, 16, 41, 11, 34, 50, 50, 50, 50, 50, 25, 50, 17, 30, 24, 50, 50, 50, 50, 50, 49, 43, 44, 28, 25, 48, 15, 35]
[0 0 0 0 0 0 0 0 0 0 0 0 0 0 0 0 0 0 0 0 0 0 0 0 0 0 0 0 0 0 0 0 0 0 0 0 0
 0 0 0 0 0 0 0 0 0 0 0 0 0 0 0 0 0 0 0 0 0 0 0 0 0 0 0 0 0 0 0 0 0 0 0 0 0
 0 0 0 0 0 0 0 0 0 0 0 0 0 0 0 0 0 0 0 0 0 0 0 0 0 0]
[1 1 1 1 1 1 1 1 1 1 1 1 1 1 1 1 1 1 1 1 1 1 1 1 1 1 1 1 1 1 1 1 1 1 1 1 1
 1 1 1 1 1 1 1 1 1 1 1 1 1 1 1 1 1 1 1 1 1 1 1 1 1 1 1 1 1 1 1 1 1 1 1 1 1
 1 1 1 1 1 1 1 1 1 1 1 1 1 1 1 1 1 1 1 1 1 1 1 1 1 1]
