[ 0  1  2  3  4  5  6  7  8  9 10 11 12 13 14 15 16 17 18 19 20 21 22 23
 24 25 26 27 28 29 30 31 32 33 34 35 36 37 38 39 40 41 42 43 44 45 46 47
 48 49 50 51 52 53 54 55 56 57 58 59 60 61 62 63 64 65 66 67 68 69 70 71
 72 73 74 75 76 77 78 79 80 81 82 83 84 85 86 87 88 89 90 91 92 93 94 95
 96 97 98 99]
[-1  6 -1 -1 -1 23 -1 -1 -1 -1 -1 92 13 -1  1 13 97 -1 -1  5  1 -1 28 84
 58 -1 -1  5 -1 74 92  8 81 75 53 48 96 -1 71 -1 67 -1 -1 -1 -1 73 45 50
 44  2 94 72 -1 -1  0 42 40 74 -1 -1 73 -1 -1 -1 51 -1 23 26 25 -1 65 -1
 88 24 99 17 -1 56 -1 38 56  4 -1 76 -1 53 -1 -1 11 95  1 98 -1  3 14 43
 -1 -1 -1 55]
[0 0 1 1 0 1 1 0 1 1 0 0 0 0 1 0 1 0 1 0 0 1 0 1 0 0 0 0 1 1 0 1 0 1 1 1 1
 0 0 0 0 0 0 1 0 1 1 0 1 0 0 1 0 0 1 0 0 1 1 0 1 0 1 0 0 1 0 0 1 0 0 0 0 0
 0 1 0 1 1 1 0 1 0 0 1 0 0 1 1 1 0 1 0 1 1 0 0 0 1 0]
[0 1 0 1 2 4 2 0 3 2 2 0 1 0 0 0 3 0 3 3 2 3 1 0 0 0 0 0 4 4 0 3 0 4 3 0 3
 3 4 2 4 4 3 0 0 1 0 3 1 0 3 4 4 2 2 0 0 0 3 0 0 0 0 0 0 0 0 0 4 0 0 1 4 0
 2 0 0 3 0 0 0 0 3 0 3 2 4 4 1 1 0 0 4 3 0 1 0 0 0 1]
[0 1 0 1 2 4 2 0 3 2 2 0 1 0 0 0 3 0 3 3 2 3 1 0 0 0 0 0 4 4 0 3 0 4 3 0 3
 3 4 2 4 4 3 0 0 1 0 3 1 0 3 4 4 2 2 0 0 0 3 0 0 0 0 0 0 0 0 0 4 0 0 1 4 0
 2 0 0 3 0 0 0 0 3 0 3 2 4 4 1 1 0 0 4 3 0 1 0 0 0 1]
[8 7 8 5 3 9 6 4 4 5 6 6 5 2 8 2 1 8 5 3 5 3 9 2 4 5 6 1 7 4 1 9 5 7 5 6 5
 5 6 7 3 8 7 5 1 8 2 1 7 9 1 2 9 1 1 7 3 1 5 8 1 3 1 4 2 5 7 3 8 9 2 5 2 5
 2 6 5 9 4 9 3 9 9 1 8 1 6 1 7 3 5 9 9 6 3 7 1 6 8 7]
[8 7 8 5 3 9 6 4 4 5 6 6 5 2 8 2 1 8 5 3 5 3 9 2 4 5 6 1 7 4 1 9 5 7 5 6 5
 5 6 7 3 8 7 5 1 8 2 1 7 9 1 2 9 1 1 7 3 1 5 8 1 3 1 4 2 5 7 3 8 9 2 5 2 5
 2 6 5 9 4 9 3 9 9 1 8 1 6 1 7 3 5 9 9 6 3 7 1 6 8 7]
[50, 27, 50, 43, 50, 42, 31, 50, 50, 50, 50, 50, 50, 50, 50, 42, 13, 42, 34, 50, 50, 14, 50, 50, 50, 50, 50, 50, 50, 10, 20, 42, 27, 27, 32, 37, 25, 50, 50, 50, 50, 50, 50, 50, 20, 50, 50, 50, 50, 37, 44, 50, 50, 36, 50, 31, 20, 33, 16, 31, 50, 50, 50, 32, 50, 48, 50, 24, 43, 50, 16, 35, 22, 48, 50, 50, 50, 49, 44, 34, 26, 16, 20, 43, 16, 50, 50, 34, 33, 46, 29, 29, 15, 16, 38, 38, 50, 50, 50, 30]
[0 0 0 0 0 0 0 0 0 0 0 0 0 0 0 0 0 0 0 0 0 0 0 0 0 0 0 0 0 0 0 0 0 0 0 0 0
 0 0 0 0 0 0 0 0 0 0 0 0 0 0 0 0 0 0 0 0 0 0 0 0 0 0 0 0 0 0 0 0 0 0 0 0 0
 0 0 0 0 0 0 0 0 0 0 0 0 0 0 0 0 0 0 0 0 0 0 0 0 0 0]
[1 1 1 1 1 1 1 1 1 1 1 1 1 1 1 1 1 1 1 1 1 1 1 1 1 1 1 1 1 1 1 1 1 1 1 1 1
 1 1 1 1 1 1 1 1 1 1 1 1 1 1 1 1 1 1 1 1 1 1 1 1 1 1 1 1 1 1 1 1 1 1 1 1 1
 1 1 1 1 1 1 1 1 1 1 1 1 1 1 1 1 1 1 1 1 1 1 1 1 1 1]
