[ 0  1  2  3  4  5  6  7  8  9 10 11 12 13 14 15 16 17 18 19 20 21 22 23
 24 25 26 27 28 29 30 31 32 33 34 35 36 37 38 39 40 41 42 43 44 45 46 47
 48 49 50 51 52 53 54 55 56 57 58 59 60 61 62 63 64 65 66 67 68 69 70 71
 72 73 74 75 76 77 78 79 80 81 82 83 84 85 86 87 88 89 90 91 92 93 94 95
 96 97 98 99]
[ 1 -1 57 43 20 49 -1 -1 47 22  0 79 -1 41 63 -1 -1 -1 15 -1 -1 12 -1 16
 -1 38 31 35 13 40 50 54 -1 -1 -1 94 57 36 70 -1 -1 93 -1 90 -1 -1 68 51
 25 -1 89 25 50 10 21 76 53 19 85 -1 56 -1 64 -1 72  6 -1 54 98 -1 -1 19
 23 32 61 29 82  7 -1 85 73 56 24 -1 -1 37 -1  4 76 79 30 70 37 17 -1 -1
 98 16 -1 39]
[1 0 0 1 1 1 1 0 0 0 0 1 1 1 0 0 0 0 0 1 1 1 1 1 1 1 1 0 0 1 0 0 0 1 0 0 0
 0 1 1 1 0 0 0 0 1 0 1 1 0 1 1 1 0 0 1 0 1 1 1 1 0 1 1 1 1 0 1 1 0 0 0 1 0
 0 0 1 1 1 1 1 1 0 0 0 1 0 1 0 0 1 1 0 1 1 0 0 0 0 0]
[3 2 2 3 1 0 3 1 1 1 4 1 0 3 0 0 4 0 4 0 1 1 1 0 4 2 0 0 2 4 2 0 0 3 2 4 0
 1 3 4 0 4 1 0 1 0 0 0 0 2 2 3 0 1 3 3 0 1 0 4 1 0 1 0 3 3 3 0 1 4 2 0 0 0
 4 3 2 0 1 0 4 0 3 0 3 0 0 3 0 0 0 0 0 0 0 0 1 4 0 3]
[3 2 2 3 1 0 3 1 1 1 4 1 0 3 0 0 4 0 4 0 1 1 1 0 4 2 0 0 2 4 2 0 0 3 2 4 0
 1 3 4 0 4 1 0 1 0 0 0 0 2 2 3 0 1 3 3 0 1 0 4 1 0 1 0 3 3 3 0 1 4 2 0 0 0
 4 3 2 0 1 0 4 0 3 0 3 0 0 3 0 0 0 0 0 0 0 0 1 4 0 3]
[9 1 7 7 5 4 1 5 9 8 8 9 5 1 2 1 4 1 9 7 1 6 3 3 1 3 1 3 3 3 3 8 1 3 7 7 9
 2 8 2 4 1 6 5 6 4 3 5 8 2 8 8 5 2 3 7 8 8 3 7 6 5 2 9 3 5 6 3 8 9 6 8 3 8
 6 4 7 8 6 6 4 8 8 8 7 6 9 2 9 4 6 7 7 3 9 6 9 8 1 5]
[9 1 7 7 5 4 1 5 9 8 8 9 5 1 2 1 4 1 9 7 1 6 3 3 1 3 1 3 3 3 3 8 1 3 7 7 9
 2 8 2 4 1 6 5 6 4 3 5 8 2 8 8 5 2 3 7 8 8 3 7 6 5 2 9 3 5 6 3 8 9 6 8 3 8
 6 4 7 8 6 6 4 8 8 8 7 6 9 2 9 4 6 7 7 3 9 6 9 8 1 5]
[24, 17, 24, 50, 39, 50, 50, 50, 46, 50, 50, 20, 46, 50, 36, 41, 50, 40, 50, 37, 50, 34, 50, 50, 50, 26, 47, 50, 35, 26, 50, 16, 50, 50, 10, 48, 50, 32, 50, 50, 39, 50, 15, 50, 43, 50, 50, 50, 50, 35, 24, 45, 50, 50, 50, 50, 50, 50, 44, 50, 30, 36, 50, 50, 50, 50, 43, 14, 20, 41, 30, 50, 29, 50, 44, 31, 50, 13, 26, 50, 21, 50, 16, 50, 34, 50, 11, 50, 37, 29, 46, 17, 50, 50, 14, 36, 37, 50, 27, 29]
[0 0 0 0 0 0 0 0 0 0 0 0 0 0 0 0 0 0 0 0 0 0 0 0 0 0 0 0 0 0 0 0 0 0 0 0 0
 0 0 0 0 0 0 0 0 0 0 0 0 0 0 0 0 0 0 0 0 0 0 0 0 0 0 0 0 0 0 0 0 0 0 0 0 0
 0 0 0 0 0 0 0 0 0 0 0 0 0 0 0 0 0 0 0 0 0 0 0 0 0 0]
[1 1 1 1 1 1 1 1 1 1 1 1 1 1 1 1 1 1 1 1 1 1 1 1 1 1 1 1 1 1 1 1 1 1 1 1 1
 1 1 1 1 1 1 1 1 1 1 1 1 1 1 1 1 1 1 1 1 1 1 1 1 1 1 1 1 1 1 1 1 1 1 1 1 1
 1 1 1 1 1 1 1 1 1 1 1 1 1 1 1 1 1 1 1 1 1 1 1 1 1 1]
