[ 0  1  2  3  4  5  6  7  8  9 10 11 12 13 14 15 16 17 18 19 20 21 22 23
 24 25 26 27 28 29 30 31 32 33 34 35 36 37 38 39 40 41 42 43 44 45 46 47
 48 49 50 51 52 53 54 55 56 57 58 59 60 61 62 63 64 65 66 67 68 69 70 71
 72 73 74 75 76 77 78 79 80 81 82 83 84 85 86 87 88 89 90 91 92 93 94 95
 96 97 98 99]
[-1 62 -1 99 96 34 20 41 -1 14  8 -1 39 71 -1 -1 19 -1 65 -1 -1 -1 27 53
 64 -1 -1 -1 63 52 -1 -1 18 -1 58 47 -1  2 -1 -1 11 -1 -1 23 57 -1 90 -1
 -1 96 58 -1 59 70 -1 -1 30 84 14 63 20 -1 -1 11 -1 -1 -1 72 -1 24 -1 -1
 -1 -1 26 -1 -1 -1 69 81 95 68 -1 51 94 58 44 -1 19 66 36 30 56 52 -1 -1
 15 -1  0 68]
[1 1 0 1 0 1 0 1 1 1 1 1 0 1 0 1 0 1 0 0 1 0 0 1 0 0 1 1 0 1 1 1 0 0 0 1 0
 0 1 0 0 1 1 1 1 1 1 1 1 1 0 1 1 1 0 1 1 1 0 1 0 1 1 0 1 1 0 1 1 1 0 0 0 0
 1 0 0 0 1 0 0 0 0 0 0 0 1 1 1 0 1 0 0 0 0 1 0 0 0 1]
[0 3 0 3 0 0 1 0 4 4 0 0 3 0 3 0 2 1 4 2 3 2 1 0 0 0 1 0 2 0 2 4 1 0 3 0 2
 1 4 0 0 0 1 1 2 0 0 4 4 0 3 1 2 0 1 0 2 0 1 1 0 0 0 0 0 2 0 2 0 1 0 0 0 0
 0 0 3 0 2 0 0 0 0 0 0 4 0 2 3 0 1 3 0 0 1 2 2 0 1 0]
[0 3 0 3 0 0 1 0 4 4 0 0 3 0 3 0 2 1 4 2 3 2 1 0 0 0 1 0 2 0 2 4 1 0 3 0 2
 1 4 0 0 0 1 1 2 0 0 4 4 0 3 1 2 0 1 0 2 0 1 1 0 0 0 0 0 2 0 2 0 1 0 0 0 0
 0 0 3 0 2 0 0 0 0 0 0 4 0 2 3 0 1 3 0 0 1 2 2 0 1 0]
[7 2 6 8 7 2 7 5 2 3 4 4 9 8 6 1 6 7 9 5 6 1 8 1 9 3 6 9 3 3 1 6 5 1 3 7 2
 1 1 7 9 7 6 7 6 3 9 5 5 1 7 4 9 7 6 7 9 8 8 2 3 2 7 7 9 4 9 6 4 7 7 9 4 8
 2 7 2 1 3 5 5 8 8 6 5 4 1 9 8 2 1 9 9 1 6 1 1 5 2 4]
[7 2 6 8 7 2 7 5 2 3 4 4 9 8 6 1 6 7 9 5 6 1 8 1 9 3 6 9 3 3 1 6 5 1 3 7 2
 1 1 7 9 7 6 7 6 3 9 5 5 1 7 4 9 7 6 7 9 8 8 2 3 2 7 7 9 4 9 6 4 7 7 9 4 8
 2 7 2 1 3 5 5 8 8 6 5 4 1 9 8 2 1 9 9 1 6 1 1 5 2 4]
[50, 27, 50, 50, 50, 50, 17, 50, 18, 43, 38, 11, 50, 50, 50, 50, 41, 50, 46, 50, 29, 50, 50, 22, 13, 41, 13, 34, 50, 50, 15, 50, 50, 39, 14, 50, 50, 50, 36, 31, 34, 41, 37, 50, 28, 50, 24, 44, 50, 50, 47, 12, 21, 26, 50, 42, 50, 50, 10, 50, 50, 32, 50, 37, 50, 50, 50, 37, 50, 24, 50, 50, 50, 10, 34, 50, 15, 50, 37, 50, 50, 50, 50, 50, 50, 50, 46, 20, 50, 50, 50, 50, 37, 50, 29, 14, 21, 13, 50, 50]
[0 0 0 0 0 0 0 0 0 0 0 0 0 0 0 0 0 0 0 0 0 0 0 0 0 0 0 0 0 0 0 0 0 0 0 0 0
 0 0 0 0 0 0 0 0 0 0 0 0 0 0 0 0 0 0 0 0 0 0 0 0 0 0 0 0 0 0 0 0 0 0 0 0 0
 0 0 0 0 0 0 0 0 0 0 0 0 0 0 0 0 0 0 0 0 0 0 0 0 0 0]
[1 1 1 1 1 1 1 1 1 1 1 1 1 1 1 1 1 1 1 1 1 1 1 1 1 1 1 1 1 1 1 1 1 1 1 1 1
 1 1 1 1 1 1 1 1 1 1 1 1 1 1 1 1 1 1 1 1 1 1 1 1 1 1 1 1 1 1 1 1 1 1 1 1 1
 1 1 1 1 1 1 1 1 1 1 1 1 1 1 1 1 1 1 1 1 1 1 1 1 1 1]
