[ 0  1  2  3  4  5  6  7  8  9 10 11 12 13 14 15 16 17 18 19 20 21 22 23
 24 25 26 27 28 29 30 31 32 33 34 35 36 37 38 39 40 41 42 43 44 45 46 47
 48 49 50 51 52 53 54 55 56 57 58 59 60 61 62 63 64 65 66 67 68 69 70 71
 72 73 74 75 76 77 78 79 80 81 82 83 84 85 86 87 88 89 90 91 92 93 94 95
 96 97 98 99]
[-1 97  0 79 -1 -1 19 -1 -1 -1 -1 -1 -1 -1 75 69 46 52 88 -1 17 55 80 -1
 -1 70 -1 19 42  2 56 -1 63 -1 94 53 37 31 -1 -1 39 -1 -1 15 19 13 -1 65
 11 -1 81 -1 -1 14 -1 10 84 18 72 21 27 95 65 -1 54 66 70 -1  9 -1 87  3
 -1 31 87 -1 60  5 -1 63 48 27 -1 71 42 94 -1 -1 25 70 -1 79 -1 -1 36 25
 15 -1 -1 30]
[0 1 1 0 0 1 1 0 1 1 0 1 0 1 1 1 1 0 1 0 0 0 1 1 0 1 1 0 0 0 0 0 0 0 1 0 0
 0 0 0 0 1 0 0 0 0 0 0 1 0 0 1 0 1 0 1 1 0 0 1 0 1 0 0 0 1 1 0 1 1 1 1 0 1
 0 1 0 0 1 1 0 1 1 1 0 0 0 1 1 0 0 0 0 0 0 1 1 0 1 1]
[0 2 0 4 0 0 1 3 4 0 2 1 0 0 1 0 4 0 0 1 0 1 0 3 3 0 2 0 0 3 1 0 0 0 0 0 1
 0 2 0 1 0 2 4 1 0 4 0 3 1 0 0 0 1 1 0 0 0 1 0 0 4 0 1 0 0 0 4 0 1 3 0 0 3
 0 0 4 4 0 0 0 0 0 0 1 3 0 2 3 0 1 0 0 4 0 0 0 0 4 0]
[0 2 0 4 0 0 1 3 4 0 2 1 0 0 1 0 4 0 0 1 0 1 0 3 3 0 2 0 0 3 1 0 0 0 0 0 1
 0 2 0 1 0 2 4 1 0 4 0 3 1 0 0 0 1 1 0 0 0 1 0 0 4 0 1 0 0 0 4 0 1 3 0 0 3
 0 0 4 4 0 0 0 0 0 0 1 3 0 2 3 0 1 0 0 4 0 0 0 0 4 0]
[7 5 9 7 4 2 6 2 1 7 4 7 9 5 8 6 5 3 8 7 6 8 6 6 3 6 7 7 3 2 2 2 1 3 5 3 2
 4 2 3 8 5 6 7 6 9 6 6 3 6 8 5 9 7 7 4 3 1 6 7 6 1 4 9 4 2 1 4 2 6 9 2 2 2
 1 1 4 5 3 2 6 4 9 2 3 8 1 3 6 2 2 6 1 2 8 9 7 6 6 9]
[7 5 9 7 4 2 6 2 1 7 4 7 9 5 8 6 5 3 8 7 6 8 6 6 3 6 7 7 3 2 2 2 1 3 5 3 2
 4 2 3 8 5 6 7 6 9 6 6 3 6 8 5 9 7 7 4 3 1 6 7 6 1 4 9 4 2 1 4 2 6 9 2 2 2
 1 1 4 5 3 2 6 4 9 2 3 8 1 3 6 2 2 6 1 2 8 9 7 6 6 9]
[49, 25, 38, 50, 45, 33, 38, 50, 32, 48, 50, 50, 50, 50, 50, 50, 37, 50, 50, 23, 37, 18, 48, 50, 10, 50, 39, 35, 46, 48, 43, 50, 50, 50, 13, 30, 50, 24, 50, 50, 50, 50, 50, 23, 50, 27, 22, 50, 13, 50, 50, 50, 50, 50, 50, 50, 50, 50, 50, 14, 50, 50, 50, 42, 14, 50, 50, 28, 18, 50, 14, 24, 26, 29, 50, 17, 45, 50, 50, 50, 22, 43, 15, 28, 25, 50, 50, 50, 50, 15, 33, 50, 31, 10, 50, 20, 50, 50, 43, 50]
[0 0 0 0 0 0 0 0 0 0 0 0 0 0 0 0 0 0 0 0 0 0 0 0 0 0 0 0 0 0 0 0 0 0 0 0 0
 0 0 0 0 0 0 0 0 0 0 0 0 0 0 0 0 0 0 0 0 0 0 0 0 0 0 0 0 0 0 0 0 0 0 0 0 0
 0 0 0 0 0 0 0 0 0 0 0 0 0 0 0 0 0 0 0 0 0 0 0 0 0 0]
[1 1 1 1 1 1 1 1 1 1 1 1 1 1 1 1 1 1 1 1 1 1 1 1 1 1 1 1 1 1 1 1 1 1 1 1 1
 1 1 1 1 1 1 1 1 1 1 1 1 1 1 1 1 1 1 1 1 1 1 1 1 1 1 1 1 1 1 1 1 1 1 1 1 1
 1 1 1 1 1 1 1 1 1 1 1 1 1 1 1 1 1 1 1 1 1 1 1 1 1 1]
