[ 0  1  2  3  4  5  6  7  8  9 10 11 12 13 14 15 16 17 18 19 20 21 22 23
 24 25 26 27 28 29 30 31 32 33 34 35 36 37 38 39 40 41 42 43 44 45 46 47
 48 49 50 51 52 53 54 55 56 57 58 59 60 61 62 63 64 65 66 67 68 69 70 71
 72 73 74 75 76 77 78 79 80 81 82 83 84 85 86 87 88 89 90 91 92 93 94 95
 96 97 98 99]
[-1 -1 66 59 -1 63 -1 -1 82 63 -1 99 32 52 -1 -1 93 -1 -1 -1 67 15 64 15
 40 83 -1 67 -1 24 -1 46 97 -1 68 83 -1 22 87 -1 79 75 16 99 -1 83 -1 67
 -1 54 14 -1 91 -1 83 74 -1 -1 67 -1 63  3 96 53 93 -1 40 50 87 33 -1 80
 -1 -1 -1 87 44 94 30 15 52 -1 38 60 81 -1 -1 65 20 15 -1 -1 -1 67  5 57
 -1 70 -1 -1]
[0 1 1 0 0 1 1 1 0 0 0 0 1 0 0 0 1 1 0 0 0 1 0 1 0 0 0 0 1 1 0 0 1 0 1 1 1
 0 0 1 0 0 1 1 0 0 0 0 0 1 0 0 0 1 0 0 1 1 0 0 0 0 1 0 0 0 0 0 0 1 1 0 0 0
 1 0 1 1 1 1 1 0 0 0 0 0 1 0 1 0 0 1 0 0 1 1 1 0 1 1]
[0 0 0 0 0 1 0 0 0 2 4 4 0 4 1 3 0 0 0 0 1 4 2 0 1 0 0 0 3 1 2 0 0 3 0 0 1
 0 0 0 0 0 0 2 2 0 2 1 1 1 0 2 2 0 0 3 1 0 2 4 0 3 4 0 2 3 0 0 3 3 1 4 2 3
 4 0 0 4 2 1 3 0 0 0 0 0 3 1 3 0 3 0 1 3 4 0 0 3 0 0]
[0 0 0 0 0 1 0 0 0 2 4 4 0 4 1 3 0 0 0 0 1 4 2 0 1 0 0 0 3 1 2 0 0 3 0 0 1
 0 0 0 0 0 0 2 2 0 2 1 1 1 0 2 2 0 0 3 1 0 2 4 0 3 4 0 2 3 0 0 3 3 1 4 2 3
 4 0 0 4 2 1 3 0 0 0 0 0 3 1 3 0 3 0 1 3 4 0 0 3 0 0]
[7 9 5 6 7 2 6 1 6 4 6 6 2 9 5 9 7 9 8 2 9 1 2 4 1 3 1 6 5 4 7 7 1 5 3 4 5
 1 3 4 6 2 2 7 4 6 3 4 2 7 7 7 5 4 8 6 7 1 9 6 8 8 5 4 5 5 3 1 6 8 4 2 7 1
 4 3 1 2 7 9 3 8 5 5 2 8 6 3 3 8 6 6 8 8 1 9 9 6 7 6]
[7 9 5 6 7 2 6 1 6 4 6 6 2 9 5 9 7 9 8 2 9 1 2 4 1 3 1 6 5 4 7 7 1 5 3 4 5
 1 3 4 6 2 2 7 4 6 3 4 2 7 7 7 5 4 8 6 7 1 9 6 8 8 5 4 5 5 3 1 6 8 4 2 7 1
 4 3 1 2 7 9 3 8 5 5 2 8 6 3 3 8 6 6 8 8 1 9 9 6 7 6]
[50, 19, 36, 47, 10, 41, 50, 50, 50, 16, 50, 50, 50, 16, 50, 50, 22, 50, 28, 47, 43, 50, 50, 50, 50, 40, 50, 49, 50, 44, 41, 50, 49, 28, 49, 50, 50, 50, 27, 50, 10, 50, 50, 28, 50, 34, 15, 49, 50, 35, 50, 50, 47, 37, 26, 50, 50, 50, 20, 50, 44, 50, 48, 18, 13, 33, 50, 50, 22, 12, 50, 50, 36, 13, 16, 25, 37, 50, 25, 34, 31, 38, 50, 50, 38, 50, 50, 26, 40, 50, 21, 34, 50, 50, 50, 50, 50, 14, 50, 29]
[0 0 0 0 0 0 0 0 0 0 0 0 0 0 0 0 0 0 0 0 0 0 0 0 0 0 0 0 0 0 0 0 0 0 0 0 0
 0 0 0 0 0 0 0 0 0 0 0 0 0 0 0 0 0 0 0 0 0 0 0 0 0 0 0 0 0 0 0 0 0 0 0 0 0
 0 0 0 0 0 0 0 0 0 0 0 0 0 0 0 0 0 0 0 0 0 0 0 0 0 0]
[1 1 1 1 1 1 1 1 1 1 1 1 1 1 1 1 1 1 1 1 1 1 1 1 1 1 1 1 1 1 1 1 1 1 1 1 1
 1 1 1 1 1 1 1 1 1 1 1 1 1 1 1 1 1 1 1 1 1 1 1 1 1 1 1 1 1 1 1 1 1 1 1 1 1
 1 1 1 1 1 1 1 1 1 1 1 1 1 1 1 1 1 1 1 1 1 1 1 1 1 1]
