[ 0  1  2  3  4  5  6  7  8  9 10 11 12 13 14 15 16 17 18 19 20 21 22 23
 24 25 26 27 28 29 30 31 32 33 34 35 36 37 38 39 40 41 42 43 44 45 46 47
 48 49 50 51 52 53 54 55 56 57 58 59 60 61 62 63 64 65 66 67 68 69 70 71
 72 73 74 75 76 77 78 79 80 81 82 83 84 85 86 87 88 89 90 91 92 93 94 95
 96 97 98 99]
[-1 19 -1 27 -1 54 -1 46 35 67 98 -1 56 51 -1 -1 84 22 85 -1 12 -1 -1 18
 11 37 70 54  8 -1  8 46 -1 83 -1 -1 86 38 90 30 -1 -1 -1 44 75 -1 71 -1
 52 84 69 64 99 32 51 -1  2 -1 31 -1 39 74 78 48 -1 17 41 24 -1 -1  5 -1
 -1 10 10 30 99 18 19 -1  6 -1 44 17 -1 75 69  9 -1 62 -1 -1 70 -1 22 20
  3 11 53 67]
[0 1 0 1 0 0 0 1 0 1 1 0 0 0 1 0 0 0 1 1 0 0 0 1 1 1 0 0 1 1 1 0 1 0 0 1 1
 1 1 1 1 0 1 0 0 1 0 1 1 0 1 1 1 1 1 0 1 0 1 1 0 1 1 1 1 1 0 1 0 1 1 1 1 1
 1 1 1 0 1 1 0 1 1 1 0 1 1 0 1 0 0 1 1 0 1 1 1 1 1 1]
[2 1 0 0 0 0 2 3 0 0 3 0 0 2 3 0 2 0 2 2 0 1 0 1 2 3 0 0 0 0 0 0 0 3 4 3 1
 4 1 1 0 4 4 4 0 1 4 2 1 4 1 0 1 1 0 0 0 0 1 0 2 1 0 0 1 2 0 1 0 0 2 2 3 0
 0 0 3 3 3 3 2 3 3 0 3 1 0 3 0 0 1 2 0 0 0 3 1 4 3 3]
[2 1 0 0 0 0 2 3 0 0 3 0 0 2 3 0 2 0 2 2 0 1 0 1 2 3 0 0 0 0 0 0 0 3 4 3 1
 4 1 1 0 4 4 4 0 1 4 2 1 4 1 0 1 1 0 0 0 0 1 0 2 1 0 0 1 2 0 1 0 0 2 2 3 0
 0 0 3 3 3 3 2 3 3 0 3 1 0 3 0 0 1 2 0 0 0 3 1 4 3 3]
[8 5 5 8 7 1 2 3 3 8 2 1 4 6 9 6 9 7 5 9 3 4 2 4 6 6 1 2 4 1 4 7 5 1 8 2 5
 5 7 5 2 7 9 9 2 8 1 4 2 8 5 1 4 6 7 4 7 5 8 6 8 1 3 2 5 4 5 1 8 1 5 4 3 7
 1 8 2 5 6 7 4 2 9 1 8 8 2 2 6 9 4 5 7 9 8 5 1 3 5 1]
[8 5 5 8 7 1 2 3 3 8 2 1 4 6 9 6 9 7 5 9 3 4 2 4 6 6 1 2 4 1 4 7 5 1 8 2 5
 5 7 5 2 7 9 9 2 8 1 4 2 8 5 1 4 6 7 4 7 5 8 6 8 1 3 2 5 4 5 1 8 1 5 4 3 7
 1 8 2 5 6 7 4 2 9 1 8 8 2 2 6 9 4 5 7 9 8 5 1 3 5 1]
[50, 50, 46, 50, 31, 50, 40, 23, 50, 50, 31, 47, 24, 50, 47, 31, 19, 47, 20, 50, 50, 13, 50, 50, 50, 46, 50, 43, 50, 28, 50, 13, 47, 50, 50, 50, 50, 50, 33, 30, 20, 50, 28, 19, 50, 35, 17, 50, 50, 45, 39, 30, 50, 50, 50, 50, 50, 29, 10, 27, 50, 50, 50, 29, 30, 41, 50, 34, 50, 16, 50, 50, 40, 31, 43, 18, 13, 45, 50, 50, 21, 32, 34, 30, 50, 50, 35, 41, 15, 50, 50, 21, 50, 47, 50, 33, 50, 50, 50, 43]
[0 0 0 0 0 0 0 0 0 0 0 0 0 0 0 0 0 0 0 0 0 0 0 0 0 0 0 0 0 0 0 0 0 0 0 0 0
 0 0 0 0 0 0 0 0 0 0 0 0 0 0 0 0 0 0 0 0 0 0 0 0 0 0 0 0 0 0 0 0 0 0 0 0 0
 0 0 0 0 0 0 0 0 0 0 0 0 0 0 0 0 0 0 0 0 0 0 0 0 0 0]
[1 1 1 1 1 1 1 1 1 1 1 1 1 1 1 1 1 1 1 1 1 1 1 1 1 1 1 1 1 1 1 1 1 1 1 1 1
 1 1 1 1 1 1 1 1 1 1 1 1 1 1 1 1 1 1 1 1 1 1 1 1 1 1 1 1 1 1 1 1 1 1 1 1 1
 1 1 1 1 1 1 1 1 1 1 1 1 1 1 1 1 1 1 1 1 1 1 1 1 1 1]
