[ 0  1  2  3  4  5  6  7  8  9 10 11 12 13 14 15 16 17 18 19 20 21 22 23
 24 25 26 27 28 29 30 31 32 33 34 35 36 37 38 39 40 41 42 43 44 45 46 47
 48 49 50 51 52 53 54 55 56 57 58 59 60 61 62 63 64 65 66 67 68 69 70 71
 72 73 74 75 76 77 78 79 80 81 82 83 84 85 86 87 88 89 90 91 92 93 94 95
 96 97 98 99]
[37 71 91 -1 -1 -1 -1 33 79 -1 94 81 14 75 -1 -1  8 -1 80  9 69 -1  8 59
 14 80 52 10 -1 -1 78 93 -1 90 93 22 52  2 37 10 72 -1 50 75 83 -1 -1 62
 67 85 20 17 -1 -1 46 37 90 66 -1 -1 26 -1  3 77 -1 -1 86 41 82 16 83 52
 45 -1 83  9 55 -1 71 -1 -1 -1 18 16 72 51 61 92 19 -1 -1 -1 81 -1 90 -1
 -1 38 45 -1]
[1 1 1 1 1 1 0 1 0 1 1 0 0 0 0 0 1 1 0 0 1 1 1 0 0 0 1 1 1 1 0 0 0 0 0 0 1
 0 0 0 0 0 0 1 0 1 1 1 0 1 1 0 0 1 0 1 1 1 1 0 1 0 1 1 0 1 1 0 0 0 1 0 1 0
 0 1 0 0 0 1 1 1 0 0 0 0 0 1 0 0 1 1 1 0 0 0 0 0 0 1]
[1 4 3 3 0 4 0 3 0 3 3 3 0 0 0 3 3 0 2 0 3 4 0 0 0 0 0 1 3 3 0 0 0 0 3 0 4
 0 2 1 2 0 0 0 3 2 1 4 2 3 2 0 0 3 1 4 0 2 0 3 2 0 1 2 0 0 0 0 0 0 0 0 3 3
 0 2 4 2 1 3 0 3 0 0 4 0 1 1 3 3 3 1 2 1 1 1 1 2 2 1]
[1 4 3 3 0 4 0 3 0 3 3 3 0 0 0 3 3 0 2 0 3 4 0 0 0 0 0 1 3 3 0 0 0 0 3 0 4
 0 2 1 2 0 0 0 3 2 1 4 2 3 2 0 0 3 1 4 0 2 0 3 2 0 1 2 0 0 0 0 0 0 0 0 3 3
 0 2 4 2 1 3 0 3 0 0 4 0 1 1 3 3 3 1 2 1 1 1 1 2 2 1]
[6 1 6 8 6 9 3 2 7 9 4 2 7 2 1 4 5 9 7 7 5 3 5 9 6 8 2 8 1 7 4 6 1 4 8 2 3
 1 4 1 6 7 3 4 3 5 2 1 6 4 3 5 7 1 6 2 7 9 5 1 7 7 7 7 3 4 3 8 2 4 5 7 7 1
 5 7 9 3 7 1 8 4 3 7 4 9 3 5 1 9 4 5 7 7 3 2 9 2 2 7]
[6 1 6 8 6 9 3 2 7 9 4 2 7 2 1 4 5 9 7 7 5 3 5 9 6 8 2 8 1 7 4 6 1 4 8 2 3
 1 4 1 6 7 3 4 3 5 2 1 6 4 3 5 7 1 6 2 7 9 5 1 7 7 7 7 3 4 3 8 2 4 5 7 7 1
 5 7 9 3 7 1 8 4 3 7 4 9 3 5 1 9 4 5 7 7 3 2 9 2 2 7]
[25, 50, 50, 48, 50, 39, 50, 13, 14, 50, 36, 13, 50, 50, 10, 50, 26, 12, 50, 50, 50, 23, 36, 22, 50, 30, 11, 37, 39, 50, 50, 50, 50, 50, 10, 50, 29, 15, 50, 50, 11, 35, 22, 32, 50, 41, 50, 15, 22, 50, 49, 50, 50, 50, 50, 50, 39, 48, 50, 50, 50, 50, 28, 50, 13, 50, 50, 50, 20, 43, 21, 50, 50, 35, 14, 50, 31, 50, 30, 50, 50, 45, 50, 45, 50, 50, 50, 50, 50, 50, 50, 50, 50, 50, 50, 39, 36, 34, 14, 50]
[0 0 0 0 0 0 0 0 0 0 0 0 0 0 0 0 0 0 0 0 0 0 0 0 0 0 0 0 0 0 0 0 0 0 0 0 0
 0 0 0 0 0 0 0 0 0 0 0 0 0 0 0 0 0 0 0 0 0 0 0 0 0 0 0 0 0 0 0 0 0 0 0 0 0
 0 0 0 0 0 0 0 0 0 0 0 0 0 0 0 0 0 0 0 0 0 0 0 0 0 0]
[1 1 1 1 1 1 1 1 1 1 1 1 1 1 1 1 1 1 1 1 1 1 1 1 1 1 1 1 1 1 1 1 1 1 1 1 1
 1 1 1 1 1 1 1 1 1 1 1 1 1 1 1 1 1 1 1 1 1 1 1 1 1 1 1 1 1 1 1 1 1 1 1 1 1
 1 1 1 1 1 1 1 1 1 1 1 1 1 1 1 1 1 1 1 1 1 1 1 1 1 1]
