[ 0  1  2  3  4  5  6  7  8  9 10 11 12 13 14 15 16 17 18 19 20 21 22 23
 24 25 26 27 28 29 30 31 32 33 34 35 36 37 38 39 40 41 42 43 44 45 46 47
 48 49 50 51 52 53 54 55 56 57 58 59 60 61 62 63 64 65 66 67 68 69 70 71
 72 73 74 75 76 77 78 79 80 81 82 83 84 85 86 87 88 89 90 91 92 93 94 95
 96 97 98 99]
[32 -1 -1 40 20 -1 -1 21 74 -1 -1 35 -1 -1 -1 49 -1 -1  3 -1 -1 -1 64 11
 81 -1 32 74 -1 -1 -1 91 55 26 81 45 74 -1 89 95 30 -1 -1 87 56 -1 52  3
 64 -1 -1 40 -1 -1 -1 42 19 13 69 -1 -1 -1 -1 -1 88 63 82 -1 55 -1 -1 81
 -1  6 -1 -1 33 -1 -1 45 72 -1 84 98 10  1 92 -1 -1 -1 -1 58 11 -1 -1 -1
 76 -1 34 85]
[1 1 0 1 1 1 0 0 1 0 1 1 1 1 1 0 1 1 1 0 1 1 1 0 0 0 1 0 0 0 0 1 1 0 0 0 1
 1 1 1 0 0 1 0 0 1 0 0 1 0 0 0 1 1 1 1 1 1 0 1 0 0 0 1 0 1 1 1 1 0 1 1 1 0
 0 0 0 1 1 1 1 1 1 1 1 1 1 0 1 1 0 1 1 1 0 1 1 0 1 1]
[0 0 1 4 0 2 2 0 1 4 0 3 1 0 0 0 0 0 0 0 1 2 0 0 3 1 2 0 0 4 3 0 0 0 0 1 2
 0 2 0 4 0 3 0 0 0 0 1 0 0 0 2 4 2 0 2 3 0 4 1 0 0 3 0 4 1 2 2 1 0 1 4 0 0
 0 0 3 0 0 2 4 0 1 1 3 0 4 0 0 0 0 1 3 1 0 0 0 2 0 0]
[0 0 1 4 0 2 2 0 1 4 0 3 1 0 0 0 0 0 0 0 1 2 0 0 3 1 2 0 0 4 3 0 0 0 0 1 2
 0 2 0 4 0 3 0 0 0 0 1 0 0 0 2 4 2 0 2 3 0 4 1 0 0 3 0 4 1 2 2 1 0 1 4 0 0
 0 0 3 0 0 2 4 0 1 1 3 0 4 0 0 0 0 1 3 1 0 0 0 2 0 0]
[8 8 4 2 5 7 2 6 8 1 4 8 9 7 9 4 9 9 9 8 6 2 5 5 8 3 4 6 4 8 3 6 1 3 1 1 3
 1 8 4 2 9 5 6 8 9 2 7 3 4 4 6 5 7 2 3 5 6 6 8 8 1 2 7 1 6 1 2 3 4 1 4 3 1
 7 2 3 8 9 1 7 3 6 8 9 3 3 2 2 5 9 3 4 1 7 3 5 8 1 2]
[8 8 4 2 5 7 2 6 8 1 4 8 9 7 9 4 9 9 9 8 6 2 5 5 8 3 4 6 4 8 3 6 1 3 1 1 3
 1 8 4 2 9 5 6 8 9 2 7 3 4 4 6 5 7 2 3 5 6 6 8 8 1 2 7 1 6 1 2 3 4 1 4 3 1
 7 2 3 8 9 1 7 3 6 8 9 3 3 2 2 5 9 3 4 1 7 3 5 8 1 2]
[35, 50, 22, 20, 50, 50, 17, 50, 45, 21, 15, 50, 50, 45, 50, 25, 50, 35, 50, 50, 50, 50, 50, 50, 50, 24, 24, 50, 50, 45, 20, 50, 22, 24, 50, 50, 50, 43, 50, 50, 50, 50, 50, 50, 50, 50, 37, 23, 50, 42, 31, 50, 48, 50, 50, 50, 26, 23, 50, 40, 50, 21, 50, 50, 16, 24, 50, 19, 43, 50, 50, 50, 50, 14, 39, 50, 10, 50, 46, 15, 50, 46, 50, 28, 41, 17, 50, 50, 26, 50, 42, 29, 50, 23, 23, 50, 34, 14, 28, 50]
[0 0 0 0 0 0 0 0 0 0 0 0 0 0 0 0 0 0 0 0 0 0 0 0 0 0 0 0 0 0 0 0 0 0 0 0 0
 0 0 0 0 0 0 0 0 0 0 0 0 0 0 0 0 0 0 0 0 0 0 0 0 0 0 0 0 0 0 0 0 0 0 0 0 0
 0 0 0 0 0 0 0 0 0 0 0 0 0 0 0 0 0 0 0 0 0 0 0 0 0 0]
[1 1 1 1 1 1 1 1 1 1 1 1 1 1 1 1 1 1 1 1 1 1 1 1 1 1 1 1 1 1 1 1 1 1 1 1 1
 1 1 1 1 1 1 1 1 1 1 1 1 1 1 1 1 1 1 1 1 1 1 1 1 1 1 1 1 1 1 1 1 1 1 1 1 1
 1 1 1 1 1 1 1 1 1 1 1 1 1 1 1 1 1 1 1 1 1 1 1 1 1 1]
