[ 0  1  2  3  4  5  6  7  8  9 10 11 12 13 14 15 16 17 18 19 20 21 22 23
 24 25 26 27 28 29 30 31 32 33 34 35 36 37 38 39 40 41 42 43 44 45 46 47
 48 49 50 51 52 53 54 55 56 57 58 59 60 61 62 63 64 65 66 67 68 69 70 71
 72 73 74 75 76 77 78 79 80 81 82 83 84 85 86 87 88 89 90 91 92 93 94 95
 96 97 98 99]
[74 22 24 78 -1 67 98 -1 -1 22 46 66 -1 -1 41 -1  8 71 78 86 80 33  0 69
  0 32 42 81 64 -1 93 -1 59 -1  5 74 46 -1 69 -1 41 11  0 -1 -1 64 -1 64
 55 92 -1 29  7 39 17 60 50 51 94 76 66 95 28 57 33 -1 27  8 15 32 29 10
 -1 31 82 37 -1 34 68 36 66 83 -1 57 -1 -1 -1 62 -1 96 -1 34 -1 59 26 55
 26 62 78 -1]
[0 0 0 1 1 1 0 1 0 1 1 1 0 1 1 0 0 0 1 1 1 1 1 0 0 0 1 1 0 1 0 0 1 1 0 1 0
 0 0 0 0 1 1 0 0 0 1 1 0 1 0 1 0 0 0 0 1 0 0 0 0 1 1 0 1 0 1 1 1 1 1 1 1 1
 0 0 1 0 1 0 0 1 0 1 0 1 0 0 0 1 1 0 0 0 1 1 0 0 1 0]
[3 4 0 2 0 0 0 2 4 0 2 1 3 0 2 3 0 0 3 0 4 0 2 0 0 0 0 0 0 0 2 3 0 1 4 0 4
 1 1 0 0 0 0 1 4 3 2 0 1 1 1 0 2 3 0 2 3 3 0 1 3 4 0 1 0 0 2 0 0 2 0 0 0 0
 0 0 1 3 0 0 1 0 0 0 0 0 0 0 1 0 2 0 1 4 3 2 0 0 4 0]
[3 4 0 2 0 0 0 2 4 0 2 1 3 0 2 3 0 0 3 0 4 0 2 0 0 0 0 0 0 0 2 3 0 1 4 0 4
 1 1 0 0 0 0 1 4 3 2 0 1 1 1 0 2 3 0 2 3 3 0 1 3 4 0 1 0 0 2 0 0 2 0 0 0 0
 0 0 1 3 0 0 1 0 0 0 0 0 0 0 1 0 2 0 1 4 3 2 0 0 4 0]
[3 8 1 3 2 3 6 3 6 4 2 5 3 1 1 9 8 6 2 1 8 3 9 4 9 3 1 2 1 5 5 1 8 5 3 2 8
 2 7 3 7 1 5 7 8 7 6 4 7 3 7 4 8 6 2 4 4 3 3 8 4 7 7 4 6 6 3 9 9 2 9 5 5 2
 9 6 6 6 6 6 1 2 9 9 8 6 3 7 6 9 6 2 5 7 2 4 4 1 3 5]
[3 8 1 3 2 3 6 3 6 4 2 5 3 1 1 9 8 6 2 1 8 3 9 4 9 3 1 2 1 5 5 1 8 5 3 2 8
 2 7 3 7 1 5 7 8 7 6 4 7 3 7 4 8 6 2 4 4 3 3 8 4 7 7 4 6 6 3 9 9 2 9 5 5 2
 9 6 6 6 6 6 1 2 9 9 8 6 3 7 6 9 6 2 5 7 2 4 4 1 3 5]
[44, 46, 50, 50, 39, 30, 47, 31, 50, 25, 10, 50, 50, 50, 19, 50, 50, 50, 40, 50, 50, 25, 47, 50, 50, 50, 22, 50, 13, 46, 50, 40, 19, 38, 31, 41, 10, 47, 16, 45, 20, 50, 19, 50, 50, 31, 50, 50, 50, 36, 50, 23, 50, 50, 50, 50, 50, 40, 27, 44, 50, 50, 50, 50, 50, 35, 50, 50, 29, 47, 35, 50, 50, 28, 27, 20, 33, 50, 21, 50, 50, 39, 50, 42, 21, 12, 50, 50, 21, 46, 50, 50, 12, 29, 50, 50, 50, 50, 23, 19]
[0 0 0 0 0 0 0 0 0 0 0 0 0 0 0 0 0 0 0 0 0 0 0 0 0 0 0 0 0 0 0 0 0 0 0 0 0
 0 0 0 0 0 0 0 0 0 0 0 0 0 0 0 0 0 0 0 0 0 0 0 0 0 0 0 0 0 0 0 0 0 0 0 0 0
 0 0 0 0 0 0 0 0 0 0 0 0 0 0 0 0 0 0 0 0 0 0 0 0 0 0]
[1 1 1 1 1 1 1 1 1 1 1 1 1 1 1 1 1 1 1 1 1 1 1 1 1 1 1 1 1 1 1 1 1 1 1 1 1
 1 1 1 1 1 1 1 1 1 1 1 1 1 1 1 1 1 1 1 1 1 1 1 1 1 1 1 1 1 1 1 1 1 1 1 1 1
 1 1 1 1 1 1 1 1 1 1 1 1 1 1 1 1 1 1 1 1 1 1 1 1 1 1]
