[ 0  1  2  3  4  5  6  7  8  9 10 11 12 13 14 15 16 17 18 19 20 21 22 23
 24 25 26 27 28 29 30 31 32 33 34 35 36 37 38 39 40 41 42 43 44 45 46 47
 48 49 50 51 52 53 54 55 56 57 58 59 60 61 62 63 64 65 66 67 68 69 70 71
 72 73 74 75 76 77 78 79 80 81 82 83 84 85 86 87 88 89 90 91 92 93 94 95
 96 97 98 99]
[-1 -1 95 64 62 52 38 -1 13 16 11  3 -1 27  4 -1  1 96  5 -1 -1 -1  1 50
 26 84 83 -1 -1 -1 56 -1 -1 88 -1 -1 89 53 43 41 32 -1 29  5 40 91 -1 -1
 -1 51 33 98 -1 75 18 -1 81 82 -1 86 90 59 61 -1 -1 -1 55 59 -1 44 -1 28
 -1 24 -1  9 -1 -1 92 31 -1 89 89 21  3 -1 41 -1 -1 50 92 34 46 47 67 67
 -1 47 67 26]
[0 1 1 0 1 0 0 1 0 1 0 0 0 1 0 0 0 1 1 1 0 0 1 0 1 1 1 0 0 1 1 0 0 0 1 0 1
 0 1 1 1 1 0 0 1 1 0 1 0 0 1 0 0 1 1 0 0 0 0 1 1 0 0 0 0 1 1 0 1 0 0 1 1 1
 0 1 0 0 1 0 1 1 0 1 0 0 1 1 1 0 0 0 0 1 0 0 0 1 0 1]
[0 3 0 3 3 1 1 2 4 3 0 1 0 2 0 3 2 3 0 0 0 1 0 2 0 4 0 1 0 4 4 4 0 4 0 4 4
 0 0 0 1 0 2 1 4 0 0 0 0 3 0 0 0 4 2 0 0 3 3 1 0 0 1 0 0 2 4 0 2 3 0 0 3 0
 1 2 0 0 0 2 3 4 2 0 0 1 1 0 0 3 2 4 1 4 0 0 0 1 2 0]
[0 3 0 3 3 1 1 2 4 3 0 1 0 2 0 3 2 3 0 0 0 1 0 2 0 4 0 1 0 4 4 4 0 4 0 4 4
 0 0 0 1 0 2 1 4 0 0 0 0 3 0 0 0 4 2 0 0 3 3 1 0 0 1 0 0 2 4 0 2 3 0 0 3 0
 1 2 0 0 0 2 3 4 2 0 0 1 1 0 0 3 2 4 1 4 0 0 0 1 2 0]
[6 5 8 6 4 2 4 5 1 1 1 5 6 6 8 7 8 6 1 5 7 5 5 9 1 6 8 4 7 1 9 2 7 7 9 4 2
 7 2 9 9 3 5 1 4 4 2 9 8 3 8 1 5 9 4 3 9 1 2 8 1 1 1 1 6 1 9 6 2 1 2 5 2 6
 2 7 3 6 2 9 7 1 7 4 5 4 4 8 3 1 5 3 4 7 9 8 2 7 9 6]
[6 5 8 6 4 2 4 5 1 1 1 5 6 6 8 7 8 6 1 5 7 5 5 9 1 6 8 4 7 1 9 2 7 7 9 4 2
 7 2 9 9 3 5 1 4 4 2 9 8 3 8 1 5 9 4 3 9 1 2 8 1 1 1 1 6 1 9 6 2 1 2 5 2 6
 2 7 3 6 2 9 7 1 7 4 5 4 4 8 3 1 5 3 4 7 9 8 2 7 9 6]
[50, 50, 50, 50, 18, 50, 50, 15, 49, 37, 29, 50, 50, 50, 25, 34, 50, 22, 50, 41, 10, 27, 50, 14, 50, 50, 50, 50, 50, 28, 10, 24, 40, 50, 50, 50, 20, 50, 50, 50, 46, 50, 50, 23, 34, 20, 18, 50, 41, 22, 48, 21, 50, 50, 50, 50, 38, 50, 50, 18, 19, 39, 50, 27, 48, 50, 15, 50, 28, 50, 48, 50, 47, 34, 50, 50, 10, 33, 50, 50, 50, 50, 50, 50, 44, 50, 50, 50, 13, 50, 50, 50, 26, 26, 50, 50, 50, 10, 29, 32]
[0 0 0 0 0 0 0 0 0 0 0 0 0 0 0 0 0 0 0 0 0 0 0 0 0 0 0 0 0 0 0 0 0 0 0 0 0
 0 0 0 0 0 0 0 0 0 0 0 0 0 0 0 0 0 0 0 0 0 0 0 0 0 0 0 0 0 0 0 0 0 0 0 0 0
 0 0 0 0 0 0 0 0 0 0 0 0 0 0 0 0 0 0 0 0 0 0 0 0 0 0]
[1 1 1 1 1 1 1 1 1 1 1 1 1 1 1 1 1 1 1 1 1 1 1 1 1 1 1 1 1 1 1 1 1 1 1 1 1
 1 1 1 1 1 1 1 1 1 1 1 1 1 1 1 1 1 1 1 1 1 1 1 1 1 1 1 1 1 1 1 1 1 1 1 1 1
 1 1 1 1 1 1 1 1 1 1 1 1 1 1 1 1 1 1 1 1 1 1 1 1 1 1]
