[ 0  1  2  3  4  5  6  7  8  9 10 11 12 13 14 15 16 17 18 19 20 21 22 23
 24 25 26 27 28 29 30 31 32 33 34 35 36 37 38 39 40 41 42 43 44 45 46 47
 48 49 50 51 52 53 54 55 56 57 58 59 60 61 62 63 64 65 66 67 68 69 70 71
 72 73 74 75 76 77 78 79 80 81 82 83 84 85 86 87 88 89 90 91 92 93 94 95
 96 97 98 99]
[ 7 -1 86 -1 43 38 22 -1 62 -1 22 12 -1 31 26 95 47 65 16 63 -1 84 50 -1
 -1 78 22 71 -1  5 -1 23 24 19 54 30 84 -1 46 74 26 94  6 19  0 -1 12 -1
 -1 -1 -1 -1 51 20 -1 94 -1 -1 18 -1 64 -1 57 -1 -1 -1 64 44 -1 97 66 -1
 -1 82 63 -1 82 -1 33 12 13 29 86 92 12  9 61 -1 -1 12 85 -1 91 61 84  3
 -1 64 20 -1]
[1 0 1 0 1 0 0 1 0 1 1 1 1 1 1 1 0 1 0 0 1 0 0 1 1 1 1 1 0 1 0 0 0 0 0 1 1
 1 1 0 0 1 0 1 0 1 1 1 0 1 0 1 1 1 0 1 0 0 0 1 1 1 0 0 1 1 0 0 0 1 1 0 0 1
 1 1 1 0 0 0 1 1 1 1 0 1 1 0 0 0 1 1 1 0 1 0 1 0 0 1]
[2 0 4 3 0 2 0 0 0 0 0 0 4 4 2 0 0 0 1 0 0 0 0 0 1 3 0 0 0 2 0 0 4 0 2 4 0
 2 2 3 0 2 1 0 0 0 3 1 4 0 4 0 0 4 4 2 4 3 0 0 1 2 4 0 0 4 0 0 0 0 1 4 4 2
 0 3 0 0 0 0 0 0 1 0 0 4 0 0 0 0 4 0 0 1 0 1 0 0 0 0]
[2 0 4 3 0 2 0 0 0 0 0 0 4 4 2 0 0 0 1 0 0 0 0 0 1 3 0 0 0 2 0 0 4 0 2 4 0
 2 2 3 0 2 1 0 0 0 3 1 4 0 4 0 0 4 4 2 4 3 0 0 1 2 4 0 0 4 0 0 0 0 1 4 4 2
 0 3 0 0 0 0 0 0 1 0 0 4 0 0 0 0 4 0 0 1 0 1 0 0 0 0]
[6 4 7 7 6 2 2 6 4 6 1 7 2 9 7 9 3 7 4 2 9 1 3 3 4 1 9 4 7 3 7 6 3 5 3 5 1
 4 3 8 9 7 9 5 6 8 4 4 8 8 6 5 6 3 6 8 6 1 6 2 1 4 4 1 8 6 4 4 1 1 3 1 5 3
 9 5 7 4 3 4 6 5 4 9 5 6 8 3 4 4 3 1 7 1 7 4 5 8 2 6]
[6 4 7 7 6 2 2 6 4 6 1 7 2 9 7 9 3 7 4 2 9 1 3 3 4 1 9 4 7 3 7 6 3 5 3 5 1
 4 3 8 9 7 9 5 6 8 4 4 8 8 6 5 6 3 6 8 6 1 6 2 1 4 4 1 8 6 4 4 1 1 3 1 5 3
 9 5 7 4 3 4 6 5 4 9 5 6 8 3 4 4 3 1 7 1 7 4 5 8 2 6]
[50, 50, 50, 44, 30, 23, 42, 50, 24, 50, 50, 50, 15, 22, 50, 11, 50, 50, 50, 30, 50, 50, 48, 44, 39, 42, 16, 50, 50, 50, 10, 25, 17, 33, 50, 50, 50, 40, 39, 50, 47, 24, 16, 15, 37, 31, 23, 30, 50, 50, 49, 50, 30, 28, 50, 50, 30, 50, 50, 50, 44, 38, 50, 50, 50, 47, 23, 44, 50, 43, 44, 50, 50, 45, 29, 50, 18, 45, 37, 33, 50, 50, 21, 18, 50, 46, 25, 38, 50, 24, 50, 50, 43, 45, 50, 48, 30, 50, 34, 34]
[0 0 0 0 0 0 0 0 0 0 0 0 0 0 0 0 0 0 0 0 0 0 0 0 0 0 0 0 0 0 0 0 0 0 0 0 0
 0 0 0 0 0 0 0 0 0 0 0 0 0 0 0 0 0 0 0 0 0 0 0 0 0 0 0 0 0 0 0 0 0 0 0 0 0
 0 0 0 0 0 0 0 0 0 0 0 0 0 0 0 0 0 0 0 0 0 0 0 0 0 0]
[1 1 1 1 1 1 1 1 1 1 1 1 1 1 1 1 1 1 1 1 1 1 1 1 1 1 1 1 1 1 1 1 1 1 1 1 1
 1 1 1 1 1 1 1 1 1 1 1 1 1 1 1 1 1 1 1 1 1 1 1 1 1 1 1 1 1 1 1 1 1 1 1 1 1
 1 1 1 1 1 1 1 1 1 1 1 1 1 1 1 1 1 1 1 1 1 1 1 1 1 1]
