[ 0  1  2  3  4  5  6  7  8  9 10 11 12 13 14 15 16 17 18 19 20 21 22 23
 24 25 26 27 28 29 30 31 32 33 34 35 36 37 38 39 40 41 42 43 44 45 46 47
 48 49 50 51 52 53 54 55 56 57 58 59 60 61 62 63 64 65 66 67 68 69 70 71
 72 73 74 75 76 77 78 79 80 81 82 83 84 85 86 87 88 89 90 91 92 93 94 95
 96 97 98 99]
[-1 77 -1 -1 29 81 -1 -1 60 66 -1 29 32 -1 84 -1 82 14 57 74 -1 -1 35 51
 63 39  4 70 -1 -1 -1 93 46 -1 28 78  3 87 67  2  2 80 26 13 29 -1 -1 -1
 -1 27 -1 57 -1  1 93 25 -1 74 36 97 12 -1 19 74 28 -1 -1 49 -1 41 -1 -1
 36 -1 96 28 59  3 57 20 81 28 -1 -1 -1 -1 -1 32 99 -1 -1 71 96 40 -1 31
 50 -1 99 46]
[1 1 0 0 0 0 0 1 0 0 0 0 0 0 0 0 1 1 0 1 0 1 1 0 0 0 1 0 0 0 1 1 0 1 0 1 1
 1 0 1 1 0 1 1 0 1 0 0 0 0 0 1 1 1 1 1 1 0 0 0 0 1 1 0 0 1 0 0 0 0 1 0 0 0
 0 1 0 0 1 1 0 0 0 0 0 1 1 0 0 0 1 0 1 0 0 1 1 0 1 1]
[1 2 0 1 2 2 0 1 2 2 0 0 3 0 0 0 3 0 0 1 0 4 0 2 2 0 2 0 3 4 0 2 0 0 3 2 2
 0 1 0 4 0 0 0 0 2 3 0 2 3 0 2 3 1 0 3 1 0 2 2 0 0 2 0 4 0 3 2 3 0 4 3 0 0
 1 4 1 4 0 2 4 3 0 4 4 1 0 2 4 4 3 0 3 4 0 2 0 0 0 2]
[1 2 0 1 2 2 0 1 2 2 0 0 3 0 0 0 3 0 0 1 0 4 0 2 2 0 2 0 3 4 0 2 0 0 3 2 2
 0 1 0 4 0 0 0 0 2 3 0 2 3 0 2 3 1 0 3 1 0 2 2 0 0 2 0 4 0 3 2 3 0 4 3 0 0
 1 4 1 4 0 2 4 3 0 4 4 1 0 2 4 4 3 0 3 4 0 2 0 0 0 2]
[1 4 5 1 2 8 4 8 2 9 2 6 2 9 5 5 7 8 2 4 3 2 9 1 2 5 7 9 5 6 8 5 1 9 2 9 1
 1 1 7 7 9 8 6 1 7 1 9 6 7 2 7 5 8 9 6 9 7 2 9 1 5 7 9 8 8 1 6 1 2 7 2 5 4
 9 1 8 9 7 3 8 8 1 7 4 2 2 5 4 1 6 5 8 5 4 3 3 5 8 9]
[1 4 5 1 2 8 4 8 2 9 2 6 2 9 5 5 7 8 2 4 3 2 9 1 2 5 7 9 5 6 8 5 1 9 2 9 1
 1 1 7 7 9 8 6 1 7 1 9 6 7 2 7 5 8 9 6 9 7 2 9 1 5 7 9 8 8 1 6 1 2 7 2 5 4
 9 1 8 9 7 3 8 8 1 7 4 2 2 5 4 1 6 5 8 5 4 3 3 5 8 9]
[32, 46, 14, 14, 50, 24, 31, 50, 50, 21, 29, 45, 50, 34, 29, 50, 50, 50, 50, 50, 50, 50, 50, 17, 50, 47, 50, 41, 50, 20, 50, 50, 50, 12, 23, 19, 50, 50, 28, 50, 10, 50, 50, 50, 29, 50, 50, 27, 38, 32, 41, 50, 12, 15, 16, 50, 50, 50, 50, 50, 15, 50, 16, 50, 42, 50, 50, 50, 31, 50, 50, 46, 50, 50, 50, 50, 31, 50, 38, 50, 31, 50, 50, 50, 50, 18, 42, 48, 26, 50, 50, 24, 31, 45, 10, 46, 50, 14, 50, 50]
[0 0 0 0 0 0 0 0 0 0 0 0 0 0 0 0 0 0 0 0 0 0 0 0 0 0 0 0 0 0 0 0 0 0 0 0 0
 0 0 0 0 0 0 0 0 0 0 0 0 0 0 0 0 0 0 0 0 0 0 0 0 0 0 0 0 0 0 0 0 0 0 0 0 0
 0 0 0 0 0 0 0 0 0 0 0 0 0 0 0 0 0 0 0 0 0 0 0 0 0 0]
[1 1 1 1 1 1 1 1 1 1 1 1 1 1 1 1 1 1 1 1 1 1 1 1 1 1 1 1 1 1 1 1 1 1 1 1 1
 1 1 1 1 1 1 1 1 1 1 1 1 1 1 1 1 1 1 1 1 1 1 1 1 1 1 1 1 1 1 1 1 1 1 1 1 1
 1 1 1 1 1 1 1 1 1 1 1 1 1 1 1 1 1 1 1 1 1 1 1 1 1 1]
