[ 0  1  2  3  4  5  6  7  8  9 10 11 12 13 14 15 16 17 18 19 20 21 22 23
 24 25 26 27 28 29 30 31 32 33 34 35 36 37 38 39 40 41 42 43 44 45 46 47
 48 49 50 51 52 53 54 55 56 57 58 59 60 61 62 63 64 65 66 67 68 69 70 71
 72 73 74 75 76 77 78 79 80 81 82 83 84 85 86 87 88 89 90 91 92 93 94 95
 96 97 98 99]
[47 -1 -1 -1 -1 -1 99 -1 -1  6 90 70 82 30 13 91 -1 95 80 25 97 70 54 31
 86 38 19 99 53 36 33 94 95 18 98 99 35 78 -1 -1 80 -1 -1 37 71 91 78 62
 20 42 53 54 -1 76 46 -1 88 35 91 65 36 64 -1 -1 90 -1 -1  8 60 -1  4  4
 85 -1 46 51 66 -1  5 -1 -1 68 24 57 41 34 -1 76 60 47 84 -1 40 20 -1 40
 -1 88 94 74]
[1 0 0 1 0 0 1 0 1 0 0 0 0 0 0 1 1 1 0 0 1 0 0 0 0 0 0 1 0 1 1 0 0 1 0 0 1
 0 1 0 1 1 1 1 1 0 0 1 0 1 1 1 1 1 1 1 0 1 0 1 1 0 1 1 1 0 0 0 1 1 0 1 1 0
 1 1 1 0 1 0 0 0 0 0 0 1 1 1 1 0 0 1 1 0 0 1 1 1 1 0]
[3 0 3 0 0 1 4 4 3 1 0 3 0 0 2 0 2 0 0 0 4 0 3 0 0 2 0 4 0 1 0 4 3 0 0 0 0
 0 0 0 3 0 0 0 1 0 4 1 0 0 2 4 2 0 3 3 3 0 0 2 4 3 3 0 1 3 3 3 0 1 1 1 1 2
 4 0 4 2 0 0 0 2 4 0 3 1 0 0 2 1 0 0 0 3 2 0 0 0 0 0]
[3 0 3 0 0 1 4 4 3 1 0 3 0 0 2 0 2 0 0 0 4 0 3 0 0 2 0 4 0 1 0 4 3 0 0 0 0
 0 0 0 3 0 0 0 1 0 4 1 0 0 2 4 2 0 3 3 3 0 0 2 4 3 3 0 1 3 3 3 0 1 1 1 1 2
 4 0 4 2 0 0 0 2 4 0 3 1 0 0 2 1 0 0 0 3 2 0 0 0 0 0]
[4 4 2 4 2 7 1 6 2 5 8 7 4 1 3 3 1 8 9 9 4 8 6 3 3 8 4 7 5 7 5 1 6 1 2 6 3
 6 5 1 4 6 9 8 9 1 5 7 3 2 5 8 2 4 6 1 7 8 9 4 5 9 1 5 6 6 1 6 3 7 9 6 6 3
 1 4 7 5 9 4 8 9 8 4 9 1 2 3 2 2 1 3 8 9 2 8 8 2 9 8]
[4 4 2 4 2 7 1 6 2 5 8 7 4 1 3 3 1 8 9 9 4 8 6 3 3 8 4 7 5 7 5 1 6 1 2 6 3
 6 5 1 4 6 9 8 9 1 5 7 3 2 5 8 2 4 6 1 7 8 9 4 5 9 1 5 6 6 1 6 3 7 9 6 6 3
 1 4 7 5 9 4 8 9 8 4 9 1 2 3 2 2 1 3 8 9 2 8 8 2 9 8]
[50, 50, 50, 50, 50, 40, 38, 50, 22, 31, 50, 39, 46, 29, 16, 50, 50, 50, 32, 27, 11, 50, 50, 50, 50, 30, 15, 50, 42, 50, 50, 50, 12, 50, 50, 50, 28, 21, 50, 12, 50, 50, 41, 50, 46, 37, 50, 50, 15, 50, 50, 31, 50, 50, 10, 46, 25, 50, 11, 50, 24, 50, 22, 50, 50, 50, 50, 16, 11, 50, 50, 43, 32, 50, 28, 21, 28, 50, 50, 48, 50, 50, 50, 50, 50, 16, 44, 50, 45, 50, 35, 13, 50, 21, 50, 50, 38, 12, 50, 50]
[0 0 0 0 0 0 0 0 0 0 0 0 0 0 0 0 0 0 0 0 0 0 0 0 0 0 0 0 0 0 0 0 0 0 0 0 0
 0 0 0 0 0 0 0 0 0 0 0 0 0 0 0 0 0 0 0 0 0 0 0 0 0 0 0 0 0 0 0 0 0 0 0 0 0
 0 0 0 0 0 0 0 0 0 0 0 0 0 0 0 0 0 0 0 0 0 0 0 0 0 0]
[1 1 1 1 1 1 1 1 1 1 1 1 1 1 1 1 1 1 1 1 1 1 1 1 1 1 1 1 1 1 1 1 1 1 1 1 1
 1 1 1 1 1 1 1 1 1 1 1 1 1 1 1 1 1 1 1 1 1 1 1 1 1 1 1 1 1 1 1 1 1 1 1 1 1
 1 1 1 1 1 1 1 1 1 1 1 1 1 1 1 1 1 1 1 1 1 1 1 1 1 1]
