[ 0  1  2  3  4  5  6  7  8  9 10 11 12 13 14 15 16 17 18 19 20 21 22 23
 24 25 26 27 28 29 30 31 32 33 34 35 36 37 38 39 40 41 42 43 44 45 46 47
 48 49 50 51 52 53 54 55 56 57 58 59 60 61 62 63 64 65 66 67 68 69 70 71
 72 73 74 75 76 77 78 79 80 81 82 83 84 85 86 87 88 89 90 91 92 93 94 95
 96 97 98 99]
[-1 21 -1 -1 31 62 -1 23 21 23 96 -1 55 23 89 -1 -1 61 32 25 -1 -1 -1 86
 12 39 45 55 -1 -1 -1 63 38 48 47 23 49 58 33 63 39 -1 68 29 12 -1 -1 24
 -1 92 55 58 30 37 87 72 -1 79 -1 -1 21  9 61 99 90 38 21 52 99 10 51 -1
 -1 -1 -1 40 58 -1 -1 75 84 -1 69 47 -1 35  4 34 39 -1 12 -1  6 41  0 -1
  2 90 29 33]
[1 1 1 0 1 0 0 0 1 1 1 1 1 0 1 1 0 0 0 0 0 1 1 0 0 0 1 1 1 1 1 0 1 1 0 0 1
 0 0 0 1 0 1 0 0 1 1 1 1 1 1 0 0 0 1 1 1 1 0 1 1 1 1 1 1 0 1 1 1 0 1 0 1 1
 1 0 0 0 0 1 1 1 1 1 0 1 0 1 0 1 0 0 1 0 1 0 1 1 1 1]
[2 0 3 0 0 0 4 0 0 0 0 1 0 0 2 0 0 0 1 0 1 2 4 0 1 4 1 1 2 2 4 3 0 0 0 0 0
 2 0 4 0 0 2 3 1 4 0 0 0 2 0 4 0 1 0 0 0 1 0 0 0 3 4 1 0 2 3 0 3 0 0 0 3 3
 3 1 0 0 1 3 3 0 0 0 0 0 0 4 0 3 0 0 0 4 0 1 0 0 0 0]
[2 0 3 0 0 0 4 0 0 0 0 1 0 0 2 0 0 0 1 0 1 2 4 0 1 4 1 1 2 2 4 3 0 0 0 0 0
 2 0 4 0 0 2 3 1 4 0 0 0 2 0 4 0 1 0 0 0 1 0 0 0 3 4 1 0 2 3 0 3 0 0 0 3 3
 3 1 0 0 1 3 3 0 0 0 0 0 0 4 0 3 0 0 0 4 0 1 0 0 0 0]
[8 6 9 5 8 1 1 5 4 4 1 5 9 2 1 8 2 9 7 4 6 8 5 3 5 4 9 4 7 9 1 9 2 3 3 8 3
 7 7 5 8 9 1 5 4 2 2 2 5 8 7 4 6 5 2 8 2 2 6 9 3 6 3 9 2 9 1 1 4 5 6 3 3 4
 4 7 7 8 7 8 5 6 8 6 4 2 6 1 2 5 1 1 9 3 1 5 4 8 1 9]
[8 6 9 5 8 1 1 5 4 4 1 5 9 2 1 8 2 9 7 4 6 8 5 3 5 4 9 4 7 9 1 9 2 3 3 8 3
 7 7 5 8 9 1 5 4 2 2 2 5 8 7 4 6 5 2 8 2 2 6 9 3 6 3 9 2 9 1 1 4 5 6 3 3 4
 4 7 7 8 7 8 5 6 8 6 4 2 6 1 2 5 1 1 9 3 1 5 4 8 1 9]
[39, 50, 50, 47, 50, 50, 50, 50, 50, 50, 17, 34, 26, 50, 15, 40, 31, 50, 26, 50, 50, 50, 39, 14, 21, 50, 50, 11, 50, 10, 29, 26, 24, 50, 50, 41, 38, 19, 50, 41, 50, 50, 50, 50, 50, 10, 50, 28, 50, 36, 50, 48, 48, 50, 24, 12, 27, 50, 50, 36, 50, 21, 26, 45, 24, 50, 50, 50, 50, 50, 46, 10, 35, 50, 44, 50, 50, 50, 42, 34, 34, 50, 50, 50, 11, 25, 20, 50, 50, 50, 50, 50, 38, 17, 50, 50, 21, 50, 50, 50]
[0 0 0 0 0 0 0 0 0 0 0 0 0 0 0 0 0 0 0 0 0 0 0 0 0 0 0 0 0 0 0 0 0 0 0 0 0
 0 0 0 0 0 0 0 0 0 0 0 0 0 0 0 0 0 0 0 0 0 0 0 0 0 0 0 0 0 0 0 0 0 0 0 0 0
 0 0 0 0 0 0 0 0 0 0 0 0 0 0 0 0 0 0 0 0 0 0 0 0 0 0]
[1 1 1 1 1 1 1 1 1 1 1 1 1 1 1 1 1 1 1 1 1 1 1 1 1 1 1 1 1 1 1 1 1 1 1 1 1
 1 1 1 1 1 1 1 1 1 1 1 1 1 1 1 1 1 1 1 1 1 1 1 1 1 1 1 1 1 1 1 1 1 1 1 1 1
 1 1 1 1 1 1 1 1 1 1 1 1 1 1 1 1 1 1 1 1 1 1 1 1 1 1]
