[ 0  1  2  3  4  5  6  7  8  9 10 11 12 13 14 15 16 17 18 19 20 21 22 23
 24 25 26 27 28 29 30 31 32 33 34 35 36 37 38 39 40 41 42 43 44 45 46 47
 48 49 50 51 52 53 54 55 56 57 58 59 60 61 62 63 64 65 66 67 68 69 70 71
 72 73 74 75 76 77 78 79 80 81 82 83 84 85 86 87 88 89 90 91 92 93 94 95
 96 97 98 99]
[27 43 -1 89  8 -1 -1 65 84 77  7 -1 -1 54 68 42 -1 13 -1 -1 -1 -1 43 92
 61 -1 -1 71 18 -1 57 83 27 -1 90 -1 29 93 72 -1 -1 -1 53 -1 62  1 75 -1
 29 90 -1 78 47 50 74 -1 -1 -1 -1 78 39 20 -1  2 54 -1 -1 83 99 27 10 89
 94 -1 -1 25 -1 54 68 -1 30 33 90 -1 52 -1 22 64 51 33 36 50 -1 99  5 71
 -1 -1 19 98]
[0 0 0 0 1 1 1 0 0 0 1 1 0 1 1 0 1 1 1 0 1 0 0 1 0 1 1 1 1 1 1 1 1 0 0 0 0
 1 0 0 1 1 1 0 0 0 0 1 1 0 0 1 0 1 0 0 1 1 0 1 1 0 0 0 0 0 1 0 0 1 1 0 0 0
 0 0 0 0 1 1 0 1 0 0 0 1 1 0 1 1 0 1 1 0 0 1 1 0 1 1]
[2 1 1 3 0 0 0 0 2 3 0 4 0 1 2 1 0 0 1 0 1 0 1 0 4 4 0 4 0 2 0 3 2 2 2 3 3
 0 0 4 4 0 0 0 3 0 1 0 0 1 0 1 0 0 3 1 0 1 2 2 2 4 0 1 2 0 2 3 4 0 0 2 3 2
 2 0 0 1 3 2 2 0 2 1 0 2 2 0 3 3 0 4 0 0 1 3 2 2 0 0]
[2 1 1 3 0 0 0 0 2 3 0 4 0 1 2 1 0 0 1 0 1 0 1 0 4 4 0 4 0 2 0 3 2 2 2 3 3
 0 0 4 4 0 0 0 3 0 1 0 0 1 0 1 0 0 3 1 0 1 2 2 2 4 0 1 2 0 2 3 4 0 0 2 3 2
 2 0 0 1 3 2 2 0 2 1 0 2 2 0 3 3 0 4 0 0 1 3 2 2 0 0]
[8 6 1 9 8 9 6 2 8 7 8 1 4 9 6 5 3 9 9 5 5 4 9 7 5 4 5 3 6 1 6 9 4 5 1 7 4
 8 2 4 8 9 4 9 5 5 1 9 4 7 1 2 1 3 4 3 4 2 4 4 7 4 1 3 8 3 4 6 9 1 1 2 6 2
 8 3 7 1 7 6 3 2 6 2 5 1 8 7 1 3 4 8 3 3 8 5 7 8 8 1]
[8 6 1 9 8 9 6 2 8 7 8 1 4 9 6 5 3 9 9 5 5 4 9 7 5 4 5 3 6 1 6 9 4 5 1 7 4
 8 2 4 8 9 4 9 5 5 1 9 4 7 1 2 1 3 4 3 4 2 4 4 7 4 1 3 8 3 4 6 9 1 1 2 6 2
 8 3 7 1 7 6 3 2 6 2 5 1 8 7 1 3 4 8 3 3 8 5 7 8 8 1]
[21, 50, 12, 31, 39, 50, 50, 50, 40, 50, 50, 42, 50, 50, 18, 50, 50, 42, 50, 35, 50, 46, 50, 50, 50, 50, 24, 24, 44, 45, 41, 50, 32, 37, 50, 16, 31, 50, 50, 29, 50, 50, 50, 38, 44, 40, 42, 50, 50, 50, 50, 34, 50, 50, 50, 45, 27, 42, 46, 50, 23, 50, 50, 50, 50, 19, 15, 50, 50, 48, 23, 50, 16, 24, 45, 50, 23, 12, 25, 22, 50, 27, 43, 50, 50, 18, 50, 32, 15, 50, 50, 38, 10, 50, 42, 50, 42, 18, 13, 50]
[0 0 0 0 0 0 0 0 0 0 0 0 0 0 0 0 0 0 0 0 0 0 0 0 0 0 0 0 0 0 0 0 0 0 0 0 0
 0 0 0 0 0 0 0 0 0 0 0 0 0 0 0 0 0 0 0 0 0 0 0 0 0 0 0 0 0 0 0 0 0 0 0 0 0
 0 0 0 0 0 0 0 0 0 0 0 0 0 0 0 0 0 0 0 0 0 0 0 0 0 0]
[1 1 1 1 1 1 1 1 1 1 1 1 1 1 1 1 1 1 1 1 1 1 1 1 1 1 1 1 1 1 1 1 1 1 1 1 1
 1 1 1 1 1 1 1 1 1 1 1 1 1 1 1 1 1 1 1 1 1 1 1 1 1 1 1 1 1 1 1 1 1 1 1 1 1
 1 1 1 1 1 1 1 1 1 1 1 1 1 1 1 1 1 1 1 1 1 1 1 1 1 1]
