[ 0  1  2  3  4  5  6  7  8  9 10 11 12 13 14 15 16 17 18 19 20 21 22 23
 24 25 26 27 28 29 30 31 32 33 34 35 36 37 38 39 40 41 42 43 44 45 46 47
 48 49 50 51 52 53 54 55 56 57 58 59 60 61 62 63 64 65 66 67 68 69 70 71
 72 73 74 75 76 77 78 79 80 81 82 83 84 85 86 87 88 89 90 91 92 93 94 95
 96 97 98 99]
[-1 -1 -1 13 -1 67 92 -1 -1 15 21 -1 13 19 -1  6 52 -1 42 21 61 56 -1 44
 42 -1 -1 99 39 13 16 56 -1 -1 26 99 -1 95 16 94 19 -1 53 89 50  0 62 99
 -1 -1 49 79 81 -1 39  8 -1 99 20 54 82 -1 38 52 52 37 73 -1  4 96 -1 47
 71 -1 -1 69 49 -1 -1 58 82 -1 90 69 46 36 66 -1 79  0 33 70 -1 50  1 -1
 76 -1 88 -1]
[0 1 0 1 1 0 1 1 0 1 0 1 0 1 1 0 1 0 0 0 0 0 1 1 1 0 0 0 0 0 1 0 0 0 1 1 0
 0 1 0 1 1 1 0 0 1 1 0 1 0 1 0 0 0 1 1 0 1 0 0 1 1 0 1 0 1 0 1 1 0 1 0 0 1
 0 0 0 1 0 1 1 1 0 0 0 0 1 0 0 1 1 1 1 1 0 0 1 1 0 0]
[4 3 0 4 0 4 1 0 0 0 3 0 2 4 4 3 0 0 1 0 0 3 0 0 2 0 0 2 3 3 0 0 0 0 4 0 0
 1 0 4 2 4 1 2 4 0 2 0 0 2 0 2 1 4 0 0 1 2 0 1 3 0 0 4 1 3 0 1 4 2 0 4 1 0
 4 0 2 4 0 0 4 0 0 4 0 3 0 0 0 0 0 4 0 2 3 4 0 0 1 0]
[4 3 0 4 0 4 1 0 0 0 3 0 2 4 4 3 0 0 1 0 0 3 0 0 2 0 0 2 3 3 0 0 0 0 4 0 0
 1 0 4 2 4 1 2 4 0 2 0 0 2 0 2 1 4 0 0 1 2 0 1 3 0 0 4 1 3 0 1 4 2 0 4 1 0
 4 0 2 4 0 0 4 0 0 4 0 3 0 0 0 0 0 4 0 2 3 4 0 0 1 0]
[9 5 2 9 2 3 7 6 2 4 9 8 4 1 4 9 2 7 1 8 2 2 5 1 8 2 7 9 7 8 7 9 5 8 1 6 1
 4 1 4 3 8 1 4 6 5 1 4 5 9 2 1 8 9 5 1 4 5 7 6 9 8 1 9 9 3 5 2 6 2 2 3 1 6
 3 6 5 9 3 2 6 1 9 3 5 7 9 2 1 8 4 1 7 5 2 7 7 6 1 4]
[9 5 2 9 2 3 7 6 2 4 9 8 4 1 4 9 2 7 1 8 2 2 5 1 8 2 7 9 7 8 7 9 5 8 1 6 1
 4 1 4 3 8 1 4 6 5 1 4 5 9 2 1 8 9 5 1 4 5 7 6 9 8 1 9 9 3 5 2 6 2 2 3 1 6
 3 6 5 9 3 2 6 1 9 3 5 7 9 2 1 8 4 1 7 5 2 7 7 6 1 4]
[24, 50, 41, 43, 50, 50, 50, 50, 26, 11, 29, 42, 50, 44, 50, 15, 42, 50, 50, 50, 50, 35, 50, 35, 15, 50, 50, 50, 50, 34, 13, 26, 15, 49, 50, 15, 36, 29, 26, 33, 16, 12, 50, 50, 50, 37, 50, 33, 29, 39, 50, 18, 50, 39, 50, 20, 41, 40, 12, 50, 12, 50, 50, 50, 50, 50, 27, 36, 50, 50, 34, 50, 50, 50, 37, 46, 50, 14, 50, 50, 50, 44, 50, 48, 47, 28, 46, 50, 47, 50, 50, 50, 50, 42, 50, 43, 34, 40, 25, 36]
[0 0 0 0 0 0 0 0 0 0 0 0 0 0 0 0 0 0 0 0 0 0 0 0 0 0 0 0 0 0 0 0 0 0 0 0 0
 0 0 0 0 0 0 0 0 0 0 0 0 0 0 0 0 0 0 0 0 0 0 0 0 0 0 0 0 0 0 0 0 0 0 0 0 0
 0 0 0 0 0 0 0 0 0 0 0 0 0 0 0 0 0 0 0 0 0 0 0 0 0 0]
[1 1 1 1 1 1 1 1 1 1 1 1 1 1 1 1 1 1 1 1 1 1 1 1 1 1 1 1 1 1 1 1 1 1 1 1 1
 1 1 1 1 1 1 1 1 1 1 1 1 1 1 1 1 1 1 1 1 1 1 1 1 1 1 1 1 1 1 1 1 1 1 1 1 1
 1 1 1 1 1 1 1 1 1 1 1 1 1 1 1 1 1 1 1 1 1 1 1 1 1 1]
