[ 0  1  2  3  4  5  6  7  8  9 10 11 12 13 14 15 16 17 18 19 20 21 22 23
 24 25 26 27 28 29 30 31 32 33 34 35 36 37 38 39 40 41 42 43 44 45 46 47
 48 49 50 51 52 53 54 55 56 57 58 59 60 61 62 63 64 65 66 67 68 69 70 71
 72 73 74 75 76 77 78 79 80 81 82 83 84 85 86 87 88 89 90 91 92 93 94 95
 96 97 98 99]
[46 -1 81 93 48 99 78 33 96 -1 70 80 93 54 74  8 83 72 45 72 -1 37 -1 -1
 12 -1 52 83 -1 -1 -1 70 85 27 92  1 14 -1 -1 -1 34 -1 18 -1 -1 99 -1 -1
 51 27 -1 -1 -1 -1 -1 73 61 74 95 25  4 27 58 -1 -1 73 -1 89 31 41 65 -1
 -1 -1 91 36 -1 61 29 39 -1 65 -1 66 96 53 -1 25 47 21 67  8 47 -1 12 92
 -1 -1 -1 -1]
[0 1 1 1 1 1 0 0 1 1 1 1 0 1 1 0 1 1 0 0 1 0 0 0 0 0 1 1 0 1 0 0 0 0 1 1 0
 1 0 0 0 0 0 1 1 0 1 1 1 0 1 0 0 1 1 1 1 0 1 0 0 1 0 1 0 1 1 0 0 0 0 1 0 0
 1 1 0 0 0 0 0 0 1 0 0 1 1 0 0 0 1 1 1 0 1 1 1 1 0 1]
[0 0 0 4 3 4 0 0 0 1 0 0 0 0 0 1 2 0 1 4 0 4 1 0 0 0 0 2 3 0 0 2 0 4 0 0 1
 4 0 4 0 0 0 0 0 1 0 0 1 0 2 3 0 3 1 0 4 3 4 3 0 0 0 0 1 0 0 0 4 4 0 1 3 0
 3 0 1 2 0 0 2 0 1 0 4 3 4 2 0 4 0 2 1 0 0 0 3 1 0 0]
[0 0 0 4 3 4 0 0 0 1 0 0 0 0 0 1 2 0 1 4 0 4 1 0 0 0 0 2 3 0 0 2 0 4 0 0 1
 4 0 4 0 0 0 0 0 1 0 0 1 0 2 3 0 3 1 0 4 3 4 3 0 0 0 0 1 0 0 0 4 4 0 1 3 0
 3 0 1 2 0 0 2 0 1 0 4 3 4 2 0 4 0 2 1 0 0 0 3 1 0 0]
[4 6 6 3 1 2 2 1 8 5 8 7 9 1 7 2 1 4 7 7 8 8 8 5 2 5 9 1 2 4 8 7 3 6 3 3 8
 5 4 3 9 4 8 9 9 4 2 4 7 2 5 3 9 2 1 2 4 4 4 8 1 9 6 7 3 4 1 4 7 2 3 7 9 5
 2 5 7 6 9 4 2 7 3 7 9 1 3 6 5 1 4 9 6 2 2 6 2 2 7 3]
[4 6 6 3 1 2 2 1 8 5 8 7 9 1 7 2 1 4 7 7 8 8 8 5 2 5 9 1 2 4 8 7 3 6 3 3 8
 5 4 3 9 4 8 9 9 4 2 4 7 2 5 3 9 2 1 2 4 4 4 8 1 9 6 7 3 4 1 4 7 2 3 7 9 5
 2 5 7 6 9 4 2 7 3 7 9 1 3 6 5 1 4 9 6 2 2 6 2 2 7 3]
[50, 50, 50, 15, 34, 27, 50, 50, 32, 50, 33, 29, 31, 35, 30, 41, 50, 17, 50, 50, 30, 35, 50, 26, 43, 50, 44, 22, 50, 50, 22, 50, 36, 13, 12, 50, 20, 50, 46, 50, 43, 29, 19, 50, 50, 48, 50, 38, 48, 50, 46, 23, 40, 50, 48, 50, 50, 48, 28, 50, 24, 31, 50, 28, 50, 45, 50, 50, 50, 50, 32, 33, 41, 27, 15, 46, 50, 50, 50, 17, 27, 50, 50, 45, 20, 48, 13, 48, 48, 50, 50, 39, 50, 50, 11, 50, 50, 31, 50, 50]
[0 0 0 0 0 0 0 0 0 0 0 0 0 0 0 0 0 0 0 0 0 0 0 0 0 0 0 0 0 0 0 0 0 0 0 0 0
 0 0 0 0 0 0 0 0 0 0 0 0 0 0 0 0 0 0 0 0 0 0 0 0 0 0 0 0 0 0 0 0 0 0 0 0 0
 0 0 0 0 0 0 0 0 0 0 0 0 0 0 0 0 0 0 0 0 0 0 0 0 0 0]
[1 1 1 1 1 1 1 1 1 1 1 1 1 1 1 1 1 1 1 1 1 1 1 1 1 1 1 1 1 1 1 1 1 1 1 1 1
 1 1 1 1 1 1 1 1 1 1 1 1 1 1 1 1 1 1 1 1 1 1 1 1 1 1 1 1 1 1 1 1 1 1 1 1 1
 1 1 1 1 1 1 1 1 1 1 1 1 1 1 1 1 1 1 1 1 1 1 1 1 1 1]
