[ 0  1  2  3  4  5  6  7  8  9 10 11 12 13 14 15 16 17 18 19 20 21 22 23
 24 25 26 27 28 29 30 31 32 33 34 35 36 37 38 39 40 41 42 43 44 45 46 47
 48 49 50 51 52 53 54 55 56 57 58 59 60 61 62 63 64 65 66 67 68 69 70 71
 72 73 74 75 76 77 78 79 80 81 82 83 84 85 86 87 88 89 90 91 92 93 94 95
 96 97 98 99]
[-1 77 50 -1 93 26 -1 -1 73 94 -1  7 16 39 -1 -1 77 -1 45 51 52 86 43 -1
  0 28 -1 38 99 41 65 -1 70 68 90 87 -1 -1 78 49 -1 -1 92 -1 65 21 17 -1
 41 67 24 -1 -1 68 32 43 55 39 23  9 47 -1 55 66 53 62 78 -1 -1 -1 14 68
 -1 67 78 62  8 13 17 87 -1 64 -1 -1 53 26 -1  7 12 -1 57  1 19 -1 -1 10
 88 -1 47  3]
[0 0 1 0 1 0 0 1 0 1 1 1 0 0 1 0 0 1 0 1 1 1 0 0 0 1 1 0 1 0 1 0 1 1 1 1 0
 1 0 1 1 1 1 1 1 1 1 1 1 0 0 0 0 1 1 1 0 0 0 0 1 1 1 0 1 1 0 1 1 1 0 1 1 0
 1 1 0 0 1 1 0 0 0 0 0 0 0 1 0 0 1 0 0 0 1 0 1 0 1 1]
[2 1 0 2 0 1 0 1 0 0 1 0 2 1 2 0 3 0 4 1 0 0 1 0 4 1 2 2 0 0 3 4 3 1 3 4 0
 4 4 1 1 3 3 4 1 0 3 0 3 3 0 3 0 4 0 4 1 1 3 0 3 0 0 0 0 1 4 4 0 4 1 4 0 3
 0 0 2 3 1 0 0 3 3 0 0 4 0 0 3 0 0 0 1 1 4 0 0 3 0 0]
[2 1 0 2 0 1 0 1 0 0 1 0 2 1 2 0 3 0 4 1 0 0 1 0 4 1 2 2 0 0 3 4 3 1 3 4 0
 4 4 1 1 3 3 4 1 0 3 0 3 3 0 3 0 4 0 4 1 1 3 0 3 0 0 0 0 1 4 4 0 4 1 4 0 3
 0 0 2 3 1 0 0 3 3 0 0 4 0 0 3 0 0 0 1 1 4 0 0 3 0 0]
[5 9 6 8 9 2 9 4 6 7 5 8 6 6 4 7 5 5 3 3 4 1 6 3 6 1 3 8 2 4 9 1 7 7 7 3 6
 7 6 6 5 6 4 5 6 8 3 6 1 6 3 9 5 2 2 2 7 3 5 1 2 4 8 2 5 6 2 1 8 1 4 9 6 8
 7 8 4 4 9 6 1 8 5 7 2 7 3 8 8 6 2 2 2 6 7 5 2 5 9 5]
[5 9 6 8 9 2 9 4 6 7 5 8 6 6 4 7 5 5 3 3 4 1 6 3 6 1 3 8 2 4 9 1 7 7 7 3 6
 7 6 6 5 6 4 5 6 8 3 6 1 6 3 9 5 2 2 2 7 3 5 1 2 4 8 2 5 6 2 1 8 1 4 9 6 8
 7 8 4 4 9 6 1 8 5 7 2 7 3 8 8 6 2 2 2 6 7 5 2 5 9 5]
[50, 50, 50, 50, 33, 38, 50, 50, 49, 50, 47, 50, 50, 50, 48, 50, 33, 50, 47, 50, 37, 50, 50, 35, 43, 50, 28, 18, 50, 50, 50, 50, 50, 45, 50, 30, 11, 41, 16, 35, 50, 22, 50, 24, 18, 50, 31, 16, 40, 50, 30, 50, 50, 21, 30, 14, 50, 37, 50, 43, 23, 50, 50, 43, 50, 26, 50, 50, 28, 19, 11, 50, 18, 18, 50, 50, 11, 48, 50, 47, 48, 22, 50, 21, 17, 50, 47, 50, 28, 50, 39, 50, 50, 44, 50, 42, 50, 25, 40, 25]
[0 0 0 0 0 0 0 0 0 0 0 0 0 0 0 0 0 0 0 0 0 0 0 0 0 0 0 0 0 0 0 0 0 0 0 0 0
 0 0 0 0 0 0 0 0 0 0 0 0 0 0 0 0 0 0 0 0 0 0 0 0 0 0 0 0 0 0 0 0 0 0 0 0 0
 0 0 0 0 0 0 0 0 0 0 0 0 0 0 0 0 0 0 0 0 0 0 0 0 0 0]
[1 1 1 1 1 1 1 1 1 1 1 1 1 1 1 1 1 1 1 1 1 1 1 1 1 1 1 1 1 1 1 1 1 1 1 1 1
 1 1 1 1 1 1 1 1 1 1 1 1 1 1 1 1 1 1 1 1 1 1 1 1 1 1 1 1 1 1 1 1 1 1 1 1 1
 1 1 1 1 1 1 1 1 1 1 1 1 1 1 1 1 1 1 1 1 1 1 1 1 1 1]
