[ 0  1  2  3  4  5  6  7  8  9 10 11 12 13 14 15 16 17 18 19 20 21 22 23
 24 25 26 27 28 29 30 31 32 33 34 35 36 37 38 39 40 41 42 43 44 45 46 47
 48 49 50 51 52 53 54 55 56 57 58 59 60 61 62 63 64 65 66 67 68 69 70 71
 72 73 74 75 76 77 78 79 80 81 82 83 84 85 86 87 88 89 90 91 92 93 94 95
 96 97 98 99]
[-1 89  0 31 84 91  1 37 51 31 34  6 -1  3 13 67 -1 -1 48 97 -1 -1 93 50
 34 -1 -1 76 89 -1 68 -1 34 77 -1 80 35 45 -1 33 12 62 -1 -1 75 71 -1 -1
 -1 -1 46 -1 49 48 -1 85 -1 88 89 -1 -1 46 -1 57 76 44 -1 94 61 33  0  4
 -1 -1 -1 43 92 83 33 88 -1 17  9 99 70 18  4 -1 -1 39 15 49 10 75 16 -1
  1 -1 59 44]
[0 0 1 1 0 0 0 1 0 0 1 1 0 1 0 1 1 1 0 1 1 0 0 0 0 1 0 1 1 1 1 0 1 0 0 1 0
 1 0 1 0 0 1 1 0 1 0 1 0 0 1 1 0 1 0 1 1 0 0 1 0 0 1 1 1 0 1 1 0 0 0 1 1 1
 1 0 1 0 0 0 0 1 0 0 1 1 0 1 0 0 1 1 0 0 0 1 0 1 0 0]
[0 1 0 0 0 0 1 2 2 2 3 2 0 0 0 0 0 2 0 0 4 0 0 4 1 3 0 0 1 3 0 0 3 0 2 0 1
 0 0 4 1 4 3 1 0 0 3 0 0 0 3 2 3 0 2 0 0 4 4 0 4 0 1 3 3 3 0 0 2 3 4 0 4 0
 0 0 1 0 2 3 4 3 3 0 1 0 0 0 0 2 4 4 3 3 0 0 0 0 1 0]
[0 1 0 0 0 0 1 2 2 2 3 2 0 0 0 0 0 2 0 0 4 0 0 4 1 3 0 0 1 3 0 0 3 0 2 0 1
 0 0 4 1 4 3 1 0 0 3 0 0 0 3 2 3 0 2 0 0 4 4 0 4 0 1 3 3 3 0 0 2 3 4 0 4 0
 0 0 1 0 2 3 4 3 3 0 1 0 0 0 0 2 4 4 3 3 0 0 0 0 1 0]
[4 1 3 9 5 7 3 6 7 2 3 7 2 9 9 6 7 4 3 2 3 7 9 3 8 4 3 7 6 9 7 6 5 2 9 5 3
 5 7 2 2 1 4 7 1 1 8 3 3 4 6 6 7 9 6 3 6 1 4 7 3 6 9 8 5 1 4 5 9 5 3 2 7 9
 5 2 2 9 3 3 2 2 7 2 7 7 2 6 5 5 2 2 5 6 4 2 8 1 1 5]
[4 1 3 9 5 7 3 6 7 2 3 7 2 9 9 6 7 4 3 2 3 7 9 3 8 4 3 7 6 9 7 6 5 2 9 5 3
 5 7 2 2 1 4 7 1 1 8 3 3 4 6 6 7 9 6 3 6 1 4 7 3 6 9 8 5 1 4 5 9 5 3 2 7 9
 5 2 2 9 3 3 2 2 7 2 7 7 2 6 5 5 2 2 5 6 4 2 8 1 1 5]
[31, 20, 33, 50, 23, 50, 37, 50, 50, 28, 50, 50, 50, 31, 50, 16, 49, 26, 50, 27, 50, 28, 48, 50, 40, 43, 36, 19, 28, 38, 36, 50, 50, 42, 40, 45, 50, 50, 22, 29, 38, 50, 50, 50, 17, 50, 50, 24, 29, 32, 48, 50, 50, 50, 42, 12, 34, 33, 50, 44, 50, 20, 35, 50, 49, 42, 15, 21, 27, 50, 50, 50, 23, 20, 10, 50, 50, 48, 50, 50, 50, 50, 10, 47, 50, 26, 23, 50, 47, 50, 46, 40, 50, 35, 48, 50, 50, 50, 50, 50]
[0 0 0 0 0 0 0 0 0 0 0 0 0 0 0 0 0 0 0 0 0 0 0 0 0 0 0 0 0 0 0 0 0 0 0 0 0
 0 0 0 0 0 0 0 0 0 0 0 0 0 0 0 0 0 0 0 0 0 0 0 0 0 0 0 0 0 0 0 0 0 0 0 0 0
 0 0 0 0 0 0 0 0 0 0 0 0 0 0 0 0 0 0 0 0 0 0 0 0 0 0]
[1 1 1 1 1 1 1 1 1 1 1 1 1 1 1 1 1 1 1 1 1 1 1 1 1 1 1 1 1 1 1 1 1 1 1 1 1
 1 1 1 1 1 1 1 1 1 1 1 1 1 1 1 1 1 1 1 1 1 1 1 1 1 1 1 1 1 1 1 1 1 1 1 1 1
 1 1 1 1 1 1 1 1 1 1 1 1 1 1 1 1 1 1 1 1 1 1 1 1 1 1]
