[ 0  1  2  3  4  5  6  7  8  9 10 11 12 13 14 15 16 17 18 19 20 21 22 23
 24 25 26 27 28 29 30 31 32 33 34 35 36 37 38 39 40 41 42 43 44 45 46 47
 48 49 50 51 52 53 54 55 56 57 58 59 60 61 62 63 64 65 66 67 68 69 70 71
 72 73 74 75 76 77 78 79 80 81 82 83 84 85 86 87 88 89 90 91 92 93 94 95
 96 97 98 99]
[-1 -1 33 -1 20 30 85  9 49 -1 72 27 25 -1 -1 65 -1 -1 73 51 90  5 -1 11
 55 65  4 59 47 -1 -1 -1 34 18 56 92 48 -1 45 -1 -1 -1  5 -1 24 57 56 63
 92 36 -1 50 -1 50  5 65 78 47 37 -1 96  0 32 -1 21 -1 -1 -1  4 -1 31 13
 -1 -1 26 -1 -1 58 13 33 48  2  7 99 55 -1 -1 17  9 88 35 -1 -1 -1 -1 -1
 47 82 -1 64]
[0 0 0 1 1 0 0 1 0 1 1 1 0 0 0 0 1 0 1 0 0 0 0 1 0 1 1 1 0 1 0 0 1 0 0 1 0
 1 0 1 0 0 0 1 0 0 1 0 0 1 0 1 0 1 0 1 0 1 0 1 1 1 0 1 1 1 1 1 1 1 0 1 1 0
 1 0 0 0 1 0 0 1 0 1 0 1 1 0 0 0 1 0 0 1 0 1 0 1 0 1]
[4 4 0 2 0 3 2 2 3 0 2 3 3 0 2 2 0 0 0 2 0 4 0 0 1 1 1 3 0 0 0 0 1 0 2 0 3
 3 1 0 0 0 0 0 0 0 2 2 4 4 2 0 1 0 0 3 3 0 0 1 0 3 1 0 4 3 0 0 0 4 3 0 0 0
 1 2 1 0 3 3 1 4 0 2 0 2 1 0 4 3 0 0 0 3 0 0 0 0 0 0]
[4 4 0 2 0 3 2 2 3 0 2 3 3 0 2 2 0 0 0 2 0 4 0 0 1 1 1 3 0 0 0 0 1 0 2 0 3
 3 1 0 0 0 0 0 0 0 2 2 4 4 2 0 1 0 0 3 3 0 0 1 0 3 1 0 4 3 0 0 0 4 3 0 0 0
 1 2 1 0 3 3 1 4 0 2 0 2 1 0 4 3 0 0 0 3 0 0 0 0 0 0]
[2 7 6 6 2 3 9 7 9 8 8 2 7 1 2 9 5 1 4 2 5 9 6 3 8 3 8 2 8 9 8 5 7 4 9 9 9
 2 5 4 2 2 3 8 5 4 6 9 9 8 4 2 8 9 1 3 7 3 1 8 9 2 1 7 9 4 7 5 9 2 8 2 2 1
 8 7 7 2 7 6 7 5 1 8 7 4 8 2 2 3 7 6 8 4 3 3 5 9 3 7]
[2 7 6 6 2 3 9 7 9 8 8 2 7 1 2 9 5 1 4 2 5 9 6 3 8 3 8 2 8 9 8 5 7 4 9 9 9
 2 5 4 2 2 3 8 5 4 6 9 9 8 4 2 8 9 1 3 7 3 1 8 9 2 1 7 9 4 7 5 9 2 8 2 2 1
 8 7 7 2 7 6 7 5 1 8 7 4 8 2 2 3 7 6 8 4 3 3 5 9 3 7]
[50, 36, 42, 50, 27, 50, 14, 42, 50, 15, 16, 13, 45, 38, 50, 50, 50, 50, 14, 38, 50, 50, 34, 50, 50, 50, 50, 12, 31, 50, 50, 27, 50, 50, 50, 45, 36, 13, 18, 40, 50, 47, 12, 27, 50, 44, 48, 20, 50, 50, 35, 14, 50, 50, 13, 50, 50, 24, 50, 50, 50, 50, 11, 50, 50, 21, 50, 50, 50, 15, 36, 50, 42, 48, 50, 50, 32, 36, 48, 50, 14, 13, 39, 23, 50, 50, 37, 49, 50, 50, 50, 50, 50, 50, 50, 20, 50, 50, 50, 36]
[0 0 0 0 0 0 0 0 0 0 0 0 0 0 0 0 0 0 0 0 0 0 0 0 0 0 0 0 0 0 0 0 0 0 0 0 0
 0 0 0 0 0 0 0 0 0 0 0 0 0 0 0 0 0 0 0 0 0 0 0 0 0 0 0 0 0 0 0 0 0 0 0 0 0
 0 0 0 0 0 0 0 0 0 0 0 0 0 0 0 0 0 0 0 0 0 0 0 0 0 0]
[1 1 1 1 1 1 1 1 1 1 1 1 1 1 1 1 1 1 1 1 1 1 1 1 1 1 1 1 1 1 1 1 1 1 1 1 1
 1 1 1 1 1 1 1 1 1 1 1 1 1 1 1 1 1 1 1 1 1 1 1 1 1 1 1 1 1 1 1 1 1 1 1 1 1
 1 1 1 1 1 1 1 1 1 1 1 1 1 1 1 1 1 1 1 1 1 1 1 1 1 1]
