[ 0  1  2  3  4  5  6  7  8  9 10 11 12 13 14 15 16 17 18 19 20 21 22 23
 24 25 26 27 28 29 30 31 32 33 34 35 36 37 38 39 40 41 42 43 44 45 46 47
 48 49 50 51 52 53 54 55 56 57 58 59 60 61 62 63 64 65 66 67 68 69 70 71
 72 73 74 75 76 77 78 79 80 81 82 83 84 85 86 87 88 89 90 91 92 93 94 95
 96 97 98 99]
[-1 19 -1 73  8 61 99 -1 76 82 94 17 96 38 69  3 79 -1 17 29 56 -1 43 -1
 64 -1 12 -1 98 95 42 -1 92 16 51 62 -1 22 54  7 29 99 -1 25 37 -1 -1 82
 -1 -1 -1 -1 36 31 79 98 96 -1 -1 62 23 85 19 24  0 -1 -1 50 -1 93 -1 -1
 44 43 93 32 66 12 -1 -1 10 -1 30 63 -1 41  9 -1 -1 24 61 -1 -1 41 66 70
 63 45 65 30]
[1 0 0 0 1 0 0 1 1 0 1 0 0 1 0 1 1 0 0 1 1 1 0 0 0 1 0 1 1 1 1 1 1 0 0 1 0
 1 1 0 1 0 0 1 0 0 1 1 0 0 0 0 1 1 0 0 1 0 0 1 0 1 1 0 0 0 0 0 1 1 0 0 1 1
 1 1 1 0 0 1 1 1 1 1 1 0 1 1 1 0 1 0 0 0 1 1 0 0 0 0]
[0 0 3 2 3 0 0 4 4 0 0 4 0 3 3 1 3 4 4 0 0 0 1 0 4 0 3 0 0 4 2 0 0 3 0 1 0
 0 0 0 2 0 1 0 4 2 2 1 1 2 3 0 4 0 0 2 1 2 0 0 0 0 0 2 3 2 2 0 2 3 3 4 0 2
 0 2 3 0 2 0 0 1 4 0 0 3 1 0 1 0 4 2 4 1 0 1 3 0 2 2]
[0 0 3 2 3 0 0 4 4 0 0 4 0 3 3 1 3 4 4 0 0 0 1 0 4 0 3 0 0 4 2 0 0 3 0 1 0
 0 0 0 2 0 1 0 4 2 2 1 1 2 3 0 4 0 0 2 1 2 0 0 0 0 0 2 3 2 2 0 2 3 3 4 0 2
 0 2 3 0 2 0 0 1 4 0 0 3 1 0 1 0 4 2 4 1 0 1 3 0 2 2]
[3 9 6 4 8 2 4 2 5 7 9 4 5 8 6 2 9 2 6 2 3 9 1 7 9 1 3 6 9 6 9 4 7 6 7 9 1
 4 7 9 7 6 1 8 7 9 9 8 7 7 8 6 3 9 5 8 8 8 3 2 7 7 2 1 4 7 5 5 2 9 5 8 7 4
 4 7 6 2 5 4 6 6 8 9 1 2 4 3 2 2 7 5 6 7 7 1 3 3 8 3]
[3 9 6 4 8 2 4 2 5 7 9 4 5 8 6 2 9 2 6 2 3 9 1 7 9 1 3 6 9 6 9 4 7 6 7 9 1
 4 7 9 7 6 1 8 7 9 9 8 7 7 8 6 3 9 5 8 8 8 3 2 7 7 2 1 4 7 5 5 2 9 5 8 7 4
 4 7 6 2 5 4 6 6 8 9 1 2 4 3 2 2 7 5 6 7 7 1 3 3 8 3]
[28, 44, 43, 42, 24, 50, 50, 50, 15, 50, 14, 50, 50, 50, 50, 10, 26, 30, 24, 50, 44, 36, 48, 48, 23, 50, 33, 31, 50, 39, 50, 50, 19, 50, 50, 50, 39, 50, 50, 50, 50, 50, 20, 50, 50, 50, 22, 50, 11, 44, 50, 50, 50, 26, 49, 40, 18, 22, 33, 48, 32, 50, 40, 45, 34, 50, 30, 49, 50, 50, 50, 29, 50, 29, 50, 47, 16, 16, 50, 50, 12, 27, 38, 32, 50, 17, 50, 50, 50, 47, 50, 45, 50, 50, 40, 50, 49, 21, 14, 48]
[0 0 0 0 0 0 0 0 0 0 0 0 0 0 0 0 0 0 0 0 0 0 0 0 0 0 0 0 0 0 0 0 0 0 0 0 0
 0 0 0 0 0 0 0 0 0 0 0 0 0 0 0 0 0 0 0 0 0 0 0 0 0 0 0 0 0 0 0 0 0 0 0 0 0
 0 0 0 0 0 0 0 0 0 0 0 0 0 0 0 0 0 0 0 0 0 0 0 0 0 0]
[1 1 1 1 1 1 1 1 1 1 1 1 1 1 1 1 1 1 1 1 1 1 1 1 1 1 1 1 1 1 1 1 1 1 1 1 1
 1 1 1 1 1 1 1 1 1 1 1 1 1 1 1 1 1 1 1 1 1 1 1 1 1 1 1 1 1 1 1 1 1 1 1 1 1
 1 1 1 1 1 1 1 1 1 1 1 1 1 1 1 1 1 1 1 1 1 1 1 1 1 1]
