[ 0  1  2  3  4  5  6  7  8  9 10 11 12 13 14 15 16 17 18 19 20 21 22 23
 24 25 26 27 28 29 30 31 32 33 34 35 36 37 38 39 40 41 42 43 44 45 46 47
 48 49 50 51 52 53 54 55 56 57 58 59 60 61 62 63 64 65 66 67 68 69 70 71
 72 73 74 75 76 77 78 79 80 81 82 83 84 85 86 87 88 89 90 91 92 93 94 95
 96 97 98 99]
[-1 24  9 -1 -1 47 15 -1 -1 23 -1 97 42 -1 12 27 -1 41 76 54 26 -1 66 51
 -1  9 98 65 85 -1 48 38 13 90 84 -1 -1 -1 -1 72 -1 16 32 -1 86 -1 76 -1
 12 73 61 37 -1 70 -1 76 62  1 19 -1 43 -1 31 94 86 -1  6 39  8 88 -1 -1
 41 43 30 72 20 46 -1 71 36  0  4 81 94 92 -1 59 56 -1 17 52 69 90 30 79
 29 -1 71 -1]
[0 1 0 1 1 1 1 0 1 0 0 1 0 0 0 0 1 1 1 1 0 1 1 0 0 1 1 1 1 1 0 1 1 1 1 0 0
 1 0 0 0 1 0 0 0 1 1 1 1 1 1 0 1 0 1 1 0 0 1 1 1 0 1 0 0 0 1 0 0 0 0 1 0 0
 0 0 0 0 1 0 0 1 1 0 0 0 1 1 1 1 1 0 0 1 0 1 0 1 0 1]
[0 0 0 2 1 0 0 3 0 2 0 0 2 1 2 2 1 3 1 0 0 4 2 0 0 0 0 0 4 4 3 0 0 0 0 0 2
 2 1 1 0 4 0 2 1 0 4 1 3 0 3 0 1 1 0 0 1 1 4 1 0 1 3 0 0 4 0 3 0 3 0 0 0 3
 0 0 0 0 0 0 2 0 2 4 0 3 3 0 0 0 4 0 0 0 3 2 0 4 2 3]
[0 0 0 2 1 0 0 3 0 2 0 0 2 1 2 2 1 3 1 0 0 4 2 0 0 0 0 0 4 4 3 0 0 0 0 0 2
 2 1 1 0 4 0 2 1 0 4 1 3 0 3 0 1 1 0 0 1 1 4 1 0 1 3 0 0 4 0 3 0 3 0 0 0 3
 0 0 0 0 0 0 2 0 2 4 0 3 3 0 0 0 4 0 0 0 3 2 0 4 2 3]
[8 7 4 8 5 1 1 6 9 8 8 2 6 5 4 1 4 5 6 6 7 3 1 5 5 9 2 7 2 1 8 5 9 2 7 7 3
 9 5 2 9 9 2 3 6 3 3 4 6 4 6 5 3 2 6 9 8 8 6 1 3 3 6 1 8 2 9 5 2 4 6 6 7 6
 7 6 9 3 5 6 2 9 7 2 1 6 8 3 4 4 8 7 4 9 6 1 9 4 4 1]
[8 7 4 8 5 1 1 6 9 8 8 2 6 5 4 1 4 5 6 6 7 3 1 5 5 9 2 7 2 1 8 5 9 2 7 7 3
 9 5 2 9 9 2 3 6 3 3 4 6 4 6 5 3 2 6 9 8 8 6 1 3 3 6 1 8 2 9 5 2 4 6 6 7 6
 7 6 9 3 5 6 2 9 7 2 1 6 8 3 4 4 8 7 4 9 6 1 9 4 4 1]
[50, 50, 50, 18, 50, 39, 40, 50, 24, 50, 28, 50, 50, 50, 50, 15, 31, 50, 50, 17, 50, 50, 35, 50, 50, 28, 34, 16, 50, 49, 11, 50, 50, 29, 50, 31, 50, 50, 50, 11, 50, 21, 17, 26, 50, 50, 49, 45, 50, 50, 50, 27, 13, 50, 40, 13, 50, 12, 50, 24, 37, 50, 50, 23, 50, 42, 28, 38, 50, 50, 16, 50, 50, 33, 50, 13, 50, 50, 21, 50, 12, 50, 50, 50, 39, 10, 50, 50, 44, 47, 50, 50, 50, 50, 29, 50, 50, 50, 50, 25]
[0 0 0 0 0 0 0 0 0 0 0 0 0 0 0 0 0 0 0 0 0 0 0 0 0 0 0 0 0 0 0 0 0 0 0 0 0
 0 0 0 0 0 0 0 0 0 0 0 0 0 0 0 0 0 0 0 0 0 0 0 0 0 0 0 0 0 0 0 0 0 0 0 0 0
 0 0 0 0 0 0 0 0 0 0 0 0 0 0 0 0 0 0 0 0 0 0 0 0 0 0]
[1 1 1 1 1 1 1 1 1 1 1 1 1 1 1 1 1 1 1 1 1 1 1 1 1 1 1 1 1 1 1 1 1 1 1 1 1
 1 1 1 1 1 1 1 1 1 1 1 1 1 1 1 1 1 1 1 1 1 1 1 1 1 1 1 1 1 1 1 1 1 1 1 1 1
 1 1 1 1 1 1 1 1 1 1 1 1 1 1 1 1 1 1 1 1 1 1 1 1 1 1]
