[ 0  1  2  3  4  5  6  7  8  9 10 11 12 13 14 15 16 17 18 19 20 21 22 23
 24 25 26 27 28 29 30 31 32 33 34 35 36 37 38 39 40 41 42 43 44 45 46 47
 48 49 50 51 52 53 54 55 56 57 58 59 60 61 62 63 64 65 66 67 68 69 70 71
 72 73 74 75 76 77 78 79 80 81 82 83 84 85 86 87 88 89 90 91 92 93 94 95
 96 97 98 99]
[80 20 36 30 25 63 -1 66 -1  4 56 49 25 -1 -1 -1 -1 79 59 -1 83 70 28  6
 80 82 -1 -1 -1 88 -1 90 -1 22  9 87 -1 86  4 97 -1 -1 83 16 34 16 95 -1
 77 91 -1 55 88 -1 41 -1 -1 63 -1 -1  5 30 -1 -1 -1 -1 -1 17 55 66 29 53
 74 67 -1 43 83 52 17 31 15 73 -1 53 -1 -1 -1 -1 42 42 91 75 56 25 20 36
 34 94 56 29]
[1 0 0 0 0 0 1 0 1 1 0 1 0 1 1 1 0 1 1 1 0 0 1 0 1 0 1 0 1 1 1 1 1 0 0 1 0
 0 1 1 1 1 0 1 1 0 1 1 1 1 0 0 0 1 0 1 1 0 0 0 1 0 0 0 0 1 1 0 1 1 1 0 1 0
 1 0 0 0 1 1 0 1 1 0 1 0 0 0 1 1 1 1 1 0 0 1 1 0 0 0]
[0 4 0 2 2 4 4 3 3 0 4 0 2 0 3 0 0 0 0 4 1 2 0 3 1 4 0 0 2 1 0 0 0 2 3 4 0
 2 0 0 0 0 1 0 0 0 0 1 1 1 1 4 0 1 0 0 3 3 0 0 0 0 0 3 1 3 4 0 1 3 0 1 0 3
 0 0 0 0 0 0 1 0 0 4 0 3 1 2 0 0 0 0 2 0 2 0 0 2 4 1]
[0 4 0 2 2 4 4 3 3 0 4 0 2 0 3 0 0 0 0 4 1 2 0 3 1 4 0 0 2 1 0 0 0 2 3 4 0
 2 0 0 0 0 1 0 0 0 0 1 1 1 1 4 0 1 0 0 3 3 0 0 0 0 0 3 1 3 4 0 1 3 0 1 0 3
 0 0 0 0 0 0 1 0 0 4 0 3 1 2 0 0 0 0 2 0 2 0 0 2 4 1]
[7 8 9 7 8 9 8 1 3 5 2 3 1 4 5 7 4 2 1 9 6 8 7 2 3 5 1 6 7 8 2 3 1 4 5 8 5
 3 4 3 3 6 7 3 4 2 6 7 7 6 9 3 1 2 8 4 7 6 3 9 7 2 5 1 9 6 3 9 6 3 4 9 1 6
 2 2 6 2 5 4 8 4 3 5 2 9 3 4 7 7 9 8 8 5 7 2 1 4 9 5]
[7 8 9 7 8 9 8 1 3 5 2 3 1 4 5 7 4 2 1 9 6 8 7 2 3 5 1 6 7 8 2 3 1 4 5 8 5
 3 4 3 3 6 7 3 4 2 6 7 7 6 9 3 1 2 8 4 7 6 3 9 7 2 5 1 9 6 3 9 6 3 4 9 1 6
 2 2 6 2 5 4 8 4 3 5 2 9 3 4 7 7 9 8 8 5 7 2 1 4 9 5]
[50, 50, 50, 50, 28, 50, 50, 50, 50, 27, 50, 50, 50, 50, 50, 44, 50, 50, 50, 50, 24, 36, 38, 50, 50, 50, 45, 31, 50, 50, 50, 14, 50, 50, 50, 44, 35, 23, 50, 19, 50, 50, 19, 25, 50, 50, 14, 46, 36, 50, 50, 50, 25, 28, 12, 47, 15, 50, 50, 50, 50, 50, 50, 47, 11, 47, 17, 24, 50, 45, 50, 50, 34, 18, 50, 20, 50, 11, 28, 50, 50, 31, 36, 50, 50, 30, 19, 39, 38, 50, 20, 50, 20, 27, 50, 14, 37, 50, 12, 50]
[0 0 0 0 0 0 0 0 0 0 0 0 0 0 0 0 0 0 0 0 0 0 0 0 0 0 0 0 0 0 0 0 0 0 0 0 0
 0 0 0 0 0 0 0 0 0 0 0 0 0 0 0 0 0 0 0 0 0 0 0 0 0 0 0 0 0 0 0 0 0 0 0 0 0
 0 0 0 0 0 0 0 0 0 0 0 0 0 0 0 0 0 0 0 0 0 0 0 0 0 0]
[1 1 1 1 1 1 1 1 1 1 1 1 1 1 1 1 1 1 1 1 1 1 1 1 1 1 1 1 1 1 1 1 1 1 1 1 1
 1 1 1 1 1 1 1 1 1 1 1 1 1 1 1 1 1 1 1 1 1 1 1 1 1 1 1 1 1 1 1 1 1 1 1 1 1
 1 1 1 1 1 1 1 1 1 1 1 1 1 1 1 1 1 1 1 1 1 1 1 1 1 1]
