[ 0  1  2  3  4  5  6  7  8  9 10 11 12 13 14 15 16 17 18 19 20 21 22 23
 24 25 26 27 28 29 30 31 32 33 34 35 36 37 38 39 40 41 42 43 44 45 46 47
 48 49 50 51 52 53 54 55 56 57 58 59 60 61 62 63 64 65 66 67 68 69 70 71
 72 73 74 75 76 77 78 79 80 81 82 83 84 85 86 87 88 89 90 91 92 93 94 95
 96 97 98 99]
[-1 97 87 -1 64 -1 -1 69 54 -1 -1 54 97 50 33 88 92  8 -1 50 -1 -1 72 82
 -1 73 -1 36 50 51 98 -1 89 81 10 71 88 42 -1 -1 -1 -1  5 90 -1 52 91 72
 43 81 58 -1 -1 92 20 88 -1 -1  6 38 77 -1 36 42  9 -1 -1 39 78 46 43 90
 30 -1 -1 98 63 22 22 23 45 43 37 27 -1 -1 51 18 53 46 55 -1  0 69  0  0
 89 90 70 36]
[1 1 1 1 1 1 0 1 0 0 0 1 1 0 1 1 1 0 1 1 0 1 0 0 1 1 1 0 0 0 1 1 1 0 0 1 1
 1 0 0 1 0 1 0 1 1 0 0 0 0 1 1 0 1 1 0 0 0 1 0 1 1 0 0 0 0 0 0 0 0 0 0 0 0
 1 1 1 1 1 1 0 0 0 0 1 1 0 0 0 1 0 1 0 1 1 1 1 0 0 0]
[2 0 1 0 0 0 4 4 0 4 0 0 0 0 3 0 4 1 0 0 4 0 3 0 0 0 1 3 0 0 0 2 4 3 0 4 0
 0 0 1 2 0 1 0 4 0 0 4 4 3 0 2 0 0 3 4 0 0 0 1 4 4 0 2 2 0 0 1 3 0 0 1 0 3
 4 1 0 0 0 0 0 3 0 2 1 0 4 1 0 0 1 0 4 0 0 0 1 0 2 3]
[2 0 1 0 0 0 4 4 0 4 0 0 0 0 3 0 4 1 0 0 4 0 3 0 0 0 1 3 0 0 0 2 4 3 0 4 0
 0 0 1 2 0 1 0 4 0 0 4 4 3 0 2 0 0 3 4 0 0 0 1 4 4 0 2 2 0 0 1 3 0 0 1 0 3
 4 1 0 0 0 0 0 3 0 2 1 0 4 1 0 0 1 0 4 0 0 0 1 0 2 3]
[3 5 6 1 9 3 3 2 8 8 1 1 1 9 4 4 7 2 7 5 2 3 8 6 1 8 1 3 6 6 4 1 8 6 4 9 6
 6 4 5 2 9 8 3 9 7 8 7 7 5 9 6 8 7 6 4 5 5 9 5 1 4 8 9 4 9 8 2 3 8 4 3 2 1
 2 3 4 8 7 4 9 8 5 3 3 9 7 3 3 4 2 7 6 9 7 5 4 9 5 3]
[3 5 6 1 9 3 3 2 8 8 1 1 1 9 4 4 7 2 7 5 2 3 8 6 1 8 1 3 6 6 4 1 8 6 4 9 6
 6 4 5 2 9 8 3 9 7 8 7 7 5 9 6 8 7 6 4 5 5 9 5 1 4 8 9 4 9 8 2 3 8 4 3 2 1
 2 3 4 8 7 4 9 8 5 3 3 9 7 3 3 4 2 7 6 9 7 5 4 9 5 3]
[50, 39, 50, 45, 37, 34, 50, 20, 50, 28, 50, 13, 50, 50, 50, 50, 13, 50, 50, 13, 29, 31, 50, 50, 50, 38, 29, 31, 23, 50, 13, 50, 44, 34, 50, 50, 46, 50, 50, 41, 26, 49, 24, 43, 29, 31, 50, 50, 16, 50, 14, 50, 40, 32, 30, 36, 22, 50, 18, 50, 15, 50, 28, 15, 50, 50, 11, 50, 50, 50, 50, 50, 50, 24, 50, 50, 15, 50, 24, 50, 50, 42, 50, 50, 25, 22, 50, 50, 50, 50, 50, 50, 19, 50, 50, 50, 49, 50, 50, 50]
[0 0 0 0 0 0 0 0 0 0 0 0 0 0 0 0 0 0 0 0 0 0 0 0 0 0 0 0 0 0 0 0 0 0 0 0 0
 0 0 0 0 0 0 0 0 0 0 0 0 0 0 0 0 0 0 0 0 0 0 0 0 0 0 0 0 0 0 0 0 0 0 0 0 0
 0 0 0 0 0 0 0 0 0 0 0 0 0 0 0 0 0 0 0 0 0 0 0 0 0 0]
[1 1 1 1 1 1 1 1 1 1 1 1 1 1 1 1 1 1 1 1 1 1 1 1 1 1 1 1 1 1 1 1 1 1 1 1 1
 1 1 1 1 1 1 1 1 1 1 1 1 1 1 1 1 1 1 1 1 1 1 1 1 1 1 1 1 1 1 1 1 1 1 1 1 1
 1 1 1 1 1 1 1 1 1 1 1 1 1 1 1 1 1 1 1 1 1 1 1 1 1 1]
