[ 0  1  2  3  4  5  6  7  8  9 10 11 12 13 14 15 16 17 18 19 20 21 22 23
 24 25 26 27 28 29 30 31 32 33 34 35 36 37 38 39 40 41 42 43 44 45 46 47
 48 49 50 51 52 53 54 55 56 57 58 59 60 61 62 63 64 65 66 67 68 69 70 71
 72 73 74 75 76 77 78 79 80 81 82 83 84 85 86 87 88 89 90 91 92 93 94 95
 96 97 98 99]
[-1 -1 -1 37 13 16 94  5 -1 -1  7  5 -1 -1 -1 33 37 49 73 34 90 -1 -1 -1
 93 12 15 36 24 -1 21 -1 34 32 -1 69 90 -1 -1 -1 -1 -1 -1 93 88 96 19 16
 37  1 31 70 -1 78 10 -1 38 86 60 90 28 80 90 70 -1 43 85 -1 41 -1 -1 56
 -1 28 11 -1 -1 22 56 -1 87 92 70 54 53 74 31 15 -1 57 97 87 53 -1 63 18
 16 96 58 52]
[0 1 1 0 1 1 0 0 1 0 1 0 0 0 0 0 0 0 1 1 1 1 1 1 1 0 1 0 0 1 0 0 1 0 1 1 1
 0 1 0 0 1 0 1 0 0 0 0 1 1 0 0 1 1 0 0 0 0 1 0 0 0 0 1 0 0 1 0 1 0 1 0 0 1
 1 1 0 0 0 1 0 0 0 1 0 1 0 1 0 1 1 0 0 0 0 0 0 1 1 1]
[0 3 0 1 0 0 0 3 1 0 1 1 0 0 2 0 0 3 0 2 0 2 1 2 0 0 0 0 1 0 4 0 2 0 0 0 0
 0 0 2 4 4 0 0 2 4 0 0 0 4 0 1 3 0 0 0 0 3 1 0 1 0 0 4 1 0 2 2 4 1 3 1 3 2
 4 0 0 2 3 0 3 0 1 4 0 0 0 0 0 4 0 1 3 0 0 4 0 4 0 1]
[0 3 0 1 0 0 0 3 1 0 1 1 0 0 2 0 0 3 0 2 0 2 1 2 0 0 0 0 1 0 4 0 2 0 0 0 0
 0 0 2 4 4 0 0 2 4 0 0 0 4 0 1 3 0 0 0 0 3 1 0 1 0 0 4 1 0 2 2 4 1 3 1 3 2
 4 0 0 2 3 0 3 0 1 4 0 0 0 0 0 4 0 1 3 0 0 4 0 4 0 1]
[4 2 9 4 3 7 6 3 9 1 1 6 4 7 8 9 1 4 6 4 5 4 4 9 4 3 1 9 9 6 8 9 3 5 9 4 5
 3 8 8 1 9 9 7 2 8 1 1 5 4 8 6 4 9 2 6 2 2 2 6 4 7 4 9 1 8 9 1 2 9 4 8 8 3
 6 7 2 4 7 9 8 1 1 4 2 6 2 7 2 3 5 9 3 9 1 2 7 5 8 4]
[4 2 9 4 3 7 6 3 9 1 1 6 4 7 8 9 1 4 6 4 5 4 4 9 4 3 1 9 9 6 8 9 3 5 9 4 5
 3 8 8 1 9 9 7 2 8 1 1 5 4 8 6 4 9 2 6 2 2 2 6 4 7 4 9 1 8 9 1 2 9 4 8 8 3
 6 7 2 4 7 9 8 1 1 4 2 6 2 7 2 3 5 9 3 9 1 2 7 5 8 4]
[23, 50, 50, 31, 43, 11, 50, 50, 29, 24, 50, 50, 50, 50, 50, 50, 48, 50, 50, 50, 50, 50, 50, 20, 50, 33, 48, 15, 50, 36, 43, 50, 28, 22, 18, 50, 40, 28, 50, 50, 14, 24, 10, 50, 50, 50, 20, 39, 50, 42, 50, 50, 50, 50, 44, 50, 50, 28, 50, 14, 23, 50, 37, 19, 15, 50, 46, 18, 50, 50, 30, 50, 50, 50, 50, 50, 11, 31, 50, 50, 50, 50, 50, 50, 23, 50, 14, 11, 19, 50, 37, 50, 50, 26, 47, 50, 50, 18, 50, 50]
[0 0 0 0 0 0 0 0 0 0 0 0 0 0 0 0 0 0 0 0 0 0 0 0 0 0 0 0 0 0 0 0 0 0 0 0 0
 0 0 0 0 0 0 0 0 0 0 0 0 0 0 0 0 0 0 0 0 0 0 0 0 0 0 0 0 0 0 0 0 0 0 0 0 0
 0 0 0 0 0 0 0 0 0 0 0 0 0 0 0 0 0 0 0 0 0 0 0 0 0 0]
[1 1 1 1 1 1 1 1 1 1 1 1 1 1 1 1 1 1 1 1 1 1 1 1 1 1 1 1 1 1 1 1 1 1 1 1 1
 1 1 1 1 1 1 1 1 1 1 1 1 1 1 1 1 1 1 1 1 1 1 1 1 1 1 1 1 1 1 1 1 1 1 1 1 1
 1 1 1 1 1 1 1 1 1 1 1 1 1 1 1 1 1 1 1 1 1 1 1 1 1 1]
