[ 0  1  2  3  4  5  6  7  8  9 10 11 12 13 14 15 16 17 18 19 20 21 22 23
 24 25 26 27 28 29 30 31 32 33 34 35 36 37 38 39 40 41 42 43 44 45 46 47
 48 49 50 51 52 53 54 55 56 57 58 59 60 61 62 63 64 65 66 67 68 69 70 71
 72 73 74 75 76 77 78 79 80 81 82 83 84 85 86 87 88 89 90 91 92 93 94 95
 96 97 98 99]
[-1 97 86 -1 -1 54  9 -1 98 -1 76 90 59  5 -1 -1 -1 78 91 -1 21 24 82 38
 23 -1 -1 -1  5 69 26 -1  5 -1 14 48 41 24 -1 -1 -1 -1 15 92 76 -1 -1 -1
 -1 35 -1 -1 -1 28  9 -1 -1 60 -1 -1 20 -1 15 90 -1 -1 88 -1 -1 76 -1 70
 -1 -1 -1 76 99 66 77 -1 86 -1 46 74 -1 42 34 -1 24 72 21 14 55 -1 -1 -1
 -1 -1 85 96]
[0 0 0 0 1 1 0 0 0 0 0 0 0 1 0 1 0 0 0 1 0 1 0 0 0 0 1 0 0 0 1 1 1 0 1 0 0
 1 1 1 0 0 0 0 0 0 1 0 0 1 1 1 0 0 1 1 0 1 1 1 0 1 0 0 0 1 1 1 0 1 0 0 1 1
 1 0 0 1 0 0 1 1 1 1 1 1 1 0 0 0 0 0 0 1 1 0 1 1 1 1]
[4 4 0 0 0 0 4 4 1 1 3 0 3 2 2 0 2 0 1 0 0 4 0 0 0 3 1 4 0 0 0 3 0 0 0 0 1
 2 0 1 1 0 4 0 2 2 4 0 0 3 0 3 1 0 2 0 0 1 1 2 4 0 0 0 1 1 0 2 4 0 0 0 0 2
 3 0 3 0 1 0 4 0 0 0 0 0 0 1 0 4 0 2 3 2 2 0 4 0 4 4]
[4 4 0 0 0 0 4 4 1 1 3 0 3 2 2 0 2 0 1 0 0 4 0 0 0 3 1 4 0 0 0 3 0 0 0 0 1
 2 0 1 1 0 4 0 2 2 4 0 0 3 0 3 1 0 2 0 0 1 1 2 4 0 0 0 1 1 0 2 4 0 0 0 0 2
 3 0 3 0 1 0 4 0 0 0 0 0 0 1 0 4 0 2 3 2 2 0 4 0 4 4]
[8 5 6 1 8 7 3 1 3 2 7 6 8 3 5 3 5 5 9 4 9 8 3 8 3 2 5 5 8 9 9 4 7 9 3 4 3
 6 4 1 4 4 7 8 7 9 2 8 2 9 8 2 4 8 4 8 7 3 6 2 2 7 2 3 9 1 1 8 7 1 6 6 7 3
 2 2 3 3 4 8 2 4 1 1 8 3 6 3 2 8 6 6 2 7 1 6 2 2 3 7]
[8 5 6 1 8 7 3 1 3 2 7 6 8 3 5 3 5 5 9 4 9 8 3 8 3 2 5 5 8 9 9 4 7 9 3 4 3
 6 4 1 4 4 7 8 7 9 2 8 2 9 8 2 4 8 4 8 7 3 6 2 2 7 2 3 9 1 1 8 7 1 6 6 7 3
 2 2 3 3 4 8 2 4 1 1 8 3 6 3 2 8 6 6 2 7 1 6 2 2 3 7]
[33, 25, 50, 13, 50, 47, 19, 15, 50, 50, 50, 50, 46, 50, 12, 47, 50, 37, 12, 42, 30, 27, 50, 50, 50, 38, 50, 50, 41, 50, 50, 50, 38, 29, 44, 49, 44, 50, 16, 31, 50, 50, 50, 50, 32, 50, 50, 50, 35, 49, 50, 29, 33, 50, 50, 43, 47, 50, 50, 18, 33, 27, 33, 50, 29, 41, 40, 50, 50, 22, 12, 50, 49, 35, 41, 35, 50, 50, 21, 48, 50, 21, 50, 49, 50, 50, 35, 38, 36, 15, 48, 50, 43, 29, 21, 12, 26, 50, 40, 50]
[0 0 0 0 0 0 0 0 0 0 0 0 0 0 0 0 0 0 0 0 0 0 0 0 0 0 0 0 0 0 0 0 0 0 0 0 0
 0 0 0 0 0 0 0 0 0 0 0 0 0 0 0 0 0 0 0 0 0 0 0 0 0 0 0 0 0 0 0 0 0 0 0 0 0
 0 0 0 0 0 0 0 0 0 0 0 0 0 0 0 0 0 0 0 0 0 0 0 0 0 0]
[1 1 1 1 1 1 1 1 1 1 1 1 1 1 1 1 1 1 1 1 1 1 1 1 1 1 1 1 1 1 1 1 1 1 1 1 1
 1 1 1 1 1 1 1 1 1 1 1 1 1 1 1 1 1 1 1 1 1 1 1 1 1 1 1 1 1 1 1 1 1 1 1 1 1
 1 1 1 1 1 1 1 1 1 1 1 1 1 1 1 1 1 1 1 1 1 1 1 1 1 1]
