[ 0  1  2  3  4  5  6  7  8  9 10 11 12 13 14 15 16 17 18 19 20 21 22 23
 24 25 26 27 28 29 30 31 32 33 34 35 36 37 38 39 40 41 42 43 44 45 46 47
 48 49 50 51 52 53 54 55 56 57 58 59 60 61 62 63 64 65 66 67 68 69 70 71
 72 73 74 75 76 77 78 79 80 81 82 83 84 85 86 87 88 89 90 91 92 93 94 95
 96 97 98 99]
[98 83 -1 14 -1 30 -1 42 88 -1 -1 -1 96 60 -1 60 -1 -1 -1 -1 41 73 68 -1
 -1 50 99 94 22 42 -1 96 -1 39 -1 62 21 -1 -1 -1 22 98 56 70 19 95 -1 86
  5 77 -1 63 -1 78 33 68 -1 -1 29 95 22 66 60 32 -1 -1 83 56 -1 95 -1 -1
 -1 85 -1 23 24 -1 95 97  7 62  8 -1  2 -1 -1 -1  4 41 45 89 -1 -1 -1 83
 49 -1 -1 55]
[0 0 0 0 1 1 1 0 1 0 0 0 1 0 0 1 1 0 1 1 0 0 0 0 0 0 1 1 1 0 1 0 0 0 1 1 1
 1 1 1 1 0 0 1 0 1 1 1 0 1 0 1 0 1 0 1 0 0 1 1 0 0 0 1 1 1 1 1 1 0 0 0 0 1
 0 0 1 0 0 0 1 0 0 1 1 0 1 0 0 0 1 1 0 1 1 1 1 0 0 0]
[4 0 1 4 1 3 0 2 0 0 0 3 0 0 3 0 1 0 0 3 2 2 2 0 2 0 2 3 0 0 0 4 0 1 2 0 3
 0 0 3 0 0 1 0 3 0 1 3 3 0 0 1 0 0 0 0 0 3 2 2 2 0 0 3 0 0 1 1 2 1 0 2 3 2
 0 1 0 0 0 0 1 2 4 0 0 0 1 1 0 0 3 0 4 0 0 2 2 0 2 2]
[4 0 1 4 1 3 0 2 0 0 0 3 0 0 3 0 1 0 0 3 2 2 2 0 2 0 2 3 0 0 0 4 0 1 2 0 3
 0 0 3 0 0 1 0 3 0 1 3 3 0 0 1 0 0 0 0 0 3 2 2 2 0 0 3 0 0 1 1 2 1 0 2 3 2
 0 1 0 0 0 0 1 2 4 0 0 0 1 1 0 0 3 0 4 0 0 2 2 0 2 2]
[5 4 5 7 6 9 2 2 5 9 7 7 8 9 2 7 1 1 9 6 9 1 5 7 5 6 3 5 9 2 7 1 4 1 5 6 7
 7 9 7 1 6 8 6 7 3 5 2 9 7 3 2 8 7 3 8 8 4 9 1 2 6 6 3 3 6 8 5 7 5 2 2 7 9
 6 6 7 3 9 7 6 3 2 1 1 8 2 8 6 4 7 1 2 4 8 9 1 9 5 3]
[5 4 5 7 6 9 2 2 5 9 7 7 8 9 2 7 1 1 9 6 9 1 5 7 5 6 3 5 9 2 7 1 4 1 5 6 7
 7 9 7 1 6 8 6 7 3 5 2 9 7 3 2 8 7 3 8 8 4 9 1 2 6 6 3 3 6 8 5 7 5 2 2 7 9
 6 6 7 3 9 7 6 3 2 1 1 8 2 8 6 4 7 1 2 4 8 9 1 9 5 3]
[45, 50, 23, 44, 50, 50, 50, 50, 50, 23, 50, 32, 50, 23, 50, 41, 36, 50, 29, 50, 13, 50, 19, 50, 33, 50, 50, 50, 50, 50, 26, 30, 50, 25, 50, 50, 50, 50, 28, 50, 48, 13, 50, 50, 10, 20, 14, 14, 41, 26, 50, 50, 50, 50, 11, 50, 44, 16, 50, 29, 50, 50, 50, 49, 14, 38, 27, 50, 30, 40, 50, 27, 50, 50, 26, 48, 50, 50, 50, 50, 50, 30, 50, 44, 22, 36, 50, 46, 17, 50, 50, 50, 21, 50, 50, 50, 16, 50, 44, 19]
[0 0 0 0 0 0 0 0 0 0 0 0 0 0 0 0 0 0 0 0 0 0 0 0 0 0 0 0 0 0 0 0 0 0 0 0 0
 0 0 0 0 0 0 0 0 0 0 0 0 0 0 0 0 0 0 0 0 0 0 0 0 0 0 0 0 0 0 0 0 0 0 0 0 0
 0 0 0 0 0 0 0 0 0 0 0 0 0 0 0 0 0 0 0 0 0 0 0 0 0 0]
[1 1 1 1 1 1 1 1 1 1 1 1 1 1 1 1 1 1 1 1 1 1 1 1 1 1 1 1 1 1 1 1 1 1 1 1 1
 1 1 1 1 1 1 1 1 1 1 1 1 1 1 1 1 1 1 1 1 1 1 1 1 1 1 1 1 1 1 1 1 1 1 1 1 1
 1 1 1 1 1 1 1 1 1 1 1 1 1 1 1 1 1 1 1 1 1 1 1 1 1 1]
