[ 0  1  2  3  4  5  6  7  8  9 10 11 12 13 14 15 16 17 18 19 20 21 22 23
 24 25 26 27 28 29 30 31 32 33 34 35 36 37 38 39 40 41 42 43 44 45 46 47
 48 49 50 51 52 53 54 55 56 57 58 59 60 61 62 63 64 65 66 67 68 69 70 71
 72 73 74 75 76 77 78 79 80 81 82 83 84 85 86 87 88 89 90 91 92 93 94 95
 96 97 98 99]
[-1 97 -1 -1  3 43 -1 76 74 -1 50 -1 43 -1 43 50 -1 70 65 -1 43 77 84 -1
 71 -1 -1 10 47 72 -1 93 60 22 80 29 87 -1 87 -1 37 82 96 93 -1 34 63 36
 -1 -1 -1 -1 69 60 -1 13  4 96 -1 -1 25 12 81 92 -1 51  9 -1 20 87  6 18
 93 -1 -1 25 15 15 32 97 -1 87 -1 -1 91 -1 64 23 -1 -1 -1  5 71  2 78 37
 48 80 54 -1]
[1 1 1 0 0 0 0 0 0 0 0 1 1 1 0 0 1 1 0 0 0 0 1 1 0 1 1 1 1 1 1 0 0 0 0 1 1
 1 1 0 0 1 0 0 0 1 1 0 0 0 0 1 1 1 0 1 1 0 1 1 1 1 1 0 1 1 1 1 1 1 0 1 1 0
 0 1 0 0 1 0 1 0 1 1 1 0 0 1 1 0 0 1 1 1 0 1 0 1 0 0]
[4 0 3 0 0 0 2 0 0 1 2 0 0 0 0 0 4 2 1 0 1 1 4 3 0 0 0 0 0 0 0 0 0 1 1 0 1
 0 4 0 1 0 3 3 0 0 2 0 3 1 2 0 4 2 0 1 0 0 2 0 0 0 0 0 0 1 3 0 0 0 2 4 0 4
 0 2 0 0 1 0 4 1 0 0 2 4 1 4 1 0 1 2 0 1 3 0 3 0 0 0]
[4 0 3 0 0 0 2 0 0 1 2 0 0 0 0 0 4 2 1 0 1 1 4 3 0 0 0 0 0 0 0 0 0 1 1 0 1
 0 4 0 1 0 3 3 0 0 2 0 3 1 2 0 4 2 0 1 0 0 2 0 0 0 0 0 0 1 3 0 0 0 2 4 0 4
 0 2 0 0 1 0 4 1 0 0 2 4 1 4 1 0 1 2 0 1 3 0 3 0 0 0]
[2 3 1 3 5 3 4 2 2 7 3 3 1 9 6 2 4 7 1 9 6 9 1 1 4 3 7 4 4 4 5 7 4 7 4 1 9
 9 5 6 4 4 7 5 6 5 3 8 6 8 3 5 6 6 4 6 4 8 7 6 7 8 5 5 7 5 1 1 4 9 2 9 2 9
 6 7 7 4 9 6 6 3 8 6 5 9 2 6 3 6 6 5 6 3 9 5 3 4 2 8]
[2 3 1 3 5 3 4 2 2 7 3 3 1 9 6 2 4 7 1 9 6 9 1 1 4 3 7 4 4 4 5 7 4 7 4 1 9
 9 5 6 4 4 7 5 6 5 3 8 6 8 3 5 6 6 4 6 4 8 7 6 7 8 5 5 7 5 1 1 4 9 2 9 2 9
 6 7 7 4 9 6 6 3 8 6 5 9 2 6 3 6 6 5 6 3 9 5 3 4 2 8]
[13, 50, 49, 50, 50, 34, 22, 36, 50, 43, 50, 50, 50, 50, 50, 32, 31, 45, 33, 50, 49, 16, 35, 50, 50, 50, 22, 50, 50, 50, 18, 25, 32, 50, 15, 15, 10, 38, 50, 50, 50, 47, 21, 50, 43, 40, 50, 38, 42, 10, 50, 36, 46, 50, 50, 25, 50, 50, 26, 34, 50, 29, 50, 44, 50, 50, 50, 50, 19, 50, 50, 11, 50, 50, 50, 50, 13, 50, 50, 50, 21, 27, 25, 50, 18, 50, 50, 33, 47, 36, 50, 23, 50, 47, 16, 50, 50, 50, 20, 50]
[0 0 0 0 0 0 0 0 0 0 0 0 0 0 0 0 0 0 0 0 0 0 0 0 0 0 0 0 0 0 0 0 0 0 0 0 0
 0 0 0 0 0 0 0 0 0 0 0 0 0 0 0 0 0 0 0 0 0 0 0 0 0 0 0 0 0 0 0 0 0 0 0 0 0
 0 0 0 0 0 0 0 0 0 0 0 0 0 0 0 0 0 0 0 0 0 0 0 0 0 0]
[1 1 1 1 1 1 1 1 1 1 1 1 1 1 1 1 1 1 1 1 1 1 1 1 1 1 1 1 1 1 1 1 1 1 1 1 1
 1 1 1 1 1 1 1 1 1 1 1 1 1 1 1 1 1 1 1 1 1 1 1 1 1 1 1 1 1 1 1 1 1 1 1 1 1
 1 1 1 1 1 1 1 1 1 1 1 1 1 1 1 1 1 1 1 1 1 1 1 1 1 1]
