[ 0  1  2  3  4  5  6  7  8  9 10 11 12 13 14 15 16 17 18 19 20 21 22 23
 24 25 26 27 28 29 30 31 32 33 34 35 36 37 38 39 40 41 42 43 44 45 46 47
 48 49 50 51 52 53 54 55 56 57 58 59 60 61 62 63 64 65 66 67 68 69 70 71
 72 73 74 75 76 77 78 79 80 81 82 83 84 85 86 87 88 89 90 91 92 93 94 95
 96 97 98 99]
[-1 21 -1 -1 42  9 90 91  4 -1 -1 64 -1 90 53 -1 -1 82 -1  3 62 28 -1 48
 38 -1 28 -1 71 56 35 -1 -1 -1 -1 -1 51 55 70 -1 27 -1 -1 35 55 -1 -1 -1
 56 53 -1  6  1 34 48 53 -1 44 52 32 -1 62 -1 55 -1 -1 62 -1 -1 73 53 12
 -1 -1 -1 68 60 -1 96 46 36 -1 10 71 49 64 38 47 -1 84 48 -1 37 67 54 71
 35 94 12 14]
[1 0 1 1 0 0 0 1 1 0 0 1 1 0 0 0 0 0 0 0 1 0 1 1 0 1 1 0 1 1 0 0 0 1 1 0 0
 1 1 1 0 0 0 0 0 0 1 0 1 0 1 0 1 0 1 1 0 0 1 0 1 0 0 0 0 1 1 0 0 1 0 1 1 1
 0 0 0 0 0 0 1 1 0 1 0 0 0 0 0 0 1 1 1 1 0 1 1 0 0 0]
[4 4 2 3 0 0 0 2 0 1 0 0 0 0 4 0 0 1 0 0 2 1 0 4 0 1 2 0 0 0 0 0 4 4 0 0 0
 0 3 0 2 3 4 0 1 2 1 3 0 3 1 1 1 0 0 0 2 0 0 4 0 0 2 4 0 0 0 4 0 3 0 1 3 0
 0 0 2 1 3 2 3 0 0 0 0 3 1 0 0 1 0 1 3 0 0 4 0 0 3 0]
[4 4 2 3 0 0 0 2 0 1 0 0 0 0 4 0 0 1 0 0 2 1 0 4 0 1 2 0 0 0 0 0 4 4 0 0 0
 0 3 0 2 3 4 0 1 2 1 3 0 3 1 1 1 0 0 0 2 0 0 4 0 0 2 4 0 0 0 4 0 3 0 1 3 0
 0 0 2 1 3 2 3 0 0 0 0 3 1 0 0 1 0 1 3 0 0 4 0 0 3 0]
[5 5 3 1 9 4 6 7 7 8 2 2 9 1 7 3 6 4 9 4 1 2 3 7 9 3 4 6 7 7 4 9 1 8 9 4 1
 9 8 8 5 8 3 9 1 8 5 4 2 9 8 3 4 5 9 1 4 2 8 8 4 6 1 9 3 2 2 6 1 5 6 4 9 6
 7 1 7 1 6 7 3 2 4 1 8 9 5 9 8 9 6 6 6 1 1 6 2 5 9 9]
[5 5 3 1 9 4 6 7 7 8 2 2 9 1 7 3 6 4 9 4 1 2 3 7 9 3 4 6 7 7 4 9 1 8 9 4 1
 9 8 8 5 8 3 9 1 8 5 4 2 9 8 3 4 5 9 1 4 2 8 8 4 6 1 9 3 2 2 6 1 5 6 4 9 6
 7 1 7 1 6 7 3 2 4 1 8 9 5 9 8 9 6 6 6 1 1 6 2 5 9 9]
[15, 50, 50, 44, 50, 35, 30, 49, 15, 37, 20, 35, 50, 40, 50, 50, 45, 26, 49, 50, 50, 50, 32, 42, 28, 50, 50, 18, 48, 50, 15, 16, 36, 36, 50, 50, 50, 50, 50, 50, 50, 47, 30, 25, 40, 50, 50, 12, 18, 50, 50, 19, 50, 50, 50, 17, 37, 14, 50, 50, 22, 50, 50, 50, 31, 50, 50, 47, 50, 50, 50, 50, 49, 50, 50, 41, 50, 32, 10, 50, 42, 18, 50, 50, 13, 44, 20, 50, 50, 11, 17, 30, 50, 35, 50, 50, 19, 50, 50, 49]
[0 0 0 0 0 0 0 0 0 0 0 0 0 0 0 0 0 0 0 0 0 0 0 0 0 0 0 0 0 0 0 0 0 0 0 0 0
 0 0 0 0 0 0 0 0 0 0 0 0 0 0 0 0 0 0 0 0 0 0 0 0 0 0 0 0 0 0 0 0 0 0 0 0 0
 0 0 0 0 0 0 0 0 0 0 0 0 0 0 0 0 0 0 0 0 0 0 0 0 0 0]
[1 1 1 1 1 1 1 1 1 1 1 1 1 1 1 1 1 1 1 1 1 1 1 1 1 1 1 1 1 1 1 1 1 1 1 1 1
 1 1 1 1 1 1 1 1 1 1 1 1 1 1 1 1 1 1 1 1 1 1 1 1 1 1 1 1 1 1 1 1 1 1 1 1 1
 1 1 1 1 1 1 1 1 1 1 1 1 1 1 1 1 1 1 1 1 1 1 1 1 1 1]
