[ 0  1  2  3  4  5  6  7  8  9 10 11 12 13 14 15 16 17 18 19 20 21 22 23
 24 25 26 27 28 29 30 31 32 33 34 35 36 37 38 39 40 41 42 43 44 45 46 47
 48 49 50 51 52 53 54 55 56 57 58 59 60 61 62 63 64 65 66 67 68 69 70 71
 72 73 74 75 76 77 78 79 80 81 82 83 84 85 86 87 88 89 90 91 92 93 94 95
 96 97 98 99]
[-1 92 62 -1 13 -1 17 80 39 76 -1 77 -1 -1 -1 48 -1 -1 81  8 -1 78  9 52
 56 97 56 90  0  7 -1 36 95 89 31 51 99 -1 64 64 94 -1 -1 -1 84 86 -1 -1
 -1 -1  6 -1 99 20 60 57 42 -1 -1 26 -1  8  0 -1 -1 19 45 80 -1 67 41 27
  6 95  9 -1 95 43 43 51 -1 53 70 33 48 89 18 60 99 59 -1 43 -1 -1  4 66
 48 -1 37 80]
[1 1 0 0 1 0 0 0 1 1 0 0 1 1 0 1 0 0 1 0 1 1 0 1 0 0 1 0 0 0 0 0 0 0 0 0 1
 1 0 0 0 0 1 1 0 1 0 1 1 1 1 0 1 1 1 0 0 1 1 0 0 1 0 1 1 1 0 0 1 1 0 0 0 1
 0 0 0 0 0 0 1 1 1 0 0 0 0 0 0 1 0 1 1 1 0 1 0 1 1 0]
[1 2 0 4 0 0 4 2 3 3 1 2 0 0 0 0 0 1 2 2 0 0 1 3 0 0 2 1 0 4 0 4 0 3 0 3 0
 3 0 0 1 0 0 0 4 0 3 0 0 0 0 0 0 3 0 3 0 0 0 0 0 2 4 0 4 3 4 0 1 1 4 0 4 1
 0 0 2 0 4 1 3 3 0 0 0 0 0 1 4 3 1 0 0 0 0 2 4 0 0 0]
[1 2 0 4 0 0 4 2 3 3 1 2 0 0 0 0 0 1 2 2 0 0 1 3 0 0 2 1 0 4 0 4 0 3 0 3 0
 3 0 0 1 0 0 0 4 0 3 0 0 0 0 0 0 3 0 3 0 0 0 0 0 2 4 0 4 3 4 0 1 1 4 0 4 1
 0 0 2 0 4 1 3 3 0 0 0 0 0 1 4 3 1 0 0 0 0 2 4 0 0 0]
[5 7 3 4 6 2 5 9 2 1 7 9 3 5 3 8 3 1 7 9 4 7 2 2 7 6 1 6 7 4 8 6 7 7 6 7 1
 2 5 3 5 2 5 1 8 8 4 8 1 8 7 5 3 3 8 1 2 5 6 7 7 5 6 8 9 4 9 4 2 1 2 3 7 7
 3 6 2 2 4 9 8 2 8 2 1 3 5 9 9 8 3 1 4 7 9 5 5 3 8 8]
[5 7 3 4 6 2 5 9 2 1 7 9 3 5 3 8 3 1 7 9 4 7 2 2 7 6 1 6 7 4 8 6 7 7 6 7 1
 2 5 3 5 2 5 1 8 8 4 8 1 8 7 5 3 3 8 1 2 5 6 7 7 5 6 8 9 4 9 4 2 1 2 3 7 7
 3 6 2 2 4 9 8 2 8 2 1 3 5 9 9 8 3 1 4 7 9 5 5 3 8 8]
[50, 50, 17, 50, 23, 15, 49, 50, 50, 37, 50, 40, 38, 11, 31, 27, 45, 50, 50, 22, 12, 50, 21, 50, 11, 50, 48, 50, 50, 50, 39, 50, 30, 50, 43, 50, 20, 18, 50, 50, 43, 41, 48, 50, 50, 14, 50, 50, 50, 50, 25, 50, 15, 20, 50, 25, 50, 11, 27, 13, 50, 42, 32, 50, 34, 50, 42, 50, 50, 34, 50, 50, 50, 50, 50, 50, 35, 30, 18, 50, 50, 50, 50, 32, 37, 40, 50, 35, 50, 50, 37, 50, 50, 50, 50, 44, 43, 12, 27, 47]
[0 0 0 0 0 0 0 0 0 0 0 0 0 0 0 0 0 0 0 0 0 0 0 0 0 0 0 0 0 0 0 0 0 0 0 0 0
 0 0 0 0 0 0 0 0 0 0 0 0 0 0 0 0 0 0 0 0 0 0 0 0 0 0 0 0 0 0 0 0 0 0 0 0 0
 0 0 0 0 0 0 0 0 0 0 0 0 0 0 0 0 0 0 0 0 0 0 0 0 0 0]
[1 1 1 1 1 1 1 1 1 1 1 1 1 1 1 1 1 1 1 1 1 1 1 1 1 1 1 1 1 1 1 1 1 1 1 1 1
 1 1 1 1 1 1 1 1 1 1 1 1 1 1 1 1 1 1 1 1 1 1 1 1 1 1 1 1 1 1 1 1 1 1 1 1 1
 1 1 1 1 1 1 1 1 1 1 1 1 1 1 1 1 1 1 1 1 1 1 1 1 1 1]
