[ 0  1  2  3  4  5  6  7  8  9 10 11 12 13 14 15 16 17 18 19 20 21 22 23
 24 25 26 27 28 29 30 31 32 33 34 35 36 37 38 39 40 41 42 43 44 45 46 47
 48 49 50 51 52 53 54 55 56 57 58 59 60 61 62 63 64 65 66 67 68 69 70 71
 72 73 74 75 76 77 78 79 80 81 82 83 84 85 86 87 88 89 90 91 92 93 94 95
 96 97 98 99]
[79  8 -1 33 -1 85 33 82 -1 58 33 87 25  7 38 41 93 34 -1 30 -1 51 -1 -1
  7 20 40 35 61  0 -1 -1 83 49 -1 -1 -1 -1 41 83  3 -1 53 34 -1 16 97 -1
 64 73 87 61 59 44 -1 10 70 -1 -1 -1 -1 74 -1 51 74 -1 33 93  8 -1 15 21
 46 17 81 46 42 15 97 -1 70 -1 28 -1 62 47 64 48 16 80  4 65 -1 -1 -1 -1
 71 77 44  2]
[1 1 0 1 1 0 1 1 1 0 1 0 0 1 0 0 0 1 0 1 0 0 0 0 0 0 0 0 1 0 1 1 0 0 0 0 1
 0 1 0 1 1 1 0 1 1 0 0 0 0 0 1 1 0 0 1 1 0 1 0 0 0 1 1 0 0 0 0 1 0 1 1 1 0
 0 0 0 1 1 1 0 0 0 1 0 0 0 0 1 0 1 1 1 0 1 0 1 1 1 1]
[2 0 0 0 0 4 0 1 2 1 3 0 1 0 0 3 0 0 0 2 4 0 0 4 0 2 2 1 3 0 0 0 0 2 3 0 0
 0 1 0 0 3 0 1 2 0 4 3 0 2 2 0 3 2 1 0 2 0 3 1 0 2 0 0 2 0 1 2 2 4 0 0 0 0
 3 0 0 3 0 0 3 0 2 2 0 0 2 0 3 4 2 2 3 4 0 4 0 0 1 0]
[2 0 0 0 0 4 0 1 2 1 3 0 1 0 0 3 0 0 0 2 4 0 0 4 0 2 2 1 3 0 0 0 0 2 3 0 0
 0 1 0 0 3 0 1 2 0 4 3 0 2 2 0 3 2 1 0 2 0 3 1 0 2 0 0 2 0 1 2 2 4 0 0 0 0
 3 0 0 3 0 0 3 0 2 2 0 0 2 0 3 4 2 2 3 4 0 4 0 0 1 0]
[5 6 2 8 8 1 6 1 6 7 5 3 6 3 1 7 8 1 4 6 1 4 6 8 1 7 8 9 6 9 1 7 5 2 7 2 8
 8 6 9 1 8 1 1 4 6 4 2 9 5 9 9 4 5 7 9 6 9 8 9 3 2 2 1 2 9 1 7 4 1 7 3 1 6
 3 7 8 9 2 9 1 5 7 1 5 9 2 7 6 2 5 3 6 9 8 2 6 9 9 1]
[5 6 2 8 8 1 6 1 6 7 5 3 6 3 1 7 8 1 4 6 1 4 6 8 1 7 8 9 6 9 1 7 5 2 7 2 8
 8 6 9 1 8 1 1 4 6 4 2 9 5 9 9 4 5 7 9 6 9 8 9 3 2 2 1 2 9 1 7 4 1 7 3 1 6
 3 7 8 9 2 9 1 5 7 1 5 9 2 7 6 2 5 3 6 9 8 2 6 9 9 1]
[50, 50, 49, 48, 26, 33, 50, 19, 50, 17, 50, 23, 50, 50, 50, 22, 34, 32, 28, 50, 26, 37, 50, 39, 50, 50, 49, 24, 19, 12, 19, 50, 35, 43, 50, 50, 10, 38, 47, 16, 50, 50, 40, 50, 50, 50, 50, 40, 30, 26, 27, 50, 22, 50, 50, 50, 50, 20, 24, 47, 50, 32, 34, 50, 50, 50, 45, 36, 50, 34, 50, 50, 50, 50, 10, 47, 37, 50, 24, 50, 43, 29, 44, 15, 50, 50, 44, 26, 44, 50, 50, 28, 50, 50, 50, 48, 47, 50, 33, 29]
[0 0 0 0 0 0 0 0 0 0 0 0 0 0 0 0 0 0 0 0 0 0 0 0 0 0 0 0 0 0 0 0 0 0 0 0 0
 0 0 0 0 0 0 0 0 0 0 0 0 0 0 0 0 0 0 0 0 0 0 0 0 0 0 0 0 0 0 0 0 0 0 0 0 0
 0 0 0 0 0 0 0 0 0 0 0 0 0 0 0 0 0 0 0 0 0 0 0 0 0 0]
[1 1 1 1 1 1 1 1 1 1 1 1 1 1 1 1 1 1 1 1 1 1 1 1 1 1 1 1 1 1 1 1 1 1 1 1 1
 1 1 1 1 1 1 1 1 1 1 1 1 1 1 1 1 1 1 1 1 1 1 1 1 1 1 1 1 1 1 1 1 1 1 1 1 1
 1 1 1 1 1 1 1 1 1 1 1 1 1 1 1 1 1 1 1 1 1 1 1 1 1 1]
