[ 0  1  2  3  4  5  6  7  8  9 10 11 12 13 14 15 16 17 18 19 20 21 22 23
 24 25 26 27 28 29 30 31 32 33 34 35 36 37 38 39 40 41 42 43 44 45 46 47
 48 49 50 51 52 53 54 55 56 57 58 59 60 61 62 63 64 65 66 67 68 69 70 71
 72 73 74 75 76 77 78 79 80 81 82 83 84 85 86 87 88 89 90 91 92 93 94 95
 96 97 98 99]
[76 -1 69 64 -1 52 86  5 -1 -1 46 -1 43 77 -1 -1 53 -1 -1 30 -1 30 49 67
 79 -1 95 45 68 43 42 -1 15 -1 62 -1 86 80 -1 93 -1 49 27 -1 19 -1 50 77
 80 -1 33 77 -1 37 -1 -1 -1 20 -1 52 83 79 -1 -1 -1 79 -1 87 71 -1 58 10
 62 65 77 81 -1 72 28 -1 90 -1 27 17 40 -1 75 -1 31 -1  5 -1 -1  2 47 50
 21 51 49 62]
[0 1 0 1 1 0 1 0 1 1 1 0 1 0 1 0 0 0 1 0 0 1 0 0 0 1 0 0 0 1 1 1 0 1 1 1 0
 0 0 0 1 1 0 1 0 0 0 1 0 1 1 1 0 1 0 0 1 1 0 0 0 1 1 1 0 1 0 0 1 0 1 1 1 0
 0 0 1 1 0 1 0 0 0 1 1 0 1 0 0 0 1 1 1 0 0 0 1 1 0 1]
[0 0 0 3 1 0 0 3 0 0 0 2 4 0 0 0 1 3 0 0 0 1 0 0 3 0 0 0 0 2 0 0 0 3 3 3 0
 1 0 0 0 1 0 0 1 3 0 0 0 0 0 2 3 3 0 2 0 0 0 0 0 3 0 0 0 0 3 0 1 1 0 0 0 2
 0 2 0 3 0 0 0 1 1 0 1 3 0 0 3 0 1 0 3 3 1 0 0 4 0 0]
[0 0 0 3 1 0 0 3 0 0 0 2 4 0 0 0 1 3 0 0 0 1 0 0 3 0 0 0 0 2 0 0 0 3 3 3 0
 1 0 0 0 1 0 0 1 3 0 0 0 0 0 2 3 3 0 2 0 0 0 0 0 3 0 0 0 0 3 0 1 1 0 0 0 2
 0 2 0 3 0 0 0 1 1 0 1 3 0 0 3 0 1 0 3 3 1 0 0 4 0 0]
[9 9 6 3 8 3 6 1 6 9 3 9 1 6 6 6 2 2 2 2 6 8 9 5 6 2 5 9 5 6 3 4 1 5 1 3 8
 5 8 3 6 9 2 9 7 1 7 3 4 4 5 3 7 9 1 6 7 3 3 7 7 2 8 7 1 8 4 6 6 7 8 8 4 9
 8 9 7 3 2 6 4 6 6 8 3 8 7 5 7 8 4 6 6 2 3 8 2 2 1 1]
[9 9 6 3 8 3 6 1 6 9 3 9 1 6 6 6 2 2 2 2 6 8 9 5 6 2 5 9 5 6 3 4 1 5 1 3 8
 5 8 3 6 9 2 9 7 1 7 3 4 4 5 3 7 9 1 6 7 3 3 7 7 2 8 7 1 8 4 6 6 7 8 8 4 9
 8 9 7 3 2 6 4 6 6 8 3 8 7 5 7 8 4 6 6 2 3 8 2 2 1 1]
[38, 50, 47, 50, 23, 30, 50, 50, 35, 50, 13, 43, 50, 50, 28, 50, 39, 22, 50, 26, 50, 35, 47, 50, 28, 45, 34, 39, 40, 49, 50, 50, 50, 30, 30, 19, 11, 50, 27, 11, 50, 39, 34, 50, 48, 50, 16, 50, 50, 50, 50, 41, 43, 14, 50, 39, 24, 50, 36, 33, 50, 49, 14, 49, 50, 45, 50, 12, 50, 22, 44, 10, 50, 50, 50, 50, 50, 12, 30, 50, 41, 28, 50, 20, 38, 50, 50, 29, 50, 38, 50, 50, 50, 50, 50, 49, 37, 50, 48, 29]
[0 0 0 0 0 0 0 0 0 0 0 0 0 0 0 0 0 0 0 0 0 0 0 0 0 0 0 0 0 0 0 0 0 0 0 0 0
 0 0 0 0 0 0 0 0 0 0 0 0 0 0 0 0 0 0 0 0 0 0 0 0 0 0 0 0 0 0 0 0 0 0 0 0 0
 0 0 0 0 0 0 0 0 0 0 0 0 0 0 0 0 0 0 0 0 0 0 0 0 0 0]
[1 1 1 1 1 1 1 1 1 1 1 1 1 1 1 1 1 1 1 1 1 1 1 1 1 1 1 1 1 1 1 1 1 1 1 1 1
 1 1 1 1 1 1 1 1 1 1 1 1 1 1 1 1 1 1 1 1 1 1 1 1 1 1 1 1 1 1 1 1 1 1 1 1 1
 1 1 1 1 1 1 1 1 1 1 1 1 1 1 1 1 1 1 1 1 1 1 1 1 1 1]
