[ 0  1  2  3  4  5  6  7  8  9 10 11 12 13 14 15 16 17 18 19 20 21 22 23
 24 25 26 27 28 29 30 31 32 33 34 35 36 37 38 39 40 41 42 43 44 45 46 47
 48 49 50 51 52 53 54 55 56 57 58 59 60 61 62 63 64 65 66 67 68 69 70 71
 72 73 74 75 76 77 78 79 80 81 82 83 84 85 86 87 88 89 90 91 92 93 94 95
 96 97 98 99]
[ 9 10 -1 92 72 64 40 -1 -1 -1 -1 96 67 52 37  4 -1 -1 -1 -1 27 -1 74 75
 64 -1 18 71 38 96 -1 -1 17 57 10 47 28 46 54 78 31 -1 -1 -1 -1 81 57 95
 -1 19 -1  6 37 97 -1 97 -1 38 61 52 -1 19 -1 98 -1 -1 95 -1 62 -1 54 -1
 38 -1 66 82 -1 55  0 68 -1 96 72 -1 95 25 97 80 20  0 59 -1 -1 44 12 21
 -1 27 -1 -1]
[1 0 1 1 0 1 1 1 0 0 1 1 0 0 0 0 1 1 0 0 1 1 0 1 0 0 1 1 1 1 1 1 0 0 1 1 1
 1 1 1 0 1 1 1 0 0 1 1 1 1 1 1 1 0 1 1 1 1 0 0 0 0 1 0 0 1 1 1 0 0 1 0 0 1
 1 0 0 1 1 1 1 0 1 0 0 0 1 1 1 1 1 0 0 1 0 1 1 1 1 0]
[4 3 0 0 2 0 2 4 1 4 0 0 2 0 0 0 0 0 0 0 0 0 3 0 0 0 0 3 2 1 1 2 2 3 4 2 0
 0 0 0 0 4 0 2 2 0 0 3 2 4 3 0 0 0 0 4 2 0 3 2 0 0 4 4 0 0 4 0 4 1 0 1 0 2
 1 0 3 0 4 0 0 4 1 4 4 0 0 0 4 3 3 4 1 3 2 3 0 0 0 0]
[4 3 0 0 2 0 2 4 1 4 0 0 2 0 0 0 0 0 0 0 0 0 3 0 0 0 0 3 2 1 1 2 2 3 4 2 0
 0 0 0 0 4 0 2 2 0 0 3 2 4 3 0 0 0 0 4 2 0 3 2 0 0 4 4 0 0 4 0 4 1 0 1 0 2
 1 0 3 0 4 0 0 4 1 4 4 0 0 0 4 3 3 4 1 3 2 3 0 0 0 0]
[5 7 7 2 3 9 9 6 7 7 1 3 5 7 6 3 3 9 7 5 6 8 1 3 6 3 4 6 8 2 2 8 7 7 3 2 3
 2 3 5 3 3 3 2 1 5 7 9 5 1 3 8 5 8 6 4 9 2 2 5 6 5 9 5 7 9 5 6 7 1 4 5 7 7
 6 7 7 9 8 7 9 3 4 3 4 5 5 3 5 7 6 4 5 1 8 3 5 7 5 5]
[5 7 7 2 3 9 9 6 7 7 1 3 5 7 6 3 3 9 7 5 6 8 1 3 6 3 4 6 8 2 2 8 7 7 3 2 3
 2 3 5 3 3 3 2 1 5 7 9 5 1 3 8 5 8 6 4 9 2 2 5 6 5 9 5 7 9 5 6 7 1 4 5 7 7
 6 7 7 9 8 7 9 3 4 3 4 5 5 3 5 7 6 4 5 1 8 3 5 7 5 5]
[50, 48, 17, 50, 50, 45, 50, 50, 50, 33, 50, 50, 21, 50, 40, 33, 50, 50, 50, 50, 21, 16, 27, 50, 50, 50, 24, 31, 50, 50, 50, 50, 50, 50, 47, 24, 50, 17, 50, 21, 45, 14, 24, 50, 50, 50, 35, 10, 50, 13, 14, 50, 23, 50, 50, 50, 50, 50, 50, 40, 50, 34, 35, 50, 50, 35, 15, 45, 29, 37, 50, 35, 50, 50, 14, 32, 33, 50, 25, 50, 50, 30, 39, 50, 42, 50, 42, 50, 19, 32, 37, 38, 50, 25, 50, 50, 50, 50, 27, 17]
[0 0 0 0 0 0 0 0 0 0 0 0 0 0 0 0 0 0 0 0 0 0 0 0 0 0 0 0 0 0 0 0 0 0 0 0 0
 0 0 0 0 0 0 0 0 0 0 0 0 0 0 0 0 0 0 0 0 0 0 0 0 0 0 0 0 0 0 0 0 0 0 0 0 0
 0 0 0 0 0 0 0 0 0 0 0 0 0 0 0 0 0 0 0 0 0 0 0 0 0 0]
[1 1 1 1 1 1 1 1 1 1 1 1 1 1 1 1 1 1 1 1 1 1 1 1 1 1 1 1 1 1 1 1 1 1 1 1 1
 1 1 1 1 1 1 1 1 1 1 1 1 1 1 1 1 1 1 1 1 1 1 1 1 1 1 1 1 1 1 1 1 1 1 1 1 1
 1 1 1 1 1 1 1 1 1 1 1 1 1 1 1 1 1 1 1 1 1 1 1 1 1 1]
