[ 0  1  2  3  4  5  6  7  8  9 10 11 12 13 14 15 16 17 18 19 20 21 22 23
 24 25 26 27 28 29 30 31 32 33 34 35 36 37 38 39 40 41 42 43 44 45 46 47
 48 49 50 51 52 53 54 55 56 57 58 59 60 61 62 63 64 65 66 67 68 69 70 71
 72 73 74 75 76 77 78 79 80 81 82 83 84 85 86 87 88 89 90 91 92 93 94 95
 96 97 98 99]
[-1 -1 46 -1 -1 47 17 36 -1 55 16 54 -1 25 96 92 68 -1 -1 -1 76 12 34 64
 45 41 -1 25 95 -1 43 -1 40 -1 -1 60 57 -1 -1 43 20 60 -1 11 50 85 -1 60
 84 34  5 -1  5 20 -1 -1  8 68 -1 78 -1 28 52 19 98 81 32 -1 53 77 67 75
  9 -1 22 13 41 19  2 65 19 57 39  3 40 21  7 -1  2 72 30 57 -1 24 -1 84
 94 27 -1 -1]
[1 0 1 0 1 0 1 0 0 1 1 0 1 1 0 0 0 0 0 0 0 1 1 1 1 0 0 1 0 0 0 1 1 1 0 0 0
 1 0 0 1 1 1 1 1 1 0 0 0 0 1 0 0 1 1 1 0 0 0 0 1 0 0 1 1 0 0 1 1 1 1 0 1 1
 0 0 0 1 1 0 1 0 1 1 1 0 0 0 1 0 1 0 0 0 0 0 0 0 0 0]
[0 0 0 0 0 2 4 1 1 3 2 0 0 2 0 2 0 4 3 3 3 4 0 0 2 0 0 4 0 4 0 1 2 4 2 0 0
 0 0 0 0 0 0 0 0 0 0 0 2 3 2 2 0 4 0 1 0 2 4 4 0 4 0 0 0 0 3 0 2 2 0 0 2 0
 3 4 0 1 4 0 3 3 4 4 0 0 0 0 1 0 3 0 2 2 0 0 1 1 1 4]
[0 0 0 0 0 2 4 1 1 3 2 0 0 2 0 2 0 4 3 3 3 4 0 0 2 0 0 4 0 4 0 1 2 4 2 0 0
 0 0 0 0 0 0 0 0 0 0 0 2 3 2 2 0 4 0 1 0 2 4 4 0 4 0 0 0 0 3 0 2 2 0 0 2 0
 3 4 0 1 4 0 3 3 4 4 0 0 0 0 1 0 3 0 2 2 0 0 1 1 1 4]
[5 2 4 8 7 6 9 2 8 3 2 5 3 1 4 6 3 3 1 7 3 8 6 1 9 9 7 4 3 9 9 6 4 5 1 6 3
 8 8 9 9 9 5 3 3 4 1 4 6 3 3 8 2 1 2 5 7 1 5 8 4 1 7 5 6 8 6 4 1 8 4 1 8 7
 3 9 8 4 6 1 1 6 7 5 4 6 4 5 9 9 8 1 7 5 5 1 5 1 6 6]
[5 2 4 8 7 6 9 2 8 3 2 5 3 1 4 6 3 3 1 7 3 8 6 1 9 9 7 4 3 9 9 6 4 5 1 6 3
 8 8 9 9 9 5 3 3 4 1 4 6 3 3 8 2 1 2 5 7 1 5 8 4 1 7 5 6 8 6 4 1 8 4 1 8 7
 3 9 8 4 6 1 1 6 7 5 4 6 4 5 9 9 8 1 7 5 5 1 5 1 6 6]
[32, 19, 50, 50, 27, 13, 50, 50, 50, 50, 50, 10, 50, 50, 50, 50, 15, 50, 50, 29, 50, 21, 46, 21, 44, 47, 50, 50, 35, 31, 44, 50, 46, 34, 50, 50, 50, 50, 50, 36, 50, 50, 50, 35, 50, 50, 32, 50, 44, 34, 42, 34, 11, 19, 17, 44, 44, 50, 33, 39, 21, 25, 48, 50, 37, 34, 21, 41, 50, 50, 13, 22, 38, 50, 35, 22, 50, 50, 50, 50, 18, 42, 50, 49, 50, 50, 50, 12, 42, 50, 25, 50, 21, 50, 49, 12, 50, 50, 45, 50]
[0 0 0 0 0 0 0 0 0 0 0 0 0 0 0 0 0 0 0 0 0 0 0 0 0 0 0 0 0 0 0 0 0 0 0 0 0
 0 0 0 0 0 0 0 0 0 0 0 0 0 0 0 0 0 0 0 0 0 0 0 0 0 0 0 0 0 0 0 0 0 0 0 0 0
 0 0 0 0 0 0 0 0 0 0 0 0 0 0 0 0 0 0 0 0 0 0 0 0 0 0]
[1 1 1 1 1 1 1 1 1 1 1 1 1 1 1 1 1 1 1 1 1 1 1 1 1 1 1 1 1 1 1 1 1 1 1 1 1
 1 1 1 1 1 1 1 1 1 1 1 1 1 1 1 1 1 1 1 1 1 1 1 1 1 1 1 1 1 1 1 1 1 1 1 1 1
 1 1 1 1 1 1 1 1 1 1 1 1 1 1 1 1 1 1 1 1 1 1 1 1 1 1]
