[ 0  1  2  3  4  5  6  7  8  9 10 11 12 13 14 15 16 17 18 19 20 21 22 23
 24 25 26 27 28 29 30 31 32 33 34 35 36 37 38 39 40 41 42 43 44 45 46 47
 48 49 50 51 52 53 54 55 56 57 58 59 60 61 62 63 64 65 66 67 68 69 70 71
 72 73 74 75 76 77 78 79 80 81 82 83 84 85 86 87 88 89 90 91 92 93 94 95
 96 97 98 99]
[-1 72  9 64 68 -1 -1 -1 -1 40 -1 23 -1 42 -1 89 88 67 14 23 46 83 -1 -1
 22 78 -1 19 -1 -1 76 54 91  2 -1 -1 19 15 -1  5 -1 29 64 30 88 84  2  7
 -1  9 70 29 87 -1 20 43 -1 -1 -1 -1 -1 -1 56 22 -1 -1 -1  0 93 -1 19 -1
 31 -1 12 29 74 39 -1 52 20 45 29 42 58 -1 -1 -1 17 -1 38 49 63 57  8 94
 -1 -1 -1 89]
[0 1 0 1 0 1 1 1 0 1 1 0 0 1 1 1 1 1 1 0 1 1 1 1 1 0 0 1 1 1 0 0 1 0 1 1 1
 1 0 1 1 1 1 1 1 1 0 1 0 0 1 0 0 0 0 0 0 1 0 0 1 1 1 0 0 0 0 1 0 1 1 1 0 1
 0 0 1 1 0 1 1 0 1 0 0 0 1 0 1 1 1 0 1 0 1 1 1 1 0 1]
[1 0 0 0 0 3 0 0 1 1 0 1 3 0 0 3 1 4 1 0 0 0 0 4 2 0 1 2 4 3 3 2 2 0 0 2 4
 0 2 4 1 4 4 0 0 2 0 4 3 0 4 4 1 0 0 0 4 0 4 1 0 1 0 3 4 0 0 1 0 0 0 0 1 3
 0 0 3 0 0 1 2 0 0 0 2 0 0 0 0 0 3 2 2 0 0 2 1 0 0 2]
[1 0 0 0 0 3 0 0 1 1 0 1 3 0 0 3 1 4 1 0 0 0 0 4 2 0 1 2 4 3 3 2 2 0 0 2 4
 0 2 4 1 4 4 0 0 2 0 4 3 0 4 4 1 0 0 0 4 0 4 1 0 1 0 3 4 0 0 1 0 0 0 0 1 3
 0 0 3 0 0 1 2 0 0 0 2 0 0 0 0 0 3 2 2 0 0 2 1 0 0 2]
[8 1 9 7 3 5 5 1 5 6 6 5 7 3 4 7 4 4 9 8 6 9 3 7 8 4 7 5 8 7 6 6 5 1 3 9 2
 2 3 8 3 4 5 2 1 8 8 3 3 2 7 8 8 5 7 7 5 8 8 5 4 1 9 8 8 4 4 7 5 6 7 3 4 1
 2 9 9 3 1 1 6 3 7 7 1 3 7 9 7 9 9 2 7 2 4 5 9 2 7 5]
[8 1 9 7 3 5 5 1 5 6 6 5 7 3 4 7 4 4 9 8 6 9 3 7 8 4 7 5 8 7 6 6 5 1 3 9 2
 2 3 8 3 4 5 2 1 8 8 3 3 2 7 8 8 5 7 7 5 8 8 5 4 1 9 8 8 4 4 7 5 6 7 3 4 1
 2 9 9 3 1 1 6 3 7 7 1 3 7 9 7 9 9 2 7 2 4 5 9 2 7 5]
[29, 50, 50, 46, 25, 50, 34, 50, 44, 50, 50, 50, 48, 11, 50, 50, 50, 12, 19, 24, 22, 19, 20, 34, 50, 50, 50, 50, 50, 50, 49, 50, 45, 42, 50, 50, 32, 50, 25, 50, 50, 48, 50, 50, 37, 50, 50, 23, 38, 50, 22, 50, 50, 50, 50, 48, 16, 50, 50, 50, 34, 30, 50, 22, 24, 43, 21, 50, 22, 50, 26, 50, 36, 31, 26, 19, 50, 50, 50, 32, 50, 21, 50, 50, 50, 27, 22, 50, 50, 12, 50, 50, 30, 35, 28, 44, 50, 32, 21, 50]
[0 0 0 0 0 0 0 0 0 0 0 0 0 0 0 0 0 0 0 0 0 0 0 0 0 0 0 0 0 0 0 0 0 0 0 0 0
 0 0 0 0 0 0 0 0 0 0 0 0 0 0 0 0 0 0 0 0 0 0 0 0 0 0 0 0 0 0 0 0 0 0 0 0 0
 0 0 0 0 0 0 0 0 0 0 0 0 0 0 0 0 0 0 0 0 0 0 0 0 0 0]
[1 1 1 1 1 1 1 1 1 1 1 1 1 1 1 1 1 1 1 1 1 1 1 1 1 1 1 1 1 1 1 1 1 1 1 1 1
 1 1 1 1 1 1 1 1 1 1 1 1 1 1 1 1 1 1 1 1 1 1 1 1 1 1 1 1 1 1 1 1 1 1 1 1 1
 1 1 1 1 1 1 1 1 1 1 1 1 1 1 1 1 1 1 1 1 1 1 1 1 1 1]
