[ 0  1  2  3  4  5  6  7  8  9 10 11 12 13 14 15 16 17 18 19 20 21 22 23
 24 25 26 27 28 29 30 31 32 33 34 35 36 37 38 39 40 41 42 43 44 45 46 47
 48 49 50 51 52 53 54 55 56 57 58 59 60 61 62 63 64 65 66 67 68 69 70 71
 72 73 74 75 76 77 78 79 80 81 82 83 84 85 86 87 88 89 90 91 92 93 94 95
 96 97 98 99]
[23 -1 -1 -1 -1 63 82  6 91 21 53 -1 13 -1 66 97 -1 81 -1 70 -1 90 24  8
 -1 21 80 57 40 92 -1 -1 -1 64 19  9 37 -1  6 48 -1 37 67 27 -1 14 -1 42
 12 82 -1 -1 -1 -1 -1 58 -1 74 16 31 31 -1 88 -1 62 -1 22 96 97 -1 -1 50
 74 79 94 -1  0 98 55  8 57 -1 -1 20 35 98  5  9 61 14 89 -1 -1 75 98 78
 -1 -1 92 -1]
[1 1 1 0 0 1 0 1 0 1 0 1 1 0 1 0 0 0 1 1 0 1 0 1 1 0 0 1 1 1 0 0 1 1 1 1 0
 1 0 0 0 1 1 0 0 0 0 0 0 1 0 1 0 0 0 1 1 0 1 0 0 1 0 1 1 0 0 0 0 0 1 1 1 1
 0 0 0 0 0 1 1 1 0 1 1 0 1 1 0 0 1 1 1 0 0 1 0 0 0 1]
[0 4 0 3 0 3 4 0 0 3 4 0 0 0 0 2 4 1 3 2 0 0 0 4 0 2 0 3 0 0 3 0 2 0 0 4 0
 0 0 0 0 3 2 1 2 2 0 3 4 0 4 1 0 0 1 0 0 0 0 0 3 0 0 1 3 3 4 0 0 0 1 2 0 0
 2 4 2 0 0 3 0 0 1 0 0 0 0 0 0 0 0 2 1 0 0 4 0 1 0 0]
[0 4 0 3 0 3 4 0 0 3 4 0 0 0 0 2 4 1 3 2 0 0 0 4 0 2 0 3 0 0 3 0 2 0 0 4 0
 0 0 0 0 3 2 1 2 2 0 3 4 0 4 1 0 0 1 0 0 0 0 0 3 0 0 1 3 3 4 0 0 0 1 2 0 0
 2 4 2 0 0 3 0 0 1 0 0 0 0 0 0 0 0 2 1 0 0 4 0 1 0 0]
[1 1 4 5 1 4 4 9 6 8 8 6 9 4 1 1 7 8 6 1 7 7 2 9 8 9 4 6 3 3 1 6 2 1 4 8 1
 4 4 5 9 7 5 7 4 4 9 1 6 2 7 9 6 2 9 6 5 3 8 8 7 5 1 2 8 2 8 5 2 5 2 6 9 3
 4 6 3 7 8 4 1 6 3 5 7 5 8 1 2 5 2 2 1 2 2 2 9 9 8 4]
[1 1 4 5 1 4 4 9 6 8 8 6 9 4 1 1 7 8 6 1 7 7 2 9 8 9 4 6 3 3 1 6 2 1 4 8 1
 4 4 5 9 7 5 7 4 4 9 1 6 2 7 9 6 2 9 6 5 3 8 8 7 5 1 2 8 2 8 5 2 5 2 6 9 3
 4 6 3 7 8 4 1 6 3 5 7 5 8 1 2 5 2 2 1 2 2 2 9 9 8 4]
[50, 41, 50, 50, 26, 33, 50, 32, 50, 28, 15, 13, 50, 50, 50, 29, 43, 50, 12, 29, 50, 43, 50, 45, 50, 50, 50, 50, 50, 41, 50, 30, 50, 50, 50, 50, 39, 37, 50, 50, 33, 50, 50, 18, 50, 10, 11, 24, 50, 50, 36, 50, 40, 50, 33, 28, 50, 37, 31, 34, 50, 25, 50, 50, 50, 50, 50, 50, 21, 16, 14, 50, 50, 50, 23, 50, 50, 32, 50, 50, 50, 37, 34, 50, 21, 50, 50, 50, 20, 50, 50, 19, 50, 50, 31, 18, 23, 33, 12, 50]
[0 0 0 0 0 0 0 0 0 0 0 0 0 0 0 0 0 0 0 0 0 0 0 0 0 0 0 0 0 0 0 0 0 0 0 0 0
 0 0 0 0 0 0 0 0 0 0 0 0 0 0 0 0 0 0 0 0 0 0 0 0 0 0 0 0 0 0 0 0 0 0 0 0 0
 0 0 0 0 0 0 0 0 0 0 0 0 0 0 0 0 0 0 0 0 0 0 0 0 0 0]
[1 1 1 1 1 1 1 1 1 1 1 1 1 1 1 1 1 1 1 1 1 1 1 1 1 1 1 1 1 1 1 1 1 1 1 1 1
 1 1 1 1 1 1 1 1 1 1 1 1 1 1 1 1 1 1 1 1 1 1 1 1 1 1 1 1 1 1 1 1 1 1 1 1 1
 1 1 1 1 1 1 1 1 1 1 1 1 1 1 1 1 1 1 1 1 1 1 1 1 1 1]
