[ 0  1  2  3  4  5  6  7  8  9 10 11 12 13 14 15 16 17 18 19 20 21 22 23
 24 25 26 27 28 29 30 31 32 33 34 35 36 37 38 39 40 41 42 43 44 45 46 47
 48 49 50 51 52 53 54 55 56 57 58 59 60 61 62 63 64 65 66 67 68 69 70 71
 72 73 74 75 76 77 78 79 80 81 82 83 84 85 86 87 88 89 90 91 92 93 94 95
 96 97 98 99]
[46  5 55 50 29 -1  9 -1 -1 28  2 89  0 32 27 26 79 30 45 29  8 -1 -1 80
 45 -1 60 66 68 86 -1 -1 -1 -1 -1 99 98 24 -1 -1 43 67 84 58 99 76 -1 -1
 -1 77 39 20 84 83 -1 -1 -1 -1 34 45 31 35 55 -1 -1 -1 -1 -1 -1 -1 44 -1
 -1 95 34 -1 10 25 -1 28 13 86 28 -1 73 42 45 37 41 -1  2 -1 89 92 31 -1
 -1 30 90 68]
[1 1 0 1 1 1 0 1 0 1 1 1 0 0 1 1 0 0 1 0 1 0 1 1 0 1 1 1 0 0 1 1 0 0 0 0 0
 1 1 0 1 0 0 1 1 1 0 0 0 0 0 0 1 1 0 0 1 1 0 1 0 1 1 1 1 0 1 0 1 1 0 0 0 0
 0 0 0 0 0 1 1 1 1 1 1 1 0 0 1 1 0 1 1 0 1 0 0 1 0 0]
[0 0 4 1 3 0 1 2 0 0 0 0 0 0 0 0 0 4 4 3 2 2 0 0 0 0 0 0 4 4 4 0 3 1 0 0 0
 2 0 0 1 2 0 0 0 0 1 0 0 0 0 4 0 2 0 0 0 2 4 3 0 1 4 1 0 2 0 0 0 2 0 3 0 3
 0 0 0 0 4 0 0 4 0 3 2 4 3 1 1 0 1 0 3 0 0 0 0 0 2 2]
[0 0 4 1 3 0 1 2 0 0 0 0 0 0 0 0 0 4 4 3 2 2 0 0 0 0 0 0 4 4 4 0 3 1 0 0 0
 2 0 0 1 2 0 0 0 0 1 0 0 0 0 4 0 2 0 0 0 2 4 3 0 1 4 1 0 2 0 0 0 2 0 3 0 3
 0 0 0 0 4 0 0 4 0 3 2 4 3 1 1 0 1 0 3 0 0 0 0 0 2 2]
[9 7 2 9 1 8 1 8 2 7 7 5 3 2 3 6 8 8 5 2 5 1 1 1 1 5 2 2 2 6 5 8 5 7 7 3 7
 2 6 2 7 9 6 2 7 4 7 6 4 2 3 4 6 5 6 1 1 9 6 3 3 3 4 6 6 5 3 3 5 8 5 7 8 4
 4 2 4 1 3 3 2 1 5 7 2 8 5 3 5 3 7 1 9 1 5 8 6 8 2 2]
[9 7 2 9 1 8 1 8 2 7 7 5 3 2 3 6 8 8 5 2 5 1 1 1 1 5 2 2 2 6 5 8 5 7 7 3 7
 2 6 2 7 9 6 2 7 4 7 6 4 2 3 4 6 5 6 1 1 9 6 3 3 3 4 6 6 5 3 3 5 8 5 7 8 4
 4 2 4 1 3 3 2 1 5 7 2 8 5 3 5 3 7 1 9 1 5 8 6 8 2 2]
[35, 31, 50, 19, 21, 10, 16, 50, 50, 50, 50, 50, 40, 50, 48, 50, 50, 50, 46, 50, 47, 50, 24, 46, 50, 29, 19, 50, 41, 36, 50, 46, 13, 22, 31, 50, 43, 50, 31, 50, 50, 50, 21, 50, 37, 50, 39, 22, 50, 50, 30, 50, 47, 50, 50, 50, 41, 50, 16, 50, 50, 36, 31, 25, 50, 18, 50, 33, 30, 11, 50, 50, 48, 31, 48, 33, 50, 23, 44, 50, 50, 38, 46, 28, 50, 38, 31, 36, 50, 29, 50, 26, 12, 50, 48, 50, 36, 30, 44, 50]
[0 0 0 0 0 0 0 0 0 0 0 0 0 0 0 0 0 0 0 0 0 0 0 0 0 0 0 0 0 0 0 0 0 0 0 0 0
 0 0 0 0 0 0 0 0 0 0 0 0 0 0 0 0 0 0 0 0 0 0 0 0 0 0 0 0 0 0 0 0 0 0 0 0 0
 0 0 0 0 0 0 0 0 0 0 0 0 0 0 0 0 0 0 0 0 0 0 0 0 0 0]
[1 1 1 1 1 1 1 1 1 1 1 1 1 1 1 1 1 1 1 1 1 1 1 1 1 1 1 1 1 1 1 1 1 1 1 1 1
 1 1 1 1 1 1 1 1 1 1 1 1 1 1 1 1 1 1 1 1 1 1 1 1 1 1 1 1 1 1 1 1 1 1 1 1 1
 1 1 1 1 1 1 1 1 1 1 1 1 1 1 1 1 1 1 1 1 1 1 1 1 1 1]
