[ 0  1  2  3  4  5  6  7  8  9 10 11 12 13 14 15 16 17 18 19 20 21 22 23
 24 25 26 27 28 29 30 31 32 33 34 35 36 37 38 39 40 41 42 43 44 45 46 47
 48 49 50 51 52 53 54 55 56 57 58 59 60 61 62 63 64 65 66 67 68 69 70 71
 72 73 74 75 76 77 78 79 80 81 82 83 84 85 86 87 88 89 90 91 92 93 94 95
 96 97 98 99]
[32 75 97 -1 22 78 65 -1  1 62 66 28 -1  4 -1  4 12 42 46 -1 67 -1 -1 -1
 86  9 12 50 49 -1 79 96 -1  4 21 61 -1 -1 76 88 65 92 93 99 69 31 -1 28
 -1 90 90 90 45 -1 91 84 76 -1 -1 39 94 -1 37 -1 80 -1 -1 12 38 79 18 78
 -1 -1 -1  5 46 68 -1 11 60 -1 -1 90 14  6 74 14 61 68 -1 -1 95 31 -1 56
 -1 -1 72 12]
[1 0 0 0 0 0 1 0 0 0 1 0 1 1 0 1 1 0 0 0 1 1 0 0 1 1 0 0 1 1 0 0 0 1 1 0 0
 1 0 1 1 1 1 1 0 0 0 1 1 1 0 1 0 1 1 1 1 0 1 1 0 1 0 0 1 0 1 0 0 0 0 0 0 0
 1 1 0 0 0 1 0 1 1 0 1 0 1 1 0 0 0 0 0 0 1 1 1 1 0 0]
[0 1 0 0 0 4 0 0 4 0 0 3 0 1 4 0 0 3 0 0 4 0 0 3 0 0 4 4 0 0 1 0 0 3 0 0 0
 1 0 2 4 0 4 0 0 0 0 1 0 0 0 4 0 0 1 2 1 0 0 1 3 2 0 0 2 2 0 0 4 0 2 1 2 2
 4 1 4 0 3 0 0 0 3 2 0 0 0 4 0 4 3 0 4 4 2 2 0 3 0 1]
[0 1 0 0 0 4 0 0 4 0 0 3 0 1 4 0 0 3 0 0 4 0 0 3 0 0 4 4 0 0 1 0 0 3 0 0 0
 1 0 2 4 0 4 0 0 0 0 1 0 0 0 4 0 0 1 2 1 0 0 1 3 2 0 0 2 2 0 0 4 0 2 1 2 2
 4 1 4 0 3 0 0 0 3 2 0 0 0 4 0 4 3 0 4 4 2 2 0 3 0 1]
[5 8 7 2 6 8 1 5 7 6 2 4 3 4 8 8 8 7 9 7 1 7 8 8 2 8 6 1 2 4 5 6 7 7 9 5 1
 6 2 9 6 5 7 8 7 9 7 8 4 4 8 6 2 5 7 4 2 6 2 8 3 5 2 9 3 8 3 8 2 1 9 5 8 2
 4 9 1 1 4 7 3 3 7 9 8 3 8 7 8 2 7 5 5 8 7 8 5 9 9 6]
[5 8 7 2 6 8 1 5 7 6 2 4 3 4 8 8 8 7 9 7 1 7 8 8 2 8 6 1 2 4 5 6 7 7 9 5 1
 6 2 9 6 5 7 8 7 9 7 8 4 4 8 6 2 5 7 4 2 6 2 8 3 5 2 9 3 8 3 8 2 1 9 5 8 2
 4 9 1 1 4 7 3 3 7 9 8 3 8 7 8 2 7 5 5 8 7 8 5 9 9 6]
[36, 50, 50, 50, 50, 34, 50, 32, 47, 25, 29, 50, 50, 17, 50, 11, 50, 50, 50, 50, 13, 10, 50, 50, 41, 50, 33, 50, 50, 38, 50, 50, 36, 25, 50, 38, 10, 44, 47, 28, 30, 50, 16, 50, 40, 50, 50, 39, 39, 50, 41, 50, 50, 47, 16, 36, 34, 27, 50, 17, 50, 50, 33, 16, 40, 50, 50, 43, 16, 50, 50, 50, 50, 50, 19, 50, 50, 50, 40, 11, 50, 10, 30, 50, 31, 50, 50, 15, 50, 31, 50, 39, 50, 50, 14, 49, 50, 50, 37, 50]
[0 0 0 0 0 0 0 0 0 0 0 0 0 0 0 0 0 0 0 0 0 0 0 0 0 0 0 0 0 0 0 0 0 0 0 0 0
 0 0 0 0 0 0 0 0 0 0 0 0 0 0 0 0 0 0 0 0 0 0 0 0 0 0 0 0 0 0 0 0 0 0 0 0 0
 0 0 0 0 0 0 0 0 0 0 0 0 0 0 0 0 0 0 0 0 0 0 0 0 0 0]
[1 1 1 1 1 1 1 1 1 1 1 1 1 1 1 1 1 1 1 1 1 1 1 1 1 1 1 1 1 1 1 1 1 1 1 1 1
 1 1 1 1 1 1 1 1 1 1 1 1 1 1 1 1 1 1 1 1 1 1 1 1 1 1 1 1 1 1 1 1 1 1 1 1 1
 1 1 1 1 1 1 1 1 1 1 1 1 1 1 1 1 1 1 1 1 1 1 1 1 1 1]
