[ 0  1  2  3  4  5  6  7  8  9 10 11 12 13 14 15 16 17 18 19 20 21 22 23
 24 25 26 27 28 29 30 31 32 33 34 35 36 37 38 39 40 41 42 43 44 45 46 47
 48 49 50 51 52 53 54 55 56 57 58 59 60 61 62 63 64 65 66 67 68 69 70 71
 72 73 74 75 76 77 78 79 80 81 82 83 84 85 86 87 88 89 90 91 92 93 94 95
 96 97 98 99]
[-1 -1 -1 37 81 39 54 -1 13 65  7 -1 52 75 -1 64 -1 38 65 -1 -1 -1 60 73
 81 -1 63 -1 -1 20 77 -1 93 86 94 29 96 70 97 -1 -1 92 56 -1 -1  5 -1 64
 92 88 42 70 -1 -1 71  8 82 30 30 15 69 -1 -1 -1 40  0 10 29 60 88 -1 -1
  2 34 89 76 65 14 40 -1 -1 -1  9 36 34 18 91 56 -1 76 23 13 50 -1 -1 -1
 -1 46 38 55]
[0 0 1 0 1 1 1 1 1 1 1 1 1 0 1 0 0 0 0 0 0 1 0 0 0 0 1 0 0 0 1 0 1 0 0 0 0
 1 0 0 0 1 0 1 0 1 0 0 1 1 1 0 1 1 0 1 1 0 0 1 0 0 1 1 0 0 1 0 1 1 0 1 0 1
 1 0 0 1 0 1 0 0 1 0 0 0 1 1 1 1 0 1 1 0 0 1 1 0 1 1]
[4 0 4 0 1 0 4 2 0 3 2 1 0 2 3 0 0 4 3 0 1 2 0 0 4 4 3 0 1 0 0 3 4 3 4 1 1
 1 2 0 4 1 0 3 1 0 0 3 0 0 0 0 0 1 0 0 4 0 1 2 2 4 3 4 4 4 0 1 0 1 2 2 0 2
 0 0 3 0 3 0 0 3 2 0 2 4 4 0 0 0 3 4 0 0 0 0 0 0 0 3]
[4 0 4 0 1 0 4 2 0 3 2 1 0 2 3 0 0 4 3 0 1 2 0 0 4 4 3 0 1 0 0 3 4 3 4 1 1
 1 2 0 4 1 0 3 1 0 0 3 0 0 0 0 0 1 0 0 4 0 1 2 2 4 3 4 4 4 0 1 0 1 2 2 0 2
 0 0 3 0 3 0 0 3 2 0 2 4 4 0 0 0 3 4 0 0 0 0 0 0 0 3]
[4 8 5 5 3 1 2 9 9 2 4 2 6 4 4 3 2 7 1 8 9 6 8 3 8 4 8 2 2 2 4 9 3 2 2 2 2
 1 9 3 3 5 6 2 2 8 7 7 5 4 3 2 3 4 9 2 9 3 1 9 4 7 7 6 1 2 9 9 1 6 9 3 9 1
 9 7 7 7 7 9 7 9 2 6 9 2 7 3 5 7 9 1 1 2 7 5 3 3 7 8]
[4 8 5 5 3 1 2 9 9 2 4 2 6 4 4 3 2 7 1 8 9 6 8 3 8 4 8 2 2 2 4 9 3 2 2 2 2
 1 9 3 3 5 6 2 2 8 7 7 5 4 3 2 3 4 9 2 9 3 1 9 4 7 7 6 1 2 9 9 1 6 9 3 9 1
 9 7 7 7 7 9 7 9 2 6 9 2 7 3 5 7 9 1 1 2 7 5 3 3 7 8]
[50, 24, 10, 50, 50, 19, 28, 50, 14, 50, 50, 50, 25, 11, 30, 36, 50, 50, 33, 50, 44, 50, 50, 36, 16, 50, 40, 44, 49, 50, 50, 50, 50, 38, 50, 37, 34, 27, 33, 22, 50, 25, 50, 37, 44, 18, 50, 43, 39, 47, 50, 40, 50, 50, 16, 50, 43, 50, 17, 50, 43, 47, 24, 50, 38, 50, 17, 30, 37, 28, 22, 21, 28, 50, 50, 50, 50, 50, 50, 50, 43, 33, 50, 50, 50, 14, 49, 26, 31, 45, 36, 41, 43, 41, 44, 50, 50, 50, 50, 50]
[0 0 0 0 0 0 0 0 0 0 0 0 0 0 0 0 0 0 0 0 0 0 0 0 0 0 0 0 0 0 0 0 0 0 0 0 0
 0 0 0 0 0 0 0 0 0 0 0 0 0 0 0 0 0 0 0 0 0 0 0 0 0 0 0 0 0 0 0 0 0 0 0 0 0
 0 0 0 0 0 0 0 0 0 0 0 0 0 0 0 0 0 0 0 0 0 0 0 0 0 0]
[1 1 1 1 1 1 1 1 1 1 1 1 1 1 1 1 1 1 1 1 1 1 1 1 1 1 1 1 1 1 1 1 1 1 1 1 1
 1 1 1 1 1 1 1 1 1 1 1 1 1 1 1 1 1 1 1 1 1 1 1 1 1 1 1 1 1 1 1 1 1 1 1 1 1
 1 1 1 1 1 1 1 1 1 1 1 1 1 1 1 1 1 1 1 1 1 1 1 1 1 1]
