[ 0  1  2  3  4  5  6  7  8  9 10 11 12 13 14 15 16 17 18 19 20 21 22 23
 24 25 26 27 28 29 30 31 32 33 34 35 36 37 38 39 40 41 42 43 44 45 46 47
 48 49 50 51 52 53 54 55 56 57 58 59 60 61 62 63 64 65 66 67 68 69 70 71
 72 73 74 75 76 77 78 79 80 81 82 83 84 85 86 87 88 89 90 91 92 93 94 95
 96 97 98 99]
[ 5 -1 31 -1 14 -1 59 21 29 -1 -1 67  5 -1 44  9 94 -1 -1 88 78  4 39 51
 28 42 82 56 -1 -1 58 59 24 63 71 16 21 15 51 -1 82 -1 59 -1 98 83  0 64
  8 69 22 -1 -1  9 -1 64 -1 65 89 12  7 50  5 23  9 52 -1 46 -1 23 -1 18
 -1 41 70 70 -1 76 13 35 14 -1 93  1 23 -1 60 26 -1 10 -1 51 60 -1 -1 41
 85 -1 88 58]
[1 0 1 1 0 0 1 0 0 1 1 0 1 0 1 1 1 0 0 1 0 0 1 0 1 1 1 1 1 0 1 0 0 0 1 0 1
 1 1 0 1 0 1 1 1 0 1 0 1 1 1 1 0 0 0 0 0 0 1 0 1 1 1 1 0 1 1 1 0 0 1 0 0 1
 1 1 1 1 1 1 0 0 0 0 1 0 1 0 1 0 0 1 0 0 1 1 0 1 1 1]
[0 0 4 0 1 2 0 1 0 0 3 2 4 1 2 4 0 0 3 0 1 0 1 0 0 1 0 0 1 0 0 0 0 3 1 2 0
 2 0 3 0 2 0 2 4 0 0 0 2 2 3 4 1 3 0 0 0 0 2 4 4 0 0 0 4 4 2 0 4 0 0 1 0 0
 3 0 0 4 1 0 0 0 4 2 1 2 0 0 0 3 0 1 3 4 1 0 0 3 4 0]
[0 0 4 0 1 2 0 1 0 0 3 2 4 1 2 4 0 0 3 0 1 0 1 0 0 1 0 0 1 0 0 0 0 3 1 2 0
 2 0 3 0 2 0 2 4 0 0 0 2 2 3 4 1 3 0 0 0 0 2 4 4 0 0 0 4 4 2 0 4 0 0 1 0 0
 3 0 0 4 1 0 0 0 4 2 1 2 0 0 0 3 0 1 3 4 1 0 0 3 4 0]
[2 9 2 4 5 8 7 1 3 5 9 7 8 1 8 1 8 5 5 6 7 6 8 8 5 9 1 4 1 5 7 6 7 1 4 3 8
 7 9 6 1 2 4 2 5 6 3 6 5 7 9 7 9 7 3 3 4 6 9 5 1 4 6 5 7 5 6 5 3 3 7 4 4 4
 6 3 2 7 4 7 9 7 8 9 8 4 8 5 7 7 7 1 6 5 2 9 5 2 8 9]
[2 9 2 4 5 8 7 1 3 5 9 7 8 1 8 1 8 5 5 6 7 6 8 8 5 9 1 4 1 5 7 6 7 1 4 3 8
 7 9 6 1 2 4 2 5 6 3 6 5 7 9 7 9 7 3 3 4 6 9 5 1 4 6 5 7 5 6 5 3 3 7 4 4 4
 6 3 2 7 4 7 9 7 8 9 8 4 8 5 7 7 7 1 6 5 2 9 5 2 8 9]
[50, 38, 50, 50, 49, 50, 50, 50, 19, 11, 35, 50, 50, 25, 50, 17, 33, 50, 50, 42, 50, 50, 20, 50, 44, 45, 24, 50, 50, 32, 13, 50, 13, 50, 50, 50, 50, 37, 50, 39, 16, 50, 50, 50, 50, 50, 14, 28, 14, 50, 48, 50, 32, 50, 50, 50, 30, 35, 40, 17, 50, 24, 50, 50, 50, 20, 43, 50, 50, 42, 50, 14, 49, 50, 50, 50, 50, 39, 44, 13, 41, 21, 40, 35, 32, 50, 46, 50, 50, 50, 23, 50, 49, 22, 50, 16, 29, 50, 12, 36]
[0 0 0 0 0 0 0 0 0 0 0 0 0 0 0 0 0 0 0 0 0 0 0 0 0 0 0 0 0 0 0 0 0 0 0 0 0
 0 0 0 0 0 0 0 0 0 0 0 0 0 0 0 0 0 0 0 0 0 0 0 0 0 0 0 0 0 0 0 0 0 0 0 0 0
 0 0 0 0 0 0 0 0 0 0 0 0 0 0 0 0 0 0 0 0 0 0 0 0 0 0]
[1 1 1 1 1 1 1 1 1 1 1 1 1 1 1 1 1 1 1 1 1 1 1 1 1 1 1 1 1 1 1 1 1 1 1 1 1
 1 1 1 1 1 1 1 1 1 1 1 1 1 1 1 1 1 1 1 1 1 1 1 1 1 1 1 1 1 1 1 1 1 1 1 1 1
 1 1 1 1 1 1 1 1 1 1 1 1 1 1 1 1 1 1 1 1 1 1 1 1 1 1]
