[ 0  1  2  3  4  5  6  7  8  9 10 11 12 13 14 15 16 17 18 19 20 21 22 23
 24 25 26 27 28 29 30 31 32 33 34 35 36 37 38 39 40 41 42 43 44 45 46 47
 48 49 50 51 52 53 54 55 56 57 58 59 60 61 62 63 64 65 66 67 68 69 70 71
 72 73 74 75 76 77 78 79 80 81 82 83 84 85 86 87 88 89 90 91 92 93 94 95
 96 97 98 99]
[66 -1 -1 24 -1 35 28 22 48 98 -1 17 60 88 26  4 23 47 -1  0 40 88 61 -1
 79 24 84 -1 87 89 -1 15 -1 38 32 97 -1 23 -1 -1 -1 -1 95 65 15 57 -1 63
 -1 97 84 24 -1 37 -1 96 -1 75 -1 57 51 98 -1 51 92 15 22 29 90 29  3 -1
 -1 47 75 27 12 40 84 75 50  6 78 -1 -1 16 15 83 -1 61 78 44 -1 -1 57  0
 65 -1 93 -1]
[1 0 1 0 1 1 1 1 1 0 0 0 1 0 1 0 1 1 0 1 0 0 0 0 0 1 1 1 0 0 0 1 0 1 0 0 1
 0 1 1 0 1 0 1 1 0 0 1 1 0 0 1 0 0 1 1 0 0 0 1 1 1 0 1 0 1 0 0 1 1 1 0 0 0
 1 0 1 1 0 1 1 0 0 1 0 1 0 1 0 1 0 0 0 1 0 1 1 0 1 0]
[0 0 0 0 0 4 4 0 3 3 4 0 0 4 2 1 1 1 2 0 0 0 0 4 0 0 0 3 4 0 2 3 3 2 0 1 3
 1 1 2 0 4 0 2 0 2 0 4 0 1 2 1 0 0 2 3 1 0 0 0 0 4 0 0 0 0 4 2 3 0 0 2 2 0
 2 3 0 0 4 0 3 0 0 2 1 4 3 0 1 2 1 0 0 0 0 4 0 0 3 3]
[0 0 0 0 0 4 4 0 3 3 4 0 0 4 2 1 1 1 2 0 0 0 0 4 0 0 0 3 4 0 2 3 3 2 0 1 3
 1 1 2 0 4 0 2 0 2 0 4 0 1 2 1 0 0 2 3 1 0 0 0 0 4 0 0 0 0 4 2 3 0 0 2 2 0
 2 3 0 0 4 0 3 0 0 2 1 4 3 0 1 2 1 0 0 0 0 4 0 0 3 3]
[2 5 1 7 5 7 1 6 1 2 2 6 7 9 6 4 1 2 2 2 3 4 9 9 7 8 5 4 9 7 8 4 8 4 3 6 8
 9 7 8 5 6 1 7 1 6 6 1 7 3 8 4 9 7 1 9 9 6 8 4 4 8 6 2 6 5 3 2 1 2 1 7 6 1
 5 5 5 9 5 1 9 5 8 4 6 6 5 2 8 2 5 1 7 4 7 5 8 9 9 5]
[2 5 1 7 5 7 1 6 1 2 2 6 7 9 6 4 1 2 2 2 3 4 9 9 7 8 5 4 9 7 8 4 8 4 3 6 8
 9 7 8 5 6 1 7 1 6 6 1 7 3 8 4 9 7 1 9 9 6 8 4 4 8 6 2 6 5 3 2 1 2 1 7 6 1
 5 5 5 9 5 1 9 5 8 4 6 6 5 2 8 2 5 1 7 4 7 5 8 9 9 5]
[50, 50, 50, 50, 50, 41, 11, 24, 50, 49, 50, 23, 50, 50, 17, 50, 50, 50, 18, 10, 50, 50, 35, 50, 50, 50, 50, 39, 50, 27, 24, 50, 40, 50, 50, 50, 50, 28, 24, 17, 50, 50, 50, 50, 27, 16, 50, 20, 50, 50, 17, 40, 50, 50, 27, 50, 50, 50, 50, 50, 29, 27, 50, 50, 12, 36, 17, 44, 50, 33, 50, 47, 23, 24, 14, 32, 14, 18, 50, 50, 50, 15, 50, 38, 24, 50, 24, 50, 50, 13, 50, 50, 50, 50, 43, 49, 50, 50, 50, 50]
[0 0 0 0 0 0 0 0 0 0 0 0 0 0 0 0 0 0 0 0 0 0 0 0 0 0 0 0 0 0 0 0 0 0 0 0 0
 0 0 0 0 0 0 0 0 0 0 0 0 0 0 0 0 0 0 0 0 0 0 0 0 0 0 0 0 0 0 0 0 0 0 0 0 0
 0 0 0 0 0 0 0 0 0 0 0 0 0 0 0 0 0 0 0 0 0 0 0 0 0 0]
[1 1 1 1 1 1 1 1 1 1 1 1 1 1 1 1 1 1 1 1 1 1 1 1 1 1 1 1 1 1 1 1 1 1 1 1 1
 1 1 1 1 1 1 1 1 1 1 1 1 1 1 1 1 1 1 1 1 1 1 1 1 1 1 1 1 1 1 1 1 1 1 1 1 1
 1 1 1 1 1 1 1 1 1 1 1 1 1 1 1 1 1 1 1 1 1 1 1 1 1 1]
