[ 0  1  2  3  4  5  6  7  8  9 10 11 12 13 14 15 16 17 18 19 20 21 22 23
 24 25 26 27 28 29 30 31 32 33 34 35 36 37 38 39 40 41 42 43 44 45 46 47
 48 49 50 51 52 53 54 55 56 57 58 59 60 61 62 63 64 65 66 67 68 69 70 71
 72 73 74 75 76 77 78 79 80 81 82 83 84 85 86 87 88 89 90 91 92 93 94 95
 96 97 98 99]
[-1 -1 25 -1 -1 82  1 80 68 -1 23 -1 -1 11 -1 54 -1 -1 62  8 98  1 -1  9
 34 33 -1 -1 51 33 34 -1 -1 87 -1 86 84 -1 83 -1 -1 15 26 81 -1 -1 75 -1
 -1 68 -1 -1 -1 -1 65 74 -1 -1 -1 51 -1 16 60 14 40 69 -1  5 -1 73 77  9
 57 -1 -1 -1 -1 89 37 89 17 11 12 16 -1 56  3 56 16 -1 -1 14 94 42  5 21
  5 95  9 83]
[1 0 1 1 0 1 0 0 0 0 0 1 1 0 0 0 0 1 1 0 1 0 1 1 1 1 1 1 0 1 1 0 0 1 1 0 0
 0 1 1 0 1 1 0 0 1 1 1 1 1 0 1 0 1 1 0 1 1 0 0 1 1 1 0 0 0 0 0 0 1 0 0 1 0
 1 1 0 0 0 0 0 0 0 1 1 1 0 1 0 0 0 0 0 0 0 1 1 1 0 1]
[3 4 3 2 4 4 0 4 0 4 0 0 4 2 0 2 0 0 2 2 0 0 4 0 1 0 0 0 4 0 0 0 0 0 0 3 4
 3 0 0 0 2 2 2 2 3 0 0 3 0 0 1 3 0 0 0 0 4 0 0 2 0 0 0 0 4 0 3 0 2 1 0 0 4
 0 0 0 0 1 0 3 0 2 4 0 4 2 0 0 0 0 4 1 2 2 0 0 1 4 4]
[3 4 3 2 4 4 0 4 0 4 0 0 4 2 0 2 0 0 2 2 0 0 4 0 1 0 0 0 4 0 0 0 0 0 0 3 4
 3 0 0 0 2 2 2 2 3 0 0 3 0 0 1 3 0 0 0 0 4 0 0 2 0 0 0 0 4 0 3 0 2 1 0 0 4
 0 0 0 0 1 0 3 0 2 4 0 4 2 0 0 0 0 4 1 2 2 0 0 1 4 4]
[5 9 7 1 3 5 9 7 7 4 5 9 6 5 1 4 6 5 9 4 8 8 6 1 7 1 6 5 1 4 4 2 2 3 6 1 3
 4 3 2 2 9 7 5 8 3 8 9 4 2 2 6 6 7 3 3 9 1 1 2 9 3 9 1 8 9 6 4 1 7 5 4 1 8
 8 9 5 2 5 1 5 3 8 2 4 6 7 3 4 2 7 7 2 2 6 8 4 1 8 9]
[5 9 7 1 3 5 9 7 7 4 5 9 6 5 1 4 6 5 9 4 8 8 6 1 7 1 6 5 1 4 4 2 2 3 6 1 3
 4 3 2 2 9 7 5 8 3 8 9 4 2 2 6 6 7 3 3 9 1 1 2 9 3 9 1 8 9 6 4 1 7 5 4 1 8
 8 9 5 2 5 1 5 3 8 2 4 6 7 3 4 2 7 7 2 2 6 8 4 1 8 9]
[30, 17, 50, 50, 10, 16, 50, 32, 50, 44, 50, 21, 10, 50, 50, 50, 49, 23, 50, 36, 50, 15, 50, 50, 50, 50, 46, 50, 50, 37, 50, 41, 50, 26, 15, 50, 50, 50, 50, 50, 50, 50, 50, 22, 50, 50, 12, 19, 50, 38, 43, 46, 15, 21, 44, 50, 50, 47, 50, 50, 24, 47, 50, 12, 13, 45, 47, 50, 26, 50, 50, 17, 25, 50, 39, 50, 50, 50, 47, 31, 37, 34, 14, 50, 24, 50, 34, 34, 37, 21, 50, 50, 24, 50, 50, 50, 43, 50, 50, 50]
[0 0 0 0 0 0 0 0 0 0 0 0 0 0 0 0 0 0 0 0 0 0 0 0 0 0 0 0 0 0 0 0 0 0 0 0 0
 0 0 0 0 0 0 0 0 0 0 0 0 0 0 0 0 0 0 0 0 0 0 0 0 0 0 0 0 0 0 0 0 0 0 0 0 0
 0 0 0 0 0 0 0 0 0 0 0 0 0 0 0 0 0 0 0 0 0 0 0 0 0 0]
[1 1 1 1 1 1 1 1 1 1 1 1 1 1 1 1 1 1 1 1 1 1 1 1 1 1 1 1 1 1 1 1 1 1 1 1 1
 1 1 1 1 1 1 1 1 1 1 1 1 1 1 1 1 1 1 1 1 1 1 1 1 1 1 1 1 1 1 1 1 1 1 1 1 1
 1 1 1 1 1 1 1 1 1 1 1 1 1 1 1 1 1 1 1 1 1 1 1 1 1 1]
