[ 0  1  2  3  4  5  6  7  8  9 10 11 12 13 14 15 16 17 18 19 20 21 22 23
 24 25 26 27 28 29 30 31 32 33 34 35 36 37 38 39 40 41 42 43 44 45 46 47
 48 49 50 51 52 53 54 55 56 57 58 59 60 61 62 63 64 65 66 67 68 69 70 71
 72 73 74 75 76 77 78 79 80 81 82 83 84 85 86 87 88 89 90 91 92 93 94 95
 96 97 98 99]
[-1 61 10 28 81 -1 -1 83 -1 -1 94 -1 25 78 85 10 39 -1  7 85 60 -1 17 44
 55 -1 -1 35 80 -1 -1 10 -1 78 38 -1 89 -1 53 58 -1 18  9 23 -1 -1 -1 -1
 -1 39 94 57 46 87 66 29 -1 -1 -1 87 -1 27 -1 22 82 -1 -1 -1 55 -1 -1 -1
  8 52  0 -1 57 -1 57 69 -1 -1  4 45 -1 58 91 73 46 91 12  3 77 -1 12 54
 80 33 31 35]
[1 0 0 1 0 0 1 1 1 1 1 1 1 0 1 0 1 0 1 1 0 1 0 1 1 0 0 0 1 1 1 0 0 1 1 1 0
 1 1 1 0 1 1 0 0 0 1 1 1 0 1 1 0 1 0 1 0 0 0 1 1 0 1 0 1 1 1 0 1 1 0 1 1 1
 0 0 0 1 0 0 1 1 0 0 0 1 1 1 0 0 0 0 0 1 1 1 0 1 1 1]
[1 4 0 0 0 1 4 0 4 0 2 0 2 0 0 2 0 0 4 0 3 0 0 3 0 0 0 0 3 0 0 0 0 1 0 3 4
 0 0 3 2 0 0 0 0 0 0 0 1 0 0 2 1 0 4 4 0 0 1 2 3 0 2 1 0 2 0 2 0 1 0 3 1 0
 0 3 4 0 2 0 1 0 0 0 0 0 0 4 0 4 4 3 1 0 4 4 0 0 0 0]
[1 4 0 0 0 1 4 0 4 0 2 0 2 0 0 2 0 0 4 0 3 0 0 3 0 0 0 0 3 0 0 0 0 1 0 3 4
 0 0 3 2 0 0 0 0 0 0 0 1 0 0 2 1 0 4 4 0 0 1 2 3 0 2 1 0 2 0 2 0 1 0 3 1 0
 0 3 4 0 2 0 1 0 0 0 0 0 0 4 0 4 4 3 1 0 4 4 0 0 0 0]
[6 1 4 5 8 4 6 4 4 9 1 2 4 6 2 9 3 8 4 2 5 8 7 4 6 8 7 9 2 1 5 2 4 6 9 9 6
 6 8 7 1 6 3 1 9 4 8 7 9 8 1 7 5 8 7 9 4 4 2 3 9 1 1 8 5 2 7 6 1 5 5 3 2 9
 2 2 4 5 2 4 1 7 1 3 5 8 4 5 5 3 6 1 4 9 5 3 1 7 6 4]
[6 1 4 5 8 4 6 4 4 9 1 2 4 6 2 9 3 8 4 2 5 8 7 4 6 8 7 9 2 1 5 2 4 6 9 9 6
 6 8 7 1 6 3 1 9 4 8 7 9 8 1 7 5 8 7 9 4 4 2 3 9 1 1 8 5 2 7 6 1 5 5 3 2 9
 2 2 4 5 2 4 1 7 1 3 5 8 4 5 5 3 6 1 4 9 5 3 1 7 6 4]
[50, 42, 43, 29, 43, 50, 46, 50, 50, 50, 12, 23, 50, 50, 50, 34, 32, 17, 50, 36, 47, 49, 39, 50, 50, 50, 45, 16, 23, 47, 22, 50, 50, 19, 50, 50, 33, 14, 46, 35, 45, 29, 50, 13, 50, 13, 50, 25, 50, 50, 50, 50, 50, 50, 13, 43, 36, 50, 22, 50, 27, 43, 22, 21, 50, 50, 50, 50, 25, 50, 38, 34, 50, 40, 50, 11, 50, 10, 50, 27, 50, 50, 50, 44, 45, 50, 50, 10, 50, 50, 50, 10, 50, 50, 50, 33, 32, 50, 50, 47]
[0 0 0 0 0 0 0 0 0 0 0 0 0 0 0 0 0 0 0 0 0 0 0 0 0 0 0 0 0 0 0 0 0 0 0 0 0
 0 0 0 0 0 0 0 0 0 0 0 0 0 0 0 0 0 0 0 0 0 0 0 0 0 0 0 0 0 0 0 0 0 0 0 0 0
 0 0 0 0 0 0 0 0 0 0 0 0 0 0 0 0 0 0 0 0 0 0 0 0 0 0]
[1 1 1 1 1 1 1 1 1 1 1 1 1 1 1 1 1 1 1 1 1 1 1 1 1 1 1 1 1 1 1 1 1 1 1 1 1
 1 1 1 1 1 1 1 1 1 1 1 1 1 1 1 1 1 1 1 1 1 1 1 1 1 1 1 1 1 1 1 1 1 1 1 1 1
 1 1 1 1 1 1 1 1 1 1 1 1 1 1 1 1 1 1 1 1 1 1 1 1 1 1]
