[ 0  1  2  3  4  5  6  7  8  9 10 11 12 13 14 15 16 17 18 19 20 21 22 23
 24 25 26 27 28 29 30 31 32 33 34 35 36 37 38 39 40 41 42 43 44 45 46 47
 48 49 50 51 52 53 54 55 56 57 58 59 60 61 62 63 64 65 66 67 68 69 70 71
 72 73 74 75 76 77 78 79 80 81 82 83 84 85 86 87 88 89 90 91 92 93 94 95
 96 97 98 99]
[95 94 -1 -1  7 -1 -1 44 -1 -1 39 25 41 -1 -1 43 72 -1 22 98 -1 54 68  6
 90 -1 41 26 -1 63 -1 -1 24 31 62 58 65 35 24 74  9 92 13 98  3 93 85  3
 32 14 91 63 21 91 -1 -1  0 24 -1 -1 92 -1 -1 38 69 37 -1 49 25 26 17 97
  9 -1 56 38 89 -1 -1 71 -1 56 -1 -1 18 10 58 97 23 41 70 16 -1 -1 56 -1
 39 19 93  0]
[0 0 0 0 0 0 0 1 1 0 0 0 0 0 0 0 1 1 0 1 1 0 0 0 0 0 1 0 0 0 1 0 1 1 0 1 1
 0 1 1 1 1 1 0 1 1 1 0 0 0 1 0 0 0 1 1 1 0 1 1 0 0 0 1 1 0 0 0 1 0 1 1 0 1
 1 0 1 1 0 1 0 1 0 1 1 1 1 1 0 0 0 0 1 1 0 0 0 0 0 1]
[0 2 0 3 3 0 1 0 0 1 0 0 0 4 0 1 3 0 0 1 4 3 0 0 0 1 1 0 4 3 2 0 0 1 3 0 0
 0 0 2 0 0 0 0 0 4 3 0 1 0 0 1 1 4 0 2 2 0 4 4 0 0 4 3 0 0 0 2 0 0 0 3 0 0
 3 0 2 0 3 0 0 0 0 4 3 0 0 2 3 2 0 0 0 0 0 1 4 0 0 0]
[0 2 0 3 3 0 1 0 0 1 0 0 0 4 0 1 3 0 0 1 4 3 0 0 0 1 1 0 4 3 2 0 0 1 3 0 0
 0 0 2 0 0 0 0 0 4 3 0 1 0 0 1 1 4 0 2 2 0 4 4 0 0 4 3 0 0 0 2 0 0 0 3 0 0
 3 0 2 0 3 0 0 0 0 4 3 0 0 2 3 2 0 0 0 0 0 1 4 0 0 0]
[2 6 7 6 3 4 4 5 7 2 3 8 9 7 2 3 2 8 8 7 9 4 1 9 7 6 7 5 1 2 3 2 8 1 5 6 7
 5 1 3 6 4 4 7 6 3 3 7 6 7 7 6 7 9 3 8 1 6 9 8 1 7 4 1 1 5 9 4 5 9 7 2 6 4
 8 1 8 9 1 7 8 7 9 8 9 6 4 6 4 2 4 8 8 3 1 3 4 4 8 1]
[2 6 7 6 3 4 4 5 7 2 3 8 9 7 2 3 2 8 8 7 9 4 1 9 7 6 7 5 1 2 3 2 8 1 5 6 7
 5 1 3 6 4 4 7 6 3 3 7 6 7 7 6 7 9 3 8 1 6 9 8 1 7 4 1 1 5 9 4 5 9 7 2 6 4
 8 1 8 9 1 7 8 7 9 8 9 6 4 6 4 2 4 8 8 3 1 3 4 4 8 1]
[50, 42, 50, 50, 50, 47, 45, 50, 28, 11, 50, 50, 50, 48, 50, 50, 44, 50, 45, 50, 25, 50, 50, 14, 50, 21, 50, 50, 10, 50, 34, 50, 50, 50, 47, 50, 50, 16, 20, 50, 50, 22, 26, 12, 47, 50, 50, 36, 36, 24, 50, 50, 10, 23, 50, 50, 45, 30, 12, 50, 11, 50, 50, 32, 34, 42, 46, 50, 50, 50, 25, 50, 43, 44, 37, 49, 14, 36, 43, 50, 50, 50, 26, 50, 28, 36, 50, 50, 50, 50, 22, 50, 35, 50, 12, 29, 50, 15, 37, 34]
[0 0 0 0 0 0 0 0 0 0 0 0 0 0 0 0 0 0 0 0 0 0 0 0 0 0 0 0 0 0 0 0 0 0 0 0 0
 0 0 0 0 0 0 0 0 0 0 0 0 0 0 0 0 0 0 0 0 0 0 0 0 0 0 0 0 0 0 0 0 0 0 0 0 0
 0 0 0 0 0 0 0 0 0 0 0 0 0 0 0 0 0 0 0 0 0 0 0 0 0 0]
[1 1 1 1 1 1 1 1 1 1 1 1 1 1 1 1 1 1 1 1 1 1 1 1 1 1 1 1 1 1 1 1 1 1 1 1 1
 1 1 1 1 1 1 1 1 1 1 1 1 1 1 1 1 1 1 1 1 1 1 1 1 1 1 1 1 1 1 1 1 1 1 1 1 1
 1 1 1 1 1 1 1 1 1 1 1 1 1 1 1 1 1 1 1 1 1 1 1 1 1 1]
