[ 0  1  2  3  4  5  6  7  8  9 10 11 12 13 14 15 16 17 18 19 20 21 22 23
 24 25 26 27 28 29 30 31 32 33 34 35 36 37 38 39 40 41 42 43 44 45 46 47
 48 49 50 51 52 53 54 55 56 57 58 59 60 61 62 63 64 65 66 67 68 69 70 71
 72 73 74 75 76 77 78 79 80 81 82 83 84 85 86 87 88 89 90 91 92 93 94 95
 96 97 98 99]
[91 -1 -1 62 96 46 -1 90 74 49 81 48 -1 15  7 58 99 98 -1 56 19 36 -1 11
 89 32 -1 -1 65  1 70 17 -1 34 48  7 80 77 -1 31 50 58 43 -1 -1 98 30 -1
 -1 69  2 82 78 -1 -1 -1 11 95 12  4 25 79 88 50 29 85 -1 -1 91 56 84 -1
 -1  0 -1 -1 87 -1 50  1 70 -1 53 23 -1 99 71 16 -1 -1 -1 -1 24 61 -1 36
 24 91 77 -1]
[1 0 1 1 1 0 1 1 1 1 1 1 1 0 0 1 0 1 0 0 1 0 0 1 1 0 0 0 1 1 0 1 0 0 1 0 0
 1 0 0 0 0 1 0 0 1 0 1 0 1 0 0 1 1 1 0 1 0 1 0 0 0 0 0 1 0 1 1 0 0 1 1 0 0
 0 1 1 0 0 1 1 1 0 0 1 1 1 1 0 1 1 0 0 0 0 0 0 0 1 0]
[2 0 0 0 3 0 0 0 0 0 2 3 0 1 4 3 2 2 4 0 3 0 2 3 2 3 1 3 4 0 0 0 0 0 0 1 0
 0 1 1 0 0 0 1 0 4 2 0 0 2 4 0 1 2 0 1 0 3 4 1 3 4 4 1 0 0 2 0 4 0 0 0 0 4
 1 0 0 1 2 3 1 0 3 1 0 3 0 2 1 0 3 0 2 3 0 0 0 0 0 1]
[2 0 0 0 3 0 0 0 0 0 2 3 0 1 4 3 2 2 4 0 3 0 2 3 2 3 1 3 4 0 0 0 0 0 0 1 0
 0 1 1 0 0 0 1 0 4 2 0 0 2 4 0 1 2 0 1 0 3 4 1 3 4 4 1 0 0 2 0 4 0 0 0 0 4
 1 0 0 1 2 3 1 0 3 1 0 3 0 2 1 0 3 0 2 3 0 0 0 0 0 1]
[7 3 8 8 4 2 6 2 5 4 7 4 2 8 3 5 6 5 6 4 5 6 1 6 9 9 2 4 6 7 4 4 1 5 2 8 6
 5 7 5 7 4 4 9 2 9 4 7 2 3 9 2 7 8 8 8 1 2 2 6 4 4 1 8 4 1 8 6 9 7 7 9 4 3
 2 5 6 9 6 7 2 7 7 1 6 8 5 3 9 6 4 6 3 5 1 4 1 2 3 5]
[7 3 8 8 4 2 6 2 5 4 7 4 2 8 3 5 6 5 6 4 5 6 1 6 9 9 2 4 6 7 4 4 1 5 2 8 6
 5 7 5 7 4 4 9 2 9 4 7 2 3 9 2 7 8 8 8 1 2 2 6 4 4 1 8 4 1 8 6 9 7 7 9 4 3
 2 5 6 9 6 7 2 7 7 1 6 8 5 3 9 6 4 6 3 5 1 4 1 2 3 5]
[50, 48, 45, 36, 50, 50, 21, 42, 47, 19, 32, 50, 16, 50, 50, 50, 50, 50, 50, 50, 50, 50, 50, 11, 50, 50, 50, 41, 50, 22, 50, 50, 50, 50, 15, 30, 50, 50, 50, 50, 21, 50, 39, 50, 50, 50, 22, 16, 40, 50, 35, 42, 46, 17, 41, 26, 50, 50, 50, 25, 36, 12, 50, 50, 23, 50, 50, 50, 14, 50, 33, 50, 39, 11, 50, 50, 23, 23, 50, 16, 50, 50, 27, 40, 21, 25, 26, 50, 50, 50, 50, 50, 36, 32, 50, 25, 18, 49, 50, 26]
[0 0 0 0 0 0 0 0 0 0 0 0 0 0 0 0 0 0 0 0 0 0 0 0 0 0 0 0 0 0 0 0 0 0 0 0 0
 0 0 0 0 0 0 0 0 0 0 0 0 0 0 0 0 0 0 0 0 0 0 0 0 0 0 0 0 0 0 0 0 0 0 0 0 0
 0 0 0 0 0 0 0 0 0 0 0 0 0 0 0 0 0 0 0 0 0 0 0 0 0 0]
[1 1 1 1 1 1 1 1 1 1 1 1 1 1 1 1 1 1 1 1 1 1 1 1 1 1 1 1 1 1 1 1 1 1 1 1 1
 1 1 1 1 1 1 1 1 1 1 1 1 1 1 1 1 1 1 1 1 1 1 1 1 1 1 1 1 1 1 1 1 1 1 1 1 1
 1 1 1 1 1 1 1 1 1 1 1 1 1 1 1 1 1 1 1 1 1 1 1 1 1 1]
