[ 0  1  2  3  4  5  6  7  8  9 10 11 12 13 14 15 16 17 18 19 20 21 22 23
 24 25 26 27 28 29 30 31 32 33 34 35 36 37 38 39 40 41 42 43 44 45 46 47
 48 49 50 51 52 53 54 55 56 57 58 59 60 61 62 63 64 65 66 67 68 69 70 71
 72 73 74 75 76 77 78 79 80 81 82 83 84 85 86 87 88 89 90 91 92 93 94 95
 96 97 98 99]
[77 -1 -1 90 96 48 99 -1 24 32 -1 34 -1 -1  3 -1 73 53 99 59 14 74 -1 50
 82 -1 89 63 20 81 -1  8 11  2 -1 37 78 -1 29 82 -1 81 60 87 96  7 73 67
 91 -1 51 40 62 -1 72 -1 -1 29 -1 14 -1 -1 25 -1 -1 61 -1  1 27 -1 65 -1
 62 -1 89 98 -1 55 82 -1 -1 -1 83 47 43 66 63 38 74 -1 73 72 -1 -1 23 -1
  7  2 58 16]
[1 1 1 1 1 1 1 1 1 0 0 0 1 0 1 0 0 1 0 0 0 1 1 1 1 1 0 0 0 0 0 1 0 1 1 1 1
 1 1 1 1 0 0 0 0 0 0 1 0 0 1 1 1 1 1 1 0 1 1 0 0 0 1 1 0 1 1 0 0 0 0 0 0 0
 0 0 0 1 0 1 0 1 0 1 0 1 1 1 0 0 1 1 0 0 0 1 0 1 0 0]
[0 0 1 0 2 0 0 0 2 1 0 4 3 1 0 0 0 0 3 0 0 0 1 0 4 0 0 0 1 0 3 0 0 4 0 3 4
 0 2 0 0 0 1 0 4 2 0 0 4 2 1 1 4 4 4 0 3 2 4 0 3 0 3 0 0 1 0 0 0 2 3 3 4 3
 3 3 0 2 1 0 4 0 3 0 0 0 0 4 4 0 0 4 0 0 4 0 4 0 3 2]
[0 0 1 0 2 0 0 0 2 1 0 4 3 1 0 0 0 0 3 0 0 0 1 0 4 0 0 0 1 0 3 0 0 4 0 3 4
 0 2 0 0 0 1 0 4 2 0 0 4 2 1 1 4 4 4 0 3 2 4 0 3 0 3 0 0 1 0 0 0 2 3 3 4 3
 3 3 0 2 1 0 4 0 3 0 0 0 0 4 4 0 0 4 0 0 4 0 4 0 3 2]
[2 5 7 7 7 3 4 3 9 7 4 3 7 4 1 9 8 3 1 2 5 8 6 1 9 1 8 3 5 2 1 6 9 2 5 1 8
 2 8 4 3 8 4 2 6 5 9 8 6 8 9 6 5 5 6 5 3 2 1 1 3 3 1 1 4 8 3 7 1 2 6 4 7 7
 7 7 3 8 4 8 4 6 8 6 9 9 2 2 4 9 5 4 8 6 2 2 4 1 7 1]
[2 5 7 7 7 3 4 3 9 7 4 3 7 4 1 9 8 3 1 2 5 8 6 1 9 1 8 3 5 2 1 6 9 2 5 1 8
 2 8 4 3 8 4 2 6 5 9 8 6 8 9 6 5 5 6 5 3 2 1 1 3 3 1 1 4 8 3 7 1 2 6 4 7 7
 7 7 3 8 4 8 4 6 8 6 9 9 2 2 4 9 5 4 8 6 2 2 4 1 7 1]
[50, 50, 50, 37, 50, 50, 50, 50, 50, 31, 11, 50, 50, 38, 17, 50, 45, 29, 48, 11, 50, 47, 41, 50, 45, 45, 50, 50, 50, 50, 42, 50, 50, 45, 18, 50, 40, 50, 47, 50, 26, 50, 50, 50, 12, 48, 15, 34, 50, 43, 50, 50, 36, 39, 50, 50, 15, 50, 50, 19, 50, 18, 50, 50, 50, 50, 50, 50, 23, 25, 50, 41, 22, 50, 38, 50, 50, 10, 50, 17, 19, 49, 12, 25, 32, 50, 50, 34, 32, 30, 20, 50, 46, 36, 25, 27, 50, 19, 26, 50]
[0 0 0 0 0 0 0 0 0 0 0 0 0 0 0 0 0 0 0 0 0 0 0 0 0 0 0 0 0 0 0 0 0 0 0 0 0
 0 0 0 0 0 0 0 0 0 0 0 0 0 0 0 0 0 0 0 0 0 0 0 0 0 0 0 0 0 0 0 0 0 0 0 0 0
 0 0 0 0 0 0 0 0 0 0 0 0 0 0 0 0 0 0 0 0 0 0 0 0 0 0]
[1 1 1 1 1 1 1 1 1 1 1 1 1 1 1 1 1 1 1 1 1 1 1 1 1 1 1 1 1 1 1 1 1 1 1 1 1
 1 1 1 1 1 1 1 1 1 1 1 1 1 1 1 1 1 1 1 1 1 1 1 1 1 1 1 1 1 1 1 1 1 1 1 1 1
 1 1 1 1 1 1 1 1 1 1 1 1 1 1 1 1 1 1 1 1 1 1 1 1 1 1]
