[ 0  1  2  3  4  5  6  7  8  9 10 11 12 13 14 15 16 17 18 19 20 21 22 23
 24 25 26 27 28 29 30 31 32 33 34 35 36 37 38 39 40 41 42 43 44 45 46 47
 48 49 50 51 52 53 54 55 56 57 58 59 60 61 62 63 64 65 66 67 68 69 70 71
 72 73 74 75 76 77 78 79 80 81 82 83 84 85 86 87 88 89 90 91 92 93 94 95
 96 97 98 99]
[43 34 -1 99 39 -1 26 65 -1 -1 14 -1 10 -1 79 25 95 39 -1 62 -1 38  3 -1
 45 -1  7 -1 88 99 -1 63 48 52 -1 25 51  1 33 -1 -1 16  5 95 80 -1 -1 -1
 43 69 75 77 13 -1 82 60 90 -1 38 -1 17 -1 -1 -1 29 84  4 -1 95 77 43 -1
 -1 -1 61 58  6 -1  9 -1 -1 -1 -1 69 75 -1 61 90 22 -1 74 52 57  0 76 -1
  1 98 41 63]
[0 0 1 1 0 1 1 0 0 1 1 0 0 0 1 1 0 0 1 0 1 0 1 1 0 0 0 0 1 1 0 0 0 1 0 1 0
 1 1 0 1 1 0 1 0 0 1 0 0 1 0 1 0 1 1 1 0 1 0 0 1 0 1 0 1 0 0 1 0 1 0 1 0 0
 0 1 1 1 0 1 1 1 0 1 0 0 1 0 1 1 0 1 0 1 1 0 1 0 0 0]
[1 0 3 4 0 3 0 3 2 0 4 0 3 3 0 0 3 3 0 0 0 0 2 0 0 0 0 1 2 0 0 2 0 2 4 1 0
 0 0 4 3 0 1 4 1 1 0 2 0 0 3 2 0 0 0 4 4 0 0 3 4 1 0 3 0 0 2 0 2 0 3 3 4 0
 0 0 0 4 0 0 0 3 3 0 0 0 2 2 1 0 0 1 2 0 3 0 1 1 0 0]
[1 0 3 4 0 3 0 3 2 0 4 0 3 3 0 0 3 3 0 0 0 0 2 0 0 0 0 1 2 0 0 2 0 2 4 1 0
 0 0 4 3 0 1 4 1 1 0 2 0 0 3 2 0 0 0 4 4 0 0 3 4 1 0 3 0 0 2 0 2 0 3 3 4 0
 0 0 0 4 0 0 0 3 3 0 0 0 2 2 1 0 0 1 2 0 3 0 1 1 0 0]
[7 8 3 7 8 7 3 3 6 1 2 8 6 9 2 6 4 7 4 8 9 7 3 9 7 5 6 9 5 7 1 8 7 1 4 7 1
 6 2 2 3 9 7 9 3 6 6 8 6 4 9 6 7 3 7 6 4 5 2 3 3 5 9 8 2 5 5 8 9 8 6 3 8 8
 6 3 9 4 6 5 2 7 3 5 8 3 5 4 3 3 9 5 8 9 3 2 7 3 9 9]
[7 8 3 7 8 7 3 3 6 1 2 8 6 9 2 6 4 7 4 8 9 7 3 9 7 5 6 9 5 7 1 8 7 1 4 7 1
 6 2 2 3 9 7 9 3 6 6 8 6 4 9 6 7 3 7 6 4 5 2 3 3 5 9 8 2 5 5 8 9 8 6 3 8 8
 6 3 9 4 6 5 2 7 3 5 8 3 5 4 3 3 9 5 8 9 3 2 7 3 9 9]
[34, 50, 43, 50, 50, 42, 50, 50, 50, 50, 50, 50, 50, 50, 50, 50, 50, 50, 50, 50, 50, 50, 21, 11, 43, 50, 39, 50, 50, 50, 25, 50, 36, 41, 50, 50, 50, 50, 12, 50, 37, 32, 12, 50, 41, 13, 50, 19, 10, 50, 49, 21, 41, 50, 50, 23, 26, 21, 31, 50, 50, 50, 50, 17, 25, 36, 50, 13, 50, 14, 26, 35, 37, 17, 50, 45, 23, 10, 50, 50, 22, 50, 47, 50, 50, 50, 35, 26, 27, 50, 50, 50, 19, 47, 47, 50, 32, 48, 50, 29]
[0 0 0 0 0 0 0 0 0 0 0 0 0 0 0 0 0 0 0 0 0 0 0 0 0 0 0 0 0 0 0 0 0 0 0 0 0
 0 0 0 0 0 0 0 0 0 0 0 0 0 0 0 0 0 0 0 0 0 0 0 0 0 0 0 0 0 0 0 0 0 0 0 0 0
 0 0 0 0 0 0 0 0 0 0 0 0 0 0 0 0 0 0 0 0 0 0 0 0 0 0]
[1 1 1 1 1 1 1 1 1 1 1 1 1 1 1 1 1 1 1 1 1 1 1 1 1 1 1 1 1 1 1 1 1 1 1 1 1
 1 1 1 1 1 1 1 1 1 1 1 1 1 1 1 1 1 1 1 1 1 1 1 1 1 1 1 1 1 1 1 1 1 1 1 1 1
 1 1 1 1 1 1 1 1 1 1 1 1 1 1 1 1 1 1 1 1 1 1 1 1 1 1]
