[ 0  1  2  3  4  5  6  7  8  9 10 11 12 13 14 15 16 17 18 19 20 21 22 23
 24 25 26 27 28 29 30 31 32 33 34 35 36 37 38 39 40 41 42 43 44 45 46 47
 48 49 50 51 52 53 54 55 56 57 58 59 60 61 62 63 64 65 66 67 68 69 70 71
 72 73 74 75 76 77 78 79 80 81 82 83 84 85 86 87 88 89 90 91 92 93 94 95
 96 97 98 99]
[59 76 65 60 -1 33 95 84 31 -1 25 90 50 -1  1 -1 -1 57 14 -1 77 28 44 -1
 29 58 55 30 32 -1 36 17 -1 -1 71  7 -1 15 13 25 -1 -1 -1 -1 -1 -1 26 -1
 99 44 49 46 86 68  6 -1 29 71 43 79 36 39  1 95 13 52 -1 44 -1 -1 32 40
 15 22 -1 23 44 92  9 42 20 -1  3 14 66 41  4 -1 -1 -1 99 -1  4  0 86 -1
 29 69 19 -1]
[0 1 0 1 1 1 1 0 0 0 1 0 1 0 1 1 1 1 1 0 1 0 0 0 1 1 1 1 0 1 1 0 1 0 0 1 1
 1 0 0 0 1 0 0 0 0 0 1 1 1 0 1 0 0 1 0 1 0 0 1 1 1 1 0 0 1 1 0 0 0 1 1 1 0
 0 0 1 1 1 0 1 0 1 0 1 0 1 0 1 0 0 0 0 1 1 1 0 1 0 1]
[0 3 3 0 3 2 3 4 3 2 2 0 2 1 4 1 0 0 0 4 0 0 3 4 2 4 3 3 0 3 0 0 0 0 4 1 4
 0 1 0 1 3 0 4 0 1 2 0 2 0 2 0 1 3 2 4 0 0 0 0 0 0 4 0 0 3 2 0 0 4 0 4 0 1
 1 0 0 0 2 0 3 3 0 2 0 1 0 4 2 4 0 0 0 3 0 3 3 0 0 0]
[0 3 3 0 3 2 3 4 3 2 2 0 2 1 4 1 0 0 0 4 0 0 3 4 2 4 3 3 0 3 0 0 0 0 4 1 4
 0 1 0 1 3 0 4 0 1 2 0 2 0 2 0 1 3 2 4 0 0 0 0 0 0 4 0 0 3 2 0 0 4 0 4 0 1
 1 0 0 0 2 0 3 3 0 2 0 1 0 4 2 4 0 0 0 3 0 3 3 0 0 0]
[8 2 4 1 4 1 9 6 3 2 4 6 4 4 2 1 8 7 8 5 6 8 9 6 2 7 2 4 9 7 6 7 2 6 6 7 7
 8 8 7 1 5 8 7 6 5 9 9 4 6 3 8 4 6 3 1 6 8 5 9 5 5 4 1 4 6 9 7 5 3 5 3 9 2
 4 1 6 5 4 3 2 9 2 5 9 2 8 2 6 6 5 8 1 7 3 6 2 6 1 8]
[8 2 4 1 4 1 9 6 3 2 4 6 4 4 2 1 8 7 8 5 6 8 9 6 2 7 2 4 9 7 6 7 2 6 6 7 7
 8 8 7 1 5 8 7 6 5 9 9 4 6 3 8 4 6 3 1 6 8 5 9 5 5 4 1 4 6 9 7 5 3 5 3 9 2
 4 1 6 5 4 3 2 9 2 5 9 2 8 2 6 6 5 8 1 7 3 6 2 6 1 8]
[32, 41, 50, 41, 50, 50, 28, 44, 50, 50, 39, 50, 50, 18, 19, 27, 50, 12, 49, 41, 38, 29, 50, 28, 50, 40, 50, 33, 50, 50, 50, 23, 44, 50, 43, 37, 50, 43, 32, 47, 50, 50, 50, 30, 32, 50, 50, 50, 47, 10, 50, 27, 12, 50, 43, 50, 29, 50, 50, 50, 25, 50, 17, 50, 45, 23, 19, 50, 50, 34, 30, 37, 24, 50, 50, 50, 31, 36, 46, 50, 39, 23, 35, 25, 50, 31, 50, 50, 50, 40, 19, 21, 50, 38, 50, 50, 40, 50, 50, 14]
[0 0 0 0 0 0 0 0 0 0 0 0 0 0 0 0 0 0 0 0 0 0 0 0 0 0 0 0 0 0 0 0 0 0 0 0 0
 0 0 0 0 0 0 0 0 0 0 0 0 0 0 0 0 0 0 0 0 0 0 0 0 0 0 0 0 0 0 0 0 0 0 0 0 0
 0 0 0 0 0 0 0 0 0 0 0 0 0 0 0 0 0 0 0 0 0 0 0 0 0 0]
[1 1 1 1 1 1 1 1 1 1 1 1 1 1 1 1 1 1 1 1 1 1 1 1 1 1 1 1 1 1 1 1 1 1 1 1 1
 1 1 1 1 1 1 1 1 1 1 1 1 1 1 1 1 1 1 1 1 1 1 1 1 1 1 1 1 1 1 1 1 1 1 1 1 1
 1 1 1 1 1 1 1 1 1 1 1 1 1 1 1 1 1 1 1 1 1 1 1 1 1 1]
