[ 0  1  2  3  4  5  6  7  8  9 10 11 12 13 14 15 16 17 18 19 20 21 22 23
 24 25 26 27 28 29 30 31 32 33 34 35 36 37 38 39 40 41 42 43 44 45 46 47
 48 49 50 51 52 53 54 55 56 57 58 59 60 61 62 63 64 65 66 67 68 69 70 71
 72 73 74 75 76 77 78 79 80 81 82 83 84 85 86 87 88 89 90 91 92 93 94 95
 96 97 98 99]
[-1  8 92 83 95 -1 19 -1 20 -1 28 80 -1 20 35 -1 -1 -1 -1 72 -1 81 30  8
 85 -1 -1 84 -1 59 44 21 -1 -1 -1 -1 -1 -1 29 98 -1 77 27 32 96 57 -1 51
 11 99 45 32 -1 -1 -1 31 41 64 -1 80 55 25 -1 -1 27 74 -1 -1 10 -1 -1 85
 -1 57 -1 65 -1 86 95 -1 44 77 42 80 -1 86 -1 -1 91 -1 -1 52 30 69 80 79
 -1 13 42 -1]
[1 1 0 1 1 0 0 0 0 0 0 0 0 1 1 0 1 1 1 0 0 1 0 1 0 1 0 0 0 0 1 0 0 0 0 1 0
 1 1 1 0 1 1 0 1 1 1 1 0 0 1 0 0 1 1 0 1 0 1 1 0 1 0 1 1 0 0 1 1 0 1 1 1 0
 1 0 0 1 0 0 0 0 1 0 0 0 1 0 1 0 1 0 0 0 0 1 1 0 1 1]
[0 1 0 1 0 0 0 0 4 2 4 0 1 1 0 0 4 3 0 0 3 0 0 0 0 0 0 1 2 0 3 0 4 3 3 3 2
 4 2 0 2 2 2 0 4 0 0 3 0 3 0 0 2 3 3 2 1 0 1 0 0 0 1 0 0 4 0 3 2 0 0 0 0 0
 2 0 3 0 3 0 1 4 0 1 0 4 3 0 0 2 4 0 1 2 0 1 1 2 0 1]
[0 1 0 1 0 0 0 0 4 2 4 0 1 1 0 0 4 3 0 0 3 0 0 0 0 0 0 1 2 0 3 0 4 3 3 3 2
 4 2 0 2 2 2 0 4 0 0 3 0 3 0 0 2 3 3 2 1 0 1 0 0 0 1 0 0 4 0 3 2 0 0 0 0 0
 2 0 3 0 3 0 1 4 0 1 0 4 3 0 0 2 4 0 1 2 0 1 1 2 0 1]
[4 5 4 2 5 5 4 1 5 4 5 7 9 2 6 9 6 1 8 4 9 8 2 4 6 5 1 7 7 4 6 4 4 7 1 3 3
 9 5 5 4 6 5 1 2 6 7 1 1 1 2 3 4 8 7 3 6 9 4 9 9 7 4 1 4 5 9 1 4 9 3 7 1 7
 6 4 7 5 4 2 7 6 1 7 3 9 2 6 8 4 9 5 6 7 7 2 2 4 7 9]
[4 5 4 2 5 5 4 1 5 4 5 7 9 2 6 9 6 1 8 4 9 8 2 4 6 5 1 7 7 4 6 4 4 7 1 3 3
 9 5 5 4 6 5 1 2 6 7 1 1 1 2 3 4 8 7 3 6 9 4 9 9 7 4 1 4 5 9 1 4 9 3 7 1 7
 6 4 7 5 4 2 7 6 1 7 3 9 2 6 8 4 9 5 6 7 7 2 2 4 7 9]
[39, 39, 50, 50, 29, 35, 47, 19, 50, 42, 42, 50, 50, 50, 26, 50, 50, 41, 50, 50, 50, 36, 50, 41, 45, 50, 27, 18, 40, 27, 50, 50, 40, 33, 50, 16, 50, 42, 43, 48, 22, 42, 39, 41, 30, 30, 50, 50, 50, 28, 32, 37, 23, 50, 50, 31, 12, 50, 39, 48, 50, 50, 39, 10, 31, 13, 45, 50, 50, 17, 22, 43, 32, 34, 50, 50, 50, 50, 50, 50, 50, 21, 50, 19, 50, 48, 50, 50, 50, 50, 24, 23, 16, 43, 50, 50, 50, 35, 48, 18]
[0 0 0 0 0 0 0 0 0 0 0 0 0 0 0 0 0 0 0 0 0 0 0 0 0 0 0 0 0 0 0 0 0 0 0 0 0
 0 0 0 0 0 0 0 0 0 0 0 0 0 0 0 0 0 0 0 0 0 0 0 0 0 0 0 0 0 0 0 0 0 0 0 0 0
 0 0 0 0 0 0 0 0 0 0 0 0 0 0 0 0 0 0 0 0 0 0 0 0 0 0]
[1 1 1 1 1 1 1 1 1 1 1 1 1 1 1 1 1 1 1 1 1 1 1 1 1 1 1 1 1 1 1 1 1 1 1 1 1
 1 1 1 1 1 1 1 1 1 1 1 1 1 1 1 1 1 1 1 1 1 1 1 1 1 1 1 1 1 1 1 1 1 1 1 1 1
 1 1 1 1 1 1 1 1 1 1 1 1 1 1 1 1 1 1 1 1 1 1 1 1 1 1]
