[ 0  1  2  3  4  5  6  7  8  9 10 11 12 13 14 15 16 17 18 19 20 21 22 23
 24 25 26 27 28 29 30 31 32 33 34 35 36 37 38 39 40 41 42 43 44 45 46 47
 48 49 50 51 52 53 54 55 56 57 58 59 60 61 62 63 64 65 66 67 68 69 70 71
 72 73 74 75 76 77 78 79 80 81 82 83 84 85 86 87 88 89 90 91 92 93 94 95
 96 97 98 99]
[16 57 30 -1 -1 -1 19 -1 -1 -1 83 68 80  3 -1 -1 49 67 20 -1 -1 46 33 94
 99 -1 -1  7 63 48  7 92 73 58 -1 50 -1 50 41 -1 88 -1 39 58 75  1 -1  3
  0 53  4 -1 -1 -1 60 -1 92 60 98 -1 15 12 29 -1 56 94 32 30 13 76 31 53
 97 82 19  6 18 -1 18 -1 35 65 33 -1 45 86  5 -1 59 43 -1 -1  5 -1 73 29
 20 -1 13 -1]
[1 1 0 0 0 0 1 1 0 0 0 1 1 0 0 1 1 0 1 1 0 1 1 0 0 0 1 0 0 1 1 1 0 0 1 0 0
 0 0 0 1 1 1 0 0 0 1 1 1 1 0 1 1 0 0 0 0 0 0 0 0 1 0 1 0 1 0 1 0 1 1 1 0 0
 0 1 1 0 1 1 1 0 0 1 1 0 1 0 0 1 1 0 1 0 0 1 1 1 0 0]
[3 3 2 4 2 0 1 0 1 0 0 0 4 1 0 0 0 0 0 3 0 0 0 2 4 0 2 1 1 4 2 3 2 0 1 4 3
 3 0 0 4 4 0 1 0 0 0 4 0 0 0 0 0 0 2 4 0 0 4 0 3 2 0 0 0 0 2 0 4 3 1 4 1 0
 0 0 0 0 1 0 2 0 2 0 2 0 0 0 2 3 4 0 0 0 0 0 0 3 0 0]
[3 3 2 4 2 0 1 0 1 0 0 0 4 1 0 0 0 0 0 3 0 0 0 2 4 0 2 1 1 4 2 3 2 0 1 4 3
 3 0 0 4 4 0 1 0 0 0 4 0 0 0 0 0 0 2 4 0 0 4 0 3 2 0 0 0 0 2 0 4 3 1 4 1 0
 0 0 0 0 1 0 2 0 2 0 2 0 0 0 2 3 4 0 0 0 0 0 0 3 0 0]
[2 3 1 3 8 4 5 3 3 3 2 6 6 4 7 3 1 2 5 7 9 6 3 8 6 7 4 8 6 5 8 3 1 2 5 8 4
 5 1 2 9 2 4 3 3 1 9 7 2 5 4 2 9 5 8 2 9 2 2 6 5 3 4 4 1 3 1 7 9 2 3 2 8 3
 5 3 9 8 8 2 2 5 3 3 6 5 4 3 4 5 3 5 7 5 6 5 1 2 3 4]
[2 3 1 3 8 4 5 3 3 3 2 6 6 4 7 3 1 2 5 7 9 6 3 8 6 7 4 8 6 5 8 3 1 2 5 8 4
 5 1 2 9 2 4 3 3 1 9 7 2 5 4 2 9 5 8 2 9 2 2 6 5 3 4 4 1 3 1 7 9 2 3 2 8 3
 5 3 9 8 8 2 2 5 3 3 6 5 4 3 4 5 3 5 7 5 6 5 1 2 3 4]
[43, 50, 42, 32, 50, 50, 36, 26, 48, 38, 50, 50, 19, 50, 50, 50, 50, 50, 11, 41, 23, 14, 50, 24, 14, 14, 50, 10, 50, 38, 50, 50, 18, 36, 16, 50, 12, 50, 50, 23, 50, 50, 50, 50, 50, 50, 24, 50, 50, 10, 50, 23, 50, 50, 50, 19, 41, 50, 50, 31, 50, 42, 33, 21, 50, 50, 50, 50, 31, 46, 44, 50, 12, 35, 39, 50, 30, 50, 50, 50, 48, 50, 50, 50, 40, 12, 50, 50, 27, 50, 50, 50, 31, 10, 23, 50, 50, 50, 50, 50]
[0 0 0 0 0 0 0 0 0 0 0 0 0 0 0 0 0 0 0 0 0 0 0 0 0 0 0 0 0 0 0 0 0 0 0 0 0
 0 0 0 0 0 0 0 0 0 0 0 0 0 0 0 0 0 0 0 0 0 0 0 0 0 0 0 0 0 0 0 0 0 0 0 0 0
 0 0 0 0 0 0 0 0 0 0 0 0 0 0 0 0 0 0 0 0 0 0 0 0 0 0]
[1 1 1 1 1 1 1 1 1 1 1 1 1 1 1 1 1 1 1 1 1 1 1 1 1 1 1 1 1 1 1 1 1 1 1 1 1
 1 1 1 1 1 1 1 1 1 1 1 1 1 1 1 1 1 1 1 1 1 1 1 1 1 1 1 1 1 1 1 1 1 1 1 1 1
 1 1 1 1 1 1 1 1 1 1 1 1 1 1 1 1 1 1 1 1 1 1 1 1 1 1]
