[ 0  1  2  3  4  5  6  7  8  9 10 11 12 13 14 15 16 17 18 19 20 21 22 23
 24 25 26 27 28 29 30 31 32 33 34 35 36 37 38 39 40 41 42 43 44 45 46 47
 48 49 50 51 52 53 54 55 56 57 58 59 60 61 62 63 64 65 66 67 68 69 70 71
 72 73 74 75 76 77 78 79 80 81 82 83 84 85 86 87 88 89 90 91 92 93 94 95
 96 97 98 99]
[96 -1 -1 90 -1 32 -1 -1 -1 59 -1 -1 87 -1  6 -1 91  8 -1 18 -1 -1 11 94
 49 12 99 55 35 13 82 85 65 98 67 37 48 20 -1 -1 -1 78 -1 93 50 -1 -1 -1
 -1 55 38 47 31 -1 -1  1 -1 93 80 54 -1 30  1 81 76 -1 36  5 99 87 51 -1
 21 17 69 -1 25 -1 10 -1 -1 40 85 -1 46 -1 93 20 -1 -1 -1  4 25 -1 -1 -1
 -1 57 40 36]
[1 1 1 0 1 0 0 1 1 1 0 0 0 1 1 0 0 1 0 0 1 0 1 0 1 1 1 0 1 0 1 1 0 0 0 0 1
 1 1 1 1 1 0 1 1 0 1 0 0 0 0 1 1 1 0 1 0 1 0 1 0 1 1 0 1 1 0 0 1 0 1 0 0 0
 1 1 1 1 0 1 0 1 0 0 0 1 0 1 1 1 0 1 0 0 1 1 1 0 1 1]
[0 0 2 0 0 1 0 3 3 3 2 4 2 0 0 0 0 2 1 4 3 2 0 0 4 2 0 0 0 2 0 2 1 0 2 4 0
 0 0 0 4 0 0 0 0 2 1 0 0 0 3 4 0 1 4 0 0 0 1 0 0 0 4 0 2 0 2 0 4 0 3 1 0 3
 2 2 0 4 1 3 1 1 4 0 3 4 1 0 0 4 0 4 0 0 3 3 2 0 4 4]
[0 0 2 0 0 1 0 3 3 3 2 4 2 0 0 0 0 2 1 4 3 2 0 0 4 2 0 0 0 2 0 2 1 0 2 4 0
 0 0 0 4 0 0 0 0 2 1 0 0 0 3 4 0 1 4 0 0 0 1 0 0 0 4 0 2 0 2 0 4 0 3 1 0 3
 2 2 0 4 1 3 1 1 4 0 3 4 1 0 0 4 0 4 0 0 3 3 2 0 4 4]
[8 9 4 5 6 8 3 3 1 8 9 8 1 3 2 2 3 7 9 3 2 1 4 7 7 1 9 4 6 8 8 2 5 9 3 3 4
 4 6 6 7 1 5 2 2 6 4 6 7 3 6 5 4 4 4 8 7 1 5 7 8 3 2 8 5 9 1 8 7 3 4 1 9 2
 1 8 3 1 7 5 4 5 6 1 6 7 6 5 2 1 2 8 2 9 5 3 6 9 8 1]
[8 9 4 5 6 8 3 3 1 8 9 8 1 3 2 2 3 7 9 3 2 1 4 7 7 1 9 4 6 8 8 2 5 9 3 3 4
 4 6 6 7 1 5 2 2 6 4 6 7 3 6 5 4 4 4 8 7 1 5 7 8 3 2 8 5 9 1 8 7 3 4 1 9 2
 1 8 3 1 7 5 4 5 6 1 6 7 6 5 2 1 2 8 2 9 5 3 6 9 8 1]
[50, 13, 25, 50, 18, 30, 50, 27, 50, 38, 21, 43, 47, 20, 11, 40, 39, 50, 46, 47, 50, 50, 47, 28, 14, 21, 50, 49, 50, 50, 28, 50, 50, 50, 45, 50, 50, 50, 50, 50, 31, 21, 50, 36, 50, 10, 50, 50, 50, 30, 32, 35, 50, 24, 47, 50, 42, 50, 50, 22, 50, 11, 50, 50, 50, 37, 50, 50, 50, 50, 50, 35, 50, 30, 40, 32, 18, 50, 50, 50, 14, 18, 50, 50, 21, 50, 50, 50, 46, 50, 43, 47, 39, 24, 33, 48, 25, 24, 38, 50]
[0 0 0 0 0 0 0 0 0 0 0 0 0 0 0 0 0 0 0 0 0 0 0 0 0 0 0 0 0 0 0 0 0 0 0 0 0
 0 0 0 0 0 0 0 0 0 0 0 0 0 0 0 0 0 0 0 0 0 0 0 0 0 0 0 0 0 0 0 0 0 0 0 0 0
 0 0 0 0 0 0 0 0 0 0 0 0 0 0 0 0 0 0 0 0 0 0 0 0 0 0]
[1 1 1 1 1 1 1 1 1 1 1 1 1 1 1 1 1 1 1 1 1 1 1 1 1 1 1 1 1 1 1 1 1 1 1 1 1
 1 1 1 1 1 1 1 1 1 1 1 1 1 1 1 1 1 1 1 1 1 1 1 1 1 1 1 1 1 1 1 1 1 1 1 1 1
 1 1 1 1 1 1 1 1 1 1 1 1 1 1 1 1 1 1 1 1 1 1 1 1 1 1]
