[ 0  1  2  3  4  5  6  7  8  9 10 11 12 13 14 15 16 17 18 19 20 21 22 23
 24 25 26 27 28 29 30 31 32 33 34 35 36 37 38 39 40 41 42 43 44 45 46 47
 48 49 50 51 52 53 54 55 56 57 58 59 60 61 62 63 64 65 66 67 68 69 70 71
 72 73 74 75 76 77 78 79 80 81 82 83 84 85 86 87 88 89 90 91 92 93 94 95
 96 97 98 99]
[ 3 -1 48 62 -1 -1 99 -1 -1 -1 43 -1 -1 61 18 -1 15 50 -1 50 -1 -1 79 86
 -1 40  0 47 -1 -1 84 -1 -1 20  4 76 -1 24 78 -1 95 23 29 -1 43 -1 -1 52
 72 -1 18 41 19 55 13 22 68 -1 34 83 -1 -1 -1  5 53 -1 78 71 77 -1 56 10
 71 20 64  5 49 80 -1 44 39 -1  9 45 -1 -1 72 -1 -1 91 -1 84 52 14 -1  4
 47 -1 31 -1]
[0 1 0 1 1 1 0 1 0 0 0 0 0 1 1 0 0 0 1 1 1 1 1 1 1 1 0 1 1 0 1 0 1 1 0 0 1
 1 0 0 1 1 0 0 1 1 1 0 1 1 0 0 0 0 0 1 0 0 1 1 0 1 0 1 1 0 1 0 1 0 0 0 0 1
 1 0 0 1 0 0 1 1 1 1 0 1 1 0 1 0 1 0 0 0 1 1 1 0 1 0]
[0 3 0 3 1 0 4 3 2 1 0 0 4 4 2 0 1 0 0 4 2 3 0 4 0 1 2 0 2 1 0 0 3 4 0 0 4
 3 4 2 3 0 1 0 0 0 0 0 4 2 0 2 2 2 3 0 0 0 1 2 3 4 1 0 3 4 3 1 0 2 0 2 0 0
 0 2 2 0 3 3 3 3 2 2 0 0 4 0 0 0 2 0 0 0 0 1 1 1 0 0]
[0 3 0 3 1 0 4 3 2 1 0 0 4 4 2 0 1 0 0 4 2 3 0 4 0 1 2 0 2 1 0 0 3 4 0 0 4
 3 4 2 3 0 1 0 0 0 0 0 4 2 0 2 2 2 3 0 0 0 1 2 3 4 1 0 3 4 3 1 0 2 0 2 0 0
 0 2 2 0 3 3 3 3 2 2 0 0 4 0 0 0 2 0 0 0 0 1 1 1 0 0]
[5 2 2 7 1 9 5 9 5 4 6 5 8 1 5 3 2 2 9 9 7 2 4 9 2 4 8 2 5 3 4 5 2 4 7 1 2
 8 2 1 7 7 6 6 6 7 6 8 2 9 1 3 4 2 9 3 8 4 7 3 8 8 6 2 9 6 9 9 2 3 5 7 5 2
 8 1 2 9 3 8 7 1 8 5 4 8 2 3 3 1 7 7 2 7 5 6 9 4 8 7]
[5 2 2 7 1 9 5 9 5 4 6 5 8 1 5 3 2 2 9 9 7 2 4 9 2 4 8 2 5 3 4 5 2 4 7 1 2
 8 2 1 7 7 6 6 6 7 6 8 2 9 1 3 4 2 9 3 8 4 7 3 8 8 6 2 9 6 9 9 2 3 5 7 5 2
 8 1 2 9 3 8 7 1 8 5 4 8 2 3 3 1 7 7 2 7 5 6 9 4 8 7]
[43, 50, 13, 28, 50, 46, 50, 50, 50, 50, 14, 50, 13, 50, 29, 15, 26, 36, 50, 41, 32, 50, 42, 46, 50, 48, 50, 12, 34, 26, 29, 18, 50, 19, 50, 50, 48, 50, 16, 50, 50, 50, 50, 14, 50, 50, 33, 50, 50, 18, 50, 50, 31, 50, 35, 26, 35, 39, 50, 50, 50, 50, 50, 50, 17, 15, 39, 50, 34, 24, 50, 50, 37, 50, 48, 23, 32, 26, 50, 37, 50, 50, 50, 50, 50, 50, 50, 20, 50, 50, 50, 46, 50, 50, 50, 50, 24, 23, 30, 20]
[0 0 0 0 0 0 0 0 0 0 0 0 0 0 0 0 0 0 0 0 0 0 0 0 0 0 0 0 0 0 0 0 0 0 0 0 0
 0 0 0 0 0 0 0 0 0 0 0 0 0 0 0 0 0 0 0 0 0 0 0 0 0 0 0 0 0 0 0 0 0 0 0 0 0
 0 0 0 0 0 0 0 0 0 0 0 0 0 0 0 0 0 0 0 0 0 0 0 0 0 0]
[1 1 1 1 1 1 1 1 1 1 1 1 1 1 1 1 1 1 1 1 1 1 1 1 1 1 1 1 1 1 1 1 1 1 1 1 1
 1 1 1 1 1 1 1 1 1 1 1 1 1 1 1 1 1 1 1 1 1 1 1 1 1 1 1 1 1 1 1 1 1 1 1 1 1
 1 1 1 1 1 1 1 1 1 1 1 1 1 1 1 1 1 1 1 1 1 1 1 1 1 1]
