[ 0  1  2  3  4  5  6  7  8  9 10 11 12 13 14 15 16 17 18 19 20 21 22 23
 24 25 26 27 28 29 30 31 32 33 34 35 36 37 38 39 40 41 42 43 44 45 46 47
 48 49 50 51 52 53 54 55 56 57 58 59 60 61 62 63 64 65 66 67 68 69 70 71
 72 73 74 75 76 77 78 79 80 81 82 83 84 85 86 87 88 89 90 91 92 93 94 95
 96 97 98 99]
[52 -1 99 60 19 -1 -1 -1 18 -1 15  4 50 97 -1 -1 63 70 88 -1 -1 -1 75 61
 -1 73 88  9 12 -1 -1 72 -1 90 89  6 97 -1 78 21 46 72 -1 -1 -1  5  4  8
 -1 90 -1 -1  7  3 58 59 67 -1 82  6 90 -1 28 51  4 62  3 -1 81 25 -1 -1
 -1  0 50 63 26  5 77 68 34 75 79 23 71 99 18  4 37 48 -1 42 29 69 -1 -1
 42 42 11 -1]
[1 0 0 0 1 0 1 0 1 0 0 0 1 0 0 0 0 0 1 1 0 0 0 1 1 1 0 0 1 0 1 0 1 1 0 0 0
 1 1 0 1 0 1 0 0 0 1 1 1 1 0 0 0 0 0 1 0 0 1 1 1 0 1 1 1 1 1 1 1 0 1 0 0 0
 0 0 1 0 1 1 1 1 1 1 0 1 1 1 1 0 1 0 0 1 0 1 0 1 0 0]
[0 0 0 3 0 0 3 3 2 0 2 0 0 0 0 4 4 0 0 0 0 3 3 2 3 0 1 0 0 0 4 2 4 0 4 0 4
 0 2 3 0 0 1 0 0 2 0 2 0 0 1 3 0 4 0 0 4 4 0 3 0 2 0 0 0 0 0 0 3 2 0 0 0 0
 0 0 3 3 0 0 2 2 0 0 0 0 4 0 4 0 3 2 0 4 0 3 0 0 2 1]
[0 0 0 3 0 0 3 3 2 0 2 0 0 0 0 4 4 0 0 0 0 3 3 2 3 0 1 0 0 0 4 2 4 0 4 0 4
 0 2 3 0 0 1 0 0 2 0 2 0 0 1 3 0 4 0 0 4 4 0 3 0 2 0 0 0 0 0 0 3 2 0 0 0 0
 0 0 3 3 0 0 2 2 0 0 0 0 4 0 4 0 3 2 0 4 0 3 0 0 2 1]
[2 4 5 1 4 6 9 2 2 2 9 6 9 4 5 4 7 6 1 1 3 8 8 6 7 8 2 4 6 3 3 5 1 2 9 9 1
 6 3 8 7 7 2 5 2 8 9 5 6 7 4 3 4 5 9 5 7 1 2 8 8 6 5 5 5 7 8 9 9 7 5 2 2 8
 8 7 9 1 4 3 7 7 7 3 5 5 8 3 4 2 2 5 4 6 7 7 8 9 1 1]
[2 4 5 1 4 6 9 2 2 2 9 6 9 4 5 4 7 6 1 1 3 8 8 6 7 8 2 4 6 3 3 5 1 2 9 9 1
 6 3 8 7 7 2 5 2 8 9 5 6 7 4 3 4 5 9 5 7 1 2 8 8 6 5 5 5 7 8 9 9 7 5 2 2 8
 8 7 9 1 4 3 7 7 7 3 5 5 8 3 4 2 2 5 4 6 7 7 8 9 1 1]
[46, 50, 36, 40, 32, 17, 27, 36, 42, 23, 50, 26, 50, 19, 50, 50, 50, 50, 50, 21, 50, 48, 32, 50, 15, 46, 50, 50, 50, 50, 50, 40, 46, 35, 32, 34, 50, 50, 38, 50, 50, 50, 37, 50, 50, 50, 50, 50, 50, 44, 50, 50, 38, 11, 50, 50, 50, 41, 26, 30, 35, 42, 50, 50, 50, 41, 50, 26, 10, 40, 50, 29, 50, 50, 37, 16, 27, 31, 15, 47, 27, 50, 21, 50, 22, 30, 50, 50, 45, 38, 50, 43, 14, 50, 50, 24, 11, 50, 37, 34]
[0 0 0 0 0 0 0 0 0 0 0 0 0 0 0 0 0 0 0 0 0 0 0 0 0 0 0 0 0 0 0 0 0 0 0 0 0
 0 0 0 0 0 0 0 0 0 0 0 0 0 0 0 0 0 0 0 0 0 0 0 0 0 0 0 0 0 0 0 0 0 0 0 0 0
 0 0 0 0 0 0 0 0 0 0 0 0 0 0 0 0 0 0 0 0 0 0 0 0 0 0]
[1 1 1 1 1 1 1 1 1 1 1 1 1 1 1 1 1 1 1 1 1 1 1 1 1 1 1 1 1 1 1 1 1 1 1 1 1
 1 1 1 1 1 1 1 1 1 1 1 1 1 1 1 1 1 1 1 1 1 1 1 1 1 1 1 1 1 1 1 1 1 1 1 1 1
 1 1 1 1 1 1 1 1 1 1 1 1 1 1 1 1 1 1 1 1 1 1 1 1 1 1]
