[ 0  1  2  3  4  5  6  7  8  9 10 11 12 13 14 15 16 17 18 19 20 21 22 23
 24 25 26 27 28 29 30 31 32 33 34 35 36 37 38 39 40 41 42 43 44 45 46 47
 48 49 50 51 52 53 54 55 56 57 58 59 60 61 62 63 64 65 66 67 68 69 70 71
 72 73 74 75 76 77 78 79 80 81 82 83 84 85 86 87 88 89 90 91 92 93 94 95
 96 97 98 99]
[-1 18 14 -1 -1 -1 85 29 58 -1 52 97 -1 77 46 -1 14 -1 90  8 -1 74 61 77
  7 19 66 18 23 22 -1 15 78 97 44 76  1 90 77 -1 99 32 62 91 -1 -1 30 -1
 16 -1  2  5  8 -1 -1 -1 73 -1  0 32 -1 13 -1 47 -1 -1 43 56 11 -1 -1 -1
 69 77 -1 33 23 -1 13 18  3 94 -1 -1 95 -1 69  0 71  2 10  0 91 -1 41 42
 -1 83 20 11]
[1 1 0 1 1 1 0 0 1 1 1 1 1 0 1 0 0 0 1 0 0 0 0 1 0 0 1 0 1 1 0 0 0 0 0 1 0
 1 0 0 0 1 1 0 0 0 0 1 1 1 0 1 0 1 1 1 0 0 0 0 1 0 0 1 0 1 1 1 0 0 1 1 1 0
 0 1 0 0 0 1 1 0 0 1 0 0 1 0 0 1 0 0 0 0 1 0 1 0 0 1]
[3 0 0 0 4 0 4 3 0 0 1 2 1 2 3 2 3 0 0 0 0 0 2 4 0 4 0 4 0 0 2 2 0 4 2 0 2
 2 3 0 0 0 0 3 0 0 3 1 2 4 3 0 1 3 3 4 0 3 2 1 3 2 4 0 2 0 0 0 2 0 1 2 0 0
 0 4 0 1 0 0 0 0 2 0 2 0 0 2 0 2 1 0 0 0 2 0 0 0 3 0]
[3 0 0 0 4 0 4 3 0 0 1 2 1 2 3 2 3 0 0 0 0 0 2 4 0 4 0 4 0 0 2 2 0 4 2 0 2
 2 3 0 0 0 0 3 0 0 3 1 2 4 3 0 1 3 3 4 0 3 2 1 3 2 4 0 2 0 0 0 2 0 1 2 0 0
 0 4 0 1 0 0 0 0 2 0 2 0 0 2 0 2 1 0 0 0 2 0 0 0 3 0]
[5 5 2 2 5 7 8 4 5 3 8 1 2 6 6 1 7 7 7 9 2 9 5 2 9 5 5 4 2 3 8 6 7 6 3 3 3
 5 5 2 6 6 8 4 8 4 5 3 1 4 8 3 3 1 2 7 6 8 2 4 4 3 2 7 7 8 5 1 6 8 9 6 7 3
 6 9 2 3 9 3 5 1 6 1 5 1 6 2 1 1 8 2 2 3 1 9 3 1 6 1]
[5 5 2 2 5 7 8 4 5 3 8 1 2 6 6 1 7 7 7 9 2 9 5 2 9 5 5 4 2 3 8 6 7 6 3 3 3
 5 5 2 6 6 8 4 8 4 5 3 1 4 8 3 3 1 2 7 6 8 2 4 4 3 2 7 7 8 5 1 6 8 9 6 7 3
 6 9 2 3 9 3 5 1 6 1 5 1 6 2 1 1 8 2 2 3 1 9 3 1 6 1]
[13, 23, 50, 50, 50, 50, 50, 50, 50, 50, 50, 23, 50, 13, 50, 29, 50, 48, 50, 36, 50, 50, 50, 12, 50, 50, 50, 50, 22, 13, 50, 41, 50, 11, 23, 50, 47, 35, 41, 50, 50, 43, 50, 31, 50, 50, 38, 50, 46, 50, 50, 23, 50, 24, 28, 50, 44, 50, 37, 50, 50, 50, 20, 41, 50, 17, 50, 50, 18, 50, 50, 11, 27, 43, 50, 50, 50, 50, 39, 11, 50, 30, 41, 41, 50, 50, 24, 18, 14, 22, 31, 18, 50, 45, 50, 16, 50, 50, 29, 50]
[0 0 0 0 0 0 0 0 0 0 0 0 0 0 0 0 0 0 0 0 0 0 0 0 0 0 0 0 0 0 0 0 0 0 0 0 0
 0 0 0 0 0 0 0 0 0 0 0 0 0 0 0 0 0 0 0 0 0 0 0 0 0 0 0 0 0 0 0 0 0 0 0 0 0
 0 0 0 0 0 0 0 0 0 0 0 0 0 0 0 0 0 0 0 0 0 0 0 0 0 0]
[1 1 1 1 1 1 1 1 1 1 1 1 1 1 1 1 1 1 1 1 1 1 1 1 1 1 1 1 1 1 1 1 1 1 1 1 1
 1 1 1 1 1 1 1 1 1 1 1 1 1 1 1 1 1 1 1 1 1 1 1 1 1 1 1 1 1 1 1 1 1 1 1 1 1
 1 1 1 1 1 1 1 1 1 1 1 1 1 1 1 1 1 1 1 1 1 1 1 1 1 1]
