[ 0  1  2  3  4  5  6  7  8  9 10 11 12 13 14 15 16 17 18 19 20 21 22 23
 24 25 26 27 28 29 30 31 32 33 34 35 36 37 38 39 40 41 42 43 44 45 46 47
 48 49 50 51 52 53 54 55 56 57 58 59 60 61 62 63 64 65 66 67 68 69 70 71
 72 73 74 75 76 77 78 79 80 81 82 83 84 85 86 87 88 89 90 91 92 93 94 95
 96 97 98 99]
[81 -1 79 88 90 58 -1 34 89  2 61 -1 -1 43 46 -1 84 71 74 97 -1 20 56 76
 -1 57 76 25 -1 84 -1 15 21  4 -1 -1 -1 70 -1 71 -1 58 -1 -1 59 50 -1 39
 75 32 26 94 -1 -1 -1 88 -1 40 -1 -1 -1 71 30 97 90 72 84 10 -1 -1 89 89
 -1 81  7 51 -1 50 -1 97 78 35 -1 -1 -1 99  1 19 93 90 -1 11 19 35 -1 71
 86 -1 79 38]
[1 0 0 1 0 0 1 0 0 1 0 1 1 0 0 0 0 1 0 0 0 1 1 0 0 1 0 1 0 1 1 1 1 0 1 0 0
 0 0 1 0 1 0 0 1 1 0 0 1 1 0 0 1 1 0 0 0 0 0 0 1 0 1 1 0 1 0 0 0 1 0 0 1 1
 1 1 1 0 1 1 1 1 1 0 1 0 0 1 1 1 1 1 0 0 0 1 1 1 0 1]
[0 2 0 0 1 0 2 2 0 0 0 2 1 3 0 3 0 2 2 0 3 0 3 1 0 2 3 1 0 3 4 3 2 4 0 0 4
 1 3 0 2 0 0 3 0 4 3 4 0 0 0 0 0 0 1 1 0 1 0 1 0 0 0 3 1 0 1 2 0 3 0 0 4 2
 0 0 0 4 2 0 0 0 0 0 2 0 0 4 1 3 2 0 0 0 0 0 1 2 4 0]
[0 2 0 0 1 0 2 2 0 0 0 2 1 3 0 3 0 2 2 0 3 0 3 1 0 2 3 1 0 3 4 3 2 4 0 0 4
 1 3 0 2 0 0 3 0 4 3 4 0 0 0 0 0 0 1 1 0 1 0 1 0 0 0 3 1 0 1 2 0 3 0 0 4 2
 0 0 0 4 2 0 0 0 0 0 2 0 0 4 1 3 2 0 0 0 0 0 1 2 4 0]
[6 9 4 5 8 8 3 3 5 8 2 9 7 6 5 6 4 8 6 6 3 6 6 4 3 1 6 7 5 1 5 9 6 2 6 7 3
 8 1 9 1 8 4 4 8 1 2 6 9 6 9 3 9 5 5 9 6 3 4 6 1 6 2 3 5 4 8 3 2 9 1 5 3 7
 5 1 4 6 3 3 6 5 8 5 2 6 9 3 8 2 5 7 1 1 7 2 3 8 9 8]
[6 9 4 5 8 8 3 3 5 8 2 9 7 6 5 6 4 8 6 6 3 6 6 4 3 1 6 7 5 1 5 9 6 2 6 7 3
 8 1 9 1 8 4 4 8 1 2 6 9 6 9 3 9 5 5 9 6 3 4 6 1 6 2 3 5 4 8 3 2 9 1 5 3 7
 5 1 4 6 3 3 6 5 8 5 2 6 9 3 8 2 5 7 1 1 7 2 3 8 9 8]
[50, 29, 39, 45, 27, 16, 50, 50, 45, 25, 50, 37, 37, 50, 36, 42, 50, 31, 34, 46, 50, 50, 26, 11, 17, 50, 15, 50, 50, 50, 50, 50, 44, 18, 34, 29, 50, 37, 50, 45, 14, 50, 42, 26, 50, 27, 50, 16, 33, 37, 18, 50, 48, 50, 44, 35, 41, 50, 41, 50, 14, 50, 50, 50, 50, 50, 50, 35, 50, 50, 50, 14, 12, 50, 30, 50, 50, 50, 41, 45, 24, 29, 50, 14, 46, 50, 43, 11, 50, 50, 50, 25, 32, 50, 50, 50, 50, 48, 50, 50]
[0 0 0 0 0 0 0 0 0 0 0 0 0 0 0 0 0 0 0 0 0 0 0 0 0 0 0 0 0 0 0 0 0 0 0 0 0
 0 0 0 0 0 0 0 0 0 0 0 0 0 0 0 0 0 0 0 0 0 0 0 0 0 0 0 0 0 0 0 0 0 0 0 0 0
 0 0 0 0 0 0 0 0 0 0 0 0 0 0 0 0 0 0 0 0 0 0 0 0 0 0]
[1 1 1 1 1 1 1 1 1 1 1 1 1 1 1 1 1 1 1 1 1 1 1 1 1 1 1 1 1 1 1 1 1 1 1 1 1
 1 1 1 1 1 1 1 1 1 1 1 1 1 1 1 1 1 1 1 1 1 1 1 1 1 1 1 1 1 1 1 1 1 1 1 1 1
 1 1 1 1 1 1 1 1 1 1 1 1 1 1 1 1 1 1 1 1 1 1 1 1 1 1]
