[ 0  1  2  3  4  5  6  7  8  9 10 11 12 13 14 15 16 17 18 19 20 21 22 23
 24 25 26 27 28 29 30 31 32 33 34 35 36 37 38 39 40 41 42 43 44 45 46 47
 48 49 50 51 52 53 54 55 56 57 58 59 60 61 62 63 64 65 66 67 68 69 70 71
 72 73 74 75 76 77 78 79 80 81 82 83 84 85 86 87 88 89 90 91 92 93 94 95
 96 97 98 99]
[29 93 46 48 29 98  2 53 63 38 64 -1 -1 -1 -1 33 53 -1 -1 -1 -1 19 46 47
 60 59 -1 -1 99 -1 -1 71 -1 16 -1 -1 -1 80 86 -1 -1 43  6 68  2 65 -1 49
 69 12 48 -1 28 71 50 -1 46 48 -1 -1 90 -1 89 98 68 -1 69 43 13 -1 90 14
 38 40 -1 63 68 94 27 75 31 30 18 98 28 48 -1 85 90 84 43 49 82  9 -1 71
 -1 84 36 38]
[0 0 0 1 1 0 0 1 0 0 1 1 1 0 0 1 0 1 0 0 1 0 0 0 1 1 1 0 0 0 0 0 0 0 0 0 1
 0 0 0 1 0 1 1 0 0 0 1 1 0 1 1 1 0 1 0 0 1 0 1 0 0 1 1 1 1 1 1 0 0 1 1 0 0
 1 1 1 1 1 0 1 1 1 0 1 1 1 0 0 0 0 1 1 0 1 0 1 1 0 0]
[3 0 2 0 2 0 4 4 0 4 0 0 2 1 0 0 0 0 0 1 0 1 0 0 3 0 0 0 4 3 4 0 3 0 0 2 3
 1 3 0 4 3 3 0 2 2 2 0 0 0 4 0 4 0 4 0 0 0 4 0 2 1 1 0 3 0 0 0 3 1 0 0 0 2
 1 0 0 0 0 3 4 3 0 0 4 0 2 4 4 0 2 0 0 3 0 3 3 0 0 0]
[3 0 2 0 2 0 4 4 0 4 0 0 2 1 0 0 0 0 0 1 0 1 0 0 3 0 0 0 4 3 4 0 3 0 0 2 3
 1 3 0 4 3 3 0 2 2 2 0 0 0 4 0 4 0 4 0 0 0 4 0 2 1 1 0 3 0 0 0 3 1 0 0 0 2
 1 0 0 0 0 3 4 3 0 0 4 0 2 4 4 0 2 0 0 3 0 3 3 0 0 0]
[5 1 4 7 8 3 6 8 5 4 7 6 9 5 3 4 9 4 6 5 5 7 9 7 1 6 8 1 5 3 7 4 7 9 4 1 5
 1 3 3 4 4 9 5 7 2 7 6 1 3 3 7 2 6 7 7 3 9 9 8 4 3 3 2 2 3 3 1 2 7 7 1 2 8
 2 2 8 4 9 4 5 6 8 2 3 7 3 5 6 9 7 4 3 6 9 5 8 1 4 5]
[5 1 4 7 8 3 6 8 5 4 7 6 9 5 3 4 9 4 6 5 5 7 9 7 1 6 8 1 5 3 7 4 7 9 4 1 5
 1 3 3 4 4 9 5 7 2 7 6 1 3 3 7 2 6 7 7 3 9 9 8 4 3 3 2 2 3 3 1 2 7 7 1 2 8
 2 2 8 4 9 4 5 6 8 2 3 7 3 5 6 9 7 4 3 6 9 5 8 1 4 5]
[40, 11, 50, 37, 40, 29, 50, 50, 40, 46, 50, 30, 39, 12, 50, 50, 50, 50, 21, 33, 46, 35, 46, 38, 50, 45, 50, 26, 50, 50, 50, 41, 45, 31, 18, 29, 33, 10, 50, 14, 43, 34, 50, 22, 50, 37, 50, 50, 50, 33, 44, 50, 50, 50, 18, 50, 16, 38, 50, 23, 21, 50, 50, 50, 36, 48, 50, 50, 37, 31, 50, 15, 47, 43, 25, 50, 22, 45, 50, 50, 50, 43, 38, 50, 50, 50, 50, 50, 50, 50, 15, 50, 50, 18, 50, 47, 50, 15, 50, 11]
[0 0 0 0 0 0 0 0 0 0 0 0 0 0 0 0 0 0 0 0 0 0 0 0 0 0 0 0 0 0 0 0 0 0 0 0 0
 0 0 0 0 0 0 0 0 0 0 0 0 0 0 0 0 0 0 0 0 0 0 0 0 0 0 0 0 0 0 0 0 0 0 0 0 0
 0 0 0 0 0 0 0 0 0 0 0 0 0 0 0 0 0 0 0 0 0 0 0 0 0 0]
[1 1 1 1 1 1 1 1 1 1 1 1 1 1 1 1 1 1 1 1 1 1 1 1 1 1 1 1 1 1 1 1 1 1 1 1 1
 1 1 1 1 1 1 1 1 1 1 1 1 1 1 1 1 1 1 1 1 1 1 1 1 1 1 1 1 1 1 1 1 1 1 1 1 1
 1 1 1 1 1 1 1 1 1 1 1 1 1 1 1 1 1 1 1 1 1 1 1 1 1 1]
