[ 0  1  2  3  4  5  6  7  8  9 10 11 12 13 14 15 16 17 18 19 20 21 22 23
 24 25 26 27 28 29 30 31 32 33 34 35 36 37 38 39 40 41 42 43 44 45 46 47
 48 49 50 51 52 53 54 55 56 57 58 59 60 61 62 63 64 65 66 67 68 69 70 71
 72 73 74 75 76 77 78 79 80 81 82 83 84 85 86 87 88 89 90 91 92 93 94 95
 96 97 98 99]
[58 79 59 55 -1 66 76 -1 37 -1 -1 -1 64 -1 -1 22 26 97 69  0 -1 26 -1 13
 -1 46 50 42 98 84 -1 -1 -1 -1 65 -1 -1 18 -1 -1 41 43 50 49 -1 47 41 95
 -1 57 11 -1 -1  6  8 -1 -1 92 45 37 -1 -1 54 -1 91 18 49 41 -1 -1 -1 -1
  7 23 -1 43 -1 48 -1 23 -1  2 -1 45 -1 58 94 70  8 73 -1 -1 48 12 58 55
 10 -1 22 -1]
[1 0 1 0 1 0 1 1 0 0 0 0 1 0 0 1 1 0 1 0 0 1 0 0 1 0 1 0 1 0 1 0 1 0 0 0 0
 0 1 0 0 1 0 1 1 1 0 1 0 1 0 1 1 1 0 1 1 0 0 1 0 0 0 1 1 0 0 0 1 0 0 1 0 1
 1 0 1 1 0 0 0 0 1 1 0 0 0 1 0 1 0 0 1 1 0 0 1 0 0 1]
[0 2 0 0 0 2 3 2 0 4 0 0 1 4 0 0 0 2 1 0 0 4 0 1 0 0 4 0 0 1 0 0 0 4 2 0 0
 0 1 2 0 2 1 0 4 0 0 0 2 0 2 3 0 4 0 1 1 0 0 0 1 0 1 0 4 2 0 0 2 2 4 2 0 0
 4 0 0 0 0 0 2 4 0 0 4 0 4 0 0 4 0 2 0 0 1 1 2 0 0 2]
[0 2 0 0 0 2 3 2 0 4 0 0 1 4 0 0 0 2 1 0 0 4 0 1 0 0 4 0 0 1 0 0 0 4 2 0 0
 0 1 2 0 2 1 0 4 0 0 0 2 0 2 3 0 4 0 1 1 0 0 0 1 0 1 0 4 2 0 0 2 2 4 2 0 0
 4 0 0 0 0 0 2 4 0 0 4 0 4 0 0 4 0 2 0 0 1 1 2 0 0 2]
[5 8 8 4 1 9 8 2 8 1 2 9 2 3 6 8 2 9 2 8 4 2 4 7 1 7 9 7 7 7 7 6 3 9 3 4 3
 5 9 3 8 9 3 2 1 2 5 2 4 9 1 8 5 1 2 6 3 8 7 3 5 2 3 1 3 3 9 2 9 9 8 7 5 4
 1 2 1 7 3 7 2 4 1 7 4 5 9 8 1 3 1 9 4 8 3 7 9 1 1 3]
[5 8 8 4 1 9 8 2 8 1 2 9 2 3 6 8 2 9 2 8 4 2 4 7 1 7 9 7 7 7 7 6 3 9 3 4 3
 5 9 3 8 9 3 2 1 2 5 2 4 9 1 8 5 1 2 6 3 8 7 3 5 2 3 1 3 3 9 2 9 9 8 7 5 4
 1 2 1 7 3 7 2 4 1 7 4 5 9 8 1 3 1 9 4 8 3 7 9 1 1 3]
[27, 49, 50, 12, 24, 44, 27, 50, 38, 48, 26, 47, 50, 25, 50, 38, 20, 50, 50, 50, 50, 50, 37, 50, 42, 50, 48, 23, 50, 50, 50, 28, 23, 50, 21, 16, 48, 50, 50, 49, 50, 50, 31, 31, 50, 33, 48, 36, 13, 12, 50, 50, 33, 27, 27, 50, 50, 42, 36, 50, 14, 18, 37, 42, 50, 45, 43, 50, 50, 41, 50, 21, 24, 35, 50, 50, 50, 23, 50, 32, 49, 43, 50, 24, 50, 20, 39, 32, 50, 50, 33, 50, 50, 50, 50, 50, 50, 46, 10, 50]
[0 0 0 0 0 0 0 0 0 0 0 0 0 0 0 0 0 0 0 0 0 0 0 0 0 0 0 0 0 0 0 0 0 0 0 0 0
 0 0 0 0 0 0 0 0 0 0 0 0 0 0 0 0 0 0 0 0 0 0 0 0 0 0 0 0 0 0 0 0 0 0 0 0 0
 0 0 0 0 0 0 0 0 0 0 0 0 0 0 0 0 0 0 0 0 0 0 0 0 0 0]
[1 1 1 1 1 1 1 1 1 1 1 1 1 1 1 1 1 1 1 1 1 1 1 1 1 1 1 1 1 1 1 1 1 1 1 1 1
 1 1 1 1 1 1 1 1 1 1 1 1 1 1 1 1 1 1 1 1 1 1 1 1 1 1 1 1 1 1 1 1 1 1 1 1 1
 1 1 1 1 1 1 1 1 1 1 1 1 1 1 1 1 1 1 1 1 1 1 1 1 1 1]
