[ 0  1  2  3  4  5  6  7  8  9 10 11 12 13 14 15 16 17 18 19 20 21 22 23
 24 25 26 27 28 29 30 31 32 33 34 35 36 37 38 39 40 41 42 43 44 45 46 47
 48 49 50 51 52 53 54 55 56 57 58 59 60 61 62 63 64 65 66 67 68 69 70 71
 72 73 74 75 76 77 78 79 80 81 82 83 84 85 86 87 88 89 90 91 92 93 94 95
 96 97 98 99]
[29 -1 -1 -1 55 29 75  0 -1 37 -1 92 -1 66 31 58 -1 46 -1 74 80 -1 27 22
 76 -1 32 -1 -1  9 96 41 -1 63 -1 79 51 -1  6 16 73 93  6 94 14 48 15 87
 36 26 42 -1 82 -1 87  6 -1 39  8 -1 22 29 25 78 -1 75 10 -1 -1 54 90 -1
 -1 99 89 -1 64 34  3 -1 -1 44 -1 50 83 28 -1 -1 -1  3  5 80 -1 27 -1 25
 88 71  3 -1]
[0 1 0 1 0 1 0 0 0 0 0 0 0 0 0 1 1 0 0 0 0 0 1 0 0 1 0 1 0 0 0 0 1 1 1 0 1
 0 0 1 1 0 0 0 1 1 0 1 1 1 1 1 1 1 1 1 0 0 1 1 0 0 0 0 0 0 1 1 0 1 0 1 1 0
 0 0 0 0 1 0 0 0 0 0 1 1 0 1 1 1 0 0 0 0 1 0 0 0 1 0]
[4 0 3 1 0 0 1 0 3 0 0 3 3 4 3 0 3 0 1 0 0 1 0 3 0 3 0 2 0 1 2 2 2 0 0 4 0
 0 0 3 1 2 2 3 0 0 0 2 0 0 1 0 1 1 2 0 2 0 3 0 2 0 1 3 2 4 0 4 3 0 2 0 0 0
 0 0 0 4 4 2 0 0 0 0 0 3 0 0 3 0 4 0 3 0 3 1 0 4 0 0]
[4 0 3 1 0 0 1 0 3 0 0 3 3 4 3 0 3 0 1 0 0 1 0 3 0 3 0 2 0 1 2 2 2 0 0 4 0
 0 0 3 1 2 2 3 0 0 0 2 0 0 1 0 1 1 2 0 2 0 3 0 2 0 1 3 2 4 0 4 3 0 2 0 0 0
 0 0 0 4 4 2 0 0 0 0 0 3 0 0 3 0 4 0 3 0 3 1 0 4 0 0]
[7 4 5 8 7 2 3 8 8 8 3 2 3 1 4 1 1 8 4 8 9 8 8 7 6 2 8 7 7 4 2 6 8 2 5 9 7
 6 5 7 6 7 4 5 1 7 4 7 5 8 4 8 6 5 4 1 6 9 2 1 9 3 9 8 1 9 9 8 7 9 7 6 3 7
 9 3 4 9 8 5 6 8 6 2 2 5 6 3 8 7 9 5 1 9 6 2 2 1 2 4]
[7 4 5 8 7 2 3 8 8 8 3 2 3 1 4 1 1 8 4 8 9 8 8 7 6 2 8 7 7 4 2 6 8 2 5 9 7
 6 5 7 6 7 4 5 1 7 4 7 5 8 4 8 6 5 4 1 6 9 2 1 9 3 9 8 1 9 9 8 7 9 7 6 3 7
 9 3 4 9 8 5 6 8 6 2 2 5 6 3 8 7 9 5 1 9 6 2 2 1 2 4]
[50, 50, 18, 21, 32, 25, 25, 13, 50, 34, 46, 49, 50, 50, 25, 32, 50, 50, 21, 39, 10, 39, 50, 50, 16, 50, 50, 39, 48, 27, 27, 16, 49, 33, 50, 21, 22, 50, 50, 43, 36, 50, 37, 22, 48, 42, 11, 50, 36, 50, 50, 48, 35, 50, 50, 13, 33, 41, 50, 48, 24, 37, 50, 50, 48, 50, 50, 49, 50, 23, 50, 50, 32, 50, 23, 50, 50, 43, 50, 50, 50, 47, 43, 50, 20, 50, 29, 50, 50, 50, 50, 50, 50, 34, 33, 31, 39, 49, 26, 50]
[0 0 0 0 0 0 0 0 0 0 0 0 0 0 0 0 0 0 0 0 0 0 0 0 0 0 0 0 0 0 0 0 0 0 0 0 0
 0 0 0 0 0 0 0 0 0 0 0 0 0 0 0 0 0 0 0 0 0 0 0 0 0 0 0 0 0 0 0 0 0 0 0 0 0
 0 0 0 0 0 0 0 0 0 0 0 0 0 0 0 0 0 0 0 0 0 0 0 0 0 0]
[1 1 1 1 1 1 1 1 1 1 1 1 1 1 1 1 1 1 1 1 1 1 1 1 1 1 1 1 1 1 1 1 1 1 1 1 1
 1 1 1 1 1 1 1 1 1 1 1 1 1 1 1 1 1 1 1 1 1 1 1 1 1 1 1 1 1 1 1 1 1 1 1 1 1
 1 1 1 1 1 1 1 1 1 1 1 1 1 1 1 1 1 1 1 1 1 1 1 1 1 1]
