[ 0  1  2  3  4  5  6  7  8  9 10 11 12 13 14 15 16 17 18 19 20 21 22 23
 24 25 26 27 28 29 30 31 32 33 34 35 36 37 38 39 40 41 42 43 44 45 46 47
 48 49 50 51 52 53 54 55 56 57 58 59 60 61 62 63 64 65 66 67 68 69 70 71
 72 73 74 75 76 77 78 79 80 81 82 83 84 85 86 87 88 89 90 91 92 93 94 95
 96 97 98 99]
[ 5 74 -1 72 68 -1 17 54 -1 69 80 50 72 32 10 -1  3 23 23 49 93 92 89 31
 -1 62  9 15  9 24 86 14 36 25 74 42 35 65  9 -1 35 -1 38 -1  6 48 33 76
 -1 48 32 -1  5 -1 59 54 88 99 80 -1 -1 97 27 -1 -1 -1 -1 37 -1 56 67 90
 46 11  5 -1 92 46 67 39 -1 -1 79 -1 -1 57 -1 31 84 25 20 26 58 -1 75 27
  2 76 71 -1]
[0 1 0 0 1 1 1 0 1 1 0 0 1 1 0 0 0 0 0 0 1 0 1 1 1 1 0 0 1 0 0 0 1 0 0 0 0
 1 0 0 0 1 1 0 0 0 0 0 1 1 0 1 1 0 1 1 0 0 1 1 1 0 0 0 0 1 1 1 0 0 1 0 1 0
 1 1 0 1 0 0 0 0 1 0 1 1 0 1 1 1 0 1 0 0 1 1 1 0 1 1]
[1 2 2 4 0 0 3 2 0 4 0 0 0 4 0 1 0 1 2 4 0 4 0 0 3 3 0 0 0 0 4 0 0 0 2 0 4
 0 3 3 0 3 3 0 0 1 4 2 4 4 0 3 3 1 0 0 0 0 1 0 2 4 3 3 4 4 1 2 0 2 0 4 0 3
 1 4 2 3 4 1 0 0 1 1 0 0 3 1 0 0 1 0 0 0 0 1 2 4 0 4]
[1 2 2 4 0 0 3 2 0 4 0 0 0 4 0 1 0 1 2 4 0 4 0 0 3 3 0 0 0 0 4 0 0 0 2 0 4
 0 3 3 0 3 3 0 0 1 4 2 4 4 0 3 3 1 0 0 0 0 1 0 2 4 3 3 4 4 1 2 0 2 0 4 0 3
 1 4 2 3 4 1 0 0 1 1 0 0 3 1 0 0 1 0 0 0 0 1 2 4 0 4]
[1 5 8 6 4 1 3 7 4 9 6 9 4 1 4 7 7 2 3 4 9 2 6 7 2 4 4 7 4 4 8 3 4 7 3 9 7
 5 7 8 5 6 4 8 7 2 4 9 4 6 4 1 5 5 8 9 9 2 3 7 1 1 2 8 6 6 1 7 4 8 4 9 2 1
 1 5 2 1 7 7 6 9 7 8 8 2 1 9 3 6 3 9 6 6 2 7 8 6 8 8]
[1 5 8 6 4 1 3 7 4 9 6 9 4 1 4 7 7 2 3 4 9 2 6 7 2 4 4 7 4 4 8 3 4 7 3 9 7
 5 7 8 5 6 4 8 7 2 4 9 4 6 4 1 5 5 8 9 9 2 3 7 1 1 2 8 6 6 1 7 4 8 4 9 2 1
 1 5 2 1 7 7 6 9 7 8 8 2 1 9 3 6 3 9 6 6 2 7 8 6 8 8]
[22, 33, 50, 38, 50, 43, 50, 23, 50, 13, 34, 50, 50, 38, 24, 15, 50, 10, 50, 50, 50, 12, 26, 50, 44, 50, 50, 50, 21, 50, 20, 50, 50, 31, 31, 45, 50, 23, 28, 49, 50, 46, 32, 50, 50, 50, 46, 50, 50, 50, 50, 16, 44, 37, 50, 50, 36, 50, 14, 18, 50, 23, 50, 50, 28, 50, 50, 50, 50, 48, 50, 32, 50, 18, 50, 26, 50, 50, 50, 50, 42, 50, 50, 50, 46, 26, 36, 21, 13, 13, 50, 19, 24, 50, 50, 44, 50, 37, 50, 42]
[0 0 0 0 0 0 0 0 0 0 0 0 0 0 0 0 0 0 0 0 0 0 0 0 0 0 0 0 0 0 0 0 0 0 0 0 0
 0 0 0 0 0 0 0 0 0 0 0 0 0 0 0 0 0 0 0 0 0 0 0 0 0 0 0 0 0 0 0 0 0 0 0 0 0
 0 0 0 0 0 0 0 0 0 0 0 0 0 0 0 0 0 0 0 0 0 0 0 0 0 0]
[1 1 1 1 1 1 1 1 1 1 1 1 1 1 1 1 1 1 1 1 1 1 1 1 1 1 1 1 1 1 1 1 1 1 1 1 1
 1 1 1 1 1 1 1 1 1 1 1 1 1 1 1 1 1 1 1 1 1 1 1 1 1 1 1 1 1 1 1 1 1 1 1 1 1
 1 1 1 1 1 1 1 1 1 1 1 1 1 1 1 1 1 1 1 1 1 1 1 1 1 1]
