[ 0  1  2  3  4  5  6  7  8  9 10 11 12 13 14 15 16 17 18 19 20 21 22 23
 24 25 26 27 28 29 30 31 32 33 34 35 36 37 38 39 40 41 42 43 44 45 46 47
 48 49 50 51 52 53 54 55 56 57 58 59 60 61 62 63 64 65 66 67 68 69 70 71
 72 73 74 75 76 77 78 79 80 81 82 83 84 85 86 87 88 89 90 91 92 93 94 95
 96 97 98 99]
[65 63 73 -1 31 25 -1 95 72 16 -1 -1 29 -1 21 91 -1 10 25 -1 -1 -1 45 -1
 70 70 -1 -1 -1 27 -1 15 12 -1 -1  8 72 63 -1 23 -1 -1 48 -1 -1 54 -1  2
 89 -1 -1 -1 -1 -1 94 -1  8 -1 36 67 -1  4 -1 -1 93 93 -1 -1 58 62 -1 -1
 -1  6 79  1 -1 32 84 57 37 80 -1 82 17 71 -1 72 -1 34 60 -1 -1 -1 12 -1
 73 83 67 48]
[0 1 1 1 1 1 1 1 0 0 0 1 0 1 1 0 0 1 0 1 1 1 0 1 1 0 0 1 0 1 1 1 1 0 0 0 0
 0 1 1 1 1 1 1 1 0 0 1 0 0 0 1 1 1 0 1 0 1 0 0 1 0 0 1 1 0 0 0 0 0 0 0 1 1
 1 1 0 0 0 1 0 1 0 0 0 1 0 0 1 0 1 1 0 0 0 0 0 1 0 0]
[2 0 0 0 0 4 0 2 0 1 0 0 0 0 0 4 2 0 3 0 0 0 0 3 2 0 0 4 2 0 0 0 0 0 1 2 0
 1 2 3 0 2 2 2 3 0 4 3 2 3 1 3 3 1 1 0 0 0 3 0 0 0 2 0 3 1 0 0 0 0 2 2 4 0
 0 0 0 1 0 0 0 2 1 1 4 1 1 0 0 2 2 1 0 1 0 2 4 0 0 2]
[2 0 0 0 0 4 0 2 0 1 0 0 0 0 0 4 2 0 3 0 0 0 0 3 2 0 0 4 2 0 0 0 0 0 1 2 0
 1 2 3 0 2 2 2 3 0 4 3 2 3 1 3 3 1 1 0 0 0 3 0 0 0 2 0 3 1 0 0 0 0 2 2 4 0
 0 0 0 1 0 0 0 2 1 1 4 1 1 0 0 2 2 1 0 1 0 2 4 0 0 2]
[5 6 2 8 6 8 6 3 8 9 2 7 2 1 2 2 9 5 6 3 6 8 4 1 9 6 2 1 4 6 2 6 3 2 5 4 7
 6 6 4 7 1 2 9 8 7 2 8 9 5 3 9 5 7 7 1 3 3 7 9 3 9 6 4 6 8 6 4 8 9 6 8 1 9
 5 2 3 1 3 7 7 6 5 1 7 2 1 8 3 6 8 5 2 7 9 7 1 8 1 5]
[5 6 2 8 6 8 6 3 8 9 2 7 2 1 2 2 9 5 6 3 6 8 4 1 9 6 2 1 4 6 2 6 3 2 5 4 7
 6 6 4 7 1 2 9 8 7 2 8 9 5 3 9 5 7 7 1 3 3 7 9 3 9 6 4 6 8 6 4 8 9 6 8 1 9
 5 2 3 1 3 7 7 6 5 1 7 2 1 8 3 6 8 5 2 7 9 7 1 8 1 5]
[46, 35, 47, 50, 25, 39, 29, 50, 50, 50, 18, 50, 36, 15, 17, 22, 50, 15, 50, 29, 26, 30, 48, 48, 50, 33, 22, 50, 38, 50, 50, 50, 50, 41, 12, 50, 50, 42, 48, 50, 50, 14, 50, 50, 50, 50, 31, 50, 34, 50, 50, 48, 50, 50, 35, 50, 14, 49, 18, 44, 50, 20, 50, 31, 50, 30, 33, 34, 50, 47, 28, 50, 29, 50, 43, 50, 50, 47, 50, 50, 13, 36, 50, 17, 50, 19, 35, 50, 50, 50, 47, 39, 50, 28, 50, 15, 11, 50, 50, 50]
[0 0 0 0 0 0 0 0 0 0 0 0 0 0 0 0 0 0 0 0 0 0 0 0 0 0 0 0 0 0 0 0 0 0 0 0 0
 0 0 0 0 0 0 0 0 0 0 0 0 0 0 0 0 0 0 0 0 0 0 0 0 0 0 0 0 0 0 0 0 0 0 0 0 0
 0 0 0 0 0 0 0 0 0 0 0 0 0 0 0 0 0 0 0 0 0 0 0 0 0 0]
[1 1 1 1 1 1 1 1 1 1 1 1 1 1 1 1 1 1 1 1 1 1 1 1 1 1 1 1 1 1 1 1 1 1 1 1 1
 1 1 1 1 1 1 1 1 1 1 1 1 1 1 1 1 1 1 1 1 1 1 1 1 1 1 1 1 1 1 1 1 1 1 1 1 1
 1 1 1 1 1 1 1 1 1 1 1 1 1 1 1 1 1 1 1 1 1 1 1 1 1 1]
