[ 0  1  2  3  4  5  6  7  8  9 10 11 12 13 14 15 16 17 18 19 20 21 22 23
 24 25 26 27 28 29 30 31 32 33 34 35 36 37 38 39 40 41 42 43 44 45 46 47
 48 49 50 51 52 53 54 55 56 57 58 59 60 61 62 63 64 65 66 67 68 69 70 71
 72 73 74 75 76 77 78 79 80 81 82 83 84 85 86 87 88 89 90 91 92 93 94 95
 96 97 98 99]
[31 85  1 -1 -1 -1 80 77 96 13 76 -1 93 51 -1 64 -1 35 85 96 65 59 51 24
 40 -1 63  0 -1 63 18 12 -1 23 79 66 85 -1 55 95 -1 77 36 -1  3 -1  8 94
 24  3 94 57 -1 13 -1 98 -1 40  6 -1 54 -1  5 58 65 47 36 85  1 -1 34 40
 89 72 -1 70 -1 -1 -1 74 69 69 43 -1 64 50 89  2 -1 58 -1 69 46 60 -1 -1
 44 66 -1 58]
[0 0 1 1 0 0 0 0 1 0 1 1 0 0 0 0 0 1 0 1 1 1 0 1 1 0 1 1 1 1 1 0 0 0 1 1 0
 1 0 1 0 0 1 0 1 1 0 1 0 0 0 1 0 0 0 1 1 1 1 0 0 1 1 0 1 0 0 1 0 1 1 1 0 0
 0 0 0 0 0 1 0 1 1 1 1 1 0 0 1 1 1 0 0 1 0 1 0 1 1 1]
[0 3 1 4 0 0 4 0 4 0 3 3 4 1 0 3 0 0 4 2 3 0 2 0 0 0 0 3 3 0 4 1 0 1 2 0 2
 1 0 2 0 2 3 1 3 0 0 0 1 3 1 0 0 3 1 0 0 2 4 1 0 0 2 0 0 1 0 2 1 0 0 1 0 2
 0 1 3 0 1 1 4 4 1 4 3 0 4 0 2 3 3 0 0 0 0 3 3 3 4 2]
[0 3 1 4 0 0 4 0 4 0 3 3 4 1 0 3 0 0 4 2 3 0 2 0 0 0 0 3 3 0 4 1 0 1 2 0 2
 1 0 2 0 2 3 1 3 0 0 0 1 3 1 0 0 3 1 0 0 2 4 1 0 0 2 0 0 1 0 2 1 0 0 1 0 2
 0 1 3 0 1 1 4 4 1 4 3 0 4 0 2 3 3 0 0 0 0 3 3 3 4 2]
[3 3 6 7 8 3 6 3 8 6 7 4 4 1 2 7 2 9 7 3 9 4 5 2 8 7 4 1 8 1 1 2 2 8 8 6 8
 2 6 7 6 7 6 5 9 3 6 6 9 7 4 2 7 7 8 4 5 4 7 3 8 1 3 9 3 9 8 1 3 8 2 9 8 8
 2 9 7 4 6 6 8 4 7 9 3 9 2 2 5 5 6 3 8 2 2 8 8 3 8 1]
[3 3 6 7 8 3 6 3 8 6 7 4 4 1 2 7 2 9 7 3 9 4 5 2 8 7 4 1 8 1 1 2 2 8 8 6 8
 2 6 7 6 7 6 5 9 3 6 6 9 7 4 2 7 7 8 4 5 4 7 3 8 1 3 9 3 9 8 1 3 8 2 9 8 8
 2 9 7 4 6 6 8 4 7 9 3 9 2 2 5 5 6 3 8 2 2 8 8 3 8 1]
[50, 27, 46, 40, 50, 50, 50, 34, 50, 41, 50, 50, 42, 50, 19, 50, 50, 20, 23, 20, 50, 50, 11, 50, 50, 50, 21, 50, 50, 50, 50, 20, 28, 50, 22, 50, 50, 35, 38, 50, 40, 50, 50, 50, 46, 50, 50, 50, 15, 28, 50, 50, 50, 50, 23, 50, 50, 23, 50, 50, 50, 14, 50, 50, 50, 50, 48, 10, 30, 50, 50, 50, 50, 22, 11, 50, 35, 17, 50, 50, 40, 44, 49, 37, 16, 42, 18, 50, 18, 50, 21, 50, 50, 50, 13, 15, 50, 50, 20, 18]
[0 0 0 0 0 0 0 0 0 0 0 0 0 0 0 0 0 0 0 0 0 0 0 0 0 0 0 0 0 0 0 0 0 0 0 0 0
 0 0 0 0 0 0 0 0 0 0 0 0 0 0 0 0 0 0 0 0 0 0 0 0 0 0 0 0 0 0 0 0 0 0 0 0 0
 0 0 0 0 0 0 0 0 0 0 0 0 0 0 0 0 0 0 0 0 0 0 0 0 0 0]
[1 1 1 1 1 1 1 1 1 1 1 1 1 1 1 1 1 1 1 1 1 1 1 1 1 1 1 1 1 1 1 1 1 1 1 1 1
 1 1 1 1 1 1 1 1 1 1 1 1 1 1 1 1 1 1 1 1 1 1 1 1 1 1 1 1 1 1 1 1 1 1 1 1 1
 1 1 1 1 1 1 1 1 1 1 1 1 1 1 1 1 1 1 1 1 1 1 1 1 1 1]
