[ 0  1  2  3  4  5  6  7  8  9 10 11 12 13 14 15 16 17 18 19 20 21 22 23
 24 25 26 27 28 29 30 31 32 33 34 35 36 37 38 39 40 41 42 43 44 45 46 47
 48 49 50 51 52 53 54 55 56 57 58 59 60 61 62 63 64 65 66 67 68 69 70 71
 72 73 74 75 76 77 78 79 80 81 82 83 84 85 86 87 88 89 90 91 92 93 94 95
 96 97 98 99]
[12 -1 99 98  9 61 55  6 -1 65 94 12 76 29 -1 55 38 27 69 35 -1 80 -1 95
 26 33 40 13 69 37 97 65 -1 38 -1 16 -1 32  6 22  0 -1 -1 -1 72 82 -1 -1
 50 -1 -1 74 63 81 86 36 92 41 67 62 61 40 72 58 80 34  9 19 59 -1 85 50
 76 -1 12 40 -1 86 71 -1 57 46 10 56 39 -1 45 77 84 -1 42 -1 26 50 40 31
 -1 -1 -1 -1]
[1 0 1 0 0 1 0 0 1 0 0 0 1 0 1 0 1 0 1 0 1 1 1 0 1 0 1 0 0 1 1 0 0 1 1 0 1
 0 0 1 0 1 0 1 1 0 1 1 1 0 0 1 0 1 1 0 1 1 0 1 0 1 1 0 0 0 1 1 0 1 1 1 1 1
 1 1 0 0 0 1 1 1 0 0 0 0 0 0 0 0 0 0 1 0 1 0 1 1 0 0]
[2 0 0 0 2 4 0 4 2 2 0 3 0 0 0 3 2 0 3 0 1 2 3 3 2 0 3 0 4 2 0 0 3 0 0 4 0
 0 1 0 4 3 0 0 3 2 4 0 0 3 2 0 0 0 0 2 2 0 3 4 2 4 1 3 2 0 1 3 1 2 1 0 0 2
 3 0 0 0 4 3 1 2 0 0 0 2 0 0 0 0 0 0 0 0 0 0 2 3 0 0]
[2 0 0 0 2 4 0 4 2 2 0 3 0 0 0 3 2 0 3 0 1 2 3 3 2 0 3 0 4 2 0 0 3 0 0 4 0
 0 1 0 4 3 0 0 3 2 4 0 0 3 2 0 0 0 0 2 2 0 3 4 2 4 1 3 2 0 1 3 1 2 1 0 0 2
 3 0 0 0 4 3 1 2 0 0 0 2 0 0 0 0 0 0 0 0 0 0 2 3 0 0]
[4 4 5 7 5 2 5 7 3 1 2 9 6 2 9 9 5 9 7 6 2 2 6 9 6 4 1 6 9 7 3 4 4 9 9 4 8
 7 6 5 3 8 2 3 5 6 4 3 3 6 7 9 2 9 2 4 7 9 1 5 3 8 2 9 4 6 3 9 3 7 1 2 2 4
 3 3 8 5 6 5 9 2 7 9 1 6 7 9 1 6 9 4 9 8 9 8 2 8 2 4]
[4 4 5 7 5 2 5 7 3 1 2 9 6 2 9 9 5 9 7 6 2 2 6 9 6 4 1 6 9 7 3 4 4 9 9 4 8
 7 6 5 3 8 2 3 5 6 4 3 3 6 7 9 2 9 2 4 7 9 1 5 3 8 2 9 4 6 3 9 3 7 1 2 2 4
 3 3 8 5 6 5 9 2 7 9 1 6 7 9 1 6 9 4 9 8 9 8 2 8 2 4]
[50, 50, 50, 34, 50, 12, 33, 29, 50, 50, 22, 50, 25, 50, 35, 16, 33, 41, 49, 50, 50, 50, 50, 50, 42, 50, 50, 14, 50, 42, 50, 19, 50, 22, 30, 37, 41, 10, 50, 24, 25, 41, 11, 27, 32, 10, 39, 25, 10, 50, 50, 50, 15, 25, 36, 50, 50, 50, 50, 50, 50, 10, 50, 28, 50, 50, 50, 40, 50, 50, 50, 27, 42, 46, 50, 50, 50, 50, 50, 40, 50, 50, 16, 50, 50, 20, 50, 42, 21, 50, 50, 50, 50, 50, 50, 50, 20, 50, 50, 42]
[0 0 0 0 0 0 0 0 0 0 0 0 0 0 0 0 0 0 0 0 0 0 0 0 0 0 0 0 0 0 0 0 0 0 0 0 0
 0 0 0 0 0 0 0 0 0 0 0 0 0 0 0 0 0 0 0 0 0 0 0 0 0 0 0 0 0 0 0 0 0 0 0 0 0
 0 0 0 0 0 0 0 0 0 0 0 0 0 0 0 0 0 0 0 0 0 0 0 0 0 0]
[1 1 1 1 1 1 1 1 1 1 1 1 1 1 1 1 1 1 1 1 1 1 1 1 1 1 1 1 1 1 1 1 1 1 1 1 1
 1 1 1 1 1 1 1 1 1 1 1 1 1 1 1 1 1 1 1 1 1 1 1 1 1 1 1 1 1 1 1 1 1 1 1 1 1
 1 1 1 1 1 1 1 1 1 1 1 1 1 1 1 1 1 1 1 1 1 1 1 1 1 1]
