[ 0  1  2  3  4  5  6  7  8  9 10 11 12 13 14 15 16 17 18 19 20 21 22 23
 24 25 26 27 28 29 30 31 32 33 34 35 36 37 38 39 40 41 42 43 44 45 46 47
 48 49 50 51 52 53 54 55 56 57 58 59 60 61 62 63 64 65 66 67 68 69 70 71
 72 73 74 75 76 77 78 79 80 81 82 83 84 85 86 87 88 89 90 91 92 93 94 95
 96 97 98 99]
[52 19 -1 58 34 -1 18 -1 58 -1 -1 -1 78 -1 -1 11 28  0 -1 27 -1 -1 33 68
 83 -1 -1 -1 24 56 94 70 43  6 58 17 -1 50 80 -1 27 24 -1 -1 60 96 98  2
 -1 64 -1 93 60  7 -1 58 62 -1 48 -1 42 41  4 -1 87 -1 64 -1 -1  9 10 93
 -1 -1 -1 -1 86 -1 98 -1 -1 -1 -1 71 63 -1 38 20 66 41  5 -1 60 -1 -1 16
  9  2 21 -1]
[0 0 1 0 1 0 1 1 0 1 1 0 0 1 0 0 0 0 0 0 1 0 0 0 0 0 1 0 1 1 0 1 1 1 0 0 0
 0 1 1 0 1 0 0 0 1 0 1 1 1 0 0 1 1 1 0 0 0 0 0 1 1 0 0 0 0 1 1 0 1 0 1 1 1
 0 1 0 1 0 0 0 0 0 1 0 1 0 0 0 1 1 1 1 0 0 0 1 1 1 1]
[2 0 0 4 0 4 4 4 2 4 0 0 4 2 4 0 1 1 1 0 0 0 2 0 0 4 3 0 4 1 3 2 0 0 0 2 4
 2 4 0 0 0 0 0 0 3 0 4 0 0 2 3 3 0 1 1 0 3 0 1 0 0 0 0 4 0 0 4 0 0 2 0 2 1
 0 0 4 0 0 0 0 0 0 0 0 2 0 4 1 1 0 0 2 4 0 0 0 1 0 0]
[2 0 0 4 0 4 4 4 2 4 0 0 4 2 4 0 1 1 1 0 0 0 2 0 0 4 3 0 4 1 3 2 0 0 0 2 4
 2 4 0 0 0 0 0 0 3 0 4 0 0 2 3 3 0 1 1 0 3 0 1 0 0 0 0 4 0 0 4 0 0 2 0 2 1
 0 0 4 0 0 0 0 0 0 0 0 2 0 4 1 1 0 0 2 4 0 0 0 1 0 0]
[6 4 2 3 5 9 1 4 1 1 1 6 7 8 3 9 2 9 9 5 8 4 5 7 6 5 7 5 7 5 4 2 1 3 5 2 4
 4 9 3 2 2 5 7 4 6 8 8 1 1 5 7 1 1 2 5 9 8 9 2 4 3 8 2 9 3 5 4 4 5 7 9 2 4
 2 5 4 1 6 9 6 8 9 5 3 7 4 9 8 1 6 3 1 1 4 1 7 5 6 9]
[6 4 2 3 5 9 1 4 1 1 1 6 7 8 3 9 2 9 9 5 8 4 5 7 6 5 7 5 7 5 4 2 1 3 5 2 4
 4 9 3 2 2 5 7 4 6 8 8 1 1 5 7 1 1 2 5 9 8 9 2 4 3 8 2 9 3 5 4 4 5 7 9 2 4
 2 5 4 1 6 9 6 8 9 5 3 7 4 9 8 1 6 3 1 1 4 1 7 5 6 9]
[35, 50, 50, 50, 50, 42, 50, 50, 26, 15, 50, 17, 50, 50, 50, 50, 24, 50, 31, 50, 16, 50, 50, 18, 50, 50, 37, 50, 19, 50, 50, 46, 50, 50, 50, 36, 37, 50, 50, 50, 26, 50, 40, 50, 45, 14, 10, 50, 50, 34, 47, 25, 50, 50, 18, 50, 44, 50, 50, 50, 20, 13, 19, 50, 36, 50, 26, 50, 50, 22, 40, 39, 50, 16, 21, 50, 50, 50, 50, 38, 38, 19, 18, 17, 50, 50, 45, 50, 12, 50, 50, 50, 12, 50, 23, 50, 50, 24, 50, 50]
[0 0 0 0 0 0 0 0 0 0 0 0 0 0 0 0 0 0 0 0 0 0 0 0 0 0 0 0 0 0 0 0 0 0 0 0 0
 0 0 0 0 0 0 0 0 0 0 0 0 0 0 0 0 0 0 0 0 0 0 0 0 0 0 0 0 0 0 0 0 0 0 0 0 0
 0 0 0 0 0 0 0 0 0 0 0 0 0 0 0 0 0 0 0 0 0 0 0 0 0 0]
[1 1 1 1 1 1 1 1 1 1 1 1 1 1 1 1 1 1 1 1 1 1 1 1 1 1 1 1 1 1 1 1 1 1 1 1 1
 1 1 1 1 1 1 1 1 1 1 1 1 1 1 1 1 1 1 1 1 1 1 1 1 1 1 1 1 1 1 1 1 1 1 1 1 1
 1 1 1 1 1 1 1 1 1 1 1 1 1 1 1 1 1 1 1 1 1 1 1 1 1 1]
