[ 0  1  2  3  4  5  6  7  8  9 10 11 12 13 14 15 16 17 18 19 20 21 22 23
 24 25 26 27 28 29 30 31 32 33 34 35 36 37 38 39 40 41 42 43 44 45 46 47
 48 49 50 51 52 53 54 55 56 57 58 59 60 61 62 63 64 65 66 67 68 69 70 71
 72 73 74 75 76 77 78 79 80 81 82 83 84 85 86 87 88 89 90 91 92 93 94 95
 96 97 98 99]
[12 -1  5 -1 62 49 15 -1 -1 80 -1 54 -1 73 -1 57 76 -1 -1 83  6 -1 -1 -1
  3 17 -1 -1 74 54 -1 -1 50 -1 -1 47 -1 -1 -1 33 59 89 91 87 70 -1 -1 -1
 23 55 52 64 24 10 -1 98 65 53 12  3 68 -1 67 -1 -1 83 -1  9  4 95 95 82
 -1 -1 95 -1 32  6 52 -1 -1 -1 87 -1 85 -1 65 99 94 75 41 22 -1 53 52 -1
 -1 -1 97 66]
[0 1 0 1 0 0 0 0 1 0 0 0 0 0 0 1 1 1 0 0 1 0 1 0 1 1 0 0 0 1 0 1 0 1 1 1 0
 1 0 0 0 1 0 0 0 0 0 0 1 0 1 0 1 1 0 0 0 0 0 1 1 1 1 0 0 1 0 0 1 1 0 1 1 1
 1 0 1 0 1 0 1 0 1 0 0 0 0 0 0 1 0 1 0 0 1 1 0 1 1 0]
[1 3 3 0 3 0 0 0 0 0 0 0 1 0 0 0 0 1 0 0 0 0 4 0 0 0 3 2 0 0 0 4 1 0 0 3 0
 3 0 0 4 0 0 2 0 2 0 2 0 2 0 0 3 0 4 0 0 2 3 0 0 0 3 4 0 2 3 0 3 4 3 0 1 0
 1 0 4 0 2 0 0 1 2 0 0 0 0 0 0 0 2 0 1 2 1 1 4 4 4 3]
[1 3 3 0 3 0 0 0 0 0 0 0 1 0 0 0 0 1 0 0 0 0 4 0 0 0 3 2 0 0 0 4 1 0 0 3 0
 3 0 0 4 0 0 2 0 2 0 2 0 2 0 0 3 0 4 0 0 2 3 0 0 0 3 4 0 2 3 0 3 4 3 0 1 0
 1 0 4 0 2 0 0 1 2 0 0 0 0 0 0 0 2 0 1 2 1 1 4 4 4 3]
[8 9 5 9 6 5 8 3 2 4 9 5 1 9 2 8 3 6 8 6 9 2 3 9 6 5 7 3 3 6 4 2 8 3 2 3 4
 3 4 5 3 6 2 5 7 2 5 5 2 8 6 8 2 4 4 1 9 2 4 5 3 6 8 6 7 4 9 2 9 8 9 5 2 4
 2 7 6 9 9 6 7 6 2 3 6 4 5 8 9 4 2 6 4 1 7 7 7 7 1 9]
[8 9 5 9 6 5 8 3 2 4 9 5 1 9 2 8 3 6 8 6 9 2 3 9 6 5 7 3 3 6 4 2 8 3 2 3 4
 3 4 5 3 6 2 5 7 2 5 5 2 8 6 8 2 4 4 1 9 2 4 5 3 6 8 6 7 4 9 2 9 8 9 5 2 4
 2 7 6 9 9 6 7 6 2 3 6 4 5 8 9 4 2 6 4 1 7 7 7 7 1 9]
[50, 23, 50, 50, 22, 50, 50, 27, 22, 10, 50, 16, 50, 50, 50, 50, 50, 14, 50, 32, 17, 50, 29, 50, 38, 30, 50, 13, 12, 29, 50, 50, 23, 20, 43, 37, 50, 48, 50, 27, 50, 50, 50, 38, 25, 50, 21, 39, 23, 25, 50, 15, 25, 50, 21, 50, 35, 50, 50, 50, 50, 50, 50, 50, 50, 50, 32, 50, 50, 49, 44, 50, 50, 50, 50, 50, 39, 50, 50, 50, 30, 21, 50, 50, 50, 17, 50, 50, 50, 28, 34, 50, 31, 50, 31, 50, 50, 40, 40, 15]
[0 0 0 0 0 0 0 0 0 0 0 0 0 0 0 0 0 0 0 0 0 0 0 0 0 0 0 0 0 0 0 0 0 0 0 0 0
 0 0 0 0 0 0 0 0 0 0 0 0 0 0 0 0 0 0 0 0 0 0 0 0 0 0 0 0 0 0 0 0 0 0 0 0 0
 0 0 0 0 0 0 0 0 0 0 0 0 0 0 0 0 0 0 0 0 0 0 0 0 0 0]
[1 1 1 1 1 1 1 1 1 1 1 1 1 1 1 1 1 1 1 1 1 1 1 1 1 1 1 1 1 1 1 1 1 1 1 1 1
 1 1 1 1 1 1 1 1 1 1 1 1 1 1 1 1 1 1 1 1 1 1 1 1 1 1 1 1 1 1 1 1 1 1 1 1 1
 1 1 1 1 1 1 1 1 1 1 1 1 1 1 1 1 1 1 1 1 1 1 1 1 1 1]
