[ 0  1  2  3  4  5  6  7  8  9 10 11 12 13 14 15 16 17 18 19 20 21 22 23
 24 25 26 27 28 29 30 31 32 33 34 35 36 37 38 39 40 41 42 43 44 45 46 47
 48 49 50 51 52 53 54 55 56 57 58 59 60 61 62 63 64 65 66 67 68 69 70 71
 72 73 74 75 76 77 78 79 80 81 82 83 84 85 86 87 88 89 90 91 92 93 94 95
 96 97 98 99]
[56 -1 40 -1 -1 -1 11 14 -1 65 55 97  1 -1 93 88 69 98 -1  6 -1 64 90 36
 19 -1 48  3 -1  4 -1  2 21 38 65 33 -1 16 59 -1 82  3 49 -1 60 94 50  1
 24 91 44 84 -1 16 68  9  9 -1 49 -1 -1 91 -1 95 63 24 61 40 -1  5 -1 61
 64 68 33 89 88 38 40 -1  7 -1 -1 71 58 78 -1 18 82 -1 76 59 -1 28 83 55
 22 69 13 73]
[0 0 1 0 0 0 1 0 1 0 0 1 1 0 1 1 1 1 1 1 0 1 1 1 1 0 0 1 0 1 0 0 0 0 0 1 0
 1 1 0 0 1 1 0 0 1 0 0 0 0 0 0 1 1 0 0 1 1 0 0 1 0 1 1 0 0 0 1 0 1 1 1 0 1
 1 0 0 0 1 0 0 0 0 1 0 1 1 0 1 0 1 0 1 0 0 1 0 1 1 0]
[0 1 0 1 2 2 0 3 3 0 0 3 0 0 0 0 2 0 4 1 3 0 3 0 0 0 0 0 2 0 0 1 0 4 0 0 3
 0 2 1 0 2 0 0 0 4 0 0 1 0 0 0 0 4 0 1 0 0 1 0 0 0 3 2 3 2 0 0 4 2 4 3 0 0
 0 4 0 3 0 0 3 3 0 0 1 0 0 0 1 0 0 3 4 2 4 4 0 3 4 0]
[0 1 0 1 2 2 0 3 3 0 0 3 0 0 0 0 2 0 4 1 3 0 3 0 0 0 0 0 2 0 0 1 0 4 0 0 3
 0 2 1 0 2 0 0 0 4 0 0 1 0 0 0 0 4 0 1 0 0 1 0 0 0 3 2 3 2 0 0 4 2 4 3 0 0
 0 4 0 3 0 0 3 3 0 0 1 0 0 0 1 0 0 3 4 2 4 4 0 3 4 0]
[8 1 6 2 5 7 6 2 8 9 3 5 5 4 9 9 7 3 4 7 8 6 1 5 3 5 1 4 1 3 7 1 6 1 9 8 2
 6 8 3 9 3 5 7 6 9 4 3 7 6 8 6 5 4 1 3 9 3 1 5 6 7 3 8 5 8 3 7 3 8 2 2 7 5
 3 4 3 9 4 6 1 9 8 4 4 4 2 8 8 3 9 7 8 5 6 1 6 4 5 8]
[8 1 6 2 5 7 6 2 8 9 3 5 5 4 9 9 7 3 4 7 8 6 1 5 3 5 1 4 1 3 7 1 6 1 9 8 2
 6 8 3 9 3 5 7 6 9 4 3 7 6 8 6 5 4 1 3 9 3 1 5 6 7 3 8 5 8 3 7 3 8 2 2 7 5
 3 4 3 9 4 6 1 9 8 4 4 4 2 8 8 3 9 7 8 5 6 1 6 4 5 8]
[50, 50, 50, 42, 47, 19, 50, 50, 25, 41, 50, 50, 50, 21, 13, 50, 50, 46, 43, 50, 13, 39, 16, 50, 50, 45, 50, 50, 50, 19, 48, 50, 50, 14, 31, 50, 25, 50, 40, 50, 50, 50, 19, 50, 25, 50, 50, 50, 50, 50, 15, 31, 50, 29, 50, 38, 50, 23, 50, 50, 50, 32, 23, 50, 46, 17, 50, 50, 50, 50, 46, 50, 44, 38, 50, 41, 17, 28, 50, 50, 50, 31, 50, 39, 29, 14, 50, 50, 14, 50, 50, 20, 50, 12, 23, 27, 22, 42, 28, 50]
[0 0 0 0 0 0 0 0 0 0 0 0 0 0 0 0 0 0 0 0 0 0 0 0 0 0 0 0 0 0 0 0 0 0 0 0 0
 0 0 0 0 0 0 0 0 0 0 0 0 0 0 0 0 0 0 0 0 0 0 0 0 0 0 0 0 0 0 0 0 0 0 0 0 0
 0 0 0 0 0 0 0 0 0 0 0 0 0 0 0 0 0 0 0 0 0 0 0 0 0 0]
[1 1 1 1 1 1 1 1 1 1 1 1 1 1 1 1 1 1 1 1 1 1 1 1 1 1 1 1 1 1 1 1 1 1 1 1 1
 1 1 1 1 1 1 1 1 1 1 1 1 1 1 1 1 1 1 1 1 1 1 1 1 1 1 1 1 1 1 1 1 1 1 1 1 1
 1 1 1 1 1 1 1 1 1 1 1 1 1 1 1 1 1 1 1 1 1 1 1 1 1 1]
