[ 0  1  2  3  4  5  6  7  8  9 10 11 12 13 14 15 16 17 18 19 20 21 22 23
 24 25 26 27 28 29 30 31 32 33 34 35 36 37 38 39 40 41 42 43 44 45 46 47
 48 49 50 51 52 53 54 55 56 57 58 59 60 61 62 63 64 65 66 67 68 69 70 71
 72 73 74 75 76 77 78 79 80 81 82 83 84 85 86 87 88 89 90 91 92 93 94 95
 96 97 98 99]
[32 -1 63 72 -1 79  7 -1 63 -1  0 50 -1 40 -1 -1 -1 80 11 23 39 17 -1 -1
 22 -1 -1 -1 92 23 63 -1 -1 -1 -1 13 -1 30 79 92 64 28 -1 88 -1 -1 49 -1
 -1 68 15 -1 78 55  7 95 17 75 70 18 94 -1 -1 20 66 -1 -1 -1 63  2 40 40
 -1 94 84 -1  8 84 -1 29 36 68  0 16 39 23 -1 88 24 24 44 64 44 61 84 92
 17 -1 -1 -1]
[0 1 1 1 0 0 0 0 1 1 1 1 1 1 1 0 1 0 0 0 0 0 1 1 1 0 1 0 1 0 1 0 0 0 1 1 0
 0 0 0 0 0 1 1 0 0 0 0 0 0 1 1 1 1 1 1 0 0 0 0 1 1 1 1 0 1 0 0 1 1 1 0 1 1
 1 0 0 0 1 1 1 1 1 1 1 1 1 1 1 0 0 0 0 1 1 0 0 1 1 0]
[3 4 0 4 2 0 0 4 1 0 0 0 2 0 4 0 0 0 0 1 2 0 1 3 0 3 0 2 0 3 0 3 4 1 0 2 0
 0 0 0 0 2 0 0 0 0 4 4 1 0 0 0 2 0 2 1 0 0 3 3 0 0 4 0 3 0 0 0 0 0 3 0 0 1
 0 2 0 1 0 0 0 0 0 1 0 0 0 0 0 4 3 0 0 0 4 2 0 0 0 0]
[3 4 0 4 2 0 0 4 1 0 0 0 2 0 4 0 0 0 0 1 2 0 1 3 0 3 0 2 0 3 0 3 4 1 0 2 0
 0 0 0 0 2 0 0 0 0 4 4 1 0 0 0 2 0 2 1 0 0 3 3 0 0 4 0 3 0 0 0 0 0 3 0 0 1
 0 2 0 1 0 0 0 0 0 1 0 0 0 0 0 4 3 0 0 0 4 2 0 0 0 0]
[6 5 6 9 1 5 6 3 5 5 7 2 3 9 4 3 4 2 3 1 2 1 2 1 6 4 4 5 6 6 4 3 7 7 1 6 4
 1 6 2 8 4 2 9 1 2 2 5 7 5 7 9 8 7 7 4 6 8 6 5 2 4 3 7 9 1 6 6 8 7 7 8 2 1
 2 1 8 8 8 4 7 5 9 4 9 1 4 7 8 5 9 6 1 5 7 4 2 2 8 4]
[6 5 6 9 1 5 6 3 5 5 7 2 3 9 4 3 4 2 3 1 2 1 2 1 6 4 4 5 6 6 4 3 7 7 1 6 4
 1 6 2 8 4 2 9 1 2 2 5 7 5 7 9 8 7 7 4 6 8 6 5 2 4 3 7 9 1 6 6 8 7 7 8 2 1
 2 1 8 8 8 4 7 5 9 4 9 1 4 7 8 5 9 6 1 5 7 4 2 2 8 4]
[39, 40, 29, 30, 50, 50, 50, 21, 50, 50, 50, 40, 50, 50, 50, 12, 50, 50, 28, 21, 36, 50, 50, 50, 50, 50, 45, 35, 28, 48, 50, 50, 46, 50, 50, 50, 30, 37, 14, 50, 47, 21, 27, 31, 50, 50, 18, 50, 36, 50, 50, 50, 50, 23, 23, 48, 50, 41, 39, 50, 50, 50, 50, 45, 30, 50, 43, 21, 33, 50, 19, 50, 50, 11, 34, 50, 36, 43, 50, 43, 50, 44, 19, 25, 10, 22, 50, 40, 50, 16, 50, 50, 10, 12, 50, 50, 50, 11, 50, 50]
[0 0 0 0 0 0 0 0 0 0 0 0 0 0 0 0 0 0 0 0 0 0 0 0 0 0 0 0 0 0 0 0 0 0 0 0 0
 0 0 0 0 0 0 0 0 0 0 0 0 0 0 0 0 0 0 0 0 0 0 0 0 0 0 0 0 0 0 0 0 0 0 0 0 0
 0 0 0 0 0 0 0 0 0 0 0 0 0 0 0 0 0 0 0 0 0 0 0 0 0 0]
[1 1 1 1 1 1 1 1 1 1 1 1 1 1 1 1 1 1 1 1 1 1 1 1 1 1 1 1 1 1 1 1 1 1 1 1 1
 1 1 1 1 1 1 1 1 1 1 1 1 1 1 1 1 1 1 1 1 1 1 1 1 1 1 1 1 1 1 1 1 1 1 1 1 1
 1 1 1 1 1 1 1 1 1 1 1 1 1 1 1 1 1 1 1 1 1 1 1 1 1 1]
