[ 0  1  2  3  4  5  6  7  8  9 10 11 12 13 14 15 16 17 18 19 20 21 22 23
 24 25 26 27 28 29 30 31 32 33 34 35 36 37 38 39 40 41 42 43 44 45 46 47
 48 49 50 51 52 53 54 55 56 57 58 59 60 61 62 63 64 65 66 67 68 69 70 71
 72 73 74 75 76 77 78 79 80 81 82 83 84 85 86 87 88 89 90 91 92 93 94 95
 96 97 98 99]
[74 -1 -1 41 -1 -1 90 27 85 -1 30 -1 -1 21 -1 -1 85 87 79 14 80 -1  8  3
 36 53 52 38 69 54 63 65 -1 35 10 -1 33 -1 93 -1 42 -1 92 88 -1 19 80 -1
 13 -1 -1 -1 75 15 40 -1 60 92 32 25 -1 -1 25 47 22 44 88  5 -1 25 58 -1
 58  9 64 45 85 -1 96 91 -1 -1 -1  2 39 -1 63 -1 87  8 79 54 96 92 19 88
 53 39 -1 -1]
[0 0 1 1 1 1 1 0 0 1 1 0 0 0 1 1 1 1 0 0 1 0 1 1 1 1 0 0 1 1 0 0 0 1 0 0 1
 0 1 0 1 0 1 0 0 0 1 0 1 0 1 0 1 1 1 0 0 0 0 1 1 1 1 1 0 1 0 0 0 0 1 1 1 0
 1 1 0 0 0 0 0 1 0 1 1 0 1 0 1 1 0 1 0 0 0 0 0 1 1 1]
[2 1 1 4 0 4 0 0 4 1 4 4 2 0 4 0 0 0 0 0 1 3 2 0 4 2 0 0 4 0 1 2 1 4 4 2 3
 3 0 0 0 3 0 0 4 4 0 0 3 4 0 0 0 4 0 0 0 0 3 0 0 4 0 2 0 0 4 1 2 0 3 4 3 4
 0 2 2 0 0 0 1 4 0 0 0 0 2 0 4 2 0 4 0 0 0 0 0 2 1 0]
[2 1 1 4 0 4 0 0 4 1 4 4 2 0 4 0 0 0 0 0 1 3 2 0 4 2 0 0 4 0 1 2 1 4 4 2 3
 3 0 0 0 3 0 0 4 4 0 0 3 4 0 0 0 4 0 0 0 0 3 0 0 4 0 2 0 0 4 1 2 0 3 4 3 4
 0 2 2 0 0 0 1 4 0 0 0 0 2 0 4 2 0 4 0 0 0 0 0 2 1 0]
[1 8 4 1 8 7 5 5 3 7 4 4 3 6 6 7 9 3 6 6 7 1 6 1 8 8 7 7 9 1 2 7 3 4 5 6 4
 6 5 7 5 4 7 6 4 7 2 7 3 4 5 5 8 7 6 8 7 9 6 2 4 6 2 6 9 7 4 6 2 6 6 1 3 2
 2 9 5 7 4 9 7 7 1 5 5 2 4 3 1 2 8 4 2 4 7 2 5 7 6 9]
[1 8 4 1 8 7 5 5 3 7 4 4 3 6 6 7 9 3 6 6 7 1 6 1 8 8 7 7 9 1 2 7 3 4 5 6 4
 6 5 7 5 4 7 6 4 7 2 7 3 4 5 5 8 7 6 8 7 9 6 2 4 6 2 6 9 7 4 6 2 6 6 1 3 2
 2 9 5 7 4 9 7 7 1 5 5 2 4 3 1 2 8 4 2 4 7 2 5 7 6 9]
[50, 48, 33, 50, 50, 20, 39, 11, 50, 43, 50, 37, 50, 50, 50, 17, 50, 30, 50, 48, 50, 50, 50, 50, 23, 50, 50, 31, 33, 23, 50, 23, 40, 50, 20, 18, 50, 50, 47, 11, 50, 50, 50, 24, 14, 50, 41, 49, 50, 40, 12, 50, 16, 33, 21, 50, 50, 50, 50, 50, 50, 50, 50, 50, 14, 50, 44, 27, 26, 21, 50, 50, 50, 14, 50, 50, 50, 11, 15, 50, 50, 50, 21, 50, 37, 50, 27, 21, 44, 48, 50, 24, 50, 50, 50, 14, 50, 50, 47, 50]
[0 0 0 0 0 0 0 0 0 0 0 0 0 0 0 0 0 0 0 0 0 0 0 0 0 0 0 0 0 0 0 0 0 0 0 0 0
 0 0 0 0 0 0 0 0 0 0 0 0 0 0 0 0 0 0 0 0 0 0 0 0 0 0 0 0 0 0 0 0 0 0 0 0 0
 0 0 0 0 0 0 0 0 0 0 0 0 0 0 0 0 0 0 0 0 0 0 0 0 0 0]
[1 1 1 1 1 1 1 1 1 1 1 1 1 1 1 1 1 1 1 1 1 1 1 1 1 1 1 1 1 1 1 1 1 1 1 1 1
 1 1 1 1 1 1 1 1 1 1 1 1 1 1 1 1 1 1 1 1 1 1 1 1 1 1 1 1 1 1 1 1 1 1 1 1 1
 1 1 1 1 1 1 1 1 1 1 1 1 1 1 1 1 1 1 1 1 1 1 1 1 1 1]
