[ 0  1  2  3  4  5  6  7  8  9 10 11 12 13 14 15 16 17 18 19 20 21 22 23
 24 25 26 27 28 29 30 31 32 33 34 35 36 37 38 39 40 41 42 43 44 45 46 47
 48 49 50 51 52 53 54 55 56 57 58 59 60 61 62 63 64 65 66 67 68 69 70 71
 72 73 74 75 76 77 78 79 80 81 82 83 84 85 86 87 88 89 90 91 92 93 94 95
 96 97 98 99]
[77 36 36 -1 81 45 83 42  5 52 35 65 50 62 86 48  3 18 -1 89 19 -1  7  4
 83 10 64 32 72 38 -1 -1 95 -1 -1 -1 -1 63 42 97 -1 23 89 20  3 59 32 27
 16 11 40 39 -1 45 53 14 93 36  6 -1 57 33 -1 45 36 34 -1 53 90 -1 34 -1
 -1 34 99 -1 84 90 -1 52 -1 13 61 32 -1 78 90 -1 75 82 70 -1 45 76 41 12
 49 -1 68 60]
[1 0 0 1 0 1 0 0 1 1 0 1 0 0 0 0 1 1 1 0 0 1 0 1 1 1 0 0 0 0 1 0 1 0 0 1 0
 1 1 1 0 1 1 1 0 1 1 0 0 0 0 0 1 1 0 1 0 1 0 0 0 0 1 0 1 0 0 1 1 0 0 1 0 1
 0 0 0 1 0 1 0 0 0 1 0 1 0 1 0 1 0 0 1 1 1 0 1 1 0 1]
[0 0 0 0 2 1 0 1 1 0 1 0 4 2 4 4 1 0 3 0 0 0 1 0 2 0 0 0 4 1 3 0 2 0 4 0 2
 3 0 1 0 1 1 0 0 0 0 3 0 0 1 1 2 2 0 0 0 0 2 0 0 4 0 0 2 0 0 0 3 0 2 0 1 0
 0 1 4 0 1 2 0 0 1 0 3 0 0 0 0 1 3 2 0 3 4 1 0 0 1 2]
[0 0 0 0 2 1 0 1 1 0 1 0 4 2 4 4 1 0 3 0 0 0 1 0 2 0 0 0 4 1 3 0 2 0 4 0 2
 3 0 1 0 1 1 0 0 0 0 3 0 0 1 1 2 2 0 0 0 0 2 0 0 4 0 0 2 0 0 0 3 0 2 0 1 0
 0 1 4 0 1 2 0 0 1 0 3 0 0 0 0 1 3 2 0 3 4 1 0 0 1 2]
[4 7 8 2 8 9 3 9 5 1 4 8 7 4 8 6 2 1 4 9 9 6 6 6 9 7 4 2 6 4 3 3 6 1 1 1 1
 8 3 1 5 8 1 9 2 6 9 8 6 7 5 1 8 4 5 3 6 6 9 2 2 4 6 6 1 3 3 3 9 7 6 1 8 9
 7 8 9 5 1 4 1 2 3 6 2 6 2 5 3 7 2 2 8 3 4 8 9 6 7 1]
[4 7 8 2 8 9 3 9 5 1 4 8 7 4 8 6 2 1 4 9 9 6 6 6 9 7 4 2 6 4 3 3 6 1 1 1 1
 8 3 1 5 8 1 9 2 6 9 8 6 7 5 1 8 4 5 3 6 6 9 2 2 4 6 6 1 3 3 3 9 7 6 1 8 9
 7 8 9 5 1 4 1 2 3 6 2 6 2 5 3 7 2 2 8 3 4 8 9 6 7 1]
[50, 50, 50, 50, 24, 50, 50, 11, 34, 50, 50, 48, 50, 50, 47, 50, 13, 42, 40, 50, 10, 50, 37, 50, 50, 25, 37, 41, 21, 22, 35, 50, 35, 25, 40, 50, 50, 50, 50, 42, 50, 45, 50, 12, 19, 49, 50, 50, 43, 50, 50, 45, 31, 50, 50, 50, 16, 50, 49, 50, 50, 50, 50, 19, 50, 50, 31, 32, 50, 50, 24, 50, 50, 50, 50, 15, 20, 14, 40, 26, 21, 50, 50, 50, 50, 22, 35, 50, 38, 10, 50, 10, 37, 16, 50, 45, 34, 50, 42, 31]
[0 0 0 0 0 0 0 0 0 0 0 0 0 0 0 0 0 0 0 0 0 0 0 0 0 0 0 0 0 0 0 0 0 0 0 0 0
 0 0 0 0 0 0 0 0 0 0 0 0 0 0 0 0 0 0 0 0 0 0 0 0 0 0 0 0 0 0 0 0 0 0 0 0 0
 0 0 0 0 0 0 0 0 0 0 0 0 0 0 0 0 0 0 0 0 0 0 0 0 0 0]
[1 1 1 1 1 1 1 1 1 1 1 1 1 1 1 1 1 1 1 1 1 1 1 1 1 1 1 1 1 1 1 1 1 1 1 1 1
 1 1 1 1 1 1 1 1 1 1 1 1 1 1 1 1 1 1 1 1 1 1 1 1 1 1 1 1 1 1 1 1 1 1 1 1 1
 1 1 1 1 1 1 1 1 1 1 1 1 1 1 1 1 1 1 1 1 1 1 1 1 1 1]
