[ 0  1  2  3  4  5  6  7  8  9 10 11 12 13 14 15 16 17 18 19 20 21 22 23
 24 25 26 27 28 29 30 31 32 33 34 35 36 37 38 39 40 41 42 43 44 45 46 47
 48 49 50 51 52 53 54 55 56 57 58 59 60 61 62 63 64 65 66 67 68 69 70 71
 72 73 74 75 76 77 78 79 80 81 82 83 84 85 86 87 88 89 90 91 92 93 94 95
 96 97 98 99]
[35 64 -1 -1 55 34 53 17 10 82 44 18 70 -1 -1 -1 78 -1 98 18 37 53 60 65
 -1 -1 -1 52 76 75 51 -1 13 87 40 24 -1 91 11 57 -1 58 55 10 34 94 -1 18
 -1 -1  4 -1 57 -1 70 99 -1 96 73 -1 -1 19 -1 77 69 18 60 -1 -1 45 63 -1
 36 -1 37 50 -1 -1 -1 -1 -1 -1  6 78 -1 78 21 -1 95  8 15  7  9 -1 -1 28
 71 -1 52 -1]
[1 1 0 0 1 1 0 1 0 0 0 1 1 0 0 0 1 0 0 0 0 0 0 1 1 0 1 0 0 0 0 0 0 0 1 1 0
 1 0 0 0 0 1 1 0 0 0 1 1 1 1 0 1 1 1 1 0 0 0 0 0 1 0 1 0 1 0 0 1 0 1 0 0 0
 1 0 0 0 0 0 1 0 1 0 1 0 1 0 0 0 0 1 1 0 0 1 0 1 0 1]
[0 3 2 2 4 0 0 0 0 3 1 4 0 0 2 1 4 0 0 3 1 3 0 0 1 0 1 3 1 0 4 0 4 0 0 2 1
 3 0 1 3 0 0 1 0 2 0 0 2 2 0 4 0 0 3 0 1 0 3 0 0 4 0 4 1 0 0 0 4 0 2 3 0 0
 0 0 1 3 0 1 4 3 3 4 4 4 0 0 0 0 1 4 4 4 0 0 0 1 0 3]
[0 3 2 2 4 0 0 0 0 3 1 4 0 0 2 1 4 0 0 3 1 3 0 0 1 0 1 3 1 0 4 0 4 0 0 2 1
 3 0 1 3 0 0 1 0 2 0 0 2 2 0 4 0 0 3 0 1 0 3 0 0 4 0 4 1 0 0 0 4 0 2 3 0 0
 0 0 1 3 0 1 4 3 3 4 4 4 0 0 0 0 1 4 4 4 0 0 0 1 0 3]
[5 8 9 1 1 1 1 9 4 1 2 6 9 5 8 5 7 9 9 8 3 9 5 8 6 4 3 8 4 7 8 3 2 7 5 6 4
 5 6 3 3 9 4 5 6 2 2 7 4 3 1 1 5 2 4 3 3 1 4 6 1 6 7 4 3 6 1 8 7 6 7 9 8 9
 3 1 2 7 7 9 7 2 7 6 8 4 4 9 5 8 4 3 1 4 6 8 9 9 7 6]
[5 8 9 1 1 1 1 9 4 1 2 6 9 5 8 5 7 9 9 8 3 9 5 8 6 4 3 8 4 7 8 3 2 7 5 6 4
 5 6 3 3 9 4 5 6 2 2 7 4 3 1 1 5 2 4 3 3 1 4 6 1 6 7 4 3 6 1 8 7 6 7 9 8 9
 3 1 2 7 7 9 7 2 7 6 8 4 4 9 5 8 4 3 1 4 6 8 9 9 7 6]
[49, 50, 50, 50, 50, 50, 50, 50, 29, 40, 50, 50, 50, 50, 50, 50, 28, 34, 50, 50, 34, 27, 22, 50, 50, 50, 32, 50, 50, 50, 50, 13, 50, 50, 33, 50, 17, 25, 50, 50, 35, 50, 32, 23, 48, 21, 26, 32, 37, 25, 50, 32, 42, 37, 50, 50, 50, 13, 30, 29, 50, 17, 50, 20, 50, 12, 37, 28, 50, 50, 12, 25, 50, 50, 39, 44, 16, 50, 50, 50, 50, 50, 11, 50, 50, 36, 50, 34, 50, 28, 26, 50, 50, 50, 50, 15, 31, 50, 50, 24]
[0 0 0 0 0 0 0 0 0 0 0 0 0 0 0 0 0 0 0 0 0 0 0 0 0 0 0 0 0 0 0 0 0 0 0 0 0
 0 0 0 0 0 0 0 0 0 0 0 0 0 0 0 0 0 0 0 0 0 0 0 0 0 0 0 0 0 0 0 0 0 0 0 0 0
 0 0 0 0 0 0 0 0 0 0 0 0 0 0 0 0 0 0 0 0 0 0 0 0 0 0]
[1 1 1 1 1 1 1 1 1 1 1 1 1 1 1 1 1 1 1 1 1 1 1 1 1 1 1 1 1 1 1 1 1 1 1 1 1
 1 1 1 1 1 1 1 1 1 1 1 1 1 1 1 1 1 1 1 1 1 1 1 1 1 1 1 1 1 1 1 1 1 1 1 1 1
 1 1 1 1 1 1 1 1 1 1 1 1 1 1 1 1 1 1 1 1 1 1 1 1 1 1]
