[ 0  1  2  3  4  5  6  7  8  9 10 11 12 13 14 15 16 17 18 19 20 21 22 23
 24 25 26 27 28 29 30 31 32 33 34 35 36 37 38 39 40 41 42 43 44 45 46 47
 48 49 50 51 52 53 54 55 56 57 58 59 60 61 62 63 64 65 66 67 68 69 70 71
 72 73 74 75 76 77 78 79 80 81 82 83 84 85 86 87 88 89 90 91 92 93 94 95
 96 97 98 99]
[-1 -1 88 79  0 72 88 -1 84 -1 94 77 13 -1 -1 78 61 54 91 71 55 82 41 95
  8 52 64 39 29 18 26 18 -1  7 -1 -1 50 -1 46 -1 35 77 -1 36 58 -1 83 88
  3 -1 84  4 82 50 -1 37 86 84  9 79 -1 -1 49 28 12 -1 -1 84 33 -1 -1 -1
 97 37 98 -1 94 38 76 -1 94 44 -1 53 20 38 77 48 46 -1 -1 57 47 87 74 86
 -1  9 -1 49]
[0 0 1 1 1 1 1 1 1 0 1 0 0 1 0 0 0 1 0 1 0 0 1 0 1 0 1 0 0 1 0 0 1 0 0 0 1
 1 0 0 0 1 1 0 1 0 0 0 1 1 0 1 0 1 1 0 0 0 0 1 1 0 1 0 1 0 0 1 1 0 0 0 1 1
 0 1 1 1 0 1 1 0 0 1 1 1 0 1 0 0 0 0 1 1 0 1 0 0 0 0]
[0 2 0 3 1 0 4 4 0 0 3 0 0 0 3 2 0 3 0 1 0 0 3 3 0 0 0 2 0 0 0 1 2 0 4 3 0
 0 0 0 1 3 1 4 0 4 0 0 0 0 4 0 0 0 0 2 0 4 2 0 3 0 0 0 0 2 2 0 3 0 0 2 2 1
 1 4 4 0 1 0 3 0 3 3 4 3 0 0 0 0 0 0 2 0 4 0 3 4 0 0]
[0 2 0 3 1 0 4 4 0 0 3 0 0 0 3 2 0 3 0 1 0 0 3 3 0 0 0 2 0 0 0 1 2 0 4 3 0
 0 0 0 1 3 1 4 0 4 0 0 0 0 4 0 0 0 0 2 0 4 2 0 3 0 0 0 0 2 2 0 3 0 0 2 2 1
 1 4 4 0 1 0 3 0 3 3 4 3 0 0 0 0 0 0 2 0 4 0 3 4 0 0]
[1 2 5 5 8 6 6 8 3 1 7 5 3 4 9 6 8 5 2 3 5 6 6 9 3 5 8 7 6 5 4 4 7 8 3 4 5
 3 7 3 8 6 1 6 8 4 3 5 8 5 3 5 3 1 2 3 8 7 7 5 4 1 8 5 8 5 3 7 2 8 9 2 5 6
 5 2 8 5 6 2 7 3 3 2 6 2 6 4 3 7 7 3 5 4 1 3 9 7 1 7]
[1 2 5 5 8 6 6 8 3 1 7 5 3 4 9 6 8 5 2 3 5 6 6 9 3 5 8 7 6 5 4 4 7 8 3 4 5
 3 7 3 8 6 1 6 8 4 3 5 8 5 3 5 3 1 2 3 8 7 7 5 4 1 8 5 8 5 3 7 2 8 9 2 5 6
 5 2 8 5 6 2 7 3 3 2 6 2 6 4 3 7 7 3 5 4 1 3 9 7 1 7]
[11, 34, 50, 30, 50, 29, 50, 39, 50, 16, 50, 50, 50, 50, 26, 50, 50, 46, 50, 36, 50, 50, 40, 11, 23, 14, 20, 42, 22, 35, 40, 50, 50, 50, 50, 47, 46, 50, 50, 16, 25, 50, 50, 33, 26, 31, 45, 35, 50, 20, 19, 50, 43, 49, 50, 50, 32, 50, 28, 50, 50, 50, 50, 30, 32, 28, 17, 32, 21, 50, 50, 14, 50, 50, 29, 46, 50, 38, 50, 50, 10, 50, 25, 45, 50, 50, 50, 50, 27, 50, 50, 43, 45, 50, 37, 33, 50, 50, 50, 39]
[0 0 0 0 0 0 0 0 0 0 0 0 0 0 0 0 0 0 0 0 0 0 0 0 0 0 0 0 0 0 0 0 0 0 0 0 0
 0 0 0 0 0 0 0 0 0 0 0 0 0 0 0 0 0 0 0 0 0 0 0 0 0 0 0 0 0 0 0 0 0 0 0 0 0
 0 0 0 0 0 0 0 0 0 0 0 0 0 0 0 0 0 0 0 0 0 0 0 0 0 0]
[1 1 1 1 1 1 1 1 1 1 1 1 1 1 1 1 1 1 1 1 1 1 1 1 1 1 1 1 1 1 1 1 1 1 1 1 1
 1 1 1 1 1 1 1 1 1 1 1 1 1 1 1 1 1 1 1 1 1 1 1 1 1 1 1 1 1 1 1 1 1 1 1 1 1
 1 1 1 1 1 1 1 1 1 1 1 1 1 1 1 1 1 1 1 1 1 1 1 1 1 1]
