[ 0  1  2  3  4  5  6  7  8  9 10 11 12 13 14 15 16 17 18 19 20 21 22 23
 24 25 26 27 28 29 30 31 32 33 34 35 36 37 38 39 40 41 42 43 44 45 46 47
 48 49 50 51 52 53 54 55 56 57 58 59 60 61 62 63 64 65 66 67 68 69 70 71
 72 73 74 75 76 77 78 79 80 81 82 83 84 85 86 87 88 89 90 91 92 93 94 95
 96 97 98 99]
[66 -1 -1 57 68  4  1 57 -1 -1 68 19 51 -1 58 84 43 56  5  9 45 85 38  3
  3 50 -1 44 24 -1 54  2 69 14 47 45 76  9 75 21 -1  4 -1 38 17 -1 -1 77
 49 -1 12 43 -1 66 51 90 25 -1  1 -1 28 35 81 50 28 -1 -1 96 61 64 39 81
 96 32 26 -1 -1 -1 -1 90 66 -1 39 80 29 75 11 -1 41 24 -1 -1 68 53 -1 65
 23 82 42 95]
[0 0 0 1 1 0 1 1 0 1 0 1 1 0 0 0 1 1 1 0 0 0 1 0 0 1 0 0 1 0 0 1 1 0 0 1 0
 0 1 1 1 1 1 1 1 0 0 0 0 0 1 0 1 1 0 1 1 0 1 0 1 0 0 1 0 1 1 1 0 1 1 1 0 1
 1 0 1 0 1 1 1 1 1 1 1 0 0 1 0 1 0 1 0 1 0 0 0 1 1 0]
[2 0 0 3 0 4 0 0 1 2 4 4 3 2 2 0 1 3 3 2 3 0 1 0 2 0 0 0 1 0 0 0 0 4 3 0 0
 1 0 0 4 0 4 0 4 2 0 0 4 3 3 4 0 0 3 3 3 0 0 3 0 0 0 0 0 0 0 2 1 0 4 1 3 0
 0 2 4 0 3 0 0 4 4 0 4 0 0 3 2 2 0 0 0 4 0 0 2 4 1 0]
[2 0 0 3 0 4 0 0 1 2 4 4 3 2 2 0 1 3 3 2 3 0 1 0 2 0 0 0 1 0 0 0 0 4 3 0 0
 1 0 0 4 0 4 0 4 2 0 0 4 3 3 4 0 0 3 3 3 0 0 3 0 0 0 0 0 0 0 2 1 0 4 1 3 0
 0 2 4 0 3 0 0 4 4 0 4 0 0 3 2 2 0 0 0 4 0 0 2 4 1 0]
[1 7 1 5 2 7 5 3 8 4 2 7 2 6 2 2 6 4 3 2 5 9 5 1 4 1 3 2 3 7 7 7 6 2 2 1 6
 2 3 9 6 3 3 3 5 2 8 9 6 2 1 3 5 7 2 5 1 8 6 9 8 6 1 6 9 7 7 6 3 6 7 3 1 5
 6 4 6 4 4 3 3 5 5 9 4 4 1 8 2 9 1 2 9 6 8 1 5 4 7 9]
[1 7 1 5 2 7 5 3 8 4 2 7 2 6 2 2 6 4 3 2 5 9 5 1 4 1 3 2 3 7 7 7 6 2 2 1 6
 2 3 9 6 3 3 3 5 2 8 9 6 2 1 3 5 7 2 5 1 8 6 9 8 6 1 6 9 7 7 6 3 6 7 3 1 5
 6 4 6 4 4 3 3 5 5 9 4 4 1 8 2 9 1 2 9 6 8 1 5 4 7 9]
[35, 45, 50, 25, 21, 29, 30, 50, 50, 34, 39, 50, 50, 47, 16, 19, 33, 50, 50, 50, 50, 49, 24, 29, 50, 44, 41, 50, 26, 27, 45, 42, 20, 23, 28, 50, 50, 50, 50, 45, 47, 40, 13, 49, 27, 40, 50, 50, 36, 35, 50, 20, 50, 50, 50, 50, 16, 50, 35, 50, 50, 50, 31, 29, 50, 50, 50, 25, 19, 46, 50, 50, 50, 50, 50, 50, 50, 32, 50, 50, 38, 35, 50, 50, 18, 25, 50, 25, 50, 32, 28, 50, 14, 33, 27, 50, 50, 50, 48, 21]
[0 0 0 0 0 0 0 0 0 0 0 0 0 0 0 0 0 0 0 0 0 0 0 0 0 0 0 0 0 0 0 0 0 0 0 0 0
 0 0 0 0 0 0 0 0 0 0 0 0 0 0 0 0 0 0 0 0 0 0 0 0 0 0 0 0 0 0 0 0 0 0 0 0 0
 0 0 0 0 0 0 0 0 0 0 0 0 0 0 0 0 0 0 0 0 0 0 0 0 0 0]
[1 1 1 1 1 1 1 1 1 1 1 1 1 1 1 1 1 1 1 1 1 1 1 1 1 1 1 1 1 1 1 1 1 1 1 1 1
 1 1 1 1 1 1 1 1 1 1 1 1 1 1 1 1 1 1 1 1 1 1 1 1 1 1 1 1 1 1 1 1 1 1 1 1 1
 1 1 1 1 1 1 1 1 1 1 1 1 1 1 1 1 1 1 1 1 1 1 1 1 1 1]
