[ 0  1  2  3  4  5  6  7  8  9 10 11 12 13 14 15 16 17 18 19 20 21 22 23
 24 25 26 27 28 29 30 31 32 33 34 35 36 37 38 39 40 41 42 43 44 45 46 47
 48 49 50 51 52 53 54 55 56 57 58 59 60 61 62 63 64 65 66 67 68 69 70 71
 72 73 74 75 76 77 78 79 80 81 82 83 84 85 86 87 88 89 90 91 92 93 94 95
 96 97 98 99]
[-1 -1 89 89 -1 -1 -1 85 53 79 13 49 -1 -1 87 -1 -1 -1 -1 38 33 82  6 95
 -1 -1 75 42 15 -1 -1 -1 86 10 91 56 -1 -1 83 38 73 46 48 81 80 18 33 91
 17 -1 37 42 67  6 85  5 80 -1 19 -1  0 33 -1 81 57 -1 14 -1 67 33 90 28
 -1  7 -1 -1  9 36 95 86 57 84 38 -1 50 83 38 46 79 16 -1 96  3 -1  5 22
 -1  3 41 45]
[1 0 1 1 1 0 1 1 0 1 0 0 0 0 1 1 0 1 1 0 1 1 0 1 0 1 0 1 0 0 1 1 1 0 0 1 0
 0 0 0 0 0 0 1 1 1 1 0 1 1 0 1 1 0 0 1 0 1 1 1 0 1 1 0 1 1 1 0 0 0 0 0 1 0
 1 0 0 0 0 1 0 1 0 0 1 1 0 0 0 0 1 1 1 1 1 0 1 0 1 1]
[0 0 0 1 4 3 0 2 0 2 0 3 1 0 0 0 4 0 3 2 0 0 0 1 0 3 4 0 2 0 1 0 0 2 4 0 4
 3 0 0 4 4 4 0 0 2 2 0 3 0 3 4 0 0 1 0 0 0 3 2 0 4 1 0 1 0 0 3 3 4 2 0 0 0
 3 4 0 0 0 0 4 0 1 0 0 3 0 0 4 0 3 0 2 0 1 4 4 4 2 0]
[0 0 0 1 4 3 0 2 0 2 0 3 1 0 0 0 4 0 3 2 0 0 0 1 0 3 4 0 2 0 1 0 0 2 4 0 4
 3 0 0 4 4 4 0 0 2 2 0 3 0 3 4 0 0 1 0 0 0 3 2 0 4 1 0 1 0 0 3 3 4 2 0 0 0
 3 4 0 0 0 0 4 0 1 0 0 3 0 0 4 0 3 0 2 0 1 4 4 4 2 0]
[1 7 4 2 8 2 7 7 1 9 8 4 9 9 3 7 7 3 4 5 8 3 9 5 5 3 9 8 5 6 1 3 5 6 5 1 5
 7 8 2 4 3 6 4 7 6 7 2 8 1 5 8 1 5 8 3 6 3 7 6 9 9 6 1 9 1 8 5 5 8 8 9 7 1
 8 3 6 7 7 4 6 8 9 1 5 5 1 6 7 5 5 9 8 2 3 6 3 3 1 6]
[1 7 4 2 8 2 7 7 1 9 8 4 9 9 3 7 7 3 4 5 8 3 9 5 5 3 9 8 5 6 1 3 5 6 5 1 5
 7 8 2 4 3 6 4 7 6 7 2 8 1 5 8 1 5 8 3 6 3 7 6 9 9 6 1 9 1 8 5 5 8 8 9 7 1
 8 3 6 7 7 4 6 8 9 1 5 5 1 6 7 5 5 9 8 2 3 6 3 3 1 6]
[36, 50, 24, 20, 50, 50, 28, 32, 50, 50, 50, 50, 50, 50, 50, 36, 50, 21, 50, 16, 31, 10, 13, 50, 50, 42, 50, 25, 50, 50, 50, 50, 50, 50, 16, 50, 34, 19, 50, 40, 50, 25, 50, 50, 50, 50, 18, 50, 10, 11, 50, 13, 50, 50, 50, 43, 50, 25, 50, 50, 24, 19, 50, 50, 50, 50, 50, 30, 50, 26, 46, 50, 50, 50, 36, 10, 22, 50, 33, 41, 50, 39, 50, 50, 50, 12, 50, 34, 50, 11, 50, 50, 50, 50, 50, 40, 29, 12, 50, 48]
[0 0 0 0 0 0 0 0 0 0 0 0 0 0 0 0 0 0 0 0 0 0 0 0 0 0 0 0 0 0 0 0 0 0 0 0 0
 0 0 0 0 0 0 0 0 0 0 0 0 0 0 0 0 0 0 0 0 0 0 0 0 0 0 0 0 0 0 0 0 0 0 0 0 0
 0 0 0 0 0 0 0 0 0 0 0 0 0 0 0 0 0 0 0 0 0 0 0 0 0 0]
[1 1 1 1 1 1 1 1 1 1 1 1 1 1 1 1 1 1 1 1 1 1 1 1 1 1 1 1 1 1 1 1 1 1 1 1 1
 1 1 1 1 1 1 1 1 1 1 1 1 1 1 1 1 1 1 1 1 1 1 1 1 1 1 1 1 1 1 1 1 1 1 1 1 1
 1 1 1 1 1 1 1 1 1 1 1 1 1 1 1 1 1 1 1 1 1 1 1 1 1 1]
