[ 0  1  2  3  4  5  6  7  8  9 10 11 12 13 14 15 16 17 18 19 20 21 22 23
 24 25 26 27 28 29 30 31 32 33 34 35 36 37 38 39 40 41 42 43 44 45 46 47
 48 49 50 51 52 53 54 55 56 57 58 59 60 61 62 63 64 65 66 67 68 69 70 71
 72 73 74 75 76 77 78 79 80 81 82 83 84 85 86 87 88 89 90 91 92 93 94 95
 96 97 98 99]
[91  2 -1 95 43 -1 67 -1 79 -1 -1 -1 -1 52 87 -1 32 -1 19 58 67 84 42 72
 55 57 14 54 83 54 -1 -1 -1 35 -1 19 98 19 77 49 10 -1 -1 -1 22 -1 -1 -1
 -1 59 15 71  6 -1 73 60  2 19  5  5 13 -1 70 95 86 25 73 32  8 76 -1 -1
 18 34 59 52 -1 79 91  1 -1 40 56 55 76 -1 31 44 32 91 -1 30 -1 -1  5 72
 22 -1 92 -1]
[1 1 0 0 1 1 1 0 1 1 0 0 0 1 0 0 1 1 0 0 0 1 1 0 1 1 0 1 0 0 0 1 1 1 1 0 1
 1 1 1 0 1 0 0 1 0 1 0 1 1 0 0 0 1 1 0 1 0 1 0 0 1 0 0 1 0 1 0 0 0 0 0 0 0
 0 1 0 1 1 0 0 1 1 0 1 1 1 1 0 1 0 1 1 1 1 1 0 1 0 0]
[3 0 0 0 2 2 0 1 0 0 0 1 1 0 0 0 2 0 4 4 0 4 3 1 1 0 4 1 2 1 0 4 0 0 0 0 3
 2 2 3 2 0 2 0 0 3 0 1 0 2 0 2 0 0 2 1 0 0 2 0 3 0 0 0 1 2 4 0 1 3 0 0 4 0
 2 0 1 2 0 2 0 0 2 2 1 0 4 4 0 2 0 0 2 0 3 0 0 0 0 4]
[3 0 0 0 2 2 0 1 0 0 0 1 1 0 0 0 2 0 4 4 0 4 3 1 1 0 4 1 2 1 0 4 0 0 0 0 3
 2 2 3 2 0 2 0 0 3 0 1 0 2 0 2 0 0 2 1 0 0 2 0 3 0 0 0 1 2 4 0 1 3 0 0 4 0
 2 0 1 2 0 2 0 0 2 2 1 0 4 4 0 2 0 0 2 0 3 0 0 0 0 4]
[9 6 4 9 4 7 8 6 7 6 1 3 3 5 3 4 4 9 3 6 1 4 1 7 8 4 6 6 6 7 6 2 6 3 6 8 2
 1 4 1 4 9 1 4 4 6 1 6 5 3 7 9 7 7 2 2 7 4 9 9 9 8 8 3 4 3 1 5 6 7 7 2 4 8
 9 2 2 9 8 9 2 4 6 2 9 6 8 2 5 2 9 9 4 5 5 6 4 4 8 7]
[9 6 4 9 4 7 8 6 7 6 1 3 3 5 3 4 4 9 3 6 1 4 1 7 8 4 6 6 6 7 6 2 6 3 6 8 2
 1 4 1 4 9 1 4 4 6 1 6 5 3 7 9 7 7 2 2 7 4 9 9 9 8 8 3 4 3 1 5 6 7 7 2 4 8
 9 2 2 9 8 9 2 4 6 2 9 6 8 2 5 2 9 9 4 5 5 6 4 4 8 7]
[50, 50, 50, 50, 50, 50, 45, 29, 50, 27, 13, 50, 21, 50, 50, 15, 28, 50, 45, 14, 50, 22, 50, 48, 50, 50, 50, 50, 50, 50, 50, 39, 13, 50, 31, 11, 20, 50, 50, 50, 50, 46, 50, 50, 50, 50, 50, 32, 11, 50, 50, 50, 50, 50, 10, 35, 50, 29, 13, 50, 50, 50, 34, 30, 23, 19, 50, 46, 30, 50, 50, 45, 50, 50, 50, 41, 50, 22, 15, 42, 43, 50, 50, 16, 50, 50, 45, 50, 32, 30, 50, 50, 32, 12, 12, 50, 13, 50, 50, 21]
[0 0 0 0 0 0 0 0 0 0 0 0 0 0 0 0 0 0 0 0 0 0 0 0 0 0 0 0 0 0 0 0 0 0 0 0 0
 0 0 0 0 0 0 0 0 0 0 0 0 0 0 0 0 0 0 0 0 0 0 0 0 0 0 0 0 0 0 0 0 0 0 0 0 0
 0 0 0 0 0 0 0 0 0 0 0 0 0 0 0 0 0 0 0 0 0 0 0 0 0 0]
[1 1 1 1 1 1 1 1 1 1 1 1 1 1 1 1 1 1 1 1 1 1 1 1 1 1 1 1 1 1 1 1 1 1 1 1 1
 1 1 1 1 1 1 1 1 1 1 1 1 1 1 1 1 1 1 1 1 1 1 1 1 1 1 1 1 1 1 1 1 1 1 1 1 1
 1 1 1 1 1 1 1 1 1 1 1 1 1 1 1 1 1 1 1 1 1 1 1 1 1 1]
