[ 0  1  2  3  4  5  6  7  8  9 10 11 12 13 14 15 16 17 18 19 20 21 22 23
 24 25 26 27 28 29 30 31 32 33 34 35 36 37 38 39 40 41 42 43 44 45 46 47
 48 49 50 51 52 53 54 55 56 57 58 59 60 61 62 63 64 65 66 67 68 69 70 71
 72 73 74 75 76 77 78 79 80 81 82 83 84 85 86 87 88 89 90 91 92 93 94 95
 96 97 98 99]
[63 54 58 -1 29 -1 30  9  3 13 -1 -1 81 50 74 -1 -1 50 -1  5 -1  6 -1 99
 36 -1 -1 70 -1 61 46 38 -1 -1  0 -1 63 -1 17 45 -1 -1 13 -1 -1 58 -1 80
 34 65 34 13 -1 52 99 31 -1 89  1 63 -1 -1 49 -1 -1 17 -1 25 -1 -1 59 50
 53 -1 71 90 -1 75 -1 85 25 53 -1 74 95 57 17 52 91 61 15 64 78 79 33 28
 48 -1 62 38]
[0 0 1 1 1 0 0 1 1 1 0 0 0 0 1 1 0 1 1 0 1 0 0 1 1 0 0 1 0 1 1 1 1 1 0 0 0
 0 0 1 0 0 0 0 0 0 1 1 1 1 1 0 0 0 1 1 1 0 1 0 0 0 0 0 0 1 0 0 1 0 1 0 1 1
 1 0 1 1 1 0 1 1 1 0 1 1 0 1 1 0 0 0 1 1 1 1 1 0 1 0]
[0 1 0 3 2 0 0 2 1 0 0 0 0 0 1 0 4 1 1 4 2 1 0 4 1 0 1 4 4 1 0 2 0 0 3 4 1
 0 3 1 0 2 2 3 2 0 0 0 0 0 0 2 0 0 4 0 0 2 0 0 0 0 3 3 0 0 0 0 1 0 3 0 1 0
 3 0 4 0 3 0 3 1 0 1 0 3 0 2 0 2 1 2 1 4 2 0 0 3 0 0]
[0 1 0 3 2 0 0 2 1 0 0 0 0 0 1 0 4 1 1 4 2 1 0 4 1 0 1 4 4 1 0 2 0 0 3 4 1
 0 3 1 0 2 2 3 2 0 0 0 0 0 0 2 0 0 4 0 0 2 0 0 0 0 3 3 0 0 0 0 1 0 3 0 1 0
 3 0 4 0 3 0 3 1 0 1 0 3 0 2 0 2 1 2 1 4 2 0 0 3 0 0]
[9 4 4 9 2 9 4 1 5 2 1 4 7 2 4 9 9 2 9 2 3 1 5 3 3 7 8 2 2 3 4 2 6 4 8 9 8
 8 6 7 7 9 3 8 4 9 4 4 9 2 1 2 5 8 2 2 1 3 8 6 3 9 2 7 4 4 5 7 1 3 4 5 7 1
 9 9 2 8 6 1 4 6 2 1 4 2 2 1 6 4 6 1 9 2 4 8 7 5 6 1]
[9 4 4 9 2 9 4 1 5 2 1 4 7 2 4 9 9 2 9 2 3 1 5 3 3 7 8 2 2 3 4 2 6 4 8 9 8
 8 6 7 7 9 3 8 4 9 4 4 9 2 1 2 5 8 2 2 1 3 8 6 3 9 2 7 4 4 5 7 1 3 4 5 7 1
 9 9 2 8 6 1 4 6 2 1 4 2 2 1 6 4 6 1 9 2 4 8 7 5 6 1]
[11, 16, 31, 50, 40, 16, 50, 50, 50, 47, 23, 24, 50, 50, 23, 46, 50, 37, 50, 35, 50, 12, 50, 50, 50, 42, 50, 50, 50, 22, 50, 42, 42, 33, 50, 50, 17, 50, 50, 29, 28, 50, 11, 50, 50, 50, 50, 50, 24, 14, 47, 25, 50, 38, 50, 25, 50, 50, 50, 44, 45, 27, 50, 43, 50, 31, 12, 17, 45, 50, 50, 50, 50, 16, 50, 50, 15, 50, 50, 50, 49, 50, 50, 50, 22, 12, 42, 50, 24, 35, 29, 40, 50, 50, 50, 50, 21, 50, 50, 31]
[0 0 0 0 0 0 0 0 0 0 0 0 0 0 0 0 0 0 0 0 0 0 0 0 0 0 0 0 0 0 0 0 0 0 0 0 0
 0 0 0 0 0 0 0 0 0 0 0 0 0 0 0 0 0 0 0 0 0 0 0 0 0 0 0 0 0 0 0 0 0 0 0 0 0
 0 0 0 0 0 0 0 0 0 0 0 0 0 0 0 0 0 0 0 0 0 0 0 0 0 0]
[1 1 1 1 1 1 1 1 1 1 1 1 1 1 1 1 1 1 1 1 1 1 1 1 1 1 1 1 1 1 1 1 1 1 1 1 1
 1 1 1 1 1 1 1 1 1 1 1 1 1 1 1 1 1 1 1 1 1 1 1 1 1 1 1 1 1 1 1 1 1 1 1 1 1
 1 1 1 1 1 1 1 1 1 1 1 1 1 1 1 1 1 1 1 1 1 1 1 1 1 1]
