[ 0  1  2  3  4  5  6  7  8  9 10 11 12 13 14 15 16 17 18 19 20 21 22 23
 24 25 26 27 28 29 30 31 32 33 34 35 36 37 38 39 40 41 42 43 44 45 46 47
 48 49 50 51 52 53 54 55 56 57 58 59 60 61 62 63 64 65 66 67 68 69 70 71
 72 73 74 75 76 77 78 79 80 81 82 83 84 85 86 87 88 89 90 91 92 93 94 95
 96 97 98 99]
[-1 88 82 -1 41 -1 48 -1 15 -1  1 -1 40 96 73 -1 27 42 39 34 85 74 25 -1
 39 97 -1 91 75 -1 26 79 79 -1 39 -1 19 27 -1 -1 29 -1 88 -1 -1 92 63 -1
 98 75 -1 -1 32 74 93 16 89 -1 55 -1 -1 77 51 -1 47 15 -1 -1 43 26  9 -1
 17 -1 72 -1 83  4 26 61 41 14 -1 -1 22 -1 71 65 90 -1 60 -1 -1  8 -1 88
 -1 65 -1 16]
[0 1 1 1 0 0 0 0 1 1 1 0 1 0 0 1 0 0 1 0 0 0 0 0 1 1 1 0 1 1 0 0 1 1 0 1 0
 1 0 1 1 1 0 1 0 0 1 0 0 1 0 1 1 1 1 0 1 0 0 0 0 0 1 0 1 0 1 0 0 1 1 1 1 1
 0 1 1 0 0 0 0 0 1 0 0 1 1 0 0 1 1 1 1 0 1 0 0 0 1 1]
[3 0 4 4 1 3 0 0 0 4 0 2 0 0 0 2 0 2 0 1 0 2 0 4 0 0 4 4 0 0 2 3 0 3 2 0 0
 1 1 0 2 2 3 0 1 0 0 3 0 1 3 0 0 1 3 2 0 0 0 4 4 0 0 3 0 0 0 4 3 0 4 0 2 0
 0 2 1 0 0 0 0 2 4 1 1 0 0 0 1 0 4 4 2 0 4 0 0 1 0 4]
[3 0 4 4 1 3 0 0 0 4 0 2 0 0 0 2 0 2 0 1 0 2 0 4 0 0 4 4 0 0 2 3 0 3 2 0 0
 1 1 0 2 2 3 0 1 0 0 3 0 1 3 0 0 1 3 2 0 0 0 4 4 0 0 3 0 0 0 4 3 0 4 0 2 0
 0 2 1 0 0 0 0 2 4 1 1 0 0 0 1 0 4 4 2 0 4 0 0 1 0 4]
[6 9 6 2 9 3 9 2 8 9 7 6 5 3 5 7 1 7 5 8 4 4 2 1 8 6 7 8 8 4 5 8 4 3 9 7 8
 4 7 4 8 5 8 5 4 6 2 5 4 6 8 9 7 1 5 1 7 1 3 1 6 2 7 7 3 4 7 2 5 2 6 5 9 6
 7 2 8 6 4 4 8 4 7 8 7 3 5 2 2 1 4 9 3 1 8 8 5 9 5 1]
[6 9 6 2 9 3 9 2 8 9 7 6 5 3 5 7 1 7 5 8 4 4 2 1 8 6 7 8 8 4 5 8 4 3 9 7 8
 4 7 4 8 5 8 5 4 6 2 5 4 6 8 9 7 1 5 1 7 1 3 1 6 2 7 7 3 4 7 2 5 2 6 5 9 6
 7 2 8 6 4 4 8 4 7 8 7 3 5 2 2 1 4 9 3 1 8 8 5 9 5 1]
[50, 48, 50, 50, 26, 15, 50, 26, 50, 50, 50, 50, 50, 22, 17, 16, 25, 25, 50, 50, 33, 50, 23, 44, 50, 12, 48, 50, 27, 25, 20, 50, 50, 46, 11, 50, 23, 47, 46, 50, 50, 50, 50, 50, 36, 50, 12, 33, 38, 32, 50, 47, 21, 50, 50, 50, 16, 35, 38, 50, 50, 50, 50, 50, 50, 50, 50, 50, 43, 26, 50, 42, 50, 50, 50, 22, 50, 39, 38, 33, 33, 50, 50, 31, 50, 31, 50, 50, 13, 47, 49, 50, 19, 28, 18, 32, 50, 50, 47, 26]
[0 0 0 0 0 0 0 0 0 0 0 0 0 0 0 0 0 0 0 0 0 0 0 0 0 0 0 0 0 0 0 0 0 0 0 0 0
 0 0 0 0 0 0 0 0 0 0 0 0 0 0 0 0 0 0 0 0 0 0 0 0 0 0 0 0 0 0 0 0 0 0 0 0 0
 0 0 0 0 0 0 0 0 0 0 0 0 0 0 0 0 0 0 0 0 0 0 0 0 0 0]
[1 1 1 1 1 1 1 1 1 1 1 1 1 1 1 1 1 1 1 1 1 1 1 1 1 1 1 1 1 1 1 1 1 1 1 1 1
 1 1 1 1 1 1 1 1 1 1 1 1 1 1 1 1 1 1 1 1 1 1 1 1 1 1 1 1 1 1 1 1 1 1 1 1 1
 1 1 1 1 1 1 1 1 1 1 1 1 1 1 1 1 1 1 1 1 1 1 1 1 1 1]
