[ 0  1  2  3  4  5  6  7  8  9 10 11 12 13 14 15 16 17 18 19 20 21 22 23
 24 25 26 27 28 29 30 31 32 33 34 35 36 37 38 39 40 41 42 43 44 45 46 47
 48 49 50 51 52 53 54 55 56 57 58 59 60 61 62 63 64 65 66 67 68 69 70 71
 72 73 74 75 76 77 78 79 80 81 82 83 84 85 86 87 88 89 90 91 92 93 94 95
 96 97 98 99]
[-1 -1 -1 41 43 23 -1 -1 52 -1  6 33 -1 86  6 -1 45 80 59 39  0 -1 -1 66
 63 99 -1 -1  4 -1 -1 -1 -1 16 92 -1 74 44 77 69 86 -1 44 46 35 20 55 88
 -1 63 -1 36 -1 62 27 57 -1 18 60 73 30 43 -1 54 36 71 25 34 -1 63 -1 -1
 -1 68 -1  3 -1 51  4 -1 85 87 54 78  1 26 -1 94 26 51 -1 23 85 25  1 49
 -1 -1 -1 92]
[1 1 1 1 1 1 1 1 1 1 1 0 1 0 1 0 1 1 1 1 0 1 1 1 1 1 1 1 1 1 1 1 1 1 1 0 1
 0 0 0 0 1 0 1 0 1 1 0 1 0 0 0 1 1 0 1 0 1 1 0 1 1 1 1 0 0 0 0 0 1 0 1 0 1
 1 0 0 0 0 0 0 0 0 0 0 0 0 0 0 1 0 0 1 0 1 0 0 1 1 0]
[4 4 3 2 0 0 3 0 3 4 0 4 0 0 1 3 3 0 0 0 1 2 4 3 0 0 0 4 4 0 0 3 4 4 2 0 0
 1 0 3 2 0 0 2 0 0 4 2 1 0 0 4 0 0 3 0 0 0 4 0 0 4 2 0 0 0 0 1 0 0 3 0 3 0
 2 0 1 0 1 0 0 3 2 0 4 2 4 0 4 3 0 4 0 2 0 1 0 1 0 3]
[4 4 3 2 0 0 3 0 3 4 0 4 0 0 1 3 3 0 0 0 1 2 4 3 0 0 0 4 4 0 0 3 4 4 2 0 0
 1 0 3 2 0 0 2 0 0 4 2 1 0 0 4 0 0 3 0 0 0 4 0 0 4 2 0 0 0 0 1 0 0 3 0 3 0
 2 0 1 0 1 0 0 3 2 0 4 2 4 0 4 3 0 4 0 2 0 1 0 1 0 3]
[9 1 5 5 9 3 8 6 4 9 1 9 6 1 8 7 8 9 4 7 1 6 2 2 7 7 1 3 7 8 6 7 7 1 8 5 1
 1 7 8 5 8 8 7 1 7 2 8 5 8 4 9 8 4 4 7 7 2 7 3 5 5 4 8 8 8 6 1 7 8 3 1 5 6
 7 3 5 1 6 8 2 4 7 8 4 3 8 4 7 5 7 4 9 2 7 1 7 7 2 3]
[9 1 5 5 9 3 8 6 4 9 1 9 6 1 8 7 8 9 4 7 1 6 2 2 7 7 1 3 7 8 6 7 7 1 8 5 1
 1 7 8 5 8 8 7 1 7 2 8 5 8 4 9 8 4 4 7 7 2 7 3 5 5 4 8 8 8 6 1 7 8 3 1 5 6
 7 3 5 1 6 8 2 4 7 8 4 3 8 4 7 5 7 4 9 2 7 1 7 7 2 3]
[37, 50, 50, 50, 50, 21, 21, 19, 50, 50, 50, 16, 50, 50, 42, 14, 50, 50, 10, 24, 50, 50, 50, 41, 34, 50, 46, 50, 50, 50, 50, 50, 14, 50, 36, 40, 50, 47, 50, 34, 50, 33, 24, 50, 50, 26, 14, 27, 50, 16, 50, 50, 50, 44, 47, 11, 50, 50, 50, 50, 50, 37, 50, 29, 28, 50, 15, 28, 50, 50, 50, 50, 10, 50, 35, 50, 50, 25, 50, 24, 50, 41, 19, 40, 50, 50, 50, 18, 20, 41, 50, 50, 47, 50, 11, 39, 50, 44, 50, 11]
[0 0 0 0 0 0 0 0 0 0 0 0 0 0 0 0 0 0 0 0 0 0 0 0 0 0 0 0 0 0 0 0 0 0 0 0 0
 0 0 0 0 0 0 0 0 0 0 0 0 0 0 0 0 0 0 0 0 0 0 0 0 0 0 0 0 0 0 0 0 0 0 0 0 0
 0 0 0 0 0 0 0 0 0 0 0 0 0 0 0 0 0 0 0 0 0 0 0 0 0 0]
[1 1 1 1 1 1 1 1 1 1 1 1 1 1 1 1 1 1 1 1 1 1 1 1 1 1 1 1 1 1 1 1 1 1 1 1 1
 1 1 1 1 1 1 1 1 1 1 1 1 1 1 1 1 1 1 1 1 1 1 1 1 1 1 1 1 1 1 1 1 1 1 1 1 1
 1 1 1 1 1 1 1 1 1 1 1 1 1 1 1 1 1 1 1 1 1 1 1 1 1 1]
