[ 0  1  2  3  4  5  6  7  8  9 10 11 12 13 14 15 16 17 18 19 20 21 22 23
 24 25 26 27 28 29 30 31 32 33 34 35 36 37 38 39 40 41 42 43 44 45 46 47
 48 49 50 51 52 53 54 55 56 57 58 59 60 61 62 63 64 65 66 67 68 69 70 71
 72 73 74 75 76 77 78 79 80 81 82 83 84 85 86 87 88 89 90 91 92 93 94 95
 96 97 98 99]
[-1 -1 96 81 -1 44 60 46 -1 -1 -1 83 -1 46 -1 93 49 31 33 -1 -1 11 -1 -1
 29 99 98 30 -1 15 37 94  6 -1 -1 23 20 -1 40 96 -1 34 88 27 -1 52 62 23
 82 -1 26 25 55 88 75 -1 79 -1 51 -1 -1  8 -1 30  0  9 -1 75 57 33 51 -1
 -1 95 52 36 85 75 -1 10 69 59 68 32 38 -1 76 92 57 64 -1 -1 -1 -1 65 96
  8 -1 -1 39]
[1 0 1 0 0 0 1 0 0 0 1 1 0 1 0 0 0 0 1 0 0 0 0 1 0 1 0 0 1 0 1 0 0 1 1 0 0
 1 1 0 1 0 1 1 0 1 0 1 1 0 0 1 1 1 1 1 1 0 1 1 1 0 0 0 0 0 1 1 0 1 0 0 0 0
 1 0 0 1 1 1 0 0 1 1 1 1 1 0 0 0 1 0 0 0 1 0 0 1 0 1]
[4 0 0 4 1 0 3 3 0 2 0 1 0 0 1 3 2 0 2 0 1 0 3 0 4 4 0 2 0 0 1 0 2 1 1 3 0
 3 3 0 0 0 0 3 2 4 0 4 4 0 4 0 0 3 3 3 3 3 0 1 0 0 0 4 4 2 2 4 1 2 0 0 3 0
 0 1 3 3 0 0 4 4 2 0 0 2 0 3 2 1 0 1 2 3 3 0 4 0 2 0]
[4 0 0 4 1 0 3 3 0 2 0 1 0 0 1 3 2 0 2 0 1 0 3 0 4 4 0 2 0 0 1 0 2 1 1 3 0
 3 3 0 0 0 0 3 2 4 0 4 4 0 4 0 0 3 3 3 3 3 0 1 0 0 0 4 4 2 2 4 1 2 0 0 3 0
 0 1 3 3 0 0 4 4 2 0 0 2 0 3 2 1 0 1 2 3 3 0 4 0 2 0]
[1 8 5 4 4 5 2 8 1 6 4 6 6 9 6 1 4 1 4 9 4 8 1 4 9 3 2 9 4 2 9 9 4 9 9 7 4
 3 4 7 5 6 2 4 5 6 6 4 3 2 3 8 5 5 6 6 8 6 9 9 9 3 1 2 5 2 2 1 7 4 9 1 4 8
 3 1 3 2 4 5 8 3 8 9 7 7 7 2 6 1 7 2 6 1 4 1 5 8 6 5]
[1 8 5 4 4 5 2 8 1 6 4 6 6 9 6 1 4 1 4 9 4 8 1 4 9 3 2 9 4 2 9 9 4 9 9 7 4
 3 4 7 5 6 2 4 5 6 6 4 3 2 3 8 5 5 6 6 8 6 9 9 9 3 1 2 5 2 2 1 7 4 9 1 4 8
 3 1 3 2 4 5 8 3 8 9 7 7 7 2 6 1 7 2 6 1 4 1 5 8 6 5]
[30, 49, 25, 50, 50, 14, 50, 50, 46, 49, 24, 50, 41, 50, 15, 33, 50, 14, 50, 50, 50, 40, 50, 50, 21, 18, 50, 12, 50, 50, 10, 50, 50, 50, 50, 50, 50, 21, 33, 50, 49, 35, 50, 27, 18, 50, 50, 37, 50, 50, 50, 41, 50, 43, 50, 23, 27, 11, 41, 14, 45, 20, 17, 50, 20, 45, 50, 45, 50, 50, 50, 12, 36, 50, 50, 50, 29, 50, 46, 50, 50, 30, 12, 50, 50, 50, 50, 22, 48, 36, 30, 50, 50, 50, 50, 30, 50, 50, 16, 50]
[0 0 0 0 0 0 0 0 0 0 0 0 0 0 0 0 0 0 0 0 0 0 0 0 0 0 0 0 0 0 0 0 0 0 0 0 0
 0 0 0 0 0 0 0 0 0 0 0 0 0 0 0 0 0 0 0 0 0 0 0 0 0 0 0 0 0 0 0 0 0 0 0 0 0
 0 0 0 0 0 0 0 0 0 0 0 0 0 0 0 0 0 0 0 0 0 0 0 0 0 0]
[1 1 1 1 1 1 1 1 1 1 1 1 1 1 1 1 1 1 1 1 1 1 1 1 1 1 1 1 1 1 1 1 1 1 1 1 1
 1 1 1 1 1 1 1 1 1 1 1 1 1 1 1 1 1 1 1 1 1 1 1 1 1 1 1 1 1 1 1 1 1 1 1 1 1
 1 1 1 1 1 1 1 1 1 1 1 1 1 1 1 1 1 1 1 1 1 1 1 1 1 1]
