[ 0  1  2  3  4  5  6  7  8  9 10 11 12 13 14 15 16 17 18 19 20 21 22 23
 24 25 26 27 28 29 30 31 32 33 34 35 36 37 38 39 40 41 42 43 44 45 46 47
 48 49 50 51 52 53 54 55 56 57 58 59 60 61 62 63 64 65 66 67 68 69 70 71
 72 73 74 75 76 77 78 79 80 81 82 83 84 85 86 87 88 89 90 91 92 93 94 95
 96 97 98 99]
[-1 -1 72 -1 -1 37 -1 -1 -1 -1 11 46 56 -1 51 -1 31 96 -1 -1 90 -1  5 -1
 -1 -1 47 72 71 38 -1 41 -1 -1 -1 14 -1 -1 76 16 59 60 96 -1 -1 17 -1 78
 -1 90 -1 75 12 78 -1 -1 -1 29 89 -1 62  9 34 -1 82 31 82 -1 49 71  9 55
 26 -1 73 44 92 91 82 40 -1 73 13 17 -1 -1 88 37 68 -1 45 73 60 -1 62  2
 53 86 35 42]
[1 0 0 1 0 1 1 0 1 1 0 1 1 0 1 0 0 0 1 1 1 1 0 0 1 1 1 0 1 0 0 0 0 0 1 0 1
 1 1 0 0 1 0 0 0 0 1 1 0 0 1 1 0 0 0 0 0 0 0 1 0 1 0 1 1 1 1 1 0 0 0 1 0 1
 0 1 1 0 1 0 0 0 0 0 0 1 1 1 1 0 1 1 1 1 1 1 1 1 1 0]
[3 0 0 0 4 4 1 2 0 0 0 4 2 0 0 0 3 0 4 0 0 2 2 4 0 0 4 2 0 3 4 0 2 4 3 4 4
 4 1 0 4 0 3 0 0 4 3 2 1 3 3 4 0 1 0 4 2 0 0 4 3 2 0 2 0 1 0 2 2 2 0 0 0 0
 3 1 0 0 4 1 0 0 1 2 0 2 4 0 0 0 1 0 0 0 0 0 3 4 0 3]
[3 0 0 0 4 4 1 2 0 0 0 4 2 0 0 0 3 0 4 0 0 2 2 4 0 0 4 2 0 3 4 0 2 4 3 4 4
 4 1 0 4 0 3 0 0 4 3 2 1 3 3 4 0 1 0 4 2 0 0 4 3 2 0 2 0 1 0 2 2 2 0 0 0 0
 3 1 0 0 4 1 0 0 1 2 0 2 4 0 0 0 1 0 0 0 0 0 3 4 0 3]
[5 9 9 4 6 2 7 8 4 3 2 7 9 2 1 4 4 1 5 8 1 7 7 2 6 5 6 5 1 2 9 8 8 3 7 6 1
 9 4 1 9 2 9 4 5 9 9 9 6 5 5 2 2 6 5 2 7 9 6 1 5 4 9 5 6 5 7 6 7 3 9 4 4 1
 7 8 9 5 1 6 3 6 9 1 4 5 5 4 8 1 8 8 6 7 2 9 7 7 6 5]
[5 9 9 4 6 2 7 8 4 3 2 7 9 2 1 4 4 1 5 8 1 7 7 2 6 5 6 5 1 2 9 8 8 3 7 6 1
 9 4 1 9 2 9 4 5 9 9 9 6 5 5 2 2 6 5 2 7 9 6 1 5 4 9 5 6 5 7 6 7 3 9 4 4 1
 7 8 9 5 1 6 3 6 9 1 4 5 5 4 8 1 8 8 6 7 2 9 7 7 6 5]
[49, 10, 50, 14, 25, 47, 22, 34, 50, 50, 50, 50, 20, 14, 50, 50, 50, 34, 50, 38, 50, 32, 25, 12, 50, 50, 50, 39, 50, 50, 50, 50, 50, 50, 50, 37, 50, 50, 50, 50, 39, 20, 40, 12, 17, 50, 50, 50, 37, 48, 50, 50, 26, 49, 50, 43, 36, 33, 27, 38, 50, 22, 50, 10, 13, 48, 15, 50, 50, 50, 25, 11, 50, 21, 50, 21, 50, 50, 29, 50, 50, 50, 50, 29, 50, 50, 37, 31, 50, 50, 40, 23, 50, 49, 50, 50, 42, 50, 50, 17]
[0 0 0 0 0 0 0 0 0 0 0 0 0 0 0 0 0 0 0 0 0 0 0 0 0 0 0 0 0 0 0 0 0 0 0 0 0
 0 0 0 0 0 0 0 0 0 0 0 0 0 0 0 0 0 0 0 0 0 0 0 0 0 0 0 0 0 0 0 0 0 0 0 0 0
 0 0 0 0 0 0 0 0 0 0 0 0 0 0 0 0 0 0 0 0 0 0 0 0 0 0]
[1 1 1 1 1 1 1 1 1 1 1 1 1 1 1 1 1 1 1 1 1 1 1 1 1 1 1 1 1 1 1 1 1 1 1 1 1
 1 1 1 1 1 1 1 1 1 1 1 1 1 1 1 1 1 1 1 1 1 1 1 1 1 1 1 1 1 1 1 1 1 1 1 1 1
 1 1 1 1 1 1 1 1 1 1 1 1 1 1 1 1 1 1 1 1 1 1 1 1 1 1]
