[ 0  1  2  3  4  5  6  7  8  9 10 11 12 13 14 15 16 17 18 19 20 21 22 23
 24 25 26 27 28 29 30 31 32 33 34 35 36 37 38 39 40 41 42 43 44 45 46 47
 48 49 50 51 52 53 54 55 56 57 58 59 60 61 62 63 64 65 66 67 68 69 70 71
 72 73 74 75 76 77 78 79 80 81 82 83 84 85 86 87 88 89 90 91 92 93 94 95
 96 97 98 99]
[34 88 43 76 90 -1 98 -1 -1 56 44 44 65 47 -1 14 49 -1 -1 75 12 -1 -1 19
 11  5 -1 14 72 93 34  8 -1 90 -1 92 57 -1 37 -1 -1 -1 -1 -1 53 -1 16 -1
 30 -1 70 35 15 50 -1 61 45 40  9 63 -1 65 96 -1 12 -1 75  4 81 33 52 74
 69 -1 -1 11 -1 87 76 -1  4 10 -1 84 66 -1 17 99  5 -1 39 41 -1 68 21 16
 -1 -1 78 71]
[1 1 1 0 1 0 1 1 0 1 1 1 1 1 1 1 0 0 0 0 0 0 1 0 0 0 0 1 1 0 0 0 1 1 1 0 0
 0 0 0 1 1 0 1 0 1 0 1 0 0 0 0 1 0 1 0 1 0 0 1 1 1 1 0 1 0 1 0 1 0 1 1 0 0
 1 1 0 1 1 1 1 1 0 1 0 0 1 1 1 0 1 1 0 1 0 0 0 0 0 0]
[0 1 1 0 0 3 1 1 0 0 0 0 0 1 4 4 2 3 4 0 0 4 4 0 0 0 3 0 0 0 3 0 2 0 3 2 1
 2 0 1 2 0 0 0 0 0 0 0 0 0 3 0 0 2 1 0 3 2 2 1 1 4 1 3 3 0 0 0 0 0 0 2 3 1
 2 4 2 3 0 0 0 1 3 0 0 0 2 4 3 4 0 0 0 2 0 0 0 0 0 2]
[0 1 1 0 0 3 1 1 0 0 0 0 0 1 4 4 2 3 4 0 0 4 4 0 0 0 3 0 0 0 3 0 2 0 3 2 1
 2 0 1 2 0 0 0 0 0 0 0 0 0 3 0 0 2 1 0 3 2 2 1 1 4 1 3 3 0 0 0 0 0 0 2 3 1
 2 4 2 3 0 0 0 1 3 0 0 0 2 4 3 4 0 0 0 2 0 0 0 0 0 2]
[7 3 8 6 4 1 2 2 9 5 5 3 7 9 2 5 6 4 1 8 8 3 8 4 8 4 1 6 7 1 1 9 7 6 4 8 7
 5 9 2 1 1 6 8 4 2 7 3 1 8 9 4 8 6 8 7 2 1 6 5 9 8 2 8 1 7 9 5 2 6 1 7 5 1
 2 9 7 2 4 2 9 7 7 8 5 9 1 6 5 2 1 9 8 5 2 4 2 8 5 7]
[7 3 8 6 4 1 2 2 9 5 5 3 7 9 2 5 6 4 1 8 8 3 8 4 8 4 1 6 7 1 1 9 7 6 4 8 7
 5 9 2 1 1 6 8 4 2 7 3 1 8 9 4 8 6 8 7 2 1 6 5 9 8 2 8 1 7 9 5 2 6 1 7 5 1
 2 9 7 2 4 2 9 7 7 8 5 9 1 6 5 2 1 9 8 5 2 4 2 8 5 7]
[28, 50, 25, 50, 50, 50, 50, 34, 50, 42, 50, 42, 50, 50, 24, 50, 50, 16, 12, 16, 24, 10, 50, 50, 50, 50, 50, 50, 50, 42, 50, 50, 50, 50, 50, 50, 50, 50, 47, 50, 25, 16, 39, 50, 50, 43, 37, 19, 28, 50, 38, 43, 50, 11, 50, 31, 18, 39, 20, 15, 50, 50, 24, 50, 25, 50, 50, 50, 32, 50, 50, 48, 46, 22, 50, 50, 50, 37, 18, 50, 50, 29, 50, 50, 21, 50, 38, 12, 33, 50, 50, 29, 50, 50, 50, 50, 11, 20, 21, 50]
[0 0 0 0 0 0 0 0 0 0 0 0 0 0 0 0 0 0 0 0 0 0 0 0 0 0 0 0 0 0 0 0 0 0 0 0 0
 0 0 0 0 0 0 0 0 0 0 0 0 0 0 0 0 0 0 0 0 0 0 0 0 0 0 0 0 0 0 0 0 0 0 0 0 0
 0 0 0 0 0 0 0 0 0 0 0 0 0 0 0 0 0 0 0 0 0 0 0 0 0 0]
[1 1 1 1 1 1 1 1 1 1 1 1 1 1 1 1 1 1 1 1 1 1 1 1 1 1 1 1 1 1 1 1 1 1 1 1 1
 1 1 1 1 1 1 1 1 1 1 1 1 1 1 1 1 1 1 1 1 1 1 1 1 1 1 1 1 1 1 1 1 1 1 1 1 1
 1 1 1 1 1 1 1 1 1 1 1 1 1 1 1 1 1 1 1 1 1 1 1 1 1 1]
