[ 0  1  2  3  4  5  6  7  8  9 10 11 12 13 14 15 16 17 18 19 20 21 22 23
 24 25 26 27 28 29 30 31 32 33 34 35 36 37 38 39 40 41 42 43 44 45 46 47
 48 49 50 51 52 53 54 55 56 57 58 59 60 61 62 63 64 65 66 67 68 69 70 71
 72 73 74 75 76 77 78 79 80 81 82 83 84 85 86 87 88 89 90 91 92 93 94 95
 96 97 98 99]
[19 89 64 -1 33 -1 67 -1 78 84 79 45 -1 39 75 59 88 83 89 -1 -1 -1 36 -1
 -1 -1 -1 -1 -1 66 27 79 -1 99 -1 70 -1 27 85 19  4 74 14 -1 78 37 -1 -1
 80 -1 -1 95 70 38 26 -1 43 81 -1 72 91 -1  7 40  5 -1 -1  9 -1 -1 -1 52
 -1 -1 -1 73 -1 99 28 51 -1 -1 49  1 -1 37 -1  9 31 87 -1 -1 99 -1 81 58
 -1 44 53 -1]
[0 0 0 1 0 1 1 0 0 0 1 0 1 0 1 0 1 0 1 1 0 1 1 0 0 1 1 1 1 1 0 0 0 0 0 1 0
 1 1 1 0 0 1 0 1 1 1 1 1 0 0 0 0 1 1 1 0 0 0 1 1 1 0 1 0 1 0 0 1 1 0 0 0 1
 0 1 1 0 1 0 0 1 0 1 0 0 0 1 1 1 1 0 1 1 0 0 1 1 1 0]
[0 0 0 0 2 2 0 0 2 4 2 0 0 1 0 1 0 2 0 1 4 1 2 1 1 1 1 0 4 1 0 1 0 0 2 1 0
 0 0 2 0 0 0 0 0 0 4 0 0 0 0 0 0 0 0 1 0 4 0 1 0 3 0 2 3 0 0 0 3 3 1 0 2 0
 0 3 1 3 0 4 0 2 2 3 3 1 0 0 0 0 0 3 4 0 1 0 0 4 0 0]
[0 0 0 0 2 2 0 0 2 4 2 0 0 1 0 1 0 2 0 1 4 1 2 1 1 1 1 0 4 1 0 1 0 0 2 1 0
 0 0 2 0 0 0 0 0 0 4 0 0 0 0 0 0 0 0 1 0 4 0 1 0 3 0 2 3 0 0 0 3 3 1 0 2 0
 0 3 1 3 0 4 0 2 2 3 3 1 0 0 0 0 0 3 4 0 1 0 0 4 0 0]
[5 3 4 4 9 3 1 7 2 7 7 6 4 9 5 4 3 3 7 7 7 6 7 1 9 9 7 1 3 9 2 2 7 9 5 1 8
 8 9 2 1 9 3 6 1 9 9 3 8 5 7 1 7 6 5 2 4 6 8 7 8 4 2 1 5 4 5 2 7 7 8 5 2 8
 9 9 8 1 6 7 1 9 8 7 8 8 8 6 4 3 6 8 6 6 8 5 6 6 7 7]
[5 3 4 4 9 3 1 7 2 7 7 6 4 9 5 4 3 3 7 7 7 6 7 1 9 9 7 1 3 9 2 2 7 9 5 1 8
 8 9 2 1 9 3 6 1 9 9 3 8 5 7 1 7 6 5 2 4 6 8 7 8 4 2 1 5 4 5 2 7 7 8 5 2 8
 9 9 8 1 6 7 1 9 8 7 8 8 8 6 4 3 6 8 6 6 8 5 6 6 7 7]
[50, 19, 50, 31, 50, 43, 34, 16, 50, 50, 50, 32, 48, 46, 50, 34, 44, 50, 24, 50, 30, 50, 43, 50, 22, 50, 50, 47, 50, 50, 50, 50, 50, 46, 50, 50, 47, 50, 35, 30, 30, 48, 50, 24, 11, 15, 50, 50, 14, 50, 50, 14, 50, 50, 44, 27, 14, 44, 21, 50, 48, 50, 16, 50, 22, 34, 48, 49, 50, 34, 46, 33, 38, 50, 50, 50, 34, 39, 50, 34, 50, 50, 32, 47, 38, 50, 50, 21, 50, 50, 29, 50, 32, 11, 14, 50, 15, 26, 46, 37]
[0 0 0 0 0 0 0 0 0 0 0 0 0 0 0 0 0 0 0 0 0 0 0 0 0 0 0 0 0 0 0 0 0 0 0 0 0
 0 0 0 0 0 0 0 0 0 0 0 0 0 0 0 0 0 0 0 0 0 0 0 0 0 0 0 0 0 0 0 0 0 0 0 0 0
 0 0 0 0 0 0 0 0 0 0 0 0 0 0 0 0 0 0 0 0 0 0 0 0 0 0]
[1 1 1 1 1 1 1 1 1 1 1 1 1 1 1 1 1 1 1 1 1 1 1 1 1 1 1 1 1 1 1 1 1 1 1 1 1
 1 1 1 1 1 1 1 1 1 1 1 1 1 1 1 1 1 1 1 1 1 1 1 1 1 1 1 1 1 1 1 1 1 1 1 1 1
 1 1 1 1 1 1 1 1 1 1 1 1 1 1 1 1 1 1 1 1 1 1 1 1 1 1]
