[ 0  1  2  3  4  5  6  7  8  9 10 11 12 13 14 15 16 17 18 19 20 21 22 23
 24 25 26 27 28 29 30 31 32 33 34 35 36 37 38 39 40 41 42 43 44 45 46 47
 48 49 50 51 52 53 54 55 56 57 58 59 60 61 62 63 64 65 66 67 68 69 70 71
 72 73 74 75 76 77 78 79 80 81 82 83 84 85 86 87 88 89 90 91 92 93 94 95
 96 97 98 99]
[-1 96 -1 13 -1 77 68 23 -1 36 45 -1 -1 47 41 94 56 23 -1 17 -1 39 -1 -1
 11 -1 -1 -1 -1 -1 88 41 41 -1 -1 70 -1 99 -1 24 -1 -1 -1 26 97 80 34 -1
 85 11 82 27 34 17 -1 54 10 74 28 78 88 59  9 12 -1 20 70 64 32 18 -1 -1
 19 55 -1 24 -1 -1 92 35 -1 66 -1 44 11 21 43 58 17 69 -1 50 18  9 47 91
 14 86 67 41]
[0 1 0 0 1 1 0 0 1 1 1 1 1 0 1 1 1 1 1 1 1 0 1 1 1 0 1 0 1 0 1 0 1 0 1 1 1
 0 0 0 0 0 0 1 0 1 1 1 1 1 0 0 0 0 1 0 0 1 1 0 1 0 0 0 1 0 0 1 0 0 0 1 0 1
 1 0 0 1 1 1 1 0 1 0 0 1 1 1 0 0 1 1 0 1 1 0 1 1 0 1]
[0 0 1 0 0 3 2 0 0 3 1 0 2 0 2 0 1 0 4 1 4 0 0 4 3 0 1 0 0 0 0 3 1 3 3 0 1
 0 3 1 0 0 0 0 4 0 0 3 0 0 0 3 1 0 4 2 0 0 3 3 0 0 1 0 1 0 0 4 0 4 1 2 0 4
 0 0 0 4 1 0 0 0 0 0 3 1 2 2 0 1 0 3 0 4 0 1 1 4 0 1]
[0 0 1 0 0 3 2 0 0 3 1 0 2 0 2 0 1 0 4 1 4 0 0 4 3 0 1 0 0 0 0 3 1 3 3 0 1
 0 3 1 0 0 0 0 4 0 0 3 0 0 0 3 1 0 4 2 0 0 3 3 0 0 1 0 1 0 0 4 0 4 1 2 0 4
 0 0 0 4 1 0 0 0 0 0 3 1 2 2 0 1 0 3 0 4 0 1 1 4 0 1]
[2 1 7 3 2 4 8 3 9 7 9 5 6 9 7 3 1 6 1 4 5 6 4 8 6 9 1 7 3 1 5 3 2 9 7 9 4
 8 1 1 8 5 5 5 1 8 7 9 6 9 5 3 5 3 4 1 7 7 4 1 1 6 4 7 5 6 1 6 6 9 1 2 5 1
 6 4 3 9 6 6 3 5 7 9 9 7 9 2 8 9 7 4 7 1 3 3 8 5 7 6]
[2 1 7 3 2 4 8 3 9 7 9 5 6 9 7 3 1 6 1 4 5 6 4 8 6 9 1 7 3 1 5 3 2 9 7 9 4
 8 1 1 8 5 5 5 1 8 7 9 6 9 5 3 5 3 4 1 7 7 4 1 1 6 4 7 5 6 1 6 6 9 1 2 5 1
 6 4 3 9 6 6 3 5 7 9 9 7 9 2 8 9 7 4 7 1 3 3 8 5 7 6]
[50, 50, 19, 33, 20, 50, 50, 50, 50, 50, 40, 50, 47, 50, 44, 50, 11, 34, 50, 50, 32, 28, 42, 40, 50, 42, 37, 36, 50, 50, 27, 50, 50, 50, 50, 21, 28, 50, 19, 23, 50, 50, 40, 19, 33, 13, 50, 50, 16, 50, 48, 34, 21, 50, 21, 21, 32, 21, 50, 50, 50, 24, 16, 38, 50, 19, 50, 50, 41, 50, 41, 50, 49, 15, 17, 50, 50, 50, 35, 36, 50, 33, 50, 50, 41, 50, 46, 50, 44, 43, 26, 50, 50, 21, 50, 50, 50, 50, 38, 35]
[0 0 0 0 0 0 0 0 0 0 0 0 0 0 0 0 0 0 0 0 0 0 0 0 0 0 0 0 0 0 0 0 0 0 0 0 0
 0 0 0 0 0 0 0 0 0 0 0 0 0 0 0 0 0 0 0 0 0 0 0 0 0 0 0 0 0 0 0 0 0 0 0 0 0
 0 0 0 0 0 0 0 0 0 0 0 0 0 0 0 0 0 0 0 0 0 0 0 0 0 0]
[1 1 1 1 1 1 1 1 1 1 1 1 1 1 1 1 1 1 1 1 1 1 1 1 1 1 1 1 1 1 1 1 1 1 1 1 1
 1 1 1 1 1 1 1 1 1 1 1 1 1 1 1 1 1 1 1 1 1 1 1 1 1 1 1 1 1 1 1 1 1 1 1 1 1
 1 1 1 1 1 1 1 1 1 1 1 1 1 1 1 1 1 1 1 1 1 1 1 1 1 1]
