[ 0  1  2  3  4  5  6  7  8  9 10 11 12 13 14 15 16 17 18 19 20 21 22 23
 24 25 26 27 28 29 30 31 32 33 34 35 36 37 38 39 40 41 42 43 44 45 46 47
 48 49 50 51 52 53 54 55 56 57 58 59 60 61 62 63 64 65 66 67 68 69 70 71
 72 73 74 75 76 77 78 79 80 81 82 83 84 85 86 87 88 89 90 91 92 93 94 95
 96 97 98 99]
[98 35 -1 -1 99 -1 -1 72 33 19  5 99 28 89 75 13 49 78 -1 32 -1  8 -1 42
 -1 -1 38 -1 58 -1 96 86 13 -1 -1 10 -1  4  4 24 67 -1 -1 -1 99 -1 -1 -1
 -1 -1 63 -1 -1 -1  0 -1 -1  3 -1 -1 -1 25 -1 25 93 -1 64 -1 -1 66 75  5
 93 17 -1 87 -1 -1 -1 20 -1 35 99 73 -1 -1 -1 -1 -1 -1 85 -1 45 -1 23 26
 -1 96 88 47]
[0 0 0 0 0 0 0 1 0 0 1 0 0 1 1 1 0 1 1 0 1 0 0 0 0 1 0 1 0 1 0 0 1 0 1 0 0
 1 1 0 1 1 1 0 1 1 1 0 0 0 0 1 1 0 0 0 0 1 1 1 0 1 0 0 1 0 0 0 0 0 1 1 0 0
 1 1 0 0 0 0 0 1 1 0 0 1 0 1 1 1 1 1 0 1 0 1 0 1 1 1]
[0 0 3 0 0 0 2 0 0 0 2 1 2 0 2 0 4 4 3 0 0 0 4 0 0 3 3 0 0 0 3 0 4 1 3 0 0
 3 1 0 0 2 0 4 2 0 2 0 0 0 0 0 0 3 4 1 0 0 0 0 0 0 3 3 2 1 1 4 3 0 4 3 1 0
 3 0 2 0 0 0 2 0 1 0 0 4 2 0 3 1 2 0 1 1 1 2 0 1 0 0]
[0 0 3 0 0 0 2 0 0 0 2 1 2 0 2 0 4 4 3 0 0 0 4 0 0 3 3 0 0 0 3 0 4 1 3 0 0
 3 1 0 0 2 0 4 2 0 2 0 0 0 0 0 0 3 4 1 0 0 0 0 0 0 3 3 2 1 1 4 3 0 4 3 1 0
 3 0 2 0 0 0 2 0 1 0 0 4 2 0 3 1 2 0 1 1 1 2 0 1 0 0]
[7 2 9 9 1 5 4 5 1 6 9 2 9 2 4 1 8 7 4 9 3 1 2 6 8 6 4 2 1 3 7 1 7 7 7 2 8
 7 7 8 4 2 9 1 6 6 8 5 7 7 3 6 2 1 9 9 1 1 6 9 8 7 5 3 8 4 2 7 5 6 6 2 2 3
 2 5 3 7 5 3 7 3 6 8 2 4 1 3 9 9 5 6 9 7 4 7 3 4 5 3]
[7 2 9 9 1 5 4 5 1 6 9 2 9 2 4 1 8 7 4 9 3 1 2 6 8 6 4 2 1 3 7 1 7 7 7 2 8
 7 7 8 4 2 9 1 6 6 8 5 7 7 3 6 2 1 9 9 1 1 6 9 8 7 5 3 8 4 2 7 5 6 6 2 2 3
 2 5 3 7 5 3 7 3 6 8 2 4 1 3 9 9 5 6 9 7 4 7 3 4 5 3]
[41, 21, 12, 50, 47, 50, 50, 33, 46, 50, 50, 50, 22, 34, 50, 50, 43, 50, 10, 50, 19, 37, 50, 50, 50, 50, 50, 50, 44, 24, 50, 21, 50, 50, 32, 50, 27, 50, 50, 50, 36, 50, 50, 50, 30, 50, 22, 17, 50, 50, 25, 40, 33, 50, 50, 50, 50, 22, 21, 50, 50, 19, 50, 26, 49, 50, 50, 41, 15, 50, 50, 50, 50, 50, 50, 48, 50, 50, 50, 16, 12, 31, 22, 50, 16, 13, 50, 33, 50, 26, 37, 27, 23, 50, 50, 39, 38, 20, 40, 50]
[0 0 0 0 0 0 0 0 0 0 0 0 0 0 0 0 0 0 0 0 0 0 0 0 0 0 0 0 0 0 0 0 0 0 0 0 0
 0 0 0 0 0 0 0 0 0 0 0 0 0 0 0 0 0 0 0 0 0 0 0 0 0 0 0 0 0 0 0 0 0 0 0 0 0
 0 0 0 0 0 0 0 0 0 0 0 0 0 0 0 0 0 0 0 0 0 0 0 0 0 0]
[1 1 1 1 1 1 1 1 1 1 1 1 1 1 1 1 1 1 1 1 1 1 1 1 1 1 1 1 1 1 1 1 1 1 1 1 1
 1 1 1 1 1 1 1 1 1 1 1 1 1 1 1 1 1 1 1 1 1 1 1 1 1 1 1 1 1 1 1 1 1 1 1 1 1
 1 1 1 1 1 1 1 1 1 1 1 1 1 1 1 1 1 1 1 1 1 1 1 1 1 1]
