[ 0  1  2  3  4  5  6  7  8  9 10 11 12 13 14 15 16 17 18 19 20 21 22 23
 24 25 26 27 28 29 30 31 32 33 34 35 36 37 38 39 40 41 42 43 44 45 46 47
 48 49 50 51 52 53 54 55 56 57 58 59 60 61 62 63 64 65 66 67 68 69 70 71
 72 73 74 75 76 77 78 79 80 81 82 83 84 85 86 87 88 89 90 91 92 93 94 95
 96 97 98 99]
[54 15 34 31 65 -1 70 36 55 -1 94 26 -1 20  7 82 13 32 -1 71 60 -1 67 18
 56 38 38 44 84 82 36 -1 18 45 17 76  8 27 91 57 57 25 -1 -1 19 39 -1 -1
 -1 -1 40 -1 -1 63 -1 -1 39 -1  6 69 55 -1 -1 -1 37 -1 81 62 -1 -1 17 -1
 87 63 -1 79 -1 33 58 43 94 -1 81 77 -1  6 21 -1 58 41 19  9 70 -1 -1 45
 35 27 -1 61]
[1 0 1 1 1 0 0 1 1 0 1 0 0 0 1 1 1 0 1 1 0 1 0 1 1 1 1 0 0 1 1 0 1 0 1 1 1
 1 0 0 0 1 1 1 0 1 1 0 0 1 1 1 1 0 1 1 0 0 1 1 1 0 0 0 1 1 1 0 0 0 0 1 1 1
 1 1 0 0 1 1 0 0 1 0 1 1 0 1 1 1 0 0 0 1 0 1 0 0 1 1]
[3 3 0 0 0 0 3 0 0 2 0 0 0 0 0 4 3 4 0 4 0 4 0 2 0 0 0 0 0 1 0 3 1 2 2 0 1
 0 4 0 2 0 0 1 0 0 2 1 4 0 0 1 3 0 0 2 3 0 0 2 0 3 0 4 4 0 0 2 1 0 0 1 0 1
 4 0 0 0 0 0 0 1 0 3 1 0 0 0 0 1 1 4 0 2 0 2 0 0 2 1]
[3 3 0 0 0 0 3 0 0 2 0 0 0 0 0 4 3 4 0 4 0 4 0 2 0 0 0 0 0 1 0 3 1 2 2 0 1
 0 4 0 2 0 0 1 0 0 2 1 4 0 0 1 3 0 0 2 3 0 0 2 0 3 0 4 4 0 0 2 1 0 0 1 0 1
 4 0 0 0 0 0 0 1 0 3 1 0 0 0 0 1 1 4 0 2 0 2 0 0 2 1]
[9 2 7 7 8 4 5 7 8 9 7 4 2 5 1 4 6 5 5 9 4 2 2 4 7 6 6 6 1 7 1 1 9 7 2 5 8
 7 4 4 4 4 4 5 5 1 3 7 1 7 9 4 5 1 9 4 7 5 8 4 5 5 1 7 9 5 2 7 4 1 6 3 2 7
 4 3 6 6 9 4 3 1 6 8 5 4 2 3 5 7 7 2 3 2 7 5 8 9 4 9]
[9 2 7 7 8 4 5 7 8 9 7 4 2 5 1 4 6 5 5 9 4 2 2 4 7 6 6 6 1 7 1 1 9 7 2 5 8
 7 4 4 4 4 4 5 5 1 3 7 1 7 9 4 5 1 9 4 7 5 8 4 5 5 1 7 9 5 2 7 4 1 6 3 2 7
 4 3 6 6 9 4 3 1 6 8 5 4 2 3 5 7 7 2 3 2 7 5 8 9 4 9]
[50, 50, 50, 38, 45, 50, 50, 50, 12, 50, 50, 17, 29, 50, 10, 29, 50, 50, 33, 50, 49, 17, 50, 29, 50, 50, 12, 31, 50, 50, 50, 47, 12, 50, 33, 50, 10, 50, 50, 50, 27, 47, 50, 50, 50, 50, 50, 13, 50, 50, 50, 27, 50, 50, 50, 50, 50, 50, 27, 50, 42, 46, 50, 33, 48, 50, 35, 37, 43, 50, 41, 50, 16, 27, 15, 50, 50, 10, 50, 29, 17, 50, 50, 50, 50, 50, 11, 50, 21, 10, 35, 36, 49, 48, 50, 18, 44, 35, 10, 50]
[0 0 0 0 0 0 0 0 0 0 0 0 0 0 0 0 0 0 0 0 0 0 0 0 0 0 0 0 0 0 0 0 0 0 0 0 0
 0 0 0 0 0 0 0 0 0 0 0 0 0 0 0 0 0 0 0 0 0 0 0 0 0 0 0 0 0 0 0 0 0 0 0 0 0
 0 0 0 0 0 0 0 0 0 0 0 0 0 0 0 0 0 0 0 0 0 0 0 0 0 0]
[1 1 1 1 1 1 1 1 1 1 1 1 1 1 1 1 1 1 1 1 1 1 1 1 1 1 1 1 1 1 1 1 1 1 1 1 1
 1 1 1 1 1 1 1 1 1 1 1 1 1 1 1 1 1 1 1 1 1 1 1 1 1 1 1 1 1 1 1 1 1 1 1 1 1
 1 1 1 1 1 1 1 1 1 1 1 1 1 1 1 1 1 1 1 1 1 1 1 1 1 1]
