[ 0  1  2  3  4  5  6  7  8  9 10 11 12 13 14 15 16 17 18 19 20 21 22 23
 24 25 26 27 28 29 30 31 32 33 34 35 36 37 38 39 40 41 42 43 44 45 46 47
 48 49 50 51 52 53 54 55 56 57 58 59 60 61 62 63 64 65 66 67 68 69 70 71
 72 73 74 75 76 77 78 79 80 81 82 83 84 85 86 87 88 89 90 91 92 93 94 95
 96 97 98 99]
[-1 -1 -1 60 -1 21 98 27 -1 34 72 -1 62 44 79 -1 35 -1 -1 87 69 80 99 56
 67 -1 -1 28 -1 -1 78 34  7 -1 94 -1 -1 75 36 64  1 86 82 -1 -1 75 36 -1
  1 78 41 97 -1 75 -1 72 -1 94 -1 -1 -1 58 83 -1 71 63 -1 28 75  3 88 -1
 -1 92 40 -1 81 92 28 38 67 74 -1 14 -1 32 61 58 -1 69 50 -1 -1 45 78 -1
  8 85 -1 91]
[0 0 0 0 0 1 1 1 0 1 0 0 1 0 1 1 1 1 0 0 1 0 0 0 1 0 0 1 1 0 0 1 1 1 0 1 1
 1 0 1 1 1 1 1 1 1 1 1 1 1 1 1 0 0 0 0 0 1 0 0 0 1 1 0 1 1 0 0 0 1 1 0 1 0
 1 1 0 1 1 0 1 1 1 0 0 1 0 0 0 0 0 1 0 1 1 0 1 0 0 0]
[2 0 3 0 2 2 2 0 0 0 4 0 0 1 0 1 0 2 2 3 1 0 0 0 1 3 4 3 0 0 0 0 2 0 0 0 0
 2 0 0 0 0 1 0 0 0 0 0 4 3 1 1 0 0 1 0 4 4 2 1 0 0 1 0 1 2 4 3 0 0 4 0 0 0
 3 1 3 0 0 3 4 0 0 1 3 1 1 0 0 4 3 0 0 2 0 0 0 0 4 0]
[2 0 3 0 2 2 2 0 0 0 4 0 0 1 0 1 0 2 2 3 1 0 0 0 1 3 4 3 0 0 0 0 2 0 0 0 0
 2 0 0 0 0 1 0 0 0 0 0 4 3 1 1 0 0 1 0 4 4 2 1 0 0 1 0 1 2 4 3 0 0 4 0 0 0
 3 1 3 0 0 3 4 0 0 1 3 1 1 0 0 4 3 0 0 2 0 0 0 0 4 0]
[9 4 7 4 3 6 8 8 8 7 7 1 1 6 2 6 6 8 5 7 5 2 9 7 5 9 7 7 8 5 3 3 2 7 9 1 2
 9 9 4 8 4 5 9 7 6 2 7 1 4 4 6 4 2 3 4 7 6 8 7 3 9 8 8 1 7 1 8 8 2 8 9 9 9
 6 4 2 1 6 9 7 5 2 3 3 2 2 8 3 1 7 4 8 3 9 6 2 3 1 1]
[9 4 7 4 3 6 8 8 8 7 7 1 1 6 2 6 6 8 5 7 5 2 9 7 5 9 7 7 8 5 3 3 2 7 9 1 2
 9 9 4 8 4 5 9 7 6 2 7 1 4 4 6 4 2 3 4 7 6 8 7 3 9 8 8 1 7 1 8 8 2 8 9 9 9
 6 4 2 1 6 9 7 5 2 3 3 2 2 8 3 1 7 4 8 3 9 6 2 3 1 1]
[50, 50, 22, 50, 30, 50, 27, 14, 50, 28, 40, 50, 12, 50, 41, 45, 50, 50, 50, 35, 18, 50, 50, 36, 36, 13, 16, 50, 50, 43, 50, 50, 50, 50, 50, 50, 50, 50, 50, 28, 25, 50, 50, 50, 48, 50, 50, 50, 50, 50, 50, 50, 50, 44, 50, 44, 47, 21, 33, 36, 31, 28, 50, 50, 31, 49, 50, 39, 16, 44, 50, 44, 18, 50, 45, 25, 50, 25, 50, 27, 19, 45, 15, 10, 26, 50, 25, 15, 50, 38, 50, 16, 36, 50, 35, 46, 50, 38, 36, 46]
[0 0 0 0 0 0 0 0 0 0 0 0 0 0 0 0 0 0 0 0 0 0 0 0 0 0 0 0 0 0 0 0 0 0 0 0 0
 0 0 0 0 0 0 0 0 0 0 0 0 0 0 0 0 0 0 0 0 0 0 0 0 0 0 0 0 0 0 0 0 0 0 0 0 0
 0 0 0 0 0 0 0 0 0 0 0 0 0 0 0 0 0 0 0 0 0 0 0 0 0 0]
[1 1 1 1 1 1 1 1 1 1 1 1 1 1 1 1 1 1 1 1 1 1 1 1 1 1 1 1 1 1 1 1 1 1 1 1 1
 1 1 1 1 1 1 1 1 1 1 1 1 1 1 1 1 1 1 1 1 1 1 1 1 1 1 1 1 1 1 1 1 1 1 1 1 1
 1 1 1 1 1 1 1 1 1 1 1 1 1 1 1 1 1 1 1 1 1 1 1 1 1 1]
