[ 0  1  2  3  4  5  6  7  8  9 10 11 12 13 14 15 16 17 18 19 20 21 22 23
 24 25 26 27 28 29 30 31 32 33 34 35 36 37 38 39 40 41 42 43 44 45 46 47
 48 49 50 51 52 53 54 55 56 57 58 59 60 61 62 63 64 65 66 67 68 69 70 71
 72 73 74 75 76 77 78 79 80 81 82 83 84 85 86 87 88 89 90 91 92 93 94 95
 96 97 98 99]
[96 -1 94 -1 43 64 13 41  6 -1 13 83 -1 85 -1 34 39 -1 27 -1 22 -1 28 83
 -1 27 31 -1 -1  4 -1 48 -1 -1 87 64 67 81 17 31 18 63 28 -1 -1 91 53 64
 -1 -1  9 67 -1 16 97 -1 91 -1 22 37  7 12 37 25 32  0 77 10 29 89 90 -1
 67 -1 69 10 15 -1 55 85 -1 12 -1 88 -1  1 81 -1  1 -1 58 61 85 62 36 93
 -1 80 17 95]
[1 0 1 1 1 0 0 0 1 1 1 0 0 1 1 1 0 0 1 0 0 1 0 0 0 1 0 1 0 1 0 0 1 1 1 1 1
 1 1 0 1 0 1 1 1 1 0 0 0 0 1 1 1 0 0 0 0 1 1 0 0 1 1 0 1 0 0 0 1 0 0 1 0 0
 1 1 0 1 1 0 1 1 1 0 1 0 0 0 1 0 0 0 0 1 1 1 0 0 1 0]
[4 0 4 2 3 2 0 4 0 0 0 1 4 2 3 0 0 0 0 0 2 0 1 4 0 2 0 1 2 0 1 4 1 0 2 0 0
 0 0 3 2 2 4 0 0 0 4 4 3 2 0 0 3 0 0 0 1 4 2 1 3 0 4 3 0 3 2 0 4 2 1 3 4 0
 0 1 0 2 3 1 3 2 2 0 0 0 0 3 4 3 2 0 0 0 3 3 3 0 0 2]
[4 0 4 2 3 2 0 4 0 0 0 1 4 2 3 0 0 0 0 0 2 0 1 4 0 2 0 1 2 0 1 4 1 0 2 0 0
 0 0 3 2 2 4 0 0 0 4 4 3 2 0 0 3 0 0 0 1 4 2 1 3 0 4 3 0 3 2 0 4 2 1 3 4 0
 0 1 0 2 3 1 3 2 2 0 0 0 0 3 4 3 2 0 0 0 3 3 3 0 0 2]
[2 4 7 6 3 2 5 2 9 1 3 2 5 9 8 8 1 9 4 3 9 3 9 7 1 1 9 4 8 3 2 6 3 9 8 7 1
 7 4 6 6 4 3 1 2 9 5 7 5 7 2 4 8 6 4 5 2 8 7 6 9 8 5 8 2 2 8 5 5 4 2 8 9 6
 8 2 1 1 2 7 6 6 8 7 5 9 4 2 1 7 2 6 2 6 5 3 9 4 9 7]
[2 4 7 6 3 2 5 2 9 1 3 2 5 9 8 8 1 9 4 3 9 3 9 7 1 1 9 4 8 3 2 6 3 9 8 7 1
 7 4 6 6 4 3 1 2 9 5 7 5 7 2 4 8 6 4 5 2 8 7 6 9 8 5 8 2 2 8 5 5 4 2 8 9 6
 8 2 1 1 2 7 6 6 8 7 5 9 4 2 1 7 2 6 2 6 5 3 9 4 9 7]
[50, 50, 50, 21, 21, 50, 50, 17, 50, 10, 50, 14, 50, 22, 50, 50, 34, 46, 50, 17, 50, 40, 50, 32, 50, 50, 50, 33, 50, 45, 17, 12, 29, 50, 14, 33, 32, 50, 45, 50, 11, 39, 50, 50, 50, 50, 50, 50, 50, 22, 18, 50, 24, 10, 50, 47, 37, 44, 37, 25, 50, 50, 10, 50, 50, 30, 50, 50, 50, 50, 50, 22, 50, 17, 50, 19, 50, 50, 50, 50, 50, 33, 37, 17, 50, 50, 31, 50, 50, 50, 45, 50, 17, 47, 50, 50, 50, 47, 50, 30]
[0 0 0 0 0 0 0 0 0 0 0 0 0 0 0 0 0 0 0 0 0 0 0 0 0 0 0 0 0 0 0 0 0 0 0 0 0
 0 0 0 0 0 0 0 0 0 0 0 0 0 0 0 0 0 0 0 0 0 0 0 0 0 0 0 0 0 0 0 0 0 0 0 0 0
 0 0 0 0 0 0 0 0 0 0 0 0 0 0 0 0 0 0 0 0 0 0 0 0 0 0]
[1 1 1 1 1 1 1 1 1 1 1 1 1 1 1 1 1 1 1 1 1 1 1 1 1 1 1 1 1 1 1 1 1 1 1 1 1
 1 1 1 1 1 1 1 1 1 1 1 1 1 1 1 1 1 1 1 1 1 1 1 1 1 1 1 1 1 1 1 1 1 1 1 1 1
 1 1 1 1 1 1 1 1 1 1 1 1 1 1 1 1 1 1 1 1 1 1 1 1 1 1]
