[ 0  1  2  3  4  5  6  7  8  9 10 11 12 13 14 15 16 17 18 19 20 21 22 23
 24 25 26 27 28 29 30 31 32 33 34 35 36 37 38 39 40 41 42 43 44 45 46 47
 48 49 50 51 52 53 54 55 56 57 58 59 60 61 62 63 64 65 66 67 68 69 70 71
 72 73 74 75 76 77 78 79 80 81 82 83 84 85 86 87 88 89 90 91 92 93 94 95
 96 97 98 99]
[11 35 -1 -1 30 78 57 19 25 -1 59 22 34 -1 -1 86 82 71 27 14 62 -1 56 65
 96 -1  2 -1 64 22 73 -1 -1 19 -1 99 -1 53  6 -1 -1 49 23 48 -1 -1 -1 69
 53 78 97 -1 -1 90 56 82 90 55 31 50 27 -1 -1 44 35 -1 33 -1 93 -1 46  4
 10 81 35 51 -1 -1 -1 53 -1 48 52 50 -1 33 16 80  6 -1 26 60 69 -1 50 78
  6 85 64 60]
[0 0 1 0 0 0 0 0 1 0 1 1 1 1 1 1 1 1 1 1 0 0 1 1 1 1 1 1 0 1 0 1 0 1 0 0 0
 0 0 0 1 0 1 1 1 1 1 0 1 0 0 0 0 0 0 1 0 0 1 1 1 1 0 1 0 1 0 0 0 0 0 1 0 0
 0 1 0 0 0 0 1 1 1 1 0 1 1 0 0 0 1 1 0 0 0 0 1 1 0 1]
[2 1 0 0 0 4 0 0 0 0 0 2 4 4 0 0 0 0 1 1 1 0 0 0 2 0 3 3 1 0 0 1 3 0 0 0 1
 0 0 0 4 0 4 3 0 4 0 0 1 2 0 0 0 0 2 2 0 3 0 0 0 0 4 0 2 3 0 0 4 0 0 0 4 0
 0 0 3 0 0 0 4 0 3 0 4 1 0 3 4 0 2 3 4 0 0 0 1 0 0 0]
[2 1 0 0 0 4 0 0 0 0 0 2 4 4 0 0 0 0 1 1 1 0 0 0 2 0 3 3 1 0 0 1 3 0 0 0 1
 0 0 0 4 0 4 3 0 4 0 0 1 2 0 0 0 0 2 2 0 3 0 0 0 0 4 0 2 3 0 0 4 0 0 0 4 0
 0 0 3 0 0 0 4 0 3 0 4 1 0 3 4 0 2 3 4 0 0 0 1 0 0 0]
[1 8 4 9 9 3 1 7 1 3 3 5 9 1 4 7 2 7 5 3 3 7 7 1 5 7 6 2 5 6 1 3 1 8 7 6 4
 7 3 5 9 2 5 3 3 9 8 6 8 4 5 9 6 8 4 7 6 8 4 9 7 9 9 6 8 6 1 7 3 4 8 1 8 4
 4 1 4 4 4 9 7 1 8 6 3 8 8 5 8 8 6 4 8 1 6 4 1 6 5 4]
[1 8 4 9 9 3 1 7 1 3 3 5 9 1 4 7 2 7 5 3 3 7 7 1 5 7 6 2 5 6 1 3 1 8 7 6 4
 7 3 5 9 2 5 3 3 9 8 6 8 4 5 9 6 8 4 7 6 8 4 9 7 9 9 6 8 6 1 7 3 4 8 1 8 4
 4 1 4 4 4 9 7 1 8 6 3 8 8 5 8 8 6 4 8 1 6 4 1 6 5 4]
[50, 11, 22, 50, 31, 50, 50, 27, 14, 50, 50, 16, 42, 50, 50, 50, 50, 50, 37, 50, 50, 50, 50, 23, 50, 50, 35, 50, 28, 31, 43, 50, 50, 44, 50, 25, 48, 32, 29, 50, 50, 50, 50, 38, 50, 50, 50, 35, 23, 22, 50, 12, 36, 50, 50, 50, 38, 50, 15, 23, 49, 50, 50, 46, 11, 22, 50, 50, 42, 32, 50, 31, 31, 50, 50, 50, 30, 50, 34, 16, 18, 50, 50, 22, 30, 50, 44, 50, 27, 50, 50, 50, 33, 50, 50, 13, 13, 50, 35, 41]
[0 0 0 0 0 0 0 0 0 0 0 0 0 0 0 0 0 0 0 0 0 0 0 0 0 0 0 0 0 0 0 0 0 0 0 0 0
 0 0 0 0 0 0 0 0 0 0 0 0 0 0 0 0 0 0 0 0 0 0 0 0 0 0 0 0 0 0 0 0 0 0 0 0 0
 0 0 0 0 0 0 0 0 0 0 0 0 0 0 0 0 0 0 0 0 0 0 0 0 0 0]
[1 1 1 1 1 1 1 1 1 1 1 1 1 1 1 1 1 1 1 1 1 1 1 1 1 1 1 1 1 1 1 1 1 1 1 1 1
 1 1 1 1 1 1 1 1 1 1 1 1 1 1 1 1 1 1 1 1 1 1 1 1 1 1 1 1 1 1 1 1 1 1 1 1 1
 1 1 1 1 1 1 1 1 1 1 1 1 1 1 1 1 1 1 1 1 1 1 1 1 1 1]
