[ 0  1  2  3  4  5  6  7  8  9 10 11 12 13 14 15 16 17 18 19 20 21 22 23
 24 25 26 27 28 29 30 31 32 33 34 35 36 37 38 39 40 41 42 43 44 45 46 47
 48 49 50 51 52 53 54 55 56 57 58 59 60 61 62 63 64 65 66 67 68 69 70 71
 72 73 74 75 76 77 78 79 80 81 82 83 84 85 86 87 88 89 90 91 92 93 94 95
 96 97 98 99]
[62 -1 37 -1 69 -1 81 -1 79 71 32 -1 -1 52 88 -1 -1 30  9 -1 -1 31  2 36
 54 -1 78 23 -1 82 28 19 -1 85 99 69  4 91 87 -1 30 -1 -1 57 18 73 91 69
 96 38 -1 45 77 -1 -1 -1 -1 69 74 90 -1 51  7 -1 47 83 -1 76 -1 -1 -1 -1
 94 30 47 -1 46 62 70 34 88 48 40 90 -1 11 -1 30 58 46 60 35 89 99 -1 -1
 -1 82 80 87]
[1 1 1 1 0 1 0 0 1 1 0 1 0 1 0 0 0 0 1 0 1 1 1 0 0 1 0 0 0 0 1 0 1 0 0 1 0
 0 0 0 0 1 1 1 1 0 0 1 1 1 0 1 1 1 1 0 1 0 0 1 0 0 0 0 0 0 0 1 1 0 0 1 1 1
 0 1 1 1 1 1 1 0 1 0 0 1 1 1 0 0 1 1 1 1 1 1 1 1 0 1]
[4 0 3 0 2 0 3 0 0 3 0 2 0 0 3 2 0 0 3 3 0 0 0 4 2 0 0 0 0 0 0 1 2 2 0 4 1
 1 2 4 4 0 0 3 0 0 3 0 0 3 0 4 0 0 3 3 2 0 2 0 0 4 1 4 4 0 0 0 3 0 1 4 1 0
 0 3 0 1 1 0 4 0 0 3 0 4 4 2 3 1 4 1 0 1 0 2 4 0 3 3]
[4 0 3 0 2 0 3 0 0 3 0 2 0 0 3 2 0 0 3 3 0 0 0 4 2 0 0 0 0 0 0 1 2 2 0 4 1
 1 2 4 4 0 0 3 0 0 3 0 0 3 0 4 0 0 3 3 2 0 2 0 0 4 1 4 4 0 0 0 3 0 1 4 1 0
 0 3 0 1 1 0 4 0 0 3 0 4 4 2 3 1 4 1 0 1 0 2 4 0 3 3]
[8 6 9 6 5 8 6 2 4 7 8 3 8 1 4 9 2 3 5 4 9 5 9 3 9 3 2 6 2 2 6 7 6 3 2 1 1
 7 2 7 1 2 7 3 6 3 6 5 2 2 8 5 9 3 7 3 8 4 7 6 6 4 6 2 7 9 4 7 1 4 2 5 2 4
 1 3 9 2 7 6 3 2 8 9 3 3 5 7 4 6 2 9 2 2 7 5 6 7 3 8]
[8 6 9 6 5 8 6 2 4 7 8 3 8 1 4 9 2 3 5 4 9 5 9 3 9 3 2 6 2 2 6 7 6 3 2 1 1
 7 2 7 1 2 7 3 6 3 6 5 2 2 8 5 9 3 7 3 8 4 7 6 6 4 6 2 7 9 4 7 1 4 2 5 2 4
 1 3 9 2 7 6 3 2 8 9 3 3 5 7 4 6 2 9 2 2 7 5 6 7 3 8]
[50, 18, 11, 50, 50, 50, 48, 23, 35, 15, 50, 48, 50, 50, 50, 29, 47, 32, 36, 50, 50, 50, 23, 44, 33, 50, 13, 46, 50, 50, 50, 50, 50, 47, 50, 36, 42, 15, 50, 32, 44, 24, 39, 50, 41, 33, 34, 18, 50, 30, 47, 50, 39, 50, 50, 36, 50, 30, 13, 50, 50, 18, 50, 50, 50, 50, 36, 50, 50, 16, 50, 29, 31, 50, 50, 50, 46, 50, 49, 50, 37, 50, 40, 19, 50, 30, 50, 50, 50, 50, 15, 32, 16, 20, 50, 42, 50, 24, 39, 10]
[0 0 0 0 0 0 0 0 0 0 0 0 0 0 0 0 0 0 0 0 0 0 0 0 0 0 0 0 0 0 0 0 0 0 0 0 0
 0 0 0 0 0 0 0 0 0 0 0 0 0 0 0 0 0 0 0 0 0 0 0 0 0 0 0 0 0 0 0 0 0 0 0 0 0
 0 0 0 0 0 0 0 0 0 0 0 0 0 0 0 0 0 0 0 0 0 0 0 0 0 0]
[1 1 1 1 1 1 1 1 1 1 1 1 1 1 1 1 1 1 1 1 1 1 1 1 1 1 1 1 1 1 1 1 1 1 1 1 1
 1 1 1 1 1 1 1 1 1 1 1 1 1 1 1 1 1 1 1 1 1 1 1 1 1 1 1 1 1 1 1 1 1 1 1 1 1
 1 1 1 1 1 1 1 1 1 1 1 1 1 1 1 1 1 1 1 1 1 1 1 1 1 1]
