[ 0  1  2  3  4  5  6  7  8  9 10 11 12 13 14 15 16 17 18 19 20 21 22 23
 24 25 26 27 28 29 30 31 32 33 34 35 36 37 38 39 40 41 42 43 44 45 46 47
 48 49 50 51 52 53 54 55 56 57 58 59 60 61 62 63 64 65 66 67 68 69 70 71
 72 73 74 75 76 77 78 79 80 81 82 83 84 85 86 87 88 89 90 91 92 93 94 95
 96 97 98 99]
[66 -1 81 65 32 -1 60 -1 92 -1 12 29 88 -1 -1 -1 -1 -1 82  8 -1 -1 -1 37
 97 -1 14 97 -1 70 99 -1 -1 41 65 30 -1 91 25 -1 -1 72 66 -1 55 84 -1 88
 -1 -1 -1 90 85 -1 91 83  5 -1 94 58 48 72 -1  9 -1  9 -1 92 10 55 -1 62
 64 -1 -1 -1 -1 35 72 -1 15 45 -1 13 50 97 40 -1 -1 -1 -1 -1 50 56 -1 -1
 71 38 -1 26]
[1 0 0 1 0 0 0 1 1 0 1 0 1 0 0 0 0 0 1 1 1 1 1 1 0 1 0 0 0 0 1 1 0 0 1 1 0
 1 1 0 0 0 1 1 1 0 1 1 1 1 1 0 1 0 0 0 1 0 1 0 0 0 1 1 1 1 0 1 1 1 0 0 1 1
 0 0 0 0 0 0 0 0 0 1 0 0 0 0 1 0 1 0 0 1 1 1 1 0 0 1]
[0 0 0 2 0 0 0 1 0 0 2 3 0 0 4 2 3 2 0 1 1 0 0 3 2 0 3 0 1 4 2 0 0 0 0 3 3
 3 3 2 0 0 3 0 0 4 4 1 0 0 3 3 0 0 0 1 4 2 0 2 4 0 0 1 0 4 2 1 0 0 0 0 0 2
 1 0 3 0 1 4 4 3 0 2 2 0 0 0 0 0 0 4 2 0 0 3 2 0 3 3]
[0 0 0 2 0 0 0 1 0 0 2 3 0 0 4 2 3 2 0 1 1 0 0 3 2 0 3 0 1 4 2 0 0 0 0 3 3
 3 3 2 0 0 3 0 0 4 4 1 0 0 3 3 0 0 0 1 4 2 0 2 4 0 0 1 0 4 2 1 0 0 0 0 0 2
 1 0 3 0 1 4 4 3 0 2 2 0 0 0 0 0 0 4 2 0 0 3 2 0 3 3]
[9 5 1 7 8 5 8 9 5 3 9 7 2 3 4 3 5 1 3 9 3 9 2 7 4 5 4 9 2 8 2 6 8 9 9 7 3
 6 2 2 9 8 7 6 7 5 9 4 4 3 4 3 7 8 4 1 6 2 7 8 8 7 2 9 3 1 3 6 5 7 2 5 7 5
 7 4 2 1 2 5 9 6 3 1 8 7 8 9 2 2 3 4 7 3 5 2 4 4 6 8]
[9 5 1 7 8 5 8 9 5 3 9 7 2 3 4 3 5 1 3 9 3 9 2 7 4 5 4 9 2 8 2 6 8 9 9 7 3
 6 2 2 9 8 7 6 7 5 9 4 4 3 4 3 7 8 4 1 6 2 7 8 8 7 2 9 3 1 3 6 5 7 2 5 7 5
 7 4 2 1 2 5 9 6 3 1 8 7 8 9 2 2 3 4 7 3 5 2 4 4 6 8]
[50, 38, 22, 14, 50, 50, 33, 28, 39, 50, 50, 50, 42, 32, 12, 50, 50, 15, 50, 50, 50, 50, 27, 50, 17, 50, 50, 23, 50, 50, 50, 50, 50, 23, 26, 50, 50, 21, 13, 50, 31, 44, 34, 10, 50, 42, 17, 44, 24, 36, 43, 34, 50, 40, 50, 13, 50, 19, 20, 50, 25, 50, 25, 40, 50, 50, 21, 50, 50, 50, 20, 50, 50, 50, 40, 50, 50, 34, 50, 50, 50, 50, 50, 50, 50, 10, 50, 50, 44, 45, 13, 50, 50, 47, 50, 50, 50, 10, 50, 50]
[0 0 0 0 0 0 0 0 0 0 0 0 0 0 0 0 0 0 0 0 0 0 0 0 0 0 0 0 0 0 0 0 0 0 0 0 0
 0 0 0 0 0 0 0 0 0 0 0 0 0 0 0 0 0 0 0 0 0 0 0 0 0 0 0 0 0 0 0 0 0 0 0 0 0
 0 0 0 0 0 0 0 0 0 0 0 0 0 0 0 0 0 0 0 0 0 0 0 0 0 0]
[1 1 1 1 1 1 1 1 1 1 1 1 1 1 1 1 1 1 1 1 1 1 1 1 1 1 1 1 1 1 1 1 1 1 1 1 1
 1 1 1 1 1 1 1 1 1 1 1 1 1 1 1 1 1 1 1 1 1 1 1 1 1 1 1 1 1 1 1 1 1 1 1 1 1
 1 1 1 1 1 1 1 1 1 1 1 1 1 1 1 1 1 1 1 1 1 1 1 1 1 1]
