[ 0  1  2  3  4  5  6  7  8  9 10 11 12 13 14 15 16 17 18 19 20 21 22 23
 24 25 26 27 28 29 30 31 32 33 34 35 36 37 38 39 40 41 42 43 44 45 46 47
 48 49 50 51 52 53 54 55 56 57 58 59 60 61 62 63 64 65 66 67 68 69 70 71
 72 73 74 75 76 77 78 79 80 81 82 83 84 85 86 87 88 89 90 91 92 93 94 95
 96 97 98 99]
[-1 -1 -1 67 -1 -1 25 66 46 45 47 45 34 97 55 -1 32 -1  8 -1 58 -1 83 13
 -1 -1 30 -1 -1 53 65 95 67 40 -1 -1 93 19 19 60 -1 -1 -1 73 40 84 -1 87
 -1 -1 -1 62 50 46 -1 -1  8 42 78 -1 55 20 17 33 89 59 -1 78 70 -1 76 -1
 -1 25 77 54 -1 48 -1 55 77 69 -1 -1 90 -1 -1 -1 -1 -1 -1 44 33 42 61 76
 18 17 55 -1]
[0 1 1 1 0 1 0 0 0 0 0 0 1 0 0 0 1 1 0 0 0 0 0 0 0 1 0 0 1 1 1 1 0 0 1 0 1
 0 0 1 0 1 1 1 0 0 1 0 1 1 0 0 0 1 0 0 1 1 1 0 0 0 1 0 0 0 0 0 0 0 0 0 0 1
 1 1 1 0 1 1 1 0 0 0 1 1 1 0 1 0 1 0 0 1 1 1 0 0 1 1]
[0 0 2 1 0 3 0 2 0 1 0 3 0 0 1 3 1 4 0 0 3 0 3 2 0 1 3 1 0 4 0 3 2 4 0 0 3
 0 0 0 2 1 0 0 0 3 3 2 3 2 0 1 4 2 2 1 0 1 0 4 0 2 4 3 1 3 2 0 0 2 0 0 2 2
 1 0 4 4 3 4 0 1 0 3 4 0 0 2 4 2 4 0 1 4 0 0 1 0 0 4]
[0 0 2 1 0 3 0 2 0 1 0 3 0 0 1 3 1 4 0 0 3 0 3 2 0 1 3 1 0 4 0 3 2 4 0 0 3
 0 0 0 2 1 0 0 0 3 3 2 3 2 0 1 4 2 2 1 0 1 0 4 0 2 4 3 1 3 2 0 0 2 0 0 2 2
 1 0 4 4 3 4 0 1 0 3 4 0 0 2 4 2 4 0 1 4 0 0 1 0 0 4]
[3 5 4 4 9 2 7 4 8 8 3 3 3 1 8 9 5 1 3 8 6 2 2 4 6 7 5 6 3 8 4 1 7 9 3 7 9
 6 2 1 2 3 3 4 2 8 8 6 3 4 6 9 2 2 2 4 4 4 8 5 7 7 8 2 3 3 7 6 8 3 5 9 4 5
 2 3 2 2 9 5 4 6 4 7 9 3 9 9 9 6 4 7 8 2 7 5 8 3 3 2]
[3 5 4 4 9 2 7 4 8 8 3 3 3 1 8 9 5 1 3 8 6 2 2 4 6 7 5 6 3 8 4 1 7 9 3 7 9
 6 2 1 2 3 3 4 2 8 8 6 3 4 6 9 2 2 2 4 4 4 8 5 7 7 8 2 3 3 7 6 8 3 5 9 4 5
 2 3 2 2 9 5 4 6 4 7 9 3 9 9 9 6 4 7 8 2 7 5 8 3 3 2]
[50, 40, 50, 19, 50, 23, 39, 50, 49, 50, 50, 50, 30, 16, 50, 50, 37, 50, 31, 50, 28, 50, 50, 43, 50, 48, 13, 12, 24, 22, 31, 16, 45, 50, 50, 50, 48, 50, 50, 50, 32, 50, 49, 50, 50, 50, 50, 50, 50, 12, 50, 14, 33, 50, 30, 34, 50, 12, 15, 50, 44, 50, 50, 50, 50, 36, 42, 24, 50, 36, 50, 50, 18, 41, 50, 50, 18, 50, 49, 50, 20, 50, 43, 33, 50, 24, 35, 31, 50, 50, 13, 50, 33, 50, 29, 30, 20, 50, 36, 50]
[0 0 0 0 0 0 0 0 0 0 0 0 0 0 0 0 0 0 0 0 0 0 0 0 0 0 0 0 0 0 0 0 0 0 0 0 0
 0 0 0 0 0 0 0 0 0 0 0 0 0 0 0 0 0 0 0 0 0 0 0 0 0 0 0 0 0 0 0 0 0 0 0 0 0
 0 0 0 0 0 0 0 0 0 0 0 0 0 0 0 0 0 0 0 0 0 0 0 0 0 0]
[1 1 1 1 1 1 1 1 1 1 1 1 1 1 1 1 1 1 1 1 1 1 1 1 1 1 1 1 1 1 1 1 1 1 1 1 1
 1 1 1 1 1 1 1 1 1 1 1 1 1 1 1 1 1 1 1 1 1 1 1 1 1 1 1 1 1 1 1 1 1 1 1 1 1
 1 1 1 1 1 1 1 1 1 1 1 1 1 1 1 1 1 1 1 1 1 1 1 1 1 1]
