[ 0  1  2  3  4  5  6  7  8  9 10 11 12 13 14 15 16 17 18 19 20 21 22 23
 24 25 26 27 28 29 30 31 32 33 34 35 36 37 38 39 40 41 42 43 44 45 46 47
 48 49 50 51 52 53 54 55 56 57 58 59 60 61 62 63 64 65 66 67 68 69 70 71
 72 73 74 75 76 77 78 79 80 81 82 83 84 85 86 87 88 89 90 91 92 93 94 95
 96 97 98 99]
[20 -1 -1 -1 44 94 31 -1 56 63 92 -1 -1 99  6 90 46 -1 79 -1  3  0 36 21
 -1 78 85 35 53 -1 34 19 53 45 68  6 21 33 -1 82  4 26 47 81 73 -1 52 -1
 61 -1 -1 -1 29 -1 -1 -1 -1  4 -1 70 44 -1  7 94 12 -1 -1 -1 12 -1 50 68
 84 90 70  5 -1 65 67 -1 -1 68 -1 -1 39 39 29 27 64 66 48 28 94 73 57 29
 78 23 -1  9]
[0 1 0 1 1 0 1 0 1 0 1 0 0 0 1 1 0 0 0 1 0 1 0 0 0 1 0 0 1 1 0 0 0 0 1 1 1
 0 1 0 0 1 1 1 0 1 0 1 1 1 1 0 1 1 1 0 0 0 0 0 1 1 1 0 0 0 1 0 1 0 0 1 1 1
 1 1 0 1 1 1 1 1 1 0 1 1 0 0 1 0 1 1 0 0 1 0 1 1 1 0]
[3 0 3 4 3 2 0 1 4 0 0 0 4 4 1 0 0 0 0 3 0 0 4 0 0 0 0 0 0 1 4 0 4 0 0 0 1
 1 0 0 1 1 2 0 0 0 0 0 0 3 0 3 4 2 0 0 4 1 2 2 0 4 0 0 0 4 3 4 1 2 0 0 0 0
 2 0 1 4 2 0 0 3 4 1 3 0 0 0 0 0 0 0 0 0 0 1 2 1 0 1]
[3 0 3 4 3 2 0 1 4 0 0 0 4 4 1 0 0 0 0 3 0 0 4 0 0 0 0 0 0 1 4 0 4 0 0 0 1
 1 0 0 1 1 2 0 0 0 0 0 0 3 0 3 4 2 0 0 4 1 2 2 0 4 0 0 0 4 3 4 1 2 0 0 0 0
 2 0 1 4 2 0 0 3 4 1 3 0 0 0 0 0 0 0 0 0 0 1 2 1 0 1]
[9 6 4 9 5 3 1 6 7 3 2 5 1 8 2 8 5 7 1 3 6 2 4 7 3 5 5 2 2 2 3 8 3 2 1 5 8
 7 8 8 4 1 5 1 1 6 5 3 6 9 6 7 9 3 5 3 4 5 3 4 1 3 7 4 5 9 9 7 6 9 2 1 1 7
 8 8 8 7 9 8 8 4 3 1 1 9 9 4 7 1 7 8 1 3 3 5 2 4 5 5]
[9 6 4 9 5 3 1 6 7 3 2 5 1 8 2 8 5 7 1 3 6 2 4 7 3 5 5 2 2 2 3 8 3 2 1 5 8
 7 8 8 4 1 5 1 1 6 5 3 6 9 6 7 9 3 5 3 4 5 3 4 1 3 7 4 5 9 9 7 6 9 2 1 1 7
 8 8 8 7 9 8 8 4 3 1 1 9 9 4 7 1 7 8 1 3 3 5 2 4 5 5]
[33, 50, 18, 50, 38, 50, 50, 24, 47, 50, 50, 50, 50, 50, 10, 19, 48, 10, 50, 45, 11, 41, 50, 50, 24, 50, 22, 31, 50, 50, 13, 50, 50, 46, 13, 23, 29, 13, 34, 47, 50, 45, 50, 50, 50, 50, 20, 50, 50, 50, 50, 50, 50, 50, 46, 50, 50, 13, 12, 50, 49, 46, 50, 50, 50, 49, 50, 15, 50, 23, 50, 50, 42, 50, 41, 50, 33, 47, 50, 50, 50, 18, 48, 22, 50, 50, 50, 19, 50, 35, 35, 14, 50, 43, 40, 50, 13, 17, 50, 26]
[0 0 0 0 0 0 0 0 0 0 0 0 0 0 0 0 0 0 0 0 0 0 0 0 0 0 0 0 0 0 0 0 0 0 0 0 0
 0 0 0 0 0 0 0 0 0 0 0 0 0 0 0 0 0 0 0 0 0 0 0 0 0 0 0 0 0 0 0 0 0 0 0 0 0
 0 0 0 0 0 0 0 0 0 0 0 0 0 0 0 0 0 0 0 0 0 0 0 0 0 0]
[1 1 1 1 1 1 1 1 1 1 1 1 1 1 1 1 1 1 1 1 1 1 1 1 1 1 1 1 1 1 1 1 1 1 1 1 1
 1 1 1 1 1 1 1 1 1 1 1 1 1 1 1 1 1 1 1 1 1 1 1 1 1 1 1 1 1 1 1 1 1 1 1 1 1
 1 1 1 1 1 1 1 1 1 1 1 1 1 1 1 1 1 1 1 1 1 1 1 1 1 1]
