[ 0  1  2  3  4  5  6  7  8  9 10 11 12 13 14 15 16 17 18 19 20 21 22 23
 24 25 26 27 28 29 30 31 32 33 34 35 36 37 38 39 40 41 42 43 44 45 46 47
 48 49 50 51 52 53 54 55 56 57 58 59 60 61 62 63 64 65 66 67 68 69 70 71
 72 73 74 75 76 77 78 79 80 81 82 83 84 85 86 87 88 89 90 91 92 93 94 95
 96 97 98 99]
[18 40 60 -1 -1 32 86 -1 -1 37 96 -1 -1 -1 77 78 -1 74 15 -1  3 79 53 96
 48 70 13 24 -1 32 -1 76 -1 40 20 -1 14 82  7 23 -1  4 49 -1 83 63 90 40
 -1 -1 90 -1 75 -1 -1 25 15 99 -1 52 83 15 12 82 20 35 77 82 34 -1 12 -1
 20 69 -1 82 39 92 28 -1 77 32 55 93 45 18 19 28 77 52 68 56 50 66 97 -1
 -1 83 -1 23]
[1 1 1 1 0 0 1 0 1 1 0 0 1 0 0 1 1 0 0 0 1 0 1 1 0 1 1 0 0 0 1 0 0 1 0 1 1
 1 1 0 0 1 0 0 0 0 1 1 0 1 0 1 0 0 1 0 1 0 1 1 0 1 0 0 0 1 1 1 1 1 1 0 1 0
 0 0 0 1 1 1 0 0 1 1 1 1 1 0 1 0 1 0 1 1 0 0 1 0 1 1]
[4 3 4 0 3 0 2 4 0 4 2 3 0 3 1 0 0 0 2 1 2 0 0 3 2 0 0 0 0 4 2 4 0 1 0 4 0
 0 0 0 0 2 1 0 3 0 0 2 0 4 2 0 4 3 3 2 4 0 0 3 4 2 0 4 4 2 3 0 0 2 0 0 2 0
 0 0 4 1 4 0 0 1 4 2 3 3 0 4 3 0 0 0 3 0 1 0 0 0 0 0]
[4 3 4 0 3 0 2 4 0 4 2 3 0 3 1 0 0 0 2 1 2 0 0 3 2 0 0 0 0 4 2 4 0 1 0 4 0
 0 0 0 0 2 1 0 3 0 0 2 0 4 2 0 4 3 3 2 4 0 0 3 4 2 0 4 4 2 3 0 0 2 0 0 2 0
 0 0 4 1 4 0 0 1 4 2 3 3 0 4 3 0 0 0 3 0 1 0 0 0 0 0]
[6 1 8 5 8 2 9 2 9 3 5 5 5 8 7 7 4 3 1 7 3 8 6 1 5 2 7 9 8 4 5 7 5 1 1 8 4
 6 3 3 9 4 2 5 6 2 1 6 5 2 6 2 8 6 2 2 5 3 4 7 9 5 6 6 5 1 4 8 1 2 1 3 1 9
 8 5 5 4 1 6 2 1 3 8 4 6 8 9 5 2 5 1 8 4 1 1 1 9 3 1]
[6 1 8 5 8 2 9 2 9 3 5 5 5 8 7 7 4 3 1 7 3 8 6 1 5 2 7 9 8 4 5 7 5 1 1 8 4
 6 3 3 9 4 2 5 6 2 1 6 5 2 6 2 8 6 2 2 5 3 4 7 9 5 6 6 5 1 4 8 1 2 1 3 1 9
 8 5 5 4 1 6 2 1 3 8 4 6 8 9 5 2 5 1 8 4 1 1 1 9 3 1]
[50, 50, 50, 50, 50, 36, 50, 50, 10, 50, 50, 50, 50, 23, 45, 44, 15, 50, 50, 50, 46, 32, 26, 26, 50, 17, 18, 50, 41, 50, 50, 10, 50, 43, 50, 50, 34, 50, 32, 27, 39, 43, 16, 50, 50, 50, 15, 50, 50, 50, 50, 50, 33, 20, 50, 50, 50, 44, 22, 36, 50, 50, 50, 50, 50, 17, 49, 50, 10, 40, 50, 50, 39, 17, 28, 50, 13, 50, 22, 50, 50, 50, 42, 47, 50, 29, 50, 32, 27, 50, 37, 50, 36, 50, 43, 14, 23, 32, 10, 50]
[0 0 0 0 0 0 0 0 0 0 0 0 0 0 0 0 0 0 0 0 0 0 0 0 0 0 0 0 0 0 0 0 0 0 0 0 0
 0 0 0 0 0 0 0 0 0 0 0 0 0 0 0 0 0 0 0 0 0 0 0 0 0 0 0 0 0 0 0 0 0 0 0 0 0
 0 0 0 0 0 0 0 0 0 0 0 0 0 0 0 0 0 0 0 0 0 0 0 0 0 0]
[1 1 1 1 1 1 1 1 1 1 1 1 1 1 1 1 1 1 1 1 1 1 1 1 1 1 1 1 1 1 1 1 1 1 1 1 1
 1 1 1 1 1 1 1 1 1 1 1 1 1 1 1 1 1 1 1 1 1 1 1 1 1 1 1 1 1 1 1 1 1 1 1 1 1
 1 1 1 1 1 1 1 1 1 1 1 1 1 1 1 1 1 1 1 1 1 1 1 1 1 1]
