[ 0  1  2  3  4  5  6  7  8  9 10 11 12 13 14 15 16 17 18 19 20 21 22 23
 24 25 26 27 28 29 30 31 32 33 34 35 36 37 38 39 40 41 42 43 44 45 46 47
 48 49 50 51 52 53 54 55 56 57 58 59 60 61 62 63 64 65 66 67 68 69 70 71
 72 73 74 75 76 77 78 79 80 81 82 83 84 85 86 87 88 89 90 91 92 93 94 95
 96 97 98 99]
[94 -1 -1 -1 -1 91 23 88 -1 88 19 53  4 21 -1 92 30 -1 88  5 99 -1 52 -1
 31 -1 61 14 17 43 -1 30 79 -1 -1  4 -1 90 30 -1  7 -1 -1 63  8 85 15 24
 74 48 -1 19 -1 -1 73  8 33 -1 -1 -1 30 23 10 -1 -1 76  6 73 -1 34 -1 69
 19 35 30 -1 93 29 -1 -1 61 54 -1 86 -1 -1 27 62 19 -1 -1 -1 88 -1 -1 75
 73  6 -1 -1]
[0 0 1 0 0 1 0 0 0 0 0 0 0 1 1 1 1 0 0 1 0 0 1 0 0 1 0 1 0 0 1 0 0 0 1 0 1
 1 0 1 0 1 0 0 1 1 1 1 1 1 1 0 1 1 0 1 1 1 1 1 0 1 1 1 0 0 1 1 1 0 1 1 0 1
 1 0 0 0 0 1 0 1 1 1 0 0 0 1 0 0 1 0 0 0 1 1 1 0 1 1]
[1 4 0 0 0 1 0 4 0 0 1 3 2 0 0 0 1 1 0 0 0 1 2 4 3 0 0 0 3 1 3 0 3 3 2 0 0
 0 3 3 0 4 3 3 4 0 0 1 3 2 0 2 0 4 0 2 1 1 0 0 0 1 0 2 0 0 0 2 0 0 0 0 1 3
 2 4 1 0 2 4 2 1 1 3 0 0 0 4 4 2 3 0 0 1 4 0 4 1 2 0]
[1 4 0 0 0 1 0 4 0 0 1 3 2 0 0 0 1 1 0 0 0 1 2 4 3 0 0 0 3 1 3 0 3 3 2 0 0
 0 3 3 0 4 3 3 4 0 0 1 3 2 0 2 0 4 0 2 1 1 0 0 0 1 0 2 0 0 0 2 0 0 0 0 1 3
 2 4 1 0 2 4 2 1 1 3 0 0 0 4 4 2 3 0 0 1 4 0 4 1 2 0]
[8 4 6 9 8 5 1 7 1 9 2 8 1 5 5 4 7 8 6 6 4 7 1 3 6 5 7 6 2 1 2 1 9 3 4 3 7
 8 1 3 2 6 7 3 2 2 5 8 7 4 2 4 7 7 7 3 6 8 5 7 5 3 7 6 9 8 4 3 1 5 9 2 6 5
 7 5 5 5 3 3 1 9 8 1 3 4 3 5 6 5 3 1 2 4 3 7 7 6 5 2]
[8 4 6 9 8 5 1 7 1 9 2 8 1 5 5 4 7 8 6 6 4 7 1 3 6 5 7 6 2 1 2 1 9 3 4 3 7
 8 1 3 2 6 7 3 2 2 5 8 7 4 2 4 7 7 7 3 6 8 5 7 5 3 7 6 9 8 4 3 1 5 9 2 6 5
 7 5 5 5 3 3 1 9 8 1 3 4 3 5 6 5 3 1 2 4 3 7 7 6 5 2]
[13, 50, 50, 23, 50, 50, 21, 48, 50, 47, 50, 50, 50, 50, 50, 16, 44, 38, 50, 50, 50, 50, 50, 50, 14, 50, 48, 22, 40, 28, 26, 47, 50, 17, 35, 12, 50, 36, 50, 50, 50, 46, 25, 10, 50, 50, 27, 11, 50, 44, 50, 50, 29, 22, 40, 50, 34, 46, 50, 27, 35, 46, 11, 21, 33, 46, 50, 21, 50, 17, 50, 33, 50, 50, 50, 50, 50, 50, 50, 19, 50, 50, 25, 24, 50, 50, 42, 50, 36, 24, 50, 50, 50, 50, 30, 50, 50, 19, 32, 50]
[0 0 0 0 0 0 0 0 0 0 0 0 0 0 0 0 0 0 0 0 0 0 0 0 0 0 0 0 0 0 0 0 0 0 0 0 0
 0 0 0 0 0 0 0 0 0 0 0 0 0 0 0 0 0 0 0 0 0 0 0 0 0 0 0 0 0 0 0 0 0 0 0 0 0
 0 0 0 0 0 0 0 0 0 0 0 0 0 0 0 0 0 0 0 0 0 0 0 0 0 0]
[1 1 1 1 1 1 1 1 1 1 1 1 1 1 1 1 1 1 1 1 1 1 1 1 1 1 1 1 1 1 1 1 1 1 1 1 1
 1 1 1 1 1 1 1 1 1 1 1 1 1 1 1 1 1 1 1 1 1 1 1 1 1 1 1 1 1 1 1 1 1 1 1 1 1
 1 1 1 1 1 1 1 1 1 1 1 1 1 1 1 1 1 1 1 1 1 1 1 1 1 1]
