[ 0  1  2  3  4  5  6  7  8  9 10 11 12 13 14 15 16 17 18 19 20 21 22 23
 24 25 26 27 28 29 30 31 32 33 34 35 36 37 38 39 40 41 42 43 44 45 46 47
 48 49 50 51 52 53 54 55 56 57 58 59 60 61 62 63 64 65 66 67 68 69 70 71
 72 73 74 75 76 77 78 79 80 81 82 83 84 85 86 87 88 89 90 91 92 93 94 95
 96 97 98 99]
[-1 71 61 22  2 -1 19 48 96 80 67 90 -1 -1 -1 -1 -1 84 -1 27 -1 -1 -1 -1
 -1 49 33 72 -1 -1 65 10 95 -1 -1 32 -1  4  1 18  3 -1 66 -1 98 74 36 88
 52 -1 -1 97 42 46 13 -1 -1 78 91 -1 -1 -1 87 -1 -1  7 -1  1 66 92 -1 65
 81 -1 27 45 -1  7 37 98 77  9 69 84 60 73 -1 -1 -1 54 -1 33 50 50  6 -1
 54 28 64 -1]
[0 0 0 1 1 1 1 0 0 0 1 0 0 1 1 1 1 0 1 1 1 1 1 1 1 0 0 1 0 1 0 1 1 0 0 0 1
 1 1 1 0 1 1 1 1 0 0 1 1 1 0 0 1 1 1 1 1 0 1 1 1 0 1 0 1 0 1 1 1 1 1 0 1 1
 1 0 0 1 0 0 0 0 0 0 0 0 1 0 1 0 1 1 1 1 1 1 1 1 0 1]
[1 0 1 3 1 0 4 2 0 0 0 0 1 0 1 3 3 0 1 1 2 4 1 0 0 0 4 0 1 0 0 2 0 1 0 0 0
 4 0 0 2 0 4 0 0 1 0 0 3 0 1 0 2 3 3 0 0 0 0 0 0 3 0 3 0 1 3 1 0 0 0 0 2 2
 1 1 0 0 0 2 0 3 0 4 2 3 3 0 0 0 4 2 0 0 3 0 0 0 4 0]
[1 0 1 3 1 0 4 2 0 0 0 0 1 0 1 3 3 0 1 1 2 4 1 0 0 0 4 0 1 0 0 2 0 1 0 0 0
 4 0 0 2 0 4 0 0 1 0 0 3 0 1 0 2 3 3 0 0 0 0 0 0 3 0 3 0 1 3 1 0 0 0 0 2 2
 1 1 0 0 0 2 0 3 0 4 2 3 3 0 0 0 4 2 0 0 3 0 0 0 4 0]
[5 6 3 5 2 7 5 6 3 9 8 3 3 3 3 5 9 2 2 5 7 7 6 5 3 7 4 9 2 4 1 6 3 1 3 9 8
 3 9 1 7 6 9 3 7 5 5 9 6 4 2 3 6 1 6 6 7 9 7 8 1 7 9 7 5 3 4 6 7 4 7 3 7 4
 8 8 9 8 1 6 7 6 2 9 9 2 7 5 4 4 9 9 4 4 5 7 5 1 5 9]
[5 6 3 5 2 7 5 6 3 9 8 3 3 3 3 5 9 2 2 5 7 7 6 5 3 7 4 9 2 4 1 6 3 1 3 9 8
 3 9 1 7 6 9 3 7 5 5 9 6 4 2 3 6 1 6 6 7 9 7 8 1 7 9 7 5 3 4 6 7 4 7 3 7 4
 8 8 9 8 1 6 7 6 2 9 9 2 7 5 4 4 9 9 4 4 5 7 5 1 5 9]
[32, 50, 50, 50, 50, 45, 50, 35, 20, 49, 31, 42, 24, 16, 33, 50, 19, 43, 50, 21, 50, 34, 23, 15, 50, 42, 49, 50, 50, 50, 50, 50, 21, 49, 50, 50, 50, 50, 23, 50, 10, 50, 50, 50, 28, 30, 35, 50, 47, 43, 50, 50, 14, 50, 50, 48, 47, 50, 50, 50, 31, 26, 50, 50, 18, 50, 50, 25, 50, 50, 50, 23, 25, 12, 50, 42, 50, 50, 47, 50, 50, 17, 50, 32, 32, 50, 38, 34, 12, 18, 50, 50, 39, 12, 50, 39, 46, 42, 22, 50]
[0 0 0 0 0 0 0 0 0 0 0 0 0 0 0 0 0 0 0 0 0 0 0 0 0 0 0 0 0 0 0 0 0 0 0 0 0
 0 0 0 0 0 0 0 0 0 0 0 0 0 0 0 0 0 0 0 0 0 0 0 0 0 0 0 0 0 0 0 0 0 0 0 0 0
 0 0 0 0 0 0 0 0 0 0 0 0 0 0 0 0 0 0 0 0 0 0 0 0 0 0]
[1 1 1 1 1 1 1 1 1 1 1 1 1 1 1 1 1 1 1 1 1 1 1 1 1 1 1 1 1 1 1 1 1 1 1 1 1
 1 1 1 1 1 1 1 1 1 1 1 1 1 1 1 1 1 1 1 1 1 1 1 1 1 1 1 1 1 1 1 1 1 1 1 1 1
 1 1 1 1 1 1 1 1 1 1 1 1 1 1 1 1 1 1 1 1 1 1 1 1 1 1]
