[ 0  1  2  3  4  5  6  7  8  9 10 11 12 13 14 15 16 17 18 19 20 21 22 23
 24 25 26 27 28 29 30 31 32 33 34 35 36 37 38 39 40 41 42 43 44 45 46 47
 48 49 50 51 52 53 54 55 56 57 58 59 60 61 62 63 64 65 66 67 68 69 70 71
 72 73 74 75 76 77 78 79 80 81 82 83 84 85 86 87 88 89 90 91 92 93 94 95
 96 97 98 99]
[-1 -1 76 -1 -1 25 -1 93 -1 -1 58 31 84 -1 28 13  8 68 45 -1 54 64 19 -1
 -1 95 81 -1 90 -1 27 46 44 85 -1 -1  4  6 44 32 -1 86 90 32 25 -1 -1 92
 -1 68 36 61 60 -1 18 13 -1 -1 -1  1 68 -1 94 84 86 88 -1 -1  5 60 59 -1
 -1 88 49 -1 -1 -1 45 -1 54 90 -1 -1 46 48 95 -1 34 -1  0 64 -1 99 -1 -1
 84 -1 83 -1]
[1 1 0 0 0 1 0 0 1 1 0 1 1 0 0 1 0 1 0 0 0 1 0 0 1 0 1 1 0 1 0 1 1 1 0 0 0
 1 1 0 1 0 1 1 1 0 0 1 1 1 0 1 0 1 1 0 0 1 1 1 0 1 1 0 0 1 0 0 0 0 0 0 0 1
 0 0 1 1 0 1 0 1 0 1 0 1 0 0 0 1 1 0 0 0 1 0 0 1 0 0]
[0 0 0 1 0 4 3 0 0 0 1 0 4 0 1 0 0 0 1 0 4 1 0 0 0 3 2 0 0 3 2 0 0 4 0 0 2
 3 0 0 0 0 4 4 1 3 0 0 4 1 0 0 0 0 0 1 0 2 0 0 0 4 3 0 0 3 1 2 0 4 0 4 4 3
 2 0 0 2 0 3 0 0 3 0 1 3 0 0 0 0 1 2 1 0 0 0 4 4 0 2]
[0 0 0 1 0 4 3 0 0 0 1 0 4 0 1 0 0 0 1 0 4 1 0 0 0 3 2 0 0 3 2 0 0 4 0 0 2
 3 0 0 0 0 4 4 1 3 0 0 4 1 0 0 0 0 0 1 0 2 0 0 0 4 3 0 0 3 1 2 0 4 0 4 4 3
 2 0 0 2 0 3 0 0 3 0 1 3 0 0 0 0 1 2 1 0 0 0 4 4 0 2]
[9 4 1 9 2 9 1 5 1 2 1 1 7 9 6 1 9 7 4 9 9 1 6 7 5 9 9 1 4 8 9 4 6 9 2 2 5
 9 2 7 1 4 4 4 2 1 8 4 5 2 1 5 4 9 2 6 8 5 4 9 6 8 4 6 6 7 6 6 2 1 5 5 7 7
 7 4 1 7 6 1 1 4 2 3 8 8 7 5 4 9 5 2 1 8 6 6 7 7 1 8]
[9 4 1 9 2 9 1 5 1 2 1 1 7 9 6 1 9 7 4 9 9 1 6 7 5 9 9 1 4 8 9 4 6 9 2 2 5
 9 2 7 1 4 4 4 2 1 8 4 5 2 1 5 4 9 2 6 8 5 4 9 6 8 4 6 6 7 6 6 2 1 5 5 7 7
 7 4 1 7 6 1 1 4 2 3 8 8 7 5 4 9 5 2 1 8 6 6 7 7 1 8]
[50, 50, 50, 50, 15, 37, 16, 50, 36, 35, 50, 15, 50, 31, 50, 50, 10, 50, 19, 50, 14, 50, 50, 50, 50, 15, 23, 50, 50, 26, 50, 50, 36, 50, 14, 50, 21, 22, 50, 50, 50, 45, 27, 50, 33, 23, 50, 50, 50, 50, 50, 50, 50, 25, 50, 50, 50, 50, 21, 22, 50, 50, 13, 11, 50, 50, 25, 11, 50, 50, 50, 50, 38, 50, 50, 50, 50, 50, 20, 28, 30, 15, 24, 50, 50, 50, 50, 50, 50, 50, 50, 50, 50, 35, 14, 50, 50, 24, 31, 50]
[0 0 0 0 0 0 0 0 0 0 0 0 0 0 0 0 0 0 0 0 0 0 0 0 0 0 0 0 0 0 0 0 0 0 0 0 0
 0 0 0 0 0 0 0 0 0 0 0 0 0 0 0 0 0 0 0 0 0 0 0 0 0 0 0 0 0 0 0 0 0 0 0 0 0
 0 0 0 0 0 0 0 0 0 0 0 0 0 0 0 0 0 0 0 0 0 0 0 0 0 0]
[1 1 1 1 1 1 1 1 1 1 1 1 1 1 1 1 1 1 1 1 1 1 1 1 1 1 1 1 1 1 1 1 1 1 1 1 1
 1 1 1 1 1 1 1 1 1 1 1 1 1 1 1 1 1 1 1 1 1 1 1 1 1 1 1 1 1 1 1 1 1 1 1 1 1
 1 1 1 1 1 1 1 1 1 1 1 1 1 1 1 1 1 1 1 1 1 1 1 1 1 1]
