[ 0  1  2  3  4  5  6  7  8  9 10 11 12 13 14 15 16 17 18 19 20 21 22 23
 24 25 26 27 28 29 30 31 32 33 34 35 36 37 38 39 40 41 42 43 44 45 46 47
 48 49 50 51 52 53 54 55 56 57 58 59 60 61 62 63 64 65 66 67 68 69 70 71
 72 73 74 75 76 77 78 79 80 81 82 83 84 85 86 87 88 89 90 91 92 93 94 95
 96 97 98 99]
[53 45 34 -1 -1 40 -1 86 93 -1 47 -1  3 76 -1 -1 50 83 65 62 45 -1 28 67
 93 53 56 13 90 76 -1 19 92 -1 70 -1 -1 -1 -1 37 29  6 31 92 90  5 86  0
 68  9 21 29 98 83 67 48 98 -1 43 -1 54  0 -1 31 49 -1 -1 -1 20 -1 58 26
 -1 -1 -1 96 99 -1 75 98 -1 98 -1 72 -1 75 -1 26 -1 -1 18 95 18 90 14 68
 64 -1 -1 71]
[0 1 0 1 0 1 1 0 0 0 1 0 0 0 0 0 1 1 0 0 0 1 0 0 1 1 0 0 0 1 0 0 1 1 0 1 1
 1 0 0 1 0 0 1 1 1 0 1 1 0 0 0 1 0 1 0 1 0 0 0 0 0 1 0 0 1 0 0 0 1 0 1 1 0
 0 0 0 0 1 0 0 0 0 0 1 1 0 0 1 0 0 1 0 1 0 1 1 1 0 0]
[2 4 3 1 0 4 2 3 0 0 0 0 0 4 0 3 0 0 1 0 2 0 0 0 0 0 2 4 0 2 2 0 2 2 2 4 0
 2 3 4 0 2 2 0 1 0 0 2 2 0 1 0 2 1 0 0 0 1 0 0 0 0 4 1 3 0 1 0 0 2 2 3 0 2
 0 2 0 4 4 2 0 0 1 0 0 3 0 0 0 0 0 3 4 3 0 0 4 0 0 1]
[2 4 3 1 0 4 2 3 0 0 0 0 0 4 0 3 0 0 1 0 2 0 0 0 0 0 2 4 0 2 2 0 2 2 2 4 0
 2 3 4 0 2 2 0 1 0 0 2 2 0 1 0 2 1 0 0 0 1 0 0 0 0 4 1 3 0 1 0 0 2 2 3 0 2
 0 2 0 4 4 2 0 0 1 0 0 3 0 0 0 0 0 3 4 3 0 0 4 0 0 1]
[8 1 3 6 6 1 7 1 6 2 3 9 3 6 3 6 5 3 3 4 3 1 1 3 5 1 2 3 6 1 8 6 6 9 5 8 2
 8 9 6 6 6 2 5 5 5 3 3 5 4 8 4 7 2 3 1 2 5 8 4 7 1 2 4 7 6 4 4 4 6 7 9 6 3
 7 4 2 8 8 9 8 5 9 2 1 4 3 4 7 7 5 1 7 5 6 7 6 6 4 9]
[8 1 3 6 6 1 7 1 6 2 3 9 3 6 3 6 5 3 3 4 3 1 1 3 5 1 2 3 6 1 8 6 6 9 5 8 2
 8 9 6 6 6 2 5 5 5 3 3 5 4 8 4 7 2 3 1 2 5 8 4 7 1 2 4 7 6 4 4 4 6 7 9 6 3
 7 4 2 8 8 9 8 5 9 2 1 4 3 4 7 7 5 1 7 5 6 7 6 6 4 9]
[32, 50, 50, 50, 50, 17, 50, 50, 17, 50, 50, 17, 50, 50, 50, 44, 50, 34, 12, 22, 50, 50, 37, 16, 50, 50, 50, 50, 22, 50, 50, 50, 21, 50, 50, 20, 50, 50, 50, 24, 15, 17, 50, 18, 50, 11, 50, 48, 50, 50, 47, 36, 47, 31, 12, 50, 28, 43, 20, 50, 17, 50, 50, 47, 45, 50, 50, 50, 30, 50, 31, 33, 50, 50, 50, 50, 50, 50, 43, 50, 50, 50, 37, 50, 24, 17, 21, 15, 13, 50, 50, 21, 16, 50, 50, 50, 32, 50, 50, 50]
[0 0 0 0 0 0 0 0 0 0 0 0 0 0 0 0 0 0 0 0 0 0 0 0 0 0 0 0 0 0 0 0 0 0 0 0 0
 0 0 0 0 0 0 0 0 0 0 0 0 0 0 0 0 0 0 0 0 0 0 0 0 0 0 0 0 0 0 0 0 0 0 0 0 0
 0 0 0 0 0 0 0 0 0 0 0 0 0 0 0 0 0 0 0 0 0 0 0 0 0 0]
[1 1 1 1 1 1 1 1 1 1 1 1 1 1 1 1 1 1 1 1 1 1 1 1 1 1 1 1 1 1 1 1 1 1 1 1 1
 1 1 1 1 1 1 1 1 1 1 1 1 1 1 1 1 1 1 1 1 1 1 1 1 1 1 1 1 1 1 1 1 1 1 1 1 1
 1 1 1 1 1 1 1 1 1 1 1 1 1 1 1 1 1 1 1 1 1 1 1 1 1 1]
