[ 0  1  2  3  4  5  6  7  8  9 10 11 12 13 14 15 16 17 18 19 20 21 22 23
 24 25 26 27 28 29 30 31 32 33 34 35 36 37 38 39 40 41 42 43 44 45 46 47
 48 49 50 51 52 53 54 55 56 57 58 59 60 61 62 63 64 65 66 67 68 69 70 71
 72 73 74 75 76 77 78 79 80 81 82 83 84 85 86 87 88 89 90 91 92 93 94 95
 96 97 98 99]
[93 32 96 -1 -1 -1 96 -1 81 -1 -1 -1 37 46 -1 83 49 -1 -1 21 93  5 39  0
 23 46 78 95 55 -1 29 10 84 60 22 63 73 31 -1 -1 93 64 99 34 48 -1 32 -1
 -1 26 30 71  3 -1 44 -1 46 81 51 94 87 13 63 -1 10 91 41 56 48 94 -1 -1
 -1 -1 19  4  1 -1 28 -1 -1 -1 60 80 23 23 -1 -1 44 -1 21 -1 -1 98 45 -1
 74 15 -1 -1]
[1 1 1 1 0 0 1 1 0 1 0 0 0 1 1 1 1 0 1 0 1 1 1 0 0 1 1 0 1 0 0 0 0 1 1 1 0
 0 1 0 0 0 0 0 1 1 0 0 0 0 1 1 1 1 1 1 1 1 0 1 0 0 0 1 1 1 0 1 1 0 1 0 0 1
 1 1 0 0 0 1 1 1 1 0 0 0 0 0 0 1 0 0 0 0 0 1 0 0 1 0]
[1 0 0 1 0 0 0 0 4 0 3 0 1 0 0 2 0 0 3 3 0 1 0 2 1 0 0 0 2 2 0 0 0 3 2 3 1
 0 2 4 3 0 0 2 2 2 4 1 2 3 1 2 3 2 0 4 4 0 0 3 0 1 0 4 0 3 4 4 0 0 3 0 3 3
 0 0 0 3 0 0 4 1 0 0 4 4 1 0 2 2 1 0 0 2 2 0 3 4 1 0]
[1 0 0 1 0 0 0 0 4 0 3 0 1 0 0 2 0 0 3 3 0 1 0 2 1 0 0 0 2 2 0 0 0 3 2 3 1
 0 2 4 3 0 0 2 2 2 4 1 2 3 1 2 3 2 0 4 4 0 0 3 0 1 0 4 0 3 4 4 0 0 3 0 3 3
 0 0 0 3 0 0 4 1 0 0 4 4 1 0 2 2 1 0 0 2 2 0 3 4 1 0]
[1 6 4 3 5 3 8 5 8 8 9 6 7 7 4 7 8 2 2 4 7 2 3 8 8 7 2 8 4 9 3 2 2 4 4 7 9
 2 9 7 8 4 4 3 3 6 1 5 6 3 1 5 2 2 5 4 4 3 2 8 3 5 6 5 2 7 9 6 7 9 3 7 4 7
 6 2 7 6 5 2 7 4 5 8 9 7 4 9 1 6 1 2 4 9 5 8 7 9 9 5]
[1 6 4 3 5 3 8 5 8 8 9 6 7 7 4 7 8 2 2 4 7 2 3 8 8 7 2 8 4 9 3 2 2 4 4 7 9
 2 9 7 8 4 4 3 3 6 1 5 6 3 1 5 2 2 5 4 4 3 2 8 3 5 6 5 2 7 9 6 7 9 3 7 4 7
 6 2 7 6 5 2 7 4 5 8 9 7 4 9 1 6 1 2 4 9 5 8 7 9 9 5]
[50, 50, 50, 46, 50, 29, 50, 50, 15, 50, 50, 30, 31, 50, 50, 19, 36, 50, 33, 43, 50, 50, 12, 50, 31, 50, 50, 32, 48, 18, 40, 25, 50, 50, 19, 17, 50, 42, 50, 48, 50, 50, 45, 50, 50, 50, 48, 50, 14, 50, 32, 32, 16, 50, 33, 50, 24, 17, 25, 12, 50, 50, 49, 50, 42, 50, 18, 36, 50, 13, 37, 16, 10, 18, 50, 50, 43, 16, 27, 48, 36, 41, 26, 29, 50, 50, 50, 50, 50, 49, 50, 50, 50, 43, 41, 50, 50, 50, 50, 50]
[0 0 0 0 0 0 0 0 0 0 0 0 0 0 0 0 0 0 0 0 0 0 0 0 0 0 0 0 0 0 0 0 0 0 0 0 0
 0 0 0 0 0 0 0 0 0 0 0 0 0 0 0 0 0 0 0 0 0 0 0 0 0 0 0 0 0 0 0 0 0 0 0 0 0
 0 0 0 0 0 0 0 0 0 0 0 0 0 0 0 0 0 0 0 0 0 0 0 0 0 0]
[1 1 1 1 1 1 1 1 1 1 1 1 1 1 1 1 1 1 1 1 1 1 1 1 1 1 1 1 1 1 1 1 1 1 1 1 1
 1 1 1 1 1 1 1 1 1 1 1 1 1 1 1 1 1 1 1 1 1 1 1 1 1 1 1 1 1 1 1 1 1 1 1 1 1
 1 1 1 1 1 1 1 1 1 1 1 1 1 1 1 1 1 1 1 1 1 1 1 1 1 1]
