[ 0  1  2  3  4  5  6  7  8  9 10 11 12 13 14 15 16 17 18 19 20 21 22 23
 24 25 26 27 28 29 30 31 32 33 34 35 36 37 38 39 40 41 42 43 44 45 46 47
 48 49 50 51 52 53 54 55 56 57 58 59 60 61 62 63 64 65 66 67 68 69 70 71
 72 73 74 75 76 77 78 79 80 81 82 83 84 85 86 87 88 89 90 91 92 93 94 95
 96 97 98 99]
[-1 80 92 -1 -1 59 -1 29 -1 20 44 -1 -1 84 21 -1 27 -1 30 70 63 17 20 -1
 72 74 -1 71 74 -1 11  9 12 59 29 85 -1 24 -1 -1 91  1 15 37 29 77 48 -1
 -1 -1 47 40 90 38 15 10  7 23 75 -1 26 -1 -1 35 -1 98 46 -1 -1 -1 -1 -1
 86 -1 48 66 -1 -1  1 82 -1 15 14 -1 -1 -1 17 22 15 80  4 -1 44 11 -1 58
 93 83 -1 57]
[1 0 1 1 1 1 1 1 0 1 0 0 0 0 1 1 1 0 0 1 0 0 0 0 0 1 1 1 1 1 0 1 1 0 1 1 1
 1 0 0 0 0 0 0 0 1 1 0 1 1 0 0 0 1 1 1 0 0 1 1 0 0 1 1 0 1 0 1 0 0 0 0 1 1
 1 1 1 1 0 1 0 0 0 1 0 1 0 1 1 0 0 1 0 1 0 0 0 1 0 0]
[1 0 0 4 1 4 0 4 0 3 0 2 0 0 0 0 3 0 3 2 4 1 0 0 0 0 4 0 0 0 1 2 0 4 2 3 4
 1 4 2 0 4 0 2 1 0 1 3 0 2 0 0 4 0 4 0 2 0 0 0 0 0 0 2 1 0 0 1 1 0 1 0 3 0
 0 4 3 1 0 0 3 0 1 3 3 4 1 2 3 1 4 1 0 0 0 1 4 3 2 0]
[1 0 0 4 1 4 0 4 0 3 0 2 0 0 0 0 3 0 3 2 4 1 0 0 0 0 4 0 0 0 1 2 0 4 2 3 4
 1 4 2 0 4 0 2 1 0 1 3 0 2 0 0 4 0 4 0 2 0 0 0 0 0 0 2 1 0 0 1 1 0 1 0 3 0
 0 4 3 1 0 0 3 0 1 3 3 4 1 2 3 1 4 1 0 0 0 1 4 3 2 0]
[5 5 5 4 2 5 7 3 7 5 7 4 5 4 9 8 3 8 6 4 3 8 3 5 3 7 2 8 1 8 4 7 1 1 6 6 8
 5 3 5 6 8 4 2 8 5 8 4 1 1 3 9 9 8 8 9 5 3 2 5 4 4 7 6 8 9 3 7 7 2 3 8 7 2
 1 7 5 3 3 1 2 3 9 2 7 3 5 9 1 4 4 1 3 6 6 8 2 4 7 6]
[5 5 5 4 2 5 7 3 7 5 7 4 5 4 9 8 3 8 6 4 3 8 3 5 3 7 2 8 1 8 4 7 1 1 6 6 8
 5 3 5 6 8 4 2 8 5 8 4 1 1 3 9 9 8 8 9 5 3 2 5 4 4 7 6 8 9 3 7 7 2 3 8 7 2
 1 7 5 3 3 1 2 3 9 2 7 3 5 9 1 4 4 1 3 6 6 8 2 4 7 6]
[50, 50, 35, 47, 50, 45, 42, 50, 31, 50, 50, 36, 39, 50, 10, 46, 50, 32, 50, 50, 14, 37, 45, 50, 50, 20, 50, 50, 31, 30, 11, 30, 50, 50, 38, 10, 50, 50, 50, 32, 50, 50, 16, 50, 16, 13, 13, 12, 50, 36, 26, 50, 50, 44, 44, 35, 49, 50, 50, 50, 50, 22, 50, 50, 21, 50, 50, 28, 37, 41, 50, 50, 50, 28, 10, 50, 50, 50, 50, 50, 33, 50, 27, 32, 45, 43, 17, 11, 50, 34, 50, 40, 50, 50, 40, 50, 31, 46, 50, 49]
[0 0 0 0 0 0 0 0 0 0 0 0 0 0 0 0 0 0 0 0 0 0 0 0 0 0 0 0 0 0 0 0 0 0 0 0 0
 0 0 0 0 0 0 0 0 0 0 0 0 0 0 0 0 0 0 0 0 0 0 0 0 0 0 0 0 0 0 0 0 0 0 0 0 0
 0 0 0 0 0 0 0 0 0 0 0 0 0 0 0 0 0 0 0 0 0 0 0 0 0 0]
[1 1 1 1 1 1 1 1 1 1 1 1 1 1 1 1 1 1 1 1 1 1 1 1 1 1 1 1 1 1 1 1 1 1 1 1 1
 1 1 1 1 1 1 1 1 1 1 1 1 1 1 1 1 1 1 1 1 1 1 1 1 1 1 1 1 1 1 1 1 1 1 1 1 1
 1 1 1 1 1 1 1 1 1 1 1 1 1 1 1 1 1 1 1 1 1 1 1 1 1 1]
