[ 0  1  2  3  4  5  6  7  8  9 10 11 12 13 14 15 16 17 18 19 20 21 22 23
 24 25 26 27 28 29 30 31 32 33 34 35 36 37 38 39 40 41 42 43 44 45 46 47
 48 49 50 51 52 53 54 55 56 57 58 59 60 61 62 63 64 65 66 67 68 69 70 71
 72 73 74 75 76 77 78 79 80 81 82 83 84 85 86 87 88 89 90 91 92 93 94 95
 96 97 98 99]
[75 12 78 32 85 69 34 95 -1 71 -1 -1 38 39 99 35 -1 -1 31 46 86  4 19 12
 -1 -1 -1 21 52 96 -1 -1 31 84  2 -1 33 99 74 -1 44 27 59 -1 -1 -1 30 -1
 49 94 99 -1 57 58 -1 29 59  3 49 70 52 -1 94 35 40 91 81 -1 -1 -1 81 54
 59 92 58 -1 61 -1 84 77 46 33 41 -1 76 46 15 20 -1 34 -1 60 16 -1 -1 -1
 -1 95 -1 76]
[0 0 1 0 0 0 1 1 1 1 0 1 0 1 0 1 1 0 0 1 0 0 1 0 0 0 1 1 1 0 1 0 1 0 0 1 0
 1 1 0 1 0 0 1 0 1 0 0 0 0 0 0 1 1 0 0 1 1 1 1 0 0 0 0 0 0 0 1 1 0 1 1 0 0
 1 0 0 0 0 0 0 1 1 1 1 0 0 1 1 1 1 1 1 0 0 1 0 1 0 0]
[0 0 3 0 0 0 1 0 4 0 1 1 0 1 0 1 3 0 4 3 0 2 0 0 3 1 0 0 4 1 0 0 4 3 0 3 0
 3 0 0 4 3 4 0 3 0 1 0 2 0 0 0 0 2 4 0 0 1 0 1 3 4 0 0 0 0 0 0 0 2 1 2 0 4
 3 2 0 0 0 0 0 0 0 1 2 0 0 0 4 0 0 2 2 3 0 2 0 1 3 1]
[0 0 3 0 0 0 1 0 4 0 1 1 0 1 0 1 3 0 4 3 0 2 0 0 3 1 0 0 4 1 0 0 4 3 0 3 0
 3 0 0 4 3 4 0 3 0 1 0 2 0 0 0 0 2 4 0 0 1 0 1 3 4 0 0 0 0 0 0 0 2 1 2 0 4
 3 2 0 0 0 0 0 0 0 1 2 0 0 0 4 0 0 2 2 3 0 2 0 1 3 1]
[1 9 2 2 8 5 4 2 1 5 3 3 8 6 5 1 3 5 8 9 7 2 9 3 5 5 2 2 8 3 8 4 3 3 2 8 9
 9 5 9 6 1 3 8 5 7 8 7 9 3 1 8 1 3 2 4 5 8 3 2 5 4 7 3 8 4 9 1 5 5 6 4 9 1
 4 1 4 6 6 4 9 2 3 9 7 3 1 4 4 6 8 4 2 6 2 2 7 6 8 3]
[1 9 2 2 8 5 4 2 1 5 3 3 8 6 5 1 3 5 8 9 7 2 9 3 5 5 2 2 8 3 8 4 3 3 2 8 9
 9 5 9 6 1 3 8 5 7 8 7 9 3 1 8 1 3 2 4 5 8 3 2 5 4 7 3 8 4 9 1 5 5 6 4 9 1
 4 1 4 6 6 4 9 2 3 9 7 3 1 4 4 6 8 4 2 6 2 2 7 6 8 3]
[50, 50, 25, 50, 46, 33, 41, 32, 50, 35, 24, 29, 50, 26, 23, 39, 11, 20, 50, 50, 26, 18, 50, 50, 17, 33, 50, 20, 40, 50, 44, 50, 45, 50, 33, 50, 16, 45, 10, 43, 50, 40, 50, 10, 38, 50, 18, 25, 50, 45, 20, 16, 35, 50, 50, 50, 39, 50, 50, 50, 50, 50, 50, 21, 50, 50, 50, 48, 50, 42, 50, 50, 49, 50, 50, 50, 45, 36, 37, 50, 28, 50, 50, 50, 50, 15, 50, 13, 50, 50, 50, 50, 50, 50, 50, 26, 39, 40, 14, 37]
[0 0 0 0 0 0 0 0 0 0 0 0 0 0 0 0 0 0 0 0 0 0 0 0 0 0 0 0 0 0 0 0 0 0 0 0 0
 0 0 0 0 0 0 0 0 0 0 0 0 0 0 0 0 0 0 0 0 0 0 0 0 0 0 0 0 0 0 0 0 0 0 0 0 0
 0 0 0 0 0 0 0 0 0 0 0 0 0 0 0 0 0 0 0 0 0 0 0 0 0 0]
[1 1 1 1 1 1 1 1 1 1 1 1 1 1 1 1 1 1 1 1 1 1 1 1 1 1 1 1 1 1 1 1 1 1 1 1 1
 1 1 1 1 1 1 1 1 1 1 1 1 1 1 1 1 1 1 1 1 1 1 1 1 1 1 1 1 1 1 1 1 1 1 1 1 1
 1 1 1 1 1 1 1 1 1 1 1 1 1 1 1 1 1 1 1 1 1 1 1 1 1 1]
