[ 0  1  2  3  4  5  6  7  8  9 10 11 12 13 14 15 16 17 18 19 20 21 22 23
 24 25 26 27 28 29 30 31 32 33 34 35 36 37 38 39 40 41 42 43 44 45 46 47
 48 49 50 51 52 53 54 55 56 57 58 59 60 61 62 63 64 65 66 67 68 69 70 71
 72 73 74 75 76 77 78 79 80 81 82 83 84 85 86 87 88 89 90 91 92 93 94 95
 96 97 98 99]
[-1 34 -1  6 77 -1 62 -1 -1 56 57 64 30 41 57 52 19 -1 -1 32 -1 -1 74 -1
 97 82 73 -1 93 -1 -1 -1  0 -1 22  8 -1 29 92 -1 -1 59 77 31 -1 -1 70 86
 -1 12 41 62  9 38 20 67 -1 85 15 -1  1 -1  9 67 44 -1 -1 31 73 -1 -1 32
 14 -1 96  2  5 45 -1 20 37 37 32  9 -1 -1 -1  4 48 -1 -1 -1 -1 27 -1 37
 -1  4 97 -1]
[0 0 1 0 0 1 1 1 1 1 1 0 1 0 0 1 1 0 0 1 0 0 0 1 1 1 0 0 1 1 1 0 1 1 1 1 1
 1 0 1 1 0 0 1 1 1 0 0 1 1 1 0 0 0 0 0 1 1 0 1 0 1 1 1 0 1 1 1 0 0 1 0 1 0
 0 0 1 1 1 1 1 0 1 0 0 1 0 1 0 1 0 1 0 0 0 0 1 0 0 0]
[4 4 3 0 3 3 4 4 4 3 0 3 0 1 0 0 4 3 4 0 0 3 0 1 0 1 1 0 0 0 3 0 0 4 0 0 0
 0 0 2 1 0 0 1 4 0 1 1 2 0 0 1 0 2 2 3 2 2 0 0 2 0 1 3 0 4 1 2 4 2 3 0 0 2
 1 4 4 1 2 3 0 3 1 0 1 0 0 1 0 2 0 2 0 4 1 2 0 0 0 0]
[4 4 3 0 3 3 4 4 4 3 0 3 0 1 0 0 4 3 4 0 0 3 0 1 0 1 1 0 0 0 3 0 0 4 0 0 0
 0 0 2 1 0 0 1 4 0 1 1 2 0 0 1 0 2 2 3 2 2 0 0 2 0 1 3 0 4 1 2 4 2 3 0 0 2
 1 4 4 1 2 3 0 3 1 0 1 0 0 1 0 2 0 2 0 4 1 2 0 0 0 0]
[9 9 4 7 9 5 4 3 4 4 5 3 2 1 9 6 9 8 3 1 7 3 2 2 7 4 7 2 5 7 5 8 4 4 1 6 8
 6 9 7 6 3 3 7 9 9 5 1 1 7 6 7 1 2 2 4 3 8 4 7 4 1 3 7 9 4 4 8 9 7 5 4 8 7
 2 9 2 2 7 7 8 2 3 1 8 6 7 3 3 9 2 5 3 6 2 4 7 3 7 2]
[9 9 4 7 9 5 4 3 4 4 5 3 2 1 9 6 9 8 3 1 7 3 2 2 7 4 7 2 5 7 5 8 4 4 1 6 8
 6 9 7 6 3 3 7 9 9 5 1 1 7 6 7 1 2 2 4 3 8 4 7 4 1 3 7 9 4 4 8 9 7 5 4 8 7
 2 9 2 2 7 7 8 2 3 1 8 6 7 3 3 9 2 5 3 6 2 4 7 3 7 2]
[14, 39, 45, 50, 50, 16, 50, 46, 43, 35, 48, 42, 50, 50, 50, 50, 50, 30, 45, 50, 23, 50, 50, 47, 35, 50, 50, 32, 11, 15, 50, 48, 21, 41, 48, 50, 50, 48, 50, 18, 50, 50, 37, 39, 50, 49, 36, 23, 35, 50, 21, 50, 50, 50, 50, 50, 34, 16, 50, 17, 50, 22, 12, 21, 50, 50, 33, 50, 38, 50, 23, 38, 36, 50, 50, 50, 50, 20, 34, 14, 42, 50, 50, 40, 50, 45, 50, 50, 33, 12, 43, 38, 48, 21, 14, 50, 50, 50, 26, 50]
[0 0 0 0 0 0 0 0 0 0 0 0 0 0 0 0 0 0 0 0 0 0 0 0 0 0 0 0 0 0 0 0 0 0 0 0 0
 0 0 0 0 0 0 0 0 0 0 0 0 0 0 0 0 0 0 0 0 0 0 0 0 0 0 0 0 0 0 0 0 0 0 0 0 0
 0 0 0 0 0 0 0 0 0 0 0 0 0 0 0 0 0 0 0 0 0 0 0 0 0 0]
[1 1 1 1 1 1 1 1 1 1 1 1 1 1 1 1 1 1 1 1 1 1 1 1 1 1 1 1 1 1 1 1 1 1 1 1 1
 1 1 1 1 1 1 1 1 1 1 1 1 1 1 1 1 1 1 1 1 1 1 1 1 1 1 1 1 1 1 1 1 1 1 1 1 1
 1 1 1 1 1 1 1 1 1 1 1 1 1 1 1 1 1 1 1 1 1 1 1 1 1 1]
