[ 0  1  2  3  4  5  6  7  8  9 10 11 12 13 14 15 16 17 18 19 20 21 22 23
 24 25 26 27 28 29 30 31 32 33 34 35 36 37 38 39 40 41 42 43 44 45 46 47
 48 49 50 51 52 53 54 55 56 57 58 59 60 61 62 63 64 65 66 67 68 69 70 71
 72 73 74 75 76 77 78 79 80 81 82 83 84 85 86 87 88 89 90 91 92 93 94 95
 96 97 98 99]
[-1 90 30 43 -1 71 27 58 87 37 -1 67 81 -1 -1 -1 65 63 -1 -1 -1 23 92 34
  0 -1 71 -1 68 11 37  3 68 38  9  9 -1 -1 94 66 -1 -1 24 -1 41 93 98 99
 -1 -1 32 77 23 20 70 78 21  3 -1 41 -1 59 26 -1 20  5 -1 70 78 38 90  0
 42 -1  1 53 37 30 51 -1 78  4 -1 -1 89 46 60 72 80 12 31 -1 -1 78 -1 46
 -1  3 -1 26]
[1 1 0 0 1 1 0 0 0 1 0 1 0 1 1 0 1 1 1 0 0 1 0 1 0 0 1 0 0 1 1 1 1 1 0 0 1
 0 1 1 1 0 0 0 0 1 0 0 1 1 1 1 1 0 0 1 1 0 0 1 1 0 1 0 0 0 1 1 0 1 1 1 1 1
 0 1 1 0 0 1 0 0 0 1 0 1 1 0 0 0 1 0 0 0 1 0 1 0 0 1]
[0 0 2 3 3 4 0 4 0 0 0 3 0 0 0 0 0 2 1 0 4 3 3 0 0 2 0 0 1 0 4 0 0 0 0 1 4
 3 0 3 0 4 1 0 0 4 3 2 4 4 0 0 1 0 3 0 1 0 0 0 1 0 0 2 3 2 0 0 2 3 3 3 4 0
 4 1 0 1 0 4 0 3 2 3 0 1 1 0 3 0 0 0 2 0 0 0 4 0 3 1]
[0 0 2 3 3 4 0 4 0 0 0 3 0 0 0 0 0 2 1 0 4 3 3 0 0 2 0 0 1 0 4 0 0 0 0 1 4
 3 0 3 0 4 1 0 0 4 3 2 4 4 0 0 1 0 3 0 1 0 0 0 1 0 0 2 3 2 0 0 2 3 3 3 4 0
 4 1 0 1 0 4 0 3 2 3 0 1 1 0 3 0 0 0 2 0 0 0 4 0 3 1]
[3 5 8 4 9 1 9 4 3 3 2 9 1 9 3 2 1 1 7 9 9 9 1 8 9 4 6 4 4 1 4 7 1 4 6 2 6
 6 2 5 7 7 8 9 5 9 1 9 2 6 7 6 3 4 1 1 5 8 7 7 9 5 2 8 9 6 1 9 9 8 1 1 5 4
 8 2 6 2 6 9 8 3 4 2 2 6 1 1 7 8 6 8 1 7 8 1 7 2 5 5]
[3 5 8 4 9 1 9 4 3 3 2 9 1 9 3 2 1 1 7 9 9 9 1 8 9 4 6 4 4 1 4 7 1 4 6 2 6
 6 2 5 7 7 8 9 5 9 1 9 2 6 7 6 3 4 1 1 5 8 7 7 9 5 2 8 9 6 1 9 9 8 1 1 5 4
 8 2 6 2 6 9 8 3 4 2 2 6 1 1 7 8 6 8 1 7 8 1 7 2 5 5]
[16, 39, 50, 50, 49, 50, 50, 50, 50, 34, 49, 31, 50, 23, 50, 26, 34, 50, 50, 50, 50, 50, 50, 44, 50, 36, 50, 40, 50, 39, 50, 50, 50, 50, 26, 43, 50, 19, 50, 50, 44, 50, 16, 50, 19, 28, 50, 50, 14, 19, 10, 50, 43, 47, 34, 35, 19, 50, 50, 34, 12, 50, 50, 48, 50, 22, 50, 31, 50, 50, 50, 50, 43, 50, 14, 50, 18, 23, 27, 14, 29, 44, 50, 50, 31, 20, 50, 50, 47, 17, 50, 34, 50, 50, 50, 50, 22, 28, 50, 16]
[0 0 0 0 0 0 0 0 0 0 0 0 0 0 0 0 0 0 0 0 0 0 0 0 0 0 0 0 0 0 0 0 0 0 0 0 0
 0 0 0 0 0 0 0 0 0 0 0 0 0 0 0 0 0 0 0 0 0 0 0 0 0 0 0 0 0 0 0 0 0 0 0 0 0
 0 0 0 0 0 0 0 0 0 0 0 0 0 0 0 0 0 0 0 0 0 0 0 0 0 0]
[1 1 1 1 1 1 1 1 1 1 1 1 1 1 1 1 1 1 1 1 1 1 1 1 1 1 1 1 1 1 1 1 1 1 1 1 1
 1 1 1 1 1 1 1 1 1 1 1 1 1 1 1 1 1 1 1 1 1 1 1 1 1 1 1 1 1 1 1 1 1 1 1 1 1
 1 1 1 1 1 1 1 1 1 1 1 1 1 1 1 1 1 1 1 1 1 1 1 1 1 1]
