[ 0  1  2  3  4  5  6  7  8  9 10 11 12 13 14 15 16 17 18 19 20 21 22 23
 24 25 26 27 28 29 30 31 32 33 34 35 36 37 38 39 40 41 42 43 44 45 46 47
 48 49 50 51 52 53 54 55 56 57 58 59 60 61 62 63 64 65 66 67 68 69 70 71
 72 73 74 75 76 77 78 79 80 81 82 83 84 85 86 87 88 89 90 91 92 93 94 95
 96 97 98 99]
[-1  0 51 94 18 -1 -1 -1 -1 -1 34 -1 96 -1 44 30 -1 75 59 -1 -1 -1 -1 75
 10 78 76 -1 -1 61 63 54 -1 92 -1 78 43 -1 -1 33 87 -1 38 29 60 10 -1 15
 -1 66 45 43  3 98 22  8 34 54 57  6 56 -1 -1 91 -1 -1 -1 19 47 75 85 82
 71 94 59 63 49 71 -1 35 -1 57 48 -1 43 66  3 -1 -1  1 48 64 14 63 44 82
 -1 43 21 88]
[1 1 0 0 1 1 1 1 1 1 1 1 0 1 1 0 0 1 1 1 1 0 0 1 1 0 1 1 1 0 0 0 0 0 1 0 1
 0 1 0 1 0 0 1 1 1 1 0 1 1 0 0 0 1 1 1 1 1 1 1 1 1 1 1 0 0 0 1 1 1 0 0 0 0
 1 0 1 0 0 1 0 1 0 1 1 0 1 0 0 0 1 1 1 0 0 0 1 0 1 0]
[0 1 0 4 0 0 1 2 4 0 2 0 1 0 1 1 0 2 1 3 0 3 3 3 3 4 3 2 2 2 3 0 0 3 0 0 3
 0 0 1 3 4 0 0 1 0 4 0 4 4 0 3 2 1 2 0 3 1 3 0 0 1 0 0 0 0 2 4 0 0 1 4 0 0
 4 0 3 0 0 1 1 1 1 2 0 0 0 4 0 4 0 0 0 0 2 1 3 0 4 0]
[0 1 0 4 0 0 1 2 4 0 2 0 1 0 1 1 0 2 1 3 0 3 3 3 3 4 3 2 2 2 3 0 0 3 0 0 3
 0 0 1 3 4 0 0 1 0 4 0 4 4 0 3 2 1 2 0 3 1 3 0 0 1 0 0 0 0 2 4 0 0 1 4 0 0
 4 0 3 0 0 1 1 1 1 2 0 0 0 4 0 4 0 0 0 0 2 1 3 0 4 0]
[9 7 5 1 3 3 9 5 3 1 7 3 1 4 9 7 9 8 3 4 9 8 1 6 9 5 8 6 8 3 5 5 6 7 7 7 3
 3 3 6 3 7 2 7 2 2 6 1 2 8 2 2 9 2 7 4 9 2 7 1 6 8 9 2 4 3 2 1 8 4 4 5 1 3
 8 7 6 8 9 4 7 8 7 4 5 5 9 9 8 1 2 8 6 9 1 2 6 3 2 7]
[9 7 5 1 3 3 9 5 3 1 7 3 1 4 9 7 9 8 3 4 9 8 1 6 9 5 8 6 8 3 5 5 6 7 7 7 3
 3 3 6 3 7 2 7 2 2 6 1 2 8 2 2 9 2 7 4 9 2 7 1 6 8 9 2 4 3 2 1 8 4 4 5 1 3
 8 7 6 8 9 4 7 8 7 4 5 5 9 9 8 1 2 8 6 9 1 2 6 3 2 7]
[43, 50, 26, 45, 47, 50, 19, 12, 29, 16, 34, 29, 31, 22, 21, 42, 50, 28, 50, 50, 30, 50, 50, 11, 28, 50, 50, 50, 19, 50, 24, 50, 11, 30, 50, 19, 50, 50, 50, 49, 47, 17, 50, 25, 20, 47, 50, 50, 50, 24, 50, 50, 50, 32, 50, 42, 50, 50, 50, 49, 47, 50, 29, 10, 50, 49, 27, 50, 48, 36, 50, 50, 50, 34, 40, 22, 33, 50, 35, 50, 50, 16, 50, 36, 38, 26, 50, 50, 46, 50, 23, 50, 50, 46, 41, 50, 50, 50, 50, 50]
[0 0 0 0 0 0 0 0 0 0 0 0 0 0 0 0 0 0 0 0 0 0 0 0 0 0 0 0 0 0 0 0 0 0 0 0 0
 0 0 0 0 0 0 0 0 0 0 0 0 0 0 0 0 0 0 0 0 0 0 0 0 0 0 0 0 0 0 0 0 0 0 0 0 0
 0 0 0 0 0 0 0 0 0 0 0 0 0 0 0 0 0 0 0 0 0 0 0 0 0 0]
[1 1 1 1 1 1 1 1 1 1 1 1 1 1 1 1 1 1 1 1 1 1 1 1 1 1 1 1 1 1 1 1 1 1 1 1 1
 1 1 1 1 1 1 1 1 1 1 1 1 1 1 1 1 1 1 1 1 1 1 1 1 1 1 1 1 1 1 1 1 1 1 1 1 1
 1 1 1 1 1 1 1 1 1 1 1 1 1 1 1 1 1 1 1 1 1 1 1 1 1 1]
