[ 0  1  2  3  4  5  6  7  8  9 10 11 12 13 14 15 16 17 18 19 20 21 22 23
 24 25 26 27 28 29 30 31 32 33 34 35 36 37 38 39 40 41 42 43 44 45 46 47
 48 49 50 51 52 53 54 55 56 57 58 59 60 61 62 63 64 65 66 67 68 69 70 71
 72 73 74 75 76 77 78 79 80 81 82 83 84 85 86 87 88 89 90 91 92 93 94 95
 96 97 98 99]
[55 52 -1 48  7 72 20 64 13 -1 90  0 -1 10 28 81 14 -1 65 -1 57  5 56 65
 -1 34  4 45 68 67 68 -1 94 -1 15 26 -1 45 -1  8  4 83 63 -1 33 12 -1 56
 13 36 84 82 -1 26 -1 94 12 56 71 60 43 18  4 35 13 13  5 98 -1 44 -1 -1
 -1 -1 76 74 -1 65 70 34 -1 97  8 -1 -1 57 56 80 -1 70 12 -1 -1 19 84 37
 38 26 31 87]
[0 0 0 1 1 1 1 0 0 0 1 0 1 0 0 1 1 1 0 0 1 0 0 1 1 1 1 0 1 0 0 0 1 1 0 0 1
 1 0 1 1 0 1 1 0 1 0 0 0 0 0 0 1 1 1 1 1 0 0 1 0 0 1 1 0 1 0 1 0 1 0 1 0 0
 0 0 0 1 0 0 1 0 0 0 0 0 1 1 1 0 0 0 0 1 1 0 1 0 0 1]
[4 0 0 0 1 4 0 3 4 0 3 2 0 1 0 4 4 2 1 1 0 1 1 1 0 0 3 0 0 4 0 3 2 0 2 2 4
 0 0 0 4 0 1 0 3 1 0 4 0 1 0 2 0 1 2 0 0 0 4 2 0 2 2 2 4 4 0 1 1 2 2 1 0 0
 4 0 0 2 0 1 0 0 0 0 0 0 0 0 3 4 0 1 2 2 0 3 0 0 0 3]
[4 0 0 0 1 4 0 3 4 0 3 2 0 1 0 4 4 2 1 1 0 1 1 1 0 0 3 0 0 4 0 3 2 0 2 2 4
 0 0 0 4 0 1 0 3 1 0 4 0 1 0 2 0 1 2 0 0 0 4 2 0 2 2 2 4 4 0 1 1 2 2 1 0 0
 4 0 0 2 0 1 0 0 0 0 0 0 0 0 3 4 0 1 2 2 0 3 0 0 0 3]
[8 6 9 8 4 7 8 3 5 1 3 9 8 3 7 3 6 3 8 5 7 5 9 8 2 3 8 3 3 5 2 7 1 7 1 7 9
 3 3 1 3 8 9 8 7 2 3 9 6 1 4 5 8 4 4 3 2 1 9 2 1 7 9 7 1 1 2 5 2 2 4 3 8 9
 6 3 9 5 7 6 5 1 9 9 8 6 2 2 2 8 7 8 9 8 4 1 4 7 2 5]
[8 6 9 8 4 7 8 3 5 1 3 9 8 3 7 3 6 3 8 5 7 5 9 8 2 3 8 3 3 5 2 7 1 7 1 7 9
 3 3 1 3 8 9 8 7 2 3 9 6 1 4 5 8 4 4 3 2 1 9 2 1 7 9 7 1 1 2 5 2 2 4 3 8 9
 6 3 9 5 7 6 5 1 9 9 8 6 2 2 2 8 7 8 9 8 4 1 4 7 2 5]
[50, 35, 50, 44, 20, 50, 13, 50, 50, 18, 12, 50, 50, 41, 31, 50, 50, 50, 50, 49, 50, 50, 50, 50, 50, 48, 35, 24, 48, 31, 43, 50, 50, 50, 50, 39, 50, 39, 16, 29, 14, 50, 38, 19, 13, 42, 43, 50, 10, 50, 12, 49, 50, 50, 32, 33, 37, 50, 50, 19, 41, 50, 50, 25, 50, 50, 50, 35, 12, 16, 50, 50, 24, 50, 50, 40, 36, 50, 50, 50, 36, 50, 37, 13, 50, 50, 50, 42, 20, 50, 21, 30, 50, 50, 50, 19, 50, 50, 27, 50]
[0 0 0 0 0 0 0 0 0 0 0 0 0 0 0 0 0 0 0 0 0 0 0 0 0 0 0 0 0 0 0 0 0 0 0 0 0
 0 0 0 0 0 0 0 0 0 0 0 0 0 0 0 0 0 0 0 0 0 0 0 0 0 0 0 0 0 0 0 0 0 0 0 0 0
 0 0 0 0 0 0 0 0 0 0 0 0 0 0 0 0 0 0 0 0 0 0 0 0 0 0]
[1 1 1 1 1 1 1 1 1 1 1 1 1 1 1 1 1 1 1 1 1 1 1 1 1 1 1 1 1 1 1 1 1 1 1 1 1
 1 1 1 1 1 1 1 1 1 1 1 1 1 1 1 1 1 1 1 1 1 1 1 1 1 1 1 1 1 1 1 1 1 1 1 1 1
 1 1 1 1 1 1 1 1 1 1 1 1 1 1 1 1 1 1 1 1 1 1 1 1 1 1]
