[ 0  1  2  3  4  5  6  7  8  9 10 11 12 13 14 15 16 17 18 19 20 21 22 23
 24 25 26 27 28 29 30 31 32 33 34 35 36 37 38 39 40 41 42 43 44 45 46 47
 48 49 50 51 52 53 54 55 56 57 58 59 60 61 62 63 64 65 66 67 68 69 70 71
 72 73 74 75 76 77 78 79 80 81 82 83 84 85 86 87 88 89 90 91 92 93 94 95
 96 97 98 99]
[ 4 21  0 85 57  6 -1 -1 27 66 77 -1 94 69 -1 39 48 15  0 -1 -1 -1 -1 -1
  9 -1 82 55 -1 -1 23 11 98 25 -1 83 20 -1 29 71 21 -1 80 -1 -1 80 57 -1
 -1 -1 31 -1 -1 49 -1 43 54 21 74 61 35  7 -1 36 28 -1 27 19 18 -1 -1 21
 11 -1 -1 55 -1 -1 52 96 77 32 -1 30 22 22  7 -1 -1 92 47 67 -1 -1 -1 50
 -1 35 53 87]
[0 1 1 0 1 0 0 1 0 0 1 0 1 0 1 0 1 0 0 0 1 0 1 1 1 0 1 1 1 0 1 1 0 0 1 0 0
 1 1 1 1 0 1 1 1 0 0 0 0 1 1 1 0 1 1 0 0 1 0 1 1 1 0 1 1 0 1 1 0 1 0 1 1 0
 1 0 0 1 1 1 0 1 0 0 0 0 0 1 0 1 0 0 1 0 1 1 0 1 0 1]
[2 0 4 3 0 1 0 0 1 0 0 0 0 3 2 0 0 0 3 0 4 0 0 3 0 1 0 0 2 0 1 4 0 2 3 0 0
 0 4 0 4 0 1 4 0 4 0 1 4 2 0 0 0 2 0 4 0 4 3 1 1 0 0 0 4 3 2 0 1 0 0 0 0 1
 0 0 4 0 4 2 1 4 2 0 0 3 1 2 3 1 4 1 0 0 1 4 2 4 2 1]
[2 0 4 3 0 1 0 0 1 0 0 0 0 3 2 0 0 0 3 0 4 0 0 3 0 1 0 0 2 0 1 4 0 2 3 0 0
 0 4 0 4 0 1 4 0 4 0 1 4 2 0 0 0 2 0 4 0 4 3 1 1 0 0 0 4 3 2 0 1 0 0 0 0 1
 0 0 4 0 4 2 1 4 2 0 0 3 1 2 3 1 4 1 0 0 1 4 2 4 2 1]
[1 8 1 7 4 7 3 5 7 4 1 3 2 1 4 7 6 3 7 8 2 5 9 7 4 9 8 7 6 7 4 1 1 3 7 2 8
 3 1 6 9 6 8 4 9 6 5 9 5 1 6 2 7 4 9 8 8 3 5 6 2 6 5 8 4 3 8 8 1 2 5 4 8 6
 7 9 6 5 4 1 4 8 5 6 4 3 9 8 2 3 2 8 8 5 3 7 9 9 3 6]
[1 8 1 7 4 7 3 5 7 4 1 3 2 1 4 7 6 3 7 8 2 5 9 7 4 9 8 7 6 7 4 1 1 3 7 2 8
 3 1 6 9 6 8 4 9 6 5 9 5 1 6 2 7 4 9 8 8 3 5 6 2 6 5 8 4 3 8 8 1 2 5 4 8 6
 7 9 6 5 4 1 4 8 5 6 4 3 9 8 2 3 2 8 8 5 3 7 9 9 3 6]
[35, 50, 50, 10, 21, 50, 50, 39, 38, 50, 20, 50, 17, 39, 50, 50, 23, 50, 50, 50, 50, 15, 50, 31, 18, 50, 50, 50, 50, 49, 29, 50, 27, 33, 12, 50, 12, 50, 12, 31, 39, 50, 18, 46, 21, 50, 28, 37, 50, 50, 50, 50, 50, 50, 10, 50, 36, 50, 50, 16, 50, 21, 19, 50, 50, 50, 50, 50, 13, 50, 50, 15, 17, 35, 31, 50, 50, 49, 37, 50, 50, 50, 50, 18, 49, 50, 50, 50, 44, 50, 50, 50, 50, 23, 50, 17, 50, 50, 50, 50]
[0 0 0 0 0 0 0 0 0 0 0 0 0 0 0 0 0 0 0 0 0 0 0 0 0 0 0 0 0 0 0 0 0 0 0 0 0
 0 0 0 0 0 0 0 0 0 0 0 0 0 0 0 0 0 0 0 0 0 0 0 0 0 0 0 0 0 0 0 0 0 0 0 0 0
 0 0 0 0 0 0 0 0 0 0 0 0 0 0 0 0 0 0 0 0 0 0 0 0 0 0]
[1 1 1 1 1 1 1 1 1 1 1 1 1 1 1 1 1 1 1 1 1 1 1 1 1 1 1 1 1 1 1 1 1 1 1 1 1
 1 1 1 1 1 1 1 1 1 1 1 1 1 1 1 1 1 1 1 1 1 1 1 1 1 1 1 1 1 1 1 1 1 1 1 1 1
 1 1 1 1 1 1 1 1 1 1 1 1 1 1 1 1 1 1 1 1 1 1 1 1 1 1]
