[ 0  1  2  3  4  5  6  7  8  9 10 11 12 13 14 15 16 17 18 19 20 21 22 23
 24 25 26 27 28 29 30 31 32 33 34 35 36 37 38 39 40 41 42 43 44 45 46 47
 48 49 50 51 52 53 54 55 56 57 58 59 60 61 62 63 64 65 66 67 68 69 70 71
 72 73 74 75 76 77 78 79 80 81 82 83 84 85 86 87 88 89 90 91 92 93 94 95
 96 97 98 99]
[95 -1 47 14 -1 83 25 64 77 -1 43 99 10 43 -1 81 38 10 -1 14 31  1 -1 -1
 -1 74 71 49 42 31  1 67 61 -1 -1 66 -1 29 56 -1 -1 87 -1 99 93 77 -1 -1
 45 -1 97 -1 95 63 41 95 97 -1 98 -1 65 45 -1 -1 -1 -1 -1 -1 15 91 90  6
 -1 99 20 14 -1 52 -1 22 95 57 68 30 45 -1 69 69 76 -1 -1 26 96 80 15 63
 -1 99 -1 98]
[1 0 1 1 0 0 1 0 1 0 0 0 0 0 0 0 1 0 1 0 0 0 1 1 0 1 0 0 1 1 0 0 1 0 1 1 1
 1 0 1 1 1 0 1 0 0 1 0 1 0 0 1 0 0 1 1 0 1 0 0 0 0 1 0 0 0 1 0 1 0 0 1 1 1
 1 1 0 0 0 1 1 0 1 1 1 1 1 0 0 0 1 1 0 0 1 1 1 1 1 0]
[2 3 4 2 0 1 0 0 3 1 0 4 3 3 0 0 0 3 1 0 3 0 0 0 0 1 2 0 2 0 1 2 1 0 0 0 0
 0 0 0 4 0 2 0 0 0 3 1 4 0 3 0 0 0 3 4 4 0 4 4 0 2 3 3 0 1 4 4 3 4 3 0 0 2
 1 2 0 2 1 0 3 0 0 0 4 0 0 3 0 2 0 0 4 2 0 0 0 3 3 0]
[2 3 4 2 0 1 0 0 3 1 0 4 3 3 0 0 0 3 1 0 3 0 0 0 0 1 2 0 2 0 1 2 1 0 0 0 0
 0 0 0 4 0 2 0 0 0 3 1 4 0 3 0 0 0 3 4 4 0 4 4 0 2 3 3 0 1 4 4 3 4 3 0 0 2
 1 2 0 2 1 0 3 0 0 0 4 0 0 3 0 2 0 0 4 2 0 0 0 3 3 0]
[4 7 3 7 4 7 1 1 2 9 6 1 6 4 5 5 3 9 5 4 4 3 8 2 6 7 1 7 2 9 8 3 2 8 9 3 9
 8 6 3 1 3 7 9 7 9 5 8 8 7 5 6 4 3 4 6 9 8 3 4 1 9 4 5 3 4 6 3 7 7 9 7 9 9
 4 9 8 8 1 5 9 2 5 5 9 5 1 1 8 5 9 6 2 4 7 3 4 5 7 6]
[4 7 3 7 4 7 1 1 2 9 6 1 6 4 5 5 3 9 5 4 4 3 8 2 6 7 1 7 2 9 8 3 2 8 9 3 9
 8 6 3 1 3 7 9 7 9 5 8 8 7 5 6 4 3 4 6 9 8 3 4 1 9 4 5 3 4 6 3 7 7 9 7 9 9
 4 9 8 8 1 5 9 2 5 5 9 5 1 1 8 5 9 6 2 4 7 3 4 5 7 6]
[24, 44, 50, 41, 50, 29, 27, 41, 50, 24, 50, 50, 32, 50, 28, 22, 28, 33, 36, 29, 41, 50, 13, 50, 50, 44, 50, 50, 48, 26, 38, 50, 50, 27, 23, 50, 50, 15, 50, 20, 33, 50, 31, 50, 50, 50, 47, 50, 24, 25, 45, 50, 43, 47, 50, 50, 35, 29, 23, 50, 29, 45, 36, 50, 40, 50, 28, 36, 38, 45, 22, 50, 18, 50, 50, 47, 44, 48, 49, 26, 50, 50, 50, 50, 50, 50, 38, 10, 50, 50, 24, 39, 50, 20, 50, 44, 48, 11, 50, 50]
[0 0 0 0 0 0 0 0 0 0 0 0 0 0 0 0 0 0 0 0 0 0 0 0 0 0 0 0 0 0 0 0 0 0 0 0 0
 0 0 0 0 0 0 0 0 0 0 0 0 0 0 0 0 0 0 0 0 0 0 0 0 0 0 0 0 0 0 0 0 0 0 0 0 0
 0 0 0 0 0 0 0 0 0 0 0 0 0 0 0 0 0 0 0 0 0 0 0 0 0 0]
[1 1 1 1 1 1 1 1 1 1 1 1 1 1 1 1 1 1 1 1 1 1 1 1 1 1 1 1 1 1 1 1 1 1 1 1 1
 1 1 1 1 1 1 1 1 1 1 1 1 1 1 1 1 1 1 1 1 1 1 1 1 1 1 1 1 1 1 1 1 1 1 1 1 1
 1 1 1 1 1 1 1 1 1 1 1 1 1 1 1 1 1 1 1 1 1 1 1 1 1 1]
