[ 0  1  2  3  4  5  6  7  8  9 10 11 12 13 14 15 16 17 18 19 20 21 22 23
 24 25 26 27 28 29 30 31 32 33 34 35 36 37 38 39 40 41 42 43 44 45 46 47
 48 49 50 51 52 53 54 55 56 57 58 59 60 61 62 63 64 65 66 67 68 69 70 71
 72 73 74 75 76 77 78 79 80 81 82 83 84 85 86 87 88 89 90 91 92 93 94 95
 96 97 98 99]
[62 13 -1 -1 -1 60 82 -1 45 32 54 36 -1  7  9 83 -1 85 -1 24 57 -1 33 32
 75 81 -1  3 -1 42 -1 45 -1 31 64 -1 47 -1 47 35 32 -1 52 70 46 46 80 20
 82 35 99 68 80 80 20 43 89 -1 32 95 -1 33 -1 -1 99 88 48 28 90 -1 44 89
 62 21 88 -1 75 37 -1  0 -1 -1 -1 -1 -1 -1  9 69 -1  3 10 -1 59 17 -1 10
 -1 62 87 96]
[1 0 0 1 0 0 1 1 0 0 1 1 1 1 1 1 0 0 0 0 1 1 0 1 1 1 1 1 1 1 0 0 1 1 1 0 1
 1 0 0 1 0 1 0 1 1 0 0 1 0 0 0 1 1 1 1 0 1 0 1 0 0 1 1 1 1 0 1 1 0 1 1 1 1
 0 0 1 0 1 0 1 0 1 1 0 1 1 0 1 0 0 1 1 0 0 1 0 1 0 0]
[4 0 0 0 3 1 1 3 1 3 0 0 0 2 0 0 0 3 0 0 0 3 4 0 0 2 0 2 1 0 0 0 4 0 0 3 3
 4 2 1 0 0 0 1 0 3 3 0 0 4 3 0 0 3 0 0 1 0 0 0 0 2 0 0 0 4 0 0 0 1 0 2 0 0
 1 3 0 0 1 2 0 0 0 0 0 0 1 0 4 4 1 3 2 0 0 2 0 0 0 0]
[4 0 0 0 3 1 1 3 1 3 0 0 0 2 0 0 0 3 0 0 0 3 4 0 0 2 0 2 1 0 0 0 4 0 0 3 3
 4 2 1 0 0 0 1 0 3 3 0 0 4 3 0 0 3 0 0 1 0 0 0 0 2 0 0 0 4 0 0 0 1 0 2 0 0
 1 3 0 0 1 2 0 0 0 0 0 0 1 0 4 4 1 3 2 0 0 2 0 0 0 0]
[6 8 6 3 7 7 9 2 5 2 3 8 4 1 5 4 6 7 1 2 7 2 4 4 9 3 5 5 1 3 7 2 1 3 3 2 9
 7 6 7 8 2 8 6 5 7 7 6 1 6 9 5 7 3 9 9 2 5 7 3 6 5 1 2 7 6 3 8 8 2 2 8 3 2
 5 2 4 5 4 1 5 6 4 2 3 7 8 2 5 1 9 9 6 3 2 8 4 6 7 4]
[6 8 6 3 7 7 9 2 5 2 3 8 4 1 5 4 6 7 1 2 7 2 4 4 9 3 5 5 1 3 7 2 1 3 3 2 9
 7 6 7 8 2 8 6 5 7 7 6 1 6 9 5 7 3 9 9 2 5 7 3 6 5 1 2 7 6 3 8 8 2 2 8 3 2
 5 2 4 5 4 1 5 6 4 2 3 7 8 2 5 1 9 9 6 3 2 8 4 6 7 4]
[42, 50, 50, 47, 50, 50, 16, 50, 41, 50, 34, 50, 50, 50, 28, 42, 50, 50, 46, 37, 50, 50, 25, 50, 31, 32, 18, 46, 50, 33, 33, 20, 50, 10, 50, 47, 36, 50, 19, 50, 43, 29, 26, 50, 50, 50, 45, 49, 38, 50, 13, 33, 50, 50, 50, 50, 38, 50, 50, 32, 50, 18, 50, 40, 47, 27, 20, 19, 50, 26, 50, 50, 50, 41, 23, 11, 18, 42, 50, 40, 50, 50, 14, 50, 37, 30, 50, 35, 50, 33, 24, 50, 20, 50, 38, 50, 50, 18, 50, 50]
[0 0 0 0 0 0 0 0 0 0 0 0 0 0 0 0 0 0 0 0 0 0 0 0 0 0 0 0 0 0 0 0 0 0 0 0 0
 0 0 0 0 0 0 0 0 0 0 0 0 0 0 0 0 0 0 0 0 0 0 0 0 0 0 0 0 0 0 0 0 0 0 0 0 0
 0 0 0 0 0 0 0 0 0 0 0 0 0 0 0 0 0 0 0 0 0 0 0 0 0 0]
[1 1 1 1 1 1 1 1 1 1 1 1 1 1 1 1 1 1 1 1 1 1 1 1 1 1 1 1 1 1 1 1 1 1 1 1 1
 1 1 1 1 1 1 1 1 1 1 1 1 1 1 1 1 1 1 1 1 1 1 1 1 1 1 1 1 1 1 1 1 1 1 1 1 1
 1 1 1 1 1 1 1 1 1 1 1 1 1 1 1 1 1 1 1 1 1 1 1 1 1 1]
