[ 0  1  2  3  4  5  6  7  8  9 10 11 12 13 14 15 16 17 18 19 20 21 22 23
 24 25 26 27 28 29 30 31 32 33 34 35 36 37 38 39 40 41 42 43 44 45 46 47
 48 49 50 51 52 53 54 55 56 57 58 59 60 61 62 63 64 65 66 67 68 69 70 71
 72 73 74 75 76 77 78 79 80 81 82 83 84 85 86 87 88 89 90 91 92 93 94 95
 96 97 98 99]
[-1 97 46 43 28 -1 -1 -1 81 25 90 53 90 98 12 -1 54 87 82  5 42 11 83 73
 60 12 12 71 -1 21 -1 26 84  0 24 -1 -1 -1 13 33 56 -1 -1 46 58 87 82 -1
 51 74 24 20 -1 62 43 68 92 23 38 -1 -1 68 43 -1 -1 90 -1 -1 71 82 78 -1
 -1  5 -1 -1 -1 -1 53 -1 60 -1 48 93 33 33 17  9 68 -1 46 -1 47 99 -1 18
 -1 98 -1 95]
[1 1 1 1 0 1 0 1 1 0 1 0 1 0 1 1 1 1 1 0 0 0 1 0 1 0 0 0 1 1 1 0 0 1 1 0 1
 0 1 1 1 1 1 1 1 0 0 1 0 0 0 1 0 1 0 0 0 0 1 1 1 1 0 1 1 0 0 0 0 0 1 0 0 1
 1 1 1 1 0 0 0 0 1 0 0 1 0 1 0 1 1 0 1 0 0 1 1 0 0 0]
[4 4 1 2 0 0 3 3 3 0 2 2 0 3 0 0 0 3 0 1 0 0 0 0 4 0 1 4 4 3 1 0 2 0 0 0 0
 3 2 0 4 0 2 0 0 0 2 0 0 2 0 0 1 0 1 3 0 4 2 0 1 0 1 0 2 2 2 0 0 4 4 1 1 0
 2 0 2 3 0 0 1 4 3 0 0 2 0 2 0 4 1 4 2 3 0 0 2 0 1 0]
[4 4 1 2 0 0 3 3 3 0 2 2 0 3 0 0 0 3 0 1 0 0 0 0 4 0 1 4 4 3 1 0 2 0 0 0 0
 3 2 0 4 0 2 0 0 0 2 0 0 2 0 0 1 0 1 3 0 4 2 0 1 0 1 0 2 2 2 0 0 4 4 1 1 0
 2 0 2 3 0 0 1 4 3 0 0 2 0 2 0 4 1 4 2 3 0 0 2 0 1 0]
[7 5 9 2 9 7 4 9 9 7 3 7 1 9 4 2 8 1 3 4 9 9 4 2 4 9 6 4 9 4 4 5 3 2 4 9 5
 4 7 8 4 1 9 1 1 1 4 7 4 7 2 8 1 6 2 5 4 2 9 9 6 3 5 1 5 8 2 8 3 8 4 7 3 5
 4 1 4 7 4 6 7 1 8 1 3 7 2 9 1 7 5 9 1 3 6 4 2 1 2 4]
[7 5 9 2 9 7 4 9 9 7 3 7 1 9 4 2 8 1 3 4 9 9 4 2 4 9 6 4 9 4 4 5 3 2 4 9 5
 4 7 8 4 1 9 1 1 1 4 7 4 7 2 8 1 6 2 5 4 2 9 9 6 3 5 1 5 8 2 8 3 8 4 7 3 5
 4 1 4 7 4 6 7 1 8 1 3 7 2 9 1 7 5 9 1 3 6 4 2 1 2 4]
[50, 50, 50, 50, 17, 24, 26, 50, 50, 27, 50, 50, 23, 50, 34, 50, 50, 12, 50, 38, 19, 50, 50, 39, 28, 50, 29, 17, 12, 50, 11, 40, 50, 47, 50, 50, 50, 15, 34, 23, 46, 50, 50, 28, 41, 28, 26, 50, 45, 47, 50, 50, 36, 50, 50, 16, 38, 37, 36, 50, 50, 41, 50, 48, 31, 15, 50, 50, 50, 50, 27, 50, 50, 23, 27, 46, 50, 50, 50, 50, 50, 31, 50, 38, 33, 21, 39, 50, 50, 23, 50, 34, 50, 12, 47, 43, 50, 37, 50, 45]
[0 0 0 0 0 0 0 0 0 0 0 0 0 0 0 0 0 0 0 0 0 0 0 0 0 0 0 0 0 0 0 0 0 0 0 0 0
 0 0 0 0 0 0 0 0 0 0 0 0 0 0 0 0 0 0 0 0 0 0 0 0 0 0 0 0 0 0 0 0 0 0 0 0 0
 0 0 0 0 0 0 0 0 0 0 0 0 0 0 0 0 0 0 0 0 0 0 0 0 0 0]
[1 1 1 1 1 1 1 1 1 1 1 1 1 1 1 1 1 1 1 1 1 1 1 1 1 1 1 1 1 1 1 1 1 1 1 1 1
 1 1 1 1 1 1 1 1 1 1 1 1 1 1 1 1 1 1 1 1 1 1 1 1 1 1 1 1 1 1 1 1 1 1 1 1 1
 1 1 1 1 1 1 1 1 1 1 1 1 1 1 1 1 1 1 1 1 1 1 1 1 1 1]
