[ 0  1  2  3  4  5  6  7  8  9 10 11 12 13 14 15 16 17 18 19 20 21 22 23
 24 25 26 27 28 29 30 31 32 33 34 35 36 37 38 39 40 41 42 43 44 45 46 47
 48 49 50 51 52 53 54 55 56 57 58 59 60 61 62 63 64 65 66 67 68 69 70 71
 72 73 74 75 76 77 78 79 80 81 82 83 84 85 86 87 88 89 90 91 92 93 94 95
 96 97 98 99]
[48 73 13 96 81 66 -1 -1 -1 79 -1 48  2 57 80 -1 27 72 81 -1 22 72 24 55
  5 -1 73 15 -1 44 13 -1 62 94 27 54 -1 -1 25 -1 11 22 87  5 30 52 49 13
 -1 96 -1 -1 -1 12 -1 20 -1 80 -1 -1 -1 54 -1 28 83 64 71 61 38 83 -1  6
 -1 56 -1 -1 56 74 10 -1 22 63 73 42 -1 75 95 96 58 95 13 -1 -1 -1 45 -1
 -1 81 34 -1]
[0 1 0 1 0 1 1 0 1 1 1 1 1 1 1 1 0 1 1 0 1 0 1 0 1 0 1 0 0 1 1 0 0 1 1 1 0
 0 0 1 1 1 1 0 1 1 1 0 1 1 1 1 0 1 1 1 0 0 0 0 1 0 0 1 1 1 1 0 1 1 0 1 0 0
 0 1 0 1 1 0 0 1 0 0 0 0 0 1 1 1 0 0 1 1 1 1 1 1 1 0]
[0 0 1 0 0 2 0 3 2 3 0 0 3 3 0 3 0 0 0 0 3 0 0 0 3 2 4 0 0 4 0 0 0 0 1 0 0
 0 4 4 0 0 0 0 0 0 0 0 0 0 0 2 1 0 0 0 4 4 4 1 0 0 1 0 0 3 1 0 0 0 0 0 1 0
 0 4 1 2 2 2 1 2 2 4 3 4 0 3 1 2 2 3 3 0 4 0 1 0 0 0]
[0 0 1 0 0 2 0 3 2 3 0 0 3 3 0 3 0 0 0 0 3 0 0 0 3 2 4 0 0 4 0 0 0 0 1 0 0
 0 4 4 0 0 0 0 0 0 0 0 0 0 0 2 1 0 0 0 4 4 4 1 0 0 1 0 0 3 1 0 0 0 0 0 1 0
 0 4 1 2 2 2 1 2 2 4 3 4 0 3 1 2 2 3 3 0 4 0 1 0 0 0]
[2 6 2 9 3 4 6 2 2 4 1 1 4 2 1 6 6 9 5 7 1 9 7 7 1 4 7 4 4 4 6 5 5 1 5 2 8
 3 6 6 6 2 8 4 3 7 1 7 3 2 3 1 5 7 4 5 7 3 9 6 1 7 7 5 3 8 8 9 4 3 2 1 2 2
 9 4 4 4 3 2 5 3 7 4 5 2 3 3 4 7 8 1 3 1 7 4 7 9 3 2]
[2 6 2 9 3 4 6 2 2 4 1 1 4 2 1 6 6 9 5 7 1 9 7 7 1 4 7 4 4 4 6 5 5 1 5 2 8
 3 6 6 6 2 8 4 3 7 1 7 3 2 3 1 5 7 4 5 7 3 9 6 1 7 7 5 3 8 8 9 4 3 2 1 2 2
 9 4 4 4 3 2 5 3 7 4 5 2 3 3 4 7 8 1 3 1 7 4 7 9 3 2]
[45, 50, 49, 23, 50, 41, 47, 33, 50, 50, 50, 50, 43, 42, 50, 18, 29, 45, 50, 13, 43, 50, 26, 12, 48, 27, 50, 50, 12, 50, 50, 50, 23, 50, 39, 50, 50, 15, 50, 50, 27, 50, 50, 50, 50, 50, 48, 13, 12, 50, 50, 38, 32, 50, 47, 33, 11, 50, 27, 50, 30, 50, 50, 27, 50, 50, 45, 50, 33, 50, 12, 47, 50, 24, 35, 50, 38, 42, 50, 14, 13, 50, 50, 16, 50, 50, 50, 50, 10, 50, 27, 36, 50, 47, 40, 50, 50, 47, 14, 42]
[0 0 0 0 0 0 0 0 0 0 0 0 0 0 0 0 0 0 0 0 0 0 0 0 0 0 0 0 0 0 0 0 0 0 0 0 0
 0 0 0 0 0 0 0 0 0 0 0 0 0 0 0 0 0 0 0 0 0 0 0 0 0 0 0 0 0 0 0 0 0 0 0 0 0
 0 0 0 0 0 0 0 0 0 0 0 0 0 0 0 0 0 0 0 0 0 0 0 0 0 0]
[1 1 1 1 1 1 1 1 1 1 1 1 1 1 1 1 1 1 1 1 1 1 1 1 1 1 1 1 1 1 1 1 1 1 1 1 1
 1 1 1 1 1 1 1 1 1 1 1 1 1 1 1 1 1 1 1 1 1 1 1 1 1 1 1 1 1 1 1 1 1 1 1 1 1
 1 1 1 1 1 1 1 1 1 1 1 1 1 1 1 1 1 1 1 1 1 1 1 1 1 1]
