[ 0  1  2  3  4  5  6  7  8  9 10 11 12 13 14 15 16 17 18 19 20 21 22 23
 24 25 26 27 28 29 30 31 32 33 34 35 36 37 38 39 40 41 42 43 44 45 46 47
 48 49 50 51 52 53 54 55 56 57 58 59 60 61 62 63 64 65 66 67 68 69 70 71
 72 73 74 75 76 77 78 79 80 81 82 83 84 85 86 87 88 89 90 91 92 93 94 95
 96 97 98 99]
[92 -1 95 75 91 95  8 -1 51 89 81 15 62 -1 37 -1 22 13 -1 61  3  8 -1 82
 -1 38 55 51  4 -1 -1 60 76 19 -1  6 78 90 -1 -1 61 -1  7 -1 24  4 90 -1
 20 -1 -1 79 59 -1 63 21  9 -1 18 -1 34 98 72  6 67 31 23 -1 56 87 -1 -1
 -1 68 75 -1 -1 -1 59 -1 -1 61 10 79  8 55 -1 -1 -1  3 79 -1  4 73 66 91
 -1 44 97 89]
[1 0 1 0 0 1 0 1 1 1 1 0 0 1 0 0 0 0 0 0 0 1 0 0 1 0 1 1 1 1 0 0 0 1 1 0 1
 0 0 0 1 1 1 0 0 0 1 0 0 0 1 1 1 0 0 1 0 1 1 1 1 1 0 1 1 1 1 1 0 1 1 1 1 1
 1 1 0 0 0 0 1 1 0 1 0 1 0 0 0 0 1 1 1 0 1 0 0 0 0 0]
[2 0 2 2 2 4 1 0 0 2 1 2 2 2 4 0 2 0 0 0 0 0 4 0 0 2 0 3 0 0 4 0 2 1 0 3 0
 0 4 0 4 0 1 1 0 4 0 3 1 0 0 0 2 0 0 1 0 0 1 2 0 4 0 3 0 0 2 1 0 0 0 0 0 3
 0 0 0 0 0 0 3 1 2 0 0 0 1 0 0 2 4 2 1 3 0 1 0 4 2 1]
[2 0 2 2 2 4 1 0 0 2 1 2 2 2 4 0 2 0 0 0 0 0 4 0 0 2 0 3 0 0 4 0 2 1 0 3 0
 0 4 0 4 0 1 1 0 4 0 3 1 0 0 0 2 0 0 1 0 0 1 2 0 4 0 3 0 0 2 1 0 0 0 0 0 3
 0 0 0 0 0 0 3 1 2 0 0 0 1 0 0 2 4 2 1 3 0 1 0 4 2 1]
[8 7 1 6 4 2 1 2 7 9 8 4 4 6 1 9 3 2 7 7 3 6 8 4 3 4 9 2 5 5 3 8 8 8 2 7 6
 5 9 4 4 4 3 9 5 9 8 9 3 7 1 8 8 7 6 6 8 7 7 9 2 3 3 8 7 4 3 5 8 4 6 7 4 8
 7 8 6 1 6 2 1 6 4 3 9 7 8 8 8 3 3 6 8 7 7 9 5 7 5 8]
[8 7 1 6 4 2 1 2 7 9 8 4 4 6 1 9 3 2 7 7 3 6 8 4 3 4 9 2 5 5 3 8 8 8 2 7 6
 5 9 4 4 4 3 9 5 9 8 9 3 7 1 8 8 7 6 6 8 7 7 9 2 3 3 8 7 4 3 5 8 4 6 7 4 8
 7 8 6 1 6 2 1 6 4 3 9 7 8 8 8 3 3 6 8 7 7 9 5 7 5 8]
[50, 27, 23, 36, 50, 50, 20, 50, 50, 50, 50, 38, 45, 50, 43, 50, 50, 50, 10, 50, 50, 37, 50, 50, 50, 33, 50, 50, 44, 50, 30, 18, 25, 37, 20, 50, 50, 31, 50, 50, 50, 50, 50, 24, 50, 44, 50, 18, 10, 41, 30, 50, 35, 50, 12, 50, 50, 33, 48, 50, 50, 50, 50, 50, 16, 39, 50, 50, 50, 49, 34, 29, 14, 50, 50, 33, 40, 50, 50, 27, 47, 50, 41, 16, 35, 28, 50, 50, 20, 15, 16, 37, 17, 50, 20, 50, 50, 50, 50, 15]
[0 0 0 0 0 0 0 0 0 0 0 0 0 0 0 0 0 0 0 0 0 0 0 0 0 0 0 0 0 0 0 0 0 0 0 0 0
 0 0 0 0 0 0 0 0 0 0 0 0 0 0 0 0 0 0 0 0 0 0 0 0 0 0 0 0 0 0 0 0 0 0 0 0 0
 0 0 0 0 0 0 0 0 0 0 0 0 0 0 0 0 0 0 0 0 0 0 0 0 0 0]
[1 1 1 1 1 1 1 1 1 1 1 1 1 1 1 1 1 1 1 1 1 1 1 1 1 1 1 1 1 1 1 1 1 1 1 1 1
 1 1 1 1 1 1 1 1 1 1 1 1 1 1 1 1 1 1 1 1 1 1 1 1 1 1 1 1 1 1 1 1 1 1 1 1 1
 1 1 1 1 1 1 1 1 1 1 1 1 1 1 1 1 1 1 1 1 1 1 1 1 1 1]
