[ 0  1  2  3  4  5  6  7  8  9 10 11 12 13 14 15 16 17 18 19 20 21 22 23
 24 25 26 27 28 29 30 31 32 33 34 35 36 37 38 39 40 41 42 43 44 45 46 47
 48 49 50 51 52 53 54 55 56 57 58 59 60 61 62 63 64 65 66 67 68 69 70 71
 72 73 74 75 76 77 78 79 80 81 82 83 84 85 86 87 88 89 90 91 92 93 94 95
 96 97 98 99]
[41 22 95 69 88 -1 -1 -1 80 46 44 80 53  2 46 73 46 -1 -1 -1 -1 -1 41  8
  9 -1 -1 -1 68 -1 90 39 99 -1 -1 59 71 83  1 25  8 -1 65 27 36 -1 31 11
  2 17 -1 50 91 95 17 33  9 -1 25 75 68 42 12 42 78 49 -1 88  8 -1 75 61
 68 77  5 26 -1 30 73 -1 -1 48 -1 32 89  7 50 90 56 34 38 -1 39 65 36 55
 63 43 22 50]
[1 0 0 1 0 0 1 0 1 0 1 0 0 1 1 0 0 0 1 0 0 1 0 1 0 1 1 1 0 0 1 1 1 0 0 1 1
 1 0 1 1 0 1 0 0 1 1 0 0 0 0 0 1 1 0 1 0 0 1 1 0 0 0 1 1 0 1 1 0 0 1 0 0 1
 1 0 1 0 0 0 1 0 1 0 1 0 0 1 0 0 1 0 1 1 0 1 0 0 0 1]
[1 1 4 4 0 0 3 4 0 2 4 0 2 3 0 0 0 0 3 2 1 4 0 3 4 2 4 3 1 3 0 0 3 4 4 4 0
 1 2 0 0 3 1 1 0 3 0 1 4 3 4 0 2 3 4 0 1 4 2 2 2 1 4 2 2 0 0 0 2 0 1 0 0 0
 0 0 2 0 0 4 3 0 4 2 0 0 3 0 2 1 1 3 2 3 2 0 0 4 0 0]
[1 1 4 4 0 0 3 4 0 2 4 0 2 3 0 0 0 0 3 2 1 4 0 3 4 2 4 3 1 3 0 0 3 4 4 4 0
 1 2 0 0 3 1 1 0 3 0 1 4 3 4 0 2 3 4 0 1 4 2 2 2 1 4 2 2 0 0 0 2 0 1 0 0 0
 0 0 2 0 0 4 3 0 4 2 0 0 3 0 2 1 1 3 2 3 2 0 0 4 0 0]
[7 8 8 5 7 1 5 9 8 6 3 9 6 8 6 7 3 4 4 5 6 7 2 4 3 4 4 8 5 6 4 9 2 4 7 7 1
 7 7 7 9 1 4 5 7 3 2 7 1 4 5 6 1 7 7 6 7 9 8 1 1 4 5 5 7 1 1 5 1 9 9 6 7 7
 2 9 9 3 1 1 2 3 7 3 5 5 5 1 9 7 3 9 5 2 3 4 4 9 6 3]
[7 8 8 5 7 1 5 9 8 6 3 9 6 8 6 7 3 4 4 5 6 7 2 4 3 4 4 8 5 6 4 9 2 4 7 7 1
 7 7 7 9 1 4 5 7 3 2 7 1 4 5 6 1 7 7 6 7 9 8 1 1 4 5 5 7 1 1 5 1 9 9 6 7 7
 2 9 9 3 1 1 2 3 7 3 5 5 5 1 9 7 3 9 5 2 3 4 4 9 6 3]
[15, 27, 50, 50, 42, 48, 50, 50, 50, 40, 35, 50, 50, 50, 50, 16, 12, 50, 50, 50, 20, 50, 50, 50, 41, 31, 50, 37, 49, 50, 50, 19, 45, 34, 50, 50, 50, 50, 50, 42, 45, 50, 50, 49, 50, 50, 50, 21, 33, 50, 11, 18, 47, 50, 50, 50, 50, 50, 50, 42, 10, 30, 50, 50, 20, 50, 23, 36, 45, 29, 50, 19, 28, 50, 39, 50, 15, 50, 37, 34, 50, 28, 25, 16, 10, 22, 32, 23, 18, 40, 50, 50, 50, 50, 50, 50, 50, 46, 31, 25]
[0 0 0 0 0 0 0 0 0 0 0 0 0 0 0 0 0 0 0 0 0 0 0 0 0 0 0 0 0 0 0 0 0 0 0 0 0
 0 0 0 0 0 0 0 0 0 0 0 0 0 0 0 0 0 0 0 0 0 0 0 0 0 0 0 0 0 0 0 0 0 0 0 0 0
 0 0 0 0 0 0 0 0 0 0 0 0 0 0 0 0 0 0 0 0 0 0 0 0 0 0]
[1 1 1 1 1 1 1 1 1 1 1 1 1 1 1 1 1 1 1 1 1 1 1 1 1 1 1 1 1 1 1 1 1 1 1 1 1
 1 1 1 1 1 1 1 1 1 1 1 1 1 1 1 1 1 1 1 1 1 1 1 1 1 1 1 1 1 1 1 1 1 1 1 1 1
 1 1 1 1 1 1 1 1 1 1 1 1 1 1 1 1 1 1 1 1 1 1 1 1 1 1]
