[ 0  1  2  3  4  5  6  7  8  9 10 11 12 13 14 15 16 17 18 19 20 21 22 23
 24 25 26 27 28 29 30 31 32 33 34 35 36 37 38 39 40 41 42 43 44 45 46 47
 48 49 50 51 52 53 54 55 56 57 58 59 60 61 62 63 64 65 66 67 68 69 70 71
 72 73 74 75 76 77 78 79 80 81 82 83 84 85 86 87 88 89 90 91 92 93 94 95
 96 97 98 99]
[-1 76 20 -1 76 54 18 71 26 -1 20 31  6 -1 -1 19 -1 -1 -1 56 -1 -1 44 -1
 -1 -1 -1  8 99 85 77 75 -1 -1 33 85 -1  8 -1 63 20 75 22 96 61 -1 -1  8
 15 -1 72 -1 69 -1 -1 -1 69  7 -1 -1 15 41 35 46 59 52 15 20 67 -1 23 -1
 23 19 51 -1 88 36 90 86 -1 85 57 70 -1 -1 68 54 -1 -1 -1 -1 -1 45 20 -1
 55 -1 -1 23]
[1 1 0 1 0 0 0 1 1 1 1 0 0 1 0 1 0 0 1 1 0 0 0 1 0 0 0 1 1 0 1 1 0 0 1 1 1
 1 1 1 0 0 1 1 1 1 0 0 0 1 0 1 0 1 1 0 0 0 1 1 0 0 0 1 0 1 1 1 1 1 0 1 1 1
 1 1 1 0 1 0 0 0 0 0 0 0 0 0 0 1 0 0 0 0 1 1 0 1 0 0]
[2 0 2 0 1 1 1 0 0 1 0 0 0 2 4 0 1 0 0 4 0 3 3 0 3 0 0 0 0 2 4 3 0 3 1 0 3
 0 0 0 0 1 1 0 3 0 2 2 1 2 0 0 1 4 4 0 3 2 4 1 4 3 1 1 0 3 0 0 0 0 0 3 1 4
 0 3 0 3 0 0 0 3 0 1 3 0 1 2 4 1 0 0 2 2 0 0 0 4 4 0]
[2 0 2 0 1 1 1 0 0 1 0 0 0 2 4 0 1 0 0 4 0 3 3 0 3 0 0 0 0 2 4 3 0 3 1 0 3
 0 0 0 0 1 1 0 3 0 2 2 1 2 0 0 1 4 4 0 3 2 4 1 4 3 1 1 0 3 0 0 0 0 0 3 1 4
 0 3 0 3 0 0 0 3 0 1 3 0 1 2 4 1 0 0 2 2 0 0 0 4 4 0]
[7 7 4 6 3 2 5 4 8 6 8 4 2 9 6 5 2 9 4 1 3 5 9 1 7 2 1 9 1 4 3 2 5 7 8 2 3
 2 1 7 5 5 4 7 4 5 8 5 2 2 7 2 7 5 4 5 4 9 8 3 7 5 4 2 5 2 5 3 7 5 7 3 5 6
 9 8 2 2 9 8 2 1 9 7 9 9 2 3 8 9 7 1 2 7 7 3 3 2 6 1]
[7 7 4 6 3 2 5 4 8 6 8 4 2 9 6 5 2 9 4 1 3 5 9 1 7 2 1 9 1 4 3 2 5 7 8 2 3
 2 1 7 5 5 4 7 4 5 8 5 2 2 7 2 7 5 4 5 4 9 8 3 7 5 4 2 5 2 5 3 7 5 7 3 5 6
 9 8 2 2 9 8 2 1 9 7 9 9 2 3 8 9 7 1 2 7 7 3 3 2 6 1]
[44, 50, 50, 34, 17, 43, 25, 45, 50, 15, 50, 50, 50, 15, 46, 46, 50, 50, 48, 21, 50, 24, 50, 45, 50, 50, 49, 42, 50, 50, 50, 39, 50, 33, 23, 26, 50, 50, 50, 50, 45, 17, 40, 49, 38, 50, 31, 47, 50, 38, 34, 50, 50, 11, 50, 41, 50, 41, 50, 25, 22, 23, 32, 50, 50, 17, 50, 50, 50, 11, 50, 50, 40, 20, 50, 50, 12, 50, 31, 11, 50, 34, 20, 50, 50, 27, 48, 50, 50, 23, 48, 32, 46, 24, 29, 29, 36, 49, 49, 50]
[0 0 0 0 0 0 0 0 0 0 0 0 0 0 0 0 0 0 0 0 0 0 0 0 0 0 0 0 0 0 0 0 0 0 0 0 0
 0 0 0 0 0 0 0 0 0 0 0 0 0 0 0 0 0 0 0 0 0 0 0 0 0 0 0 0 0 0 0 0 0 0 0 0 0
 0 0 0 0 0 0 0 0 0 0 0 0 0 0 0 0 0 0 0 0 0 0 0 0 0 0]
[1 1 1 1 1 1 1 1 1 1 1 1 1 1 1 1 1 1 1 1 1 1 1 1 1 1 1 1 1 1 1 1 1 1 1 1 1
 1 1 1 1 1 1 1 1 1 1 1 1 1 1 1 1 1 1 1 1 1 1 1 1 1 1 1 1 1 1 1 1 1 1 1 1 1
 1 1 1 1 1 1 1 1 1 1 1 1 1 1 1 1 1 1 1 1 1 1 1 1 1 1]
