[ 0  1  2  3  4  5  6  7  8  9 10 11 12 13 14 15 16 17 18 19 20 21 22 23
 24 25 26 27 28 29 30 31 32 33 34 35 36 37 38 39 40 41 42 43 44 45 46 47
 48 49 50 51 52 53 54 55 56 57 58 59 60 61 62 63 64 65 66 67 68 69 70 71
 72 73 74 75 76 77 78 79 80 81 82 83 84 85 86 87 88 89 90 91 92 93 94 95
 96 97 98 99]
[27 89 86 94 -1 22 29 -1 33 90 -1 29  2 -1 61 62 -1 35 27 92 53 -1 -1 -1
 -1 88 69 35 -1 48 37  3 47 -1 27 10 -1 65 32 10 36 91 44  1 -1 79 75 -1
 77 -1  0 76 -1  3 28 -1 80 31 20 -1 36 22 95 -1 11 -1 89 33 21 34 62 55
 -1 -1 -1 -1 -1 70 82 53 -1 -1 69 24 90  3 41 36 83 -1 -1 42 54 66 -1 -1
 97 45 35 98]
[1 0 1 0 1 0 1 0 1 1 0 0 1 0 1 1 1 0 1 1 1 0 0 1 0 1 0 1 1 1 1 1 1 0 0 0 1
 0 1 1 1 0 1 0 0 1 1 1 0 1 0 1 0 0 1 1 0 1 0 0 1 0 1 1 1 1 0 1 1 0 0 1 1 1
 0 0 0 0 0 0 0 1 1 0 0 0 0 0 0 1 0 0 0 1 0 1 1 1 0 0]
[0 4 0 2 0 1 2 3 0 0 2 2 2 0 4 0 0 0 4 0 4 1 0 4 1 2 0 0 0 0 2 0 4 0 3 1 0
 2 3 1 0 0 0 2 0 0 2 0 2 2 3 0 4 0 0 2 2 0 2 0 0 3 4 2 2 3 0 0 0 3 0 3 0 0
 4 1 0 0 0 3 4 0 0 2 0 0 0 2 0 0 1 3 3 0 0 0 3 3 2 4]
[0 4 0 2 0 1 2 3 0 0 2 2 2 0 4 0 0 0 4 0 4 1 0 4 1 2 0 0 0 0 2 0 4 0 3 1 0
 2 3 1 0 0 0 2 0 0 2 0 2 2 3 0 4 0 0 2 2 0 2 0 0 3 4 2 2 3 0 0 0 3 0 3 0 0
 4 1 0 0 0 3 4 0 0 2 0 0 0 2 0 0 1 3 3 0 0 0 3 3 2 4]
[5 8 2 1 6 8 7 6 8 8 9 6 1 3 5 4 8 4 1 9 9 2 7 2 8 9 9 1 6 4 6 3 4 7 6 6 7
 4 9 9 1 8 1 6 5 1 7 4 8 2 8 4 4 1 4 1 1 9 2 7 4 8 7 9 9 8 5 1 6 5 2 7 4 9
 9 2 7 7 2 9 3 8 8 3 4 9 1 1 9 7 6 4 4 3 2 3 7 4 8 7]
[5 8 2 1 6 8 7 6 8 8 9 6 1 3 5 4 8 4 1 9 9 2 7 2 8 9 9 1 6 4 6 3 4 7 6 6 7
 4 9 9 1 8 1 6 5 1 7 4 8 2 8 4 4 1 4 1 1 9 2 7 4 8 7 9 9 8 5 1 6 5 2 7 4 9
 9 2 7 7 2 9 3 8 8 3 4 9 1 1 9 7 6 4 4 3 2 3 7 4 8 7]
[50, 27, 50, 50, 50, 21, 50, 50, 50, 11, 28, 36, 50, 50, 46, 34, 50, 13, 32, 50, 10, 20, 44, 50, 50, 19, 41, 50, 50, 50, 50, 39, 10, 40, 25, 50, 30, 45, 50, 50, 29, 50, 30, 50, 50, 50, 37, 50, 44, 50, 25, 50, 35, 25, 29, 15, 31, 50, 31, 29, 41, 50, 41, 13, 50, 32, 11, 50, 50, 50, 50, 50, 50, 50, 40, 14, 23, 50, 38, 35, 50, 50, 43, 50, 50, 46, 44, 34, 50, 45, 50, 50, 50, 50, 50, 38, 50, 24, 25, 32]
[0 0 0 0 0 0 0 0 0 0 0 0 0 0 0 0 0 0 0 0 0 0 0 0 0 0 0 0 0 0 0 0 0 0 0 0 0
 0 0 0 0 0 0 0 0 0 0 0 0 0 0 0 0 0 0 0 0 0 0 0 0 0 0 0 0 0 0 0 0 0 0 0 0 0
 0 0 0 0 0 0 0 0 0 0 0 0 0 0 0 0 0 0 0 0 0 0 0 0 0 0]
[1 1 1 1 1 1 1 1 1 1 1 1 1 1 1 1 1 1 1 1 1 1 1 1 1 1 1 1 1 1 1 1 1 1 1 1 1
 1 1 1 1 1 1 1 1 1 1 1 1 1 1 1 1 1 1 1 1 1 1 1 1 1 1 1 1 1 1 1 1 1 1 1 1 1
 1 1 1 1 1 1 1 1 1 1 1 1 1 1 1 1 1 1 1 1 1 1 1 1 1 1]
