[ 0  1  2  3  4  5  6  7  8  9 10 11 12 13 14 15 16 17 18 19 20 21 22 23
 24 25 26 27 28 29 30 31 32 33 34 35 36 37 38 39 40 41 42 43 44 45 46 47
 48 49 50 51 52 53 54 55 56 57 58 59 60 61 62 63 64 65 66 67 68 69 70 71
 72 73 74 75 76 77 78 79 80 81 82 83 84 85 86 87 88 89 90 91 92 93 94 95
 96 97 98 99]
[51 72 11 82 92 84 26 -1 -1 -1 -1 -1 49 -1 79 77 29 21 -1  8 -1 57 -1  0
 -1 -1 32 88 56 17 35 70 25 -1 -1 28 52 -1 29 -1 -1 -1 38 -1 41  7 73 -1
 -1 76 -1 90 58 94 39 90 -1 12 -1 82 -1  3 17 -1 63 -1 -1 -1 -1 80 -1 -1
 18 -1 -1 -1  1 19 72 23 82 -1 -1 95 -1 62 90 54 29 80 -1 54 -1 -1 -1 28
 56 22 -1 36]
[1 1 0 1 1 1 1 0 1 0 1 1 0 1 1 0 1 0 1 1 0 0 1 1 0 1 1 1 0 1 0 0 0 1 1 0 0
 0 1 1 0 0 1 0 0 1 1 1 0 1 0 0 0 0 1 0 1 1 0 0 0 1 0 1 0 0 0 0 0 0 0 1 0 1
 1 0 1 0 1 1 1 0 0 1 1 0 1 1 1 0 0 1 0 0 0 1 0 1 0 0]
[0 2 0 0 0 0 4 0 3 0 0 4 4 4 0 4 2 1 2 0 0 1 4 2 4 3 0 1 4 0 0 1 1 0 3 0 0
 0 2 4 0 1 4 0 4 1 0 0 0 4 2 1 0 0 0 0 0 1 0 3 2 0 4 0 0 4 2 2 0 4 0 0 0 0
 2 1 0 4 0 1 4 0 0 1 0 0 2 0 0 4 0 0 0 4 0 4 0 0 2 0]
[0 2 0 0 0 0 4 0 3 0 0 4 4 4 0 4 2 1 2 0 0 1 4 2 4 3 0 1 4 0 0 1 1 0 3 0 0
 0 2 4 0 1 4 0 4 1 0 0 0 4 2 1 0 0 0 0 0 1 0 3 2 0 4 0 0 4 2 2 0 4 0 0 0 0
 2 1 0 4 0 1 4 0 0 1 0 0 2 0 0 4 0 0 0 4 0 4 0 0 2 0]
[2 1 9 2 2 2 3 5 4 5 7 6 6 2 1 9 8 3 5 6 8 2 4 5 4 1 4 7 7 9 1 2 8 5 9 7 4
 4 9 2 4 4 7 1 5 4 8 3 5 3 3 3 7 2 1 2 8 6 2 6 9 8 8 1 1 7 1 1 1 7 6 9 8 2
 2 5 1 8 5 9 2 6 3 2 2 2 5 6 8 9 8 3 2 9 2 1 4 1 8 8]
[2 1 9 2 2 2 3 5 4 5 7 6 6 2 1 9 8 3 5 6 8 2 4 5 4 1 4 7 7 9 1 2 8 5 9 7 4
 4 9 2 4 4 7 1 5 4 8 3 5 3 3 3 7 2 1 2 8 6 2 6 9 8 8 1 1 7 1 1 1 7 6 9 8 2
 2 5 1 8 5 9 2 6 3 2 2 2 5 6 8 9 8 3 2 9 2 1 4 1 8 8]
[26, 50, 50, 50, 44, 50, 26, 43, 50, 50, 50, 13, 34, 22, 50, 50, 46, 46, 50, 50, 50, 50, 50, 50, 50, 50, 43, 21, 28, 39, 38, 50, 39, 39, 24, 50, 50, 50, 50, 50, 50, 16, 20, 35, 49, 23, 50, 50, 13, 26, 13, 43, 42, 50, 50, 41, 42, 50, 50, 28, 50, 30, 27, 36, 27, 34, 50, 50, 50, 44, 21, 48, 48, 22, 50, 11, 50, 43, 50, 22, 28, 50, 45, 37, 50, 50, 47, 16, 39, 50, 50, 50, 21, 35, 10, 40, 23, 50, 34, 50]
[0 0 0 0 0 0 0 0 0 0 0 0 0 0 0 0 0 0 0 0 0 0 0 0 0 0 0 0 0 0 0 0 0 0 0 0 0
 0 0 0 0 0 0 0 0 0 0 0 0 0 0 0 0 0 0 0 0 0 0 0 0 0 0 0 0 0 0 0 0 0 0 0 0 0
 0 0 0 0 0 0 0 0 0 0 0 0 0 0 0 0 0 0 0 0 0 0 0 0 0 0]
[1 1 1 1 1 1 1 1 1 1 1 1 1 1 1 1 1 1 1 1 1 1 1 1 1 1 1 1 1 1 1 1 1 1 1 1 1
 1 1 1 1 1 1 1 1 1 1 1 1 1 1 1 1 1 1 1 1 1 1 1 1 1 1 1 1 1 1 1 1 1 1 1 1 1
 1 1 1 1 1 1 1 1 1 1 1 1 1 1 1 1 1 1 1 1 1 1 1 1 1 1]
