[ 0  1  2  3  4  5  6  7  8  9 10 11 12 13 14 15 16 17 18 19 20 21 22 23
 24 25 26 27 28 29 30 31 32 33 34 35 36 37 38 39 40 41 42 43 44 45 46 47
 48 49 50 51 52 53 54 55 56 57 58 59 60 61 62 63 64 65 66 67 68 69 70 71
 72 73 74 75 76 77 78 79 80 81 82 83 84 85 86 87 88 89 90 91 92 93 94 95
 96 97 98 99]
[ 2 16  5 97 75 12 -1 -1 68 92 80 44 -1 41 12 -1 -1 63 54 21 19 28 -1 80
 -1 -1  8 87 55 72 -1 80 -1 37 -1 59 -1 -1 48 57 73 -1 25 -1 14 61 -1 33
 53 -1 -1 -1 72 65 -1 -1 -1 -1 10 -1 70  8 87 70  3 30  4 -1 14 47 -1 25
 28 72 55 87 -1 70 -1 12 37 77 84 68 94 -1 -1 -1 -1 59 -1 35 56 83 40 -1
 27  9 30 91]
[1 1 0 1 1 0 0 1 1 0 1 1 0 0 0 0 1 1 0 1 0 1 1 0 0 1 1 1 1 1 0 0 0 0 0 0 0
 0 1 0 1 0 1 0 0 0 0 1 0 0 1 1 1 1 1 1 0 1 1 1 0 1 1 0 1 1 1 0 1 1 0 0 0 1
 0 1 0 1 1 0 0 1 0 0 0 1 1 0 1 1 0 0 0 0 0 1 1 1 1 0]
[0 1 0 0 0 0 1 2 0 3 2 0 4 4 0 0 4 2 0 3 0 0 4 0 0 4 0 3 3 0 0 3 2 0 0 2 0
 0 0 4 0 0 2 1 4 4 3 0 4 0 0 0 1 2 4 0 0 0 0 0 3 0 0 4 0 1 3 1 3 0 1 4 0 0
 0 2 0 0 4 0 0 4 0 3 1 1 1 0 0 0 2 0 2 4 0 3 0 0 0 1]
[0 1 0 0 0 0 1 2 0 3 2 0 4 4 0 0 4 2 0 3 0 0 4 0 0 4 0 3 3 0 0 3 2 0 0 2 0
 0 0 4 0 0 2 1 4 4 3 0 4 0 0 0 1 2 4 0 0 0 0 0 3 0 0 4 0 1 3 1 3 0 1 4 0 0
 0 2 0 0 4 0 0 4 0 3 1 1 1 0 0 0 2 0 2 4 0 3 0 0 0 1]
[9 9 7 3 4 8 6 4 5 3 9 4 4 1 9 1 9 2 5 6 3 8 5 2 6 5 7 1 9 9 5 4 1 3 8 3 9
 7 2 8 4 1 1 3 8 7 5 3 1 7 7 9 8 7 9 5 3 3 4 6 9 3 9 7 2 1 5 2 3 3 9 2 6 1
 3 9 7 6 7 7 4 7 3 2 6 8 4 8 1 1 4 5 6 2 5 3 1 4 1 1]
[9 9 7 3 4 8 6 4 5 3 9 4 4 1 9 1 9 2 5 6 3 8 5 2 6 5 7 1 9 9 5 4 1 3 8 3 9
 7 2 8 4 1 1 3 8 7 5 3 1 7 7 9 8 7 9 5 3 3 4 6 9 3 9 7 2 1 5 2 3 3 9 2 6 1
 3 9 7 6 7 7 4 7 3 2 6 8 4 8 1 1 4 5 6 2 5 3 1 4 1 1]
[18, 50, 50, 50, 50, 17, 28, 40, 50, 10, 29, 50, 39, 50, 21, 50, 50, 16, 50, 50, 50, 30, 50, 50, 50, 15, 44, 50, 50, 50, 35, 43, 50, 26, 50, 50, 50, 50, 50, 50, 50, 50, 43, 16, 50, 32, 50, 44, 50, 46, 23, 25, 38, 50, 50, 46, 50, 16, 47, 35, 50, 27, 24, 31, 50, 28, 27, 50, 48, 20, 50, 50, 22, 26, 43, 25, 38, 50, 44, 22, 26, 46, 18, 50, 22, 50, 50, 50, 50, 28, 27, 50, 41, 40, 50, 50, 35, 40, 30, 50]
[0 0 0 0 0 0 0 0 0 0 0 0 0 0 0 0 0 0 0 0 0 0 0 0 0 0 0 0 0 0 0 0 0 0 0 0 0
 0 0 0 0 0 0 0 0 0 0 0 0 0 0 0 0 0 0 0 0 0 0 0 0 0 0 0 0 0 0 0 0 0 0 0 0 0
 0 0 0 0 0 0 0 0 0 0 0 0 0 0 0 0 0 0 0 0 0 0 0 0 0 0]
[1 1 1 1 1 1 1 1 1 1 1 1 1 1 1 1 1 1 1 1 1 1 1 1 1 1 1 1 1 1 1 1 1 1 1 1 1
 1 1 1 1 1 1 1 1 1 1 1 1 1 1 1 1 1 1 1 1 1 1 1 1 1 1 1 1 1 1 1 1 1 1 1 1 1
 1 1 1 1 1 1 1 1 1 1 1 1 1 1 1 1 1 1 1 1 1 1 1 1 1 1]
