[ 0  1  2  3  4  5  6  7  8  9 10 11 12 13 14 15 16 17 18 19 20 21 22 23
 24 25 26 27 28 29 30 31 32 33 34 35 36 37 38 39 40 41 42 43 44 45 46 47
 48 49 50 51 52 53 54 55 56 57 58 59 60 61 62 63 64 65 66 67 68 69 70 71
 72 73 74 75 76 77 78 79 80 81 82 83 84 85 86 87 88 89 90 91 92 93 94 95
 96 97 98 99]
[62 48 -1 -1 -1 40 68  8 19 -1 28 -1 -1 43 71 23 -1 -1 94 50 -1 -1 91 -1
 15 -1 86 56 12 81 63 -1 44  5 46 54 -1 -1 -1 -1 -1 97 76 61 33 92 -1 -1
 -1  8 -1  9 97 26 -1 -1 67 -1 15 67 -1 49  5 13 83 -1 64 -1 25 96 -1 30
  7 -1 14 -1 -1 59 -1 83 27 63 -1 -1 -1 35 41 -1 16  4 -1 -1 54 70 -1 29
  9 -1 40 -1]
[0 1 1 1 1 0 0 1 0 0 1 0 1 0 0 1 1 1 1 1 0 0 1 1 1 0 1 0 0 0 1 1 0 0 0 0 0
 0 0 1 0 0 0 1 0 1 1 1 1 1 1 1 1 1 0 1 0 1 1 1 1 0 0 0 1 1 1 1 0 0 0 1 1 0
 1 1 1 1 1 0 0 1 1 0 0 0 1 1 0 0 1 1 0 1 1 0 0 0 0 1]
[0 0 0 1 4 0 0 2 3 0 3 2 0 2 0 0 0 3 0 0 2 2 0 0 3 0 1 0 4 0 2 0 1 4 0 0 3
 2 0 0 0 3 0 3 0 4 1 0 3 4 0 4 0 0 3 0 0 1 0 0 0 2 0 0 0 0 0 0 1 0 4 0 3 0
 0 0 3 4 0 0 2 4 0 0 0 0 0 4 0 4 3 3 0 0 0 0 4 2 2 0]
[0 0 0 1 4 0 0 2 3 0 3 2 0 2 0 0 0 3 0 0 2 2 0 0 3 0 1 0 4 0 2 0 1 4 0 0 3
 2 0 0 0 3 0 3 0 4 1 0 3 4 0 4 0 0 3 0 0 1 0 0 0 2 0 0 0 0 0 0 1 0 4 0 3 0
 0 0 3 4 0 0 2 4 0 0 0 0 0 4 0 4 3 3 0 0 0 0 4 2 2 0]
[4 1 3 7 9 8 1 7 8 2 4 9 8 4 4 1 3 7 6 5 8 2 6 5 7 9 1 6 5 7 2 2 4 1 4 4 1
 1 8 1 3 5 5 5 3 9 4 9 7 1 8 2 2 2 3 4 5 9 9 1 2 4 6 8 1 2 8 1 8 4 7 5 5 9
 4 3 1 6 1 6 8 4 8 8 9 8 1 5 4 1 8 7 9 6 5 9 7 6 2 3]
[4 1 3 7 9 8 1 7 8 2 4 9 8 4 4 1 3 7 6 5 8 2 6 5 7 9 1 6 5 7 2 2 4 1 4 4 1
 1 8 1 3 5 5 5 3 9 4 9 7 1 8 2 2 2 3 4 5 9 9 1 2 4 6 8 1 2 8 1 8 4 7 5 5 9
 4 3 1 6 1 6 8 4 8 8 9 8 1 5 4 1 8 7 9 6 5 9 7 6 2 3]
[28, 50, 50, 50, 50, 38, 50, 50, 20, 14, 44, 50, 21, 50, 13, 45, 12, 36, 50, 50, 44, 50, 50, 50, 50, 50, 50, 34, 50, 50, 50, 25, 19, 17, 31, 33, 50, 50, 50, 39, 24, 35, 13, 12, 12, 17, 50, 23, 50, 36, 25, 50, 28, 50, 50, 36, 50, 25, 32, 50, 50, 50, 50, 32, 19, 50, 16, 50, 42, 38, 50, 48, 37, 31, 50, 50, 50, 50, 50, 50, 34, 50, 50, 18, 50, 50, 36, 50, 14, 50, 50, 50, 42, 40, 50, 50, 50, 22, 50, 50]
[0 0 0 0 0 0 0 0 0 0 0 0 0 0 0 0 0 0 0 0 0 0 0 0 0 0 0 0 0 0 0 0 0 0 0 0 0
 0 0 0 0 0 0 0 0 0 0 0 0 0 0 0 0 0 0 0 0 0 0 0 0 0 0 0 0 0 0 0 0 0 0 0 0 0
 0 0 0 0 0 0 0 0 0 0 0 0 0 0 0 0 0 0 0 0 0 0 0 0 0 0]
[1 1 1 1 1 1 1 1 1 1 1 1 1 1 1 1 1 1 1 1 1 1 1 1 1 1 1 1 1 1 1 1 1 1 1 1 1
 1 1 1 1 1 1 1 1 1 1 1 1 1 1 1 1 1 1 1 1 1 1 1 1 1 1 1 1 1 1 1 1 1 1 1 1 1
 1 1 1 1 1 1 1 1 1 1 1 1 1 1 1 1 1 1 1 1 1 1 1 1 1 1]
