[ 0  1  2  3  4  5  6  7  8  9 10 11 12 13 14 15 16 17 18 19 20 21 22 23
 24 25 26 27 28 29 30 31 32 33 34 35 36 37 38 39 40 41 42 43 44 45 46 47
 48 49 50 51 52 53 54 55 56 57 58 59 60 61 62 63 64 65 66 67 68 69 70 71
 72 73 74 75 76 77 78 79 80 81 82 83 84 85 86 87 88 89 90 91 92 93 94 95
 96 97 98 99]
[61 92 91  2 -1 32 59 53 -1 81 67 20 -1 -1 26 -1 24 92 59 -1 34 39 -1 79
 20 -1  4 54 -1 60 37 -1  6 68 68 74 35 -1 66 -1 62  8 84 -1 40 -1 34 -1
  3 86 28 -1 -1 -1 40 36 66 -1 -1 74 88 25 73 98 -1 -1 64 -1  4 -1 -1 -1
 84 -1 87 31 74 -1 45 74 37 99 11 -1 -1 78 20 -1 85 -1 78 39 13 33 50 -1
 60 45 80 82]
[1 1 0 1 1 1 0 0 1 1 1 1 1 1 0 0 0 1 0 0 1 1 1 1 0 0 0 0 0 0 0 1 1 1 0 1 0
 1 1 0 1 1 0 0 1 0 0 1 0 1 0 1 1 1 1 1 1 0 1 0 1 1 1 0 0 0 0 1 0 0 0 1 1 1
 1 1 1 0 0 1 0 0 1 1 1 1 0 1 0 0 0 1 1 1 1 0 1 0 0 1]
[4 0 1 0 0 0 0 0 2 0 0 3 0 0 4 0 0 1 0 1 4 3 0 2 0 0 3 2 4 4 3 0 0 0 0 2 0
 3 2 3 0 0 2 3 1 0 4 0 0 2 2 0 3 1 2 1 2 0 0 3 0 2 0 3 4 4 3 0 0 2 4 0 0 1
 1 4 2 4 0 0 3 2 0 4 0 3 0 3 0 2 0 0 2 0 0 0 3 0 1 0]
[4 0 1 0 0 0 0 0 2 0 0 3 0 0 4 0 0 1 0 1 4 3 0 2 0 0 3 2 4 4 3 0 0 0 0 2 0
 3 2 3 0 0 2 3 1 0 4 0 0 2 2 0 3 1 2 1 2 0 0 3 0 2 0 3 4 4 3 0 0 2 4 0 0 1
 1 4 2 4 0 0 3 2 0 4 0 3 0 3 0 2 0 0 2 0 0 0 3 0 1 0]
[8 8 9 1 3 8 6 3 3 3 9 5 4 9 7 1 5 1 8 4 4 8 3 6 8 8 2 7 3 4 7 2 7 7 5 1 6
 5 8 7 1 1 9 4 3 1 8 6 3 5 6 2 5 4 2 7 2 8 3 7 2 4 8 8 4 2 4 6 5 8 1 6 7 4
 4 3 1 8 3 1 9 3 6 3 4 4 2 5 7 8 5 1 4 7 1 6 4 2 3 2]
[8 8 9 1 3 8 6 3 3 3 9 5 4 9 7 1 5 1 8 4 4 8 3 6 8 8 2 7 3 4 7 2 7 7 5 1 6
 5 8 7 1 1 9 4 3 1 8 6 3 5 6 2 5 4 2 7 2 8 3 7 2 4 8 8 4 2 4 6 5 8 1 6 7 4
 4 3 1 8 3 1 9 3 6 3 4 4 2 5 7 8 5 1 4 7 1 6 4 2 3 2]
[50, 46, 38, 17, 50, 28, 50, 42, 50, 48, 50, 48, 21, 14, 50, 42, 35, 50, 22, 20, 50, 41, 50, 50, 26, 33, 50, 23, 46, 38, 25, 46, 31, 45, 32, 50, 39, 50, 28, 50, 16, 19, 50, 50, 46, 14, 18, 50, 50, 50, 47, 21, 45, 50, 29, 50, 50, 25, 50, 19, 24, 49, 50, 44, 50, 39, 25, 50, 50, 10, 50, 16, 38, 30, 31, 50, 50, 50, 28, 47, 50, 50, 47, 48, 50, 50, 50, 50, 50, 50, 24, 37, 50, 50, 44, 50, 50, 50, 10, 36]
[0 0 0 0 0 0 0 0 0 0 0 0 0 0 0 0 0 0 0 0 0 0 0 0 0 0 0 0 0 0 0 0 0 0 0 0 0
 0 0 0 0 0 0 0 0 0 0 0 0 0 0 0 0 0 0 0 0 0 0 0 0 0 0 0 0 0 0 0 0 0 0 0 0 0
 0 0 0 0 0 0 0 0 0 0 0 0 0 0 0 0 0 0 0 0 0 0 0 0 0 0]
[1 1 1 1 1 1 1 1 1 1 1 1 1 1 1 1 1 1 1 1 1 1 1 1 1 1 1 1 1 1 1 1 1 1 1 1 1
 1 1 1 1 1 1 1 1 1 1 1 1 1 1 1 1 1 1 1 1 1 1 1 1 1 1 1 1 1 1 1 1 1 1 1 1 1
 1 1 1 1 1 1 1 1 1 1 1 1 1 1 1 1 1 1 1 1 1 1 1 1 1 1]
