[ 0  1  2  3  4  5  6  7  8  9 10 11 12 13 14 15 16 17 18 19 20 21 22 23
 24 25 26 27 28 29 30 31 32 33 34 35 36 37 38 39 40 41 42 43 44 45 46 47
 48 49 50 51 52 53 54 55 56 57 58 59 60 61 62 63 64 65 66 67 68 69 70 71
 72 73 74 75 76 77 78 79 80 81 82 83 84 85 86 87 88 89 90 91 92 93 94 95
 96 97 98 99]
[-1 84 63 91 26 90 20 -1 20 -1 -1 59 -1 31 13 26 -1 -1 57 -1 47 55 33 52
 -1  2 67 -1 83 51 83 32 89 -1 73 26 -1 -1 -1 92 -1 -1 -1 -1 -1 -1 78 -1
 90 11 25 13 21 -1 -1 81 36 -1 61 -1 -1 76  5 -1 -1 -1 15 51 11 57 61 98
 13 84 14 -1 90 72 -1 93 64 88 72 -1 66 -1 -1  4 38 21 -1 -1 57 -1 -1 66
 99 -1 76 23]
[0 0 0 0 0 1 1 1 0 1 1 0 1 1 0 0 1 0 1 0 1 1 1 0 0 1 1 0 1 0 1 0 0 0 0 1 1
 0 1 0 0 1 0 1 0 1 1 1 0 0 0 1 0 1 1 0 0 0 1 0 1 1 1 0 0 1 0 0 1 1 1 0 1 1
 1 0 1 1 0 0 0 0 1 1 1 1 0 1 1 0 0 0 0 1 0 1 1 0 0 1]
[0 4 4 3 0 2 4 2 4 0 0 0 0 0 2 1 4 0 0 0 0 4 0 1 0 4 4 4 4 3 1 0 0 0 0 0 4
 0 0 0 2 4 0 0 0 1 0 0 1 0 0 0 1 0 2 0 0 4 2 0 0 0 0 0 4 0 0 4 3 0 0 4 0 3
 0 4 4 1 3 0 3 0 3 4 0 0 0 2 0 0 2 2 0 0 0 0 1 0 0 0]
[0 4 4 3 0 2 4 2 4 0 0 0 0 0 2 1 4 0 0 0 0 4 0 1 0 4 4 4 4 3 1 0 0 0 0 0 4
 0 0 0 2 4 0 0 0 1 0 0 1 0 0 0 1 0 2 0 0 4 2 0 0 0 0 0 4 0 0 4 3 0 0 4 0 3
 0 4 4 1 3 0 3 0 3 4 0 0 0 2 0 0 2 2 0 0 0 0 1 0 0 0]
[4 9 3 3 3 7 8 6 1 1 7 1 1 1 9 1 6 9 3 7 5 1 1 1 8 8 8 9 9 7 2 6 5 5 6 7 7
 7 6 6 1 1 2 7 3 8 1 1 7 7 9 8 2 7 5 3 2 8 6 5 1 2 8 1 7 6 1 8 4 5 4 3 8 7
 9 1 2 4 7 6 5 5 6 7 9 2 7 6 9 1 1 7 5 9 8 7 2 2 2 4]
[4 9 3 3 3 7 8 6 1 1 7 1 1 1 9 1 6 9 3 7 5 1 1 1 8 8 8 9 9 7 2 6 5 5 6 7 7
 7 6 6 1 1 2 7 3 8 1 1 7 7 9 8 2 7 5 3 2 8 6 5 1 2 8 1 7 6 1 8 4 5 4 3 8 7
 9 1 2 4 7 6 5 5 6 7 9 2 7 6 9 1 1 7 5 9 8 7 2 2 2 4]
[50, 16, 50, 50, 50, 50, 50, 20, 19, 50, 10, 50, 50, 50, 50, 19, 50, 50, 20, 21, 50, 23, 50, 50, 50, 50, 43, 11, 44, 50, 50, 50, 50, 50, 29, 29, 50, 14, 17, 50, 15, 36, 50, 50, 24, 50, 19, 31, 50, 15, 50, 50, 50, 50, 22, 50, 32, 50, 14, 44, 50, 50, 50, 15, 50, 50, 34, 44, 50, 12, 50, 50, 50, 50, 15, 50, 50, 27, 24, 50, 50, 41, 50, 22, 26, 50, 30, 50, 50, 50, 50, 50, 50, 35, 26, 12, 50, 50, 50, 50]
[0 0 0 0 0 0 0 0 0 0 0 0 0 0 0 0 0 0 0 0 0 0 0 0 0 0 0 0 0 0 0 0 0 0 0 0 0
 0 0 0 0 0 0 0 0 0 0 0 0 0 0 0 0 0 0 0 0 0 0 0 0 0 0 0 0 0 0 0 0 0 0 0 0 0
 0 0 0 0 0 0 0 0 0 0 0 0 0 0 0 0 0 0 0 0 0 0 0 0 0 0]
[1 1 1 1 1 1 1 1 1 1 1 1 1 1 1 1 1 1 1 1 1 1 1 1 1 1 1 1 1 1 1 1 1 1 1 1 1
 1 1 1 1 1 1 1 1 1 1 1 1 1 1 1 1 1 1 1 1 1 1 1 1 1 1 1 1 1 1 1 1 1 1 1 1 1
 1 1 1 1 1 1 1 1 1 1 1 1 1 1 1 1 1 1 1 1 1 1 1 1 1 1]
