[ 0  1  2  3  4  5  6  7  8  9 10 11 12 13 14 15 16 17 18 19 20 21 22 23
 24 25 26 27 28 29 30 31 32 33 34 35 36 37 38 39 40 41 42 43 44 45 46 47
 48 49 50 51 52 53 54 55 56 57 58 59 60 61 62 63 64 65 66 67 68 69 70 71
 72 73 74 75 76 77 78 79 80 81 82 83 84 85 86 87 88 89 90 91 92 93 94 95
 96 97 98 99]
[28 79 63 -1 -1 95 48 -1 -1 66 79 -1 63 -1  2 36  5 -1 -1 -1 -1 -1 -1 -1
 51 65 -1 -1 19 -1 -1 -1 87 -1 88 -1 42 14  4 22 98 73 40 41 -1 91  7 54
 67  2 56 -1 66 -1 28 -1 45 67 84 64 49 51 92 24  6 60 89 -1 15 -1  1  2
 -1 79 19 -1 -1 17 -1 -1 -1 73 88 -1 -1  2 93 -1 -1 18 59 19 91  9 87 61
 -1 -1 19 53]
[1 1 1 1 1 0 0 0 0 1 1 0 0 0 1 0 1 0 1 1 1 1 1 1 0 0 1 1 1 1 1 0 1 1 1 1 0
 1 0 1 1 0 0 0 1 1 0 1 1 1 0 1 1 1 0 0 1 0 1 0 1 1 1 0 1 1 1 1 1 1 0 0 1 1
 0 0 1 1 0 0 0 1 0 0 1 1 1 0 0 0 0 0 1 1 0 1 1 1 1 1]
[1 3 0 0 3 2 0 3 0 0 1 4 0 0 4 3 2 4 0 0 0 2 1 0 0 0 4 0 0 4 0 0 3 0 1 2 0
 0 0 1 4 4 2 4 4 0 0 0 4 0 0 4 1 0 3 0 1 4 4 0 0 2 0 0 0 3 0 4 0 0 3 4 4 4
 0 0 3 3 3 0 0 3 3 4 0 0 0 0 1 0 2 0 1 0 0 2 2 2 3 0]
[1 3 0 0 3 2 0 3 0 0 1 4 0 0 4 3 2 4 0 0 0 2 1 0 0 0 4 0 0 4 0 0 3 0 1 2 0
 0 0 1 4 4 2 4 4 0 0 0 4 0 0 4 1 0 3 0 1 4 4 0 0 2 0 0 0 3 0 4 0 0 3 4 4 4
 0 0 3 3 3 0 0 3 3 4 0 0 0 0 1 0 2 0 1 0 0 2 2 2 3 0]
[4 2 2 5 9 5 1 2 4 6 7 3 5 9 9 9 8 7 5 7 8 6 3 3 8 3 4 4 6 4 9 3 3 5 9 8 5
 5 8 7 1 4 8 2 3 3 3 5 7 1 3 6 3 4 7 2 8 7 3 7 2 5 8 1 4 5 9 6 1 8 6 7 9 8
 8 6 6 2 5 7 9 1 7 6 7 3 1 3 1 6 1 3 2 9 2 1 2 4 6 9]
[4 2 2 5 9 5 1 2 4 6 7 3 5 9 9 9 8 7 5 7 8 6 3 3 8 3 4 4 6 4 9 3 3 5 9 8 5
 5 8 7 1 4 8 2 3 3 3 5 7 1 3 6 3 4 7 2 8 7 3 7 2 5 8 1 4 5 9 6 1 8 6 7 9 8
 8 6 6 2 5 7 9 1 7 6 7 3 1 3 1 6 1 3 2 9 2 1 2 4 6 9]
[48, 44, 50, 22, 11, 50, 50, 50, 20, 41, 50, 50, 45, 50, 50, 43, 50, 17, 50, 50, 42, 43, 50, 50, 41, 50, 50, 15, 33, 50, 30, 17, 50, 43, 50, 15, 50, 50, 34, 43, 19, 10, 46, 50, 23, 50, 41, 37, 50, 44, 21, 31, 28, 35, 27, 50, 50, 38, 50, 50, 19, 30, 50, 16, 50, 40, 34, 30, 50, 50, 50, 50, 28, 50, 11, 15, 48, 44, 50, 50, 50, 50, 50, 50, 50, 50, 50, 41, 50, 15, 17, 50, 42, 29, 50, 50, 10, 50, 50, 34]
[0 0 0 0 0 0 0 0 0 0 0 0 0 0 0 0 0 0 0 0 0 0 0 0 0 0 0 0 0 0 0 0 0 0 0 0 0
 0 0 0 0 0 0 0 0 0 0 0 0 0 0 0 0 0 0 0 0 0 0 0 0 0 0 0 0 0 0 0 0 0 0 0 0 0
 0 0 0 0 0 0 0 0 0 0 0 0 0 0 0 0 0 0 0 0 0 0 0 0 0 0]
[1 1 1 1 1 1 1 1 1 1 1 1 1 1 1 1 1 1 1 1 1 1 1 1 1 1 1 1 1 1 1 1 1 1 1 1 1
 1 1 1 1 1 1 1 1 1 1 1 1 1 1 1 1 1 1 1 1 1 1 1 1 1 1 1 1 1 1 1 1 1 1 1 1 1
 1 1 1 1 1 1 1 1 1 1 1 1 1 1 1 1 1 1 1 1 1 1 1 1 1 1]
