[ 0  1  2  3  4  5  6  7  8  9 10 11 12 13 14 15 16 17 18 19 20 21 22 23
 24 25 26 27 28 29 30 31 32 33 34 35 36 37 38 39 40 41 42 43 44 45 46 47
 48 49 50 51 52 53 54 55 56 57 58 59 60 61 62 63 64 65 66 67 68 69 70 71
 72 73 74 75 76 77 78 79 80 81 82 83 84 85 86 87 88 89 90 91 92 93 94 95
 96 97 98 99]
[90 -1 11 97  1 76 -1 -1 25 59 67 -1 53 -1  3 -1 74 87 86 28 92 56 -1 54
 53 -1 21 14 57 35 16 10 28 -1 19 -1 98 -1 -1 97 76 10 60 48 -1 -1 64 97
 -1 93 -1 50 22  7 70 -1 -1 77 11 -1 17  9 73 98 -1 58 58 93 11 29 49 -1
 80 96  2 -1 84 -1 67 32 20 -1 20 99 -1 57 27  0 31 73 -1 87 -1 50 33 -1
 23 -1 18 98]
[1 1 0 1 1 1 1 0 1 1 1 1 0 1 1 0 0 1 0 1 1 0 0 1 0 1 0 0 1 0 0 1 1 1 1 1 1
 0 1 1 0 1 0 1 1 1 1 1 0 1 0 1 1 0 0 0 0 1 1 1 1 1 1 0 0 1 0 1 0 0 1 0 1 1
 0 1 1 0 0 1 0 0 1 1 0 1 1 1 1 1 1 1 0 0 1 0 0 0 1 0]
[3 2 2 3 0 0 3 2 4 4 0 0 2 0 3 0 1 0 2 0 0 0 0 0 1 3 0 0 0 0 4 2 3 2 2 3 0
 0 0 1 0 0 0 3 2 0 0 4 4 4 3 1 4 4 4 0 4 0 1 0 0 1 1 4 4 4 0 0 0 3 1 3 0 0
 3 0 3 1 1 2 0 4 4 0 3 4 1 3 0 0 0 4 1 2 2 0 0 3 3 0]
[3 2 2 3 0 0 3 2 4 4 0 0 2 0 3 0 1 0 2 0 0 0 0 0 1 3 0 0 0 0 4 2 3 2 2 3 0
 0 0 1 0 0 0 3 2 0 0 4 4 4 3 1 4 4 4 0 4 0 1 0 0 1 1 4 4 4 0 0 0 3 1 3 0 0
 3 0 3 1 1 2 0 4 4 0 3 4 1 3 0 0 0 4 1 2 2 0 0 3 3 0]
[7 8 7 6 1 1 5 5 3 6 8 4 1 6 2 2 7 8 8 7 9 7 7 8 9 1 7 9 5 9 2 3 4 4 1 5 7
 8 6 3 2 7 6 8 4 1 1 7 4 2 1 1 4 5 5 2 9 2 9 2 5 7 5 9 1 8 4 6 9 4 5 2 4 4
 1 3 7 9 3 6 1 3 1 6 2 2 3 9 5 5 8 3 9 8 2 8 5 5 6 7]
[7 8 7 6 1 1 5 5 3 6 8 4 1 6 2 2 7 8 8 7 9 7 7 8 9 1 7 9 5 9 2 3 4 4 1 5 7
 8 6 3 2 7 6 8 4 1 1 7 4 2 1 1 4 5 5 2 9 2 9 2 5 7 5 9 1 8 4 6 9 4 5 2 4 4
 1 3 7 9 3 6 1 3 1 6 2 2 3 9 5 5 8 3 9 8 2 8 5 5 6 7]
[50, 50, 49, 50, 31, 33, 24, 29, 23, 50, 47, 49, 34, 24, 34, 50, 48, 32, 50, 50, 17, 10, 50, 21, 50, 27, 50, 22, 50, 16, 19, 50, 38, 50, 50, 31, 18, 50, 11, 50, 50, 21, 29, 50, 50, 17, 15, 50, 50, 50, 40, 50, 50, 33, 50, 31, 28, 24, 50, 35, 11, 40, 30, 50, 47, 39, 50, 27, 50, 50, 50, 50, 42, 36, 50, 35, 50, 49, 50, 50, 50, 48, 32, 37, 38, 49, 50, 50, 38, 50, 50, 50, 42, 50, 24, 46, 44, 50, 39, 47]
[0 0 0 0 0 0 0 0 0 0 0 0 0 0 0 0 0 0 0 0 0 0 0 0 0 0 0 0 0 0 0 0 0 0 0 0 0
 0 0 0 0 0 0 0 0 0 0 0 0 0 0 0 0 0 0 0 0 0 0 0 0 0 0 0 0 0 0 0 0 0 0 0 0 0
 0 0 0 0 0 0 0 0 0 0 0 0 0 0 0 0 0 0 0 0 0 0 0 0 0 0]
[1 1 1 1 1 1 1 1 1 1 1 1 1 1 1 1 1 1 1 1 1 1 1 1 1 1 1 1 1 1 1 1 1 1 1 1 1
 1 1 1 1 1 1 1 1 1 1 1 1 1 1 1 1 1 1 1 1 1 1 1 1 1 1 1 1 1 1 1 1 1 1 1 1 1
 1 1 1 1 1 1 1 1 1 1 1 1 1 1 1 1 1 1 1 1 1 1 1 1 1 1]
