[ 0  1  2  3  4  5  6  7  8  9 10 11 12 13 14 15 16 17 18 19 20 21 22 23
 24 25 26 27 28 29 30 31 32 33 34 35 36 37 38 39 40 41 42 43 44 45 46 47
 48 49 50 51 52 53 54 55 56 57 58 59 60 61 62 63 64 65 66 67 68 69 70 71
 72 73 74 75 76 77 78 79 80 81 82 83 84 85 86 87 88 89 90 91 92 93 94 95
 96 97 98 99]
[67 29 98 -1 91 90 83 25 79 -1 47 -1 -1 -1 46 -1  8 58 -1 91 -1 45 43 -1
 89 58 75 -1 -1 68 21 -1 -1 79 13 21 -1 86 70 -1 76 -1 60 76 -1 -1 60 79
 61 -1 40 56 -1 -1 -1 47 85 92 -1 -1 -1 59 34 46 -1 -1 95 -1 -1 -1 40 17
 30 -1 20 -1 31  0 -1 86 -1 51 73 -1 98 -1 29 66 -1 41  9 80 23 -1 11 63
 -1 -1  8 -1]
[1 1 0 0 0 1 1 0 0 1 0 1 1 1 0 1 0 1 1 0 1 1 1 1 1 1 1 1 0 0 0 0 1 0 1 1 1
 0 0 1 0 1 1 0 0 1 0 1 1 1 1 1 0 0 1 1 0 0 1 0 1 1 0 0 0 0 0 1 0 1 0 0 1 0
 1 0 1 1 1 1 1 0 0 0 0 0 0 1 0 0 0 0 0 1 1 0 1 0 1 1]
[3 0 1 1 1 0 0 4 1 0 3 0 3 0 0 3 0 0 2 0 1 0 4 0 2 3 1 0 2 4 0 3 1 4 0 0 0
 0 3 0 0 0 0 1 0 0 2 1 0 0 0 0 0 0 2 4 3 4 3 4 2 4 0 1 0 0 0 0 4 0 2 4 0 3
 4 1 4 1 2 0 0 2 0 0 0 0 2 0 2 0 2 0 1 0 0 0 0 0 0 0]
[3 0 1 1 1 0 0 4 1 0 3 0 3 0 0 3 0 0 2 0 1 0 4 0 2 3 1 0 2 4 0 3 1 4 0 0 0
 0 3 0 0 0 0 1 0 0 2 1 0 0 0 0 0 0 2 4 3 4 3 4 2 4 0 1 0 0 0 0 4 0 2 4 0 3
 4 1 4 1 2 0 0 2 0 0 0 0 2 0 2 0 2 0 1 0 0 0 0 0 0 0]
[5 7 3 6 8 7 9 9 2 3 1 8 5 2 6 5 2 8 7 4 3 4 1 6 1 3 1 6 1 8 4 8 5 4 4 7 1
 3 8 6 6 8 5 6 7 1 7 5 5 4 3 6 2 3 8 2 9 3 6 1 5 9 2 3 8 5 8 3 5 4 3 8 2 4
 4 4 6 8 5 9 3 2 9 6 2 7 3 6 9 3 8 5 1 2 8 7 6 7 3 7]
[5 7 3 6 8 7 9 9 2 3 1 8 5 2 6 5 2 8 7 4 3 4 1 6 1 3 1 6 1 8 4 8 5 4 4 7 1
 3 8 6 6 8 5 6 7 1 7 5 5 4 3 6 2 3 8 2 9 3 6 1 5 9 2 3 8 5 8 3 5 4 3 8 2 4
 4 4 6 8 5 9 3 2 9 6 2 7 3 6 9 3 8 5 1 2 8 7 6 7 3 7]
[31, 50, 50, 50, 50, 22, 50, 50, 50, 50, 43, 50, 41, 50, 14, 20, 49, 50, 48, 10, 50, 30, 50, 50, 50, 50, 46, 50, 48, 50, 49, 50, 50, 18, 15, 16, 34, 50, 21, 50, 50, 50, 50, 50, 50, 21, 50, 50, 43, 30, 38, 35, 35, 32, 30, 44, 50, 50, 26, 50, 50, 50, 16, 50, 50, 50, 40, 50, 48, 23, 50, 27, 17, 50, 50, 50, 26, 39, 41, 33, 22, 50, 50, 16, 50, 50, 19, 12, 50, 50, 35, 44, 43, 24, 50, 13, 27, 40, 10, 46]
[0 0 0 0 0 0 0 0 0 0 0 0 0 0 0 0 0 0 0 0 0 0 0 0 0 0 0 0 0 0 0 0 0 0 0 0 0
 0 0 0 0 0 0 0 0 0 0 0 0 0 0 0 0 0 0 0 0 0 0 0 0 0 0 0 0 0 0 0 0 0 0 0 0 0
 0 0 0 0 0 0 0 0 0 0 0 0 0 0 0 0 0 0 0 0 0 0 0 0 0 0]
[1 1 1 1 1 1 1 1 1 1 1 1 1 1 1 1 1 1 1 1 1 1 1 1 1 1 1 1 1 1 1 1 1 1 1 1 1
 1 1 1 1 1 1 1 1 1 1 1 1 1 1 1 1 1 1 1 1 1 1 1 1 1 1 1 1 1 1 1 1 1 1 1 1 1
 1 1 1 1 1 1 1 1 1 1 1 1 1 1 1 1 1 1 1 1 1 1 1 1 1 1]
