[ 0  1  2  3  4  5  6  7  8  9 10 11 12 13 14 15 16 17 18 19 20 21 22 23
 24 25 26 27 28 29 30 31 32 33 34 35 36 37 38 39 40 41 42 43 44 45 46 47
 48 49 50 51 52 53 54 55 56 57 58 59 60 61 62 63 64 65 66 67 68 69 70 71
 72 73 74 75 76 77 78 79 80 81 82 83 84 85 86 87 88 89 90 91 92 93 94 95
 96 97 98 99]
[74  9 39 47 -1 -1 -1 -1 66 84  2 75 99 21 67 94 -1 -1 -1 91 25  4 72 -1
 36 -1 70 49 36 -1 78 86 12 76 32 -1  0 -1 90 -1 -1 -1 58 -1 37 97 51 41
 18 50 -1 -1 -1 34 34 52 -1 -1 80 -1 67 42 34 50 97 29 64 -1 -1 45  6 72
 11 -1 13 28  5 -1  0 51 89 24 -1 88 85 -1 -1 55 94  7 71 62 46 -1 46 97
 59 23 77 17]
[1 0 0 0 0 0 1 1 1 1 0 1 1 0 1 1 1 0 0 0 1 0 0 1 1 1 0 0 0 1 0 0 1 0 1 0 0
 0 1 0 0 1 1 1 0 0 1 1 1 0 0 1 0 0 1 1 1 1 0 1 0 1 1 1 0 0 1 1 0 1 0 1 0 0
 1 1 1 1 1 1 1 1 0 0 0 1 0 1 0 1 1 0 1 1 0 1 1 1 1 0]
[4 0 2 2 4 2 1 3 3 0 0 0 4 3 1 0 4 2 0 0 3 1 0 2 0 0 0 0 3 3 2 0 0 1 0 3 0
 0 1 2 1 0 1 4 0 1 0 0 2 3 1 3 1 4 4 2 0 0 0 3 4 0 0 0 3 0 0 0 2 3 2 0 1 3
 0 4 2 0 4 0 0 0 0 3 0 0 0 2 2 1 0 3 0 0 1 3 1 1 2 1]
[4 0 2 2 4 2 1 3 3 0 0 0 4 3 1 0 4 2 0 0 3 1 0 2 0 0 0 0 3 3 2 0 0 1 0 3 0
 0 1 2 1 0 1 4 0 1 0 0 2 3 1 3 1 4 4 2 0 0 0 3 4 0 0 0 3 0 0 0 2 3 2 0 1 3
 0 4 2 0 4 0 0 0 0 3 0 0 0 2 2 1 0 3 0 0 1 3 1 1 2 1]
[2 6 1 6 6 8 7 8 5 7 4 6 7 3 8 8 1 4 8 2 8 4 4 8 3 8 7 8 7 7 4 8 5 7 2 4 1
 7 4 7 8 9 8 4 5 7 9 2 2 5 4 8 1 4 3 6 2 3 3 1 4 8 6 2 2 3 7 3 9 2 8 5 2 5
 7 2 2 6 7 5 8 7 5 6 5 1 5 5 1 8 8 7 1 7 8 7 6 3 1 9]
[2 6 1 6 6 8 7 8 5 7 4 6 7 3 8 8 1 4 8 2 8 4 4 8 3 8 7 8 7 7 4 8 5 7 2 4 1
 7 4 7 8 9 8 4 5 7 9 2 2 5 4 8 1 4 3 6 2 3 3 1 4 8 6 2 2 3 7 3 9 2 8 5 2 5
 7 2 2 6 7 5 8 7 5 6 5 1 5 5 1 8 8 7 1 7 8 7 6 3 1 9]
[46, 39, 50, 50, 41, 50, 50, 50, 44, 22, 41, 41, 29, 44, 16, 41, 50, 36, 50, 31, 28, 24, 34, 50, 50, 40, 50, 19, 50, 50, 50, 50, 50, 50, 44, 50, 41, 23, 50, 50, 50, 47, 35, 50, 10, 25, 50, 50, 19, 32, 43, 50, 50, 50, 50, 39, 50, 50, 50, 49, 50, 33, 18, 43, 19, 50, 50, 29, 50, 43, 50, 36, 14, 50, 50, 25, 47, 27, 40, 40, 31, 50, 37, 18, 19, 33, 50, 27, 19, 50, 34, 37, 50, 42, 49, 50, 38, 25, 17, 37]
[0 0 0 0 0 0 0 0 0 0 0 0 0 0 0 0 0 0 0 0 0 0 0 0 0 0 0 0 0 0 0 0 0 0 0 0 0
 0 0 0 0 0 0 0 0 0 0 0 0 0 0 0 0 0 0 0 0 0 0 0 0 0 0 0 0 0 0 0 0 0 0 0 0 0
 0 0 0 0 0 0 0 0 0 0 0 0 0 0 0 0 0 0 0 0 0 0 0 0 0 0]
[1 1 1 1 1 1 1 1 1 1 1 1 1 1 1 1 1 1 1 1 1 1 1 1 1 1 1 1 1 1 1 1 1 1 1 1 1
 1 1 1 1 1 1 1 1 1 1 1 1 1 1 1 1 1 1 1 1 1 1 1 1 1 1 1 1 1 1 1 1 1 1 1 1 1
 1 1 1 1 1 1 1 1 1 1 1 1 1 1 1 1 1 1 1 1 1 1 1 1 1 1]
