[ 0  1  2  3  4  5  6  7  8  9 10 11 12 13 14 15 16 17 18 19 20 21 22 23
 24 25 26 27 28 29 30 31 32 33 34 35 36 37 38 39 40 41 42 43 44 45 46 47
 48 49 50 51 52 53 54 55 56 57 58 59 60 61 62 63 64 65 66 67 68 69 70 71
 72 73 74 75 76 77 78 79 80 81 82 83 84 85 86 87 88 89 90 91 92 93 94 95
 96 97 98 99]
[16 10 -1 -1 -1 -1 59 -1 -1 59 -1 67 26 68 26 20 30 -1 55  7 96 25 81 51
 -1 98 78 -1 46 -1 87 -1 48 78  1 -1 -1 -1 64 50 -1 -1 12 39 58 52 -1 26
  3 44 88  6 -1  7 32 -1 -1 -1 96 -1 36 -1 71  5 68 57 89 -1 81 40 78 56
 29 74 46 -1 65 66 61 -1 -1 -1 44 -1 -1 39  9 96 -1 -1 60 42 34  2 82 -1
 12 -1 -1 26]
[1 0 0 1 1 1 0 0 0 1 1 0 1 0 1 0 0 0 1 0 1 1 0 0 0 0 1 1 1 0 0 0 0 0 0 0 1
 1 1 0 1 1 1 1 1 0 0 1 1 0 1 1 0 0 0 0 0 0 0 0 1 1 0 0 0 1 0 0 1 1 0 0 1 1
 0 0 1 1 1 1 1 1 0 0 1 1 1 1 0 0 1 0 1 0 1 0 1 0 0 1]
[3 0 4 4 3 2 0 0 0 3 0 0 0 1 1 0 0 4 2 4 1 0 0 0 0 3 0 0 3 2 2 2 4 4 0 0 3
 0 0 0 0 0 3 0 0 4 0 2 1 3 0 0 3 0 2 1 0 0 0 1 1 2 3 2 0 4 0 3 4 4 0 0 1 4
 0 0 0 1 4 4 1 3 0 2 0 4 4 3 0 3 4 0 3 0 0 0 0 3 0 2]
[3 0 4 4 3 2 0 0 0 3 0 0 0 1 1 0 0 4 2 4 1 0 0 0 0 3 0 0 3 2 2 2 4 4 0 0 3
 0 0 0 0 0 3 0 0 4 0 2 1 3 0 0 3 0 2 1 0 0 0 1 1 2 3 2 0 4 0 3 4 4 0 0 1 4
 0 0 0 1 4 4 1 3 0 2 0 4 4 3 0 3 4 0 3 0 0 0 0 3 0 2]
[4 6 4 3 8 7 2 9 2 6 1 8 9 5 4 6 1 1 6 7 1 6 7 6 4 1 8 2 3 6 2 3 6 5 6 5 3
 9 4 9 4 1 9 1 5 9 9 3 3 3 2 7 5 9 2 8 4 3 7 1 4 1 3 2 6 2 5 9 9 2 9 3 2 5
 4 7 8 4 6 6 9 1 6 2 8 2 2 1 4 8 8 5 6 3 3 2 6 8 5 4]
[4 6 4 3 8 7 2 9 2 6 1 8 9 5 4 6 1 1 6 7 1 6 7 6 4 1 8 2 3 6 2 3 6 5 6 5 3
 9 4 9 4 1 9 1 5 9 9 3 3 3 2 7 5 9 2 8 4 3 7 1 4 1 3 2 6 2 5 9 9 2 9 3 2 5
 4 7 8 4 6 6 9 1 6 2 8 2 2 1 4 8 8 5 6 3 3 2 6 8 5 4]
[50, 50, 30, 40, 47, 28, 50, 50, 50, 50, 50, 50, 35, 50, 31, 50, 28, 25, 50, 50, 22, 22, 10, 50, 30, 14, 23, 50, 50, 50, 50, 16, 50, 50, 25, 50, 50, 37, 33, 50, 44, 47, 22, 17, 22, 48, 50, 50, 33, 50, 12, 50, 50, 50, 50, 10, 15, 50, 38, 23, 50, 11, 16, 50, 25, 50, 50, 28, 50, 20, 50, 40, 50, 28, 47, 50, 50, 50, 46, 50, 50, 43, 50, 50, 38, 45, 34, 42, 31, 40, 50, 50, 45, 43, 15, 50, 50, 50, 36, 50]
[0 0 0 0 0 0 0 0 0 0 0 0 0 0 0 0 0 0 0 0 0 0 0 0 0 0 0 0 0 0 0 0 0 0 0 0 0
 0 0 0 0 0 0 0 0 0 0 0 0 0 0 0 0 0 0 0 0 0 0 0 0 0 0 0 0 0 0 0 0 0 0 0 0 0
 0 0 0 0 0 0 0 0 0 0 0 0 0 0 0 0 0 0 0 0 0 0 0 0 0 0]
[1 1 1 1 1 1 1 1 1 1 1 1 1 1 1 1 1 1 1 1 1 1 1 1 1 1 1 1 1 1 1 1 1 1 1 1 1
 1 1 1 1 1 1 1 1 1 1 1 1 1 1 1 1 1 1 1 1 1 1 1 1 1 1 1 1 1 1 1 1 1 1 1 1 1
 1 1 1 1 1 1 1 1 1 1 1 1 1 1 1 1 1 1 1 1 1 1 1 1 1 1]
