[ 0  1  2  3  4  5  6  7  8  9 10 11 12 13 14 15 16 17 18 19 20 21 22 23
 24 25 26 27 28 29 30 31 32 33 34 35 36 37 38 39 40 41 42 43 44 45 46 47
 48 49 50 51 52 53 54 55 56 57 58 59 60 61 62 63 64 65 66 67 68 69 70 71
 72 73 74 75 76 77 78 79 80 81 82 83 84 85 86 87 88 89 90 91 92 93 94 95
 96 97 98 99]
[79 68 -1 74 -1 -1 -1 42 60 43 89 23 -1 18 -1 -1 39 -1 -1 87 -1 -1 -1 61
 -1 60 37 31 23 20 39 83 92 -1 71  7 49  5 -1 99 43 -1 -1 16 79 12 -1 32
 65 18 -1 46 36 75 52 40 22 -1 22 -1 29 96 -1 24 30 20 91 -1 -1 -1 -1  7
 15 52 68 -1 -1 63 86 -1 -1 57  2 41 -1 -1 57 73 18 48 88 -1 51 -1 -1 45
 16 -1 84  4]
[1 0 0 0 0 1 1 0 0 1 0 1 1 0 1 0 1 1 1 1 0 0 0 1 1 0 1 0 0 1 1 0 1 1 1 1 1
 1 1 0 0 1 0 0 1 1 0 1 0 0 0 1 1 1 1 0 0 1 1 1 1 1 1 0 1 0 0 1 0 0 1 0 1 0
 0 0 1 1 1 0 1 1 0 0 1 1 1 1 1 0 1 1 1 0 0 0 0 1 1 1]
[0 4 0 1 2 0 4 4 0 0 0 3 2 0 0 0 0 0 0 1 0 0 0 0 0 3 0 2 0 4 4 3 0 2 3 0 0
 0 0 2 3 0 1 0 0 3 0 0 1 3 0 3 0 4 0 4 1 2 0 0 4 1 1 0 0 3 2 0 0 0 0 0 0 1
 4 2 2 0 0 0 4 2 3 0 3 0 4 2 0 4 0 0 0 0 2 0 0 0 0 0]
[0 4 0 1 2 0 4 4 0 0 0 3 2 0 0 0 0 0 0 1 0 0 0 0 0 3 0 2 0 4 4 3 0 2 3 0 0
 0 0 2 3 0 1 0 0 3 0 0 1 3 0 3 0 4 0 4 1 2 0 0 4 1 1 0 0 3 2 0 0 0 0 0 0 1
 4 2 2 0 0 0 4 2 3 0 3 0 4 2 0 4 0 0 0 0 2 0 0 0 0 0]
[8 9 7 3 3 9 5 4 8 2 5 7 2 3 9 2 2 6 9 7 3 2 1 3 7 7 1 4 2 7 4 3 8 4 4 5 7
 2 3 6 9 9 8 5 2 6 9 9 2 7 6 1 6 6 8 9 4 6 9 6 1 3 6 1 4 9 3 8 5 3 4 1 7 6
 2 8 3 3 7 1 5 2 3 5 3 9 3 6 3 5 1 4 7 1 9 5 9 2 5 6]
[8 9 7 3 3 9 5 4 8 2 5 7 2 3 9 2 2 6 9 7 3 2 1 3 7 7 1 4 2 7 4 3 8 4 4 5 7
 2 3 6 9 9 8 5 2 6 9 9 2 7 6 1 6 6 8 9 4 6 9 6 1 3 6 1 4 9 3 8 5 3 4 1 7 6
 2 8 3 3 7 1 5 2 3 5 3 9 3 6 3 5 1 4 7 1 9 5 9 2 5 6]
[21, 50, 43, 50, 29, 10, 50, 50, 50, 50, 50, 50, 50, 50, 50, 50, 50, 24, 50, 50, 17, 50, 25, 50, 50, 35, 50, 49, 28, 14, 16, 30, 50, 50, 18, 50, 50, 39, 38, 50, 37, 50, 38, 50, 16, 48, 50, 18, 50, 32, 15, 47, 50, 31, 26, 50, 31, 50, 24, 50, 50, 25, 50, 44, 19, 50, 50, 50, 50, 50, 17, 50, 50, 50, 13, 50, 49, 14, 50, 50, 50, 23, 50, 46, 50, 24, 50, 50, 20, 13, 41, 24, 50, 50, 32, 50, 50, 32, 15, 50]
[0 0 0 0 0 0 0 0 0 0 0 0 0 0 0 0 0 0 0 0 0 0 0 0 0 0 0 0 0 0 0 0 0 0 0 0 0
 0 0 0 0 0 0 0 0 0 0 0 0 0 0 0 0 0 0 0 0 0 0 0 0 0 0 0 0 0 0 0 0 0 0 0 0 0
 0 0 0 0 0 0 0 0 0 0 0 0 0 0 0 0 0 0 0 0 0 0 0 0 0 0]
[1 1 1 1 1 1 1 1 1 1 1 1 1 1 1 1 1 1 1 1 1 1 1 1 1 1 1 1 1 1 1 1 1 1 1 1 1
 1 1 1 1 1 1 1 1 1 1 1 1 1 1 1 1 1 1 1 1 1 1 1 1 1 1 1 1 1 1 1 1 1 1 1 1 1
 1 1 1 1 1 1 1 1 1 1 1 1 1 1 1 1 1 1 1 1 1 1 1 1 1 1]
