[ 0  1  2  3  4  5  6  7  8  9 10 11 12 13 14 15 16 17 18 19 20 21 22 23
 24 25 26 27 28 29 30 31 32 33 34 35 36 37 38 39 40 41 42 43 44 45 46 47
 48 49 50 51 52 53 54 55 56 57 58 59 60 61 62 63 64 65 66 67 68 69 70 71
 72 73 74 75 76 77 78 79 80 81 82 83 84 85 86 87 88 89 90 91 92 93 94 95
 96 97 98 99]
[52 96 -1 -1 -1 -1 28 -1 -1 66 -1 74 66  1 75 94 84 21 -1 -1 52 -1 93 35
 78 65  6 52 -1 -1 32 14  9 -1 50  4 -1 -1 -1 -1 50 49  5 65 -1 30 65 -1
 39  2 33 -1 98 -1 62 -1 29 41 11  9 27 23 57 -1 -1 52 -1 60 63 14 -1 -1
 62 66 -1 41 58 52 -1 64 91  2  2 61 10 54 -1 45 -1 49 72 99 56 56 81 35
 -1 -1 -1 27]
[0 1 0 1 1 0 1 0 0 1 0 0 1 1 0 0 1 0 1 0 1 0 0 1 0 0 0 1 0 1 0 0 0 0 1 0 1
 0 1 0 0 0 1 1 1 0 1 1 0 0 0 1 0 0 1 0 1 1 1 0 1 1 1 1 1 0 1 1 1 0 1 0 1 1
 1 0 0 0 1 0 1 1 0 0 1 0 1 1 0 0 0 0 1 1 0 1 0 0 0 1]
[2 2 4 4 4 0 0 1 4 0 1 3 0 0 0 0 2 0 2 4 0 3 0 0 4 4 2 3 0 0 0 0 0 2 0 4 0
 0 0 1 1 0 4 0 2 0 1 3 0 0 4 0 0 2 3 0 0 0 2 2 3 0 3 0 0 0 0 0 0 2 1 1 2 4
 1 0 0 3 0 4 1 2 4 4 0 4 0 2 0 4 0 1 4 0 2 0 2 2 0 4]
[2 2 4 4 4 0 0 1 4 0 1 3 0 0 0 0 2 0 2 4 0 3 0 0 4 4 2 3 0 0 0 0 0 2 0 4 0
 0 0 1 1 0 4 0 2 0 1 3 0 0 4 0 0 2 3 0 0 0 2 2 3 0 3 0 0 0 0 0 0 2 1 1 2 4
 1 0 0 3 0 4 1 2 4 4 0 4 0 2 0 4 0 1 4 0 2 0 2 2 0 4]
[6 8 7 4 1 8 9 9 4 6 3 5 3 7 9 1 2 3 6 2 5 5 4 9 1 4 9 1 6 9 6 4 5 4 7 2 2
 1 4 4 8 3 4 6 9 4 1 4 6 4 1 2 7 6 7 1 6 4 3 2 9 8 4 1 9 2 5 8 8 4 7 7 1 7
 3 8 1 4 1 8 5 6 8 1 3 7 6 4 7 2 4 8 3 1 6 3 3 9 4 7]
[6 8 7 4 1 8 9 9 4 6 3 5 3 7 9 1 2 3 6 2 5 5 4 9 1 4 9 1 6 9 6 4 5 4 7 2 2
 1 4 4 8 3 4 6 9 4 1 4 6 4 1 2 7 6 7 1 6 4 3 2 9 8 4 1 9 2 5 8 8 4 7 7 1 7
 3 8 1 4 1 8 5 6 8 1 3 7 6 4 7 2 4 8 3 1 6 3 3 9 4 7]
[21, 50, 50, 50, 24, 42, 50, 39, 50, 21, 50, 50, 50, 50, 46, 50, 17, 25, 48, 12, 44, 10, 50, 10, 34, 50, 50, 50, 33, 50, 50, 39, 17, 50, 50, 34, 31, 50, 50, 22, 33, 26, 50, 40, 50, 17, 50, 50, 50, 50, 50, 18, 30, 50, 10, 50, 32, 50, 50, 50, 50, 50, 27, 37, 31, 12, 28, 50, 50, 50, 20, 50, 45, 50, 50, 50, 50, 50, 50, 33, 15, 50, 50, 50, 50, 14, 14, 50, 50, 43, 41, 20, 50, 50, 27, 50, 50, 34, 48, 36]
[0 0 0 0 0 0 0 0 0 0 0 0 0 0 0 0 0 0 0 0 0 0 0 0 0 0 0 0 0 0 0 0 0 0 0 0 0
 0 0 0 0 0 0 0 0 0 0 0 0 0 0 0 0 0 0 0 0 0 0 0 0 0 0 0 0 0 0 0 0 0 0 0 0 0
 0 0 0 0 0 0 0 0 0 0 0 0 0 0 0 0 0 0 0 0 0 0 0 0 0 0]
[1 1 1 1 1 1 1 1 1 1 1 1 1 1 1 1 1 1 1 1 1 1 1 1 1 1 1 1 1 1 1 1 1 1 1 1 1
 1 1 1 1 1 1 1 1 1 1 1 1 1 1 1 1 1 1 1 1 1 1 1 1 1 1 1 1 1 1 1 1 1 1 1 1 1
 1 1 1 1 1 1 1 1 1 1 1 1 1 1 1 1 1 1 1 1 1 1 1 1 1 1]
