[ 0  1  2  3  4  5  6  7  8  9 10 11 12 13 14 15 16 17 18 19 20 21 22 23
 24 25 26 27 28 29 30 31 32 33 34 35 36 37 38 39 40 41 42 43 44 45 46 47
 48 49 50 51 52 53 54 55 56 57 58 59 60 61 62 63 64 65 66 67 68 69 70 71
 72 73 74 75 76 77 78 79 80 81 82 83 84 85 86 87 88 89 90 91 92 93 94 95
 96 97 98 99]
[-1 68 91 54 -1 54  5  3 27 66 -1 93 77 23 91 40 22 -1 -1 -1 50 -1 67 15
 83 -1 -1 14 -1 38 -1 98 73 53 83 -1 37 90 49 21 57 24 -1 -1 -1 23 -1 -1
 93 89 47 81 65 82 -1 91 63 -1 87 45 78 41 -1 95 30 21 -1 63 82 -1 36 -1
  2 62 17 44 18 21 19 -1 -1 -1 20 79 77 68 27 54 61 27 -1 50 -1 83 -1 -1
 -1 16 -1 60]
[0 0 0 0 0 1 1 0 1 0 0 0 0 0 1 0 1 1 0 1 0 0 0 1 1 0 0 0 0 1 1 1 0 1 0 0 1
 1 0 0 0 1 0 0 1 1 1 1 0 1 0 1 1 0 1 0 1 1 0 1 1 0 1 1 1 0 0 1 1 0 0 0 1 0
 1 1 0 1 1 1 1 1 0 1 0 1 0 0 0 1 1 0 1 1 0 0 0 0 0 0]
[0 0 1 3 4 0 2 4 0 2 4 0 0 0 3 0 2 2 1 1 4 0 4 0 0 1 0 3 0 4 0 0 0 1 2 4 3
 2 4 0 3 0 1 3 0 0 1 1 4 4 0 3 1 1 0 1 0 0 4 4 0 0 0 4 2 0 3 0 3 0 0 0 0 0
 0 0 3 2 0 0 0 0 0 2 4 0 3 0 0 3 0 0 0 0 0 1 0 0 0 0]
[0 0 1 3 4 0 2 4 0 2 4 0 0 0 3 0 2 2 1 1 4 0 4 0 0 1 0 3 0 4 0 0 0 1 2 4 3
 2 4 0 3 0 1 3 0 0 1 1 4 4 0 3 1 1 0 1 0 0 4 4 0 0 0 4 2 0 3 0 3 0 0 0 0 0
 0 0 3 2 0 0 0 0 0 2 4 0 3 0 0 3 0 0 0 0 0 1 0 0 0 0]
[7 8 1 6 2 4 2 5 7 5 7 5 7 8 8 6 7 8 8 5 1 6 2 6 5 8 4 5 1 5 2 4 4 5 2 5 1
 6 4 4 6 5 6 2 4 3 4 7 8 6 7 9 4 1 1 1 1 1 8 6 3 4 6 1 3 7 7 6 7 4 1 2 6 9
 9 2 9 8 5 5 8 4 2 2 1 4 6 1 3 7 1 9 5 5 7 5 4 9 9 8]
[7 8 1 6 2 4 2 5 7 5 7 5 7 8 8 6 7 8 8 5 1 6 2 6 5 8 4 5 1 5 2 4 4 5 2 5 1
 6 4 4 6 5 6 2 4 3 4 7 8 6 7 9 4 1 1 1 1 1 8 6 3 4 6 1 3 7 7 6 7 4 1 2 6 9
 9 2 9 8 5 5 8 4 2 2 1 4 6 1 3 7 1 9 5 5 7 5 4 9 9 8]
[36, 22, 50, 42, 50, 45, 19, 50, 41, 15, 49, 33, 50, 14, 30, 23, 41, 50, 50, 39, 50, 50, 31, 36, 50, 50, 41, 50, 50, 12, 50, 50, 17, 50, 50, 33, 25, 44, 25, 27, 50, 18, 50, 50, 50, 14, 50, 37, 27, 23, 34, 50, 50, 21, 50, 50, 35, 26, 24, 10, 10, 44, 32, 21, 41, 40, 50, 50, 50, 38, 50, 48, 50, 50, 50, 50, 50, 50, 50, 50, 50, 50, 50, 50, 46, 32, 50, 27, 50, 50, 50, 42, 11, 50, 50, 43, 50, 50, 16, 50]
[0 0 0 0 0 0 0 0 0 0 0 0 0 0 0 0 0 0 0 0 0 0 0 0 0 0 0 0 0 0 0 0 0 0 0 0 0
 0 0 0 0 0 0 0 0 0 0 0 0 0 0 0 0 0 0 0 0 0 0 0 0 0 0 0 0 0 0 0 0 0 0 0 0 0
 0 0 0 0 0 0 0 0 0 0 0 0 0 0 0 0 0 0 0 0 0 0 0 0 0 0]
[1 1 1 1 1 1 1 1 1 1 1 1 1 1 1 1 1 1 1 1 1 1 1 1 1 1 1 1 1 1 1 1 1 1 1 1 1
 1 1 1 1 1 1 1 1 1 1 1 1 1 1 1 1 1 1 1 1 1 1 1 1 1 1 1 1 1 1 1 1 1 1 1 1 1
 1 1 1 1 1 1 1 1 1 1 1 1 1 1 1 1 1 1 1 1 1 1 1 1 1 1]
