[ 0  1  2  3  4  5  6  7  8  9 10 11 12 13 14 15 16 17 18 19 20 21 22 23
 24 25 26 27 28 29 30 31 32 33 34 35 36 37 38 39 40 41 42 43 44 45 46 47
 48 49 50 51 52 53 54 55 56 57 58 59 60 61 62 63 64 65 66 67 68 69 70 71
 72 73 74 75 76 77 78 79 80 81 82 83 84 85 86 87 88 89 90 91 92 93 94 95
 96 97 98 99]
[59 86 -1 -1 -1 26 64 90 -1 55 -1 77 72 -1 -1 -1 22 -1 -1 -1  2  3 -1 -1
 50 50 56 -1 26 -1 -1 -1 -1 87 -1 -1 -1 33 -1 73  9 -1 -1  5 38 -1 -1 -1
 -1 90 66 25 21 42 97 35 -1 35 -1 -1 83  4 72 -1 -1 57 -1 -1 53 42 18  1
 68 69 -1 -1  2 45 45 62 64 -1 71 23 -1 90 52 26 38 54  2  8 -1 55 28 11
 59 -1 94 -1]
[1 0 1 1 0 1 0 1 1 1 0 1 0 1 0 0 0 0 1 1 1 1 1 1 0 0 0 0 1 1 1 1 1 1 0 0 1
 1 0 0 0 1 1 1 1 1 0 1 1 1 1 1 1 0 1 0 0 0 1 1 0 0 1 0 1 1 1 1 1 1 1 0 0 1
 1 1 0 1 0 0 0 0 0 0 0 1 0 0 0 1 1 1 0 1 1 1 1 1 1 0]
[4 3 3 0 0 3 0 1 0 0 4 2 0 0 0 0 0 2 3 0 3 2 0 4 2 2 1 3 0 3 2 4 1 0 4 1 0
 0 1 1 0 4 3 4 4 0 0 1 3 1 0 2 3 0 0 0 2 0 1 2 0 1 0 4 2 3 3 0 1 1 0 1 0 0
 2 3 0 0 2 1 4 0 0 0 0 4 3 0 4 1 0 0 0 0 0 0 3 2 3 0]
[4 3 3 0 0 3 0 1 0 0 4 2 0 0 0 0 0 2 3 0 3 2 0 4 2 2 1 3 0 3 2 4 1 0 4 1 0
 0 1 1 0 4 3 4 4 0 0 1 3 1 0 2 3 0 0 0 2 0 1 2 0 1 0 4 2 3 3 0 1 1 0 1 0 0
 2 3 0 0 2 1 4 0 0 0 0 4 3 0 4 1 0 0 0 0 0 0 3 2 3 0]
[9 8 1 5 4 5 6 7 4 4 2 5 9 6 7 7 4 6 9 4 6 9 5 8 7 9 6 3 8 8 6 6 6 4 2 5 5
 7 5 6 6 6 9 6 8 8 2 2 3 9 5 4 1 2 8 1 7 5 4 3 6 9 3 3 5 6 1 1 1 5 3 6 8 2
 8 2 2 4 3 4 8 6 4 2 1 9 8 7 9 8 2 1 1 7 3 5 7 3 3 3]
[9 8 1 5 4 5 6 7 4 4 2 5 9 6 7 7 4 6 9 4 6 9 5 8 7 9 6 3 8 8 6 6 6 4 2 5 5
 7 5 6 6 6 9 6 8 8 2 2 3 9 5 4 1 2 8 1 7 5 4 3 6 9 3 3 5 6 1 1 1 5 3 6 8 2
 8 2 2 4 3 4 8 6 4 2 1 9 8 7 9 8 2 1 1 7 3 5 7 3 3 3]
[18, 30, 50, 50, 50, 26, 50, 50, 39, 50, 34, 49, 45, 32, 37, 44, 11, 42, 50, 50, 34, 50, 50, 49, 43, 49, 32, 50, 43, 49, 50, 50, 50, 44, 50, 35, 38, 50, 32, 50, 27, 17, 33, 28, 50, 27, 50, 47, 28, 47, 18, 45, 35, 42, 40, 17, 34, 50, 17, 42, 28, 50, 47, 50, 43, 50, 28, 50, 50, 48, 20, 36, 50, 37, 50, 50, 15, 50, 50, 50, 18, 24, 50, 45, 17, 50, 50, 50, 50, 42, 23, 50, 43, 50, 39, 15, 10, 50, 31, 42]
[0 0 0 0 0 0 0 0 0 0 0 0 0 0 0 0 0 0 0 0 0 0 0 0 0 0 0 0 0 0 0 0 0 0 0 0 0
 0 0 0 0 0 0 0 0 0 0 0 0 0 0 0 0 0 0 0 0 0 0 0 0 0 0 0 0 0 0 0 0 0 0 0 0 0
 0 0 0 0 0 0 0 0 0 0 0 0 0 0 0 0 0 0 0 0 0 0 0 0 0 0]
[1 1 1 1 1 1 1 1 1 1 1 1 1 1 1 1 1 1 1 1 1 1 1 1 1 1 1 1 1 1 1 1 1 1 1 1 1
 1 1 1 1 1 1 1 1 1 1 1 1 1 1 1 1 1 1 1 1 1 1 1 1 1 1 1 1 1 1 1 1 1 1 1 1 1
 1 1 1 1 1 1 1 1 1 1 1 1 1 1 1 1 1 1 1 1 1 1 1 1 1 1]
