[ 0  1  2  3  4  5  6  7  8  9 10 11 12 13 14 15 16 17 18 19 20 21 22 23
 24 25 26 27 28 29 30 31 32 33 34 35 36 37 38 39 40 41 42 43 44 45 46 47
 48 49 50 51 52 53 54 55 56 57 58 59 60 61 62 63 64 65 66 67 68 69 70 71
 72 73 74 75 76 77 78 79 80 81 82 83 84 85 86 87 88 89 90 91 92 93 94 95
 96 97 98 99]
[37 42 49 87 -1 74 -1 -1 58 30 81 10 -1 85 -1 -1 57 45 23 -1 -1 -1 74 -1
 58 79 97 -1 23 21 57 20 -1 -1 36 -1 29 93 -1  4 13 15 64 20 -1 -1  8 20
 61 39 79 -1 21 -1 18 -1 43 86 13 23 98 88 -1 66 -1 -1 31 15 -1 23 24 -1
 -1 82 -1 32 21 23 -1 -1 77 14  2 -1 -1 29 -1 81  6 80 43 45 26 42 19 10
 10 90 -1 -1]
[1 1 0 0 0 0 1 1 1 1 1 1 0 1 0 1 0 0 1 0 0 0 0 0 0 0 1 1 1 1 1 0 0 0 0 0 0
 0 0 1 1 1 0 0 0 0 1 0 1 1 0 1 1 0 1 0 0 1 1 0 1 1 1 1 1 1 1 1 1 0 0 0 0 1
 0 1 0 0 0 0 0 0 1 0 0 1 0 0 1 0 1 1 1 1 1 1 1 1 0 0]
[1 0 0 1 2 0 0 3 3 0 3 0 2 2 0 0 1 3 0 0 1 3 3 3 0 3 0 3 0 2 3 0 0 0 0 0 4
 0 0 1 3 2 4 4 0 4 4 4 4 0 0 1 0 0 0 1 0 1 0 1 4 0 0 0 4 0 4 0 0 0 0 2 0 0
 0 4 0 3 3 0 3 2 0 0 3 0 0 0 2 2 1 0 2 3 1 2 0 2 0 0]
[1 0 0 1 2 0 0 3 3 0 3 0 2 2 0 0 1 3 0 0 1 3 3 3 0 3 0 3 0 2 3 0 0 0 0 0 4
 0 0 1 3 2 4 4 0 4 4 4 4 0 0 1 0 0 0 1 0 1 0 1 4 0 0 0 4 0 4 0 0 0 0 2 0 0
 0 4 0 3 3 0 3 2 0 0 3 0 0 0 2 2 1 0 2 3 1 2 0 2 0 0]
[9 1 6 8 6 7 6 4 2 2 2 3 6 7 6 8 7 4 4 9 2 4 5 2 6 9 4 8 7 7 8 2 1 5 3 6 8
 6 5 2 1 6 6 2 9 7 2 2 1 7 1 6 6 2 7 7 3 3 8 7 3 1 6 4 6 9 7 9 3 9 3 9 1 9
 4 2 9 1 5 8 9 3 7 7 3 9 6 1 8 4 7 2 7 8 6 7 5 7 9 8]
[9 1 6 8 6 7 6 4 2 2 2 3 6 7 6 8 7 4 4 9 2 4 5 2 6 9 4 8 7 7 8 2 1 5 3 6 8
 6 5 2 1 6 6 2 9 7 2 2 1 7 1 6 6 2 7 7 3 3 8 7 3 1 6 4 6 9 7 9 3 9 3 9 1 9
 4 2 9 1 5 8 9 3 7 7 3 9 6 1 8 4 7 2 7 8 6 7 5 7 9 8]
[33, 12, 50, 50, 50, 50, 13, 50, 50, 45, 23, 50, 34, 26, 50, 17, 50, 17, 50, 50, 48, 50, 10, 50, 27, 26, 31, 19, 26, 50, 50, 41, 26, 30, 48, 46, 50, 50, 25, 50, 50, 50, 22, 40, 38, 48, 50, 50, 10, 50, 50, 50, 50, 50, 22, 50, 34, 50, 50, 50, 50, 10, 36, 39, 49, 11, 50, 14, 50, 49, 50, 34, 50, 50, 49, 13, 47, 50, 43, 50, 50, 50, 19, 39, 19, 50, 44, 16, 50, 50, 50, 50, 50, 21, 50, 49, 15, 49, 48, 50]
[0 0 0 0 0 0 0 0 0 0 0 0 0 0 0 0 0 0 0 0 0 0 0 0 0 0 0 0 0 0 0 0 0 0 0 0 0
 0 0 0 0 0 0 0 0 0 0 0 0 0 0 0 0 0 0 0 0 0 0 0 0 0 0 0 0 0 0 0 0 0 0 0 0 0
 0 0 0 0 0 0 0 0 0 0 0 0 0 0 0 0 0 0 0 0 0 0 0 0 0 0]
[1 1 1 1 1 1 1 1 1 1 1 1 1 1 1 1 1 1 1 1 1 1 1 1 1 1 1 1 1 1 1 1 1 1 1 1 1
 1 1 1 1 1 1 1 1 1 1 1 1 1 1 1 1 1 1 1 1 1 1 1 1 1 1 1 1 1 1 1 1 1 1 1 1 1
 1 1 1 1 1 1 1 1 1 1 1 1 1 1 1 1 1 1 1 1 1 1 1 1 1 1]
