[ 0  1  2  3  4  5  6  7  8  9 10 11 12 13 14 15 16 17 18 19 20 21 22 23
 24 25 26 27 28 29 30 31 32 33 34 35 36 37 38 39 40 41 42 43 44 45 46 47
 48 49 50 51 52 53 54 55 56 57 58 59 60 61 62 63 64 65 66 67 68 69 70 71
 72 73 74 75 76 77 78 79 80 81 82 83 84 85 86 87 88 89 90 91 92 93 94 95
 96 97 98 99]
[36 71 44 17 96 -1 37 -1 -1 15 90 39 36 26 88 -1 47 -1 74 -1 -1 74 60 37
 21 23 44 97 94 46 63 -1 20 84 56 14 -1  2 -1 -1 64 -1 -1 -1 16 67 19  9
 29 34 47  3 65 -1 22 -1 -1 39 35  7 -1 -1 92 56 39 -1 53 73 82  9 54 54
  4 -1 36 90 67  6 -1 72 63 80 -1 -1 79 -1 -1 37 -1 -1 33 -1 -1 -1 -1 36
 57 69 51 85]
[1 1 1 1 0 0 0 0 1 0 1 1 0 1 1 1 0 1 1 0 1 1 1 0 0 0 0 0 0 1 0 0 1 0 0 1 1
 1 1 0 1 0 1 1 1 1 0 1 1 0 0 1 1 0 1 0 1 1 0 0 0 0 1 0 1 1 1 1 1 0 1 1 0 0
 0 1 0 0 0 1 0 1 0 1 1 0 1 0 0 1 0 0 1 0 1 0 1 0 1 0]
[0 0 0 0 0 0 4 0 0 2 0 0 2 0 0 3 0 0 0 1 0 3 2 4 0 3 4 2 3 0 1 3 4 1 2 4 2
 3 3 0 0 0 4 0 0 0 0 4 4 4 0 0 0 0 1 1 2 0 1 0 0 0 1 4 1 0 0 2 0 4 2 0 0 1
 0 1 0 0 0 4 3 0 3 1 1 3 2 0 0 0 0 0 0 4 0 0 0 2 0 0]
[0 0 0 0 0 0 4 0 0 2 0 0 2 0 0 3 0 0 0 1 0 3 2 4 0 3 4 2 3 0 1 3 4 1 2 4 2
 3 3 0 0 0 4 0 0 0 0 4 4 4 0 0 0 0 1 1 2 0 1 0 0 0 1 4 1 0 0 2 0 4 2 0 0 1
 0 1 0 0 0 4 3 0 3 1 1 3 2 0 0 0 0 0 0 4 0 0 0 2 0 0]
[5 7 5 4 2 7 8 2 9 2 5 4 9 5 1 9 2 6 4 9 5 2 1 4 6 3 3 1 4 1 4 7 1 4 4 7 7
 1 5 6 2 8 3 4 1 8 2 1 8 3 6 2 9 5 9 1 8 4 8 4 2 2 7 4 7 6 1 6 9 3 7 8 2 6
 1 9 1 1 2 8 5 4 4 9 8 7 6 4 7 5 7 6 8 3 1 1 1 4 5 6]
[5 7 5 4 2 7 8 2 9 2 5 4 9 5 1 9 2 6 4 9 5 2 1 4 6 3 3 1 4 1 4 7 1 4 4 7 7
 1 5 6 2 8 3 4 1 8 2 1 8 3 6 2 9 5 9 1 8 4 8 4 2 2 7 4 7 6 1 6 9 3 7 8 2 6
 1 9 1 1 2 8 5 4 4 9 8 7 6 4 7 5 7 6 8 3 1 1 1 4 5 6]
[50, 50, 50, 50, 50, 50, 50, 28, 31, 42, 50, 43, 50, 42, 38, 50, 50, 50, 50, 50, 50, 37, 50, 50, 50, 50, 48, 50, 18, 10, 50, 50, 50, 27, 50, 33, 14, 12, 37, 28, 50, 44, 50, 50, 50, 40, 14, 28, 28, 16, 50, 50, 44, 50, 50, 50, 33, 18, 50, 50, 50, 24, 28, 24, 11, 12, 50, 30, 11, 50, 50, 50, 34, 50, 33, 50, 31, 37, 50, 50, 42, 50, 50, 23, 50, 12, 50, 49, 50, 12, 13, 22, 34, 50, 23, 50, 50, 50, 42, 50]
[0 0 0 0 0 0 0 0 0 0 0 0 0 0 0 0 0 0 0 0 0 0 0 0 0 0 0 0 0 0 0 0 0 0 0 0 0
 0 0 0 0 0 0 0 0 0 0 0 0 0 0 0 0 0 0 0 0 0 0 0 0 0 0 0 0 0 0 0 0 0 0 0 0 0
 0 0 0 0 0 0 0 0 0 0 0 0 0 0 0 0 0 0 0 0 0 0 0 0 0 0]
[1 1 1 1 1 1 1 1 1 1 1 1 1 1 1 1 1 1 1 1 1 1 1 1 1 1 1 1 1 1 1 1 1 1 1 1 1
 1 1 1 1 1 1 1 1 1 1 1 1 1 1 1 1 1 1 1 1 1 1 1 1 1 1 1 1 1 1 1 1 1 1 1 1 1
 1 1 1 1 1 1 1 1 1 1 1 1 1 1 1 1 1 1 1 1 1 1 1 1 1 1]
