[ 0  1  2  3  4  5  6  7  8  9 10 11 12 13 14 15 16 17 18 19 20 21 22 23
 24 25 26 27 28 29 30 31 32 33 34 35 36 37 38 39 40 41 42 43 44 45 46 47
 48 49 50 51 52 53 54 55 56 57 58 59 60 61 62 63 64 65 66 67 68 69 70 71
 72 73 74 75 76 77 78 79 80 81 82 83 84 85 86 87 88 89 90 91 92 93 94 95
 96 97 98 99]
[52 51  3 -1 54 69 45 31 37 27 41 74 24 -1  5 -1 -1 43 63  2 42 80 29 68
 51 49 93 -1 39 62 -1 20 -1 -1 11 -1 32 18 63 -1 59 -1 83 93 -1 82 -1 23
 -1 -1 -1 69 50 47 -1 18 73 64 -1 95 80 -1 82 65 -1 -1 43 -1 -1 94 -1 80
 44 89  4 59 94 45 -1 -1 17 18 38 -1 66 23 85 58 -1 15 -1 19 94 79  3 -1
 13 -1 80  5]
[0 0 1 1 1 0 0 0 1 1 1 0 1 0 0 1 1 1 1 1 0 1 1 1 1 0 1 1 0 0 1 1 1 0 1 1 1
 0 0 0 0 1 0 0 1 1 0 0 0 0 0 1 0 0 1 1 0 1 0 0 1 0 1 1 0 1 1 1 0 1 0 1 0 0
 1 1 1 1 0 1 1 1 1 1 1 1 1 0 0 0 1 0 1 1 0 1 1 1 1 1]
[3 0 3 0 1 4 0 3 2 4 2 0 3 2 4 0 2 3 0 0 0 3 1 0 0 4 0 0 0 3 0 2 0 0 0 0 3
 4 0 0 0 0 3 0 2 0 0 0 2 0 0 0 0 0 4 2 2 4 2 0 0 0 4 1 1 1 4 0 4 1 0 0 0 1
 2 1 0 2 3 0 4 2 3 0 0 0 0 0 4 0 0 2 0 2 0 2 2 0 3 0]
[3 0 3 0 1 4 0 3 2 4 2 0 3 2 4 0 2 3 0 0 0 3 1 0 0 4 0 0 0 3 0 2 0 0 0 0 3
 4 0 0 0 0 3 0 2 0 0 0 2 0 0 0 0 0 4 2 2 4 2 0 0 0 4 1 1 1 4 0 4 1 0 0 0 1
 2 1 0 2 3 0 4 2 3 0 0 0 0 0 4 0 0 2 0 2 0 2 2 0 3 0]
[2 1 6 5 1 3 7 9 9 9 4 5 7 1 4 1 2 8 1 2 9 6 7 7 4 7 6 4 5 5 1 5 3 9 4 4 8
 2 5 7 3 2 5 3 9 7 4 8 2 2 4 3 1 5 2 7 2 2 9 2 6 5 2 6 7 3 1 1 5 5 2 5 5 2
 1 6 2 8 9 4 4 4 1 4 6 9 6 8 3 4 2 9 5 3 5 3 2 1 8 7]
[2 1 6 5 1 3 7 9 9 9 4 5 7 1 4 1 2 8 1 2 9 6 7 7 4 7 6 4 5 5 1 5 3 9 4 4 8
 2 5 7 3 2 5 3 9 7 4 8 2 2 4 3 1 5 2 7 2 2 9 2 6 5 2 6 7 3 1 1 5 5 2 5 5 2
 1 6 2 8 9 4 4 4 1 4 6 9 6 8 3 4 2 9 5 3 5 3 2 1 8 7]
[41, 33, 50, 50, 50, 23, 42, 29, 50, 50, 50, 50, 50, 38, 50, 37, 50, 36, 47, 14, 50, 39, 17, 15, 35, 50, 50, 12, 50, 50, 19, 19, 42, 21, 50, 50, 50, 28, 23, 50, 21, 50, 42, 50, 50, 12, 50, 43, 35, 34, 50, 50, 50, 14, 50, 50, 12, 28, 50, 10, 35, 50, 50, 50, 26, 29, 39, 50, 50, 22, 44, 50, 19, 50, 50, 50, 50, 27, 50, 33, 44, 50, 50, 50, 50, 50, 12, 50, 34, 26, 50, 50, 50, 50, 50, 50, 25, 32, 42, 50]
[0 0 0 0 0 0 0 0 0 0 0 0 0 0 0 0 0 0 0 0 0 0 0 0 0 0 0 0 0 0 0 0 0 0 0 0 0
 0 0 0 0 0 0 0 0 0 0 0 0 0 0 0 0 0 0 0 0 0 0 0 0 0 0 0 0 0 0 0 0 0 0 0 0 0
 0 0 0 0 0 0 0 0 0 0 0 0 0 0 0 0 0 0 0 0 0 0 0 0 0 0]
[1 1 1 1 1 1 1 1 1 1 1 1 1 1 1 1 1 1 1 1 1 1 1 1 1 1 1 1 1 1 1 1 1 1 1 1 1
 1 1 1 1 1 1 1 1 1 1 1 1 1 1 1 1 1 1 1 1 1 1 1 1 1 1 1 1 1 1 1 1 1 1 1 1 1
 1 1 1 1 1 1 1 1 1 1 1 1 1 1 1 1 1 1 1 1 1 1 1 1 1 1]
