[ 0  1  2  3  4  5  6  7  8  9 10 11 12 13 14 15 16 17 18 19 20 21 22 23
 24 25 26 27 28 29 30 31 32 33 34 35 36 37 38 39 40 41 42 43 44 45 46 47
 48 49 50 51 52 53 54 55 56 57 58 59 60 61 62 63 64 65 66 67 68 69 70 71
 72 73 74 75 76 77 78 79 80 81 82 83 84 85 86 87 88 89 90 91 92 93 94 95
 96 97 98 99]
[67 67 -1 31 58 19 -1 81 48 58  9 -1 14  6 -1 -1 39 91 39 -1 -1 -1 23 -1
 -1 64 73 12 35 86 -1 46 17 59 86 69 -1 36 82 23 25 34 78 71 -1 16  1 39
 77 88 26 21 -1 75 -1 87 84 29 63 22 98 -1 30 81  8 91 24 -1 -1 -1 -1 -1
 -1 -1 82 60 26 84 43 36 -1 -1 34 60 39 30 96 54 -1 39 19 48 -1 -1 61 50
 -1 -1 -1 89]
[0 0 1 1 1 1 1 0 0 1 1 1 0 0 0 0 0 0 1 1 0 0 0 1 1 1 0 0 1 0 0 0 1 0 0 0 0
 1 1 1 0 0 1 1 0 0 1 0 0 0 0 1 1 1 1 1 0 0 0 0 0 1 0 1 0 1 1 1 0 1 1 1 0 0
 1 1 0 0 0 0 0 0 0 0 1 0 1 0 0 1 1 1 1 1 1 0 0 1 1 1]
[1 2 0 2 0 3 0 0 0 0 4 4 2 1 0 4 0 0 0 0 0 1 0 0 0 3 3 1 4 0 0 0 3 1 4 2 0
 0 0 2 2 0 0 0 0 0 4 0 2 1 0 2 0 0 0 3 4 0 0 0 1 0 1 2 1 3 3 2 4 3 0 3 0 0
 0 1 0 4 0 3 0 0 1 4 0 2 2 4 2 1 0 0 1 3 0 0 0 0 0 0]
[1 2 0 2 0 3 0 0 0 0 4 4 2 1 0 4 0 0 0 0 0 1 0 0 0 3 3 1 4 0 0 0 3 1 4 2 0
 0 0 2 2 0 0 0 0 0 4 0 2 1 0 2 0 0 0 3 4 0 0 0 1 0 1 2 1 3 3 2 4 3 0 3 0 0
 0 1 0 4 0 3 0 0 1 4 0 2 2 4 2 1 0 0 1 3 0 0 0 0 0 0]
[9 8 5 1 8 7 1 6 7 3 1 3 3 7 7 1 8 5 8 1 3 4 3 3 6 1 9 7 4 1 6 5 8 5 5 4 4
 6 2 7 9 7 7 6 9 5 7 8 5 5 2 1 5 7 5 4 5 9 7 4 9 9 6 2 8 2 6 6 7 8 4 1 2 7
 2 9 7 1 1 5 2 1 4 6 9 5 4 4 5 4 9 4 3 3 4 7 9 9 6 1]
[9 8 5 1 8 7 1 6 7 3 1 3 3 7 7 1 8 5 8 1 3 4 3 3 6 1 9 7 4 1 6 5 8 5 5 4 4
 6 2 7 9 7 7 6 9 5 7 8 5 5 2 1 5 7 5 4 5 9 7 4 9 9 6 2 8 2 6 6 7 8 4 1 2 7
 2 9 7 1 1 5 2 1 4 6 9 5 4 4 5 4 9 4 3 3 4 7 9 9 6 1]
[50, 30, 38, 21, 30, 50, 50, 50, 50, 19, 14, 18, 33, 50, 32, 39, 43, 50, 50, 50, 36, 50, 50, 50, 50, 50, 42, 50, 50, 50, 50, 50, 33, 48, 50, 47, 24, 49, 32, 34, 34, 18, 26, 50, 39, 35, 50, 40, 50, 50, 50, 14, 50, 23, 48, 50, 50, 49, 50, 50, 15, 50, 50, 41, 50, 50, 21, 10, 11, 50, 50, 38, 20, 50, 50, 50, 50, 39, 50, 35, 13, 23, 48, 42, 50, 27, 50, 28, 31, 36, 19, 50, 50, 50, 50, 35, 19, 50, 22, 39]
[0 0 0 0 0 0 0 0 0 0 0 0 0 0 0 0 0 0 0 0 0 0 0 0 0 0 0 0 0 0 0 0 0 0 0 0 0
 0 0 0 0 0 0 0 0 0 0 0 0 0 0 0 0 0 0 0 0 0 0 0 0 0 0 0 0 0 0 0 0 0 0 0 0 0
 0 0 0 0 0 0 0 0 0 0 0 0 0 0 0 0 0 0 0 0 0 0 0 0 0 0]
[1 1 1 1 1 1 1 1 1 1 1 1 1 1 1 1 1 1 1 1 1 1 1 1 1 1 1 1 1 1 1 1 1 1 1 1 1
 1 1 1 1 1 1 1 1 1 1 1 1 1 1 1 1 1 1 1 1 1 1 1 1 1 1 1 1 1 1 1 1 1 1 1 1 1
 1 1 1 1 1 1 1 1 1 1 1 1 1 1 1 1 1 1 1 1 1 1 1 1 1 1]
