[ 0  1  2  3  4  5  6  7  8  9 10 11 12 13 14 15 16 17 18 19 20 21 22 23
 24 25 26 27 28 29 30 31 32 33 34 35 36 37 38 39 40 41 42 43 44 45 46 47
 48 49 50 51 52 53 54 55 56 57 58 59 60 61 62 63 64 65 66 67 68 69 70 71
 72 73 74 75 76 77 78 79 80 81 82 83 84 85 86 87 88 89 90 91 92 93 94 95
 96 97 98 99]
[ 9 70 63 -1 -1 -1 36 -1 -1 -1 89 -1 -1 82 -1 98 -1 45 -1 55 -1  9 75 72
 -1 72 37 -1 81 55 -1 56 12 -1 90 12 -1 -1 84 -1 69  1 82 77 18 -1 73 35
 87 -1 -1 69 -1 11 -1 -1 30 85 77  6  7 89 56 75  0 30 37 -1 43  7 52 -1
 -1 -1 39 -1 -1 51 13 41 43  1 -1 -1 -1 -1 21 -1 -1 -1 -1 88 -1 35 78 -1
 -1  3  8 17]
[0 0 0 1 0 1 0 0 1 1 0 0 1 1 0 0 1 0 1 1 1 0 1 0 0 1 0 0 1 1 1 0 0 0 0 0 1
 0 1 1 1 1 0 0 0 1 0 1 0 1 0 1 0 1 0 0 1 0 0 1 1 1 0 1 1 0 0 1 1 0 0 1 1 0
 1 1 0 1 1 1 1 0 0 0 1 0 0 0 0 1 0 1 1 1 1 0 0 1 0 1]
[0 4 0 1 3 2 2 0 0 2 3 3 1 3 0 0 1 2 2 1 0 0 4 0 4 0 4 0 0 0 1 0 1 0 0 0 0
 1 0 3 0 0 2 0 0 3 2 0 0 2 0 2 0 0 0 2 4 3 0 0 0 2 1 1 4 3 0 0 4 0 0 0 0 0
 0 4 1 3 0 0 4 0 0 4 2 0 0 1 1 0 0 0 1 1 0 1 3 0 0 3]
[0 4 0 1 3 2 2 0 0 2 3 3 1 3 0 0 1 2 2 1 0 0 4 0 4 0 4 0 0 0 1 0 1 0 0 0 0
 1 0 3 0 0 2 0 0 3 2 0 0 2 0 2 0 0 0 2 4 3 0 0 0 2 1 1 4 3 0 0 4 0 0 0 0 0
 0 4 1 3 0 0 4 0 0 4 2 0 0 1 1 0 0 0 1 1 0 1 3 0 0 3]
[4 4 6 8 6 6 8 9 2 1 1 8 1 4 2 8 6 1 3 1 9 1 1 1 4 3 6 7 2 2 7 2 8 6 9 8 8
 9 4 9 1 8 1 9 8 3 3 9 4 6 6 9 2 7 8 6 6 4 9 7 3 4 3 1 4 7 4 9 5 1 2 2 3 3
 5 6 8 5 3 1 7 8 7 3 7 9 9 7 7 6 7 6 5 4 8 6 3 9 3 9]
[4 4 6 8 6 6 8 9 2 1 1 8 1 4 2 8 6 1 3 1 9 1 1 1 4 3 6 7 2 2 7 2 8 6 9 8 8
 9 4 9 1 8 1 9 8 3 3 9 4 6 6 9 2 7 8 6 6 4 9 7 3 4 3 1 4 7 4 9 5 1 2 2 3 3
 5 6 8 5 3 1 7 8 7 3 7 9 9 7 7 6 7 6 5 4 8 6 3 9 3 9]
[32, 50, 50, 46, 50, 41, 32, 50, 50, 27, 22, 50, 32, 50, 50, 43, 35, 35, 44, 39, 12, 28, 17, 19, 50, 50, 32, 50, 22, 50, 48, 46, 47, 50, 50, 10, 50, 50, 38, 10, 50, 36, 30, 50, 19, 50, 20, 30, 50, 50, 46, 32, 50, 42, 28, 50, 50, 50, 25, 20, 50, 15, 50, 50, 46, 50, 50, 42, 31, 50, 29, 50, 32, 24, 31, 25, 50, 50, 50, 50, 30, 49, 50, 50, 50, 50, 16, 16, 28, 50, 33, 38, 50, 50, 50, 50, 50, 50, 50, 30]
[0 0 0 0 0 0 0 0 0 0 0 0 0 0 0 0 0 0 0 0 0 0 0 0 0 0 0 0 0 0 0 0 0 0 0 0 0
 0 0 0 0 0 0 0 0 0 0 0 0 0 0 0 0 0 0 0 0 0 0 0 0 0 0 0 0 0 0 0 0 0 0 0 0 0
 0 0 0 0 0 0 0 0 0 0 0 0 0 0 0 0 0 0 0 0 0 0 0 0 0 0]
[1 1 1 1 1 1 1 1 1 1 1 1 1 1 1 1 1 1 1 1 1 1 1 1 1 1 1 1 1 1 1 1 1 1 1 1 1
 1 1 1 1 1 1 1 1 1 1 1 1 1 1 1 1 1 1 1 1 1 1 1 1 1 1 1 1 1 1 1 1 1 1 1 1 1
 1 1 1 1 1 1 1 1 1 1 1 1 1 1 1 1 1 1 1 1 1 1 1 1 1 1]
