[ 0  1  2  3  4  5  6  7  8  9 10 11 12 13 14 15 16 17 18 19 20 21 22 23
 24 25 26 27 28 29 30 31 32 33 34 35 36 37 38 39 40 41 42 43 44 45 46 47
 48 49 50 51 52 53 54 55 56 57 58 59 60 61 62 63 64 65 66 67 68 69 70 71
 72 73 74 75 76 77 78 79 80 81 82 83 84 85 86 87 88 89 90 91 92 93 94 95
 96 97 98 99]
[68 -1 36 51 56 58 95 -1 23 -1 77 -1 46 41 27 58 53 33 -1 -1 68 -1  3 -1
 38 31 20 79 -1 -1 -1 -1 69 10 70  5 -1 54  8 -1 69 24 57 88 39 89 35 95
 98 -1 -1 -1 -1  9 80 -1 64 66 26 50 67 65 53 47 24 90 -1 63 59 84 88 70
 85 37 48 98 50 32 92 19 69 71 12 -1 -1 97 70 -1 99 10 67 22 95 58  7 26
 74 52 38  9]
[0 0 1 1 1 0 0 1 0 1 0 1 1 0 1 0 0 1 1 1 1 1 1 1 1 0 1 0 0 0 0 1 1 1 1 0 0
 0 0 0 0 0 1 1 1 0 0 1 0 0 0 0 0 0 0 1 1 0 0 0 1 1 1 1 0 1 0 1 0 1 0 0 0 1
 1 0 0 0 1 0 1 1 1 1 1 0 1 1 1 1 0 0 0 0 1 1 1 1 0 0]
[0 0 3 4 0 0 0 3 0 0 3 2 0 3 4 3 0 2 4 0 4 0 0 4 0 0 3 0 0 0 0 3 4 2 2 0 4
 0 0 4 0 3 0 0 2 2 0 3 4 2 0 0 0 4 0 2 3 1 4 0 2 2 0 0 2 0 2 0 0 1 0 0 4 0
 2 1 0 2 0 4 2 0 1 0 4 0 0 0 0 0 0 2 0 2 2 3 2 0 0 2]
[0 0 3 4 0 0 0 3 0 0 3 2 0 3 4 3 0 2 4 0 4 0 0 4 0 0 3 0 0 0 0 3 4 2 2 0 4
 0 0 4 0 3 0 0 2 2 0 3 4 2 0 0 0 4 0 2 3 1 4 0 2 2 0 0 2 0 2 0 0 1 0 0 4 0
 2 1 0 2 0 4 2 0 1 0 4 0 0 0 0 0 0 2 0 2 2 3 2 0 0 2]
[7 1 5 7 3 6 2 9 2 9 7 6 4 1 7 6 4 6 4 5 5 3 5 7 7 6 2 7 5 8 2 1 9 7 8 3 4
 5 7 8 6 9 7 5 4 2 7 3 3 7 1 5 8 4 3 1 9 3 4 8 3 1 1 4 8 5 9 1 5 8 2 6 4 1
 9 8 2 3 6 3 6 8 3 6 7 9 5 5 9 3 1 8 3 4 7 6 9 3 7 3]
[7 1 5 7 3 6 2 9 2 9 7 6 4 1 7 6 4 6 4 5 5 3 5 7 7 6 2 7 5 8 2 1 9 7 8 3 4
 5 7 8 6 9 7 5 4 2 7 3 3 7 1 5 8 4 3 1 9 3 4 8 3 1 1 4 8 5 9 1 5 8 2 6 4 1
 9 8 2 3 6 3 6 8 3 6 7 9 5 5 9 3 1 8 3 4 7 6 9 3 7 3]
[26, 13, 50, 28, 50, 13, 50, 50, 36, 48, 43, 50, 50, 50, 13, 22, 50, 48, 50, 50, 50, 31, 35, 50, 50, 50, 50, 50, 42, 23, 30, 25, 28, 21, 50, 50, 10, 50, 50, 50, 50, 50, 50, 50, 37, 47, 47, 50, 50, 50, 14, 50, 47, 50, 16, 12, 25, 47, 50, 50, 14, 24, 50, 50, 50, 35, 50, 50, 50, 50, 50, 18, 23, 44, 50, 50, 50, 50, 33, 36, 50, 48, 50, 50, 18, 22, 42, 18, 29, 23, 50, 22, 46, 25, 50, 50, 49, 12, 50, 42]
[0 0 0 0 0 0 0 0 0 0 0 0 0 0 0 0 0 0 0 0 0 0 0 0 0 0 0 0 0 0 0 0 0 0 0 0 0
 0 0 0 0 0 0 0 0 0 0 0 0 0 0 0 0 0 0 0 0 0 0 0 0 0 0 0 0 0 0 0 0 0 0 0 0 0
 0 0 0 0 0 0 0 0 0 0 0 0 0 0 0 0 0 0 0 0 0 0 0 0 0 0]
[1 1 1 1 1 1 1 1 1 1 1 1 1 1 1 1 1 1 1 1 1 1 1 1 1 1 1 1 1 1 1 1 1 1 1 1 1
 1 1 1 1 1 1 1 1 1 1 1 1 1 1 1 1 1 1 1 1 1 1 1 1 1 1 1 1 1 1 1 1 1 1 1 1 1
 1 1 1 1 1 1 1 1 1 1 1 1 1 1 1 1 1 1 1 1 1 1 1 1 1 1]
