[ 0  1  2  3  4  5  6  7  8  9 10 11 12 13 14 15 16 17 18 19 20 21 22 23
 24 25 26 27 28 29 30 31 32 33 34 35 36 37 38 39 40 41 42 43 44 45 46 47
 48 49 50 51 52 53 54 55 56 57 58 59 60 61 62 63 64 65 66 67 68 69 70 71
 72 73 74 75 76 77 78 79 80 81 82 83 84 85 86 87 88 89 90 91 92 93 94 95
 96 97 98 99]
[25 -1 64 -1 -1 -1  3 -1 -1 -1 -1  9 63 53 77  4 12  2 -1 50 49 -1 -1 22
 41 -1 73 49 93 12 56  3 46  3 -1 -1 -1 67 92  6 50 -1 51 16 12 -1 -1 38
 87 41 -1 29 80 35 -1 38 -1 19 -1 42 -1 95 -1 -1 -1 -1 17 -1  2 58 -1 45
 42 -1 -1  0 77  7 -1 54 29 40 -1 -1 -1 19 75 -1 -1 26 54 -1  2 92 98 96
 -1 99 32 -1]
[0 1 0 0 1 1 0 0 1 0 0 0 1 0 1 1 0 0 0 0 0 0 0 1 1 0 1 0 1 0 0 1 1 0 1 0 1
 1 0 1 1 1 1 1 1 0 1 0 1 0 1 0 1 0 1 0 1 1 0 1 0 1 1 1 0 1 0 0 0 1 0 0 0 1
 1 1 1 0 1 1 1 1 0 1 0 0 0 1 1 0 1 0 1 1 0 0 1 1 0 0]
[1 0 0 3 1 0 0 2 4 2 3 0 0 0 0 0 1 0 0 0 2 1 1 4 0 1 0 0 2 3 1 2 0 1 0 2 3
 1 3 3 0 3 3 0 3 3 0 0 0 2 0 0 1 0 4 0 0 0 0 0 0 0 0 0 3 4 0 0 0 0 0 0 2 1
 0 3 2 0 4 4 0 0 0 1 0 2 3 4 0 2 0 0 0 0 0 3 4 0 0 0]
[1 0 0 3 1 0 0 2 4 2 3 0 0 0 0 0 1 0 0 0 2 1 1 4 0 1 0 0 2 3 1 2 0 1 0 2 3
 1 3 3 0 3 3 0 3 3 0 0 0 2 0 0 1 0 4 0 0 0 0 0 0 0 0 0 3 4 0 0 0 0 0 0 2 1
 0 3 2 0 4 4 0 0 0 1 0 2 3 4 0 2 0 0 0 0 0 3 4 0 0 0]
[8 8 5 3 2 2 8 1 6 2 3 9 5 1 4 1 3 9 5 4 1 2 3 9 2 7 8 8 7 1 3 9 4 7 7 9 3
 8 8 1 2 7 2 8 6 6 1 5 6 7 3 6 2 7 4 8 9 8 7 4 3 5 7 5 2 1 5 8 8 5 6 4 5 8
 7 5 1 2 5 1 1 7 1 6 1 9 6 8 4 3 1 2 9 1 1 6 4 4 7 2]
[8 8 5 3 2 2 8 1 6 2 3 9 5 1 4 1 3 9 5 4 1 2 3 9 2 7 8 8 7 1 3 9 4 7 7 9 3
 8 8 1 2 7 2 8 6 6 1 5 6 7 3 6 2 7 4 8 9 8 7 4 3 5 7 5 2 1 5 8 8 5 6 4 5 8
 7 5 1 2 5 1 1 7 1 6 1 9 6 8 4 3 1 2 9 1 1 6 4 4 7 2]
[50, 24, 50, 18, 50, 50, 47, 29, 50, 40, 40, 16, 39, 22, 50, 10, 15, 50, 50, 50, 41, 47, 50, 50, 31, 40, 19, 28, 38, 50, 23, 50, 50, 50, 50, 50, 50, 50, 50, 50, 50, 39, 13, 15, 24, 50, 37, 50, 38, 50, 38, 50, 50, 42, 12, 50, 50, 35, 50, 40, 50, 50, 45, 50, 39, 50, 29, 50, 50, 50, 50, 50, 50, 50, 12, 50, 22, 30, 50, 34, 50, 26, 50, 14, 24, 50, 50, 50, 20, 29, 27, 50, 11, 50, 50, 48, 36, 41, 47, 16]
[0 0 0 0 0 0 0 0 0 0 0 0 0 0 0 0 0 0 0 0 0 0 0 0 0 0 0 0 0 0 0 0 0 0 0 0 0
 0 0 0 0 0 0 0 0 0 0 0 0 0 0 0 0 0 0 0 0 0 0 0 0 0 0 0 0 0 0 0 0 0 0 0 0 0
 0 0 0 0 0 0 0 0 0 0 0 0 0 0 0 0 0 0 0 0 0 0 0 0 0 0]
[1 1 1 1 1 1 1 1 1 1 1 1 1 1 1 1 1 1 1 1 1 1 1 1 1 1 1 1 1 1 1 1 1 1 1 1 1
 1 1 1 1 1 1 1 1 1 1 1 1 1 1 1 1 1 1 1 1 1 1 1 1 1 1 1 1 1 1 1 1 1 1 1 1 1
 1 1 1 1 1 1 1 1 1 1 1 1 1 1 1 1 1 1 1 1 1 1 1 1 1 1]
