[ 0  1  2  3  4  5  6  7  8  9 10 11 12 13 14 15 16 17 18 19 20 21 22 23
 24 25 26 27 28 29 30 31 32 33 34 35 36 37 38 39 40 41 42 43 44 45 46 47
 48 49 50 51 52 53 54 55 56 57 58 59 60 61 62 63 64 65 66 67 68 69 70 71
 72 73 74 75 76 77 78 79 80 81 82 83 84 85 86 87 88 89 90 91 92 93 94 95
 96 97 98 99]
[85 -1 33  1 -1 43 -1 47 -1 -1  1 -1 13 25 91 82 22 -1 16 26 90 -1 -1 -1
 -1 83 84 91  5 23 55 37 -1 87 46 -1 -1 77 -1 -1 58 39 -1 53 -1 63 -1 57
 76 33 84 22 65 16 19 -1 72 51 -1 46 34 60 66 27 -1 19 64 -1 43 27 35 37
 -1 -1 88 81 -1 63 19 -1 35 -1 -1 -1 69 -1 -1 82 -1 68 85 73 97 68 53 68
 50 11 93 84]
[0 1 1 1 0 1 0 1 1 1 0 1 1 0 0 1 0 0 1 1 1 1 1 1 0 0 1 1 1 1 1 1 1 0 1 0 1
 1 0 0 1 1 1 1 0 1 1 1 1 0 1 0 0 0 0 0 1 0 0 0 0 1 0 1 0 1 0 1 1 1 1 0 0 1
 0 0 0 1 1 1 1 0 1 1 0 0 1 1 0 0 1 0 0 1 0 0 0 1 1 1]
[1 0 0 4 3 0 4 0 1 0 0 0 4 0 0 0 4 3 3 4 1 1 3 4 0 0 2 0 0 0 2 0 1 3 3 0 0
 3 3 0 4 4 3 1 0 0 4 0 1 2 1 0 0 0 2 0 0 0 0 0 3 0 0 3 3 0 1 1 4 4 0 0 1 4
 0 1 0 0 0 0 3 2 0 0 4 2 2 0 4 0 0 0 1 0 2 1 0 0 0 2]
[1 0 0 4 3 0 4 0 1 0 0 0 4 0 0 0 4 3 3 4 1 1 3 4 0 0 2 0 0 0 2 0 1 3 3 0 0
 3 3 0 4 4 3 1 0 0 4 0 1 2 1 0 0 0 2 0 0 0 0 0 3 0 0 3 3 0 1 1 4 4 0 0 1 4
 0 1 0 0 0 0 3 2 0 0 4 2 2 0 4 0 0 0 1 0 2 1 0 0 0 2]
[3 3 8 3 8 5 9 1 1 5 2 3 5 7 7 9 2 5 8 5 9 7 8 5 8 1 8 2 8 8 1 9 4 9 6 3 4
 2 5 5 5 8 7 7 9 6 6 2 4 3 2 6 2 2 9 4 1 1 2 3 4 8 4 7 7 4 9 8 2 2 4 4 4 4
 8 9 7 3 4 1 4 7 3 3 2 9 3 1 5 4 2 7 3 1 2 4 3 1 2 2]
[3 3 8 3 8 5 9 1 1 5 2 3 5 7 7 9 2 5 8 5 9 7 8 5 8 1 8 2 8 8 1 9 4 9 6 3 4
 2 5 5 5 8 7 7 9 6 6 2 4 3 2 6 2 2 9 4 1 1 2 3 4 8 4 7 7 4 9 8 2 2 4 4 4 4
 8 9 7 3 4 1 4 7 3 3 2 9 3 1 5 4 2 7 3 1 2 4 3 1 2 2]
[29, 50, 50, 46, 32, 50, 50, 50, 28, 50, 46, 50, 31, 50, 15, 47, 50, 31, 19, 12, 50, 50, 31, 50, 50, 43, 46, 50, 25, 50, 37, 44, 50, 33, 50, 34, 50, 50, 50, 50, 36, 29, 44, 50, 44, 50, 50, 50, 32, 44, 50, 44, 50, 43, 30, 50, 12, 10, 50, 38, 50, 50, 50, 10, 42, 11, 42, 27, 14, 15, 50, 50, 13, 21, 41, 14, 17, 42, 50, 50, 44, 50, 50, 38, 50, 21, 49, 49, 50, 41, 42, 50, 29, 23, 50, 43, 49, 48, 30, 50]
[0 0 0 0 0 0 0 0 0 0 0 0 0 0 0 0 0 0 0 0 0 0 0 0 0 0 0 0 0 0 0 0 0 0 0 0 0
 0 0 0 0 0 0 0 0 0 0 0 0 0 0 0 0 0 0 0 0 0 0 0 0 0 0 0 0 0 0 0 0 0 0 0 0 0
 0 0 0 0 0 0 0 0 0 0 0 0 0 0 0 0 0 0 0 0 0 0 0 0 0 0]
[1 1 1 1 1 1 1 1 1 1 1 1 1 1 1 1 1 1 1 1 1 1 1 1 1 1 1 1 1 1 1 1 1 1 1 1 1
 1 1 1 1 1 1 1 1 1 1 1 1 1 1 1 1 1 1 1 1 1 1 1 1 1 1 1 1 1 1 1 1 1 1 1 1 1
 1 1 1 1 1 1 1 1 1 1 1 1 1 1 1 1 1 1 1 1 1 1 1 1 1 1]
