[ 0  1  2  3  4  5  6  7  8  9 10 11 12 13 14 15 16 17 18 19 20 21 22 23
 24 25 26 27 28 29 30 31 32 33 34 35 36 37 38 39 40 41 42 43 44 45 46 47
 48 49 50 51 52 53 54 55 56 57 58 59 60 61 62 63 64 65 66 67 68 69 70 71
 72 73 74 75 76 77 78 79 80 81 82 83 84 85 86 87 88 89 90 91 92 93 94 95
 96 97 98 99]
[91 11 65 -1  9 -1 35 -1 -1 37 -1 56 75 -1 -1 55 -1 -1 -1 -1 54 94 -1 -1
 -1 65  6 -1 33 -1 -1 -1 42 71 88 16 -1 -1 -1 31 93 32 95  0 54 64 39 -1
 65 -1  0 91 66 19 -1 -1 16 -1 84 -1 33 -1 -1 -1 37 84 45 20 42 -1 73 -1
 82 -1 -1 66 91 98 29 -1 37  9 -1 17 72 54 79 24 81 11 -1 75 31 11 44 25
 -1 90 56  2]
[1 1 1 1 1 0 1 1 1 0 0 0 1 0 0 1 0 0 1 1 1 0 0 0 0 0 1 1 0 1 0 0 1 1 0 1 1
 1 0 0 0 1 0 0 0 0 0 1 1 0 0 1 0 1 0 1 0 1 1 1 0 1 1 1 1 1 1 0 0 1 1 1 1 0
 0 1 0 0 1 1 0 1 1 0 1 1 0 1 1 0 0 1 0 1 0 1 1 1 1 1]
[0 4 4 3 0 0 2 3 0 1 4 0 0 0 3 2 0 0 0 0 3 0 4 3 0 2 1 3 0 3 0 0 0 0 3 1 4
 1 0 1 2 1 4 0 0 0 2 0 0 0 3 1 3 2 0 2 0 2 0 2 2 2 0 2 0 0 0 2 0 4 0 0 4 0
 0 0 0 2 0 0 4 0 0 4 4 0 2 0 0 0 0 3 4 1 0 0 4 1 0 4]
[0 4 4 3 0 0 2 3 0 1 4 0 0 0 3 2 0 0 0 0 3 0 4 3 0 2 1 3 0 3 0 0 0 0 3 1 4
 1 0 1 2 1 4 0 0 0 2 0 0 0 3 1 3 2 0 2 0 2 0 2 2 2 0 2 0 0 0 2 0 4 0 0 4 0
 0 0 0 2 0 0 4 0 0 4 4 0 2 0 0 0 0 3 4 1 0 0 4 1 0 4]
[1 1 6 8 9 4 7 5 6 3 5 8 3 2 9 9 5 8 4 7 1 7 5 1 2 3 2 1 6 2 4 5 9 5 8 7 6
 1 3 1 2 6 6 2 9 2 7 9 9 4 4 8 7 8 4 3 3 9 5 8 3 9 3 3 2 2 8 7 8 3 7 4 9 8
 9 3 6 1 8 2 1 5 3 7 3 9 3 1 7 5 1 2 2 7 7 6 9 1 4 5]
[1 1 6 8 9 4 7 5 6 3 5 8 3 2 9 9 5 8 4 7 1 7 5 1 2 3 2 1 6 2 4 5 9 5 8 7 6
 1 3 1 2 6 6 2 9 2 7 9 9 4 4 8 7 8 4 3 3 9 5 8 3 9 3 3 2 2 8 7 8 3 7 4 9 8
 9 3 6 1 8 2 1 5 3 7 3 9 3 1 7 5 1 2 2 7 7 6 9 1 4 5]
[36, 50, 28, 50, 46, 50, 15, 46, 20, 48, 30, 50, 50, 15, 50, 50, 16, 50, 50, 50, 50, 50, 47, 17, 42, 49, 50, 50, 31, 39, 49, 50, 50, 48, 50, 50, 50, 50, 50, 50, 50, 47, 26, 34, 39, 50, 28, 44, 35, 11, 11, 12, 50, 32, 50, 23, 50, 50, 50, 19, 50, 31, 48, 50, 43, 50, 26, 26, 11, 50, 50, 50, 10, 33, 50, 50, 50, 50, 42, 41, 50, 27, 50, 25, 50, 32, 13, 50, 27, 11, 50, 50, 20, 38, 50, 13, 50, 50, 50, 50]
[0 0 0 0 0 0 0 0 0 0 0 0 0 0 0 0 0 0 0 0 0 0 0 0 0 0 0 0 0 0 0 0 0 0 0 0 0
 0 0 0 0 0 0 0 0 0 0 0 0 0 0 0 0 0 0 0 0 0 0 0 0 0 0 0 0 0 0 0 0 0 0 0 0 0
 0 0 0 0 0 0 0 0 0 0 0 0 0 0 0 0 0 0 0 0 0 0 0 0 0 0]
[1 1 1 1 1 1 1 1 1 1 1 1 1 1 1 1 1 1 1 1 1 1 1 1 1 1 1 1 1 1 1 1 1 1 1 1 1
 1 1 1 1 1 1 1 1 1 1 1 1 1 1 1 1 1 1 1 1 1 1 1 1 1 1 1 1 1 1 1 1 1 1 1 1 1
 1 1 1 1 1 1 1 1 1 1 1 1 1 1 1 1 1 1 1 1 1 1 1 1 1 1]
