[ 0  1  2  3  4  5  6  7  8  9 10 11 12 13 14 15 16 17 18 19 20 21 22 23
 24 25 26 27 28 29 30 31 32 33 34 35 36 37 38 39 40 41 42 43 44 45 46 47
 48 49 50 51 52 53 54 55 56 57 58 59 60 61 62 63 64 65 66 67 68 69 70 71
 72 73 74 75 76 77 78 79 80 81 82 83 84 85 86 87 88 89 90 91 92 93 94 95
 96 97 98 99]
[17 17 53 -1 -1 -1 85 -1 -1  2 84 -1 87 -1 22 17 -1 98 -1 -1 17 34 30 34
 -1 85 12 97 63 22 50 -1  0 35 86 20 64 96 32 -1 -1  6 -1  9 -1  4 73 80
 43 83 26 70 -1 45 21 -1 28 27 62 32 82 18 -1 -1 79 -1 -1 54 -1 -1 61 15
 -1 68 71 34 57 41 70 68 67 33 54 45  7 -1 97 -1 50 62 55 -1 32 -1 29 -1
 39 -1 84 14]
[1 1 1 0 1 0 1 1 0 0 0 0 0 0 0 1 0 1 1 0 0 0 0 0 1 1 0 1 0 0 1 0 0 0 1 0 1
 0 0 1 1 0 1 1 1 1 1 1 0 1 0 0 0 1 0 0 0 0 0 1 0 1 1 1 0 1 1 0 0 1 1 0 0 1
 1 1 0 1 1 1 0 0 1 1 0 1 0 1 0 0 1 0 0 0 1 1 1 1 0 1]
[3 0 3 2 0 0 4 1 1 1 4 0 3 4 1 0 0 0 0 2 4 3 0 0 0 0 1 3 4 0 2 4 2 2 0 0 4
 3 2 4 0 0 0 0 0 0 1 3 4 0 1 0 3 0 3 4 2 0 0 0 1 0 4 0 0 0 1 0 0 3 1 2 0 0
 4 3 0 0 0 0 4 2 4 0 2 4 0 0 0 0 0 0 4 2 1 0 1 3 0 0]
[3 0 3 2 0 0 4 1 1 1 4 0 3 4 1 0 0 0 0 2 4 3 0 0 0 0 1 3 4 0 2 4 2 2 0 0 4
 3 2 4 0 0 0 0 0 0 1 3 4 0 1 0 3 0 3 4 2 0 0 0 1 0 4 0 0 0 1 0 0 3 1 2 0 0
 4 3 0 0 0 0 4 2 4 0 2 4 0 0 0 0 0 0 4 2 1 0 1 3 0 0]
[3 2 1 7 5 6 6 1 2 3 2 4 2 2 7 4 9 8 9 2 6 1 6 9 7 3 4 9 7 7 1 6 4 5 1 8 2
 9 8 4 2 1 6 5 8 9 2 5 9 7 8 6 1 4 1 7 2 8 4 3 8 7 8 7 8 9 8 9 9 6 2 2 6 4
 6 9 1 9 7 2 7 3 3 2 9 5 4 1 3 5 1 8 1 7 5 7 2 9 4 9]
[3 2 1 7 5 6 6 1 2 3 2 4 2 2 7 4 9 8 9 2 6 1 6 9 7 3 4 9 7 7 1 6 4 5 1 8 2
 9 8 4 2 1 6 5 8 9 2 5 9 7 8 6 1 4 1 7 2 8 4 3 8 7 8 7 8 9 8 9 9 6 2 2 6 4
 6 9 1 9 7 2 7 3 3 2 9 5 4 1 3 5 1 8 1 7 5 7 2 9 4 9]
[31, 50, 50, 27, 50, 20, 50, 50, 22, 10, 50, 12, 10, 50, 50, 50, 41, 50, 50, 50, 22, 50, 49, 50, 45, 50, 50, 29, 50, 50, 50, 20, 42, 36, 50, 50, 41, 32, 50, 19, 50, 50, 50, 11, 45, 32, 39, 27, 32, 50, 48, 18, 50, 50, 50, 50, 50, 17, 26, 34, 50, 10, 14, 50, 38, 49, 41, 50, 43, 50, 50, 50, 50, 50, 50, 50, 24, 20, 50, 49, 27, 46, 50, 21, 50, 50, 50, 31, 50, 50, 30, 47, 25, 13, 22, 50, 50, 50, 27, 36]
[0 0 0 0 0 0 0 0 0 0 0 0 0 0 0 0 0 0 0 0 0 0 0 0 0 0 0 0 0 0 0 0 0 0 0 0 0
 0 0 0 0 0 0 0 0 0 0 0 0 0 0 0 0 0 0 0 0 0 0 0 0 0 0 0 0 0 0 0 0 0 0 0 0 0
 0 0 0 0 0 0 0 0 0 0 0 0 0 0 0 0 0 0 0 0 0 0 0 0 0 0]
[1 1 1 1 1 1 1 1 1 1 1 1 1 1 1 1 1 1 1 1 1 1 1 1 1 1 1 1 1 1 1 1 1 1 1 1 1
 1 1 1 1 1 1 1 1 1 1 1 1 1 1 1 1 1 1 1 1 1 1 1 1 1 1 1 1 1 1 1 1 1 1 1 1 1
 1 1 1 1 1 1 1 1 1 1 1 1 1 1 1 1 1 1 1 1 1 1 1 1 1 1]
