[ 0  1  2  3  4  5  6  7  8  9 10 11 12 13 14 15 16 17 18 19 20 21 22 23
 24 25 26 27 28 29 30 31 32 33 34 35 36 37 38 39 40 41 42 43 44 45 46 47
 48 49 50 51 52 53 54 55 56 57 58 59 60 61 62 63 64 65 66 67 68 69 70 71
 72 73 74 75 76 77 78 79 80 81 82 83 84 85 86 87 88 89 90 91 92 93 94 95
 96 97 98 99]
[61  3 -1 45 59 -1 37 63 50 48  3 -1 -1 81 15 -1 92 -1 -1 75 -1 80 35 -1
 -1 43 -1 -1  4 66 75 -1  8 -1 -1 18 -1 95 -1 -1 98 11  3 70 -1 47 25 79
 52 23 88  8 -1 -1 -1 22  6 38 -1 -1 81 -1 72 -1 39  3 62 91 -1 82 38 52
 -1 22 -1 13 -1 50 60 75  3 32 24 -1 98 63 27 -1 -1 96  1 22 53 -1 -1 58
 16 -1 -1 25]
[1 0 0 1 0 0 1 0 0 1 0 1 0 1 0 0 0 1 1 1 0 1 0 0 1 0 1 0 0 1 1 0 0 1 1 1 1
 1 1 0 1 1 0 0 0 1 1 0 0 0 1 1 1 0 0 1 0 1 1 0 1 1 1 1 0 0 0 1 0 1 1 0 1 0
 1 0 1 0 0 0 1 1 0 0 1 1 0 0 1 1 1 1 0 1 0 0 0 1 0 1]
[0 0 0 3 0 0 3 0 3 0 4 0 2 1 2 0 1 0 0 4 1 0 0 3 0 0 3 0 4 2 4 0 0 0 1 0 0
 0 0 2 4 3 4 1 0 2 4 0 2 3 0 4 0 0 0 2 0 0 0 3 1 0 0 0 3 0 0 0 2 3 0 2 0 3
 4 4 1 0 0 0 0 0 0 2 4 0 0 0 1 1 1 3 4 0 0 0 0 2 4 0]
[0 0 0 3 0 0 3 0 3 0 4 0 2 1 2 0 1 0 0 4 1 0 0 3 0 0 3 0 4 2 4 0 0 0 1 0 0
 0 0 2 4 3 4 1 0 2 4 0 2 3 0 4 0 0 0 2 0 0 0 3 1 0 0 0 3 0 0 0 2 3 0 2 0 3
 4 4 1 0 0 0 0 0 0 2 4 0 0 0 1 1 1 3 4 0 0 0 0 2 4 0]
[7 7 1 5 3 9 1 4 1 6 1 1 6 5 4 3 4 3 6 9 4 3 4 8 6 6 9 3 1 4 7 1 5 7 1 7 7
 9 8 8 4 6 6 2 3 8 3 4 2 4 3 9 4 6 2 7 2 9 4 3 9 9 2 1 7 3 7 3 2 3 7 6 8 4
 6 2 1 8 3 3 2 1 9 1 8 6 2 5 6 6 4 8 1 8 9 6 3 2 7 3]
[7 7 1 5 3 9 1 4 1 6 1 1 6 5 4 3 4 3 6 9 4 3 4 8 6 6 9 3 1 4 7 1 5 7 1 7 7
 9 8 8 4 6 6 2 3 8 3 4 2 4 3 9 4 6 2 7 2 9 4 3 9 9 2 1 7 3 7 3 2 3 7 6 8 4
 6 2 1 8 3 3 2 1 9 1 8 6 2 5 6 6 4 8 1 8 9 6 3 2 7 3]
[50, 50, 50, 48, 50, 50, 48, 50, 27, 18, 50, 49, 50, 50, 32, 50, 31, 50, 50, 30, 50, 42, 27, 50, 50, 15, 31, 26, 31, 50, 23, 50, 25, 50, 22, 50, 34, 50, 50, 50, 50, 35, 50, 50, 12, 22, 50, 39, 25, 50, 10, 38, 42, 50, 28, 50, 50, 50, 50, 30, 30, 42, 50, 39, 19, 50, 34, 39, 14, 50, 50, 18, 50, 37, 21, 27, 50, 50, 24, 50, 23, 50, 17, 50, 29, 23, 50, 50, 50, 35, 31, 43, 50, 50, 36, 50, 44, 35, 50, 50]
[0 0 0 0 0 0 0 0 0 0 0 0 0 0 0 0 0 0 0 0 0 0 0 0 0 0 0 0 0 0 0 0 0 0 0 0 0
 0 0 0 0 0 0 0 0 0 0 0 0 0 0 0 0 0 0 0 0 0 0 0 0 0 0 0 0 0 0 0 0 0 0 0 0 0
 0 0 0 0 0 0 0 0 0 0 0 0 0 0 0 0 0 0 0 0 0 0 0 0 0 0]
[1 1 1 1 1 1 1 1 1 1 1 1 1 1 1 1 1 1 1 1 1 1 1 1 1 1 1 1 1 1 1 1 1 1 1 1 1
 1 1 1 1 1 1 1 1 1 1 1 1 1 1 1 1 1 1 1 1 1 1 1 1 1 1 1 1 1 1 1 1 1 1 1 1 1
 1 1 1 1 1 1 1 1 1 1 1 1 1 1 1 1 1 1 1 1 1 1 1 1 1 1]
