[ 0  1  2  3  4  5  6  7  8  9 10 11 12 13 14 15 16 17 18 19 20 21 22 23
 24 25 26 27 28 29 30 31 32 33 34 35 36 37 38 39 40 41 42 43 44 45 46 47
 48 49 50 51 52 53 54 55 56 57 58 59 60 61 62 63 64 65 66 67 68 69 70 71
 72 73 74 75 76 77 78 79 80 81 82 83 84 85 86 87 88 89 90 91 92 93 94 95
 96 97 98 99]
[83 -1 -1 -1 81 47 47  1 60 70 -1  9 67 -1 -1 -1 -1 -1 24 -1 74  0 -1 -1
 37 87 -1 -1 -1 90 69 30 28 28 -1 80 -1 -1 49 -1 -1  9 44 -1 -1 -1 -1 81
 -1 -1 -1 -1 -1 90 48 -1 85 -1 27 80 38 48 23 52 -1 -1 33 97 34 97 77 -1
 30 78 40 28 86 78 48 -1 98 -1 -1 96 58 25 -1 -1 62 -1 23 24 -1  1 70 67
  6 92 57 73]
[1 1 1 0 1 1 0 0 1 0 0 0 0 1 0 1 1 0 1 1 1 0 1 0 0 0 1 1 1 0 1 0 1 0 1 0 1
 0 0 0 1 0 0 1 1 0 1 1 1 1 1 1 0 0 0 0 1 1 1 1 0 0 1 0 0 0 0 1 0 0 0 1 1 0
 1 0 1 0 0 0 0 1 1 1 1 1 1 1 0 0 1 0 0 1 0 1 1 1 1 0]
[0 4 2 0 0 0 2 0 0 0 0 1 2 0 4 3 0 1 3 0 0 3 0 1 4 4 1 2 1 3 0 1 1 3 0 0 3
 1 2 2 0 0 4 0 2 0 1 3 0 1 0 2 0 1 3 0 2 4 0 0 3 2 0 4 2 3 0 0 0 1 0 0 4 0
 4 0 0 4 2 2 0 1 1 0 0 0 2 1 4 0 0 0 4 0 1 0 4 0 1 4]
[0 4 2 0 0 0 2 0 0 0 0 1 2 0 4 3 0 1 3 0 0 3 0 1 4 4 1 2 1 3 0 1 1 3 0 0 3
 1 2 2 0 0 4 0 2 0 1 3 0 1 0 2 0 1 3 0 2 4 0 0 3 2 0 4 2 3 0 0 0 1 0 0 4 0
 4 0 0 4 2 2 0 1 1 0 0 0 2 1 4 0 0 0 4 0 1 0 4 0 1 4]
[5 4 7 1 1 2 1 3 8 4 6 8 3 9 4 2 4 2 5 6 5 4 1 5 3 8 8 3 5 5 8 6 9 4 7 5 9
 2 2 7 7 6 3 7 4 9 2 8 1 1 2 6 6 8 3 4 8 5 5 1 6 1 7 4 7 8 8 5 8 3 8 5 1 6
 7 4 7 2 4 8 7 1 1 3 2 4 7 4 1 5 5 2 8 7 1 9 9 1 7 7]
[5 4 7 1 1 2 1 3 8 4 6 8 3 9 4 2 4 2 5 6 5 4 1 5 3 8 8 3 5 5 8 6 9 4 7 5 9
 2 2 7 7 6 3 7 4 9 2 8 1 1 2 6 6 8 3 4 8 5 5 1 6 1 7 4 7 8 8 5 8 3 8 5 1 6
 7 4 7 2 4 8 7 1 1 3 2 4 7 4 1 5 5 2 8 7 1 9 9 1 7 7]
[50, 50, 50, 35, 29, 50, 12, 31, 50, 50, 48, 50, 50, 18, 50, 50, 48, 50, 50, 50, 50, 14, 50, 20, 34, 50, 22, 50, 18, 11, 50, 50, 50, 38, 50, 33, 11, 50, 48, 16, 43, 50, 50, 50, 50, 49, 50, 50, 50, 50, 50, 50, 50, 29, 50, 14, 13, 32, 50, 50, 50, 20, 42, 44, 18, 38, 37, 44, 50, 50, 50, 50, 50, 50, 50, 14, 14, 21, 50, 15, 31, 12, 45, 38, 34, 50, 50, 50, 50, 12, 23, 50, 27, 10, 45, 50, 50, 50, 50, 50]
[0 0 0 0 0 0 0 0 0 0 0 0 0 0 0 0 0 0 0 0 0 0 0 0 0 0 0 0 0 0 0 0 0 0 0 0 0
 0 0 0 0 0 0 0 0 0 0 0 0 0 0 0 0 0 0 0 0 0 0 0 0 0 0 0 0 0 0 0 0 0 0 0 0 0
 0 0 0 0 0 0 0 0 0 0 0 0 0 0 0 0 0 0 0 0 0 0 0 0 0 0]
[1 1 1 1 1 1 1 1 1 1 1 1 1 1 1 1 1 1 1 1 1 1 1 1 1 1 1 1 1 1 1 1 1 1 1 1 1
 1 1 1 1 1 1 1 1 1 1 1 1 1 1 1 1 1 1 1 1 1 1 1 1 1 1 1 1 1 1 1 1 1 1 1 1 1
 1 1 1 1 1 1 1 1 1 1 1 1 1 1 1 1 1 1 1 1 1 1 1 1 1 1]
