[ 0  1  2  3  4  5  6  7  8  9 10 11 12 13 14 15 16 17 18 19 20 21 22 23
 24 25 26 27 28 29 30 31 32 33 34 35 36 37 38 39 40 41 42 43 44 45 46 47
 48 49 50 51 52 53 54 55 56 57 58 59 60 61 62 63 64 65 66 67 68 69 70 71
 72 73 74 75 76 77 78 79 80 81 82 83 84 85 86 87 88 89 90 91 92 93 94 95
 96 97 98 99]
[-1 78 42 -1 80 -1 -1 49 -1 -1 26 13 -1 74 96  2 23 92 -1 40 70 -1 24 58
  5 68 -1 -1 -1 85  3  0 41 92 40 71 59 57 10  3 27  3 80 98 54 72 58 -1
 54 34 83 82 80 41 61 71 -1 -1 43 -1 -1 75 -1 14 88  5 -1 -1 -1 72 -1  1
 39 15 61 -1 40 -1 -1 -1 60 -1 -1 84 71 39 -1 -1 67 -1  1 42 72  3 -1 87
 -1 22 66 42]
[0 1 1 0 1 1 0 1 0 1 1 0 1 1 1 1 0 0 0 0 1 1 1 1 0 1 1 1 0 0 1 1 0 0 0 1 1
 1 1 0 0 1 1 1 0 1 1 1 0 1 0 0 0 1 1 0 1 0 0 1 0 1 0 1 0 0 1 1 0 1 1 1 1 1
 1 0 0 0 0 1 0 0 1 0 0 0 0 1 0 1 1 1 1 1 0 0 0 1 0 0]
[0 0 1 0 0 3 1 1 3 3 4 0 0 3 1 3 2 0 0 2 4 4 0 3 0 0 3 4 3 0 2 0 3 0 2 4 0
 0 1 0 0 0 3 0 2 0 0 0 1 1 4 0 3 0 3 2 0 2 0 4 2 0 4 0 0 0 0 0 0 0 4 4 0 0
 1 4 0 4 4 3 2 0 1 2 0 0 0 0 0 4 4 1 0 0 2 1 1 2 4 0]
[0 0 1 0 0 3 1 1 3 3 4 0 0 3 1 3 2 0 0 2 4 4 0 3 0 0 3 4 3 0 2 0 3 0 2 4 0
 0 1 0 0 0 3 0 2 0 0 0 1 1 4 0 3 0 3 2 0 2 0 4 2 0 4 0 0 0 0 0 0 0 4 4 0 0
 1 4 0 4 4 3 2 0 1 2 0 0 0 0 0 4 4 1 0 0 2 1 1 2 4 0]
[1 2 9 5 5 9 5 6 4 9 6 7 2 9 5 5 2 3 8 1 9 9 8 1 5 7 9 8 2 4 3 1 8 8 4 6 2
 1 9 7 4 6 2 5 5 1 7 6 4 4 4 2 3 4 1 4 5 5 9 3 1 6 5 2 5 6 3 6 4 2 8 2 1 3
 5 5 4 2 2 7 5 7 3 2 8 8 7 8 8 5 4 3 8 3 6 3 9 9 5 8]
[1 2 9 5 5 9 5 6 4 9 6 7 2 9 5 5 2 3 8 1 9 9 8 1 5 7 9 8 2 4 3 1 8 8 4 6 2
 1 9 7 4 6 2 5 5 1 7 6 4 4 4 2 3 4 1 4 5 5 9 3 1 6 5 2 5 6 3 6 4 2 8 2 1 3
 5 5 4 2 2 7 5 7 3 2 8 8 7 8 8 5 4 3 8 3 6 3 9 9 5 8]
[34, 50, 50, 36, 50, 40, 16, 50, 48, 45, 50, 19, 50, 50, 50, 50, 50, 39, 50, 12, 30, 37, 11, 42, 26, 13, 50, 37, 50, 29, 47, 19, 15, 50, 49, 41, 39, 50, 50, 50, 41, 50, 35, 50, 50, 50, 50, 50, 50, 23, 50, 27, 33, 50, 50, 50, 41, 31, 50, 22, 50, 34, 50, 50, 50, 50, 50, 48, 17, 50, 50, 50, 50, 42, 23, 15, 50, 50, 33, 50, 29, 50, 50, 39, 25, 49, 43, 13, 50, 38, 36, 46, 39, 50, 40, 17, 13, 21, 50, 13]
[0 0 0 0 0 0 0 0 0 0 0 0 0 0 0 0 0 0 0 0 0 0 0 0 0 0 0 0 0 0 0 0 0 0 0 0 0
 0 0 0 0 0 0 0 0 0 0 0 0 0 0 0 0 0 0 0 0 0 0 0 0 0 0 0 0 0 0 0 0 0 0 0 0 0
 0 0 0 0 0 0 0 0 0 0 0 0 0 0 0 0 0 0 0 0 0 0 0 0 0 0]
[1 1 1 1 1 1 1 1 1 1 1 1 1 1 1 1 1 1 1 1 1 1 1 1 1 1 1 1 1 1 1 1 1 1 1 1 1
 1 1 1 1 1 1 1 1 1 1 1 1 1 1 1 1 1 1 1 1 1 1 1 1 1 1 1 1 1 1 1 1 1 1 1 1 1
 1 1 1 1 1 1 1 1 1 1 1 1 1 1 1 1 1 1 1 1 1 1 1 1 1 1]
