[ 0  1  2  3  4  5  6  7  8  9 10 11 12 13 14 15 16 17 18 19 20 21 22 23
 24 25 26 27 28 29 30 31 32 33 34 35 36 37 38 39 40 41 42 43 44 45 46 47
 48 49 50 51 52 53 54 55 56 57 58 59 60 61 62 63 64 65 66 67 68 69 70 71
 72 73 74 75 76 77 78 79 80 81 82 83 84 85 86 87 88 89 90 91 92 93 94 95
 96 97 98 99]
[22 66 -1 22 32 -1 23 -1 -1 -1 78 20 -1 -1 41 96 -1 99 62 -1 49 73 34 -1
 44 -1 -1  8 -1 94 -1 -1 63 -1 -1 10 38 96 39 -1 60 98  0 82 69 85 -1 76
 -1 -1 25 56 -1 47 90 12 93 13 49 -1  1 91 31 19 -1 -1 46 68 -1 91 -1 40
 24 74 93 48 -1 -1 88 68 -1 -1 -1 28 81 25 -1  3 20 18 35 -1 51 59 61 69
 -1 -1 -1 64]
[1 0 0 1 1 0 0 0 1 1 0 0 1 0 0 0 0 1 1 0 1 0 0 1 0 0 0 0 0 1 0 0 1 1 0 0 0
 0 0 1 0 0 0 0 0 1 0 1 0 0 1 1 0 1 0 0 1 1 1 0 1 1 1 1 1 0 1 0 1 0 0 1 1 1
 0 1 1 1 1 0 1 0 1 1 0 1 1 0 1 1 1 0 0 0 0 1 0 1 0 1]
[1 0 1 0 4 2 3 0 0 0 0 3 0 3 0 0 0 0 4 0 1 0 0 4 0 0 0 3 0 0 0 0 2 2 4 3 1
 3 3 0 2 3 0 2 3 1 3 1 0 0 2 3 2 3 0 0 4 4 0 0 0 3 0 3 0 2 0 0 0 1 0 4 0 2
 1 0 0 0 3 0 0 1 0 2 3 2 0 0 3 0 0 2 0 0 4 0 3 4 0 4]
[1 0 1 0 4 2 3 0 0 0 0 3 0 3 0 0 0 0 4 0 1 0 0 4 0 0 0 3 0 0 0 0 2 2 4 3 1
 3 3 0 2 3 0 2 3 1 3 1 0 0 2 3 2 3 0 0 4 4 0 0 0 3 0 3 0 2 0 0 0 1 0 4 0 2
 1 0 0 0 3 0 0 1 0 2 3 2 0 0 3 0 0 2 0 0 4 0 3 4 0 4]
[7 8 9 3 2 8 1 5 9 5 5 1 4 3 5 8 4 3 6 8 8 6 7 4 9 7 8 9 6 3 7 5 9 8 1 1 5
 6 6 4 7 3 4 3 5 8 7 9 6 7 8 8 8 8 4 7 5 9 3 5 6 5 8 2 7 3 6 1 4 4 9 1 2 7
 3 3 8 6 6 1 5 1 7 8 5 1 1 9 9 1 7 4 4 7 7 3 4 7 1 8]
[7 8 9 3 2 8 1 5 9 5 5 1 4 3 5 8 4 3 6 8 8 6 7 4 9 7 8 9 6 3 7 5 9 8 1 1 5
 6 6 4 7 3 4 3 5 8 7 9 6 7 8 8 8 8 4 7 5 9 3 5 6 5 8 2 7 3 6 1 4 4 9 1 2 7
 3 3 8 6 6 1 5 1 7 8 5 1 1 9 9 1 7 4 4 7 7 3 4 7 1 8]
[32, 50, 50, 50, 23, 50, 50, 25, 46, 18, 19, 19, 48, 50, 50, 29, 50, 50, 50, 50, 50, 43, 50, 50, 22, 43, 28, 48, 26, 50, 50, 50, 18, 50, 50, 50, 50, 50, 50, 50, 27, 50, 21, 50, 50, 50, 19, 27, 14, 15, 50, 18, 50, 50, 46, 50, 50, 50, 50, 50, 41, 41, 46, 50, 50, 14, 36, 50, 50, 14, 31, 50, 45, 45, 24, 50, 50, 19, 50, 10, 25, 50, 31, 50, 38, 32, 10, 50, 50, 12, 50, 50, 44, 50, 50, 10, 50, 33, 50, 25]
[0 0 0 0 0 0 0 0 0 0 0 0 0 0 0 0 0 0 0 0 0 0 0 0 0 0 0 0 0 0 0 0 0 0 0 0 0
 0 0 0 0 0 0 0 0 0 0 0 0 0 0 0 0 0 0 0 0 0 0 0 0 0 0 0 0 0 0 0 0 0 0 0 0 0
 0 0 0 0 0 0 0 0 0 0 0 0 0 0 0 0 0 0 0 0 0 0 0 0 0 0]
[1 1 1 1 1 1 1 1 1 1 1 1 1 1 1 1 1 1 1 1 1 1 1 1 1 1 1 1 1 1 1 1 1 1 1 1 1
 1 1 1 1 1 1 1 1 1 1 1 1 1 1 1 1 1 1 1 1 1 1 1 1 1 1 1 1 1 1 1 1 1 1 1 1 1
 1 1 1 1 1 1 1 1 1 1 1 1 1 1 1 1 1 1 1 1 1 1 1 1 1 1]
