[ 0  1  2  3  4  5  6  7  8  9 10 11 12 13 14 15 16 17 18 19 20 21 22 23
 24 25 26 27 28 29 30 31 32 33 34 35 36 37 38 39 40 41 42 43 44 45 46 47
 48 49 50 51 52 53 54 55 56 57 58 59 60 61 62 63 64 65 66 67 68 69 70 71
 72 73 74 75 76 77 78 79 80 81 82 83 84 85 86 87 88 89 90 91 92 93 94 95
 96 97 98 99]
[-1 66 99 58 -1 -1 96 71 69 -1 -1 42 17 31 13 83 28 66 54 93 85 -1 -1 10
 20 -1  1 96  9 -1 29 94 -1 -1 57 -1 -1 81 44 -1 68 45 49 21 74 -1 84 34
 -1 43 66 23 92 82 27 47 54 71 -1 32 -1 92  7 87 87 -1 80 -1 14 -1 36 97
 76 96 -1 23 38 18 92 97 -1 -1 -1 -1 -1 23 13 -1 82 -1 81 -1 20 31 85 53
 62 91 31 -1]
[0 1 0 0 0 1 0 0 1 1 1 1 0 0 1 1 1 0 1 1 1 1 1 0 1 0 1 0 0 1 1 1 0 0 1 1 0
 0 1 1 0 0 0 0 0 1 0 0 1 0 1 1 0 0 1 0 1 1 0 1 0 1 1 1 1 1 1 0 0 1 0 0 1 0
 1 1 1 0 0 1 0 1 0 1 1 0 1 1 1 1 1 1 1 1 0 1 0 1 0 0]
[0 0 0 4 0 2 0 4 0 1 0 0 2 0 0 0 3 1 2 3 1 4 3 0 4 1 0 0 0 0 2 3 0 4 2 2 0
 4 2 0 0 2 3 0 4 4 2 3 0 3 2 0 0 4 0 1 1 4 4 2 0 3 0 2 1 0 4 0 2 1 1 4 3 2
 0 1 2 2 1 0 1 3 0 3 1 3 2 0 2 0 0 0 0 0 4 4 4 3 0 0]
[0 0 0 4 0 2 0 4 0 1 0 0 2 0 0 0 3 1 2 3 1 4 3 0 4 1 0 0 0 0 2 3 0 4 2 2 0
 4 2 0 0 2 3 0 4 4 2 3 0 3 2 0 0 4 0 1 1 4 4 2 0 3 0 2 1 0 4 0 2 1 1 4 3 2
 0 1 2 2 1 0 1 3 0 3 1 3 2 0 2 0 0 0 0 0 4 4 4 3 0 0]
[9 7 5 5 2 2 7 1 5 2 7 3 4 2 4 6 1 3 8 5 4 6 7 1 7 2 7 3 8 5 2 7 4 2 5 8 2
 9 8 7 7 1 7 2 2 5 5 3 2 2 1 7 6 3 8 8 2 1 4 4 4 1 2 9 9 8 3 6 2 8 6 5 8 9
 9 2 3 4 1 2 6 9 1 4 2 7 6 9 6 7 4 6 2 9 1 3 2 1 1 1]
[9 7 5 5 2 2 7 1 5 2 7 3 4 2 4 6 1 3 8 5 4 6 7 1 7 2 7 3 8 5 2 7 4 2 5 8 2
 9 8 7 7 1 7 2 2 5 5 3 2 2 1 7 6 3 8 8 2 1 4 4 4 1 2 9 9 8 3 6 2 8 6 5 8 9
 9 2 3 4 1 2 6 9 1 4 2 7 6 9 6 7 4 6 2 9 1 3 2 1 1 1]
[49, 50, 25, 50, 10, 28, 50, 50, 50, 33, 50, 17, 47, 50, 36, 24, 50, 26, 50, 50, 19, 22, 50, 32, 50, 50, 46, 14, 42, 15, 43, 50, 50, 33, 33, 50, 38, 50, 50, 50, 50, 21, 50, 40, 50, 49, 18, 10, 50, 33, 12, 50, 48, 15, 50, 50, 50, 50, 33, 50, 33, 50, 50, 50, 50, 19, 48, 32, 50, 50, 50, 50, 25, 40, 15, 38, 13, 10, 50, 50, 41, 50, 50, 50, 42, 32, 35, 40, 50, 50, 50, 41, 37, 50, 50, 50, 23, 25, 50, 50]
[0 0 0 0 0 0 0 0 0 0 0 0 0 0 0 0 0 0 0 0 0 0 0 0 0 0 0 0 0 0 0 0 0 0 0 0 0
 0 0 0 0 0 0 0 0 0 0 0 0 0 0 0 0 0 0 0 0 0 0 0 0 0 0 0 0 0 0 0 0 0 0 0 0 0
 0 0 0 0 0 0 0 0 0 0 0 0 0 0 0 0 0 0 0 0 0 0 0 0 0 0]
[1 1 1 1 1 1 1 1 1 1 1 1 1 1 1 1 1 1 1 1 1 1 1 1 1 1 1 1 1 1 1 1 1 1 1 1 1
 1 1 1 1 1 1 1 1 1 1 1 1 1 1 1 1 1 1 1 1 1 1 1 1 1 1 1 1 1 1 1 1 1 1 1 1 1
 1 1 1 1 1 1 1 1 1 1 1 1 1 1 1 1 1 1 1 1 1 1 1 1 1 1]
