[ 0  1  2  3  4  5  6  7  8  9 10 11 12 13 14 15 16 17 18 19 20 21 22 23
 24 25 26 27 28 29 30 31 32 33 34 35 36 37 38 39 40 41 42 43 44 45 46 47
 48 49 50 51 52 53 54 55 56 57 58 59 60 61 62 63 64 65 66 67 68 69 70 71
 72 73 74 75 76 77 78 79 80 81 82 83 84 85 86 87 88 89 90 91 92 93 94 95
 96 97 98 99]
[ 8 87 -1 -1 -1 -1 -1 82 10 71 -1 95 -1 -1 -1 -1 -1  6 47 -1 -1 12 62  1
 34 -1 44 -1 23 74 48 -1 94 -1 80 84 -1 -1 58 -1 16 -1 46 -1 13 -1 74 77
 97 18 22 -1  4 -1 69 -1 66 -1 53 63 82 52 -1 -1 90 45  3 -1 80 30 89 52
 36 -1 92 39 50 36 92 75 21 -1 76 37 -1 -1 -1 -1 73 -1 82 55 -1 -1 -1 -1
 18 67  0 -1]
[0 1 1 0 1 1 1 0 1 0 0 0 1 0 0 0 0 1 1 0 1 0 1 1 1 0 0 0 0 0 0 1 1 0 0 1 1
 1 0 0 0 0 0 1 1 1 0 1 1 1 1 0 1 1 0 0 1 1 0 0 0 1 1 0 1 1 1 1 1 1 0 0 0 0
 0 1 1 1 1 0 0 1 1 0 0 0 0 1 0 0 0 1 1 1 1 0 1 1 1 0]
[2 2 3 2 2 0 3 4 0 0 4 0 2 0 0 4 0 0 4 0 4 0 2 0 0 0 1 0 4 0 0 0 0 0 3 0 0
 0 0 1 2 3 0 1 3 0 0 1 2 0 2 0 1 2 0 0 1 2 0 0 0 0 4 0 0 0 0 1 2 1 0 0 0 1
 3 0 0 3 1 4 2 3 0 4 0 0 0 0 0 0 0 0 0 2 0 4 1 0 4 1]
[2 2 3 2 2 0 3 4 0 0 4 0 2 0 0 4 0 0 4 0 4 0 2 0 0 0 1 0 4 0 0 0 0 0 3 0 0
 0 0 1 2 3 0 1 3 0 0 1 2 0 2 0 1 2 0 0 1 2 0 0 0 0 4 0 0 0 0 1 2 1 0 0 0 1
 3 0 0 3 1 4 2 3 0 4 0 0 0 0 0 0 0 0 0 2 0 4 1 0 4 1]
[9 5 4 5 4 8 1 9 7 7 2 8 3 8 3 3 9 3 8 1 4 3 8 7 6 2 1 1 1 2 2 7 7 5 3 8 4
 5 6 6 8 9 3 2 5 8 7 6 7 6 6 1 1 6 4 7 4 2 3 5 4 2 6 7 4 6 8 3 3 5 8 9 6 8
 7 3 1 1 9 8 2 3 9 3 3 5 9 2 9 4 2 1 1 6 6 4 8 6 7 2]
[9 5 4 5 4 8 1 9 7 7 2 8 3 8 3 3 9 3 8 1 4 3 8 7 6 2 1 1 1 2 2 7 7 5 3 8 4
 5 6 6 8 9 3 2 5 8 7 6 7 6 6 1 1 6 4 7 4 2 3 5 4 2 6 7 4 6 8 3 3 5 8 9 6 8
 7 3 1 1 9 8 2 3 9 3 3 5 9 2 9 4 2 1 1 6 6 4 8 6 7 2]
[43, 50, 50, 50, 45, 17, 50, 50, 50, 23, 50, 50, 50, 50, 14, 50, 18, 33, 50, 50, 32, 50, 21, 50, 50, 35, 50, 50, 50, 19, 50, 32, 14, 50, 50, 19, 16, 50, 50, 50, 31, 50, 50, 50, 38, 50, 50, 26, 50, 50, 17, 50, 50, 50, 50, 14, 50, 50, 28, 27, 14, 15, 50, 50, 30, 40, 50, 16, 24, 48, 13, 33, 14, 29, 50, 50, 22, 50, 13, 50, 50, 50, 41, 50, 50, 50, 50, 50, 44, 25, 50, 50, 50, 42, 50, 46, 50, 10, 50, 19]
[0 0 0 0 0 0 0 0 0 0 0 0 0 0 0 0 0 0 0 0 0 0 0 0 0 0 0 0 0 0 0 0 0 0 0 0 0
 0 0 0 0 0 0 0 0 0 0 0 0 0 0 0 0 0 0 0 0 0 0 0 0 0 0 0 0 0 0 0 0 0 0 0 0 0
 0 0 0 0 0 0 0 0 0 0 0 0 0 0 0 0 0 0 0 0 0 0 0 0 0 0]
[1 1 1 1 1 1 1 1 1 1 1 1 1 1 1 1 1 1 1 1 1 1 1 1 1 1 1 1 1 1 1 1 1 1 1 1 1
 1 1 1 1 1 1 1 1 1 1 1 1 1 1 1 1 1 1 1 1 1 1 1 1 1 1 1 1 1 1 1 1 1 1 1 1 1
 1 1 1 1 1 1 1 1 1 1 1 1 1 1 1 1 1 1 1 1 1 1 1 1 1 1]
