[ 0  1  2  3  4  5  6  7  8  9 10 11 12 13 14 15 16 17 18 19 20 21 22 23
 24 25 26 27 28 29 30 31 32 33 34 35 36 37 38 39 40 41 42 43 44 45 46 47
 48 49 50 51 52 53 54 55 56 57 58 59 60 61 62 63 64 65 66 67 68 69 70 71
 72 73 74 75 76 77 78 79 80 81 82 83 84 85 86 87 88 89 90 91 92 93 94 95
 96 97 98 99]
[50 40 -1 -1 92 99  3 69 -1 12 46 -1 28 -1 -1 84 -1 79 46 33 -1 90 -1 -1
 90 52 61 91 -1 -1 -1 73 43 65 -1 -1 -1 -1 96 98 70 60 -1 40 -1 -1 11 16
 -1 -1 -1 -1 28 93 74 -1 -1 -1 -1 33 72 89 79 -1 12 90 -1 65 -1 93 22 57
 80 -1 10 22 30 47 62 -1 49 -1 62 21 18 87 36 -1 90 -1 94 98 91 82 32 -1
 42 -1  8 -1]
[1 1 1 0 1 1 1 1 0 0 0 0 0 0 0 1 1 0 1 0 1 1 1 0 0 0 0 0 0 1 0 0 0 1 1 1 1
 1 1 1 1 1 0 0 1 1 0 0 1 1 1 1 0 1 1 1 0 1 0 0 0 0 1 1 0 0 1 0 1 0 0 1 1 1
 0 1 1 0 0 0 0 1 1 0 1 0 0 1 0 0 0 1 0 0 1 0 1 0 1 0]
[0 3 0 0 4 0 0 0 0 0 0 2 1 0 2 3 0 2 0 3 4 1 0 0 0 3 4 4 1 2 3 0 0 2 0 0 0
 0 4 4 1 0 3 3 0 3 3 0 2 2 4 0 1 3 2 4 4 0 3 2 0 0 3 0 1 0 0 3 0 0 0 0 0 0
 0 0 1 0 0 0 0 4 0 3 1 0 0 0 3 1 0 0 0 4 2 0 1 1 0 0]
[0 3 0 0 4 0 0 0 0 0 0 2 1 0 2 3 0 2 0 3 4 1 0 0 0 3 4 4 1 2 3 0 0 2 0 0 0
 0 4 4 1 0 3 3 0 3 3 0 2 2 4 0 1 3 2 4 4 0 3 2 0 0 3 0 1 0 0 3 0 0 0 0 0 0
 0 0 1 0 0 0 0 4 0 3 1 0 0 0 3 1 0 0 0 4 2 0 1 1 0 0]
[4 4 3 4 5 6 2 8 1 5 7 7 5 9 4 9 8 7 9 1 1 5 6 8 1 5 3 4 8 5 3 5 2 3 4 3 2
 6 8 9 9 3 6 4 6 9 3 7 6 2 8 8 9 2 2 4 9 3 3 6 7 1 7 5 1 7 7 6 2 3 7 1 8 4
 5 5 3 8 8 5 7 1 5 3 4 6 7 7 4 4 6 4 7 2 7 2 2 6 8 3]
[4 4 3 4 5 6 2 8 1 5 7 7 5 9 4 9 8 7 9 1 1 5 6 8 1 5 3 4 8 5 3 5 2 3 4 3 2
 6 8 9 9 3 6 4 6 9 3 7 6 2 8 8 9 2 2 4 9 3 3 6 7 1 7 5 1 7 7 6 2 3 7 1 8 4
 5 5 3 8 8 5 7 1 5 3 4 6 7 7 4 4 6 4 7 2 7 2 2 6 8 3]
[35, 50, 21, 24, 44, 39, 12, 50, 25, 50, 26, 35, 50, 22, 50, 50, 50, 50, 50, 19, 50, 41, 50, 18, 28, 50, 29, 50, 41, 50, 50, 36, 43, 50, 50, 50, 50, 50, 50, 50, 27, 43, 50, 20, 50, 50, 28, 34, 50, 34, 34, 18, 50, 20, 13, 48, 50, 33, 50, 50, 44, 50, 25, 37, 47, 36, 45, 49, 50, 50, 50, 12, 50, 39, 50, 37, 50, 50, 26, 30, 50, 35, 50, 50, 50, 50, 50, 14, 50, 36, 12, 48, 50, 21, 50, 50, 13, 50, 44, 10]
[0 0 0 0 0 0 0 0 0 0 0 0 0 0 0 0 0 0 0 0 0 0 0 0 0 0 0 0 0 0 0 0 0 0 0 0 0
 0 0 0 0 0 0 0 0 0 0 0 0 0 0 0 0 0 0 0 0 0 0 0 0 0 0 0 0 0 0 0 0 0 0 0 0 0
 0 0 0 0 0 0 0 0 0 0 0 0 0 0 0 0 0 0 0 0 0 0 0 0 0 0]
[1 1 1 1 1 1 1 1 1 1 1 1 1 1 1 1 1 1 1 1 1 1 1 1 1 1 1 1 1 1 1 1 1 1 1 1 1
 1 1 1 1 1 1 1 1 1 1 1 1 1 1 1 1 1 1 1 1 1 1 1 1 1 1 1 1 1 1 1 1 1 1 1 1 1
 1 1 1 1 1 1 1 1 1 1 1 1 1 1 1 1 1 1 1 1 1 1 1 1 1 1]
