[ 0  1  2  3  4  5  6  7  8  9 10 11 12 13 14 15 16 17 18 19 20 21 22 23
 24 25 26 27 28 29 30 31 32 33 34 35 36 37 38 39 40 41 42 43 44 45 46 47
 48 49 50 51 52 53 54 55 56 57 58 59 60 61 62 63 64 65 66 67 68 69 70 71
 72 73 74 75 76 77 78 79 80 81 82 83 84 85 86 87 88 89 90 91 92 93 94 95
 96 97 98 99]
[80 68 44 -1 25 17 96 47  9 -1 29 75  3  1 -1 41 99 45 94 64 84 -1 30 19
 -1 -1  2  6 -1 72 77 -1  7 21 44 -1 50 -1 12 32 -1 83 44 -1 -1 -1 -1 -1
 -1 75 94 34 -1 31 93 28 89  9  3 -1 81 -1 53 20 -1 60 61 21 -1 97 74 63
 65 80 47 28  4 24 54 14 77 52 -1 22 -1  0 -1 66 29 52 52 60 21 72 -1 -1
 -1  8 46 35]
[1 1 1 1 0 0 0 0 1 1 0 0 1 1 0 1 1 1 0 1 0 1 1 1 1 0 1 0 0 1 1 1 1 0 0 1 1
 1 0 1 1 0 0 1 1 1 0 0 0 0 1 0 1 1 1 0 1 0 0 1 1 1 1 0 1 0 1 0 1 0 1 1 0 0
 1 0 0 1 1 0 1 1 0 1 0 0 1 1 0 0 0 0 1 1 0 1 1 1 1 0]
[0 0 0 1 0 1 0 0 1 0 0 0 0 3 4 0 0 4 0 0 4 0 3 0 0 4 0 2 3 4 0 0 0 0 3 1 0
 0 1 3 0 1 0 3 0 2 4 3 0 1 0 2 3 0 3 0 2 2 0 2 0 0 0 1 0 2 0 0 0 0 0 4 0 2
 0 4 0 3 1 1 0 3 2 0 2 1 0 0 2 0 0 3 0 0 4 0 0 0 1 0]
[0 0 0 1 0 1 0 0 1 0 0 0 0 3 4 0 0 4 0 0 4 0 3 0 0 4 0 2 3 4 0 0 0 0 3 1 0
 0 1 3 0 1 0 3 0 2 4 3 0 1 0 2 3 0 3 0 2 2 0 2 0 0 0 1 0 2 0 0 0 0 0 4 0 2
 0 4 0 3 1 1 0 3 2 0 2 1 0 0 2 0 0 3 0 0 4 0 0 0 1 0]
[2 5 6 6 9 4 4 4 4 5 3 3 2 1 8 9 7 1 8 1 6 9 1 4 8 5 8 8 6 1 9 2 1 9 8 3 9
 6 8 7 7 4 4 3 8 3 6 3 3 4 4 5 7 3 6 8 8 9 4 3 7 3 6 6 1 8 4 7 8 7 7 5 2 9
 9 4 6 5 3 3 1 7 7 3 2 2 4 1 3 6 1 8 7 7 8 4 3 6 8 3]
[2 5 6 6 9 4 4 4 4 5 3 3 2 1 8 9 7 1 8 1 6 9 1 4 8 5 8 8 6 1 9 2 1 9 8 3 9
 6 8 7 7 4 4 3 8 3 6 3 3 4 4 5 7 3 6 8 8 9 4 3 7 3 6 6 1 8 4 7 8 7 7 5 2 9
 9 4 6 5 3 3 1 7 7 3 2 2 4 1 3 6 1 8 7 7 8 4 3 6 8 3]
[50, 50, 20, 33, 16, 38, 37, 26, 33, 33, 50, 50, 16, 50, 50, 12, 48, 50, 35, 26, 37, 50, 12, 50, 15, 39, 50, 50, 38, 50, 50, 19, 50, 50, 50, 16, 50, 50, 34, 50, 39, 21, 23, 50, 50, 18, 38, 50, 31, 50, 50, 21, 13, 11, 13, 50, 37, 50, 15, 48, 50, 50, 25, 50, 19, 50, 41, 50, 41, 48, 50, 50, 42, 40, 13, 50, 50, 50, 50, 50, 50, 50, 30, 50, 50, 16, 48, 50, 50, 50, 50, 50, 50, 50, 50, 26, 50, 50, 50, 50]
[0 0 0 0 0 0 0 0 0 0 0 0 0 0 0 0 0 0 0 0 0 0 0 0 0 0 0 0 0 0 0 0 0 0 0 0 0
 0 0 0 0 0 0 0 0 0 0 0 0 0 0 0 0 0 0 0 0 0 0 0 0 0 0 0 0 0 0 0 0 0 0 0 0 0
 0 0 0 0 0 0 0 0 0 0 0 0 0 0 0 0 0 0 0 0 0 0 0 0 0 0]
[1 1 1 1 1 1 1 1 1 1 1 1 1 1 1 1 1 1 1 1 1 1 1 1 1 1 1 1 1 1 1 1 1 1 1 1 1
 1 1 1 1 1 1 1 1 1 1 1 1 1 1 1 1 1 1 1 1 1 1 1 1 1 1 1 1 1 1 1 1 1 1 1 1 1
 1 1 1 1 1 1 1 1 1 1 1 1 1 1 1 1 1 1 1 1 1 1 1 1 1 1]
