[ 0  1  2  3  4  5  6  7  8  9 10 11 12 13 14 15 16 17 18 19 20 21 22 23
 24 25 26 27 28 29 30 31 32 33 34 35 36 37 38 39 40 41 42 43 44 45 46 47
 48 49 50 51 52 53 54 55 56 57 58 59 60 61 62 63 64 65 66 67 68 69 70 71
 72 73 74 75 76 77 78 79 80 81 82 83 84 85 86 87 88 89 90 91 92 93 94 95
 96 97 98 99]
[-1 -1 66 41 62 32 43 -1 50 87 26 32 -1 90 36 89 91 11 61 -1 69 90 73 -1
  0  1 24 18 52 64 -1 -1 -1 53 61 46 41 -1 18 93 38 85 60 39 39 51 -1 92
 -1 32 66 -1 89 84 68 46 -1 94 -1 50 -1 -1 46 53 73 -1 -1 -1 -1 55 99 14
 33  3 91 15 -1 -1 40 -1 -1 35 22 -1  8 98 20 -1  2 72 -1 -1 -1 92 -1 -1
 57 99 90 -1]
[1 1 1 1 0 0 1 0 1 0 0 1 0 1 1 0 0 0 1 0 1 0 0 0 0 0 1 0 1 0 1 0 0 0 1 0 1
 1 1 0 1 0 0 0 0 1 0 1 0 0 1 1 0 1 0 1 1 1 1 1 1 0 0 0 1 1 0 0 1 1 0 0 0 0
 0 1 1 1 1 1 0 1 1 0 0 0 0 0 1 1 0 1 0 0 1 1 1 0 0 1]
[0 3 2 3 0 3 0 4 0 1 1 0 0 2 4 2 0 2 0 0 0 0 3 0 2 1 0 0 1 0 0 0 0 0 0 4 2
 0 0 3 0 0 0 3 2 0 1 3 2 0 2 0 3 0 4 2 0 0 4 3 0 3 0 0 2 0 3 0 2 0 0 3 0 0
 0 0 4 0 0 2 2 3 0 1 0 0 1 1 4 3 1 3 0 0 4 0 3 0 0 0]
[0 3 2 3 0 3 0 4 0 1 1 0 0 2 4 2 0 2 0 0 0 0 3 0 2 1 0 0 1 0 0 0 0 0 0 4 2
 0 0 3 0 0 0 3 2 0 1 3 2 0 2 0 3 0 4 2 0 0 4 3 0 3 0 0 2 0 3 0 2 0 0 3 0 0
 0 0 4 0 0 2 2 3 0 1 0 0 1 1 4 3 1 3 0 0 4 0 3 0 0 0]
[5 9 9 4 5 6 7 8 8 6 1 1 8 8 6 1 4 6 6 7 8 6 1 8 1 9 8 1 2 8 6 2 8 2 7 1 4
 3 4 7 8 7 8 8 7 2 2 4 1 7 1 6 2 8 7 1 8 4 8 1 1 7 7 9 5 1 6 2 1 1 4 2 1 2
 9 4 6 6 4 5 3 9 4 2 5 6 2 2 7 3 2 2 3 7 8 7 9 5 5 7]
[5 9 9 4 5 6 7 8 8 6 1 1 8 8 6 1 4 6 6 7 8 6 1 8 1 9 8 1 2 8 6 2 8 2 7 1 4
 3 4 7 8 7 8 8 7 2 2 4 1 7 1 6 2 8 7 1 8 4 8 1 1 7 7 9 5 1 6 2 1 1 4 2 1 2
 9 4 6 6 4 5 3 9 4 2 5 6 2 2 7 3 2 2 3 7 8 7 9 5 5 7]
[20, 50, 50, 50, 50, 39, 35, 32, 12, 50, 50, 50, 28, 25, 50, 50, 50, 34, 33, 46, 50, 28, 40, 50, 48, 13, 22, 50, 45, 49, 13, 18, 50, 50, 20, 14, 50, 33, 49, 32, 50, 37, 27, 50, 48, 50, 50, 29, 20, 50, 46, 30, 48, 50, 50, 10, 50, 50, 49, 16, 14, 34, 50, 47, 50, 50, 50, 12, 39, 50, 13, 50, 50, 45, 50, 50, 50, 50, 50, 20, 38, 50, 50, 50, 24, 50, 50, 50, 50, 17, 50, 50, 50, 15, 50, 50, 50, 50, 16, 28]
[0 0 0 0 0 0 0 0 0 0 0 0 0 0 0 0 0 0 0 0 0 0 0 0 0 0 0 0 0 0 0 0 0 0 0 0 0
 0 0 0 0 0 0 0 0 0 0 0 0 0 0 0 0 0 0 0 0 0 0 0 0 0 0 0 0 0 0 0 0 0 0 0 0 0
 0 0 0 0 0 0 0 0 0 0 0 0 0 0 0 0 0 0 0 0 0 0 0 0 0 0]
[1 1 1 1 1 1 1 1 1 1 1 1 1 1 1 1 1 1 1 1 1 1 1 1 1 1 1 1 1 1 1 1 1 1 1 1 1
 1 1 1 1 1 1 1 1 1 1 1 1 1 1 1 1 1 1 1 1 1 1 1 1 1 1 1 1 1 1 1 1 1 1 1 1 1
 1 1 1 1 1 1 1 1 1 1 1 1 1 1 1 1 1 1 1 1 1 1 1 1 1 1]
