[ 0  1  2  3  4  5  6  7  8  9 10 11 12 13 14 15 16 17 18 19 20 21 22 23
 24 25 26 27 28 29 30 31 32 33 34 35 36 37 38 39 40 41 42 43 44 45 46 47
 48 49 50 51 52 53 54 55 56 57 58 59 60 61 62 63 64 65 66 67 68 69 70 71
 72 73 74 75 76 77 78 79 80 81 82 83 84 85 86 87 88 89 90 91 92 93 94 95
 96 97 98 99]
[50 -1 -1 51 39 96 -1 -1 -1 11 74 -1 -1 -1 39 -1 -1 93 -1 40 -1 66 -1 80
 51 -1 25 -1 17 73 -1 -1 49 68 -1  9  4 57 40 -1 36 26 -1 -1 -1 -1 -1 98
 32 -1  1 -1 14 33 -1 -1 -1 83 -1 -1 49 57  9 85 -1 -1 23 41 28 -1 -1 -1
 -1  7 32 -1 -1 -1 92  9 20 11 67 -1 -1 -1 16 77 -1 84 83 -1 -1 49 -1 -1
 -1 -1 62 84]
[0 0 1 0 0 0 1 1 1 1 1 1 0 0 0 0 1 0 0 1 1 0 1 1 0 1 0 1 1 0 1 1 0 0 1 0 1
 0 1 1 1 1 0 1 0 1 0 1 0 0 0 0 0 1 0 0 1 1 0 1 0 0 0 1 1 1 0 0 1 1 0 0 0 0
 1 1 0 0 1 1 1 0 1 0 0 0 1 0 0 0 0 1 0 1 1 1 0 1 0 0]
[0 0 3 2 3 1 0 2 2 3 2 0 1 0 0 3 0 0 0 1 4 0 4 0 0 4 0 0 1 3 0 0 0 0 0 4 0
 0 4 4 0 3 0 0 3 0 4 1 4 0 4 3 2 2 4 0 1 4 2 3 0 1 0 0 0 0 4 0 0 2 0 2 0 0
 0 2 3 4 0 3 0 3 4 0 4 0 3 0 1 4 2 3 0 2 4 0 0 3 0 0]
[0 0 3 2 3 1 0 2 2 3 2 0 1 0 0 3 0 0 0 1 4 0 4 0 0 4 0 0 1 3 0 0 0 0 0 4 0
 0 4 4 0 3 0 0 3 0 4 1 4 0 4 3 2 2 4 0 1 4 2 3 0 1 0 0 0 0 4 0 0 2 0 2 0 0
 0 2 3 4 0 3 0 3 4 0 4 0 3 0 1 4 2 3 0 2 4 0 0 3 0 0]
[4 4 7 6 3 8 5 1 9 6 9 4 8 8 7 4 6 2 1 5 1 3 7 7 1 2 6 2 4 1 1 5 8 1 8 5 4
 1 3 3 2 7 5 4 6 5 9 4 8 6 5 1 4 1 5 6 5 2 6 6 3 1 6 8 2 5 5 9 3 3 7 3 7 5
 5 3 4 2 5 2 2 6 9 3 9 2 4 1 1 3 3 7 9 7 2 7 2 7 1 2]
[4 4 7 6 3 8 5 1 9 6 9 4 8 8 7 4 6 2 1 5 1 3 7 7 1 2 6 2 4 1 1 5 8 1 8 5 4
 1 3 3 2 7 5 4 6 5 9 4 8 6 5 1 4 1 5 6 5 2 6 6 3 1 6 8 2 5 5 9 3 3 7 3 7 5
 5 3 4 2 5 2 2 6 9 3 9 2 4 1 1 3 3 7 9 7 2 7 2 7 1 2]
[11, 50, 28, 41, 48, 50, 50, 50, 13, 50, 50, 50, 12, 50, 50, 31, 35, 50, 43, 50, 50, 21, 42, 22, 50, 16, 49, 18, 50, 43, 27, 50, 47, 50, 50, 33, 50, 42, 50, 50, 50, 50, 44, 16, 50, 50, 21, 23, 50, 50, 14, 23, 50, 50, 50, 50, 37, 44, 31, 28, 50, 13, 29, 22, 22, 50, 50, 13, 50, 50, 50, 19, 50, 11, 50, 50, 50, 50, 50, 46, 50, 17, 15, 50, 42, 33, 50, 47, 50, 50, 50, 50, 50, 42, 16, 34, 50, 44, 50, 32]
[0 0 0 0 0 0 0 0 0 0 0 0 0 0 0 0 0 0 0 0 0 0 0 0 0 0 0 0 0 0 0 0 0 0 0 0 0
 0 0 0 0 0 0 0 0 0 0 0 0 0 0 0 0 0 0 0 0 0 0 0 0 0 0 0 0 0 0 0 0 0 0 0 0 0
 0 0 0 0 0 0 0 0 0 0 0 0 0 0 0 0 0 0 0 0 0 0 0 0 0 0]
[1 1 1 1 1 1 1 1 1 1 1 1 1 1 1 1 1 1 1 1 1 1 1 1 1 1 1 1 1 1 1 1 1 1 1 1 1
 1 1 1 1 1 1 1 1 1 1 1 1 1 1 1 1 1 1 1 1 1 1 1 1 1 1 1 1 1 1 1 1 1 1 1 1 1
 1 1 1 1 1 1 1 1 1 1 1 1 1 1 1 1 1 1 1 1 1 1 1 1 1 1]
