[ 0  1  2  3  4  5  6  7  8  9 10 11 12 13 14 15 16 17 18 19 20 21 22 23
 24 25 26 27 28 29 30 31 32 33 34 35 36 37 38 39 40 41 42 43 44 45 46 47
 48 49 50 51 52 53 54 55 56 57 58 59 60 61 62 63 64 65 66 67 68 69 70 71
 72 73 74 75 76 77 78 79 80 81 82 83 84 85 86 87 88 89 90 91 92 93 94 95
 96 97 98 99]
[-1 -1 65 -1 88 54 -1 16 -1  4 -1 86 86 59 93 -1 27 52  8 -1 25 15 76 89
 -1 -1 24 -1 -1 -1 41 -1 64 -1 86 21 -1 29 34 51 -1 98 98 32 -1 -1 -1 63
 62 97 -1 -1 -1 27 42 31  6 -1 -1  5 87 -1 90 51  5 37 56 61 34 -1 -1 -1
 34 -1 20 -1 83 57  9 82 -1 -1 -1 65 -1 -1 54 96 52 -1 -1 -1 99 85 49 -1
 28  8 99 -1]
[1 0 0 1 1 1 1 0 1 1 0 0 1 0 1 0 0 1 1 1 0 0 0 0 0 1 0 0 1 0 1 0 0 1 1 1 1
 0 1 0 0 0 1 1 0 0 0 0 0 1 1 1 1 1 0 0 1 1 1 1 1 0 1 1 0 0 0 0 0 1 1 0 0 1
 0 0 1 0 1 0 1 0 1 0 1 1 1 1 1 1 1 0 1 0 0 0 1 1 0 0]
[0 1 4 0 0 4 0 0 0 0 3 0 1 0 2 0 4 3 1 3 1 0 2 2 4 0 0 0 4 3 1 0 4 4 0 1 0
 3 1 0 0 0 4 2 0 4 0 0 0 0 0 0 2 0 0 0 0 0 1 0 0 0 0 0 4 0 1 0 0 0 1 0 2 4
 0 0 0 0 0 0 0 0 0 0 0 0 0 0 0 2 2 0 2 3 3 1 2 1 1 1]
[0 1 4 0 0 4 0 0 0 0 3 0 1 0 2 0 4 3 1 3 1 0 2 2 4 0 0 0 4 3 1 0 4 4 0 1 0
 3 1 0 0 0 4 2 0 4 0 0 0 0 0 0 2 0 0 0 0 0 1 0 0 0 0 0 4 0 1 0 0 0 1 0 2 4
 0 0 0 0 0 0 0 0 0 0 0 0 0 0 0 2 2 0 2 3 3 1 2 1 1 1]
[3 5 1 3 1 5 2 9 4 5 5 9 1 9 5 5 5 9 3 5 5 1 1 7 2 5 3 6 3 6 1 9 3 4 1 8 6
 2 3 5 1 8 2 9 8 4 6 1 2 2 6 4 4 9 4 5 1 2 9 8 6 6 3 5 2 9 4 4 3 6 8 3 4 9
 9 8 4 8 8 4 1 2 8 7 6 3 8 2 9 5 9 2 3 6 6 2 7 8 8 4]
[3 5 1 3 1 5 2 9 4 5 5 9 1 9 5 5 5 9 3 5 5 1 1 7 2 5 3 6 3 6 1 9 3 4 1 8 6
 2 3 5 1 8 2 9 8 4 6 1 2 2 6 4 4 9 4 5 1 2 9 8 6 6 3 5 2 9 4 4 3 6 8 3 4 9
 9 8 4 8 8 4 1 2 8 7 6 3 8 2 9 5 9 2 3 6 6 2 7 8 8 4]
[50, 50, 50, 44, 50, 43, 50, 27, 50, 36, 30, 13, 50, 31, 50, 23, 50, 14, 27, 50, 50, 50, 50, 50, 50, 37, 50, 26, 50, 50, 39, 43, 36, 50, 29, 50, 50, 50, 28, 11, 29, 50, 50, 50, 10, 47, 33, 40, 15, 50, 50, 30, 28, 50, 50, 50, 50, 50, 50, 50, 50, 49, 36, 50, 11, 50, 33, 27, 34, 50, 50, 16, 50, 44, 35, 34, 45, 41, 50, 50, 11, 50, 50, 37, 50, 14, 50, 28, 25, 41, 32, 50, 50, 50, 15, 50, 50, 12, 50, 11]
[0 0 0 0 0 0 0 0 0 0 0 0 0 0 0 0 0 0 0 0 0 0 0 0 0 0 0 0 0 0 0 0 0 0 0 0 0
 0 0 0 0 0 0 0 0 0 0 0 0 0 0 0 0 0 0 0 0 0 0 0 0 0 0 0 0 0 0 0 0 0 0 0 0 0
 0 0 0 0 0 0 0 0 0 0 0 0 0 0 0 0 0 0 0 0 0 0 0 0 0 0]
[1 1 1 1 1 1 1 1 1 1 1 1 1 1 1 1 1 1 1 1 1 1 1 1 1 1 1 1 1 1 1 1 1 1 1 1 1
 1 1 1 1 1 1 1 1 1 1 1 1 1 1 1 1 1 1 1 1 1 1 1 1 1 1 1 1 1 1 1 1 1 1 1 1 1
 1 1 1 1 1 1 1 1 1 1 1 1 1 1 1 1 1 1 1 1 1 1 1 1 1 1]
