[ 0  1  2  3  4  5  6  7  8  9 10 11 12 13 14 15 16 17 18 19 20 21 22 23
 24 25 26 27 28 29 30 31 32 33 34 35 36 37 38 39 40 41 42 43 44 45 46 47
 48 49 50 51 52 53 54 55 56 57 58 59 60 61 62 63 64 65 66 67 68 69 70 71
 72 73 74 75 76 77 78 79 80 81 82 83 84 85 86 87 88 89 90 91 92 93 94 95
 96 97 98 99]
[-1 75 21 -1 98 74 72 -1  7 37 -1 -1 24 71 -1 38 79 26 48 97 80 90 31 95
 -1 88 76 16 -1 11 25 97 -1 18 24 70 31 -1 -1 63 -1 78 24 49 12 59 26 77
 -1 57 25 64 -1 64 -1 10 85 62 28 53 73 93 22 -1 62 40 25 84 25 22 95 -1
 17 96  6 51 -1 62 -1 -1 -1 -1 87 58 -1 75 -1  0 92 -1 -1 73 -1 -1 -1 74
 -1  5 91 95]
[0 1 1 1 1 0 1 0 1 1 0 0 0 0 1 0 1 1 0 1 1 1 0 1 0 1 1 0 0 1 1 1 0 1 1 0 1
 0 1 1 1 1 0 1 0 1 0 1 1 1 0 0 0 0 1 0 0 0 0 1 1 1 0 0 0 1 1 1 1 1 0 0 1 1
 0 1 0 1 0 0 0 1 1 0 0 0 1 1 1 0 1 0 1 1 0 0 1 0 0 0]
[1 0 0 1 0 1 4 0 3 2 1 2 1 3 0 0 0 1 0 0 4 0 0 0 0 0 0 0 4 1 1 3 1 1 0 0 0
 0 3 0 0 0 1 0 0 0 1 0 0 0 2 1 3 0 0 3 1 1 1 2 0 0 2 4 0 0 2 4 0 2 0 2 4 0
 3 2 3 3 0 0 2 4 0 2 4 0 0 0 3 0 0 0 2 4 0 2 4 1 3 0]
[1 0 0 1 0 1 4 0 3 2 1 2 1 3 0 0 0 1 0 0 4 0 0 0 0 0 0 0 4 1 1 3 1 1 0 0 0
 0 3 0 0 0 1 0 0 0 1 0 0 0 2 1 3 0 0 3 1 1 1 2 0 0 2 4 0 0 2 4 0 2 0 2 4 0
 3 2 3 3 0 0 2 4 0 2 4 0 0 0 3 0 0 0 2 4 0 2 4 1 3 0]
[3 9 4 4 3 5 4 8 9 1 9 1 5 5 3 5 1 3 7 8 6 1 6 7 1 9 7 7 8 6 8 6 5 5 1 7 9
 3 8 1 6 1 1 6 8 6 7 6 2 9 1 2 7 8 9 1 4 2 2 1 7 2 1 3 2 6 9 3 8 2 6 2 2 3
 3 2 5 2 9 1 6 3 5 2 3 4 4 6 4 3 3 9 4 1 6 8 6 8 4 2]
[3 9 4 4 3 5 4 8 9 1 9 1 5 5 3 5 1 3 7 8 6 1 6 7 1 9 7 7 8 6 8 6 5 5 1 7 9
 3 8 1 6 1 1 6 8 6 7 6 2 9 1 2 7 8 9 1 4 2 2 1 7 2 1 3 2 6 9 3 8 2 6 2 2 3
 3 2 5 2 9 1 6 3 5 2 3 4 4 6 4 3 3 9 4 1 6 8 6 8 4 2]
[16, 50, 50, 50, 50, 50, 49, 22, 24, 50, 50, 50, 10, 35, 50, 10, 50, 43, 50, 13, 50, 50, 50, 29, 50, 50, 50, 50, 50, 50, 21, 50, 50, 50, 50, 50, 50, 50, 21, 25, 23, 50, 43, 50, 43, 50, 50, 10, 50, 50, 38, 28, 26, 31, 25, 46, 50, 24, 50, 24, 11, 50, 34, 21, 11, 50, 50, 50, 28, 50, 25, 50, 27, 32, 15, 28, 41, 50, 50, 10, 50, 50, 50, 50, 40, 41, 50, 50, 47, 50, 50, 23, 50, 24, 50, 50, 50, 50, 50, 13]
[0 0 0 0 0 0 0 0 0 0 0 0 0 0 0 0 0 0 0 0 0 0 0 0 0 0 0 0 0 0 0 0 0 0 0 0 0
 0 0 0 0 0 0 0 0 0 0 0 0 0 0 0 0 0 0 0 0 0 0 0 0 0 0 0 0 0 0 0 0 0 0 0 0 0
 0 0 0 0 0 0 0 0 0 0 0 0 0 0 0 0 0 0 0 0 0 0 0 0 0 0]
[1 1 1 1 1 1 1 1 1 1 1 1 1 1 1 1 1 1 1 1 1 1 1 1 1 1 1 1 1 1 1 1 1 1 1 1 1
 1 1 1 1 1 1 1 1 1 1 1 1 1 1 1 1 1 1 1 1 1 1 1 1 1 1 1 1 1 1 1 1 1 1 1 1 1
 1 1 1 1 1 1 1 1 1 1 1 1 1 1 1 1 1 1 1 1 1 1 1 1 1 1]
