[ 0  1  2  3  4  5  6  7  8  9 10 11 12 13 14 15 16 17 18 19 20 21 22 23
 24 25 26 27 28 29 30 31 32 33 34 35 36 37 38 39 40 41 42 43 44 45 46 47
 48 49 50 51 52 53 54 55 56 57 58 59 60 61 62 63 64 65 66 67 68 69 70 71
 72 73 74 75 76 77 78 79 80 81 82 83 84 85 86 87 88 89 90 91 92 93 94 95
 96 97 98 99]
[25 -1 52 -1 42 68 -1 50 72 -1 -1 28 24 -1 83 45 -1 10 76 26 -1 57 83 11
 -1 42 23 80 20 65 55 33 83 -1 39 -1 83 -1 21 10 24 83 55 -1 -1 78 -1 90
 49 29 75 80 -1 39 83 81 88 66 -1 72 35 -1  8  8 17 90 31  2 -1 24 -1 36
 46 -1 31 88 75 -1 34 -1 96 28 44 49 -1 26 57 33 58  8 87 -1 50 -1 21 -1
 23 84 12 25]
[1 1 1 1 1 1 0 0 1 1 0 0 0 1 1 0 0 1 0 0 1 1 0 0 1 1 1 1 0 1 1 1 1 0 1 0 0
 0 0 0 1 1 1 1 0 0 0 0 0 0 0 0 0 0 0 1 0 0 1 0 0 1 0 0 1 1 0 1 0 1 0 1 1 0
 0 0 1 0 1 0 1 1 1 1 0 1 1 1 1 1 0 1 1 1 0 1 0 0 0 0]
[3 2 0 0 3 0 0 3 1 1 0 2 3 3 2 0 0 0 1 2 0 2 4 0 0 0 2 3 3 0 2 0 0 0 1 0 0
 4 2 4 1 0 3 0 0 3 3 3 3 0 0 0 0 4 1 0 4 0 2 0 0 4 0 2 3 0 0 2 0 4 0 0 1 0
 2 4 0 0 0 4 0 0 1 0 2 0 2 0 2 0 0 0 0 1 3 4 0 2 0 0]
[3 2 0 0 3 0 0 3 1 1 0 2 3 3 2 0 0 0 1 2 0 2 4 0 0 0 2 3 3 0 2 0 0 0 1 0 0
 4 2 4 1 0 3 0 0 3 3 3 3 0 0 0 0 4 1 0 4 0 2 0 0 4 0 2 3 0 0 2 0 4 0 0 1 0
 2 4 0 0 0 4 0 0 1 0 2 0 2 0 2 0 0 0 0 1 3 4 0 2 0 0]
[5 2 2 6 3 9 8 9 3 6 6 8 8 9 2 6 9 1 3 5 2 1 2 4 9 9 1 4 3 9 5 7 5 2 1 8 6
 4 3 6 8 6 6 7 9 9 7 3 7 4 7 7 6 3 7 3 3 1 6 5 7 5 1 7 1 9 4 7 6 8 3 5 2 1
 3 7 2 3 9 2 2 2 5 4 5 1 5 5 7 4 7 2 6 4 5 4 1 5 3 8]
[5 2 2 6 3 9 8 9 3 6 6 8 8 9 2 6 9 1 3 5 2 1 2 4 9 9 1 4 3 9 5 7 5 2 1 8 6
 4 3 6 8 6 6 7 9 9 7 3 7 4 7 7 6 3 7 3 3 1 6 5 7 5 1 7 1 9 4 7 6 8 3 5 2 1
 3 7 2 3 9 2 2 2 5 4 5 1 5 5 7 4 7 2 6 4 5 4 1 5 3 8]
[50, 50, 49, 50, 50, 50, 50, 18, 50, 38, 50, 50, 50, 25, 47, 50, 50, 49, 50, 12, 18, 34, 19, 50, 42, 38, 50, 49, 24, 50, 50, 50, 50, 50, 19, 23, 50, 50, 50, 50, 50, 29, 50, 46, 44, 34, 50, 25, 50, 12, 44, 34, 11, 50, 30, 50, 16, 42, 29, 46, 50, 28, 31, 18, 18, 50, 33, 50, 50, 19, 10, 35, 21, 50, 16, 50, 33, 50, 50, 50, 50, 50, 50, 31, 50, 50, 50, 50, 50, 47, 50, 35, 16, 45, 45, 45, 50, 12, 16, 50]
[0 0 0 0 0 0 0 0 0 0 0 0 0 0 0 0 0 0 0 0 0 0 0 0 0 0 0 0 0 0 0 0 0 0 0 0 0
 0 0 0 0 0 0 0 0 0 0 0 0 0 0 0 0 0 0 0 0 0 0 0 0 0 0 0 0 0 0 0 0 0 0 0 0 0
 0 0 0 0 0 0 0 0 0 0 0 0 0 0 0 0 0 0 0 0 0 0 0 0 0 0]
[1 1 1 1 1 1 1 1 1 1 1 1 1 1 1 1 1 1 1 1 1 1 1 1 1 1 1 1 1 1 1 1 1 1 1 1 1
 1 1 1 1 1 1 1 1 1 1 1 1 1 1 1 1 1 1 1 1 1 1 1 1 1 1 1 1 1 1 1 1 1 1 1 1 1
 1 1 1 1 1 1 1 1 1 1 1 1 1 1 1 1 1 1 1 1 1 1 1 1 1 1]
