[ 0  1  2  3  4  5  6  7  8  9 10 11 12 13 14 15 16 17 18 19 20 21 22 23
 24 25 26 27 28 29 30 31 32 33 34 35 36 37 38 39 40 41 42 43 44 45 46 47
 48 49 50 51 52 53 54 55 56 57 58 59 60 61 62 63 64 65 66 67 68 69 70 71
 72 73 74 75 76 77 78 79 80 81 82 83 84 85 86 87 88 89 90 91 92 93 94 95
 96 97 98 99]
[-1 31 51 43 42 73 -1 46 59 -1 60 47 -1 -1 47  3 79 34 -1 60 90 78 -1 44
 94 59 -1 -1 97 91 -1 90 33 81 33 -1 66 -1 82 -1  8 -1 -1 42 -1 71 20 39
 -1 -1 27 72 30 66 -1 50 26 26 35 -1 75 93 67 33 -1 60 68  8 70 79 30 38
 54 31 52 94 30 78  8 89 19 -1 79 -1 43 17 93 62 69 -1 37 75 -1 -1 27 -1
 -1 12 58 93]
[1 0 0 1 0 1 1 1 0 0 1 1 1 1 1 0 1 0 1 0 0 1 1 1 0 1 0 1 0 0 1 1 0 0 1 1 1
 1 0 1 1 0 1 0 1 0 0 0 1 1 1 0 1 0 1 1 1 0 1 0 1 1 0 1 0 0 0 1 0 0 0 0 0 1
 0 0 0 0 1 1 1 1 1 0 0 1 1 1 0 1 0 1 1 0 1 0 0 0 1 1]
[0 4 0 3 0 0 0 2 4 0 0 4 3 3 0 0 2 1 0 3 0 2 2 0 2 0 1 3 0 0 0 0 2 0 1 1 1
 0 0 0 4 2 0 1 0 1 2 0 2 0 4 0 0 0 1 0 0 0 0 3 4 0 0 2 1 0 3 4 2 1 0 0 0 2
 0 3 4 4 4 0 1 3 0 2 2 2 0 0 1 1 2 4 0 0 2 3 0 0 3 0]
[0 4 0 3 0 0 0 2 4 0 0 4 3 3 0 0 2 1 0 3 0 2 2 0 2 0 1 3 0 0 0 0 2 0 1 1 1
 0 0 0 4 2 0 1 0 1 2 0 2 0 4 0 0 0 1 0 0 0 0 3 4 0 0 2 1 0 3 4 2 1 0 0 0 2
 0 3 4 4 4 0 1 3 0 2 2 2 0 0 1 1 2 4 0 0 2 3 0 0 3 0]
[8 2 6 4 9 6 6 5 4 9 9 5 7 4 6 2 1 7 4 4 2 7 8 9 3 6 7 1 2 9 7 8 6 9 2 6 2
 2 3 2 4 6 8 6 8 2 5 1 5 7 1 4 7 7 7 5 3 2 6 4 7 2 9 8 9 8 3 4 2 7 8 6 5 7
 8 7 7 2 3 1 6 7 6 7 5 2 8 7 8 8 1 5 6 8 1 6 6 9 5 9]
[8 2 6 4 9 6 6 5 4 9 9 5 7 4 6 2 1 7 4 4 2 7 8 9 3 6 7 1 2 9 7 8 6 9 2 6 2
 2 3 2 4 6 8 6 8 2 5 1 5 7 1 4 7 7 7 5 3 2 6 4 7 2 9 8 9 8 3 4 2 7 8 6 5 7
 8 7 7 2 3 1 6 7 6 7 5 2 8 7 8 8 1 5 6 8 1 6 6 9 5 9]
[14, 50, 39, 33, 13, 13, 50, 50, 30, 48, 26, 19, 50, 50, 50, 19, 50, 39, 50, 50, 42, 48, 50, 12, 47, 29, 50, 50, 50, 49, 50, 27, 50, 50, 38, 33, 35, 50, 36, 50, 50, 48, 50, 50, 50, 29, 50, 50, 38, 18, 50, 50, 50, 42, 21, 10, 30, 50, 46, 50, 50, 29, 42, 50, 17, 11, 11, 50, 45, 41, 50, 50, 34, 50, 26, 20, 32, 50, 50, 50, 50, 50, 17, 50, 50, 46, 12, 20, 31, 50, 50, 41, 50, 48, 44, 50, 50, 14, 50, 48]
[0 0 0 0 0 0 0 0 0 0 0 0 0 0 0 0 0 0 0 0 0 0 0 0 0 0 0 0 0 0 0 0 0 0 0 0 0
 0 0 0 0 0 0 0 0 0 0 0 0 0 0 0 0 0 0 0 0 0 0 0 0 0 0 0 0 0 0 0 0 0 0 0 0 0
 0 0 0 0 0 0 0 0 0 0 0 0 0 0 0 0 0 0 0 0 0 0 0 0 0 0]
[1 1 1 1 1 1 1 1 1 1 1 1 1 1 1 1 1 1 1 1 1 1 1 1 1 1 1 1 1 1 1 1 1 1 1 1 1
 1 1 1 1 1 1 1 1 1 1 1 1 1 1 1 1 1 1 1 1 1 1 1 1 1 1 1 1 1 1 1 1 1 1 1 1 1
 1 1 1 1 1 1 1 1 1 1 1 1 1 1 1 1 1 1 1 1 1 1 1 1 1 1]
