[ 0  1  2  3  4  5  6  7  8  9 10 11 12 13 14 15 16 17 18 19 20 21 22 23
 24 25 26 27 28 29 30 31 32 33 34 35 36 37 38 39 40 41 42 43 44 45 46 47
 48 49 50 51 52 53 54 55 56 57 58 59 60 61 62 63 64 65 66 67 68 69 70 71
 72 73 74 75 76 77 78 79 80 81 82 83 84 85 86 87 88 89 90 91 92 93 94 95
 96 97 98 99]
[-1 -1 -1 43 -1 27  5 65 10 61 99 15 -1 -1 16  6 -1 84 -1 93 -1  6 42 -1
 45 99 50 -1 84 61  6 -1 52 -1 -1 -1 34 70 -1 84 49  9  6 -1 61 79 68 11
 69 34  2 14 78 26 87 -1 73 66 19 96 41 40 14 29 85 -1 29 59 -1 -1 85 38
 63 -1 30 64 -1 42 42 -1 40 70 54 51 83 -1  4 -1 -1 40 97 -1 52 -1 -1 85
 -1 93 49 68]
[0 1 0 0 0 0 0 1 0 0 0 1 1 1 1 0 1 1 1 1 1 1 1 1 1 1 1 1 0 1 0 1 1 0 1 1 1
 0 0 1 1 1 1 0 1 1 0 1 0 0 1 0 1 1 0 1 1 0 1 0 1 1 1 0 0 1 1 0 0 0 1 0 1 0
 0 1 0 0 0 0 0 1 1 1 0 0 1 0 1 1 0 0 1 0 0 0 0 0 0 1]
[0 0 3 0 3 3 0 4 0 0 0 0 1 0 0 3 0 0 0 1 4 3 0 3 0 0 4 0 0 0 1 0 0 4 1 3 4
 0 3 0 0 0 0 3 0 0 0 0 0 2 0 0 0 1 3 0 0 3 0 0 0 0 2 0 0 0 0 0 0 4 2 1 0 0
 0 3 0 4 0 3 0 2 0 0 0 1 1 3 1 0 2 4 4 0 0 0 2 0 0 0]
[0 0 3 0 3 3 0 4 0 0 0 0 1 0 0 3 0 0 0 1 4 3 0 3 0 0 4 0 0 0 1 0 0 4 1 3 4
 0 3 0 0 0 0 3 0 0 0 0 0 2 0 0 0 1 3 0 0 3 0 0 0 0 2 0 0 0 0 0 0 4 2 1 0 0
 0 3 0 4 0 3 0 2 0 0 0 1 1 3 1 0 2 4 4 0 0 0 2 0 0 0]
[5 4 8 3 7 4 3 1 2 6 8 1 3 3 2 1 6 3 4 7 5 3 5 8 6 9 5 9 3 3 6 8 9 5 2 7 4
 3 6 9 2 2 9 2 9 7 1 4 3 9 5 7 9 5 1 4 3 9 3 5 1 5 1 4 5 4 1 9 1 2 5 3 7 8
 2 3 9 8 8 6 6 6 8 1 4 6 9 4 6 7 1 9 6 8 8 9 9 4 1 1]
[5 4 8 3 7 4 3 1 2 6 8 1 3 3 2 1 6 3 4 7 5 3 5 8 6 9 5 9 3 3 6 8 9 5 2 7 4
 3 6 9 2 2 9 2 9 7 1 4 3 9 5 7 9 5 1 4 3 9 3 5 1 5 1 4 5 4 1 9 1 2 5 3 7 8
 2 3 9 8 8 6 6 6 8 1 4 6 9 4 6 7 1 9 6 8 8 9 9 4 1 1]
[23, 50, 10, 33, 50, 50, 32, 50, 36, 18, 50, 50, 49, 11, 31, 14, 46, 50, 50, 20, 45, 34, 41, 50, 50, 29, 50, 50, 50, 11, 24, 29, 32, 50, 48, 50, 50, 27, 19, 37, 32, 17, 50, 44, 50, 50, 44, 29, 26, 50, 35, 50, 29, 43, 31, 50, 37, 50, 50, 50, 23, 50, 50, 26, 24, 33, 50, 47, 33, 27, 18, 50, 50, 50, 25, 50, 50, 50, 43, 26, 50, 43, 50, 41, 50, 50, 50, 50, 38, 19, 43, 50, 50, 50, 27, 50, 50, 50, 50, 48]
[0 0 0 0 0 0 0 0 0 0 0 0 0 0 0 0 0 0 0 0 0 0 0 0 0 0 0 0 0 0 0 0 0 0 0 0 0
 0 0 0 0 0 0 0 0 0 0 0 0 0 0 0 0 0 0 0 0 0 0 0 0 0 0 0 0 0 0 0 0 0 0 0 0 0
 0 0 0 0 0 0 0 0 0 0 0 0 0 0 0 0 0 0 0 0 0 0 0 0 0 0]
[1 1 1 1 1 1 1 1 1 1 1 1 1 1 1 1 1 1 1 1 1 1 1 1 1 1 1 1 1 1 1 1 1 1 1 1 1
 1 1 1 1 1 1 1 1 1 1 1 1 1 1 1 1 1 1 1 1 1 1 1 1 1 1 1 1 1 1 1 1 1 1 1 1 1
 1 1 1 1 1 1 1 1 1 1 1 1 1 1 1 1 1 1 1 1 1 1 1 1 1 1]
