[ 0  1  2  3  4  5  6  7  8  9 10 11 12 13 14 15 16 17 18 19 20 21 22 23
 24 25 26 27 28 29 30 31 32 33 34 35 36 37 38 39 40 41 42 43 44 45 46 47
 48 49 50 51 52 53 54 55 56 57 58 59 60 61 62 63 64 65 66 67 68 69 70 71
 72 73 74 75 76 77 78 79 80 81 82 83 84 85 86 87 88 89 90 91 92 93 94 95
 96 97 98 99]
[71 49 -1 -1 -1 12 98 -1 22 -1 -1 -1 59 51 42 13 -1 60 63 89 53 -1 -1 -1
 13 -1 -1 28 70 30 21 -1 -1 27 -1 -1 50 51 -1 66 -1 80 12 41  9 -1  9 11
 -1 28  7 84 45 30 17 50 99 72 -1 -1 52 86 -1 56 45 83 -1 -1 -1  3 26 73
  5 77  8 67  2 43 64 58 23 49 72 10 -1  8 21 -1 16 -1 -1 23 13  1 -1 79
  0 -1 58 78]
[0 0 0 0 1 1 1 0 0 0 1 1 1 1 1 0 1 0 0 1 1 0 1 0 1 0 0 0 1 0 1 0 1 0 1 0 1
 1 1 1 1 1 1 0 0 1 0 1 0 1 1 0 0 1 1 1 0 0 0 1 1 0 1 0 0 1 0 0 1 0 0 1 0 1
 1 0 1 0 0 0 0 0 1 0 1 1 0 1 1 1 0 0 1 0 0 1 1 1 0 1]
[0 3 0 0 0 0 0 2 0 2 1 2 0 3 4 0 0 2 0 4 0 3 0 0 1 0 0 4 4 0 0 0 0 0 3 4 2
 0 3 1 4 2 0 0 0 0 0 3 0 0 4 0 3 4 4 1 1 1 0 0 2 0 1 0 4 0 4 0 0 4 0 0 0 0
 0 0 1 0 0 2 0 3 0 1 0 0 4 0 2 0 1 1 0 0 0 3 0 0 0 0]
[0 3 0 0 0 0 0 2 0 2 1 2 0 3 4 0 0 2 0 4 0 3 0 0 1 0 0 4 4 0 0 0 0 0 3 4 2
 0 3 1 4 2 0 0 0 0 0 3 0 0 4 0 3 4 4 1 1 1 0 0 2 0 1 0 4 0 4 0 0 4 0 0 0 0
 0 0 1 0 0 2 0 3 0 1 0 0 4 0 2 0 1 1 0 0 0 3 0 0 0 0]
[6 8 3 2 2 4 6 4 9 4 3 9 8 2 2 7 1 4 2 7 3 4 8 5 3 3 6 6 4 3 9 3 3 6 7 5 8
 5 6 7 3 7 3 3 1 4 6 8 4 9 8 6 7 4 8 6 2 2 6 6 6 7 9 7 7 3 3 5 8 5 2 3 1 1
 4 2 6 4 2 6 7 2 6 5 3 3 2 3 1 2 2 4 5 9 3 2 2 8 4 4]
[6 8 3 2 2 4 6 4 9 4 3 9 8 2 2 7 1 4 2 7 3 4 8 5 3 3 6 6 4 3 9 3 3 6 7 5 8
 5 6 7 3 7 3 3 1 4 6 8 4 9 8 6 7 4 8 6 2 2 6 6 6 7 9 7 7 3 3 5 8 5 2 3 1 1
 4 2 6 4 2 6 7 2 6 5 3 3 2 3 1 2 2 4 5 9 3 2 2 8 4 4]
[50, 50, 50, 50, 48, 50, 31, 48, 39, 28, 39, 50, 10, 50, 50, 50, 11, 50, 50, 50, 17, 50, 50, 50, 46, 50, 47, 45, 33, 50, 50, 50, 36, 50, 48, 50, 50, 13, 11, 48, 26, 12, 40, 47, 49, 50, 50, 50, 50, 21, 40, 30, 22, 33, 23, 30, 42, 50, 42, 50, 10, 50, 39, 14, 28, 14, 25, 50, 50, 49, 50, 43, 37, 25, 40, 50, 39, 50, 42, 48, 13, 16, 50, 50, 10, 18, 50, 38, 50, 50, 26, 50, 22, 50, 50, 50, 49, 50, 50, 50]
[0 0 0 0 0 0 0 0 0 0 0 0 0 0 0 0 0 0 0 0 0 0 0 0 0 0 0 0 0 0 0 0 0 0 0 0 0
 0 0 0 0 0 0 0 0 0 0 0 0 0 0 0 0 0 0 0 0 0 0 0 0 0 0 0 0 0 0 0 0 0 0 0 0 0
 0 0 0 0 0 0 0 0 0 0 0 0 0 0 0 0 0 0 0 0 0 0 0 0 0 0]
[1 1 1 1 1 1 1 1 1 1 1 1 1 1 1 1 1 1 1 1 1 1 1 1 1 1 1 1 1 1 1 1 1 1 1 1 1
 1 1 1 1 1 1 1 1 1 1 1 1 1 1 1 1 1 1 1 1 1 1 1 1 1 1 1 1 1 1 1 1 1 1 1 1 1
 1 1 1 1 1 1 1 1 1 1 1 1 1 1 1 1 1 1 1 1 1 1 1 1 1 1]
