[ 0  1  2  3  4  5  6  7  8  9 10 11 12 13 14 15 16 17 18 19 20 21 22 23
 24 25 26 27 28 29 30 31 32 33 34 35 36 37 38 39 40 41 42 43 44 45 46 47
 48 49 50 51 52 53 54 55 56 57 58 59 60 61 62 63 64 65 66 67 68 69 70 71
 72 73 74 75 76 77 78 79 80 81 82 83 84 85 86 87 88 89 90 91 92 93 94 95
 96 97 98 99]
[12 70 -1 -1 52 52 10 19 -1 -1 -1 31 84 15 -1 74 81 11 89 33 66 64  3 -1
 -1 -1 38 -1 93 34 -1 24  4 -1 82 79 -1 42 -1 84 -1 -1 11 -1 -1 37 79 18
 80 48 -1 27 82 -1 -1 90 -1 -1 78 -1 14 46 51 41 53 14 -1 -1 34 -1 10 -1
 -1 -1 -1 83 -1 -1 -1 56 59 -1 -1 96  4 21 -1 60 -1 -1  3 -1 -1 60 11 -1
  9 -1 -1 86]
[0 1 1 0 0 0 1 1 1 0 0 1 1 0 1 0 0 0 0 0 1 0 1 0 0 1 0 1 0 1 1 0 0 0 0 1 0
 1 0 1 1 0 1 0 1 0 1 1 0 1 0 1 0 1 1 1 0 0 0 0 1 1 1 0 0 0 1 1 0 1 0 0 1 1
 1 1 0 0 1 1 1 1 0 1 1 0 1 1 1 1 0 1 1 1 1 0 0 1 1 0]
[2 0 4 0 4 0 1 0 0 4 4 4 4 4 2 2 0 1 0 1 3 2 3 0 0 1 2 3 4 1 4 2 4 4 0 3 0
 0 0 0 3 0 4 0 0 3 1 0 1 3 4 1 0 1 0 0 0 2 3 0 0 0 3 4 0 4 2 1 0 3 2 3 4 0
 3 0 3 0 0 1 0 3 0 3 3 0 2 2 0 0 0 4 0 0 0 0 3 0 1 0]
[2 0 4 0 4 0 1 0 0 4 4 4 4 4 2 2 0 1 0 1 3 2 3 0 0 1 2 3 4 1 4 2 4 4 0 3 0
 0 0 0 3 0 4 0 0 3 1 0 1 3 4 1 0 1 0 0 0 2 3 0 0 0 3 4 0 4 2 1 0 3 2 3 4 0
 3 0 3 0 0 1 0 3 0 3 3 0 2 2 0 0 0 4 0 0 0 0 3 0 1 0]
[5 7 1 3 6 3 3 3 6 2 1 5 9 4 4 3 7 9 1 8 7 4 8 3 1 3 1 1 8 5 8 4 2 8 7 8 6
 2 4 5 8 5 1 8 6 8 2 3 5 3 9 8 3 7 8 4 6 6 7 2 1 5 7 8 2 9 2 7 2 8 1 9 6 8
 2 9 9 4 7 6 4 1 2 8 2 4 9 6 7 2 8 7 8 1 7 1 2 8 1 5]
[5 7 1 3 6 3 3 3 6 2 1 5 9 4 4 3 7 9 1 8 7 4 8 3 1 3 1 1 8 5 8 4 2 8 7 8 6
 2 4 5 8 5 1 8 6 8 2 3 5 3 9 8 3 7 8 4 6 6 7 2 1 5 7 8 2 9 2 7 2 8 1 9 6 8
 2 9 9 4 7 6 4 1 2 8 2 4 9 6 7 2 8 7 8 1 7 1 2 8 1 5]
[50, 11, 50, 50, 13, 50, 17, 50, 29, 50, 43, 50, 50, 50, 44, 50, 50, 43, 50, 23, 50, 50, 20, 30, 48, 50, 50, 50, 23, 49, 50, 43, 50, 50, 20, 50, 50, 41, 21, 50, 32, 50, 50, 50, 50, 50, 50, 50, 20, 50, 50, 11, 50, 50, 33, 50, 50, 33, 50, 38, 23, 31, 50, 10, 50, 44, 36, 50, 50, 50, 36, 50, 50, 50, 46, 49, 50, 11, 27, 50, 50, 50, 14, 46, 50, 20, 21, 11, 50, 18, 22, 50, 50, 10, 16, 23, 50, 45, 39, 17]
[0 0 0 0 0 0 0 0 0 0 0 0 0 0 0 0 0 0 0 0 0 0 0 0 0 0 0 0 0 0 0 0 0 0 0 0 0
 0 0 0 0 0 0 0 0 0 0 0 0 0 0 0 0 0 0 0 0 0 0 0 0 0 0 0 0 0 0 0 0 0 0 0 0 0
 0 0 0 0 0 0 0 0 0 0 0 0 0 0 0 0 0 0 0 0 0 0 0 0 0 0]
[1 1 1 1 1 1 1 1 1 1 1 1 1 1 1 1 1 1 1 1 1 1 1 1 1 1 1 1 1 1 1 1 1 1 1 1 1
 1 1 1 1 1 1 1 1 1 1 1 1 1 1 1 1 1 1 1 1 1 1 1 1 1 1 1 1 1 1 1 1 1 1 1 1 1
 1 1 1 1 1 1 1 1 1 1 1 1 1 1 1 1 1 1 1 1 1 1 1 1 1 1]
