[ 0  1  2  3  4  5  6  7  8  9 10 11 12 13 14 15 16 17 18 19 20 21 22 23
 24 25 26 27 28 29 30 31 32 33 34 35 36 37 38 39 40 41 42 43 44 45 46 47
 48 49 50 51 52 53 54 55 56 57 58 59 60 61 62 63 64 65 66 67 68 69 70 71
 72 73 74 75 76 77 78 79 80 81 82 83 84 85 86 87 88 89 90 91 92 93 94 95
 96 97 98 99]
[-1 56 73 21  3 -1 -1 -1 83 20 23 -1 85 18 17 -1 -1 85 86 14 34 -1 -1 67
 18 -1 88 46 -1 -1 73 -1 -1 56 75 75  1 70 90 19 -1 74 36 37 43 43 99 57
 38 19 98  9 -1 -1 -1 36 39 64 -1 12 30 62 -1 -1 27 -1 17 -1 22 -1 -1 -1
  5 27 26 72 -1 -1 -1 25 70 80 34 89 79 18 37  9  4 62 -1 18 74 84 86 -1
 37 -1 79 78]
[1 0 1 1 1 0 1 1 0 0 0 1 1 0 1 1 0 0 1 1 1 0 0 1 0 0 1 0 0 0 0 1 0 1 0 0 0
 0 1 0 1 1 0 1 0 1 0 1 0 0 1 1 1 1 1 0 1 1 0 1 1 1 1 1 0 1 0 0 1 1 0 1 0 1
 1 0 0 0 0 1 0 1 1 0 1 1 1 0 0 0 0 1 1 0 0 1 1 0 1 0]
[0 3 2 4 0 2 0 1 0 0 2 0 0 4 2 0 2 0 3 1 2 0 0 2 3 0 0 0 0 4 2 3 0 1 0 0 4
 0 0 0 1 0 2 0 4 4 0 0 3 3 3 0 1 3 0 2 0 0 0 0 0 2 4 0 0 0 0 4 4 1 0 2 1 3
 0 1 0 0 4 2 2 0 4 1 4 3 2 1 4 3 3 0 0 0 0 0 2 0 0 1]
[0 3 2 4 0 2 0 1 0 0 2 0 0 4 2 0 2 0 3 1 2 0 0 2 3 0 0 0 0 4 2 3 0 1 0 0 4
 0 0 0 1 0 2 0 4 4 0 0 3 3 3 0 1 3 0 2 0 0 0 0 0 2 4 0 0 0 0 4 4 1 0 2 1 3
 0 1 0 0 4 2 2 0 4 1 4 3 2 1 4 3 3 0 0 0 0 0 2 0 0 1]
[2 2 1 1 6 4 1 5 6 5 8 7 7 9 4 8 2 4 8 9 7 4 2 7 8 9 7 4 4 1 5 8 4 9 1 9 2
 4 7 9 3 3 4 3 9 9 8 3 8 7 6 5 5 3 2 6 4 7 1 3 2 7 3 8 5 6 9 6 6 3 9 3 9 6
 2 6 2 5 3 5 3 2 8 2 5 8 6 9 8 5 4 1 7 2 7 2 9 6 5 3]
[2 2 1 1 6 4 1 5 6 5 8 7 7 9 4 8 2 4 8 9 7 4 2 7 8 9 7 4 4 1 5 8 4 9 1 9 2
 4 7 9 3 3 4 3 9 9 8 3 8 7 6 5 5 3 2 6 4 7 1 3 2 7 3 8 5 6 9 6 6 3 9 3 9 6
 2 6 2 5 3 5 3 2 8 2 5 8 6 9 8 5 4 1 7 2 7 2 9 6 5 3]
[50, 21, 50, 28, 50, 50, 50, 50, 35, 50, 50, 38, 13, 41, 50, 50, 16, 31, 43, 50, 36, 50, 50, 50, 50, 39, 50, 14, 50, 46, 50, 17, 13, 31, 30, 33, 48, 28, 33, 18, 28, 50, 41, 50, 43, 50, 50, 46, 44, 29, 18, 29, 50, 50, 50, 35, 21, 46, 50, 16, 15, 50, 34, 25, 49, 13, 50, 21, 50, 50, 50, 50, 50, 45, 50, 50, 38, 31, 50, 50, 40, 37, 11, 49, 50, 50, 31, 49, 50, 50, 24, 50, 50, 50, 50, 50, 26, 14, 50, 50]
[0 0 0 0 0 0 0 0 0 0 0 0 0 0 0 0 0 0 0 0 0 0 0 0 0 0 0 0 0 0 0 0 0 0 0 0 0
 0 0 0 0 0 0 0 0 0 0 0 0 0 0 0 0 0 0 0 0 0 0 0 0 0 0 0 0 0 0 0 0 0 0 0 0 0
 0 0 0 0 0 0 0 0 0 0 0 0 0 0 0 0 0 0 0 0 0 0 0 0 0 0]
[1 1 1 1 1 1 1 1 1 1 1 1 1 1 1 1 1 1 1 1 1 1 1 1 1 1 1 1 1 1 1 1 1 1 1 1 1
 1 1 1 1 1 1 1 1 1 1 1 1 1 1 1 1 1 1 1 1 1 1 1 1 1 1 1 1 1 1 1 1 1 1 1 1 1
 1 1 1 1 1 1 1 1 1 1 1 1 1 1 1 1 1 1 1 1 1 1 1 1 1 1]
