[ 0  1  2  3  4  5  6  7  8  9 10 11 12 13 14 15 16 17 18 19 20 21 22 23
 24 25 26 27 28 29 30 31 32 33 34 35 36 37 38 39 40 41 42 43 44 45 46 47
 48 49 50 51 52 53 54 55 56 57 58 59 60 61 62 63 64 65 66 67 68 69 70 71
 72 73 74 75 76 77 78 79 80 81 82 83 84 85 86 87 88 89 90 91 92 93 94 95
 96 97 98 99]
[49 42 -1 91 -1 79 26 -1 -1 37 -1 83 97 -1 -1 -1 -1 12 89 -1 -1 -1 36 56
 97 20 17  9 59  0 38 47 -1 -1 43 62  8 13 65 83 86 58  6 17 -1  0 -1 -1
 -1 -1 73 12 -1  7 55 -1 71 -1 28 -1 14  5 -1 13 -1 23 14 -1 26  0 -1 98
 15  5 45 83 -1 -1 -1 -1 93 -1  5 55 21 14 -1 12  8 84 -1 24 -1 94 -1 87
 83 64 43 52]
[0 1 1 1 1 1 1 1 1 1 1 1 1 1 0 1 1 0 1 0 1 1 0 0 1 1 1 1 1 0 1 1 1 0 1 0 0
 1 1 0 0 0 0 1 0 1 0 0 1 0 0 0 1 0 0 1 0 0 1 0 0 1 0 1 0 1 1 1 0 0 0 1 1 0
 0 0 0 1 0 0 1 1 1 1 0 1 1 1 0 1 1 0 1 1 1 0 1 1 0 0]
[4 0 0 0 0 0 0 0 0 1 0 2 0 2 4 2 1 2 4 0 3 4 0 2 0 1 0 0 4 0 4 0 0 4 0 2 2
 0 0 4 2 1 3 0 4 0 4 0 0 2 0 4 0 1 0 0 3 0 0 4 2 3 4 0 0 1 4 1 2 1 0 4 0 0
 2 1 4 4 0 0 0 0 3 0 1 2 0 1 3 3 0 1 4 3 4 3 4 0 0 0]
[4 0 0 0 0 0 0 0 0 1 0 2 0 2 4 2 1 2 4 0 3 4 0 2 0 1 0 0 4 0 4 0 0 4 0 2 2
 0 0 4 2 1 3 0 4 0 4 0 0 2 0 4 0 1 0 0 3 0 0 4 2 3 4 0 0 1 4 1 2 1 0 4 0 0
 2 1 4 4 0 0 0 0 3 0 1 2 0 1 3 3 0 1 4 3 4 3 4 0 0 0]
[1 3 6 2 2 9 5 6 2 4 7 7 9 6 8 1 1 7 4 9 3 9 3 3 1 6 2 2 3 5 6 5 5 5 1 9 9
 1 9 6 5 6 5 6 1 8 2 4 8 1 3 8 4 5 2 2 7 2 8 2 7 7 4 8 2 6 2 4 1 8 3 3 4 6
 3 7 4 1 8 3 4 1 6 5 4 4 9 1 8 6 6 9 3 6 3 2 8 1 9 7]
[1 3 6 2 2 9 5 6 2 4 7 7 9 6 8 1 1 7 4 9 3 9 3 3 1 6 2 2 3 5 6 5 5 5 1 9 9
 1 9 6 5 6 5 6 1 8 2 4 8 1 3 8 4 5 2 2 7 2 8 2 7 7 4 8 2 6 2 4 1 8 3 3 4 6
 3 7 4 1 8 3 4 1 6 5 4 4 9 1 8 6 6 9 3 6 3 2 8 1 9 7]
[50, 50, 50, 19, 50, 50, 26, 16, 50, 35, 15, 31, 50, 50, 42, 49, 50, 50, 50, 50, 50, 21, 50, 28, 50, 50, 26, 40, 50, 50, 16, 20, 45, 31, 50, 31, 50, 50, 18, 10, 19, 50, 50, 42, 50, 50, 16, 50, 50, 50, 50, 22, 10, 30, 45, 50, 50, 50, 50, 50, 32, 50, 48, 50, 50, 50, 50, 11, 50, 50, 17, 50, 50, 25, 47, 50, 48, 45, 50, 23, 16, 29, 50, 50, 50, 42, 19, 14, 50, 50, 50, 11, 13, 50, 18, 50, 50, 50, 44, 45]
[0 0 0 0 0 0 0 0 0 0 0 0 0 0 0 0 0 0 0 0 0 0 0 0 0 0 0 0 0 0 0 0 0 0 0 0 0
 0 0 0 0 0 0 0 0 0 0 0 0 0 0 0 0 0 0 0 0 0 0 0 0 0 0 0 0 0 0 0 0 0 0 0 0 0
 0 0 0 0 0 0 0 0 0 0 0 0 0 0 0 0 0 0 0 0 0 0 0 0 0 0]
[1 1 1 1 1 1 1 1 1 1 1 1 1 1 1 1 1 1 1 1 1 1 1 1 1 1 1 1 1 1 1 1 1 1 1 1 1
 1 1 1 1 1 1 1 1 1 1 1 1 1 1 1 1 1 1 1 1 1 1 1 1 1 1 1 1 1 1 1 1 1 1 1 1 1
 1 1 1 1 1 1 1 1 1 1 1 1 1 1 1 1 1 1 1 1 1 1 1 1 1 1]
