[ 0  1  2  3  4  5  6  7  8  9 10 11 12 13 14 15 16 17 18 19 20 21 22 23
 24 25 26 27 28 29 30 31 32 33 34 35 36 37 38 39 40 41 42 43 44 45 46 47
 48 49 50 51 52 53 54 55 56 57 58 59 60 61 62 63 64 65 66 67 68 69 70 71
 72 73 74 75 76 77 78 79 80 81 82 83 84 85 86 87 88 89 90 91 92 93 94 95
 96 97 98 99]
[21 94 55 57 47 45 49 -1 56 43 -1 24 -1 63 30 27 -1  9 -1 85 -1 44 75 32
 -1 50 36 84 13 27 -1 56 44 -1  9 77 -1 47 84 -1 30 92 35 -1 28 -1 43 51
 -1 -1 65 -1 39 90 23 -1 -1 54 -1 -1 -1 -1 25 -1 74 38 94 -1 -1 98 -1 56
 53 -1 57 16 39 47 54 38 -1 -1 -1 37 20 40 -1 52 94  0 -1 -1 -1 84  4 43
 -1 -1 50 57]
[1 1 1 0 0 0 0 0 1 1 0 0 1 0 1 1 0 0 1 0 1 0 1 1 0 0 0 1 0 0 1 1 1 0 0 1 1
 0 1 0 0 1 1 0 1 1 1 1 0 0 1 0 0 1 0 1 1 1 0 0 0 1 1 0 1 1 0 0 0 0 0 1 1 0
 1 0 1 0 1 0 1 0 0 0 0 1 1 1 0 1 1 1 0 1 1 1 0 1 0 0]
[0 0 0 3 2 0 2 0 2 0 0 3 2 0 1 0 0 0 3 0 1 0 0 2 4 2 0 1 0 0 2 1 0 1 0 0 0
 4 4 4 0 4 0 0 1 2 0 0 0 3 4 0 0 0 3 0 1 2 0 0 3 0 0 0 1 0 3 0 0 3 0 0 0 3
 2 1 0 3 1 0 0 4 4 0 2 0 4 0 2 0 0 0 4 1 4 0 3 0 4 0]
[0 0 0 3 2 0 2 0 2 0 0 3 2 0 1 0 0 0 3 0 1 0 0 2 4 2 0 1 0 0 2 1 0 1 0 0 0
 4 4 4 0 4 0 0 1 2 0 0 0 3 4 0 0 0 3 0 1 2 0 0 3 0 0 0 1 0 3 0 0 3 0 0 0 3
 2 1 0 3 1 0 0 4 4 0 2 0 4 0 2 0 0 0 4 1 4 0 3 0 4 0]
[7 7 1 8 1 2 3 6 1 4 1 4 7 7 1 6 6 1 5 4 9 6 6 7 1 1 9 8 2 6 9 7 8 7 3 9 3
 6 3 7 7 7 4 8 6 7 6 7 6 6 1 6 8 6 8 6 1 2 8 4 2 4 6 8 6 8 1 3 7 1 9 2 8 3
 9 2 1 8 4 2 2 5 5 9 7 3 1 9 6 6 5 2 4 9 7 5 1 2 2 7]
[7 7 1 8 1 2 3 6 1 4 1 4 7 7 1 6 6 1 5 4 9 6 6 7 1 1 9 8 2 6 9 7 8 7 3 9 3
 6 3 7 7 7 4 8 6 7 6 7 6 6 1 6 8 6 8 6 1 2 8 4 2 4 6 8 6 8 1 3 7 1 9 2 8 3
 9 2 1 8 4 2 2 5 5 9 7 3 1 9 6 6 5 2 4 9 7 5 1 2 2 7]
[50, 40, 45, 27, 35, 42, 25, 39, 43, 33, 50, 48, 41, 50, 14, 33, 50, 50, 41, 34, 50, 16, 50, 50, 50, 27, 50, 37, 50, 10, 50, 42, 49, 50, 50, 50, 50, 17, 41, 25, 50, 50, 50, 47, 50, 50, 21, 20, 28, 35, 50, 50, 50, 32, 40, 38, 47, 32, 50, 50, 17, 11, 39, 50, 50, 20, 50, 50, 50, 50, 50, 50, 22, 12, 50, 50, 33, 50, 22, 41, 26, 50, 50, 11, 13, 44, 50, 50, 31, 14, 50, 50, 50, 50, 50, 50, 50, 20, 30, 50]
[0 0 0 0 0 0 0 0 0 0 0 0 0 0 0 0 0 0 0 0 0 0 0 0 0 0 0 0 0 0 0 0 0 0 0 0 0
 0 0 0 0 0 0 0 0 0 0 0 0 0 0 0 0 0 0 0 0 0 0 0 0 0 0 0 0 0 0 0 0 0 0 0 0 0
 0 0 0 0 0 0 0 0 0 0 0 0 0 0 0 0 0 0 0 0 0 0 0 0 0 0]
[1 1 1 1 1 1 1 1 1 1 1 1 1 1 1 1 1 1 1 1 1 1 1 1 1 1 1 1 1 1 1 1 1 1 1 1 1
 1 1 1 1 1 1 1 1 1 1 1 1 1 1 1 1 1 1 1 1 1 1 1 1 1 1 1 1 1 1 1 1 1 1 1 1 1
 1 1 1 1 1 1 1 1 1 1 1 1 1 1 1 1 1 1 1 1 1 1 1 1 1 1]
