[ 0  1  2  3  4  5  6  7  8  9 10 11 12 13 14 15 16 17 18 19 20 21 22 23
 24 25 26 27 28 29 30 31 32 33 34 35 36 37 38 39 40 41 42 43 44 45 46 47
 48 49 50 51 52 53 54 55 56 57 58 59 60 61 62 63 64 65 66 67 68 69 70 71
 72 73 74 75 76 77 78 79 80 81 82 83 84 85 86 87 88 89 90 91 92 93 94 95
 96 97 98 99]
[-1  4 37 -1 -1 54 -1 -1 -1 13 82 17 24 -1 37 -1 36 53  9 59 66 -1 -1 39
 -1 44 75 46 60 -1 57 29 99 -1 99 -1 24 -1  7 -1 -1 -1 81 -1 93 -1 -1 32
 -1 -1 48 36 70 27 -1 42 16 21 51 28 -1 34 90 55 -1 -1 -1 -1 59 78 -1 -1
 27 43 46 -1 -1 50 80 88 -1 24 98 54 41 31  6 98 51 36 17 93 73 -1 -1 18
 75 -1 -1 -1]
[0 1 0 0 1 0 1 1 1 0 0 1 0 0 0 1 1 1 0 1 0 1 0 1 1 1 1 1 1 1 0 0 0 0 0 1 1
 0 1 0 0 1 0 1 1 1 1 1 0 1 0 0 1 0 0 0 1 0 0 1 0 0 0 0 1 1 1 1 0 0 0 0 0 0
 1 1 0 0 0 1 1 1 0 0 1 1 0 1 1 0 0 1 0 1 1 1 0 0 1 0]
[0 2 0 0 4 3 0 0 0 0 0 2 4 0 0 0 0 0 0 4 4 0 1 0 3 0 1 0 0 0 0 0 0 0 0 0 0
 0 1 0 0 4 1 0 0 0 3 0 1 0 0 0 0 3 4 0 0 0 0 2 4 2 2 0 0 0 0 0 0 1 0 0 4 0
 1 0 0 4 2 0 0 3 0 1 4 4 4 4 3 1 0 0 0 0 3 4 2 0 0 0]
[0 2 0 0 4 3 0 0 0 0 0 2 4 0 0 0 0 0 0 4 4 0 1 0 3 0 1 0 0 0 0 0 0 0 0 0 0
 0 1 0 0 4 1 0 0 0 3 0 1 0 0 0 0 3 4 0 0 0 0 2 4 2 2 0 0 0 0 0 0 1 0 0 4 0
 1 0 0 4 2 0 0 3 0 1 4 4 4 4 3 1 0 0 0 0 3 4 2 0 0 0]
[1 4 3 3 2 7 5 9 6 3 6 6 9 8 9 7 3 5 8 5 6 1 7 1 9 7 4 9 8 4 4 5 3 1 1 8 2
 2 9 3 1 8 2 1 7 3 2 6 8 9 9 8 5 8 3 8 1 7 4 5 3 9 8 8 6 7 6 5 8 7 4 3 8 7
 4 2 2 1 2 2 5 4 2 9 1 4 4 9 2 7 2 9 4 1 6 1 4 2 4 8]
[1 4 3 3 2 7 5 9 6 3 6 6 9 8 9 7 3 5 8 5 6 1 7 1 9 7 4 9 8 4 4 5 3 1 1 8 2
 2 9 3 1 8 2 1 7 3 2 6 8 9 9 8 5 8 3 8 1 7 4 5 3 9 8 8 6 7 6 5 8 7 4 3 8 7
 4 2 2 1 2 2 5 4 2 9 1 4 4 9 2 7 2 9 4 1 6 1 4 2 4 8]
[50, 50, 50, 47, 50, 50, 50, 50, 32, 34, 25, 50, 34, 19, 39, 50, 50, 13, 17, 50, 50, 50, 25, 42, 50, 50, 50, 50, 50, 50, 46, 15, 50, 50, 50, 50, 26, 50, 50, 34, 17, 50, 50, 50, 19, 50, 50, 38, 27, 11, 30, 36, 10, 18, 49, 38, 23, 46, 50, 50, 50, 50, 33, 43, 24, 50, 24, 50, 35, 50, 50, 19, 50, 50, 47, 50, 44, 32, 29, 43, 24, 50, 50, 21, 37, 50, 11, 30, 34, 50, 15, 50, 50, 50, 50, 50, 50, 24, 21, 50]
[0 0 0 0 0 0 0 0 0 0 0 0 0 0 0 0 0 0 0 0 0 0 0 0 0 0 0 0 0 0 0 0 0 0 0 0 0
 0 0 0 0 0 0 0 0 0 0 0 0 0 0 0 0 0 0 0 0 0 0 0 0 0 0 0 0 0 0 0 0 0 0 0 0 0
 0 0 0 0 0 0 0 0 0 0 0 0 0 0 0 0 0 0 0 0 0 0 0 0 0 0]
[1 1 1 1 1 1 1 1 1 1 1 1 1 1 1 1 1 1 1 1 1 1 1 1 1 1 1 1 1 1 1 1 1 1 1 1 1
 1 1 1 1 1 1 1 1 1 1 1 1 1 1 1 1 1 1 1 1 1 1 1 1 1 1 1 1 1 1 1 1 1 1 1 1 1
 1 1 1 1 1 1 1 1 1 1 1 1 1 1 1 1 1 1 1 1 1 1 1 1 1 1]
