[ 0  1  2  3  4  5  6  7  8  9 10 11 12 13 14 15 16 17 18 19 20 21 22 23
 24 25 26 27 28 29 30 31 32 33 34 35 36 37 38 39 40 41 42 43 44 45 46 47
 48 49 50 51 52 53 54 55 56 57 58 59 60 61 62 63 64 65 66 67 68 69 70 71
 72 73 74 75 76 77 78 79 80 81 82 83 84 85 86 87 88 89 90 91 92 93 94 95
 96 97 98 99]
[-1 91 -1 41 77 23 33 14 65 64 13 -1  3 -1 78 -1 64 30 51 44 -1 46 -1 24
 22 87 36 -1 14 -1 -1 65 74 98 50 18 62 42 73 -1 28 52 97 54 32 29 -1 85
  4 87 51 71 -1 -1 -1 25 18 67 55 -1 -1 89  9 93 89 74 39 -1 -1 88 52 -1
 59 -1 36 64 -1  1 37 57 -1 15 -1 85 89 -1 25 -1 52 48 19 68 -1 74 62  6
 25 70 51 23]
[1 0 0 1 0 0 0 0 0 1 0 0 1 0 1 0 0 1 0 0 0 0 1 0 0 1 1 1 0 1 0 0 0 1 1 1 0
 0 1 0 0 1 0 0 1 0 0 0 1 1 0 1 1 1 1 1 1 0 1 1 0 1 1 1 1 0 0 1 0 0 0 0 0 0
 1 1 0 0 1 0 1 1 0 1 1 0 1 0 1 1 1 1 0 0 1 1 0 1 1 1]
[0 1 0 0 4 3 1 4 1 0 0 2 2 0 0 4 2 1 3 0 3 4 2 0 0 0 0 0 0 2 0 0 3 0 1 0 0
 4 2 0 3 1 2 0 0 0 0 0 0 4 0 2 0 1 0 0 2 0 0 0 4 1 0 1 1 0 3 0 4 3 0 0 3 0
 0 2 0 1 2 0 4 0 0 0 0 0 3 0 1 0 0 0 1 0 4 0 0 0 1 0]
[0 1 0 0 4 3 1 4 1 0 0 2 2 0 0 4 2 1 3 0 3 4 2 0 0 0 0 0 0 2 0 0 3 0 1 0 0
 4 2 0 3 1 2 0 0 0 0 0 0 4 0 2 0 1 0 0 2 0 0 0 4 1 0 1 1 0 3 0 4 3 0 0 3 0
 0 2 0 1 2 0 4 0 0 0 0 0 3 0 1 0 0 0 1 0 4 0 0 0 1 0]
[9 3 2 3 3 6 9 2 9 1 8 3 2 9 4 1 8 4 9 8 2 3 3 8 3 1 8 2 5 6 8 5 3 4 2 9 4
 5 6 2 7 1 9 2 6 2 3 6 7 6 9 2 9 8 7 6 1 6 9 3 7 3 9 7 5 5 2 9 5 9 9 2 9 6
 6 7 1 6 5 8 5 3 9 5 3 9 6 1 5 1 1 8 8 6 2 8 8 6 3 7]
[9 3 2 3 3 6 9 2 9 1 8 3 2 9 4 1 8 4 9 8 2 3 3 8 3 1 8 2 5 6 8 5 3 4 2 9 4
 5 6 2 7 1 9 2 6 2 3 6 7 6 9 2 9 8 7 6 1 6 9 3 7 3 9 7 5 5 2 9 5 9 9 2 9 6
 6 7 1 6 5 8 5 3 9 5 3 9 6 1 5 1 1 8 8 6 2 8 8 6 3 7]
[50, 48, 50, 50, 50, 50, 50, 15, 50, 50, 32, 39, 50, 12, 25, 37, 46, 39, 50, 50, 36, 32, 17, 45, 50, 33, 48, 50, 50, 44, 50, 50, 31, 40, 10, 50, 50, 50, 50, 50, 43, 50, 50, 50, 25, 29, 41, 28, 50, 50, 11, 47, 50, 50, 18, 16, 30, 40, 50, 32, 30, 50, 50, 50, 45, 42, 50, 15, 44, 43, 50, 12, 23, 19, 30, 39, 18, 20, 50, 50, 42, 46, 50, 42, 42, 35, 26, 50, 50, 35, 46, 50, 50, 50, 47, 20, 50, 46, 18, 36]
[0 0 0 0 0 0 0 0 0 0 0 0 0 0 0 0 0 0 0 0 0 0 0 0 0 0 0 0 0 0 0 0 0 0 0 0 0
 0 0 0 0 0 0 0 0 0 0 0 0 0 0 0 0 0 0 0 0 0 0 0 0 0 0 0 0 0 0 0 0 0 0 0 0 0
 0 0 0 0 0 0 0 0 0 0 0 0 0 0 0 0 0 0 0 0 0 0 0 0 0 0]
[1 1 1 1 1 1 1 1 1 1 1 1 1 1 1 1 1 1 1 1 1 1 1 1 1 1 1 1 1 1 1 1 1 1 1 1 1
 1 1 1 1 1 1 1 1 1 1 1 1 1 1 1 1 1 1 1 1 1 1 1 1 1 1 1 1 1 1 1 1 1 1 1 1 1
 1 1 1 1 1 1 1 1 1 1 1 1 1 1 1 1 1 1 1 1 1 1 1 1 1 1]
