[ 0  1  2  3  4  5  6  7  8  9 10 11 12 13 14 15 16 17 18 19 20 21 22 23
 24 25 26 27 28 29 30 31 32 33 34 35 36 37 38 39 40 41 42 43 44 45 46 47
 48 49 50 51 52 53 54 55 56 57 58 59 60 61 62 63 64 65 66 67 68 69 70 71
 72 73 74 75 76 77 78 79 80 81 82 83 84 85 86 87 88 89 90 91 92 93 94 95
 96 97 98 99]
[58 89 31 62 -1 76 68 87 -1 -1 -1 -1 24 71 -1 63  3 -1 46 -1  9 57 47 39
 35 76 -1 50 -1 -1 -1 74 65 -1  3 -1 27 -1 -1 53 92 56 92 -1 -1 12  4 58
 11 50 25 73 84 -1 50 70 62 -1 31 10 56 49  5 -1 68 -1 90 36 -1 99  5 49
 39 52 52 -1 28 50 99 27 25 87 89 64 -1 -1 66 -1 38 -1 -1 64 87 11 50 13
 23 90 11 90]
[0 0 1 0 0 0 0 0 0 1 1 0 0 1 0 1 1 0 1 1 1 1 1 0 1 1 1 1 0 0 0 0 1 0 0 1 1
 1 0 0 0 1 0 0 0 1 1 0 1 1 0 1 1 1 0 0 1 1 1 1 1 1 1 0 0 0 0 0 0 0 0 0 0 1
 1 1 1 0 1 1 1 1 1 1 1 1 0 0 1 0 1 0 1 0 0 0 1 0 1 1]
[1 0 0 0 0 3 4 0 0 0 1 0 4 0 0 0 0 3 2 0 1 0 0 1 4 3 1 2 2 0 3 1 2 0 3 0 0
 0 1 0 0 0 3 2 3 2 4 0 0 0 0 3 4 4 1 0 0 1 1 3 0 1 0 0 0 1 0 0 0 4 2 1 0 1
 0 2 0 0 2 0 2 0 4 0 4 0 1 4 0 0 3 2 0 0 2 4 0 0 2 1]
[1 0 0 0 0 3 4 0 0 0 1 0 4 0 0 0 0 3 2 0 1 0 0 1 4 3 1 2 2 0 3 1 2 0 3 0 0
 0 1 0 0 0 3 2 3 2 4 0 0 0 0 3 4 4 1 0 0 1 1 3 0 1 0 0 0 1 0 0 0 4 2 1 0 1
 0 2 0 0 2 0 2 0 4 0 4 0 1 4 0 0 3 2 0 0 2 4 0 0 2 1]
[8 5 9 1 7 4 2 7 6 3 3 7 5 6 8 9 1 7 8 5 8 5 2 7 4 9 3 7 4 4 8 3 3 4 5 5 8
 1 3 8 6 1 1 5 2 7 1 3 7 4 1 4 1 6 1 4 7 7 8 5 7 3 7 1 5 2 4 6 1 1 3 6 2 1
 7 2 2 8 7 2 8 7 5 3 9 3 8 8 1 7 4 9 6 7 4 9 2 9 7 5]
[8 5 9 1 7 4 2 7 6 3 3 7 5 6 8 9 1 7 8 5 8 5 2 7 4 9 3 7 4 4 8 3 3 4 5 5 8
 1 3 8 6 1 1 5 2 7 1 3 7 4 1 4 1 6 1 4 7 7 8 5 7 3 7 1 5 2 4 6 1 1 3 6 2 1
 7 2 2 8 7 2 8 7 5 3 9 3 8 8 1 7 4 9 6 7 4 9 2 9 7 5]
[10, 27, 50, 41, 50, 50, 50, 50, 45, 27, 50, 50, 41, 50, 50, 21, 16, 14, 50, 50, 14, 50, 15, 41, 25, 30, 50, 23, 35, 50, 17, 50, 26, 12, 50, 50, 50, 50, 50, 50, 50, 50, 50, 19, 50, 50, 50, 31, 30, 44, 50, 50, 18, 35, 50, 31, 50, 50, 33, 50, 34, 44, 50, 50, 50, 50, 15, 50, 50, 45, 50, 28, 50, 50, 50, 50, 50, 50, 21, 20, 50, 50, 50, 50, 50, 50, 50, 13, 50, 50, 21, 12, 19, 50, 26, 11, 50, 20, 50, 50]
[0 0 0 0 0 0 0 0 0 0 0 0 0 0 0 0 0 0 0 0 0 0 0 0 0 0 0 0 0 0 0 0 0 0 0 0 0
 0 0 0 0 0 0 0 0 0 0 0 0 0 0 0 0 0 0 0 0 0 0 0 0 0 0 0 0 0 0 0 0 0 0 0 0 0
 0 0 0 0 0 0 0 0 0 0 0 0 0 0 0 0 0 0 0 0 0 0 0 0 0 0]
[1 1 1 1 1 1 1 1 1 1 1 1 1 1 1 1 1 1 1 1 1 1 1 1 1 1 1 1 1 1 1 1 1 1 1 1 1
 1 1 1 1 1 1 1 1 1 1 1 1 1 1 1 1 1 1 1 1 1 1 1 1 1 1 1 1 1 1 1 1 1 1 1 1 1
 1 1 1 1 1 1 1 1 1 1 1 1 1 1 1 1 1 1 1 1 1 1 1 1 1 1]
