[ 0  1  2  3  4  5  6  7  8  9 10 11 12 13 14 15 16 17 18 19 20 21 22 23
 24 25 26 27 28 29 30 31 32 33 34 35 36 37 38 39 40 41 42 43 44 45 46 47
 48 49 50 51 52 53 54 55 56 57 58 59 60 61 62 63 64 65 66 67 68 69 70 71
 72 73 74 75 76 77 78 79 80 81 82 83 84 85 86 87 88 89 90 91 92 93 94 95
 96 97 98 99]
[-1 -1 -1 56 82 70 -1 30 35 -1 -1 88 43 -1 69 14  7 69 82 -1 -1 -1 51 -1
 97 86 -1 79 -1  9 82 45 -1 -1 82 45 93 -1 -1 -1 20 97 75 -1 24 14 51 19
 -1 10 -1 -1 44 82  1 -1  6 -1 -1 56 34 54 64 40 -1 -1 -1 -1  1 -1 -1 -1
 49 -1 24 -1 96 89  2 75 30 -1 70 69 58 96 38 99  7 61 -1 72 -1 74 66 91
 -1 55 43 95]
[0 1 0 0 1 1 0 1 0 1 0 0 1 0 1 1 0 0 0 0 1 1 0 0 1 1 1 0 1 1 1 1 0 1 1 0 1
 1 1 0 0 0 0 0 1 0 1 1 0 1 0 1 0 0 1 0 0 0 0 0 1 1 0 0 1 1 0 1 0 0 0 1 1 1
 1 1 1 0 1 0 0 0 0 0 1 0 0 1 1 0 0 0 0 1 1 0 0 0 1 0]
[1 0 3 0 3 0 1 1 2 1 4 4 2 0 0 0 4 2 0 0 0 1 0 3 0 3 0 3 0 2 0 0 3 0 0 0 3
 2 3 0 0 1 0 0 2 0 1 3 0 3 3 2 0 4 0 0 1 0 4 3 0 0 3 4 0 0 1 0 0 3 0 0 0 0
 3 0 0 0 1 2 3 0 0 1 1 2 0 0 0 1 0 3 0 2 0 1 4 2 0 3]
[1 0 3 0 3 0 1 1 2 1 4 4 2 0 0 0 4 2 0 0 0 1 0 3 0 3 0 3 0 2 0 0 3 0 0 0 3
 2 3 0 0 1 0 0 2 0 1 3 0 3 3 2 0 4 0 0 1 0 4 3 0 0 3 4 0 0 1 0 0 3 0 0 0 0
 3 0 0 0 1 2 3 0 0 1 1 2 0 0 0 1 0 3 0 2 0 1 4 2 0 3]
[9 3 1 2 1 7 4 7 2 9 4 2 1 5 3 9 5 1 2 3 6 3 7 3 6 9 4 5 2 4 7 9 7 2 1 7 2
 2 7 4 8 3 5 4 4 6 2 5 3 4 1 1 2 5 9 6 4 9 6 8 2 2 7 1 3 7 4 4 1 4 5 5 6 7
 4 6 4 7 9 1 4 5 6 9 3 8 8 8 5 4 3 7 2 7 2 6 4 5 7 3]
[9 3 1 2 1 7 4 7 2 9 4 2 1 5 3 9 5 1 2 3 6 3 7 3 6 9 4 5 2 4 7 9 7 2 1 7 2
 2 7 4 8 3 5 4 4 6 2 5 3 4 1 1 2 5 9 6 4 9 6 8 2 2 7 1 3 7 4 4 1 4 5 5 6 7
 4 6 4 7 9 1 4 5 6 9 3 8 8 8 5 4 3 7 2 7 2 6 4 5 7 3]
[50, 16, 38, 18, 50, 10, 48, 50, 50, 39, 50, 50, 36, 13, 50, 50, 50, 50, 50, 16, 50, 50, 50, 50, 12, 50, 23, 50, 23, 50, 50, 50, 50, 50, 30, 50, 45, 50, 44, 50, 50, 25, 17, 44, 50, 38, 50, 50, 50, 50, 35, 38, 33, 50, 34, 49, 25, 15, 22, 46, 50, 50, 26, 50, 29, 50, 50, 41, 29, 26, 21, 33, 50, 50, 29, 32, 18, 50, 38, 47, 14, 26, 41, 50, 34, 50, 29, 46, 19, 50, 50, 45, 50, 50, 35, 22, 50, 38, 50, 50]
[0 0 0 0 0 0 0 0 0 0 0 0 0 0 0 0 0 0 0 0 0 0 0 0 0 0 0 0 0 0 0 0 0 0 0 0 0
 0 0 0 0 0 0 0 0 0 0 0 0 0 0 0 0 0 0 0 0 0 0 0 0 0 0 0 0 0 0 0 0 0 0 0 0 0
 0 0 0 0 0 0 0 0 0 0 0 0 0 0 0 0 0 0 0 0 0 0 0 0 0 0]
[1 1 1 1 1 1 1 1 1 1 1 1 1 1 1 1 1 1 1 1 1 1 1 1 1 1 1 1 1 1 1 1 1 1 1 1 1
 1 1 1 1 1 1 1 1 1 1 1 1 1 1 1 1 1 1 1 1 1 1 1 1 1 1 1 1 1 1 1 1 1 1 1 1 1
 1 1 1 1 1 1 1 1 1 1 1 1 1 1 1 1 1 1 1 1 1 1 1 1 1 1]
