[ 0  1  2  3  4  5  6  7  8  9 10 11 12 13 14 15 16 17 18 19 20 21 22 23
 24 25 26 27 28 29 30 31 32 33 34 35 36 37 38 39 40 41 42 43 44 45 46 47
 48 49 50 51 52 53 54 55 56 57 58 59 60 61 62 63 64 65 66 67 68 69 70 71
 72 73 74 75 76 77 78 79 80 81 82 83 84 85 86 87 88 89 90 91 92 93 94 95
 96 97 98 99]
[-1 54 59 92 37 79 42 19 61 79 54  1 -1  9 -1 -1  7 -1 44 -1 -1 49 78  6
 94 85 71 59 -1 -1 -1 67 94 36 61  8 -1 31  8 -1 85 55  5 98 85 40 69 74
 42  3 -1 29 -1  4 33 50 -1 -1 96 63 -1 65 -1 29 -1 26 87 -1 42 16 68 96
 46 -1 84 97 24 -1  2 74 60 -1 -1 -1 61 39 -1 45 69 35 73 -1 -1 -1 38 -1
 57 -1 49  0]
[0 0 1 1 1 0 0 1 0 0 0 0 0 0 1 1 1 0 0 1 0 1 0 0 1 1 1 0 1 0 1 1 0 1 0 0 1
 1 1 1 0 1 0 0 0 1 0 1 1 0 1 0 0 1 1 1 0 1 0 0 1 0 0 1 0 0 0 1 0 1 0 0 0 0
 0 1 1 1 1 0 1 1 1 1 0 0 0 0 1 0 1 0 1 0 1 0 1 0 1 0]
[0 0 3 2 0 3 2 1 3 0 0 0 1 4 0 4 2 0 2 3 0 3 1 2 0 3 3 4 4 0 2 1 0 0 0 0 0
 0 2 2 1 4 0 1 1 0 0 0 2 0 2 0 0 4 0 3 4 4 0 0 0 2 4 3 0 0 4 0 2 4 2 2 1 0
 4 0 0 0 2 0 0 4 4 3 1 4 1 0 0 1 0 0 0 4 2 3 2 0 0 0]
[0 0 3 2 0 3 2 1 3 0 0 0 1 4 0 4 2 0 2 3 0 3 1 2 0 3 3 4 4 0 2 1 0 0 0 0 0
 0 2 2 1 4 0 1 1 0 0 0 2 0 2 0 0 4 0 3 4 4 0 0 0 2 4 3 0 0 4 0 2 4 2 2 1 0
 4 0 0 0 2 0 0 4 4 3 1 4 1 0 0 1 0 0 0 4 2 3 2 0 0 0]
[4 1 3 8 8 5 8 9 6 5 2 5 4 8 1 1 6 9 8 6 8 8 5 4 5 5 6 4 3 1 7 5 8 8 1 8 6
 5 1 8 6 8 6 3 9 2 1 8 8 5 8 6 3 6 2 1 4 3 2 6 2 4 5 4 6 1 3 8 7 7 3 2 7 8
 6 6 7 4 7 7 4 9 4 7 1 4 4 7 8 1 6 7 4 3 9 2 2 5 1 6]
[4 1 3 8 8 5 8 9 6 5 2 5 4 8 1 1 6 9 8 6 8 8 5 4 5 5 6 4 3 1 7 5 8 8 1 8 6
 5 1 8 6 8 6 3 9 2 1 8 8 5 8 6 3 6 2 1 4 3 2 6 2 4 5 4 6 1 3 8 7 7 3 2 7 8
 6 6 7 4 7 7 4 9 4 7 1 4 4 7 8 1 6 7 4 3 9 2 2 5 1 6]
[50, 50, 10, 50, 50, 50, 47, 50, 50, 36, 19, 38, 50, 12, 50, 23, 50, 36, 50, 50, 50, 50, 26, 50, 29, 50, 50, 42, 12, 17, 46, 50, 50, 47, 50, 10, 50, 35, 50, 42, 15, 36, 16, 50, 50, 39, 50, 50, 30, 41, 47, 50, 32, 50, 50, 18, 50, 15, 47, 13, 12, 50, 36, 50, 50, 50, 50, 50, 31, 32, 50, 50, 32, 31, 29, 50, 13, 50, 50, 48, 50, 29, 33, 50, 50, 50, 50, 30, 16, 50, 39, 44, 25, 44, 42, 35, 36, 50, 37, 50]
[0 0 0 0 0 0 0 0 0 0 0 0 0 0 0 0 0 0 0 0 0 0 0 0 0 0 0 0 0 0 0 0 0 0 0 0 0
 0 0 0 0 0 0 0 0 0 0 0 0 0 0 0 0 0 0 0 0 0 0 0 0 0 0 0 0 0 0 0 0 0 0 0 0 0
 0 0 0 0 0 0 0 0 0 0 0 0 0 0 0 0 0 0 0 0 0 0 0 0 0 0]
[1 1 1 1 1 1 1 1 1 1 1 1 1 1 1 1 1 1 1 1 1 1 1 1 1 1 1 1 1 1 1 1 1 1 1 1 1
 1 1 1 1 1 1 1 1 1 1 1 1 1 1 1 1 1 1 1 1 1 1 1 1 1 1 1 1 1 1 1 1 1 1 1 1 1
 1 1 1 1 1 1 1 1 1 1 1 1 1 1 1 1 1 1 1 1 1 1 1 1 1 1]
