[ 0  1  2  3  4  5  6  7  8  9 10 11 12 13 14 15 16 17 18 19 20 21 22 23
 24 25 26 27 28 29 30 31 32 33 34 35 36 37 38 39 40 41 42 43 44 45 46 47
 48 49 50 51 52 53 54 55 56 57 58 59 60 61 62 63 64 65 66 67 68 69 70 71
 72 73 74 75 76 77 78 79 80 81 82 83 84 85 86 87 88 89 90 91 92 93 94 95
 96 97 98 99]
[-1 13 30 74 51 -1 -1 -1 -1 54 -1 -1 37 -1 -1 -1 84 -1 -1 97 85 -1 -1 -1
 -1 63 96  5 11 15 93 -1 18 -1 54 36 41 39 93 54 58 -1 79  6 -1 90 18 -1
 -1 30 30 22 -1 96  4 -1 -1 34 76 16 72 80  5 32 74 -1 62 40 96 57  4 94
 -1 54 19 52 91 34 92 -1 -1 93 60 -1 66 67 25 10 -1 42 18 37 -1 -1 25 11
 29 63 74 -1]
[1 0 0 1 0 0 0 0 0 0 1 1 0 0 1 1 0 1 1 1 0 1 1 0 0 1 1 0 1 1 0 0 1 0 0 0 1
 1 0 0 1 0 0 1 0 0 1 1 0 1 0 1 0 1 0 1 1 1 1 0 1 0 0 1 1 0 1 0 1 0 1 1 1 1
 0 0 0 1 0 0 0 0 0 1 0 0 0 0 1 0 1 0 0 0 1 0 0 0 1 0]
[0 0 0 2 4 4 0 2 2 0 0 3 1 0 0 0 3 0 0 0 0 3 4 0 0 1 2 4 2 0 0 2 1 4 2 1 2
 3 0 0 0 0 1 0 0 1 1 3 0 0 1 0 0 2 3 3 3 3 0 0 4 0 3 0 0 0 3 0 1 1 4 0 1 0
 0 2 2 0 2 3 0 0 3 0 0 4 4 0 3 4 1 1 0 1 3 1 3 0 3 0]
[0 0 0 2 4 4 0 2 2 0 0 3 1 0 0 0 3 0 0 0 0 3 4 0 0 1 2 4 2 0 0 2 1 4 2 1 2
 3 0 0 0 0 1 0 0 1 1 3 0 0 1 0 0 2 3 3 3 3 0 0 4 0 3 0 0 0 3 0 1 1 4 0 1 0
 0 2 2 0 2 3 0 0 3 0 0 4 4 0 3 4 1 1 0 1 3 1 3 0 3 0]
[1 1 4 9 3 7 3 5 3 6 6 9 3 1 2 2 1 2 3 5 9 2 5 7 5 7 5 5 7 4 6 2 9 1 4 4 1
 3 5 2 9 8 6 9 4 2 9 2 2 9 7 3 3 5 5 3 9 1 1 1 5 3 3 8 3 6 4 2 7 9 2 4 8 3
 3 9 7 8 2 7 5 1 8 5 1 6 3 6 8 4 7 9 1 2 1 5 7 3 7 2]
[1 1 4 9 3 7 3 5 3 6 6 9 3 1 2 2 1 2 3 5 9 2 5 7 5 7 5 5 7 4 6 2 9 1 4 4 1
 3 5 2 9 8 6 9 4 2 9 2 2 9 7 3 3 5 5 3 9 1 1 1 5 3 3 8 3 6 4 2 7 9 2 4 8 3
 3 9 7 8 2 7 5 1 8 5 1 6 3 6 8 4 7 9 1 2 1 5 7 3 7 2]
[50, 50, 41, 34, 50, 50, 27, 50, 33, 50, 47, 32, 50, 50, 50, 50, 50, 25, 17, 50, 30, 39, 10, 31, 50, 50, 50, 41, 50, 50, 50, 11, 29, 20, 23, 50, 50, 50, 21, 35, 40, 20, 25, 46, 50, 50, 50, 31, 50, 18, 50, 50, 24, 50, 50, 24, 10, 28, 50, 50, 12, 50, 40, 30, 50, 38, 50, 42, 50, 38, 42, 22, 50, 50, 50, 50, 15, 50, 50, 46, 42, 17, 50, 35, 50, 50, 34, 16, 50, 50, 45, 38, 15, 43, 50, 39, 39, 50, 50, 50]
[0 0 0 0 0 0 0 0 0 0 0 0 0 0 0 0 0 0 0 0 0 0 0 0 0 0 0 0 0 0 0 0 0 0 0 0 0
 0 0 0 0 0 0 0 0 0 0 0 0 0 0 0 0 0 0 0 0 0 0 0 0 0 0 0 0 0 0 0 0 0 0 0 0 0
 0 0 0 0 0 0 0 0 0 0 0 0 0 0 0 0 0 0 0 0 0 0 0 0 0 0]
[1 1 1 1 1 1 1 1 1 1 1 1 1 1 1 1 1 1 1 1 1 1 1 1 1 1 1 1 1 1 1 1 1 1 1 1 1
 1 1 1 1 1 1 1 1 1 1 1 1 1 1 1 1 1 1 1 1 1 1 1 1 1 1 1 1 1 1 1 1 1 1 1 1 1
 1 1 1 1 1 1 1 1 1 1 1 1 1 1 1 1 1 1 1 1 1 1 1 1 1 1]
