[ 0  1  2  3  4  5  6  7  8  9 10 11 12 13 14 15 16 17 18 19 20 21 22 23
 24 25 26 27 28 29 30 31 32 33 34 35 36 37 38 39 40 41 42 43 44 45 46 47
 48 49 50 51 52 53 54 55 56 57 58 59 60 61 62 63 64 65 66 67 68 69 70 71
 72 73 74 75 76 77 78 79 80 81 82 83 84 85 86 87 88 89 90 91 92 93 94 95
 96 97 98 99]
[ 8 94 -1 -1 -1 -1 -1 12 -1  7 71 -1 26 69 20 -1 -1 -1 -1 97 91 32 37 -1
 17 -1 -1 51 27 -1 24 -1 -1 27  4 70 -1 -1 92 -1 -1 61 97  1 23 -1 -1 62
 66 -1 -1 43 44 43 25 23 20 79 -1 -1 -1 97 12 54 72 38 47 -1 -1 78 -1 70
 -1 70 -1 67 -1 -1 50  1 63 93 40 -1 65 60 -1 89 -1 13 55 28 90  2 63 66
 -1 65 48 34]
[0 0 0 0 1 1 1 1 0 1 0 0 0 0 1 0 1 0 0 0 1 1 0 0 0 0 1 1 0 0 1 1 0 1 1 1 0
 0 1 1 1 1 1 1 1 1 0 0 0 1 0 0 0 1 1 1 1 1 1 0 0 0 1 1 0 0 0 1 1 0 1 0 1 1
 1 0 1 0 0 1 1 0 1 1 0 0 1 0 0 0 1 0 1 1 1 0 0 0 1 0]
[0 4 0 4 4 1 1 0 4 1 0 0 0 0 0 0 1 0 0 0 4 1 0 0 1 0 0 0 3 0 3 0 2 3 0 1 0
 2 0 0 0 0 3 0 1 3 0 0 0 1 1 0 2 2 2 0 2 0 0 1 3 4 3 0 0 2 3 0 0 0 2 2 0 0
 2 0 1 0 0 1 2 3 0 0 0 4 1 1 0 0 0 3 0 0 3 0 0 1 0 1]
[0 4 0 4 4 1 1 0 4 1 0 0 0 0 0 0 1 0 0 0 4 1 0 0 1 0 0 0 3 0 3 0 2 3 0 1 0
 2 0 0 0 0 3 0 1 3 0 0 0 1 1 0 2 2 2 0 2 0 0 1 3 4 3 0 0 2 3 0 0 0 2 2 0 0
 2 0 1 0 0 1 2 3 0 0 0 4 1 1 0 0 0 3 0 0 3 0 0 1 0 1]
[1 5 7 2 2 1 3 7 4 6 2 4 9 6 9 8 4 7 4 4 5 2 8 3 2 1 2 2 9 5 4 1 5 7 4 3 7
 1 1 2 2 5 8 9 9 2 7 4 8 7 4 8 9 6 4 1 6 8 2 5 6 6 7 8 6 5 5 2 6 9 3 7 1 8
 5 7 5 2 9 7 1 8 8 6 7 8 5 8 6 1 3 6 3 4 7 1 4 6 9 1]
[1 5 7 2 2 1 3 7 4 6 2 4 9 6 9 8 4 7 4 4 5 2 8 3 2 1 2 2 9 5 4 1 5 7 4 3 7
 1 1 2 2 5 8 9 9 2 7 4 8 7 4 8 9 6 4 1 6 8 2 5 6 6 7 8 6 5 5 2 6 9 3 7 1 8
 5 7 5 2 9 7 1 8 8 6 7 8 5 8 6 1 3 6 3 4 7 1 4 6 9 1]
[50, 50, 49, 50, 50, 50, 45, 22, 50, 48, 50, 50, 23, 50, 15, 50, 50, 41, 14, 50, 42, 36, 24, 11, 50, 50, 50, 50, 47, 50, 14, 28, 50, 43, 50, 50, 50, 36, 25, 50, 43, 21, 45, 24, 45, 23, 50, 50, 50, 50, 23, 50, 18, 28, 24, 35, 50, 50, 50, 50, 50, 17, 18, 26, 50, 41, 14, 32, 50, 50, 17, 50, 50, 50, 26, 43, 50, 37, 50, 33, 37, 27, 30, 50, 10, 50, 50, 50, 50, 50, 12, 49, 50, 44, 50, 50, 50, 41, 26, 28]
[0 0 0 0 0 0 0 0 0 0 0 0 0 0 0 0 0 0 0 0 0 0 0 0 0 0 0 0 0 0 0 0 0 0 0 0 0
 0 0 0 0 0 0 0 0 0 0 0 0 0 0 0 0 0 0 0 0 0 0 0 0 0 0 0 0 0 0 0 0 0 0 0 0 0
 0 0 0 0 0 0 0 0 0 0 0 0 0 0 0 0 0 0 0 0 0 0 0 0 0 0]
[1 1 1 1 1 1 1 1 1 1 1 1 1 1 1 1 1 1 1 1 1 1 1 1 1 1 1 1 1 1 1 1 1 1 1 1 1
 1 1 1 1 1 1 1 1 1 1 1 1 1 1 1 1 1 1 1 1 1 1 1 1 1 1 1 1 1 1 1 1 1 1 1 1 1
 1 1 1 1 1 1 1 1 1 1 1 1 1 1 1 1 1 1 1 1 1 1 1 1 1 1]
