[ 0  1  2  3  4  5  6  7  8  9 10 11 12 13 14 15 16 17 18 19 20 21 22 23
 24 25 26 27 28 29 30 31 32 33 34 35 36 37 38 39 40 41 42 43 44 45 46 47
 48 49 50 51 52 53 54 55 56 57 58 59 60 61 62 63 64 65 66 67 68 69 70 71
 72 73 74 75 76 77 78 79 80 81 82 83 84 85 86 87 88 89 90 91 92 93 94 95
 96 97 98 99]
[-1 82 18 82 -1 56 92 -1 -1 72 85 -1 80 -1 94 57 44 95 41 -1 -1 -1 45 -1
 73 -1 12 28 -1 87 48 39 55 -1 91 -1 -1  9 41 40 89 95 75 58 51 -1 16 -1
  7 37 -1 -1 -1 30 94 35 -1  7 93 40 -1 -1 24 -1 -1 -1 91 -1 -1 65 46 -1
 14 -1 -1 -1 11  0 28 -1 83 -1 -1 18 21 -1 -1 44 96 52 25 -1 52 -1  0 55
 99 57 33 21]
[0 1 0 1 1 1 0 1 1 0 1 1 0 1 0 0 1 1 1 1 0 0 0 1 1 1 1 1 0 0 0 1 0 0 1 0 1
 0 0 0 1 0 0 1 1 0 0 0 1 0 1 1 1 0 1 0 0 0 1 0 0 1 0 0 1 0 0 0 1 0 1 0 1 0
 1 1 0 0 0 1 1 0 0 0 1 1 0 1 0 1 0 0 0 1 0 1 1 0 0 1]
[0 0 3 2 3 4 0 0 3 2 0 0 0 0 0 0 0 4 1 0 0 0 1 0 3 1 3 0 0 3 0 0 0 3 2 0 2
 0 0 3 0 0 4 1 4 1 0 0 2 0 1 0 0 0 3 0 2 0 0 0 4 0 0 2 0 2 0 0 0 4 0 0 3 0
 0 0 4 0 1 0 3 1 0 0 0 3 1 2 3 0 0 0 0 0 0 3 0 0 0 0]
[0 0 3 2 3 4 0 0 3 2 0 0 0 0 0 0 0 4 1 0 0 0 1 0 3 1 3 0 0 3 0 0 0 3 2 0 2
 0 0 3 0 0 4 1 4 1 0 0 2 0 1 0 0 0 3 0 2 0 0 0 4 0 0 2 0 2 0 0 0 4 0 0 3 0
 0 0 4 0 1 0 3 1 0 0 0 3 1 2 3 0 0 0 0 0 0 3 0 0 0 0]
[8 6 9 7 9 7 5 9 8 5 3 8 7 2 6 2 5 3 3 2 2 7 4 4 3 2 1 1 7 6 7 7 5 9 6 9 3
 4 6 5 6 2 6 5 4 9 8 1 4 3 3 3 8 5 8 8 5 1 2 4 8 9 8 3 1 5 9 2 4 9 3 9 3 7
 2 6 6 6 8 9 6 1 9 8 5 2 7 7 4 4 2 3 1 4 4 6 3 1 5 3]
[8 6 9 7 9 7 5 9 8 5 3 8 7 2 6 2 5 3 3 2 2 7 4 4 3 2 1 1 7 6 7 7 5 9 6 9 3
 4 6 5 6 2 6 5 4 9 8 1 4 3 3 3 8 5 8 8 5 1 2 4 8 9 8 3 1 5 9 2 4 9 3 9 3 7
 2 6 6 6 8 9 6 1 9 8 5 2 7 7 4 4 2 3 1 4 4 6 3 1 5 3]
[50, 10, 36, 45, 35, 18, 16, 50, 25, 46, 12, 50, 23, 50, 50, 47, 50, 50, 39, 50, 50, 15, 50, 27, 34, 16, 50, 37, 32, 50, 50, 50, 50, 50, 44, 50, 13, 26, 50, 50, 50, 45, 50, 50, 50, 33, 50, 20, 44, 50, 39, 50, 25, 50, 50, 50, 28, 44, 46, 42, 50, 50, 50, 50, 50, 50, 50, 11, 50, 19, 50, 30, 50, 50, 32, 50, 18, 34, 34, 50, 50, 50, 28, 50, 50, 16, 50, 50, 31, 14, 50, 50, 12, 47, 40, 10, 50, 50, 12, 50]
[0 0 0 0 0 0 0 0 0 0 0 0 0 0 0 0 0 0 0 0 0 0 0 0 0 0 0 0 0 0 0 0 0 0 0 0 0
 0 0 0 0 0 0 0 0 0 0 0 0 0 0 0 0 0 0 0 0 0 0 0 0 0 0 0 0 0 0 0 0 0 0 0 0 0
 0 0 0 0 0 0 0 0 0 0 0 0 0 0 0 0 0 0 0 0 0 0 0 0 0 0]
[1 1 1 1 1 1 1 1 1 1 1 1 1 1 1 1 1 1 1 1 1 1 1 1 1 1 1 1 1 1 1 1 1 1 1 1 1
 1 1 1 1 1 1 1 1 1 1 1 1 1 1 1 1 1 1 1 1 1 1 1 1 1 1 1 1 1 1 1 1 1 1 1 1 1
 1 1 1 1 1 1 1 1 1 1 1 1 1 1 1 1 1 1 1 1 1 1 1 1 1 1]
