[ 0  1  2  3  4  5  6  7  8  9 10 11 12 13 14 15 16 17 18 19 20 21 22 23
 24 25 26 27 28 29 30 31 32 33 34 35 36 37 38 39 40 41 42 43 44 45 46 47
 48 49 50 51 52 53 54 55 56 57 58 59 60 61 62 63 64 65 66 67 68 69 70 71
 72 73 74 75 76 77 78 79 80 81 82 83 84 85 86 87 88 89 90 91 92 93 94 95
 96 97 98 99]
[77 -1 14 76 -1 -1 89 15 20 -1 40 28 -1  4 38 70 94 30 -1 -1 31 32 83 -1
 64 58 -1 -1 66  1 85 30 26 76 55 43 31 -1 -1 93  2 49 -1 -1 -1 -1 43 35
 -1 81 67 81 35 17 49 -1 23 49 -1 98 -1 11 93 -1 92 11 92 37 -1 -1 -1 -1
 97 21 16 60 34 54 96 25 45 33 -1 87 67 81 -1 -1 33 -1 72 -1 48 -1 82 59
 82 61 -1 15]
[0 0 1 0 1 0 1 1 1 1 1 0 0 1 1 0 0 1 1 0 1 0 1 1 1 1 1 0 0 0 1 1 0 1 0 0 0
 0 1 0 1 1 1 0 1 0 0 0 0 1 0 1 0 0 0 1 1 1 1 1 0 0 0 0 1 1 1 1 0 1 1 0 0 0
 1 1 0 0 0 0 1 1 0 1 1 1 0 1 1 0 0 0 1 1 1 0 1 0 1 1]
[0 3 0 4 0 0 3 0 0 0 2 1 0 3 4 4 0 0 4 0 1 0 3 1 0 2 0 4 3 4 3 0 0 4 1 0 4
 1 0 1 3 3 4 0 4 2 4 4 4 0 0 3 0 1 0 0 0 1 1 0 1 0 0 1 3 0 0 4 0 0 3 0 0 0
 2 3 2 3 0 0 3 4 3 3 4 4 0 0 0 0 0 0 0 0 0 4 0 2 0 2]
[0 3 0 4 0 0 3 0 0 0 2 1 0 3 4 4 0 0 4 0 1 0 3 1 0 2 0 4 3 4 3 0 0 4 1 0 4
 1 0 1 3 3 4 0 4 2 4 4 4 0 0 3 0 1 0 0 0 1 1 0 1 0 0 1 3 0 0 4 0 0 3 0 0 0
 2 3 2 3 0 0 3 4 3 3 4 4 0 0 0 0 0 0 0 0 0 4 0 2 0 2]
[9 8 4 4 2 8 7 9 2 2 8 5 3 3 7 3 2 3 2 8 5 2 1 5 4 5 2 1 4 2 2 3 8 5 9 6 5
 3 4 3 8 4 2 2 8 1 3 8 1 7 2 9 3 5 2 4 5 2 8 3 2 1 9 3 2 9 1 3 6 6 1 6 1 2
 1 6 3 2 2 1 9 6 7 7 6 4 9 1 8 3 2 9 5 3 9 4 4 9 1 6]
[9 8 4 4 2 8 7 9 2 2 8 5 3 3 7 3 2 3 2 8 5 2 1 5 4 5 2 1 4 2 2 3 8 5 9 6 5
 3 4 3 8 4 2 2 8 1 3 8 1 7 2 9 3 5 2 4 5 2 8 3 2 1 9 3 2 9 1 3 6 6 1 6 1 2
 1 6 3 2 2 1 9 6 7 7 6 4 9 1 8 3 2 9 5 3 9 4 4 9 1 6]
[50, 27, 50, 42, 41, 50, 47, 27, 43, 50, 39, 50, 15, 39, 50, 50, 49, 29, 34, 50, 42, 50, 26, 25, 46, 50, 18, 50, 50, 50, 18, 50, 50, 50, 23, 50, 50, 33, 28, 50, 50, 28, 28, 50, 16, 50, 36, 50, 50, 50, 24, 50, 50, 16, 34, 50, 34, 50, 50, 30, 20, 50, 50, 50, 49, 50, 29, 50, 50, 18, 46, 14, 11, 15, 13, 50, 13, 50, 19, 48, 28, 50, 35, 26, 50, 50, 50, 50, 50, 50, 50, 29, 45, 33, 50, 48, 50, 50, 50, 24]
[0 0 0 0 0 0 0 0 0 0 0 0 0 0 0 0 0 0 0 0 0 0 0 0 0 0 0 0 0 0 0 0 0 0 0 0 0
 0 0 0 0 0 0 0 0 0 0 0 0 0 0 0 0 0 0 0 0 0 0 0 0 0 0 0 0 0 0 0 0 0 0 0 0 0
 0 0 0 0 0 0 0 0 0 0 0 0 0 0 0 0 0 0 0 0 0 0 0 0 0 0]
[1 1 1 1 1 1 1 1 1 1 1 1 1 1 1 1 1 1 1 1 1 1 1 1 1 1 1 1 1 1 1 1 1 1 1 1 1
 1 1 1 1 1 1 1 1 1 1 1 1 1 1 1 1 1 1 1 1 1 1 1 1 1 1 1 1 1 1 1 1 1 1 1 1 1
 1 1 1 1 1 1 1 1 1 1 1 1 1 1 1 1 1 1 1 1 1 1 1 1 1 1]
