[ 0  1  2  3  4  5  6  7  8  9 10 11 12 13 14 15 16 17 18 19 20 21 22 23
 24 25 26 27 28 29 30 31 32 33 34 35 36 37 38 39 40 41 42 43 44 45 46 47
 48 49 50 51 52 53 54 55 56 57 58 59 60 61 62 63 64 65 66 67 68 69 70 71
 72 73 74 75 76 77 78 79 80 81 82 83 84 85 86 87 88 89 90 91 92 93 94 95
 96 97 98 99]
[-1 96 -1 96 -1  3 -1 42 -1 -1 -1 63  6 -1 -1 -1 -1 67 -1 -1 -1 -1 23 31
 -1 -1 82 11 -1 11 39 -1 17 -1 -1 -1 -1 51 29 20 -1 40 29 50 56 -1 -1 33
 -1 31 -1 -1 24 -1 60 -1 -1 -1 70 -1 50 52 -1 -1 -1 97 -1 -1 -1 53 76 57
 -1 60 40 29 -1 -1 81 64 -1 -1 -1 24 15 74 37 48 72 63 53 -1 79 89  7 -1
 -1 60 -1 41]
[1 1 1 0 1 0 1 0 1 1 1 0 0 0 1 1 1 1 1 0 0 1 0 0 1 0 1 0 1 1 1 0 1 1 0 1 1
 0 0 0 1 1 1 1 0 0 0 1 1 0 1 0 0 0 1 0 1 1 0 1 0 1 0 0 1 0 1 0 1 1 1 1 0 1
 1 1 1 1 0 1 1 1 0 1 1 1 0 1 0 1 1 1 0 1 0 0 0 1 1 1]
[3 3 0 4 3 2 0 0 0 0 4 0 0 0 2 0 1 0 4 0 0 1 0 0 1 0 0 0 0 1 4 0 0 1 0 0 0
 0 0 1 1 0 0 0 0 0 3 0 1 0 3 0 0 0 0 0 4 3 0 4 0 1 1 0 0 2 0 4 1 0 0 0 4 0
 2 2 0 0 0 3 0 4 0 0 0 0 4 0 0 4 3 3 0 0 0 0 3 0 3 4]
[3 3 0 4 3 2 0 0 0 0 4 0 0 0 2 0 1 0 4 0 0 1 0 0 1 0 0 0 0 1 4 0 0 1 0 0 0
 0 0 1 1 0 0 0 0 0 3 0 1 0 3 0 0 0 0 0 4 3 0 4 0 1 1 0 0 2 0 4 1 0 0 0 4 0
 2 2 0 0 0 3 0 4 0 0 0 0 4 0 0 4 3 3 0 0 0 0 3 0 3 4]
[3 4 9 1 3 9 6 1 5 7 4 7 9 2 4 3 5 9 2 8 4 5 2 6 3 9 4 1 1 6 3 2 2 5 7 7 3
 1 5 9 5 1 9 7 4 5 2 5 9 9 8 1 5 5 9 6 6 4 5 1 7 3 2 2 6 5 7 7 9 1 9 5 3 9
 4 2 8 7 2 3 6 5 1 7 1 9 2 8 7 9 7 3 6 4 4 8 3 8 7 1]
[3 4 9 1 3 9 6 1 5 7 4 7 9 2 4 3 5 9 2 8 4 5 2 6 3 9 4 1 1 6 3 2 2 5 7 7 3
 1 5 9 5 1 9 7 4 5 2 5 9 9 8 1 5 5 9 6 6 4 5 1 7 3 2 2 6 5 7 7 9 1 9 5 3 9
 4 2 8 7 2 3 6 5 1 7 1 9 2 8 7 9 7 3 6 4 4 8 3 8 7 1]
[50, 25, 50, 50, 50, 41, 42, 50, 50, 50, 50, 32, 43, 24, 50, 25, 16, 25, 20, 50, 50, 50, 14, 16, 50, 50, 28, 50, 50, 16, 50, 50, 23, 50, 50, 23, 44, 50, 50, 45, 50, 37, 14, 17, 50, 50, 50, 38, 50, 50, 50, 50, 50, 21, 17, 28, 46, 20, 49, 16, 50, 50, 50, 50, 30, 35, 50, 21, 48, 12, 50, 50, 50, 50, 50, 50, 50, 40, 50, 50, 50, 50, 11, 18, 20, 50, 50, 50, 33, 29, 50, 19, 50, 12, 50, 25, 50, 50, 47, 45]
[0 0 0 0 0 0 0 0 0 0 0 0 0 0 0 0 0 0 0 0 0 0 0 0 0 0 0 0 0 0 0 0 0 0 0 0 0
 0 0 0 0 0 0 0 0 0 0 0 0 0 0 0 0 0 0 0 0 0 0 0 0 0 0 0 0 0 0 0 0 0 0 0 0 0
 0 0 0 0 0 0 0 0 0 0 0 0 0 0 0 0 0 0 0 0 0 0 0 0 0 0]
[1 1 1 1 1 1 1 1 1 1 1 1 1 1 1 1 1 1 1 1 1 1 1 1 1 1 1 1 1 1 1 1 1 1 1 1 1
 1 1 1 1 1 1 1 1 1 1 1 1 1 1 1 1 1 1 1 1 1 1 1 1 1 1 1 1 1 1 1 1 1 1 1 1 1
 1 1 1 1 1 1 1 1 1 1 1 1 1 1 1 1 1 1 1 1 1 1 1 1 1 1]
