[ 0  1  2  3  4  5  6  7  8  9 10 11 12 13 14 15 16 17 18 19 20 21 22 23
 24 25 26 27 28 29 30 31 32 33 34 35 36 37 38 39 40 41 42 43 44 45 46 47
 48 49 50 51 52 53 54 55 56 57 58 59 60 61 62 63 64 65 66 67 68 69 70 71
 72 73 74 75 76 77 78 79 80 81 82 83 84 85 86 87 88 89 90 91 92 93 94 95
 96 97 98 99]
[54 79 76 -1 52 72 -1 -1 23 76 -1 -1 93 85 -1 19 48 67 39  1 99 50 -1 -1
 97 -1  9 30 25 47 -1 27 17 93 30 40 99 34 46 -1 24 10 95 73 -1 -1 41 41
 58 13 -1  4 -1 26 28 -1 64 -1 -1 -1 -1 83 -1 -1 -1 -1 36 -1 29 -1 56 -1
 14 88 -1 39 89 -1 -1 -1 -1 76 30 -1  1 72 23 -1 -1 -1 -1 60 18 -1 -1 85
 99 47 73 -1]
[0 0 0 0 1 0 1 0 1 0 1 1 0 0 0 0 0 1 1 1 1 1 1 0 1 0 1 1 1 1 0 1 1 0 1 0 1
 1 1 1 0 0 0 0 1 0 1 1 1 1 1 0 0 1 1 0 0 0 1 1 0 1 0 1 0 1 0 1 0 0 0 0 0 0
 1 1 0 0 1 0 1 0 1 1 1 1 0 0 0 1 1 1 1 0 1 1 1 0 0 0]
[0 2 3 0 0 3 0 0 0 0 4 0 0 0 4 2 0 0 0 4 3 0 4 4 0 2 4 0 0 0 4 1 0 0 4 4 3
 0 0 0 4 4 0 0 0 1 0 0 0 0 3 0 3 4 0 0 0 3 0 4 4 2 0 3 1 0 0 4 0 0 0 0 1 0
 1 0 0 1 0 0 0 0 3 1 0 4 0 1 0 0 0 0 1 3 0 1 3 4 0 4]
[0 2 3 0 0 3 0 0 0 0 4 0 0 0 4 2 0 0 0 4 3 0 4 4 0 2 4 0 0 0 4 1 0 0 4 4 3
 0 0 0 4 4 0 0 0 1 0 0 0 0 3 0 3 4 0 0 0 3 0 4 4 2 0 3 1 0 0 4 0 0 0 0 1 0
 1 0 0 1 0 0 0 0 3 1 0 4 0 1 0 0 0 0 1 3 0 1 3 4 0 4]
[1 5 5 2 1 5 3 2 2 5 1 2 7 3 8 4 9 8 4 7 6 8 8 9 9 8 9 2 4 4 9 9 9 3 6 4 8
 7 9 7 5 1 7 3 8 2 9 2 8 1 8 6 6 7 4 7 3 3 4 9 6 1 7 1 3 3 2 9 2 1 9 1 7 2
 1 2 9 5 9 6 6 9 4 8 8 2 8 5 1 6 5 7 2 4 7 5 7 2 9 6]
[1 5 5 2 1 5 3 2 2 5 1 2 7 3 8 4 9 8 4 7 6 8 8 9 9 8 9 2 4 4 9 9 9 3 6 4 8
 7 9 7 5 1 7 3 8 2 9 2 8 1 8 6 6 7 4 7 3 3 4 9 6 1 7 1 3 3 2 9 2 1 9 1 7 2
 1 2 9 5 9 6 6 9 4 8 8 2 8 5 1 6 5 7 2 4 7 5 7 2 9 6]
[45, 13, 28, 14, 31, 50, 50, 50, 43, 26, 50, 42, 29, 50, 50, 50, 41, 49, 50, 50, 19, 32, 22, 41, 42, 50, 40, 50, 50, 50, 16, 25, 39, 39, 50, 50, 13, 39, 29, 50, 50, 50, 50, 50, 19, 10, 50, 23, 50, 50, 50, 26, 50, 15, 50, 50, 50, 50, 49, 50, 14, 31, 28, 50, 10, 50, 39, 50, 50, 15, 50, 50, 50, 46, 26, 50, 25, 50, 50, 50, 50, 47, 50, 50, 30, 50, 47, 23, 22, 50, 41, 30, 50, 47, 13, 50, 50, 27, 40, 50]
[0 0 0 0 0 0 0 0 0 0 0 0 0 0 0 0 0 0 0 0 0 0 0 0 0 0 0 0 0 0 0 0 0 0 0 0 0
 0 0 0 0 0 0 0 0 0 0 0 0 0 0 0 0 0 0 0 0 0 0 0 0 0 0 0 0 0 0 0 0 0 0 0 0 0
 0 0 0 0 0 0 0 0 0 0 0 0 0 0 0 0 0 0 0 0 0 0 0 0 0 0]
[1 1 1 1 1 1 1 1 1 1 1 1 1 1 1 1 1 1 1 1 1 1 1 1 1 1 1 1 1 1 1 1 1 1 1 1 1
 1 1 1 1 1 1 1 1 1 1 1 1 1 1 1 1 1 1 1 1 1 1 1 1 1 1 1 1 1 1 1 1 1 1 1 1 1
 1 1 1 1 1 1 1 1 1 1 1 1 1 1 1 1 1 1 1 1 1 1 1 1 1 1]
