[ 0  1  2  3  4  5  6  7  8  9 10 11 12 13 14 15 16 17 18 19 20 21 22 23
 24 25 26 27 28 29 30 31 32 33 34 35 36 37 38 39 40 41 42 43 44 45 46 47
 48 49 50 51 52 53 54 55 56 57 58 59 60 61 62 63 64 65 66 67 68 69 70 71
 72 73 74 75 76 77 78 79 80 81 82 83 84 85 86 87 88 89 90 91 92 93 94 95
 96 97 98 99]
[-1 -1 -1 -1 52 94 39 54  5 82 -1 -1 91 12 69 -1 86 37 -1 -1 -1 20 98 -1
 -1 -1  2 -1 -1 84 99 38  8 -1 40 79 -1 35 25 12 -1 96 -1 34 55 95 74 26
 77 90 29  1 49 -1 63 75 90 89 -1 57 35 16 36 -1 -1  7 18 85 41 71 17  7
 71 90 -1 -1 -1 27  7  7 85 -1 -1  9 71 35 -1 88 -1 48 99 93 66 19 46 18
 36  7 11 64]
[1 1 0 0 1 1 0 1 1 1 1 1 0 1 1 1 0 1 1 0 0 0 1 1 0 1 0 1 1 0 0 1 0 0 0 1 0
 1 0 0 1 1 0 1 1 0 1 0 1 0 1 0 1 1 0 1 0 1 1 0 0 1 0 0 1 1 0 0 0 1 1 1 0 1
 0 1 1 0 0 0 0 1 1 1 0 0 1 0 1 0 1 1 1 1 1 1 1 0 1 1]
[2 0 2 0 0 0 0 0 0 1 3 3 4 2 2 0 2 0 2 1 2 0 0 0 0 3 1 0 0 0 1 2 0 2 0 3 4
 0 2 1 0 2 0 0 0 0 2 3 0 0 3 0 0 0 2 0 3 4 2 0 1 0 4 0 0 2 1 1 3 3 0 0 0 2
 0 1 4 4 3 0 0 0 1 3 3 0 0 0 0 1 0 0 4 4 1 2 0 2 0 0]
[2 0 2 0 0 0 0 0 0 1 3 3 4 2 2 0 2 0 2 1 2 0 0 0 0 3 1 0 0 0 1 2 0 2 0 3 4
 0 2 1 0 2 0 0 0 0 2 3 0 0 3 0 0 0 2 0 3 4 2 0 1 0 4 0 0 2 1 1 3 3 0 0 0 2
 0 1 4 4 3 0 0 0 1 3 3 0 0 0 0 1 0 0 4 4 1 2 0 2 0 0]
[4 7 1 4 6 9 8 4 1 4 9 5 8 1 8 4 8 4 9 4 2 3 8 6 2 5 1 2 2 2 2 1 3 7 2 1 5
 2 1 6 2 3 8 6 3 1 3 6 7 6 7 6 8 4 4 7 8 8 6 3 5 4 1 6 4 3 9 2 8 6 2 8 8 3
 1 6 9 5 9 8 6 5 8 2 7 4 2 8 1 9 2 6 3 3 3 4 3 9 5 2]
[4 7 1 4 6 9 8 4 1 4 9 5 8 1 8 4 8 4 9 4 2 3 8 6 2 5 1 2 2 2 2 1 3 7 2 1 5
 2 1 6 2 3 8 6 3 1 3 6 7 6 7 6 8 4 4 7 8 8 6 3 5 4 1 6 4 3 9 2 8 6 2 8 8 3
 1 6 9 5 9 8 6 5 8 2 7 4 2 8 1 9 2 6 3 3 3 4 3 9 5 2]
[40, 21, 50, 11, 46, 50, 10, 46, 50, 50, 31, 50, 50, 26, 46, 43, 50, 32, 50, 50, 50, 50, 50, 22, 27, 50, 33, 50, 50, 19, 43, 50, 49, 25, 50, 50, 44, 25, 35, 50, 50, 47, 50, 50, 45, 50, 50, 50, 50, 50, 50, 29, 50, 13, 48, 27, 35, 50, 38, 50, 23, 50, 22, 39, 30, 23, 50, 46, 27, 50, 50, 15, 50, 11, 38, 31, 50, 34, 50, 50, 49, 50, 23, 42, 50, 50, 50, 16, 50, 20, 50, 48, 26, 15, 50, 50, 27, 50, 26, 13]
[0 0 0 0 0 0 0 0 0 0 0 0 0 0 0 0 0 0 0 0 0 0 0 0 0 0 0 0 0 0 0 0 0 0 0 0 0
 0 0 0 0 0 0 0 0 0 0 0 0 0 0 0 0 0 0 0 0 0 0 0 0 0 0 0 0 0 0 0 0 0 0 0 0 0
 0 0 0 0 0 0 0 0 0 0 0 0 0 0 0 0 0 0 0 0 0 0 0 0 0 0]
[1 1 1 1 1 1 1 1 1 1 1 1 1 1 1 1 1 1 1 1 1 1 1 1 1 1 1 1 1 1 1 1 1 1 1 1 1
 1 1 1 1 1 1 1 1 1 1 1 1 1 1 1 1 1 1 1 1 1 1 1 1 1 1 1 1 1 1 1 1 1 1 1 1 1
 1 1 1 1 1 1 1 1 1 1 1 1 1 1 1 1 1 1 1 1 1 1 1 1 1 1]
