[ 0  1  2  3  4  5  6  7  8  9 10 11 12 13 14 15 16 17 18 19 20 21 22 23
 24 25 26 27 28 29 30 31 32 33 34 35 36 37 38 39 40 41 42 43 44 45 46 47
 48 49 50 51 52 53 54 55 56 57 58 59 60 61 62 63 64 65 66 67 68 69 70 71
 72 73 74 75 76 77 78 79 80 81 82 83 84 85 86 87 88 89 90 91 92 93 94 95
 96 97 98 99]
[-1  7 -1 36 92 41 20 98 79 80 -1 -1 -1 -1 30 -1 -1 -1 62  7 -1 -1 -1 -1
 18 42 -1 -1 14 93 -1 48 -1 -1 -1 34 -1 70 14 52 87 39 41 99 79 -1 23  1
  6 -1 -1 -1 26 61 93 90 54 -1 -1 33 -1 83 50 11 -1 73 21 73 72 -1 72 35
 52 43 -1 68 56  1 33 -1 96 53 -1 -1 52 -1  6 98 21 46 87 68 27 72 28 84
 -1 86 -1 90]
[1 1 1 1 1 1 1 0 1 1 1 1 0 0 0 0 1 0 1 1 0 0 1 1 0 1 0 1 1 1 1 1 1 0 1 0 1
 1 1 0 1 1 1 0 0 1 1 1 0 0 1 0 0 0 1 1 0 0 0 0 0 1 0 1 0 1 1 0 1 1 0 0 1 1
 1 1 1 1 0 0 1 0 0 0 1 0 1 1 0 0 0 0 0 1 1 1 0 1 1 0]
[3 0 4 2 1 0 1 0 4 2 0 4 0 0 0 2 4 0 4 2 0 0 0 0 0 2 0 0 0 0 3 2 0 4 0 1 0
 2 0 4 1 0 0 1 3 1 0 0 0 0 4 4 0 0 0 0 4 0 0 0 1 0 0 0 0 1 0 0 0 1 0 1 0 0
 3 0 0 2 0 3 0 0 2 0 3 0 2 0 3 3 0 2 0 0 0 0 1 0 2 0]
[3 0 4 2 1 0 1 0 4 2 0 4 0 0 0 2 4 0 4 2 0 0 0 0 0 2 0 0 0 0 3 2 0 4 0 1 0
 2 0 4 1 0 0 1 3 1 0 0 0 0 4 4 0 0 0 0 4 0 0 0 1 0 0 0 0 1 0 0 0 1 0 1 0 0
 3 0 0 2 0 3 0 0 2 0 3 0 2 0 3 3 0 2 0 0 0 0 1 0 2 0]
[3 6 2 1 3 8 5 4 3 3 4 1 1 9 4 4 3 8 8 9 7 6 2 7 8 2 8 6 5 3 4 5 9 7 2 8 9
 5 1 8 3 6 3 1 5 9 7 5 9 2 5 9 9 6 3 2 9 4 7 5 5 6 6 1 3 2 8 2 4 1 8 1 9 5
 7 9 9 6 1 7 8 3 8 3 2 5 1 8 5 5 6 4 6 1 4 3 5 1 4 6]
[3 6 2 1 3 8 5 4 3 3 4 1 1 9 4 4 3 8 8 9 7 6 2 7 8 2 8 6 5 3 4 5 9 7 2 8 9
 5 1 8 3 6 3 1 5 9 7 5 9 2 5 9 9 6 3 2 9 4 7 5 5 6 6 1 3 2 8 2 4 1 8 1 9 5
 7 9 9 6 1 7 8 3 8 3 2 5 1 8 5 5 6 4 6 1 4 3 5 1 4 6]
[50, 50, 50, 50, 36, 46, 34, 50, 50, 50, 38, 50, 46, 50, 50, 31, 23, 50, 42, 43, 33, 50, 19, 50, 50, 42, 50, 49, 50, 14, 50, 50, 37, 40, 10, 17, 50, 19, 35, 50, 28, 50, 50, 36, 50, 50, 44, 50, 45, 50, 34, 50, 14, 14, 10, 50, 50, 46, 28, 22, 21, 50, 35, 50, 13, 10, 50, 35, 31, 50, 10, 35, 50, 50, 50, 50, 14, 50, 50, 50, 42, 25, 18, 50, 31, 50, 50, 50, 50, 16, 50, 50, 50, 18, 50, 43, 50, 28, 50, 50]
[0 0 0 0 0 0 0 0 0 0 0 0 0 0 0 0 0 0 0 0 0 0 0 0 0 0 0 0 0 0 0 0 0 0 0 0 0
 0 0 0 0 0 0 0 0 0 0 0 0 0 0 0 0 0 0 0 0 0 0 0 0 0 0 0 0 0 0 0 0 0 0 0 0 0
 0 0 0 0 0 0 0 0 0 0 0 0 0 0 0 0 0 0 0 0 0 0 0 0 0 0]
[1 1 1 1 1 1 1 1 1 1 1 1 1 1 1 1 1 1 1 1 1 1 1 1 1 1 1 1 1 1 1 1 1 1 1 1 1
 1 1 1 1 1 1 1 1 1 1 1 1 1 1 1 1 1 1 1 1 1 1 1 1 1 1 1 1 1 1 1 1 1 1 1 1 1
 1 1 1 1 1 1 1 1 1 1 1 1 1 1 1 1 1 1 1 1 1 1 1 1 1 1]
