[ 0  1  2  3  4  5  6  7  8  9 10 11 12 13 14 15 16 17 18 19 20 21 22 23
 24 25 26 27 28 29 30 31 32 33 34 35 36 37 38 39 40 41 42 43 44 45 46 47
 48 49 50 51 52 53 54 55 56 57 58 59 60 61 62 63 64 65 66 67 68 69 70 71
 72 73 74 75 76 77 78 79 80 81 82 83 84 85 86 87 88 89 90 91 92 93 94 95
 96 97 98 99]
[51 -1 10 -1 11 89 -1 -1 62 82 -1 89 82 -1 -1 40 81 -1 -1 -1 -1 52 91  8
  1 96 24 -1 -1 59 56 16 38 35 87 86 17 -1 83 63  7 -1 71 -1 73 -1 11 88
  9 18 -1 72 88 43 97 -1 -1 -1 -1  4 -1 -1 86 90 93 99 17 38 -1 43  1 66
 13 67 33 -1 -1 -1 35 58  7 -1 84 70 -1 -1 97 -1 97 55 -1  4 77 38 35 12
 -1 53 45 -1]
[0 1 0 0 1 1 0 0 0 0 0 1 1 0 1 0 0 0 1 0 1 1 0 1 0 0 1 0 0 0 0 1 0 0 1 1 0
 0 0 0 0 0 0 1 0 1 1 0 1 0 0 0 1 0 0 1 1 1 1 1 0 1 1 1 0 0 0 1 0 0 0 1 1 0
 1 1 0 0 1 1 0 1 1 0 0 1 0 0 1 0 1 1 1 0 0 0 1 1 1 0]
[4 2 0 1 0 2 0 4 1 0 0 0 0 2 0 0 4 2 4 0 0 0 1 0 3 0 0 4 1 4 4 3 0 4 3 0 0
 3 0 0 0 0 0 0 0 0 0 1 0 0 0 0 0 3 4 0 3 0 0 4 0 4 0 0 3 2 3 3 4 4 0 0 0 2
 0 2 0 0 1 0 0 0 0 0 0 0 1 3 1 0 0 1 3 1 0 2 1 0 2 1]
[4 2 0 1 0 2 0 4 1 0 0 0 0 2 0 0 4 2 4 0 0 0 1 0 3 0 0 4 1 4 4 3 0 4 3 0 0
 3 0 0 0 0 0 0 0 0 0 1 0 0 0 0 0 3 4 0 3 0 0 4 0 4 0 0 3 2 3 3 4 4 0 0 0 2
 0 2 0 0 1 0 0 0 0 0 0 0 1 3 1 0 0 1 3 1 0 2 1 0 2 1]
[5 3 2 9 6 8 1 9 9 2 8 6 9 8 9 4 1 2 4 4 9 9 3 8 9 1 3 3 3 7 7 1 5 6 1 1 7
 1 2 3 1 4 5 1 9 2 2 7 7 6 7 7 6 6 5 8 3 3 7 8 7 6 3 7 7 2 6 5 2 2 3 1 8 9
 8 1 6 1 9 2 4 1 1 6 1 5 5 4 5 7 2 6 5 9 1 5 5 7 1 4]
[5 3 2 9 6 8 1 9 9 2 8 6 9 8 9 4 1 2 4 4 9 9 3 8 9 1 3 3 3 7 7 1 5 6 1 1 7
 1 2 3 1 4 5 1 9 2 2 7 7 6 7 7 6 6 5 8 3 3 7 8 7 6 3 7 7 2 6 5 2 2 3 1 8 9
 8 1 6 1 9 2 4 1 1 6 1 5 5 4 5 7 2 6 5 9 1 5 5 7 1 4]
[13, 20, 50, 50, 27, 44, 50, 50, 46, 50, 11, 50, 50, 25, 10, 21, 40, 50, 50, 50, 25, 39, 47, 28, 50, 35, 30, 50, 15, 50, 50, 45, 50, 50, 50, 10, 39, 42, 50, 50, 45, 16, 12, 50, 50, 50, 50, 50, 50, 12, 50, 50, 43, 50, 50, 50, 33, 34, 28, 50, 50, 50, 30, 50, 19, 36, 50, 50, 50, 50, 50, 50, 50, 50, 50, 50, 19, 50, 23, 50, 29, 50, 17, 45, 47, 27, 50, 21, 26, 25, 50, 50, 21, 39, 50, 15, 50, 50, 50, 26]
[0 0 0 0 0 0 0 0 0 0 0 0 0 0 0 0 0 0 0 0 0 0 0 0 0 0 0 0 0 0 0 0 0 0 0 0 0
 0 0 0 0 0 0 0 0 0 0 0 0 0 0 0 0 0 0 0 0 0 0 0 0 0 0 0 0 0 0 0 0 0 0 0 0 0
 0 0 0 0 0 0 0 0 0 0 0 0 0 0 0 0 0 0 0 0 0 0 0 0 0 0]
[1 1 1 1 1 1 1 1 1 1 1 1 1 1 1 1 1 1 1 1 1 1 1 1 1 1 1 1 1 1 1 1 1 1 1 1 1
 1 1 1 1 1 1 1 1 1 1 1 1 1 1 1 1 1 1 1 1 1 1 1 1 1 1 1 1 1 1 1 1 1 1 1 1 1
 1 1 1 1 1 1 1 1 1 1 1 1 1 1 1 1 1 1 1 1 1 1 1 1 1 1]
