[ 0  1  2  3  4  5  6  7  8  9 10 11 12 13 14 15 16 17 18 19 20 21 22 23
 24 25 26 27 28 29 30 31 32 33 34 35 36 37 38 39 40 41 42 43 44 45 46 47
 48 49 50 51 52 53 54 55 56 57 58 59 60 61 62 63 64 65 66 67 68 69 70 71
 72 73 74 75 76 77 78 79 80 81 82 83 84 85 86 87 88 89 90 91 92 93 94 95
 96 97 98 99]
[31 63 73 23 99 50 -1 97 76 46 35 53 -1 -1 -1 -1  4 -1 31 -1 -1 81 -1 57
 69 85 -1 -1 99 -1 37 66 96 75 -1 -1 -1 -1 27 21  1 -1 78 49 88 -1 -1 -1
 61 22 -1 -1 -1 24 87 25  5 -1 -1  8 53 84 58 83 -1 -1 48 -1 63  2 -1 -1
 65 57 71 -1 34 -1 -1 78 62 -1 -1 79 28 78  8 -1  3 -1 85 -1 85 60 -1 82
 24 -1 26 71]
[0 1 0 0 1 1 1 0 0 0 0 0 0 0 1 0 0 0 0 1 1 1 1 0 0 1 1 1 0 1 0 1 0 1 1 0 0
 1 1 1 1 0 0 0 0 1 1 1 0 0 0 1 1 1 1 0 1 1 0 0 1 0 0 0 0 1 1 1 0 1 1 0 1 1
 0 1 0 1 1 1 0 1 0 1 1 1 0 1 1 1 1 0 1 1 1 1 0 1 1 1]
[4 2 4 4 0 2 0 4 4 4 0 0 4 4 2 4 0 0 3 2 2 3 1 0 0 0 3 0 3 0 0 1 3 0 0 0 0
 1 0 0 1 2 0 0 2 3 1 0 0 0 0 0 0 0 0 0 0 0 1 0 0 0 0 0 4 1 0 2 0 0 2 3 0 0
 1 1 4 3 0 0 0 0 1 0 0 2 1 1 0 2 4 0 0 1 2 0 0 0 0 2]
[4 2 4 4 0 2 0 4 4 4 0 0 4 4 2 4 0 0 3 2 2 3 1 0 0 0 3 0 3 0 0 1 3 0 0 0 0
 1 0 0 1 2 0 0 2 3 1 0 0 0 0 0 0 0 0 0 0 0 1 0 0 0 0 0 4 1 0 2 0 0 2 3 0 0
 1 1 4 3 0 0 0 0 1 0 0 2 1 1 0 2 4 0 0 1 2 0 0 0 0 2]
[5 8 6 1 8 1 6 9 6 5 2 3 1 2 1 9 5 2 9 7 8 4 8 3 2 3 2 3 4 6 7 4 7 6 6 6 6
 7 9 5 7 1 5 7 2 9 6 6 6 4 1 5 5 2 9 1 9 8 2 4 4 6 4 6 4 9 7 4 1 9 7 3 8 1
 7 9 2 8 7 3 4 4 3 7 8 2 8 1 9 9 6 8 9 3 5 8 4 3 2 7]
[5 8 6 1 8 1 6 9 6 5 2 3 1 2 1 9 5 2 9 7 8 4 8 3 2 3 2 3 4 6 7 4 7 6 6 6 6
 7 9 5 7 1 5 7 2 9 6 6 6 4 1 5 5 2 9 1 9 8 2 4 4 6 4 6 4 9 7 4 1 9 7 3 8 1
 7 9 2 8 7 3 4 4 3 7 8 2 8 1 9 9 6 8 9 3 5 8 4 3 2 7]
[50, 50, 22, 38, 50, 50, 50, 35, 50, 50, 50, 30, 39, 42, 50, 28, 50, 23, 50, 50, 39, 42, 50, 50, 12, 50, 50, 50, 50, 24, 50, 11, 28, 50, 50, 44, 50, 50, 50, 50, 24, 50, 42, 28, 50, 17, 39, 42, 50, 50, 50, 12, 50, 50, 13, 50, 50, 11, 50, 15, 50, 50, 15, 22, 50, 50, 50, 50, 46, 17, 29, 49, 50, 50, 50, 42, 46, 49, 12, 50, 50, 32, 45, 15, 50, 50, 42, 11, 50, 50, 25, 50, 23, 24, 31, 41, 11, 23, 50, 50]
[0 0 0 0 0 0 0 0 0 0 0 0 0 0 0 0 0 0 0 0 0 0 0 0 0 0 0 0 0 0 0 0 0 0 0 0 0
 0 0 0 0 0 0 0 0 0 0 0 0 0 0 0 0 0 0 0 0 0 0 0 0 0 0 0 0 0 0 0 0 0 0 0 0 0
 0 0 0 0 0 0 0 0 0 0 0 0 0 0 0 0 0 0 0 0 0 0 0 0 0 0]
[1 1 1 1 1 1 1 1 1 1 1 1 1 1 1 1 1 1 1 1 1 1 1 1 1 1 1 1 1 1 1 1 1 1 1 1 1
 1 1 1 1 1 1 1 1 1 1 1 1 1 1 1 1 1 1 1 1 1 1 1 1 1 1 1 1 1 1 1 1 1 1 1 1 1
 1 1 1 1 1 1 1 1 1 1 1 1 1 1 1 1 1 1 1 1 1 1 1 1 1 1]
