[ 0  1  2  3  4  5  6  7  8  9 10 11 12 13 14 15 16 17 18 19 20 21 22 23
 24 25 26 27 28 29 30 31 32 33 34 35 36 37 38 39 40 41 42 43 44 45 46 47
 48 49 50 51 52 53 54 55 56 57 58 59 60 61 62 63 64 65 66 67 68 69 70 71
 72 73 74 75 76 77 78 79 80 81 82 83 84 85 86 87 88 89 90 91 92 93 94 95
 96 97 98 99]
[57 -1 -1 35 -1 -1 48 37 -1 68 41 41 -1 15 40 52 -1 13 70 -1 83 25 30 10
 -1 58 38 20 10 -1 46 38 -1 -1 75 -1 -1 -1 -1 -1 25 43 -1 -1 -1 -1 71  7
 96 -1 65 73 55 23 38 32 33  5 37 -1 89 -1 -1 87 43  1 40 51 -1 24 50 87
 91 -1 -1 16 39 -1 72 61 72 84 73 42 80 75 -1 34 74 55 -1 11 50 42 27 59
 -1 54 -1 83]
[1 1 1 0 1 0 1 1 1 1 0 1 1 0 1 1 1 0 0 0 0 0 0 0 1 1 0 0 1 1 1 1 1 1 1 1 1
 0 0 1 1 1 0 1 1 1 0 1 0 1 0 0 1 0 1 0 1 1 0 1 0 0 1 1 0 0 0 1 0 1 0 1 1 0
 1 0 0 0 0 1 1 0 1 1 0 0 1 1 1 1 1 0 1 0 1 0 0 0 1 0]
[0 0 0 2 1 4 0 0 4 0 3 0 0 0 0 0 1 0 0 0 4 0 0 3 0 3 0 0 4 2 0 0 3 0 0 4 4
 1 0 0 3 4 1 0 4 0 2 0 0 0 2 0 0 0 3 0 1 2 2 1 0 0 0 1 3 0 2 0 0 0 2 0 2 0
 1 0 1 3 0 0 0 4 3 0 4 0 0 0 0 3 0 0 0 4 1 2 3 0 4 1]
[0 0 0 2 1 4 0 0 4 0 3 0 0 0 0 0 1 0 0 0 4 0 0 3 0 3 0 0 4 2 0 0 3 0 0 4 4
 1 0 0 3 4 1 0 4 0 2 0 0 0 2 0 0 0 3 0 1 2 2 1 0 0 0 1 3 0 2 0 0 0 2 0 2 0
 1 0 1 3 0 0 0 4 3 0 4 0 0 0 0 3 0 0 0 4 1 2 3 0 4 1]
[7 8 2 5 8 8 4 6 9 3 9 3 1 7 5 1 1 7 7 3 7 6 5 1 7 2 1 1 1 6 9 8 7 3 4 4 9
 2 9 5 3 4 2 2 8 7 8 8 6 5 6 8 4 7 4 4 9 9 1 1 5 8 9 8 9 8 4 8 9 9 7 1 1 4
 1 5 3 6 4 6 4 3 2 8 8 8 1 8 3 2 4 4 9 4 9 2 8 5 3 5]
[7 8 2 5 8 8 4 6 9 3 9 3 1 7 5 1 1 7 7 3 7 6 5 1 7 2 1 1 1 6 9 8 7 3 4 4 9
 2 9 5 3 4 2 2 8 7 8 8 6 5 6 8 4 7 4 4 9 9 1 1 5 8 9 8 9 8 4 8 9 9 7 1 1 4
 1 5 3 6 4 6 4 3 2 8 8 8 1 8 3 2 4 4 9 4 9 2 8 5 3 5]
[50, 46, 38, 50, 33, 25, 50, 36, 11, 50, 50, 18, 33, 22, 47, 49, 33, 50, 50, 43, 27, 36, 50, 31, 22, 50, 40, 50, 25, 29, 29, 15, 50, 46, 50, 44, 34, 46, 50, 50, 50, 50, 50, 50, 25, 29, 30, 21, 50, 50, 36, 34, 44, 39, 42, 28, 24, 38, 50, 50, 50, 36, 43, 50, 44, 50, 50, 12, 50, 45, 33, 46, 50, 36, 50, 50, 50, 14, 50, 50, 12, 50, 32, 50, 50, 50, 50, 50, 40, 50, 50, 50, 21, 23, 18, 26, 50, 21, 50, 50]
[0 0 0 0 0 0 0 0 0 0 0 0 0 0 0 0 0 0 0 0 0 0 0 0 0 0 0 0 0 0 0 0 0 0 0 0 0
 0 0 0 0 0 0 0 0 0 0 0 0 0 0 0 0 0 0 0 0 0 0 0 0 0 0 0 0 0 0 0 0 0 0 0 0 0
 0 0 0 0 0 0 0 0 0 0 0 0 0 0 0 0 0 0 0 0 0 0 0 0 0 0]
[1 1 1 1 1 1 1 1 1 1 1 1 1 1 1 1 1 1 1 1 1 1 1 1 1 1 1 1 1 1 1 1 1 1 1 1 1
 1 1 1 1 1 1 1 1 1 1 1 1 1 1 1 1 1 1 1 1 1 1 1 1 1 1 1 1 1 1 1 1 1 1 1 1 1
 1 1 1 1 1 1 1 1 1 1 1 1 1 1 1 1 1 1 1 1 1 1 1 1 1 1]
