[ 0  1  2  3  4  5  6  7  8  9 10 11 12 13 14 15 16 17 18 19 20 21 22 23
 24 25 26 27 28 29 30 31 32 33 34 35 36 37 38 39 40 41 42 43 44 45 46 47
 48 49 50 51 52 53 54 55 56 57 58 59 60 61 62 63 64 65 66 67 68 69 70 71
 72 73 74 75 76 77 78 79 80 81 82 83 84 85 86 87 88 89 90 91 92 93 94 95
 96 97 98 99]
[-1 -1 -1 80 37 52 65 89 32  0 24 16 -1 87 -1 48 44 37 27 12  6 -1 -1 86
 97 -1 -1 99 84 53 80  6 39 82 58 22 -1 58 45 -1 96 69 -1 26 61 -1 32  8
 -1 99 -1 34 -1 -1  5 49  5 71 -1 69 15 20 84 38 -1 81 36 -1 -1 75 93 15
 -1 63 26 43 14 -1 15 60 98 26 -1 37 80 98  9 -1 83 86 57 13 -1 36 28 52
 -1 81 54 83]
[1 0 1 0 0 0 1 1 1 1 0 0 0 0 0 0 1 1 0 0 0 1 1 1 1 1 1 0 1 0 0 1 0 1 1 1 0
 0 0 1 0 0 0 0 0 0 0 1 1 0 0 1 0 0 0 0 0 1 0 1 0 1 1 1 1 1 0 0 1 0 0 0 1 1
 1 0 1 1 0 0 1 0 1 0 1 1 1 0 1 1 1 1 0 0 1 1 0 1 0 1]
[3 0 4 1 4 2 2 0 0 2 3 3 3 0 2 4 0 2 0 0 4 3 2 4 2 0 4 4 4 0 1 1 1 0 0 1 2
 0 0 0 3 1 2 1 2 0 4 3 0 0 0 1 0 0 4 2 0 0 4 2 0 0 0 0 1 2 0 0 0 0 1 3 0 0
 4 0 0 3 0 0 0 0 0 2 0 4 2 0 4 4 0 0 0 1 2 2 0 0 0 0]
[3 0 4 1 4 2 2 0 0 2 3 3 3 0 2 4 0 2 0 0 4 3 2 4 2 0 4 4 4 0 1 1 1 0 0 1 2
 0 0 0 3 1 2 1 2 0 4 3 0 0 0 1 0 0 4 2 0 0 4 2 0 0 0 0 1 2 0 0 0 0 1 3 0 0
 4 0 0 3 0 0 0 0 0 2 0 4 2 0 4 4 0 0 0 1 2 2 0 0 0 0]
[2 2 2 4 4 8 5 2 6 2 1 7 6 8 9 7 6 5 8 5 6 7 7 7 5 5 7 8 5 8 9 9 8 3 3 7 6
 6 1 4 1 6 1 6 4 3 9 2 5 7 3 9 6 6 8 9 4 2 2 2 8 2 6 6 5 4 5 1 9 4 7 4 2 9
 5 5 6 1 4 8 6 4 4 9 9 5 2 2 1 7 9 1 3 3 7 3 4 4 3 7]
[2 2 2 4 4 8 5 2 6 2 1 7 6 8 9 7 6 5 8 5 6 7 7 7 5 5 7 8 5 8 9 9 8 3 3 7 6
 6 1 4 1 6 1 6 4 3 9 2 5 7 3 9 6 6 8 9 4 2 2 2 8 2 6 6 5 4 5 1 9 4 7 4 2 9
 5 5 6 1 4 8 6 4 4 9 9 5 2 2 1 7 9 1 3 3 7 3 4 4 3 7]
[33, 26, 50, 50, 50, 50, 50, 23, 45, 50, 19, 22, 34, 50, 50, 29, 13, 11, 50, 50, 42, 27, 50, 50, 11, 45, 14, 50, 50, 50, 33, 50, 16, 34, 50, 43, 20, 50, 39, 50, 46, 50, 50, 50, 50, 36, 50, 50, 16, 49, 13, 43, 50, 50, 50, 50, 42, 50, 50, 47, 31, 42, 28, 25, 50, 50, 50, 22, 50, 15, 45, 50, 36, 50, 35, 26, 23, 50, 50, 50, 50, 38, 39, 26, 50, 50, 44, 31, 50, 50, 35, 50, 36, 31, 30, 21, 37, 50, 50, 33]
[0 0 0 0 0 0 0 0 0 0 0 0 0 0 0 0 0 0 0 0 0 0 0 0 0 0 0 0 0 0 0 0 0 0 0 0 0
 0 0 0 0 0 0 0 0 0 0 0 0 0 0 0 0 0 0 0 0 0 0 0 0 0 0 0 0 0 0 0 0 0 0 0 0 0
 0 0 0 0 0 0 0 0 0 0 0 0 0 0 0 0 0 0 0 0 0 0 0 0 0 0]
[1 1 1 1 1 1 1 1 1 1 1 1 1 1 1 1 1 1 1 1 1 1 1 1 1 1 1 1 1 1 1 1 1 1 1 1 1
 1 1 1 1 1 1 1 1 1 1 1 1 1 1 1 1 1 1 1 1 1 1 1 1 1 1 1 1 1 1 1 1 1 1 1 1 1
 1 1 1 1 1 1 1 1 1 1 1 1 1 1 1 1 1 1 1 1 1 1 1 1 1 1]
