[ 0  1  2  3  4  5  6  7  8  9 10 11 12 13 14 15 16 17 18 19 20 21 22 23
 24 25 26 27 28 29 30 31 32 33 34 35 36 37 38 39 40 41 42 43 44 45 46 47
 48 49 50 51 52 53 54 55 56 57 58 59 60 61 62 63 64 65 66 67 68 69 70 71
 72 73 74 75 76 77 78 79 80 81 82 83 84 85 86 87 88 89 90 91 92 93 94 95
 96 97 98 99]
[37 -1 87 -1 73 -1 17 82 -1 94  2 -1 24 -1 89 73  8 -1 -1 -1 -1 65 85 -1
  1 65 -1 -1 31 -1 -1 12 71 -1 -1 31 -1 -1 35 -1 87 32 -1 36 98 -1 -1 74
 64 -1 13 -1 14 19 70 71  1 -1 41  0 71 10 53 47 83 59 -1 -1 44 29 65 78
 48 58 -1  6 52 -1  2 84 71 85 26 -1 24 18 85  5 61 -1 28 66 59 -1 -1 66
 -1 87  6 33]
[0 0 0 0 1 1 0 0 0 0 0 0 1 0 0 0 0 0 1 1 0 1 0 1 0 0 1 0 1 1 1 1 1 0 1 0 0
 1 0 1 1 0 0 1 0 0 0 1 0 0 1 1 0 1 1 1 0 0 1 1 1 1 1 1 0 1 0 1 0 0 1 0 1 1
 0 1 1 1 1 0 0 0 1 0 0 1 0 0 1 0 1 0 0 1 1 1 1 1 1 0]
[0 1 0 0 0 0 0 1 1 0 1 0 0 0 4 1 0 0 0 4 1 3 0 0 3 0 3 3 4 1 2 0 0 2 3 2 0
 3 3 3 4 1 0 0 0 2 3 2 0 0 0 1 0 2 0 2 0 2 3 4 1 2 2 0 0 3 4 2 1 3 2 4 2 0
 2 0 0 2 4 0 0 0 0 1 0 4 1 2 1 1 0 3 0 4 2 3 0 4 0 1]
[0 1 0 0 0 0 0 1 1 0 1 0 0 0 4 1 0 0 0 4 1 3 0 0 3 0 3 3 4 1 2 0 0 2 3 2 0
 3 3 3 4 1 0 0 0 2 3 2 0 0 0 1 0 2 0 2 0 2 3 4 1 2 2 0 0 3 4 2 1 3 2 4 2 0
 2 0 0 2 4 0 0 0 0 1 0 4 1 2 1 1 0 3 0 4 2 3 0 4 0 1]
[6 6 6 8 9 3 9 8 8 3 7 7 3 8 1 2 6 5 7 6 7 2 7 2 4 4 7 1 8 2 6 2 3 6 3 7 5
 7 2 8 4 7 3 1 3 3 8 8 2 2 7 2 4 1 7 8 2 5 8 9 6 7 3 6 7 1 4 3 9 4 9 6 3 3
 3 1 5 7 3 1 6 5 1 7 3 5 7 4 1 2 7 2 4 8 9 4 4 5 5 7]
[6 6 6 8 9 3 9 8 8 3 7 7 3 8 1 2 6 5 7 6 7 2 7 2 4 4 7 1 8 2 6 2 3 6 3 7 5
 7 2 8 4 7 3 1 3 3 8 8 2 2 7 2 4 1 7 8 2 5 8 9 6 7 3 6 7 1 4 3 9 4 9 6 3 3
 3 1 5 7 3 1 6 5 1 7 3 5 7 4 1 2 7 2 4 8 9 4 4 5 5 7]
[50, 50, 50, 50, 23, 50, 50, 50, 12, 50, 50, 50, 43, 50, 50, 18, 24, 50, 50, 49, 50, 25, 50, 44, 29, 31, 50, 50, 50, 50, 16, 50, 33, 24, 50, 50, 44, 39, 38, 40, 25, 46, 20, 22, 37, 50, 10, 20, 42, 47, 50, 50, 50, 33, 50, 50, 12, 47, 50, 50, 44, 17, 50, 14, 41, 50, 11, 50, 50, 21, 50, 50, 14, 35, 50, 50, 50, 44, 32, 11, 38, 18, 50, 50, 44, 50, 37, 50, 39, 50, 47, 50, 32, 50, 17, 37, 50, 50, 50, 14]
[0 0 0 0 0 0 0 0 0 0 0 0 0 0 0 0 0 0 0 0 0 0 0 0 0 0 0 0 0 0 0 0 0 0 0 0 0
 0 0 0 0 0 0 0 0 0 0 0 0 0 0 0 0 0 0 0 0 0 0 0 0 0 0 0 0 0 0 0 0 0 0 0 0 0
 0 0 0 0 0 0 0 0 0 0 0 0 0 0 0 0 0 0 0 0 0 0 0 0 0 0]
[1 1 1 1 1 1 1 1 1 1 1 1 1 1 1 1 1 1 1 1 1 1 1 1 1 1 1 1 1 1 1 1 1 1 1 1 1
 1 1 1 1 1 1 1 1 1 1 1 1 1 1 1 1 1 1 1 1 1 1 1 1 1 1 1 1 1 1 1 1 1 1 1 1 1
 1 1 1 1 1 1 1 1 1 1 1 1 1 1 1 1 1 1 1 1 1 1 1 1 1 1]
