[ 0  1  2  3  4  5  6  7  8  9 10 11 12 13 14 15 16 17 18 19 20 21 22 23
 24 25 26 27 28 29 30 31 32 33 34 35 36 37 38 39 40 41 42 43 44 45 46 47
 48 49 50 51 52 53 54 55 56 57 58 59 60 61 62 63 64 65 66 67 68 69 70 71
 72 73 74 75 76 77 78 79 80 81 82 83 84 85 86 87 88 89 90 91 92 93 94 95
 96 97 98 99]
[-1  9 -1 -1 91 -1 -1 48 -1 35 -1 58 28 -1 72 -1 41 86 -1 97 -1 -1  7 30
 39 -1 -1 53 21  3 74 -1 70 -1 52 -1 -1 -1 -1 -1 18 83 44 44  5 31 -1 33
 -1 84 -1 84 10 -1 42 -1 92 -1 -1 -1 20 35 -1 16 21 38 72 -1 44 72 50 43
 41 -1 36  6 85 -1 82 17 82  3 79 15 40 73 54 -1  7 96 11 82 63 -1 18 62
 -1 -1 -1 42]
[0 1 0 0 1 1 0 0 1 0 0 0 1 1 0 0 1 1 0 0 0 0 1 0 1 1 1 0 0 0 0 1 0 1 1 1 0
 1 0 1 1 0 0 0 1 1 1 1 0 0 0 1 1 1 1 1 0 1 1 0 0 1 1 1 0 1 0 1 0 0 1 1 1 0
 0 0 1 0 0 0 1 1 0 0 1 1 0 0 1 1 0 0 0 0 0 1 1 0 1 0]
[2 0 0 2 3 3 4 3 1 0 3 0 0 0 4 3 1 3 0 2 1 0 0 0 4 0 3 4 4 2 3 0 0 2 1 0 4
 3 3 2 3 3 1 1 0 0 2 3 0 0 0 2 0 0 0 0 2 0 0 4 0 0 0 4 3 3 1 1 0 2 0 2 4 0
 1 3 0 0 1 0 0 0 0 0 0 0 0 0 0 0 4 0 0 1 0 2 0 0 2 0]
[2 0 0 2 3 3 4 3 1 0 3 0 0 0 4 3 1 3 0 2 1 0 0 0 4 0 3 4 4 2 3 0 0 2 1 0 4
 3 3 2 3 3 1 1 0 0 2 3 0 0 0 2 0 0 0 0 2 0 0 4 0 0 0 4 3 3 1 1 0 2 0 2 4 0
 1 3 0 0 1 0 0 0 0 0 0 0 0 0 0 0 4 0 0 1 0 2 0 0 2 0]
[5 4 3 6 9 3 3 2 7 9 3 4 8 8 1 8 8 3 9 4 1 5 4 6 9 8 6 3 3 6 5 1 4 7 6 5 4
 4 1 3 9 6 9 2 4 1 1 3 4 3 7 4 2 5 9 6 7 8 4 6 8 7 2 6 9 2 7 3 5 8 1 8 2 7
 2 3 2 1 5 6 1 1 9 2 7 6 5 1 3 1 4 4 9 5 6 2 2 8 2 7]
[5 4 3 6 9 3 3 2 7 9 3 4 8 8 1 8 8 3 9 4 1 5 4 6 9 8 6 3 3 6 5 1 4 7 6 5 4
 4 1 3 9 6 9 2 4 1 1 3 4 3 7 4 2 5 9 6 7 8 4 6 8 7 2 6 9 2 7 3 5 8 1 8 2 7
 2 3 2 1 5 6 1 1 9 2 7 6 5 1 3 1 4 4 9 5 6 2 2 8 2 7]
[50, 31, 16, 50, 50, 13, 35, 50, 43, 41, 19, 50, 50, 50, 39, 25, 42, 50, 50, 50, 43, 50, 20, 50, 50, 22, 50, 50, 50, 48, 25, 50, 50, 50, 50, 32, 18, 50, 50, 41, 50, 50, 15, 50, 13, 50, 50, 11, 50, 19, 49, 24, 50, 50, 50, 50, 32, 32, 27, 50, 50, 50, 50, 50, 50, 50, 50, 37, 29, 11, 21, 50, 50, 50, 50, 50, 12, 50, 50, 14, 18, 50, 50, 28, 43, 50, 10, 48, 50, 50, 50, 13, 50, 31, 35, 50, 50, 22, 10, 43]
[0 0 0 0 0 0 0 0 0 0 0 0 0 0 0 0 0 0 0 0 0 0 0 0 0 0 0 0 0 0 0 0 0 0 0 0 0
 0 0 0 0 0 0 0 0 0 0 0 0 0 0 0 0 0 0 0 0 0 0 0 0 0 0 0 0 0 0 0 0 0 0 0 0 0
 0 0 0 0 0 0 0 0 0 0 0 0 0 0 0 0 0 0 0 0 0 0 0 0 0 0]
[1 1 1 1 1 1 1 1 1 1 1 1 1 1 1 1 1 1 1 1 1 1 1 1 1 1 1 1 1 1 1 1 1 1 1 1 1
 1 1 1 1 1 1 1 1 1 1 1 1 1 1 1 1 1 1 1 1 1 1 1 1 1 1 1 1 1 1 1 1 1 1 1 1 1
 1 1 1 1 1 1 1 1 1 1 1 1 1 1 1 1 1 1 1 1 1 1 1 1 1 1]
