[ 0  1  2  3  4  5  6  7  8  9 10 11 12 13 14 15 16 17 18 19 20 21 22 23
 24 25 26 27 28 29 30 31 32 33 34 35 36 37 38 39 40 41 42 43 44 45 46 47
 48 49 50 51 52 53 54 55 56 57 58 59 60 61 62 63 64 65 66 67 68 69 70 71
 72 73 74 75 76 77 78 79 80 81 82 83 84 85 86 87 88 89 90 91 92 93 94 95
 96 97 98 99]
[34 -1 54 -1 -1 17 58 -1 -1 22 58 75 -1 90 -1 -1 68 62 53 85 50 84 -1 13
 -1 42 16 70 -1 -1 97 -1 -1 73 64 -1 68 -1 -1 85 17 79 77 72 -1 84 -1 51
 33 11 -1 69 43 50 -1 40 -1 -1 -1 -1 -1 52 32 85 68 71 79 31 -1 96 -1 15
 11 -1 61 41 26 -1 -1 16 -1 -1 41  7 10 64 81 42 65 77 48 -1 12 33 61 -1
 14 80 59 -1]
[0 0 1 1 0 1 0 1 0 0 1 0 1 0 1 1 0 0 1 0 0 0 0 0 0 1 0 0 0 1 0 0 0 0 0 0 1
 0 1 0 0 0 0 1 1 0 1 0 1 1 0 1 0 0 0 1 1 1 1 1 0 1 0 0 1 0 1 0 0 0 1 1 1 0
 0 0 1 1 1 1 1 1 1 1 0 0 0 1 1 0 0 0 1 0 0 0 0 0 1 0]
[0 4 0 1 1 2 1 1 4 4 0 0 0 0 0 4 0 4 0 4 0 0 0 3 1 1 4 0 4 0 4 3 4 0 4 2 0
 3 0 3 0 0 0 2 2 0 0 0 3 1 1 4 0 0 3 4 0 3 0 0 1 0 4 1 3 3 0 4 4 2 1 1 1 0
 4 0 0 1 0 0 2 0 0 0 3 0 0 3 3 0 2 0 1 0 2 4 0 2 0 0]
[0 4 0 1 1 2 1 1 4 4 0 0 0 0 0 4 0 4 0 4 0 0 0 3 1 1 4 0 4 0 4 3 4 0 4 2 0
 3 0 3 0 0 0 2 2 0 0 0 3 1 1 4 0 0 3 4 0 3 0 0 1 0 4 1 3 3 0 4 4 2 1 1 1 0
 4 0 0 1 0 0 2 0 0 0 3 0 0 3 3 0 2 0 1 0 2 4 0 2 0 0]
[8 3 6 4 5 5 2 7 3 6 2 9 2 1 2 8 2 6 9 2 5 4 3 6 3 1 1 6 5 1 2 1 2 3 7 3 5
 7 9 4 8 5 8 5 7 7 3 7 7 7 5 8 8 5 1 4 8 2 3 3 9 4 5 2 7 6 4 7 1 1 1 4 1 5
 1 9 3 3 2 8 8 4 7 8 5 2 5 8 8 9 1 7 1 8 7 7 9 3 7 1]
[8 3 6 4 5 5 2 7 3 6 2 9 2 1 2 8 2 6 9 2 5 4 3 6 3 1 1 6 5 1 2 1 2 3 7 3 5
 7 9 4 8 5 8 5 7 7 3 7 7 7 5 8 8 5 1 4 8 2 3 3 9 4 5 2 7 6 4 7 1 1 1 4 1 5
 1 9 3 3 2 8 8 4 7 8 5 2 5 8 8 9 1 7 1 8 7 7 9 3 7 1]
[35, 33, 50, 50, 14, 49, 20, 25, 50, 50, 50, 50, 30, 12, 33, 45, 50, 50, 50, 50, 41, 50, 50, 50, 43, 25, 39, 50, 11, 43, 50, 38, 44, 50, 32, 32, 29, 50, 46, 50, 23, 21, 25, 48, 27, 50, 30, 50, 50, 50, 50, 40, 50, 50, 50, 33, 32, 50, 50, 33, 32, 16, 47, 50, 50, 50, 50, 50, 43, 22, 23, 50, 46, 36, 50, 50, 26, 50, 50, 50, 50, 11, 27, 40, 50, 25, 50, 50, 29, 50, 49, 50, 16, 18, 46, 11, 24, 50, 50, 32]
[0 0 0 0 0 0 0 0 0 0 0 0 0 0 0 0 0 0 0 0 0 0 0 0 0 0 0 0 0 0 0 0 0 0 0 0 0
 0 0 0 0 0 0 0 0 0 0 0 0 0 0 0 0 0 0 0 0 0 0 0 0 0 0 0 0 0 0 0 0 0 0 0 0 0
 0 0 0 0 0 0 0 0 0 0 0 0 0 0 0 0 0 0 0 0 0 0 0 0 0 0]
[1 1 1 1 1 1 1 1 1 1 1 1 1 1 1 1 1 1 1 1 1 1 1 1 1 1 1 1 1 1 1 1 1 1 1 1 1
 1 1 1 1 1 1 1 1 1 1 1 1 1 1 1 1 1 1 1 1 1 1 1 1 1 1 1 1 1 1 1 1 1 1 1 1 1
 1 1 1 1 1 1 1 1 1 1 1 1 1 1 1 1 1 1 1 1 1 1 1 1 1 1]
