[ 0  1  2  3  4  5  6  7  8  9 10 11 12 13 14 15 16 17 18 19 20 21 22 23
 24 25 26 27 28 29 30 31 32 33 34 35 36 37 38 39 40 41 42 43 44 45 46 47
 48 49 50 51 52 53 54 55 56 57 58 59 60 61 62 63 64 65 66 67 68 69 70 71
 72 73 74 75 76 77 78 79 80 81 82 83 84 85 86 87 88 89 90 91 92 93 94 95
 96 97 98 99]
[60 45 76 -1 -1 -1 -1 -1 43 -1 35 59 -1 -1 15 -1 -1 -1 -1 83 38 19 12 -1
 -1 75 -1 -1 84  2 -1 -1 64 -1 -1 80 -1 68 47 44 25 -1 97 46 -1 84 57 21
 56 52 43 -1  6 57 98 -1 -1 20 27 61 73 12  5 26 -1 -1 61 -1 29  2 72 -1
 -1 69 -1 90 46 -1 75 26 15 38  8 -1 -1 15  7 -1 -1 80 44 92 39 92 64 66
 71 15 -1 46]
[1 0 1 1 1 0 1 1 0 1 1 0 0 0 1 0 1 0 1 1 1 0 0 0 0 0 0 0 1 1 1 0 0 1 0 0 1
 1 0 0 1 1 1 0 0 1 1 0 1 0 0 0 1 0 1 1 0 0 1 0 0 0 1 1 0 0 0 0 0 0 0 1 0 0
 0 1 1 0 1 1 1 0 0 1 0 1 0 0 1 1 0 1 0 1 1 0 0 0 0 0]
[4 0 3 0 0 4 1 2 0 0 1 2 4 3 0 0 3 3 0 4 4 1 2 4 0 0 0 4 0 4 1 3 3 4 0 4 3
 2 1 1 3 4 1 0 1 1 0 1 2 1 0 2 0 2 0 0 3 1 1 0 3 3 3 3 1 2 0 0 1 1 0 2 0 0
 0 1 0 0 0 4 0 3 0 2 4 2 2 0 0 0 0 0 1 4 2 0 0 2 1 0]
[4 0 3 0 0 4 1 2 0 0 1 2 4 3 0 0 3 3 0 4 4 1 2 4 0 0 0 4 0 4 1 3 3 4 0 4 3
 2 1 1 3 4 1 0 1 1 0 1 2 1 0 2 0 2 0 0 3 1 1 0 3 3 3 3 1 2 0 0 1 1 0 2 0 0
 0 1 0 0 0 4 0 3 0 2 4 2 2 0 0 0 0 0 1 4 2 0 0 2 1 0]
[9 4 3 8 1 5 2 4 1 1 9 9 5 6 7 2 8 7 3 5 7 8 2 8 3 6 7 1 7 6 1 9 6 7 1 2 9
 9 2 3 2 7 5 9 2 9 1 4 1 9 2 6 3 2 6 9 6 4 3 4 5 5 2 6 6 2 9 3 6 3 5 8 9 2
 7 8 3 9 1 6 5 5 8 5 3 3 2 6 2 6 4 9 6 9 5 2 5 3 2 6]
[9 4 3 8 1 5 2 4 1 1 9 9 5 6 7 2 8 7 3 5 7 8 2 8 3 6 7 1 7 6 1 9 6 7 1 2 9
 9 2 3 2 7 5 9 2 9 1 4 1 9 2 6 3 2 6 9 6 4 3 4 5 5 2 6 6 2 9 3 6 3 5 8 9 2
 7 8 3 9 1 6 5 5 8 5 3 3 2 6 2 6 4 9 6 9 5 2 5 3 2 6]
[50, 50, 34, 50, 24, 50, 15, 28, 50, 13, 21, 38, 49, 30, 10, 50, 50, 30, 50, 40, 50, 50, 13, 25, 50, 50, 39, 50, 50, 50, 50, 14, 24, 50, 50, 17, 50, 21, 50, 50, 42, 50, 38, 46, 50, 43, 16, 50, 50, 40, 48, 50, 50, 50, 44, 35, 50, 44, 50, 50, 50, 50, 15, 50, 50, 29, 50, 50, 31, 47, 29, 50, 27, 50, 23, 47, 22, 50, 50, 50, 50, 50, 18, 17, 36, 50, 32, 47, 41, 50, 16, 37, 50, 18, 50, 20, 50, 50, 17, 50]
[0 0 0 0 0 0 0 0 0 0 0 0 0 0 0 0 0 0 0 0 0 0 0 0 0 0 0 0 0 0 0 0 0 0 0 0 0
 0 0 0 0 0 0 0 0 0 0 0 0 0 0 0 0 0 0 0 0 0 0 0 0 0 0 0 0 0 0 0 0 0 0 0 0 0
 0 0 0 0 0 0 0 0 0 0 0 0 0 0 0 0 0 0 0 0 0 0 0 0 0 0]
[1 1 1 1 1 1 1 1 1 1 1 1 1 1 1 1 1 1 1 1 1 1 1 1 1 1 1 1 1 1 1 1 1 1 1 1 1
 1 1 1 1 1 1 1 1 1 1 1 1 1 1 1 1 1 1 1 1 1 1 1 1 1 1 1 1 1 1 1 1 1 1 1 1 1
 1 1 1 1 1 1 1 1 1 1 1 1 1 1 1 1 1 1 1 1 1 1 1 1 1 1]
