[ 0  1  2  3  4  5  6  7  8  9 10 11 12 13 14 15 16 17 18 19 20 21 22 23
 24 25 26 27 28 29 30 31 32 33 34 35 36 37 38 39 40 41 42 43 44 45 46 47
 48 49 50 51 52 53 54 55 56 57 58 59 60 61 62 63 64 65 66 67 68 69 70 71
 72 73 74 75 76 77 78 79 80 81 82 83 84 85 86 87 88 89 90 91 92 93 94 95
 96 97 98 99]
[96 36 86 -1  0 -1 25 92 27 93 16  3 -1 62 -1 74 -1 14 14 73 27 -1 24 -1
 15 16 11 79 96 45 -1 51 48  2 84 74 -1 27 59 11 32 76 15 10 81 -1 44 -1
 -1 -1 21 73 92 -1 69 -1 -1 65 -1 91 38 -1 -1 69 77 71 -1 55  3 85 34 -1
  9 28 37 -1 86 -1 31 -1 23 80 -1 36 78 98 40  3 48 20 29  4 35 75  7 13
 24 -1 84 73]
[0 0 1 0 0 0 0 0 0 0 1 1 1 1 1 0 1 1 0 1 0 0 0 0 1 1 1 1 0 1 1 0 0 0 1 1 0
 0 0 1 1 1 1 1 1 1 1 1 0 1 1 1 0 0 0 1 0 1 0 1 0 0 0 0 1 0 0 0 0 0 0 0 1 1
 0 1 0 1 1 1 0 0 0 1 1 1 0 0 0 0 0 1 0 0 1 1 0 1 1 1]
[4 0 4 4 3 3 2 3 0 1 1 4 4 0 0 2 1 0 0 0 0 0 0 4 0 0 0 4 0 2 0 0 1 4 0 0 0
 0 0 2 4 3 0 4 0 0 1 2 0 1 0 3 0 3 1 0 0 0 2 0 0 3 1 4 4 4 4 4 1 0 3 2 3 0
 0 0 4 4 0 4 0 0 0 4 3 0 0 0 4 2 4 3 1 0 0 0 0 0 3 0]
[4 0 4 4 3 3 2 3 0 1 1 4 4 0 0 2 1 0 0 0 0 0 0 4 0 0 0 4 0 2 0 0 1 4 0 0 0
 0 0 2 4 3 0 4 0 0 1 2 0 1 0 3 0 3 1 0 0 0 2 0 0 3 1 4 4 4 4 4 1 0 3 2 3 0
 0 0 4 4 0 4 0 0 0 4 3 0 0 0 4 2 4 3 1 0 0 0 0 0 3 0]
[1 9 5 5 9 7 7 2 1 3 2 3 9 8 2 5 2 2 1 3 7 5 7 6 6 6 3 7 9 2 3 2 4 6 7 3 3
 9 4 5 6 4 9 2 1 9 4 3 1 6 6 7 7 7 2 1 5 8 6 3 3 4 1 8 3 9 9 5 2 1 4 5 1 3
 6 2 9 2 9 4 1 6 9 5 9 4 1 4 3 7 2 6 8 8 3 7 3 7 1 5]
[1 9 5 5 9 7 7 2 1 3 2 3 9 8 2 5 2 2 1 3 7 5 7 6 6 6 3 7 9 2 3 2 4 6 7 3 3
 9 4 5 6 4 9 2 1 9 4 3 1 6 6 7 7 7 2 1 5 8 6 3 3 4 1 8 3 9 9 5 2 1 4 5 1 3
 6 2 9 2 9 4 1 6 9 5 9 4 1 4 3 7 2 6 8 8 3 7 3 7 1 5]
[50, 48, 39, 33, 31, 50, 40, 50, 50, 15, 16, 42, 50, 50, 14, 45, 50, 50, 50, 50, 50, 50, 10, 34, 49, 21, 50, 50, 50, 21, 50, 50, 50, 50, 50, 21, 50, 16, 50, 50, 47, 46, 50, 50, 50, 26, 16, 50, 10, 50, 50, 50, 50, 50, 50, 43, 50, 45, 50, 50, 17, 50, 50, 11, 32, 50, 21, 17, 50, 50, 35, 50, 23, 48, 50, 50, 46, 20, 50, 50, 50, 50, 15, 50, 50, 11, 50, 40, 12, 33, 50, 50, 10, 11, 19, 27, 50, 33, 41, 50]
[0 0 0 0 0 0 0 0 0 0 0 0 0 0 0 0 0 0 0 0 0 0 0 0 0 0 0 0 0 0 0 0 0 0 0 0 0
 0 0 0 0 0 0 0 0 0 0 0 0 0 0 0 0 0 0 0 0 0 0 0 0 0 0 0 0 0 0 0 0 0 0 0 0 0
 0 0 0 0 0 0 0 0 0 0 0 0 0 0 0 0 0 0 0 0 0 0 0 0 0 0]
[1 1 1 1 1 1 1 1 1 1 1 1 1 1 1 1 1 1 1 1 1 1 1 1 1 1 1 1 1 1 1 1 1 1 1 1 1
 1 1 1 1 1 1 1 1 1 1 1 1 1 1 1 1 1 1 1 1 1 1 1 1 1 1 1 1 1 1 1 1 1 1 1 1 1
 1 1 1 1 1 1 1 1 1 1 1 1 1 1 1 1 1 1 1 1 1 1 1 1 1 1]
