[ 0  1  2  3  4  5  6  7  8  9 10 11 12 13 14 15 16 17 18 19 20 21 22 23
 24 25 26 27 28 29 30 31 32 33 34 35 36 37 38 39 40 41 42 43 44 45 46 47
 48 49 50 51 52 53 54 55 56 57 58 59 60 61 62 63 64 65 66 67 68 69 70 71
 72 73 74 75 76 77 78 79 80 81 82 83 84 85 86 87 88 89 90 91 92 93 94 95
 96 97 98 99]
[46 52 -1 27 -1 -1 30 17 37 51 -1 78 99 60  5 41 -1 60 87 22 48 57 -1 30
 -1 -1 95 64 -1 91 59 22 72 -1 70 19 54 -1 24 -1  9 57 -1 88 48 11 51 99
 97 -1 -1 -1 99 70 13 -1 29 61 11 18 84  5 -1 21 -1 -1 73 81 23 59 43 -1
 53 90 -1 84 12 -1 89 -1 20 77 -1 67 49 -1  4 -1 -1 -1 22 13 40 -1 17 -1
 17 10 13 94]
[0 1 0 1 1 1 1 1 0 0 0 1 0 0 1 0 0 1 0 0 1 1 0 0 0 1 0 0 0 1 1 0 0 0 1 0 1
 0 0 1 1 0 0 0 0 0 1 0 1 1 0 0 1 0 0 1 0 0 0 0 0 0 0 1 1 1 1 0 1 0 1 1 1 1
 1 1 1 1 0 1 1 1 1 1 1 1 0 1 1 1 1 1 0 1 1 0 1 0 0 1]
[4 0 0 1 0 1 1 0 0 0 4 0 0 0 0 4 3 0 3 0 3 3 0 0 0 3 4 0 0 0 4 3 0 2 2 0 0
 0 0 0 2 0 4 1 0 3 0 1 3 0 0 0 0 3 2 0 0 1 0 1 0 4 3 1 4 0 0 2 2 2 1 0 0 0
 0 2 0 1 2 1 2 0 4 0 0 1 0 0 0 4 3 0 4 4 4 0 4 0 3 2]
[4 0 0 1 0 1 1 0 0 0 4 0 0 0 0 4 3 0 3 0 3 3 0 0 0 3 4 0 0 0 4 3 0 2 2 0 0
 0 0 0 2 0 4 1 0 3 0 1 3 0 0 0 0 3 2 0 0 1 0 1 0 4 3 1 4 0 0 2 2 2 1 0 0 0
 0 2 0 1 2 1 2 0 4 0 0 1 0 0 0 4 3 0 4 4 4 0 4 0 3 2]
[7 2 6 4 8 1 7 2 7 2 1 5 6 9 2 4 7 9 5 3 2 1 2 1 3 4 9 2 3 2 9 4 3 3 8 9 6
 7 7 7 8 9 9 2 3 4 4 9 8 2 3 9 7 7 5 2 1 4 8 8 5 3 7 4 9 7 7 8 4 6 6 6 2 7
 9 7 5 7 5 8 4 5 7 5 1 2 8 7 1 2 1 9 4 2 6 6 7 6 9 5]
[7 2 6 4 8 1 7 2 7 2 1 5 6 9 2 4 7 9 5 3 2 1 2 1 3 4 9 2 3 2 9 4 3 3 8 9 6
 7 7 7 8 9 9 2 3 4 4 9 8 2 3 9 7 7 5 2 1 4 8 8 5 3 7 4 9 7 7 8 4 6 6 6 2 7
 9 7 5 7 5 8 4 5 7 5 1 2 8 7 1 2 1 9 4 2 6 6 7 6 9 5]
[38, 50, 50, 50, 29, 50, 48, 48, 50, 50, 26, 22, 50, 19, 47, 36, 50, 50, 50, 50, 50, 50, 19, 17, 50, 47, 50, 50, 42, 30, 50, 28, 50, 38, 15, 26, 11, 50, 28, 46, 50, 50, 17, 50, 50, 26, 48, 50, 12, 50, 50, 30, 13, 41, 20, 50, 50, 50, 50, 34, 50, 20, 50, 42, 22, 50, 15, 17, 14, 50, 50, 36, 50, 50, 37, 50, 50, 50, 17, 50, 50, 47, 50, 50, 50, 50, 50, 50, 37, 10, 50, 20, 42, 42, 49, 17, 32, 50, 50, 33]
[0 0 0 0 0 0 0 0 0 0 0 0 0 0 0 0 0 0 0 0 0 0 0 0 0 0 0 0 0 0 0 0 0 0 0 0 0
 0 0 0 0 0 0 0 0 0 0 0 0 0 0 0 0 0 0 0 0 0 0 0 0 0 0 0 0 0 0 0 0 0 0 0 0 0
 0 0 0 0 0 0 0 0 0 0 0 0 0 0 0 0 0 0 0 0 0 0 0 0 0 0]
[1 1 1 1 1 1 1 1 1 1 1 1 1 1 1 1 1 1 1 1 1 1 1 1 1 1 1 1 1 1 1 1 1 1 1 1 1
 1 1 1 1 1 1 1 1 1 1 1 1 1 1 1 1 1 1 1 1 1 1 1 1 1 1 1 1 1 1 1 1 1 1 1 1 1
 1 1 1 1 1 1 1 1 1 1 1 1 1 1 1 1 1 1 1 1 1 1 1 1 1 1]
