[ 0  1  2  3  4  5  6  7  8  9 10 11 12 13 14 15 16 17 18 19 20 21 22 23
 24 25 26 27 28 29 30 31 32 33 34 35 36 37 38 39 40 41 42 43 44 45 46 47
 48 49 50 51 52 53 54 55 56 57 58 59 60 61 62 63 64 65 66 67 68 69 70 71
 72 73 74 75 76 77 78 79 80 81 82 83 84 85 86 87 88 89 90 91 92 93 94 95
 96 97 98 99]
[37 -1 -1 29 -1 36 91 67 46 83 64 -1 -1 60 -1 -1 -1 -1 -1 86 42 -1  9 -1
 -1 24 12  5 57 72 56 -1 56 -1 37 61 98 -1 -1 76 31 -1 30 56 77 54 90 -1
 -1 -1 67 31 51 52 42 29  6  6 -1 50 -1 -1 99 -1 -1 54  4 57 49  0 35 47
 56 43 -1 21 -1 61 47 -1 -1 -1 65 43 36 -1 22 56 69 54 -1 13 83 34 -1 76
 17 10 -1 -1]
[1 1 1 0 0 1 0 1 1 1 1 0 1 0 0 0 0 1 1 0 0 1 1 0 1 1 0 1 0 1 0 0 1 1 1 0 0
 0 1 0 0 0 1 1 0 1 1 0 0 0 0 0 0 0 1 1 0 0 0 0 1 1 0 0 1 1 0 0 1 0 0 0 0 0
 0 1 0 1 0 0 1 0 1 1 1 0 0 1 1 1 1 1 0 1 0 0 0 0 1 0]
[0 0 0 0 0 3 3 1 1 1 4 1 3 4 0 1 0 3 2 0 0 0 2 3 0 0 4 0 0 0 0 1 0 0 0 3 4
 0 2 4 2 0 4 0 0 3 0 0 0 1 0 2 0 4 0 0 3 0 3 0 1 1 0 0 4 3 0 0 0 0 1 3 0 1
 3 3 0 4 2 0 2 1 3 0 0 0 0 3 0 4 0 0 1 0 0 0 0 4 1 3]
[0 0 0 0 0 3 3 1 1 1 4 1 3 4 0 1 0 3 2 0 0 0 2 3 0 0 4 0 0 0 0 1 0 0 0 3 4
 0 2 4 2 0 4 0 0 3 0 0 0 1 0 2 0 4 0 0 3 0 3 0 1 1 0 0 4 3 0 0 0 0 1 3 0 1
 3 3 0 4 2 0 2 1 3 0 0 0 0 3 0 4 0 0 1 0 0 0 0 4 1 3]
[4 3 5 9 9 2 6 3 7 6 6 3 5 9 9 7 5 1 9 1 6 4 9 9 2 3 6 9 2 8 9 1 8 1 2 8 3
 5 6 3 5 3 2 4 5 7 9 5 3 2 3 3 6 9 5 9 7 1 5 9 3 3 7 6 4 7 8 3 4 1 6 2 9 6
 6 4 5 2 2 4 1 1 1 7 2 6 2 6 8 1 4 8 8 9 2 1 7 5 5 8]
[4 3 5 9 9 2 6 3 7 6 6 3 5 9 9 7 5 1 9 1 6 4 9 9 2 3 6 9 2 8 9 1 8 1 2 8 3
 5 6 3 5 3 2 4 5 7 9 5 3 2 3 3 6 9 5 9 7 1 5 9 3 3 7 6 4 7 8 3 4 1 6 2 9 6
 6 4 5 2 2 4 1 1 1 7 2 6 2 6 8 1 4 8 8 9 2 1 7 5 5 8]
[50, 50, 50, 50, 25, 39, 36, 50, 18, 50, 21, 35, 50, 50, 49, 33, 27, 50, 38, 50, 33, 31, 22, 35, 20, 21, 26, 17, 33, 50, 50, 50, 50, 19, 44, 50, 50, 50, 50, 24, 50, 20, 27, 35, 50, 50, 40, 50, 36, 50, 50, 50, 44, 50, 17, 50, 30, 19, 28, 50, 42, 42, 50, 50, 23, 50, 10, 34, 50, 50, 48, 12, 50, 21, 44, 42, 50, 40, 50, 50, 26, 42, 21, 50, 50, 24, 36, 50, 43, 50, 38, 50, 50, 50, 50, 50, 50, 50, 50, 20]
[0 0 0 0 0 0 0 0 0 0 0 0 0 0 0 0 0 0 0 0 0 0 0 0 0 0 0 0 0 0 0 0 0 0 0 0 0
 0 0 0 0 0 0 0 0 0 0 0 0 0 0 0 0 0 0 0 0 0 0 0 0 0 0 0 0 0 0 0 0 0 0 0 0 0
 0 0 0 0 0 0 0 0 0 0 0 0 0 0 0 0 0 0 0 0 0 0 0 0 0 0]
[1 1 1 1 1 1 1 1 1 1 1 1 1 1 1 1 1 1 1 1 1 1 1 1 1 1 1 1 1 1 1 1 1 1 1 1 1
 1 1 1 1 1 1 1 1 1 1 1 1 1 1 1 1 1 1 1 1 1 1 1 1 1 1 1 1 1 1 1 1 1 1 1 1 1
 1 1 1 1 1 1 1 1 1 1 1 1 1 1 1 1 1 1 1 1 1 1 1 1 1 1]
