[ 0  1  2  3  4  5  6  7  8  9 10 11 12 13 14 15 16 17 18 19 20 21 22 23
 24 25 26 27 28 29 30 31 32 33 34 35 36 37 38 39 40 41 42 43 44 45 46 47
 48 49 50 51 52 53 54 55 56 57 58 59 60 61 62 63 64 65 66 67 68 69 70 71
 72 73 74 75 76 77 78 79 80 81 82 83 84 85 86 87 88 89 90 91 92 93 94 95
 96 97 98 99]
[-1 44 -1 -1 62 41 72 -1 88 73 24 21 41 19 -1 -1 -1 98 69 52 12 80 92 84
 28 78  5  7 63 36 61 -1  7 -1 -1 11 94 -1 -1 62 -1 82 60 97 20 -1 -1 -1
 32 46 25 -1 68 -1  1 90 64 -1 79 27 -1 13 -1 72 42 51 42 22 27 84 87 -1
 -1 31  6  1 13 56 52 15  5 96 -1 -1 55 -1 82 -1 60 63  8 38 -1 44 -1 70
 -1 -1 -1 15]
[0 0 1 0 0 0 0 0 1 0 1 1 0 0 1 0 1 1 1 1 1 1 1 1 1 1 0 0 0 1 0 0 1 1 0 0 0
 0 0 1 0 0 1 0 0 0 1 0 0 1 1 1 1 0 1 1 0 1 1 0 1 0 1 0 0 1 1 0 0 1 1 0 0 1
 1 0 1 1 0 0 0 0 0 1 0 1 0 0 0 1 1 0 0 1 1 1 0 0 1 0]
[0 0 4 1 0 4 0 1 2 2 4 1 3 0 1 2 0 1 0 2 0 1 0 1 0 0 0 1 4 0 4 0 0 0 2 3 0
 2 3 0 0 2 3 0 0 0 1 0 4 0 4 0 0 2 2 0 0 0 4 0 1 2 4 3 2 2 0 2 4 4 3 4 0 0
 0 0 1 0 3 2 3 0 4 1 3 1 0 1 3 4 0 1 0 3 0 1 0 2 4 0]
[0 0 4 1 0 4 0 1 2 2 4 1 3 0 1 2 0 1 0 2 0 1 0 1 0 0 0 1 4 0 4 0 0 0 2 3 0
 2 3 0 0 2 3 0 0 0 1 0 4 0 4 0 0 2 2 0 0 0 4 0 1 2 4 3 2 2 0 2 4 4 3 4 0 0
 0 0 1 0 3 2 3 0 4 1 3 1 0 1 3 4 0 1 0 3 0 1 0 2 4 0]
[9 8 3 8 9 1 3 6 7 5 9 5 6 9 5 2 1 8 6 7 9 1 3 3 3 3 8 6 6 9 5 3 2 9 2 5 1
 1 9 8 5 6 5 7 5 4 4 3 3 3 6 8 6 1 9 5 7 4 1 6 9 7 8 2 2 3 5 5 5 3 4 1 2 5
 3 3 8 1 5 2 8 3 5 8 9 3 1 8 4 5 3 5 7 8 1 3 1 1 4 2]
[9 8 3 8 9 1 3 6 7 5 9 5 6 9 5 2 1 8 6 7 9 1 3 3 3 3 8 6 6 9 5 3 2 9 2 5 1
 1 9 8 5 6 5 7 5 4 4 3 3 3 6 8 6 1 9 5 7 4 1 6 9 7 8 2 2 3 5 5 5 3 4 1 2 5
 3 3 8 1 5 2 8 3 5 8 9 3 1 8 4 5 3 5 7 8 1 3 1 1 4 2]
[50, 37, 50, 21, 31, 50, 26, 50, 23, 35, 50, 48, 50, 35, 50, 16, 50, 14, 20, 50, 50, 48, 50, 50, 49, 16, 50, 25, 26, 47, 16, 24, 50, 50, 49, 50, 40, 39, 50, 50, 22, 50, 39, 22, 32, 39, 13, 50, 50, 11, 23, 10, 50, 50, 50, 50, 50, 50, 50, 50, 50, 50, 13, 50, 15, 40, 50, 23, 50, 45, 50, 50, 42, 50, 50, 50, 50, 50, 50, 50, 34, 50, 50, 15, 50, 44, 16, 15, 14, 36, 50, 50, 50, 12, 50, 50, 50, 50, 40, 50]
[0 0 0 0 0 0 0 0 0 0 0 0 0 0 0 0 0 0 0 0 0 0 0 0 0 0 0 0 0 0 0 0 0 0 0 0 0
 0 0 0 0 0 0 0 0 0 0 0 0 0 0 0 0 0 0 0 0 0 0 0 0 0 0 0 0 0 0 0 0 0 0 0 0 0
 0 0 0 0 0 0 0 0 0 0 0 0 0 0 0 0 0 0 0 0 0 0 0 0 0 0]
[1 1 1 1 1 1 1 1 1 1 1 1 1 1 1 1 1 1 1 1 1 1 1 1 1 1 1 1 1 1 1 1 1 1 1 1 1
 1 1 1 1 1 1 1 1 1 1 1 1 1 1 1 1 1 1 1 1 1 1 1 1 1 1 1 1 1 1 1 1 1 1 1 1 1
 1 1 1 1 1 1 1 1 1 1 1 1 1 1 1 1 1 1 1 1 1 1 1 1 1 1]
