[ 0  1  2  3  4  5  6  7  8  9 10 11 12 13 14 15 16 17 18 19 20 21 22 23
 24 25 26 27 28 29 30 31 32 33 34 35 36 37 38 39 40 41 42 43 44 45 46 47
 48 49 50 51 52 53 54 55 56 57 58 59 60 61 62 63 64 65 66 67 68 69 70 71
 72 73 74 75 76 77 78 79 80 81 82 83 84 85 86 87 88 89 90 91 92 93 94 95
 96 97 98 99]
[63 -1 30 70 43  8 -1 39 -1 78 -1 -1 11 -1 -1 39 -1 91 84 -1 71 -1 77 40
 -1 73 -1 -1 93  5 72 33 51 52 24 -1 43 54 95 59 26 42 60 61 -1  4 -1 -1
 54 15 59 38  9 63 15  5  4 45 -1 -1 95  1 -1 54 -1 -1 -1 33 -1 -1 56 62
 92 89 -1 24 -1 -1 43 -1 85 -1 -1 11 49 87 -1 97 99 19 -1 10 25 66 46 18
 46 -1 21 23]
[1 0 1 1 1 1 0 0 0 0 1 1 1 1 1 0 1 0 0 1 0 1 0 1 0 1 1 0 0 1 0 1 0 0 1 0 1
 0 0 1 0 0 1 1 0 1 0 0 0 1 0 1 1 0 1 0 1 0 1 0 1 1 1 1 0 1 0 0 0 1 0 0 1 0
 0 0 1 0 0 1 0 0 1 1 1 0 0 0 0 1 0 1 0 1 0 0 0 1 1 1]
[0 4 3 3 0 1 4 0 0 0 0 3 0 2 3 4 0 3 2 0 2 0 1 0 0 0 4 0 0 3 2 3 0 0 4 1 2
 0 1 0 4 0 1 0 4 1 0 0 3 3 0 2 0 0 0 2 2 3 0 4 0 3 4 3 1 0 4 2 0 2 3 1 1 1
 0 2 0 4 0 3 0 2 4 2 0 0 0 0 3 1 0 0 0 4 0 0 4 4 2 4]
[0 4 3 3 0 1 4 0 0 0 0 3 0 2 3 4 0 3 2 0 2 0 1 0 0 0 4 0 0 3 2 3 0 0 4 1 2
 0 1 0 4 0 1 0 4 1 0 0 3 3 0 2 0 0 0 2 2 3 0 4 0 3 4 3 1 0 4 2 0 2 3 1 1 1
 0 2 0 4 0 3 0 2 4 2 0 0 0 0 3 1 0 0 0 4 0 0 4 4 2 4]
[8 1 8 4 2 7 2 8 5 8 8 4 3 3 4 7 2 7 4 8 9 5 9 5 1 9 4 4 2 4 8 9 6 5 1 3 7
 6 2 1 5 6 5 6 6 1 1 2 1 4 2 2 3 3 6 4 7 7 7 3 8 3 5 9 6 5 4 3 2 2 7 2 6 1
 3 4 6 8 3 8 5 3 3 9 8 3 8 7 1 3 3 7 5 3 6 7 8 4 1 7]
[8 1 8 4 2 7 2 8 5 8 8 4 3 3 4 7 2 7 4 8 9 5 9 5 1 9 4 4 2 4 8 9 6 5 1 3 7
 6 2 1 5 6 5 6 6 1 1 2 1 4 2 2 3 3 6 4 7 7 7 3 8 3 5 9 6 5 4 3 2 2 7 2 6 1
 3 4 6 8 3 8 5 3 3 9 8 3 8 7 1 3 3 7 5 3 6 7 8 4 1 7]
[40, 15, 45, 50, 41, 10, 26, 18, 50, 50, 50, 50, 50, 50, 50, 12, 31, 50, 12, 50, 50, 50, 37, 50, 28, 50, 50, 31, 14, 50, 50, 50, 50, 44, 50, 50, 50, 17, 50, 25, 50, 46, 38, 50, 50, 50, 43, 35, 26, 20, 50, 22, 50, 10, 50, 50, 32, 50, 50, 24, 33, 50, 34, 50, 50, 50, 12, 50, 38, 29, 19, 50, 21, 10, 50, 50, 50, 50, 30, 47, 44, 44, 42, 50, 44, 17, 50, 50, 50, 34, 50, 50, 50, 19, 50, 50, 25, 16, 50, 50]
[0 0 0 0 0 0 0 0 0 0 0 0 0 0 0 0 0 0 0 0 0 0 0 0 0 0 0 0 0 0 0 0 0 0 0 0 0
 0 0 0 0 0 0 0 0 0 0 0 0 0 0 0 0 0 0 0 0 0 0 0 0 0 0 0 0 0 0 0 0 0 0 0 0 0
 0 0 0 0 0 0 0 0 0 0 0 0 0 0 0 0 0 0 0 0 0 0 0 0 0 0]
[1 1 1 1 1 1 1 1 1 1 1 1 1 1 1 1 1 1 1 1 1 1 1 1 1 1 1 1 1 1 1 1 1 1 1 1 1
 1 1 1 1 1 1 1 1 1 1 1 1 1 1 1 1 1 1 1 1 1 1 1 1 1 1 1 1 1 1 1 1 1 1 1 1 1
 1 1 1 1 1 1 1 1 1 1 1 1 1 1 1 1 1 1 1 1 1 1 1 1 1 1]
