[ 0  1  2  3  4  5  6  7  8  9 10 11 12 13 14 15 16 17 18 19 20 21 22 23
 24 25 26 27 28 29 30 31 32 33 34 35 36 37 38 39 40 41 42 43 44 45 46 47
 48 49 50 51 52 53 54 55 56 57 58 59 60 61 62 63 64 65 66 67 68 69 70 71
 72 73 74 75 76 77 78 79 80 81 82 83 84 85 86 87 88 89 90 91 92 93 94 95
 96 97 98 99]
[10 50 98 59 -1 90 68 -1 35 85 11 62 66 34 35 -1 39 16 -1 -1 -1 -1 26 87
 61 55  4 57 59 64 -1 63 68 16 69 70 16 -1 -1 59 -1 25 41  6 24 61 -1 74
 -1 99 33 -1 82 28 -1 58 -1 19 -1 15 65 -1 73 -1 94 -1 -1 42 -1 64 43 22
 -1 50 88 -1 49 37 -1 98 -1 -1 39 22 64 51 -1 98 27 31 -1 84 -1 96 -1 56
 86 57 48 -1]
[0 0 1 1 0 1 0 0 1 1 0 0 1 1 1 0 1 0 1 1 1 0 1 0 1 0 1 0 0 0 1 1 0 1 1 0 0
 1 0 0 1 0 0 1 1 1 0 0 0 1 1 1 0 1 0 0 1 0 1 0 0 1 1 0 0 1 1 0 0 0 0 0 1 1
 1 1 1 0 1 0 0 0 1 0 0 1 1 1 1 0 1 0 0 0 1 0 1 1 0 1]
[0 3 3 3 1 4 3 0 0 4 0 3 4 0 0 3 4 3 0 4 0 3 0 0 3 1 0 4 2 0 0 0 2 0 0 0 0
 0 0 0 0 4 0 1 4 0 0 0 0 0 2 3 0 0 0 0 0 4 0 0 0 0 2 2 0 2 0 4 0 0 0 0 0 0
 4 4 1 3 2 2 3 0 0 1 0 0 0 0 0 4 0 1 0 0 0 0 3 0 0 2]
[0 3 3 3 1 4 3 0 0 4 0 3 4 0 0 3 4 3 0 4 0 3 0 0 3 1 0 4 2 0 0 0 2 0 0 0 0
 0 0 0 0 4 0 1 4 0 0 0 0 0 2 3 0 0 0 0 0 4 0 0 0 0 2 2 0 2 0 4 0 0 0 0 0 0
 4 4 1 3 2 2 3 0 0 1 0 0 0 0 0 4 0 1 0 0 0 0 3 0 0 2]
[4 2 1 6 2 5 9 9 5 1 2 9 2 2 3 6 7 5 7 2 4 3 7 5 2 6 6 7 9 9 1 6 4 4 6 9 6
 5 6 4 3 9 5 1 8 8 3 1 7 4 3 2 2 3 6 3 3 4 8 8 7 9 2 4 4 5 9 2 3 4 2 1 8 6
 8 6 7 2 3 5 3 6 6 4 8 9 9 4 4 6 8 1 5 7 9 2 7 2 2 9]
[4 2 1 6 2 5 9 9 5 1 2 9 2 2 3 6 7 5 7 2 4 3 7 5 2 6 6 7 9 9 1 6 4 4 6 9 6
 5 6 4 3 9 5 1 8 8 3 1 7 4 3 2 2 3 6 3 3 4 8 8 7 9 2 4 4 5 9 2 3 4 2 1 8 6
 8 6 7 2 3 5 3 6 6 4 8 9 9 4 4 6 8 1 5 7 9 2 7 2 2 9]
[50, 50, 50, 29, 50, 44, 50, 11, 50, 50, 47, 17, 32, 15, 50, 41, 37, 50, 46, 22, 39, 38, 28, 34, 25, 35, 39, 16, 50, 50, 50, 30, 26, 50, 50, 45, 20, 50, 50, 50, 29, 50, 50, 50, 50, 47, 40, 11, 50, 21, 27, 50, 46, 37, 13, 50, 50, 30, 31, 50, 50, 34, 22, 39, 24, 39, 50, 16, 50, 50, 50, 39, 50, 50, 50, 50, 33, 43, 15, 50, 50, 50, 50, 50, 50, 50, 48, 50, 23, 50, 50, 15, 50, 50, 29, 22, 50, 11, 50, 50]
[0 0 0 0 0 0 0 0 0 0 0 0 0 0 0 0 0 0 0 0 0 0 0 0 0 0 0 0 0 0 0 0 0 0 0 0 0
 0 0 0 0 0 0 0 0 0 0 0 0 0 0 0 0 0 0 0 0 0 0 0 0 0 0 0 0 0 0 0 0 0 0 0 0 0
 0 0 0 0 0 0 0 0 0 0 0 0 0 0 0 0 0 0 0 0 0 0 0 0 0 0]
[1 1 1 1 1 1 1 1 1 1 1 1 1 1 1 1 1 1 1 1 1 1 1 1 1 1 1 1 1 1 1 1 1 1 1 1 1
 1 1 1 1 1 1 1 1 1 1 1 1 1 1 1 1 1 1 1 1 1 1 1 1 1 1 1 1 1 1 1 1 1 1 1 1 1
 1 1 1 1 1 1 1 1 1 1 1 1 1 1 1 1 1 1 1 1 1 1 1 1 1 1]
