[ 0  1  2  3  4  5  6  7  8  9 10 11 12 13 14 15 16 17 18 19 20 21 22 23
 24 25 26 27 28 29 30 31 32 33 34 35 36 37 38 39 40 41 42 43 44 45 46 47
 48 49 50 51 52 53 54 55 56 57 58 59 60 61 62 63 64 65 66 67 68 69 70 71
 72 73 74 75 76 77 78 79 80 81 82 83 84 85 86 87 88 89 90 91 92 93 94 95
 96 97 98 99]
[35 -1 89 28 71 -1 27 -1 73 25 37 89 -1 71 -1 71 10 77 91 29 32 -1 12  1
 -1 -1 58 -1 75 65  3 -1 -1  7 33 47 -1 34  5  8 -1 69 36 -1 25 97 -1 76
 54 76 72  6  0 89 -1 25 -1 11 31 45 -1 -1 -1 -1 47 -1 -1 27 15 -1 -1 45
 -1 -1 -1  8 44  0  0 95 -1 67 18 -1 65 91  8 -1 -1 87 17 -1  7 -1 58 -1
 42 -1 79 97]
[1 1 1 0 0 1 0 1 0 0 0 0 1 1 0 1 0 0 0 1 0 1 1 1 0 0 1 1 1 1 1 0 1 1 1 1 0
 1 1 0 1 1 0 0 1 0 1 1 1 0 0 1 0 1 0 1 1 1 0 0 0 1 0 0 0 1 0 1 1 0 1 0 1 0
 1 0 1 0 0 1 0 0 1 0 0 0 1 0 0 0 0 1 1 1 0 0 1 1 0 0]
[4 0 0 0 0 4 2 3 0 2 2 0 4 2 0 2 1 4 0 2 1 2 0 0 1 0 1 1 0 3 0 0 0 3 0 0 0
 3 0 4 0 3 2 1 2 1 1 1 1 3 0 0 4 2 2 0 0 0 1 4 0 0 4 0 4 4 4 0 0 4 3 0 0 1
 0 0 2 4 3 0 4 0 0 1 0 4 3 2 0 2 4 4 3 0 2 0 4 0 0 0]
[4 0 0 0 0 4 2 3 0 2 2 0 4 2 0 2 1 4 0 2 1 2 0 0 1 0 1 1 0 3 0 0 0 3 0 0 0
 3 0 4 0 3 2 1 2 1 1 1 1 3 0 0 4 2 2 0 0 0 1 4 0 0 4 0 4 4 4 0 0 4 3 0 0 1
 0 0 2 4 3 0 4 0 0 1 0 4 3 2 0 2 4 4 3 0 2 0 4 0 0 0]
[4 2 5 9 1 2 1 8 7 4 2 9 3 1 1 8 8 2 9 1 3 3 1 6 3 9 5 5 3 5 9 6 9 9 8 5 9
 3 7 5 4 9 9 8 8 9 8 9 3 6 2 7 4 8 1 1 8 1 8 1 6 3 6 9 7 2 6 6 2 1 9 2 6 9
 5 4 4 4 7 3 9 1 9 8 6 9 5 3 3 9 2 7 9 8 1 5 7 9 3 8]
[4 2 5 9 1 2 1 8 7 4 2 9 3 1 1 8 8 2 9 1 3 3 1 6 3 9 5 5 3 5 9 6 9 9 8 5 9
 3 7 5 4 9 9 8 8 9 8 9 3 6 2 7 4 8 1 1 8 1 8 1 6 3 6 9 7 2 6 6 2 1 9 2 6 9
 5 4 4 4 7 3 9 1 9 8 6 9 5 3 3 9 2 7 9 8 1 5 7 9 3 8]
[18, 50, 23, 50, 50, 50, 50, 33, 10, 25, 14, 50, 49, 33, 50, 50, 50, 16, 50, 50, 27, 31, 50, 50, 50, 27, 25, 50, 50, 50, 26, 50, 50, 17, 50, 27, 29, 12, 49, 50, 50, 39, 45, 20, 43, 15, 50, 50, 28, 50, 22, 50, 50, 50, 44, 50, 30, 50, 50, 50, 50, 48, 50, 50, 49, 50, 46, 14, 50, 32, 39, 21, 15, 50, 50, 43, 40, 15, 47, 50, 50, 50, 24, 37, 48, 50, 50, 50, 50, 32, 32, 17, 39, 18, 50, 50, 17, 50, 50, 50]
[0 0 0 0 0 0 0 0 0 0 0 0 0 0 0 0 0 0 0 0 0 0 0 0 0 0 0 0 0 0 0 0 0 0 0 0 0
 0 0 0 0 0 0 0 0 0 0 0 0 0 0 0 0 0 0 0 0 0 0 0 0 0 0 0 0 0 0 0 0 0 0 0 0 0
 0 0 0 0 0 0 0 0 0 0 0 0 0 0 0 0 0 0 0 0 0 0 0 0 0 0]
[1 1 1 1 1 1 1 1 1 1 1 1 1 1 1 1 1 1 1 1 1 1 1 1 1 1 1 1 1 1 1 1 1 1 1 1 1
 1 1 1 1 1 1 1 1 1 1 1 1 1 1 1 1 1 1 1 1 1 1 1 1 1 1 1 1 1 1 1 1 1 1 1 1 1
 1 1 1 1 1 1 1 1 1 1 1 1 1 1 1 1 1 1 1 1 1 1 1 1 1 1]
