[ 0  1  2  3  4  5  6  7  8  9 10 11 12 13 14 15 16 17 18 19 20 21 22 23
 24 25 26 27 28 29 30 31 32 33 34 35 36 37 38 39 40 41 42 43 44 45 46 47
 48 49 50 51 52 53 54 55 56 57 58 59 60 61 62 63 64 65 66 67 68 69 70 71
 72 73 74 75 76 77 78 79 80 81 82 83 84 85 86 87 88 89 90 91 92 93 94 95
 96 97 98 99]
[98 -1 34 -1 54 13 14 -1 -1 34 15 61 52 36 27  5 -1 83 -1 -1 64 -1  5 16
 56 49 -1 71 -1 -1 61 46 97 -1 37  1 98  8 39  7 65 36 -1 15 37 80 -1  9
 -1 42 56 20 27 -1 21 -1 29 85 86 19 80  3 36 -1 41 15 81 62 -1 60 89 -1
 81 83 78 22 -1 64 55 -1 75 -1 55 63 18 -1 -1 79 83 92 -1 -1 -1 38 -1 11
 76 16 74 -1]
[1 1 1 1 0 0 1 0 0 1 0 0 0 0 1 1 1 1 0 0 1 0 1 1 1 1 0 1 0 0 1 1 0 0 1 0 0
 0 0 1 0 1 0 0 0 1 1 1 1 0 1 0 0 0 0 0 1 1 1 1 0 0 0 0 0 0 1 1 1 0 1 1 0 0
 1 0 0 1 0 0 0 0 1 0 0 0 0 1 0 0 0 1 1 0 1 0 1 0 1 0]
[4 2 1 0 1 0 0 2 0 0 0 2 4 1 0 4 0 3 0 4 3 0 0 1 0 4 0 0 4 0 4 0 3 1 2 4 0
 4 1 0 3 3 0 0 0 2 0 0 4 0 0 0 0 2 3 4 0 1 2 3 2 4 2 4 4 1 0 0 0 0 0 0 0 4
 0 1 1 0 0 0 0 0 0 3 0 4 0 0 0 0 0 0 1 3 1 0 3 4 0 1]
[4 2 1 0 1 0 0 2 0 0 0 2 4 1 0 4 0 3 0 4 3 0 0 1 0 4 0 0 4 0 4 0 3 1 2 4 0
 4 1 0 3 3 0 0 0 2 0 0 4 0 0 0 0 2 3 4 0 1 2 3 2 4 2 4 4 1 0 0 0 0 0 0 0 4
 0 1 1 0 0 0 0 0 0 3 0 4 0 0 0 0 0 0 1 3 1 0 3 4 0 1]
[4 8 5 5 3 6 6 6 9 8 1 1 6 8 5 4 2 6 5 1 2 2 1 8 7 5 8 4 3 9 6 5 4 3 8 8 9
 8 8 7 7 2 7 4 9 9 6 5 1 5 6 6 1 4 6 2 9 5 1 2 3 7 9 7 9 4 1 5 5 3 3 9 4 2
 6 2 3 4 3 3 7 1 6 8 9 6 3 6 1 9 5 1 8 6 1 3 7 4 9 2]
[4 8 5 5 3 6 6 6 9 8 1 1 6 8 5 4 2 6 5 1 2 2 1 8 7 5 8 4 3 9 6 5 4 3 8 8 9
 8 8 7 7 2 7 4 9 9 6 5 1 5 6 6 1 4 6 2 9 5 1 2 3 7 9 7 9 4 1 5 5 3 3 9 4 2
 6 2 3 4 3 3 7 1 6 8 9 6 3 6 1 9 5 1 8 6 1 3 7 4 9 2]
[50, 50, 50, 50, 50, 49, 50, 50, 14, 50, 11, 30, 50, 21, 20, 47, 35, 50, 50, 50, 50, 50, 49, 43, 50, 50, 50, 13, 47, 50, 50, 50, 50, 50, 37, 19, 50, 43, 50, 50, 11, 50, 16, 45, 50, 42, 50, 41, 39, 50, 40, 50, 27, 28, 45, 50, 18, 50, 14, 35, 50, 41, 50, 50, 50, 50, 50, 50, 50, 43, 23, 11, 50, 43, 19, 15, 19, 50, 11, 20, 13, 50, 50, 28, 50, 44, 50, 50, 12, 15, 47, 50, 50, 22, 24, 38, 50, 46, 50, 37]
[0 0 0 0 0 0 0 0 0 0 0 0 0 0 0 0 0 0 0 0 0 0 0 0 0 0 0 0 0 0 0 0 0 0 0 0 0
 0 0 0 0 0 0 0 0 0 0 0 0 0 0 0 0 0 0 0 0 0 0 0 0 0 0 0 0 0 0 0 0 0 0 0 0 0
 0 0 0 0 0 0 0 0 0 0 0 0 0 0 0 0 0 0 0 0 0 0 0 0 0 0]
[1 1 1 1 1 1 1 1 1 1 1 1 1 1 1 1 1 1 1 1 1 1 1 1 1 1 1 1 1 1 1 1 1 1 1 1 1
 1 1 1 1 1 1 1 1 1 1 1 1 1 1 1 1 1 1 1 1 1 1 1 1 1 1 1 1 1 1 1 1 1 1 1 1 1
 1 1 1 1 1 1 1 1 1 1 1 1 1 1 1 1 1 1 1 1 1 1 1 1 1 1]
