[ 0  1  2  3  4  5  6  7  8  9 10 11 12 13 14 15 16 17 18 19 20 21 22 23
 24 25 26 27 28 29 30 31 32 33 34 35 36 37 38 39 40 41 42 43 44 45 46 47
 48 49 50 51 52 53 54 55 56 57 58 59 60 61 62 63 64 65 66 67 68 69 70 71
 72 73 74 75 76 77 78 79 80 81 82 83 84 85 86 87 88 89 90 91 92 93 94 95
 96 97 98 99]
[12 -1 -1 42 96 96 35 19 96 11 81  7 -1 85 45  2 68 -1 88 -1 36 11 -1 47
 -1  3 49 -1 -1 85 44 16 71 66 -1 -1 90 -1 64 -1 -1 -1 98 -1 77 56 48 35
 24 71 -1 34 70 21 -1 -1 -1 12 -1  5 -1 83 -1 -1 -1 50 -1 86 78 17 -1 13
 43 67 -1 -1 -1 92 -1 -1  5 76 97 59 -1 12 -1 53 23 -1 -1 87 95 -1 98 49
 58 55 11 79]
[0 1 0 1 1 1 1 0 1 1 1 1 1 1 1 1 0 0 0 1 1 0 1 1 0 0 0 1 0 1 0 0 1 0 1 0 1
 1 0 1 0 0 0 0 0 0 0 0 1 0 0 0 1 1 1 0 0 0 1 0 0 0 1 0 1 1 1 1 0 1 0 1 1 1
 1 0 1 1 1 1 0 0 0 0 0 1 1 1 1 0 0 1 0 1 0 0 0 0 0 0]
[0 2 0 0 3 1 0 2 2 2 3 2 0 4 0 0 0 4 1 0 3 4 0 0 3 1 2 4 0 0 3 4 0 1 4 0 1
 3 0 4 0 0 0 2 0 4 1 0 0 0 4 0 0 0 0 2 0 1 4 4 3 1 0 4 3 4 0 0 4 4 0 1 0 0
 0 0 1 4 0 3 0 2 0 4 0 1 0 2 1 0 2 2 1 0 1 0 4 0 3 4]
[0 2 0 0 3 1 0 2 2 2 3 2 0 4 0 0 0 4 1 0 3 4 0 0 3 1 2 4 0 0 3 4 0 1 4 0 1
 3 0 4 0 0 0 2 0 4 1 0 0 0 4 0 0 0 0 2 0 1 4 4 3 1 0 4 3 4 0 0 4 4 0 1 0 0
 0 0 1 4 0 3 0 2 0 4 0 1 0 2 1 0 2 2 1 0 1 0 4 0 3 4]
[8 6 7 2 8 1 1 1 1 2 7 5 8 6 6 9 5 4 5 5 9 5 8 7 5 6 7 4 7 5 7 4 6 2 9 6 6
 2 2 9 1 4 2 3 5 6 5 5 3 5 1 6 6 4 8 6 4 1 5 2 4 7 7 6 5 6 4 8 3 2 5 8 9 7
 7 8 7 6 5 3 6 2 5 7 4 9 1 3 5 3 1 1 4 3 8 5 9 3 3 5]
[8 6 7 2 8 1 1 1 1 2 7 5 8 6 6 9 5 4 5 5 9 5 8 7 5 6 7 4 7 5 7 4 6 2 9 6 6
 2 2 9 1 4 2 3 5 6 5 5 3 5 1 6 6 4 8 6 4 1 5 2 4 7 7 6 5 6 4 8 3 2 5 8 9 7
 7 8 7 6 5 3 6 2 5 7 4 9 1 3 5 3 1 1 4 3 8 5 9 3 3 5]
[50, 41, 50, 50, 50, 50, 50, 50, 20, 50, 50, 18, 50, 50, 50, 34, 19, 41, 18, 50, 49, 23, 24, 50, 50, 18, 14, 30, 14, 25, 50, 50, 40, 40, 50, 50, 20, 47, 18, 50, 50, 50, 22, 50, 50, 50, 50, 50, 50, 27, 50, 50, 50, 29, 47, 50, 32, 50, 19, 50, 50, 35, 31, 26, 50, 50, 50, 20, 50, 33, 30, 50, 50, 50, 50, 50, 22, 50, 40, 50, 38, 22, 43, 43, 50, 50, 27, 39, 50, 12, 15, 50, 44, 39, 42, 50, 22, 28, 50, 20]
[0 0 0 0 0 0 0 0 0 0 0 0 0 0 0 0 0 0 0 0 0 0 0 0 0 0 0 0 0 0 0 0 0 0 0 0 0
 0 0 0 0 0 0 0 0 0 0 0 0 0 0 0 0 0 0 0 0 0 0 0 0 0 0 0 0 0 0 0 0 0 0 0 0 0
 0 0 0 0 0 0 0 0 0 0 0 0 0 0 0 0 0 0 0 0 0 0 0 0 0 0]
[1 1 1 1 1 1 1 1 1 1 1 1 1 1 1 1 1 1 1 1 1 1 1 1 1 1 1 1 1 1 1 1 1 1 1 1 1
 1 1 1 1 1 1 1 1 1 1 1 1 1 1 1 1 1 1 1 1 1 1 1 1 1 1 1 1 1 1 1 1 1 1 1 1 1
 1 1 1 1 1 1 1 1 1 1 1 1 1 1 1 1 1 1 1 1 1 1 1 1 1 1]
