[ 0  1  2  3  4  5  6  7  8  9 10 11 12 13 14 15 16 17 18 19 20 21 22 23
 24 25 26 27 28 29 30 31 32 33 34 35 36 37 38 39 40 41 42 43 44 45 46 47
 48 49 50 51 52 53 54 55 56 57 58 59 60 61 62 63 64 65 66 67 68 69 70 71
 72 73 74 75 76 77 78 79 80 81 82 83 84 85 86 87 88 89 90 91 92 93 94 95
 96 97 98 99]
[44 34  7 58 -1 42 -1 49 92 86 30 -1 95  4 -1 59 49 -1 53 43  2 19 56 58
 53 68 66 64 51 58 12 -1 70 19 39 19  4 19 70 85 25 36 51 -1 23 14 -1 -1
 -1 -1 91  2 72 62 51 62 -1 97 37 29 -1 95 51  4 -1 11 55 -1 84 38 27 -1
 79 10 42 26 31 48 -1 12 30 37 56 56 94 16 -1 -1 22 16 -1 -1 33 72 54 64
 -1 19 -1 -1]
[0 0 1 0 0 0 1 0 0 1 0 1 1 0 1 1 0 0 0 0 0 0 0 0 0 1 1 1 0 1 1 1 0 1 0 1 1
 1 0 0 1 1 1 0 0 0 1 0 1 1 0 1 1 1 0 1 1 1 1 1 1 0 0 0 1 1 1 0 1 1 0 1 0 1
 0 0 0 0 0 1 1 0 1 0 1 1 1 1 1 1 0 1 0 0 0 1 1 0 1 1]
[0 2 0 1 0 1 3 0 1 0 4 2 3 0 0 0 0 1 0 3 4 0 2 3 0 0 3 1 0 3 0 3 0 4 0 0 0
 0 0 0 3 0 1 0 0 2 0 1 3 3 2 1 1 1 0 0 2 0 4 2 0 0 1 0 2 0 2 0 2 0 0 0 0 4
 4 0 1 0 0 2 4 0 0 3 0 0 0 2 0 2 3 2 2 3 0 0 0 0 0 0]
[0 2 0 1 0 1 3 0 1 0 4 2 3 0 0 0 0 1 0 3 4 0 2 3 0 0 3 1 0 3 0 3 0 4 0 0 0
 0 0 0 3 0 1 0 0 2 0 1 3 3 2 1 1 1 0 0 2 0 4 2 0 0 1 0 2 0 2 0 2 0 0 0 0 4
 4 0 1 0 0 2 4 0 0 3 0 0 0 2 0 2 3 2 2 3 0 0 0 0 0 0]
[6 4 2 7 6 5 1 2 7 8 1 1 6 7 5 1 7 2 2 8 5 1 9 4 8 9 8 1 7 1 5 3 3 8 7 6 7
 3 7 2 3 9 3 9 7 2 7 8 7 2 2 5 6 5 4 4 2 6 1 3 6 4 5 3 2 9 7 8 5 9 5 7 4 8
 8 2 9 2 7 4 5 8 7 9 2 1 4 2 1 3 7 8 3 1 6 8 2 3 5 6]
[6 4 2 7 6 5 1 2 7 8 1 1 6 7 5 1 7 2 2 8 5 1 9 4 8 9 8 1 7 1 5 3 3 8 7 6 7
 3 7 2 3 9 3 9 7 2 7 8 7 2 2 5 6 5 4 4 2 6 1 3 6 4 5 3 2 9 7 8 5 9 5 7 4 8
 8 2 9 2 7 4 5 8 7 9 2 1 4 2 1 3 7 8 3 1 6 8 2 3 5 6]
[43, 13, 30, 13, 50, 50, 50, 32, 24, 50, 50, 50, 50, 50, 50, 50, 50, 50, 13, 50, 48, 19, 46, 50, 39, 50, 33, 50, 33, 27, 21, 50, 15, 50, 37, 10, 41, 23, 50, 31, 36, 20, 39, 50, 50, 50, 42, 31, 50, 46, 50, 50, 49, 50, 22, 50, 50, 50, 50, 50, 34, 18, 50, 50, 50, 50, 36, 44, 29, 43, 50, 50, 30, 50, 50, 31, 50, 37, 15, 50, 46, 50, 26, 50, 30, 18, 50, 37, 50, 41, 27, 30, 50, 29, 35, 50, 36, 16, 50, 36]
[0 0 0 0 0 0 0 0 0 0 0 0 0 0 0 0 0 0 0 0 0 0 0 0 0 0 0 0 0 0 0 0 0 0 0 0 0
 0 0 0 0 0 0 0 0 0 0 0 0 0 0 0 0 0 0 0 0 0 0 0 0 0 0 0 0 0 0 0 0 0 0 0 0 0
 0 0 0 0 0 0 0 0 0 0 0 0 0 0 0 0 0 0 0 0 0 0 0 0 0 0]
[1 1 1 1 1 1 1 1 1 1 1 1 1 1 1 1 1 1 1 1 1 1 1 1 1 1 1 1 1 1 1 1 1 1 1 1 1
 1 1 1 1 1 1 1 1 1 1 1 1 1 1 1 1 1 1 1 1 1 1 1 1 1 1 1 1 1 1 1 1 1 1 1 1 1
 1 1 1 1 1 1 1 1 1 1 1 1 1 1 1 1 1 1 1 1 1 1 1 1 1 1]
