[ 0  1  2  3  4  5  6  7  8  9 10 11 12 13 14 15 16 17 18 19 20 21 22 23
 24 25 26 27 28 29 30 31 32 33 34 35 36 37 38 39 40 41 42 43 44 45 46 47
 48 49 50 51 52 53 54 55 56 57 58 59 60 61 62 63 64 65 66 67 68 69 70 71
 72 73 74 75 76 77 78 79 80 81 82 83 84 85 86 87 88 89 90 91 92 93 94 95
 96 97 98 99]
[63 46 75 50 -1 81 36 93 -1 27 -1 13 -1 20 -1 43 98  8 -1 57 -1 -1 38 32
 -1 41 93 24 -1 -1 -1 -1  6 -1  8 -1 -1 84 16 89 41 31 14 99 10 14 -1 -1
 40 10 77 34 28 80 -1 34  8 91 51 -1 -1 -1 -1 87 37 -1 -1 37 73  1 39 -1
 29 -1 30 -1 -1 12 -1 -1 -1 51 89 90 42 76 -1 -1 -1 78 85 80 54  9 17 25
 75 -1 65 -1]
[0 1 1 1 0 1 0 0 1 1 0 1 1 0 0 0 0 0 0 1 0 0 0 0 0 0 0 1 1 0 1 0 1 1 1 0 0
 0 0 0 1 1 0 0 1 0 0 1 0 0 1 1 1 1 1 0 0 0 1 0 1 1 0 1 0 1 0 0 1 1 1 0 0 1
 1 0 0 0 0 0 0 1 0 1 0 1 1 0 0 1 0 1 1 0 1 0 0 1 0 0]
[1 4 4 3 4 3 3 1 3 4 0 3 1 3 1 4 0 2 0 4 0 3 4 0 0 0 1 0 0 0 3 3 0 4 1 3 0
 3 0 3 2 2 3 3 1 0 0 0 0 1 0 0 0 0 4 0 2 0 2 3 0 3 0 1 4 4 4 4 0 4 1 2 2 3
 2 2 3 1 0 0 2 0 0 0 0 4 0 4 0 2 0 2 1 0 4 4 1 2 3 0]
[1 4 4 3 4 3 3 1 3 4 0 3 1 3 1 4 0 2 0 4 0 3 4 0 0 0 1 0 0 0 3 3 0 4 1 3 0
 3 0 3 2 2 3 3 1 0 0 0 0 1 0 0 0 0 4 0 2 0 2 3 0 3 0 1 4 4 4 4 0 4 1 2 2 3
 2 2 3 1 0 0 2 0 0 0 0 4 0 4 0 2 0 2 1 0 4 4 1 2 3 0]
[5 4 6 8 7 1 8 1 9 5 2 8 5 6 5 6 1 4 8 5 4 5 1 8 8 8 2 6 2 5 2 3 4 5 8 4 1
 8 4 1 6 6 1 8 4 4 4 1 1 5 2 2 9 2 5 7 7 6 3 3 7 2 7 3 4 1 2 1 2 7 8 4 3 1
 8 6 2 4 5 6 9 7 7 3 4 4 7 5 8 9 1 3 1 5 5 2 7 9 3 4]
[5 4 6 8 7 1 8 1 9 5 2 8 5 6 5 6 1 4 8 5 4 5 1 8 8 8 2 6 2 5 2 3 4 5 8 4 1
 8 4 1 6 6 1 8 4 4 4 1 1 5 2 2 9 2 5 7 7 6 3 3 7 2 7 3 4 1 2 1 2 7 8 4 3 1
 8 6 2 4 5 6 9 7 7 3 4 4 7 5 8 9 1 3 1 5 5 2 7 9 3 4]
[50, 22, 22, 31, 50, 50, 46, 50, 16, 36, 25, 45, 50, 12, 50, 13, 48, 39, 50, 15, 12, 50, 46, 50, 40, 48, 50, 50, 42, 50, 50, 50, 50, 24, 50, 10, 50, 50, 50, 50, 28, 28, 50, 14, 30, 50, 50, 36, 50, 50, 42, 38, 50, 50, 50, 50, 17, 50, 25, 50, 37, 49, 50, 50, 19, 47, 50, 44, 50, 35, 50, 21, 40, 50, 35, 50, 10, 50, 33, 50, 50, 50, 42, 22, 50, 45, 50, 50, 16, 50, 22, 23, 20, 50, 47, 50, 21, 50, 22, 50]
[0 0 0 0 0 0 0 0 0 0 0 0 0 0 0 0 0 0 0 0 0 0 0 0 0 0 0 0 0 0 0 0 0 0 0 0 0
 0 0 0 0 0 0 0 0 0 0 0 0 0 0 0 0 0 0 0 0 0 0 0 0 0 0 0 0 0 0 0 0 0 0 0 0 0
 0 0 0 0 0 0 0 0 0 0 0 0 0 0 0 0 0 0 0 0 0 0 0 0 0 0]
[1 1 1 1 1 1 1 1 1 1 1 1 1 1 1 1 1 1 1 1 1 1 1 1 1 1 1 1 1 1 1 1 1 1 1 1 1
 1 1 1 1 1 1 1 1 1 1 1 1 1 1 1 1 1 1 1 1 1 1 1 1 1 1 1 1 1 1 1 1 1 1 1 1 1
 1 1 1 1 1 1 1 1 1 1 1 1 1 1 1 1 1 1 1 1 1 1 1 1 1 1]
