[ 0  1  2  3  4  5  6  7  8  9 10 11 12 13 14 15 16 17 18 19 20 21 22 23
 24 25 26 27 28 29 30 31 32 33 34 35 36 37 38 39 40 41 42 43 44 45 46 47
 48 49 50 51 52 53 54 55 56 57 58 59 60 61 62 63 64 65 66 67 68 69 70 71
 72 73 74 75 76 77 78 79 80 81 82 83 84 85 86 87 88 89 90 91 92 93 94 95
 96 97 98 99]
[32 -1 50 63 -1 -1 -1 50 -1 77  6  4 57 98 21 -1 72 73 -1 -1 -1 -1  9 54
 74 69 31 52 98 -1 53 -1 -1 95 -1 50 -1 94 30 49 -1 -1 -1 -1 23 -1 28 -1
 63 -1 24 12 -1 47 59 21 28 73 93 87 -1  2 -1 -1 -1 72 27 78 -1 21 35 36
 -1 30 32 70 -1 28 46 20 16 22 -1 29 58 30 54 42 -1 -1 28 -1 -1 65 42 29
 -1 63 29 -1]
[0 0 0 0 1 1 1 1 1 1 0 1 0 0 1 0 1 0 1 0 0 1 1 1 1 0 0 1 1 0 1 0 0 1 0 1 1
 1 0 0 1 0 1 0 1 1 0 1 1 1 1 1 1 0 1 1 0 0 1 0 1 1 1 0 0 1 1 1 1 0 0 1 0 0
 0 0 0 1 0 1 1 1 0 1 0 1 1 1 0 1 0 0 0 1 1 0 1 1 0 0]
[1 4 1 4 0 0 0 0 0 4 0 2 2 1 1 0 0 0 3 0 4 0 0 4 0 2 3 2 4 0 4 0 0 0 2 0 0
 4 0 1 0 2 2 3 0 0 1 0 0 0 0 3 0 0 0 3 2 0 0 4 3 4 1 0 1 4 0 0 4 3 4 0 0 3
 1 0 3 2 2 0 4 0 0 0 0 0 0 0 0 4 2 3 1 0 0 0 4 0 2 0]
[1 4 1 4 0 0 0 0 0 4 0 2 2 1 1 0 0 0 3 0 4 0 0 4 0 2 3 2 4 0 4 0 0 0 2 0 0
 4 0 1 0 2 2 3 0 0 1 0 0 0 0 3 0 0 0 3 2 0 0 4 3 4 1 0 1 4 0 0 4 3 4 0 0 3
 1 0 3 2 2 0 4 0 0 0 0 0 0 0 0 4 2 3 1 0 0 0 4 0 2 0]
[1 4 7 4 6 8 4 3 4 8 2 9 3 7 2 7 8 8 3 2 6 1 7 2 7 4 1 5 1 3 4 8 2 5 2 5 6
 2 4 8 3 6 9 5 8 4 9 5 6 5 2 9 7 9 4 7 9 9 9 8 9 8 8 6 4 5 5 4 9 4 1 7 4 3
 4 5 8 8 1 5 6 8 2 9 6 4 6 1 7 6 3 1 2 6 2 8 7 7 9 3]
[1 4 7 4 6 8 4 3 4 8 2 9 3 7 2 7 8 8 3 2 6 1 7 2 7 4 1 5 1 3 4 8 2 5 2 5 6
 2 4 8 3 6 9 5 8 4 9 5 6 5 2 9 7 9 4 7 9 9 9 8 9 8 8 6 4 5 5 4 9 4 1 7 4 3
 4 5 8 8 1 5 6 8 2 9 6 4 6 1 7 6 3 1 2 6 2 8 7 7 9 3]
[50, 50, 36, 50, 16, 20, 50, 28, 50, 47, 42, 37, 50, 50, 29, 36, 50, 33, 50, 50, 32, 29, 50, 50, 46, 32, 10, 50, 50, 50, 32, 38, 30, 50, 50, 50, 33, 50, 19, 41, 32, 48, 44, 50, 48, 42, 48, 41, 50, 46, 50, 50, 25, 46, 38, 41, 50, 23, 41, 22, 50, 50, 50, 30, 38, 40, 17, 42, 47, 50, 35, 24, 50, 50, 26, 50, 36, 50, 15, 44, 50, 41, 44, 50, 20, 23, 27, 39, 13, 50, 25, 15, 50, 50, 29, 50, 50, 31, 48, 50]
[0 0 0 0 0 0 0 0 0 0 0 0 0 0 0 0 0 0 0 0 0 0 0 0 0 0 0 0 0 0 0 0 0 0 0 0 0
 0 0 0 0 0 0 0 0 0 0 0 0 0 0 0 0 0 0 0 0 0 0 0 0 0 0 0 0 0 0 0 0 0 0 0 0 0
 0 0 0 0 0 0 0 0 0 0 0 0 0 0 0 0 0 0 0 0 0 0 0 0 0 0]
[1 1 1 1 1 1 1 1 1 1 1 1 1 1 1 1 1 1 1 1 1 1 1 1 1 1 1 1 1 1 1 1 1 1 1 1 1
 1 1 1 1 1 1 1 1 1 1 1 1 1 1 1 1 1 1 1 1 1 1 1 1 1 1 1 1 1 1 1 1 1 1 1 1 1
 1 1 1 1 1 1 1 1 1 1 1 1 1 1 1 1 1 1 1 1 1 1 1 1 1 1]
