[ 0  1  2  3  4  5  6  7  8  9 10 11 12 13 14 15 16 17 18 19 20 21 22 23
 24 25 26 27 28 29 30 31 32 33 34 35 36 37 38 39 40 41 42 43 44 45 46 47
 48 49 50 51 52 53 54 55 56 57 58 59 60 61 62 63 64 65 66 67 68 69 70 71
 72 73 74 75 76 77 78 79 80 81 82 83 84 85 86 87 88 89 90 91 92 93 94 95
 96 97 98 99]
[70 69 -1 -1 -1 84 96 73 90 48 -1 -1 -1  9 -1 -1 -1 65 66 36 60  9 88 20
 34 -1 -1 23 -1 -1 -1  9 -1 -1 15 86 -1 38 33 -1 78 -1 78 -1 -1 -1 -1 -1
 56 -1 80 19 63 -1 73 68  3  9 -1 -1 -1 -1 -1 71 42 94 -1 93 75 71 62 64
 -1 20 59 92 82 50 30 31 36 55 -1 -1 69 76 82 -1 -1 29 -1 -1  5 91 -1 -1
 73 96 95 33]
[0 1 0 1 0 1 0 1 0 1 1 1 0 1 0 1 0 0 1 0 0 0 1 1 0 0 1 0 0 1 1 0 1 0 0 0 1
 0 1 1 1 1 1 0 0 0 0 1 1 1 0 1 0 1 0 0 1 1 1 1 1 1 0 1 1 1 0 1 1 0 0 0 0 1
 1 1 0 0 0 0 1 1 0 0 1 1 1 1 1 1 0 1 0 0 0 1 1 0 0 1]
[0 1 0 0 1 0 0 0 0 3 2 0 0 4 0 0 0 1 3 4 0 0 0 0 0 4 1 1 0 0 3 2 0 0 4 0 0
 4 0 3 1 4 0 4 0 0 0 0 0 0 3 1 0 4 0 3 4 0 2 4 2 3 0 2 0 0 0 1 0 3 0 0 0 4
 0 0 0 0 0 3 0 0 0 3 0 1 3 4 0 0 0 1 0 3 2 1 0 1 4 0]
[0 1 0 0 1 0 0 0 0 3 2 0 0 4 0 0 0 1 3 4 0 0 0 0 0 4 1 1 0 0 3 2 0 0 4 0 0
 4 0 3 1 4 0 4 0 0 0 0 0 0 3 1 0 4 0 3 4 0 2 4 2 3 0 2 0 0 0 1 0 3 0 0 0 4
 0 0 0 0 0 3 0 0 0 3 0 1 3 4 0 0 0 1 0 3 2 1 0 1 4 0]
[8 6 6 9 3 2 9 6 8 8 5 6 9 8 9 6 8 2 3 6 1 7 4 4 8 8 5 9 5 4 3 3 9 5 3 7 3
 4 7 1 3 3 6 8 2 5 6 9 4 6 2 6 5 7 4 2 2 7 8 5 6 3 3 2 9 8 7 8 1 5 1 8 5 1
 1 9 1 5 3 9 6 4 6 1 3 8 5 4 3 6 6 8 2 7 9 2 8 8 8 7]
[8 6 6 9 3 2 9 6 8 8 5 6 9 8 9 6 8 2 3 6 1 7 4 4 8 8 5 9 5 4 3 3 9 5 3 7 3
 4 7 1 3 3 6 8 2 5 6 9 4 6 2 6 5 7 4 2 2 7 8 5 6 3 3 2 9 8 7 8 1 5 1 8 5 1
 1 9 1 5 3 9 6 4 6 1 3 8 5 4 3 6 6 8 2 7 9 2 8 8 8 7]
[50, 17, 50, 29, 50, 25, 21, 50, 29, 50, 17, 30, 50, 50, 24, 50, 50, 50, 50, 35, 50, 18, 37, 30, 30, 50, 31, 27, 24, 50, 50, 50, 50, 50, 24, 47, 50, 36, 50, 50, 50, 19, 50, 50, 24, 50, 30, 17, 10, 50, 50, 15, 50, 31, 46, 50, 50, 50, 48, 30, 50, 50, 50, 50, 34, 22, 50, 50, 16, 50, 50, 50, 43, 50, 50, 50, 35, 50, 12, 19, 43, 50, 50, 24, 50, 50, 27, 50, 21, 40, 35, 50, 47, 37, 13, 31, 50, 50, 50, 50]
[0 0 0 0 0 0 0 0 0 0 0 0 0 0 0 0 0 0 0 0 0 0 0 0 0 0 0 0 0 0 0 0 0 0 0 0 0
 0 0 0 0 0 0 0 0 0 0 0 0 0 0 0 0 0 0 0 0 0 0 0 0 0 0 0 0 0 0 0 0 0 0 0 0 0
 0 0 0 0 0 0 0 0 0 0 0 0 0 0 0 0 0 0 0 0 0 0 0 0 0 0]
[1 1 1 1 1 1 1 1 1 1 1 1 1 1 1 1 1 1 1 1 1 1 1 1 1 1 1 1 1 1 1 1 1 1 1 1 1
 1 1 1 1 1 1 1 1 1 1 1 1 1 1 1 1 1 1 1 1 1 1 1 1 1 1 1 1 1 1 1 1 1 1 1 1 1
 1 1 1 1 1 1 1 1 1 1 1 1 1 1 1 1 1 1 1 1 1 1 1 1 1 1]
