[ 0  1  2  3  4  5  6  7  8  9 10 11 12 13 14 15 16 17 18 19 20 21 22 23
 24 25 26 27 28 29 30 31 32 33 34 35 36 37 38 39 40 41 42 43 44 45 46 47
 48 49 50 51 52 53 54 55 56 57 58 59 60 61 62 63 64 65 66 67 68 69 70 71
 72 73 74 75 76 77 78 79 80 81 82 83 84 85 86 87 88 89 90 91 92 93 94 95
 96 97 98 99]
[92 32 56 -1 -1 -1 69 -1 82 91 94 30 98 34 50 77 67  6 71 -1 -1 92 78 86
 -1 50 41 -1 56  8 -1 33 -1 68 59 60 -1 25 -1 91 98 -1 20 -1 -1 78 51 24
 -1 79  3 89 88 14 -1 91 -1 31 -1 42 52 93 -1 24 58 -1 55 51 -1 -1 13 44
 61 83 69 99 -1 60 66 -1 55 57 -1 88 89 31 71 29 -1 23 31 99 -1 41 -1 -1
  6 -1 26 76]
[0 0 1 0 0 0 0 1 1 0 1 0 1 0 1 0 0 1 0 0 0 1 0 0 1 0 0 0 1 0 0 1 1 0 0 0 1
 1 1 1 1 1 1 0 0 1 1 0 0 1 0 1 1 1 1 1 1 0 0 1 1 1 1 1 1 0 0 0 1 0 0 0 1 0
 1 0 0 0 1 1 0 1 1 0 0 1 0 1 1 1 1 1 1 0 0 0 0 1 0 0]
[0 4 0 1 0 1 0 3 0 4 0 3 1 3 0 0 3 3 4 0 0 1 0 0 0 0 2 4 1 0 0 2 0 4 4 4 0
 0 0 0 0 1 4 3 0 2 0 0 2 4 4 0 0 0 0 0 3 0 0 2 0 0 4 2 0 0 3 0 0 0 2 1 1 0
 1 0 2 0 1 0 0 0 0 3 0 0 2 0 0 0 3 3 4 3 1 0 0 0 1 0]
[0 4 0 1 0 1 0 3 0 4 0 3 1 3 0 0 3 3 4 0 0 1 0 0 0 0 2 4 1 0 0 2 0 4 4 4 0
 0 0 0 0 1 4 3 0 2 0 0 2 4 4 0 0 0 0 0 3 0 0 2 0 0 4 2 0 0 3 0 0 0 2 1 1 0
 1 0 2 0 1 0 0 0 0 3 0 0 2 0 0 0 3 3 4 3 1 0 0 0 1 0]
[8 7 1 1 1 2 3 8 8 6 1 6 9 2 5 9 6 7 8 9 2 7 5 7 9 5 3 7 4 7 7 1 5 9 5 3 4
 1 5 1 2 7 5 8 6 8 6 6 8 9 7 9 6 8 1 4 4 2 4 2 2 6 3 1 8 9 9 6 8 4 5 7 3 9
 9 3 1 8 9 8 2 2 7 8 9 7 1 6 5 7 8 2 1 6 7 4 5 3 2 9]
[8 7 1 1 1 2 3 8 8 6 1 6 9 2 5 9 6 7 8 9 2 7 5 7 9 5 3 7 4 7 7 1 5 9 5 3 4
 1 5 1 2 7 5 8 6 8 6 6 8 9 7 9 6 8 1 4 4 2 4 2 2 6 3 1 8 9 9 6 8 4 5 7 3 9
 9 3 1 8 9 8 2 2 7 8 9 7 1 6 5 7 8 2 1 6 7 4 5 3 2 9]
[50, 19, 50, 18, 10, 50, 45, 23, 50, 50, 49, 50, 10, 18, 16, 26, 50, 50, 30, 50, 21, 20, 50, 30, 50, 23, 11, 50, 50, 25, 50, 50, 47, 50, 13, 50, 50, 50, 49, 50, 44, 48, 50, 14, 50, 34, 50, 50, 50, 50, 50, 12, 41, 50, 24, 38, 50, 50, 36, 50, 38, 50, 50, 37, 15, 27, 50, 50, 45, 39, 17, 50, 50, 19, 30, 17, 50, 50, 50, 39, 50, 22, 50, 50, 50, 48, 14, 50, 50, 50, 50, 21, 50, 50, 50, 50, 50, 50, 46, 32]
[0 0 0 0 0 0 0 0 0 0 0 0 0 0 0 0 0 0 0 0 0 0 0 0 0 0 0 0 0 0 0 0 0 0 0 0 0
 0 0 0 0 0 0 0 0 0 0 0 0 0 0 0 0 0 0 0 0 0 0 0 0 0 0 0 0 0 0 0 0 0 0 0 0 0
 0 0 0 0 0 0 0 0 0 0 0 0 0 0 0 0 0 0 0 0 0 0 0 0 0 0]
[1 1 1 1 1 1 1 1 1 1 1 1 1 1 1 1 1 1 1 1 1 1 1 1 1 1 1 1 1 1 1 1 1 1 1 1 1
 1 1 1 1 1 1 1 1 1 1 1 1 1 1 1 1 1 1 1 1 1 1 1 1 1 1 1 1 1 1 1 1 1 1 1 1 1
 1 1 1 1 1 1 1 1 1 1 1 1 1 1 1 1 1 1 1 1 1 1 1 1 1 1]
