[ 0  1  2  3  4  5  6  7  8  9 10 11 12 13 14 15 16 17 18 19 20 21 22 23
 24 25 26 27 28 29 30 31 32 33 34 35 36 37 38 39 40 41 42 43 44 45 46 47
 48 49 50 51 52 53 54 55 56 57 58 59 60 61 62 63 64 65 66 67 68 69 70 71
 72 73 74 75 76 77 78 79 80 81 82 83 84 85 86 87 88 89 90 91 92 93 94 95
 96 97 98 99]
[-1 84 62 81 13 93 23 -1 40 -1 62 -1 -1 50 38 53 49 31 15 37 73 36 92 -1
 97 -1 78 31 -1 49 73 16 40 32 88 -1 57 17 87 -1 43 24 -1 11 18 -1 17 58
 10 -1 -1 41 48 89 -1 35 85 -1 14 -1 57 86 15 -1 95 -1 -1 -1 -1 27 19 45
 36 -1 -1 -1 40 95 55 62 23 22 -1 -1 -1 19 38 66 81 -1 -1 60 16 20 40 84
 61 65 -1 30]
[1 1 0 1 1 0 1 1 0 1 0 0 1 1 1 0 1 0 0 0 1 0 0 1 0 0 1 1 0 0 0 1 1 1 1 1 1
 1 1 1 1 1 0 0 1 0 0 1 1 0 1 1 1 0 0 1 1 1 1 0 1 0 1 0 1 0 0 1 1 0 0 1 1 0
 1 1 0 0 1 0 1 1 1 0 1 1 1 0 1 1 1 0 0 0 0 1 1 0 1 0]
[0 0 2 0 3 4 2 3 4 0 2 0 2 0 4 3 4 0 4 0 3 1 2 0 0 4 3 2 0 1 3 0 0 0 0 0 0
 0 2 3 1 3 3 3 0 2 1 2 1 4 1 3 4 0 4 3 0 1 0 0 0 0 0 0 0 0 0 0 3 2 0 3 1 0
 4 0 2 2 0 0 0 0 0 0 2 0 0 0 1 0 3 4 1 0 2 0 0 4 0 1]
[0 0 2 0 3 4 2 3 4 0 2 0 2 0 4 3 4 0 4 0 3 1 2 0 0 4 3 2 0 1 3 0 0 0 0 0 0
 0 2 3 1 3 3 3 0 2 1 2 1 4 1 3 4 0 4 3 0 1 0 0 0 0 0 0 0 0 0 0 3 2 0 3 1 0
 4 0 2 2 0 0 0 0 0 0 2 0 0 0 1 0 3 4 1 0 2 0 0 4 0 1]
[8 5 6 3 4 5 4 6 6 6 7 1 9 6 6 3 3 2 1 9 4 7 1 3 6 1 8 8 9 4 8 3 1 2 9 6 6
 2 6 3 6 8 2 2 2 7 7 1 8 8 7 4 6 2 5 2 8 1 9 8 4 6 5 8 4 7 3 6 1 7 7 4 6 5
 7 4 5 5 7 9 7 2 7 5 6 2 1 5 3 5 5 6 9 9 8 8 8 4 6 1]
[8 5 6 3 4 5 4 6 6 6 7 1 9 6 6 3 3 2 1 9 4 7 1 3 6 1 8 8 9 4 8 3 1 2 9 6 6
 2 6 3 6 8 2 2 2 7 7 1 8 8 7 4 6 2 5 2 8 1 9 8 4 6 5 8 4 7 3 6 1 7 7 4 6 5
 7 4 5 5 7 9 7 2 7 5 6 2 1 5 3 5 5 6 9 9 8 8 8 4 6 1]
[50, 50, 44, 50, 19, 50, 16, 50, 10, 50, 39, 50, 31, 24, 50, 25, 50, 48, 50, 29, 28, 35, 50, 12, 40, 16, 33, 41, 50, 16, 50, 50, 47, 50, 14, 50, 34, 42, 50, 23, 17, 50, 20, 50, 50, 37, 23, 50, 50, 50, 20, 50, 40, 50, 24, 50, 50, 31, 50, 26, 50, 50, 23, 50, 50, 47, 43, 50, 50, 10, 50, 50, 43, 50, 37, 50, 50, 50, 28, 50, 49, 45, 28, 18, 46, 50, 32, 41, 47, 21, 37, 50, 50, 28, 50, 29, 50, 50, 50, 44]
[0 0 0 0 0 0 0 0 0 0 0 0 0 0 0 0 0 0 0 0 0 0 0 0 0 0 0 0 0 0 0 0 0 0 0 0 0
 0 0 0 0 0 0 0 0 0 0 0 0 0 0 0 0 0 0 0 0 0 0 0 0 0 0 0 0 0 0 0 0 0 0 0 0 0
 0 0 0 0 0 0 0 0 0 0 0 0 0 0 0 0 0 0 0 0 0 0 0 0 0 0]
[1 1 1 1 1 1 1 1 1 1 1 1 1 1 1 1 1 1 1 1 1 1 1 1 1 1 1 1 1 1 1 1 1 1 1 1 1
 1 1 1 1 1 1 1 1 1 1 1 1 1 1 1 1 1 1 1 1 1 1 1 1 1 1 1 1 1 1 1 1 1 1 1 1 1
 1 1 1 1 1 1 1 1 1 1 1 1 1 1 1 1 1 1 1 1 1 1 1 1 1 1]
