[ 0  1  2  3  4  5  6  7  8  9 10 11 12 13 14 15 16 17 18 19 20 21 22 23
 24 25 26 27 28 29 30 31 32 33 34 35 36 37 38 39 40 41 42 43 44 45 46 47
 48 49 50 51 52 53 54 55 56 57 58 59 60 61 62 63 64 65 66 67 68 69 70 71
 72 73 74 75 76 77 78 79 80 81 82 83 84 85 86 87 88 89 90 91 92 93 94 95
 96 97 98 99]
[83 -1 -1 -1 83 61 -1 55 -1 67 93 92 -1  4 -1  1 -1 90 -1 22 88 -1 -1 30
 67 94 36 -1 42 -1 -1 52 -1 93 53 -1 62 -1 47 74 -1 33 80 25 -1 33  4 44
 -1 38 35 -1 97 -1 83 25 -1 -1 81 -1 34 94 -1 99  8 -1 60 -1 73 -1 -1 13
 -1 38 45 53 28 95 -1 57 12 45 51  6 -1 -1 21 -1 -1 -1 -1 54 -1 59 10 -1
 -1 39 25 75]
[1 1 0 1 0 1 1 1 1 0 0 1 1 1 0 0 0 1 0 1 1 1 0 1 0 1 1 1 0 0 0 1 1 1 0 1 1
 1 1 0 0 1 0 0 0 1 0 1 0 0 0 0 0 1 0 1 1 1 0 0 0 0 1 1 0 0 1 0 0 0 0 0 1 1
 1 0 0 1 0 1 0 0 1 0 1 1 1 0 0 1 0 1 0 1 1 0 0 1 1 0]
[0 4 3 1 2 1 0 4 3 4 4 1 2 0 0 2 0 3 4 0 3 2 0 3 0 0 0 0 0 1 0 0 0 4 4 1 0
 4 0 2 2 0 0 0 2 1 0 4 0 2 0 0 0 0 3 4 4 4 1 1 3 0 0 4 1 0 3 1 0 1 0 1 3 1
 0 2 3 1 2 0 0 1 0 1 0 2 1 0 1 1 4 4 0 0 1 0 3 0 3 3]
[0 4 3 1 2 1 0 4 3 4 4 1 2 0 0 2 0 3 4 0 3 2 0 3 0 0 0 0 0 1 0 0 0 4 4 1 0
 4 0 2 2 0 0 0 2 1 0 4 0 2 0 0 0 0 3 4 4 4 1 1 3 0 0 4 1 0 3 1 0 1 0 1 3 1
 0 2 3 1 2 0 0 1 0 1 0 2 1 0 1 1 4 4 0 0 1 0 3 0 3 3]
[7 6 2 5 8 1 1 9 2 4 2 2 4 2 3 8 7 4 3 6 8 7 8 9 6 5 3 7 3 3 2 3 2 3 4 1 7
 7 7 9 1 2 7 3 2 7 1 9 3 9 3 9 4 6 8 3 3 5 7 9 5 9 3 5 5 7 7 9 7 2 2 6 5 4
 7 7 6 9 4 7 1 8 6 5 8 6 6 7 1 8 9 7 5 6 1 6 8 3 1 8]
[7 6 2 5 8 1 1 9 2 4 2 2 4 2 3 8 7 4 3 6 8 7 8 9 6 5 3 7 3 3 2 3 2 3 4 1 7
 7 7 9 1 2 7 3 2 7 1 9 3 9 3 9 4 6 8 3 3 5 7 9 5 9 3 5 5 7 7 9 7 2 2 6 5 4
 7 7 6 9 4 7 1 8 6 5 8 6 6 7 1 8 9 7 5 6 1 6 8 3 1 8]
[25, 50, 24, 11, 47, 50, 43, 50, 31, 50, 50, 46, 27, 36, 15, 50, 50, 21, 31, 15, 28, 50, 50, 50, 50, 50, 50, 50, 50, 50, 14, 14, 50, 24, 50, 48, 12, 46, 50, 41, 50, 50, 30, 33, 32, 50, 13, 23, 48, 50, 27, 42, 50, 47, 32, 50, 50, 50, 50, 18, 50, 50, 22, 44, 50, 29, 50, 39, 50, 40, 42, 50, 34, 37, 50, 50, 30, 34, 36, 45, 50, 26, 50, 50, 43, 26, 50, 46, 38, 50, 44, 21, 43, 33, 50, 44, 11, 50, 49, 50]
[0 0 0 0 0 0 0 0 0 0 0 0 0 0 0 0 0 0 0 0 0 0 0 0 0 0 0 0 0 0 0 0 0 0 0 0 0
 0 0 0 0 0 0 0 0 0 0 0 0 0 0 0 0 0 0 0 0 0 0 0 0 0 0 0 0 0 0 0 0 0 0 0 0 0
 0 0 0 0 0 0 0 0 0 0 0 0 0 0 0 0 0 0 0 0 0 0 0 0 0 0]
[1 1 1 1 1 1 1 1 1 1 1 1 1 1 1 1 1 1 1 1 1 1 1 1 1 1 1 1 1 1 1 1 1 1 1 1 1
 1 1 1 1 1 1 1 1 1 1 1 1 1 1 1 1 1 1 1 1 1 1 1 1 1 1 1 1 1 1 1 1 1 1 1 1 1
 1 1 1 1 1 1 1 1 1 1 1 1 1 1 1 1 1 1 1 1 1 1 1 1 1 1]
