[ 0  1  2  3  4  5  6  7  8  9 10 11 12 13 14 15 16 17 18 19 20 21 22 23
 24 25 26 27 28 29 30 31 32 33 34 35 36 37 38 39 40 41 42 43 44 45 46 47
 48 49 50 51 52 53 54 55 56 57 58 59 60 61 62 63 64 65 66 67 68 69 70 71
 72 73 74 75 76 77 78 79 80 81 82 83 84 85 86 87 88 89 90 91 92 93 94 95
 96 97 98 99]
[97 -1 98  8 31 -1 15 -1 75 -1 -1 49 50 48 -1 19 -1 -1 68 75 61  8 -1 -1
 85 -1 -1 39 56 18 87 55 -1 -1 -1 -1 93 50 75 90 -1 46 -1 -1 80  1 86 33
  4 71 -1 15 -1 -1 92 35  6 -1 49 76  6 86 78 90 13 -1 65 -1 50 -1 39 -1
 -1 94 22 -1 -1 -1 11 28 89 -1 26 -1 -1 45 36 98  9 20 74 -1 -1 -1 16 60
 48 69 90 35]
[0 1 1 1 0 1 1 1 1 0 1 1 0 1 1 1 0 1 0 0 1 0 0 1 1 0 1 1 0 0 1 1 0 1 1 1 1
 1 1 0 1 0 0 1 0 1 1 1 0 1 0 1 0 1 1 1 1 0 1 0 1 0 1 0 1 1 1 0 1 1 0 0 0 1
 0 0 1 1 0 1 0 1 1 0 0 0 1 1 0 1 0 1 1 0 0 1 0 0 0 0]
[2 2 2 3 1 0 0 0 1 0 0 0 3 2 0 4 0 0 3 0 2 2 0 0 4 3 4 4 1 3 0 2 0 2 0 0 0
 4 4 0 2 0 4 0 0 3 2 2 4 0 2 0 0 0 0 3 4 0 1 0 0 0 0 0 0 0 3 0 1 4 3 1 0 0
 0 0 0 3 4 3 0 3 0 0 2 0 0 3 0 0 4 0 0 0 0 2 0 0 0 0]
[2 2 2 3 1 0 0 0 1 0 0 0 3 2 0 4 0 0 3 0 2 2 0 0 4 3 4 4 1 3 0 2 0 2 0 0 0
 4 4 0 2 0 4 0 0 3 2 2 4 0 2 0 0 0 0 3 4 0 1 0 0 0 0 0 0 0 3 0 1 4 3 1 0 0
 0 0 0 3 4 3 0 3 0 0 2 0 0 3 0 0 4 0 0 0 0 2 0 0 0 0]
[2 7 4 9 8 8 6 4 1 4 5 1 1 3 5 3 7 7 5 6 5 4 5 9 9 1 3 7 5 3 8 2 2 4 2 2 6
 7 6 6 5 6 1 7 8 1 7 5 8 2 7 3 8 4 9 7 5 5 7 8 2 5 3 1 5 5 2 8 6 3 2 3 8 7
 3 8 3 7 6 4 4 2 6 1 1 6 5 9 3 7 1 5 1 6 8 6 8 8 3 7]
[2 7 4 9 8 8 6 4 1 4 5 1 1 3 5 3 7 7 5 6 5 4 5 9 9 1 3 7 5 3 8 2 2 4 2 2 6
 7 6 6 5 6 1 7 8 1 7 5 8 2 7 3 8 4 9 7 5 5 7 8 2 5 3 1 5 5 2 8 6 3 2 3 8 7
 3 8 3 7 6 4 4 2 6 1 1 6 5 9 3 7 1 5 1 6 8 6 8 8 3 7]
[50, 50, 50, 50, 31, 48, 50, 45, 27, 50, 37, 34, 40, 50, 35, 50, 44, 40, 50, 50, 50, 43, 10, 22, 19, 39, 50, 20, 31, 28, 38, 16, 50, 50, 19, 50, 36, 16, 25, 40, 50, 50, 50, 39, 30, 50, 10, 50, 50, 50, 50, 34, 27, 26, 50, 50, 45, 41, 50, 50, 50, 41, 27, 50, 50, 50, 45, 36, 50, 32, 50, 50, 40, 23, 50, 35, 50, 48, 27, 34, 50, 39, 50, 38, 27, 13, 49, 50, 12, 22, 50, 50, 50, 50, 21, 50, 50, 15, 45, 46]
[0 0 0 0 0 0 0 0 0 0 0 0 0 0 0 0 0 0 0 0 0 0 0 0 0 0 0 0 0 0 0 0 0 0 0 0 0
 0 0 0 0 0 0 0 0 0 0 0 0 0 0 0 0 0 0 0 0 0 0 0 0 0 0 0 0 0 0 0 0 0 0 0 0 0
 0 0 0 0 0 0 0 0 0 0 0 0 0 0 0 0 0 0 0 0 0 0 0 0 0 0]
[1 1 1 1 1 1 1 1 1 1 1 1 1 1 1 1 1 1 1 1 1 1 1 1 1 1 1 1 1 1 1 1 1 1 1 1 1
 1 1 1 1 1 1 1 1 1 1 1 1 1 1 1 1 1 1 1 1 1 1 1 1 1 1 1 1 1 1 1 1 1 1 1 1 1
 1 1 1 1 1 1 1 1 1 1 1 1 1 1 1 1 1 1 1 1 1 1 1 1 1 1]
