[ 0  1  2  3  4  5  6  7  8  9 10 11 12 13 14 15 16 17 18 19 20 21 22 23
 24 25 26 27 28 29 30 31 32 33 34 35 36 37 38 39 40 41 42 43 44 45 46 47
 48 49 50 51 52 53 54 55 56 57 58 59 60 61 62 63 64 65 66 67 68 69 70 71
 72 73 74 75 76 77 78 79 80 81 82 83 84 85 86 87 88 89 90 91 92 93 94 95
 96 97 98 99]
[24 51 93 11 -1 -1 -1 28 43 69 37 -1 78 37 -1 98 -1 65 86 -1 47 -1 -1 -1
 27 -1 34 68 -1 76 48 50 56 57 38 88 82 -1 -1 25 -1 42 28 46 -1 43 15 23
 16 62 55 81 60 29 -1 85 89 47 80 -1 87 -1 26 -1 96 86 -1 -1 65 27 28 74
 -1 93 38 65 -1 96 67 64 -1  0 -1 16 53 -1 -1 -1 61 -1  3 -1 -1 35 22 56
 -1 -1 26 -1]
[1 1 0 1 1 1 0 0 1 1 1 0 1 1 1 0 1 0 0 0 0 0 1 1 1 1 0 1 0 1 1 1 0 1 1 1 0
 0 0 1 1 0 1 1 0 0 0 0 1 0 1 1 0 1 1 0 0 0 1 1 1 0 1 0 0 0 1 0 0 1 1 1 1 0
 0 1 1 0 0 0 1 1 1 1 1 1 0 1 0 0 1 1 0 1 0 0 0 0 1 1]
[0 1 0 4 0 3 0 0 0 2 3 1 0 0 0 0 3 0 0 0 0 0 0 1 4 0 1 3 4 1 4 0 3 3 1 0 0
 3 3 0 3 4 2 4 1 0 4 0 2 0 2 2 0 3 0 0 0 0 0 4 2 0 0 3 0 3 2 0 2 0 0 0 0 2
 0 0 0 0 0 0 0 0 0 0 1 0 1 1 1 2 0 2 2 1 0 0 0 2 0 2]
[0 1 0 4 0 3 0 0 0 2 3 1 0 0 0 0 3 0 0 0 0 0 0 1 4 0 1 3 4 1 4 0 3 3 1 0 0
 3 3 0 3 4 2 4 1 0 4 0 2 0 2 2 0 3 0 0 0 0 0 4 2 0 0 3 0 3 2 0 2 0 0 0 0 2
 0 0 0 0 0 0 0 0 0 0 1 0 1 1 1 2 0 2 2 1 0 0 0 2 0 2]
[7 4 5 4 7 3 5 7 3 9 1 6 9 3 6 4 6 6 4 8 5 1 5 5 5 6 4 4 1 7 6 5 5 9 1 5 4
 9 4 2 8 9 4 7 3 2 1 6 2 2 6 9 5 5 2 5 2 3 8 8 8 6 3 4 9 8 6 3 1 3 3 3 8 6
 7 2 6 6 5 8 9 9 8 3 8 4 5 9 8 6 6 6 1 5 7 3 3 8 1 9]
[7 4 5 4 7 3 5 7 3 9 1 6 9 3 6 4 6 6 4 8 5 1 5 5 5 6 4 4 1 7 6 5 5 9 1 5 4
 9 4 2 8 9 4 7 3 2 1 6 2 2 6 9 5 5 2 5 2 3 8 8 8 6 3 4 9 8 6 3 1 3 3 3 8 6
 7 2 6 6 5 8 9 9 8 3 8 4 5 9 8 6 6 6 1 5 7 3 3 8 1 9]
[39, 39, 50, 28, 50, 50, 50, 27, 42, 18, 30, 50, 30, 50, 48, 12, 50, 50, 29, 50, 45, 50, 17, 50, 43, 34, 50, 43, 50, 50, 50, 35, 16, 28, 50, 50, 23, 30, 50, 34, 14, 30, 36, 50, 50, 50, 50, 37, 50, 50, 23, 12, 24, 50, 50, 50, 50, 20, 49, 50, 50, 12, 50, 50, 50, 45, 50, 50, 50, 50, 50, 37, 50, 50, 15, 50, 17, 50, 50, 44, 46, 50, 18, 27, 19, 19, 35, 35, 34, 50, 50, 20, 50, 48, 50, 28, 42, 41, 48, 35]
[0 0 0 0 0 0 0 0 0 0 0 0 0 0 0 0 0 0 0 0 0 0 0 0 0 0 0 0 0 0 0 0 0 0 0 0 0
 0 0 0 0 0 0 0 0 0 0 0 0 0 0 0 0 0 0 0 0 0 0 0 0 0 0 0 0 0 0 0 0 0 0 0 0 0
 0 0 0 0 0 0 0 0 0 0 0 0 0 0 0 0 0 0 0 0 0 0 0 0 0 0]
[1 1 1 1 1 1 1 1 1 1 1 1 1 1 1 1 1 1 1 1 1 1 1 1 1 1 1 1 1 1 1 1 1 1 1 1 1
 1 1 1 1 1 1 1 1 1 1 1 1 1 1 1 1 1 1 1 1 1 1 1 1 1 1 1 1 1 1 1 1 1 1 1 1 1
 1 1 1 1 1 1 1 1 1 1 1 1 1 1 1 1 1 1 1 1 1 1 1 1 1 1]
