[ 0  1  2  3  4  5  6  7  8  9 10 11 12 13 14 15 16 17 18 19 20 21 22 23
 24 25 26 27 28 29 30 31 32 33 34 35 36 37 38 39 40 41 42 43 44 45 46 47
 48 49 50 51 52 53 54 55 56 57 58 59 60 61 62 63 64 65 66 67 68 69 70 71
 72 73 74 75 76 77 78 79 80 81 82 83 84 85 86 87 88 89 90 91 92 93 94 95
 96 97 98 99]
[-1 99 64 96 14 -1  8 67 48 64 96 -1 98 58 -1 23 54 -1 56 42 73 88 99 -1
 98 -1 -1 -1 89 60 90 14 -1 -1 25 82 32 53 93 -1 49 -1 63 -1 65 94 29 11
 -1  8 69 -1 87 -1  6 18 -1 80 91 47 -1 -1 -1 -1 60 66 99 -1 -1 -1 67 26
 -1  0 22 89 -1 93 75 98 -1 26 34 61 61 -1 74 -1 -1 63 51 -1 -1 29 -1 52
 21 11 32 83]
[0 1 1 1 0 1 0 1 1 1 1 1 0 1 0 0 0 0 0 0 1 0 0 0 1 1 1 1 0 1 0 1 1 1 1 1 1
 0 0 0 1 0 0 0 0 1 0 1 0 1 0 0 1 0 0 1 0 0 0 0 0 1 1 1 0 0 0 1 0 1 0 1 0 1
 1 1 1 0 0 0 1 0 0 1 1 1 1 0 0 1 1 1 1 1 1 0 1 0 1 1]
[0 0 4 3 2 0 0 0 3 0 1 4 0 0 3 1 0 0 3 3 0 3 2 0 0 0 1 2 0 4 1 0 4 2 0 3 1
 2 0 0 3 3 4 0 0 3 0 2 0 4 0 0 0 2 0 4 0 0 3 0 0 4 0 0 0 1 3 0 0 0 4 4 2 0
 2 0 3 2 2 1 2 3 0 0 0 2 0 4 1 0 0 0 0 0 0 1 1 0 3 0]
[0 0 4 3 2 0 0 0 3 0 1 4 0 0 3 1 0 0 3 3 0 3 2 0 0 0 1 2 0 4 1 0 4 2 0 3 1
 2 0 0 3 3 4 0 0 3 0 2 0 4 0 0 0 2 0 4 0 0 3 0 0 4 0 0 0 1 3 0 0 0 4 4 2 0
 2 0 3 2 2 1 2 3 0 0 0 2 0 4 1 0 0 0 0 0 0 1 1 0 3 0]
[3 7 6 1 8 2 6 6 8 7 1 2 4 5 7 4 8 5 6 6 4 5 1 9 3 4 2 9 1 1 4 5 8 8 1 1 9
 7 8 6 9 9 2 4 3 6 5 1 2 1 5 8 7 1 8 8 2 5 9 4 6 8 8 5 6 9 2 6 4 6 6 9 9 3
 7 9 9 2 4 2 1 9 4 4 2 9 9 5 5 4 9 8 2 4 1 2 4 4 8 7]
[3 7 6 1 8 2 6 6 8 7 1 2 4 5 7 4 8 5 6 6 4 5 1 9 3 4 2 9 1 1 4 5 8 8 1 1 9
 7 8 6 9 9 2 4 3 6 5 1 2 1 5 8 7 1 8 8 2 5 9 4 6 8 8 5 6 9 2 6 4 6 6 9 9 3
 7 9 9 2 4 2 1 9 4 4 2 9 9 5 5 4 9 8 2 4 1 2 4 4 8 7]
[50, 23, 50, 50, 50, 50, 50, 50, 13, 50, 10, 22, 20, 15, 50, 50, 32, 29, 50, 29, 19, 50, 30, 50, 15, 45, 50, 35, 50, 50, 23, 40, 50, 39, 50, 35, 10, 31, 50, 50, 50, 17, 45, 25, 49, 50, 39, 50, 50, 50, 50, 19, 50, 39, 18, 50, 18, 17, 50, 50, 50, 50, 50, 50, 45, 42, 35, 43, 50, 50, 28, 50, 50, 50, 50, 50, 50, 25, 50, 47, 28, 28, 31, 32, 42, 19, 50, 32, 50, 41, 50, 50, 50, 50, 43, 26, 18, 50, 50, 44]
[0 0 0 0 0 0 0 0 0 0 0 0 0 0 0 0 0 0 0 0 0 0 0 0 0 0 0 0 0 0 0 0 0 0 0 0 0
 0 0 0 0 0 0 0 0 0 0 0 0 0 0 0 0 0 0 0 0 0 0 0 0 0 0 0 0 0 0 0 0 0 0 0 0 0
 0 0 0 0 0 0 0 0 0 0 0 0 0 0 0 0 0 0 0 0 0 0 0 0 0 0]
[1 1 1 1 1 1 1 1 1 1 1 1 1 1 1 1 1 1 1 1 1 1 1 1 1 1 1 1 1 1 1 1 1 1 1 1 1
 1 1 1 1 1 1 1 1 1 1 1 1 1 1 1 1 1 1 1 1 1 1 1 1 1 1 1 1 1 1 1 1 1 1 1 1 1
 1 1 1 1 1 1 1 1 1 1 1 1 1 1 1 1 1 1 1 1 1 1 1 1 1 1]
