[ 0  1  2  3  4  5  6  7  8  9 10 11 12 13 14 15 16 17 18 19 20 21 22 23
 24 25 26 27 28 29 30 31 32 33 34 35 36 37 38 39 40 41 42 43 44 45 46 47
 48 49 50 51 52 53 54 55 56 57 58 59 60 61 62 63 64 65 66 67 68 69 70 71
 72 73 74 75 76 77 78 79 80 81 82 83 84 85 86 87 88 89 90 91 92 93 94 95
 96 97 98 99]
[71 -1 -1 29 80  7 31 -1 -1 -1 30 95 69 33 -1  7 81 -1 99 98 -1 -1 -1 -1
 -1 -1 36 -1 45 -1 73 95 19 39 86 75 78 -1 98 80 61 45 36  4 -1 72 79 -1
  2 -1 -1 18 46 -1 59 44 -1 -1 -1 29 51 12  0 -1  9 40 68  7 -1 -1 95 87
 -1 25 94 -1 26 51 -1 15 83 -1 31 -1 14 71 -1  3 87 79 93 -1 37 -1 44 41
 49 -1 69 -1]
[0 1 0 0 1 0 0 1 0 1 1 1 1 1 1 0 0 1 1 1 0 0 1 1 0 0 0 0 0 1 0 0 0 0 0 0 0
 1 1 0 1 1 1 1 1 1 0 0 0 0 1 1 0 0 0 0 1 0 0 1 0 1 1 0 0 1 0 1 0 1 0 0 0 1
 1 1 0 0 0 1 0 0 1 0 0 0 1 0 0 1 0 0 0 1 1 1 0 0 0 0]
[0 1 0 4 3 0 0 0 0 0 4 0 0 1 0 0 4 0 4 0 0 4 0 3 3 2 3 0 2 2 0 2 0 1 0 0 3
 0 3 0 1 2 1 3 3 0 0 0 2 2 0 3 4 2 0 0 0 1 0 0 0 0 3 2 0 2 0 3 4 1 0 0 4 2
 3 3 1 3 0 0 0 0 4 0 2 0 0 0 0 0 0 0 0 4 3 0 0 0 4 0]
[0 1 0 4 3 0 0 0 0 0 4 0 0 1 0 0 4 0 4 0 0 4 0 3 3 2 3 0 2 2 0 2 0 1 0 0 3
 0 3 0 1 2 1 3 3 0 0 0 2 2 0 3 4 2 0 0 0 1 0 0 0 0 3 2 0 2 0 3 4 1 0 0 4 2
 3 3 1 3 0 0 0 0 4 0 2 0 0 0 0 0 0 0 0 4 3 0 0 0 4 0]
[9 7 7 5 2 5 3 7 5 4 6 9 1 6 2 7 1 4 5 8 5 6 5 2 2 5 7 6 8 5 1 1 6 1 6 1 1
 6 9 8 1 5 9 3 1 8 6 6 9 5 2 2 9 6 2 2 6 5 9 2 5 3 3 4 9 6 5 7 4 9 6 2 5 9
 6 8 4 9 1 4 1 4 1 1 3 4 4 8 1 1 3 9 3 2 8 3 8 1 7 2]
[9 7 7 5 2 5 3 7 5 4 6 9 1 6 2 7 1 4 5 8 5 6 5 2 2 5 7 6 8 5 1 1 6 1 6 1 1
 6 9 8 1 5 9 3 1 8 6 6 9 5 2 2 9 6 2 2 6 5 9 2 5 3 3 4 9 6 5 7 4 9 6 2 5 9
 6 8 4 9 1 4 1 4 1 1 3 4 4 8 1 1 3 9 3 2 8 3 8 1 7 2]
[35, 39, 42, 34, 46, 29, 43, 50, 50, 50, 29, 48, 50, 15, 50, 32, 50, 50, 41, 50, 50, 41, 50, 35, 50, 50, 33, 31, 33, 50, 29, 33, 50, 50, 50, 50, 48, 50, 23, 50, 46, 37, 48, 50, 50, 32, 20, 28, 50, 50, 50, 16, 50, 29, 50, 45, 50, 45, 28, 45, 50, 29, 14, 50, 50, 17, 24, 50, 50, 50, 50, 12, 50, 50, 23, 49, 50, 16, 50, 50, 34, 50, 17, 41, 50, 50, 50, 16, 50, 22, 27, 10, 50, 50, 50, 50, 28, 16, 20, 27]
[0 0 0 0 0 0 0 0 0 0 0 0 0 0 0 0 0 0 0 0 0 0 0 0 0 0 0 0 0 0 0 0 0 0 0 0 0
 0 0 0 0 0 0 0 0 0 0 0 0 0 0 0 0 0 0 0 0 0 0 0 0 0 0 0 0 0 0 0 0 0 0 0 0 0
 0 0 0 0 0 0 0 0 0 0 0 0 0 0 0 0 0 0 0 0 0 0 0 0 0 0]
[1 1 1 1 1 1 1 1 1 1 1 1 1 1 1 1 1 1 1 1 1 1 1 1 1 1 1 1 1 1 1 1 1 1 1 1 1
 1 1 1 1 1 1 1 1 1 1 1 1 1 1 1 1 1 1 1 1 1 1 1 1 1 1 1 1 1 1 1 1 1 1 1 1 1
 1 1 1 1 1 1 1 1 1 1 1 1 1 1 1 1 1 1 1 1 1 1 1 1 1 1]
