[ 0  1  2  3  4  5  6  7  8  9 10 11 12 13 14 15 16 17 18 19 20 21 22 23
 24 25 26 27 28 29 30 31 32 33 34 35 36 37 38 39 40 41 42 43 44 45 46 47
 48 49 50 51 52 53 54 55 56 57 58 59 60 61 62 63 64 65 66 67 68 69 70 71
 72 73 74 75 76 77 78 79 80 81 82 83 84 85 86 87 88 89 90 91 92 93 94 95
 96 97 98 99]
[-1 99 -1 99 -1 42  4 90 -1 56 -1  6 -1 78  7 35 63 40  6 39 33 22 57  6
 -1 -1 14 69 -1 -1 69 75 38 45 31 -1 -1 22 75 14 77 -1 87 23 -1 56 -1  3
  3 46  0 28 -1 52 -1 82 65 -1 77 -1  5 57 -1 -1 71 40  0 79 98 -1 -1 98
 54 50 71 -1 62 26 -1 57 -1 -1 -1 -1 -1 80 98 30 -1 84 51 69 33 -1  9 22
 -1 -1 92 -1]
[1 1 0 0 1 0 0 1 1 1 1 1 0 0 1 1 0 1 0 1 1 0 0 1 0 1 0 1 0 1 0 0 1 0 1 1 0
 0 1 0 1 1 0 0 1 1 0 1 0 1 0 0 1 0 1 0 0 1 0 1 1 1 0 1 1 0 0 1 1 1 1 1 1 0
 1 0 0 1 0 0 1 0 0 1 0 1 0 1 0 1 1 1 1 0 0 1 0 1 1 1]
[0 0 0 0 1 0 0 0 3 3 1 1 3 4 3 2 0 0 2 1 1 0 0 0 3 2 4 4 4 0 1 4 4 2 2 0 0
 4 2 0 1 0 0 3 4 0 4 0 0 2 1 3 1 1 4 0 0 0 1 0 0 0 0 0 0 2 4 3 4 0 0 0 2 2
 0 1 0 0 0 2 0 0 0 0 3 3 0 4 1 0 3 4 3 0 0 4 0 1 1 0]
[0 0 0 0 1 0 0 0 3 3 1 1 3 4 3 2 0 0 2 1 1 0 0 0 3 2 4 4 4 0 1 4 4 2 2 0 0
 4 2 0 1 0 0 3 4 0 4 0 0 2 1 3 1 1 4 0 0 0 1 0 0 0 0 0 0 2 4 3 4 0 0 0 2 2
 0 1 0 0 0 2 0 0 0 0 3 3 0 4 1 0 3 4 3 0 0 4 0 1 1 0]
[5 8 7 4 4 7 3 9 8 1 4 2 2 9 8 8 9 3 1 6 6 3 3 2 5 4 8 1 4 3 6 1 3 2 9 6 5
 4 5 6 2 7 1 1 3 2 9 2 1 4 7 9 6 4 6 4 4 1 7 9 6 9 5 2 5 7 8 5 2 4 3 8 8 2
 4 6 1 8 4 5 1 8 7 9 8 9 1 1 2 1 3 5 6 1 6 2 3 2 5 8]
[5 8 7 4 4 7 3 9 8 1 4 2 2 9 8 8 9 3 1 6 6 3 3 2 5 4 8 1 4 3 6 1 3 2 9 6 5
 4 5 6 2 7 1 1 3 2 9 2 1 4 7 9 6 4 6 4 4 1 7 9 6 9 5 2 5 7 8 5 2 4 3 8 8 2
 4 6 1 8 4 5 1 8 7 9 8 9 1 1 2 1 3 5 6 1 6 2 3 2 5 8]
[26, 30, 50, 14, 42, 18, 50, 21, 50, 50, 50, 44, 17, 50, 30, 50, 32, 50, 44, 50, 50, 43, 50, 50, 50, 28, 50, 50, 44, 50, 40, 36, 30, 50, 30, 50, 21, 50, 50, 17, 44, 41, 19, 50, 50, 16, 50, 25, 17, 50, 50, 50, 40, 34, 33, 50, 50, 50, 35, 50, 50, 10, 50, 26, 50, 34, 42, 50, 50, 50, 50, 26, 50, 17, 35, 50, 34, 50, 50, 50, 13, 15, 40, 22, 32, 50, 50, 40, 37, 50, 39, 50, 50, 26, 45, 50, 50, 50, 36, 20]
[0 0 0 0 0 0 0 0 0 0 0 0 0 0 0 0 0 0 0 0 0 0 0 0 0 0 0 0 0 0 0 0 0 0 0 0 0
 0 0 0 0 0 0 0 0 0 0 0 0 0 0 0 0 0 0 0 0 0 0 0 0 0 0 0 0 0 0 0 0 0 0 0 0 0
 0 0 0 0 0 0 0 0 0 0 0 0 0 0 0 0 0 0 0 0 0 0 0 0 0 0]
[1 1 1 1 1 1 1 1 1 1 1 1 1 1 1 1 1 1 1 1 1 1 1 1 1 1 1 1 1 1 1 1 1 1 1 1 1
 1 1 1 1 1 1 1 1 1 1 1 1 1 1 1 1 1 1 1 1 1 1 1 1 1 1 1 1 1 1 1 1 1 1 1 1 1
 1 1 1 1 1 1 1 1 1 1 1 1 1 1 1 1 1 1 1 1 1 1 1 1 1 1]
