[ 0  1  2  3  4  5  6  7  8  9 10 11 12 13 14 15 16 17 18 19 20 21 22 23
 24 25 26 27 28 29 30 31 32 33 34 35 36 37 38 39 40 41 42 43 44 45 46 47
 48 49 50 51 52 53 54 55 56 57 58 59 60 61 62 63 64 65 66 67 68 69 70 71
 72 73 74 75 76 77 78 79 80 81 82 83 84 85 86 87 88 89 90 91 92 93 94 95
 96 97 98 99]
[95 21 52 -1 64 28  9 84 58 88 -1 87  5 60 -1 57 -1 -1 27 -1 17 -1 56 -1
 11 -1 -1 98 45 87 50 72 -1 84 26  4 -1 84  0 31 15  9 12  3 75 -1 -1 55
 -1 23 -1 -1 -1 64 -1 37 -1 14 72 62 14 17 72 80 82 41 56  9 15 24 -1 19
 -1 -1 36 -1 74 20 -1 -1 75 -1 90 -1 27 13 -1 -1 63 69 -1 -1 23 58 -1 42
 -1 54 -1 19]
[0 0 1 0 0 0 0 0 1 1 1 1 1 1 0 1 1 0 1 0 1 1 1 0 0 0 1 0 1 1 1 1 0 1 1 0 0
 0 1 1 1 0 1 0 1 0 1 1 0 1 1 0 1 0 0 1 1 1 0 0 1 1 1 0 1 1 0 1 1 0 1 1 0 0
 1 1 0 1 0 0 0 1 1 0 1 1 0 0 1 1 1 0 0 1 0 0 0 0 1 0]
[0 1 3 1 1 0 0 3 4 3 0 0 0 1 3 0 0 4 0 0 0 3 2 0 1 0 4 1 0 4 0 0 2 0 0 2 0
 0 2 2 0 0 0 0 1 0 2 2 0 3 0 4 4 1 4 2 4 0 0 0 0 3 0 0 2 0 0 0 0 0 4 0 0 0
 4 2 0 2 4 0 3 0 2 0 0 0 0 3 2 3 0 4 1 0 1 0 3 0 0 0]
[0 1 3 1 1 0 0 3 4 3 0 0 0 1 3 0 0 4 0 0 0 3 2 0 1 0 4 1 0 4 0 0 2 0 0 2 0
 0 2 2 0 0 0 0 1 0 2 2 0 3 0 4 4 1 4 2 4 0 0 0 0 3 0 0 2 0 0 0 0 0 4 0 0 0
 4 2 0 2 4 0 3 0 2 0 0 0 0 3 2 3 0 4 1 0 1 0 3 0 0 0]
[8 5 2 6 1 9 2 5 4 5 5 6 9 5 4 8 3 9 3 3 7 7 3 7 3 3 6 8 3 3 3 3 4 8 1 8 2
 1 8 9 4 4 9 8 8 9 8 8 2 7 8 6 5 4 2 3 2 6 9 4 3 8 7 9 6 5 9 1 2 9 9 4 7 6
 3 3 5 3 2 8 9 6 6 4 6 6 4 2 4 7 4 2 9 4 1 5 8 6 6 5]
[8 5 2 6 1 9 2 5 4 5 5 6 9 5 4 8 3 9 3 3 7 7 3 7 3 3 6 8 3 3 3 3 4 8 1 8 2
 1 8 9 4 4 9 8 8 9 8 8 2 7 8 6 5 4 2 3 2 6 9 4 3 8 7 9 6 5 9 1 2 9 9 4 7 6
 3 3 5 3 2 8 9 6 6 4 6 6 4 2 4 7 4 2 9 4 1 5 8 6 6 5]
[50, 29, 50, 50, 50, 50, 27, 50, 13, 50, 50, 22, 24, 13, 31, 50, 50, 43, 29, 10, 50, 33, 31, 10, 22, 50, 34, 50, 50, 17, 41, 47, 50, 23, 38, 40, 37, 21, 50, 48, 34, 50, 50, 43, 50, 16, 50, 50, 50, 22, 48, 41, 50, 50, 50, 17, 50, 50, 50, 50, 18, 50, 42, 50, 30, 50, 31, 50, 43, 29, 50, 31, 50, 38, 50, 48, 50, 50, 50, 27, 47, 50, 31, 50, 50, 38, 40, 50, 10, 41, 50, 50, 25, 50, 19, 50, 50, 24, 34, 50]
[0 0 0 0 0 0 0 0 0 0 0 0 0 0 0 0 0 0 0 0 0 0 0 0 0 0 0 0 0 0 0 0 0 0 0 0 0
 0 0 0 0 0 0 0 0 0 0 0 0 0 0 0 0 0 0 0 0 0 0 0 0 0 0 0 0 0 0 0 0 0 0 0 0 0
 0 0 0 0 0 0 0 0 0 0 0 0 0 0 0 0 0 0 0 0 0 0 0 0 0 0]
[1 1 1 1 1 1 1 1 1 1 1 1 1 1 1 1 1 1 1 1 1 1 1 1 1 1 1 1 1 1 1 1 1 1 1 1 1
 1 1 1 1 1 1 1 1 1 1 1 1 1 1 1 1 1 1 1 1 1 1 1 1 1 1 1 1 1 1 1 1 1 1 1 1 1
 1 1 1 1 1 1 1 1 1 1 1 1 1 1 1 1 1 1 1 1 1 1 1 1 1 1]
