[ 0  1  2  3  4  5  6  7  8  9 10 11 12 13 14 15 16 17 18 19 20 21 22 23
 24 25 26 27 28 29 30 31 32 33 34 35 36 37 38 39 40 41 42 43 44 45 46 47
 48 49 50 51 52 53 54 55 56 57 58 59 60 61 62 63 64 65 66 67 68 69 70 71
 72 73 74 75 76 77 78 79 80 81 82 83 84 85 86 87 88 89 90 91 92 93 94 95
 96 97 98 99]
[79 -1 37 77 -1 36 26 50 95 -1 96 88 11 23 54 -1 -1 -1 61 89 -1 27 32  8
 15 96 18 84 -1 -1 60 34  0 31 56 74 25 70 42 46 51 60 99 23 -1 -1 -1 40
 11 16 45 27 41 42 33 34 -1 -1 67 90 -1 31 -1 -1 38 -1 12 45 11 -1 87 44
 -1 -1 -1 -1  2 49 77  6 20 -1 20  7 -1 10 38 16 -1 -1 -1 56 94 -1 -1 -1
 37 35 21 63]
[1 1 1 0 1 1 1 0 0 0 0 0 1 0 0 0 1 0 0 1 0 1 1 0 1 1 1 0 0 0 1 0 0 0 1 1 1
 1 1 0 0 0 0 1 0 0 0 1 1 1 1 1 0 1 0 0 1 1 1 0 1 1 1 0 0 1 1 1 1 0 0 0 0 1
 1 1 1 1 1 0 0 0 1 0 0 0 0 0 0 1 0 1 1 0 0 1 1 0 0 0]
[2 0 1 4 0 2 2 2 3 0 0 0 3 2 1 1 0 3 0 3 4 0 3 2 0 0 3 4 0 4 4 0 0 0 0 0 2
 0 0 0 4 0 0 2 0 0 0 0 0 0 0 0 3 0 1 0 0 2 0 4 2 0 2 1 0 1 0 0 0 4 1 4 0 0
 0 4 0 0 0 4 1 0 1 0 0 0 0 0 3 2 4 4 2 0 0 1 1 2 3 2]
[2 0 1 4 0 2 2 2 3 0 0 0 3 2 1 1 0 3 0 3 4 0 3 2 0 0 3 4 0 4 4 0 0 0 0 0 2
 0 0 0 4 0 0 2 0 0 0 0 0 0 0 0 3 0 1 0 0 2 0 4 2 0 2 1 0 1 0 0 0 4 1 4 0 0
 0 4 0 0 0 4 1 0 1 0 0 0 0 0 3 2 4 4 2 0 0 1 1 2 3 2]
[4 9 2 4 9 3 6 3 2 8 5 8 9 3 8 1 6 8 4 3 6 8 5 9 7 6 3 1 5 8 3 7 2 9 3 8 2
 1 1 8 6 2 9 5 5 8 3 5 1 7 2 7 2 3 8 9 1 6 8 5 2 6 3 4 3 4 8 3 3 9 4 2 6 1
 6 7 7 1 6 5 3 8 1 4 4 8 5 3 9 5 7 8 9 4 9 8 2 8 1 9]
[4 9 2 4 9 3 6 3 2 8 5 8 9 3 8 1 6 8 4 3 6 8 5 9 7 6 3 1 5 8 3 7 2 9 3 8 2
 1 1 8 6 2 9 5 5 8 3 5 1 7 2 7 2 3 8 9 1 6 8 5 2 6 3 4 3 4 8 3 3 9 4 2 6 1
 6 7 7 1 6 5 3 8 1 4 4 8 5 3 9 5 7 8 9 4 9 8 2 8 1 9]
[50, 46, 12, 50, 50, 50, 38, 42, 15, 38, 26, 25, 39, 12, 50, 50, 36, 50, 47, 36, 50, 50, 50, 14, 42, 21, 44, 22, 21, 16, 11, 29, 50, 50, 50, 50, 50, 50, 50, 40, 32, 50, 50, 50, 50, 18, 49, 43, 50, 50, 50, 47, 14, 48, 50, 46, 50, 50, 38, 50, 14, 48, 50, 50, 21, 50, 32, 50, 24, 50, 50, 50, 50, 50, 50, 50, 50, 19, 50, 26, 50, 18, 50, 35, 50, 50, 45, 46, 25, 10, 37, 50, 50, 30, 45, 50, 24, 30, 30, 34]
[0 0 0 0 0 0 0 0 0 0 0 0 0 0 0 0 0 0 0 0 0 0 0 0 0 0 0 0 0 0 0 0 0 0 0 0 0
 0 0 0 0 0 0 0 0 0 0 0 0 0 0 0 0 0 0 0 0 0 0 0 0 0 0 0 0 0 0 0 0 0 0 0 0 0
 0 0 0 0 0 0 0 0 0 0 0 0 0 0 0 0 0 0 0 0 0 0 0 0 0 0]
[1 1 1 1 1 1 1 1 1 1 1 1 1 1 1 1 1 1 1 1 1 1 1 1 1 1 1 1 1 1 1 1 1 1 1 1 1
 1 1 1 1 1 1 1 1 1 1 1 1 1 1 1 1 1 1 1 1 1 1 1 1 1 1 1 1 1 1 1 1 1 1 1 1 1
 1 1 1 1 1 1 1 1 1 1 1 1 1 1 1 1 1 1 1 1 1 1 1 1 1 1]
