[ 0  1  2  3  4  5  6  7  8  9 10 11 12 13 14 15 16 17 18 19 20 21 22 23
 24 25 26 27 28 29 30 31 32 33 34 35 36 37 38 39 40 41 42 43 44 45 46 47
 48 49 50 51 52 53 54 55 56 57 58 59 60 61 62 63 64 65 66 67 68 69 70 71
 72 73 74 75 76 77 78 79 80 81 82 83 84 85 86 87 88 89 90 91 92 93 94 95
 96 97 98 99]
[-1 40 19 38 91 88 -1 -1 -1 -1 31 51 25 -1 -1 89 64 -1 73  6 -1 -1 51 70
 -1 43 22 -1 82 -1 23 94 -1 -1 66 81 20 -1 13 -1 -1 53 10 87 89 -1 -1 78
 73 82 -1 -1 -1 28 -1 -1  1 36 36  8 -1 -1  1 39 36 78 27 -1  4 90 81 64
 -1 45 18 93 20 82 94 -1 -1 17  0 57 23 29 69 15 19 -1 46 64 54 97 85 31
 -1 62 80  1]
[0 0 1 1 1 0 0 0 0 0 0 0 0 0 1 1 0 0 0 0 1 1 1 1 0 1 1 0 0 0 0 1 0 1 1 0 0
 0 1 1 1 0 1 0 1 1 1 0 1 1 1 0 0 1 1 0 0 1 1 0 0 1 1 1 1 0 0 1 1 0 0 1 1 0
 0 0 1 0 1 0 0 1 0 1 1 1 1 0 1 1 0 1 0 1 0 1 0 1 1 1]
[0 2 4 0 3 0 0 0 4 1 0 1 0 0 0 4 0 1 0 0 0 0 2 3 2 0 0 0 0 3 0 0 0 1 0 0 3
 3 1 0 0 3 3 0 3 1 0 1 1 0 0 0 0 3 0 1 1 1 3 0 0 3 0 3 0 2 1 4 2 0 0 0 4 3
 0 3 1 0 0 2 1 2 0 0 2 0 4 0 2 2 2 0 1 0 0 2 3 2 2 1]
[0 2 4 0 3 0 0 0 4 1 0 1 0 0 0 4 0 1 0 0 0 0 2 3 2 0 0 0 0 3 0 0 0 1 0 0 3
 3 1 0 0 3 3 0 3 1 0 1 1 0 0 0 0 3 0 1 1 1 3 0 0 3 0 3 0 2 1 4 2 0 0 0 4 3
 0 3 1 0 0 2 1 2 0 0 2 0 4 0 2 2 2 0 1 0 0 2 3 2 2 1]
[8 3 8 8 9 9 7 6 6 9 9 1 4 8 1 4 1 7 8 2 4 9 9 3 2 2 3 1 4 6 2 7 3 8 6 6 6
 3 6 1 3 2 5 4 9 5 5 9 6 2 6 6 1 4 5 5 5 3 6 3 2 9 7 5 3 4 9 1 2 8 9 1 2 5
 9 3 3 1 6 3 1 8 5 1 4 7 9 9 9 7 8 6 8 7 1 5 4 3 3 6]
[8 3 8 8 9 9 7 6 6 9 9 1 4 8 1 4 1 7 8 2 4 9 9 3 2 2 3 1 4 6 2 7 3 8 6 6 6
 3 6 1 3 2 5 4 9 5 5 9 6 2 6 6 1 4 5 5 5 3 6 3 2 9 7 5 3 4 9 1 2 8 9 1 2 5
 9 3 3 1 6 3 1 8 5 1 4 7 9 9 9 7 8 6 8 7 1 5 4 3 3 6]
[50, 35, 30, 14, 50, 18, 44, 50, 44, 50, 39, 11, 11, 50, 32, 18, 50, 29, 50, 19, 50, 32, 50, 50, 13, 42, 50, 50, 50, 48, 43, 14, 48, 50, 43, 50, 35, 44, 50, 50, 25, 50, 50, 50, 19, 50, 50, 50, 37, 41, 20, 50, 14, 38, 37, 50, 50, 50, 37, 48, 25, 50, 40, 50, 50, 50, 26, 39, 50, 50, 50, 10, 45, 42, 25, 50, 50, 35, 50, 26, 50, 50, 50, 41, 50, 50, 49, 50, 23, 21, 50, 19, 45, 35, 20, 50, 50, 50, 50, 12]
[0 0 0 0 0 0 0 0 0 0 0 0 0 0 0 0 0 0 0 0 0 0 0 0 0 0 0 0 0 0 0 0 0 0 0 0 0
 0 0 0 0 0 0 0 0 0 0 0 0 0 0 0 0 0 0 0 0 0 0 0 0 0 0 0 0 0 0 0 0 0 0 0 0 0
 0 0 0 0 0 0 0 0 0 0 0 0 0 0 0 0 0 0 0 0 0 0 0 0 0 0]
[1 1 1 1 1 1 1 1 1 1 1 1 1 1 1 1 1 1 1 1 1 1 1 1 1 1 1 1 1 1 1 1 1 1 1 1 1
 1 1 1 1 1 1 1 1 1 1 1 1 1 1 1 1 1 1 1 1 1 1 1 1 1 1 1 1 1 1 1 1 1 1 1 1 1
 1 1 1 1 1 1 1 1 1 1 1 1 1 1 1 1 1 1 1 1 1 1 1 1 1 1]
