[ 0  1  2  3  4  5  6  7  8  9 10 11 12 13 14 15 16 17 18 19 20 21 22 23
 24 25 26 27 28 29 30 31 32 33 34 35 36 37 38 39 40 41 42 43 44 45 46 47
 48 49 50 51 52 53 54 55 56 57 58 59 60 61 62 63 64 65 66 67 68 69 70 71
 72 73 74 75 76 77 78 79 80 81 82 83 84 85 86 87 88 89 90 91 92 93 94 95
 96 97 98 99]
[-1 83 69 69 -1 59 50 -1 31 -1 82 14 -1 -1 -1 -1 23 24 30 72 58 43 -1 -1
 -1 10 12 -1 -1 -1 -1 -1 46 17 92 34 99 65 -1 -1 -1 60 78 10  8 16 -1 91
  2 69 30 28 -1 84 63 79 86 72 68 -1 30 78 -1 -1 -1 54 65  5 49 -1 -1 -1
 46 -1  9 73 74 26 90 -1 60 -1 -1 86 24 34 -1 -1 -1 66  4 69 -1 17 67 50
 72 -1 -1 -1]
[0 1 0 1 0 1 0 0 1 0 1 1 0 1 0 1 1 1 0 1 0 0 1 1 0 0 1 0 0 1 0 1 1 1 0 1 0
 1 0 1 1 1 0 0 1 0 0 1 0 0 1 1 1 0 1 0 1 1 1 1 0 0 1 0 0 1 0 0 0 0 1 0 0 0
 1 0 0 0 0 1 0 0 0 0 1 1 0 0 1 0 1 0 1 1 1 1 0 0 0 0]
[0 3 2 3 1 4 0 2 0 0 2 0 0 2 1 0 0 0 1 0 1 0 3 3 2 0 1 2 1 0 2 0 1 0 3 3 0
 3 0 0 1 0 2 3 0 0 0 0 0 2 4 4 0 0 0 0 0 0 2 2 0 0 1 2 3 0 0 2 1 4 1 1 3 0
 1 2 0 0 0 4 1 2 4 1 0 1 4 0 0 3 2 2 0 0 4 1 0 0 0 2]
[0 3 2 3 1 4 0 2 0 0 2 0 0 2 1 0 0 0 1 0 1 0 3 3 2 0 1 2 1 0 2 0 1 0 3 3 0
 3 0 0 1 0 2 3 0 0 0 0 0 2 4 4 0 0 0 0 0 0 2 2 0 0 1 2 3 0 0 2 1 4 1 1 3 0
 1 2 0 0 0 4 1 2 4 1 0 1 4 0 0 3 2 2 0 0 4 1 0 0 0 2]
[4 5 5 8 8 6 8 9 4 7 7 9 9 8 3 1 3 7 8 9 9 8 4 1 2 5 7 5 3 7 4 8 7 3 8 8 6
 1 4 4 1 7 6 8 5 1 1 3 9 1 2 5 8 8 3 6 9 4 9 8 2 8 3 7 7 5 8 7 2 2 8 5 2 2
 2 2 4 6 9 9 6 3 9 5 3 1 3 9 7 3 2 2 6 6 8 4 6 6 6 5]
[4 5 5 8 8 6 8 9 4 7 7 9 9 8 3 1 3 7 8 9 9 8 4 1 2 5 7 5 3 7 4 8 7 3 8 8 6
 1 4 4 1 7 6 8 5 1 1 3 9 1 2 5 8 8 3 6 9 4 9 8 2 8 3 7 7 5 8 7 2 2 8 5 2 2
 2 2 4 6 9 9 6 3 9 5 3 1 3 9 7 3 2 2 6 6 8 4 6 6 6 5]
[50, 28, 50, 15, 42, 34, 50, 50, 15, 42, 50, 50, 50, 21, 50, 25, 50, 48, 50, 41, 11, 50, 50, 50, 42, 50, 50, 50, 50, 50, 50, 14, 50, 50, 19, 34, 36, 50, 50, 44, 50, 39, 37, 29, 50, 37, 50, 29, 50, 50, 33, 50, 24, 22, 22, 29, 50, 50, 32, 30, 44, 25, 50, 50, 41, 50, 13, 49, 15, 43, 23, 37, 50, 15, 50, 50, 32, 15, 50, 50, 11, 10, 34, 50, 20, 37, 50, 50, 50, 50, 45, 50, 50, 49, 50, 48, 20, 50, 50, 50]
[0 0 0 0 0 0 0 0 0 0 0 0 0 0 0 0 0 0 0 0 0 0 0 0 0 0 0 0 0 0 0 0 0 0 0 0 0
 0 0 0 0 0 0 0 0 0 0 0 0 0 0 0 0 0 0 0 0 0 0 0 0 0 0 0 0 0 0 0 0 0 0 0 0 0
 0 0 0 0 0 0 0 0 0 0 0 0 0 0 0 0 0 0 0 0 0 0 0 0 0 0]
[1 1 1 1 1 1 1 1 1 1 1 1 1 1 1 1 1 1 1 1 1 1 1 1 1 1 1 1 1 1 1 1 1 1 1 1 1
 1 1 1 1 1 1 1 1 1 1 1 1 1 1 1 1 1 1 1 1 1 1 1 1 1 1 1 1 1 1 1 1 1 1 1 1 1
 1 1 1 1 1 1 1 1 1 1 1 1 1 1 1 1 1 1 1 1 1 1 1 1 1 1]
