[ 0  1  2  3  4  5  6  7  8  9 10 11 12 13 14 15 16 17 18 19 20 21 22 23
 24 25 26 27 28 29 30 31 32 33 34 35 36 37 38 39 40 41 42 43 44 45 46 47
 48 49 50 51 52 53 54 55 56 57 58 59 60 61 62 63 64 65 66 67 68 69 70 71
 72 73 74 75 76 77 78 79 80 81 82 83 84 85 86 87 88 89 90 91 92 93 94 95
 96 97 98 99]
[-1 35 28 73 81 -1 42 -1 23 -1 -1 -1 -1 74 42 -1 -1 -1 45 -1 -1 63 -1 27
 -1 -1 -1 38 30 -1 -1 62 85 47 -1 -1 -1 74 89 27 -1 54 88 62 12 -1 13 -1
 41  2 86 18 79 -1 53 92 92 98 57 53 64 -1 -1 88 -1 16 14 46 40 -1 71 44
 -1 89 55 54 87 -1 58 74 -1 -1 -1 -1 77 78 -1 -1 -1 -1 23 77 64 45 79 54
 90  2 -1 83]
[1 1 0 1 0 1 1 0 0 1 1 1 1 0 0 0 1 1 1 0 1 0 1 1 1 0 0 1 0 0 0 0 0 0 1 1 1
 0 1 0 1 1 1 1 1 1 1 1 1 0 0 0 1 1 1 0 1 0 1 1 0 0 0 1 1 0 1 0 0 1 0 0 0 0
 0 1 1 1 1 0 0 0 1 0 0 0 0 0 0 0 0 1 0 1 0 0 0 1 1 0]
[1 1 3 1 0 2 0 0 4 3 0 0 3 2 3 3 0 3 0 0 4 1 3 1 0 0 2 0 0 1 3 0 1 4 0 3 1
 2 1 4 0 0 4 0 0 1 2 1 0 0 2 0 3 3 0 4 0 2 0 0 4 2 3 2 4 0 0 0 1 2 0 1 3 3
 0 1 0 0 0 3 4 0 4 3 0 2 0 3 2 4 0 1 0 0 0 0 0 4 0 0]
[1 1 3 1 0 2 0 0 4 3 0 0 3 2 3 3 0 3 0 0 4 1 3 1 0 0 2 0 0 1 3 0 1 4 0 3 1
 2 1 4 0 0 4 0 0 1 2 1 0 0 2 0 3 3 0 4 0 2 0 0 4 2 3 2 4 0 0 0 1 2 0 1 3 3
 0 1 0 0 0 3 4 0 4 3 0 2 0 3 2 4 0 1 0 0 0 0 0 4 0 0]
[3 5 5 2 8 4 8 8 9 5 2 4 6 3 9 7 1 1 3 9 2 4 7 5 1 4 9 8 1 5 1 2 7 2 5 3 2
 5 6 9 6 2 4 8 5 1 8 6 7 7 3 3 6 6 4 5 4 7 6 4 5 8 9 3 2 6 7 8 4 2 7 9 3 1
 1 8 5 2 4 9 7 1 7 2 7 1 2 8 2 1 6 3 4 7 2 2 9 7 2 1]
[3 5 5 2 8 4 8 8 9 5 2 4 6 3 9 7 1 1 3 9 2 4 7 5 1 4 9 8 1 5 1 2 7 2 5 3 2
 5 6 9 6 2 4 8 5 1 8 6 7 7 3 3 6 6 4 5 4 7 6 4 5 8 9 3 2 6 7 8 4 2 7 9 3 1
 1 8 5 2 4 9 7 1 7 2 7 1 2 8 2 1 6 3 4 7 2 2 9 7 2 1]
[43, 40, 50, 31, 50, 18, 43, 50, 50, 29, 41, 15, 41, 50, 16, 39, 34, 50, 15, 38, 45, 22, 50, 28, 17, 45, 50, 50, 25, 50, 42, 50, 20, 36, 50, 50, 15, 50, 50, 19, 22, 50, 50, 50, 24, 50, 18, 50, 43, 50, 50, 39, 50, 50, 50, 50, 50, 50, 50, 50, 30, 19, 50, 50, 16, 31, 25, 33, 50, 50, 42, 46, 33, 20, 50, 50, 21, 50, 50, 50, 50, 50, 17, 50, 50, 50, 50, 50, 50, 50, 14, 36, 12, 50, 50, 37, 50, 15, 50, 50]
[0 0 0 0 0 0 0 0 0 0 0 0 0 0 0 0 0 0 0 0 0 0 0 0 0 0 0 0 0 0 0 0 0 0 0 0 0
 0 0 0 0 0 0 0 0 0 0 0 0 0 0 0 0 0 0 0 0 0 0 0 0 0 0 0 0 0 0 0 0 0 0 0 0 0
 0 0 0 0 0 0 0 0 0 0 0 0 0 0 0 0 0 0 0 0 0 0 0 0 0 0]
[1 1 1 1 1 1 1 1 1 1 1 1 1 1 1 1 1 1 1 1 1 1 1 1 1 1 1 1 1 1 1 1 1 1 1 1 1
 1 1 1 1 1 1 1 1 1 1 1 1 1 1 1 1 1 1 1 1 1 1 1 1 1 1 1 1 1 1 1 1 1 1 1 1 1
 1 1 1 1 1 1 1 1 1 1 1 1 1 1 1 1 1 1 1 1 1 1 1 1 1 1]
