[ 0  1  2  3  4  5  6  7  8  9 10 11 12 13 14 15 16 17 18 19 20 21 22 23
 24 25 26 27 28 29 30 31 32 33 34 35 36 37 38 39 40 41 42 43 44 45 46 47
 48 49 50 51 52 53 54 55 56 57 58 59 60 61 62 63 64 65 66 67 68 69 70 71
 72 73 74 75 76 77 78 79 80 81 82 83 84 85 86 87 88 89 90 91 92 93 94 95
 96 97 98 99]
[32  4 31 19 19 89 -1 52 -1 -1 29 14 -1 -1 19 89 34 88 19 73  7 -1 45  8
 -1 -1  2 -1  5 74 78 34 -1 74 92 -1 72 12 27  8 -1 -1 39 62 81 89 51 60
 -1 -1 91 37 33 40 49 59 98 21 -1 -1 95 22 -1 50 35 99 23 87 87 -1 -1 -1
 -1 54 58 60 21 78 91 76 -1 53 85 62 -1 19 77 92 97 -1 35 -1  0 76 67 27
 75 64 25 46]
[1 0 1 1 0 0 0 1 0 1 1 0 0 1 1 1 0 1 0 0 1 1 0 1 1 1 1 1 0 0 0 0 0 1 1 0 0
 1 0 0 1 0 0 0 1 1 0 0 0 0 0 0 1 0 1 0 1 0 0 1 1 0 1 1 0 1 1 1 0 1 0 1 0 0
 0 1 0 1 0 1 1 0 1 0 1 0 0 1 0 0 1 0 1 0 1 0 0 0 0 1]
[4 2 3 3 3 1 0 3 3 0 0 0 1 2 0 0 0 0 0 0 0 0 0 2 1 0 0 0 0 1 0 0 0 0 2 0 3
 3 3 0 1 0 1 0 0 4 0 1 0 3 2 1 2 2 0 3 0 3 4 0 3 0 0 0 0 0 4 0 1 2 3 1 3 3
 2 1 3 0 0 0 4 3 4 3 0 1 0 0 0 3 0 0 0 3 0 1 4 0 3 2]
[4 2 3 3 3 1 0 3 3 0 0 0 1 2 0 0 0 0 0 0 0 0 0 2 1 0 0 0 0 1 0 0 0 0 2 0 3
 3 3 0 1 0 1 0 0 4 0 1 0 3 2 1 2 2 0 3 0 3 4 0 3 0 0 0 0 0 4 0 1 2 3 1 3 3
 2 1 3 0 0 0 4 3 4 3 0 1 0 0 0 3 0 0 0 3 0 1 4 0 3 2]
[9 7 9 5 1 2 2 7 8 1 2 3 9 5 8 4 5 8 6 1 9 1 3 1 8 2 1 1 9 5 5 7 9 3 5 7 6
 7 2 9 4 1 5 4 3 6 6 8 5 3 1 3 2 8 4 3 8 5 7 3 3 7 4 7 9 8 9 9 7 8 2 1 2 7
 9 3 3 7 9 6 2 5 3 5 2 5 7 6 4 7 4 2 1 8 4 9 1 6 2 5]
[9 7 9 5 1 2 2 7 8 1 2 3 9 5 8 4 5 8 6 1 9 1 3 1 8 2 1 1 9 5 5 7 9 3 5 7 6
 7 2 9 4 1 5 4 3 6 6 8 5 3 1 3 2 8 4 3 8 5 7 3 3 7 4 7 9 8 9 9 7 8 2 1 2 7
 9 3 3 7 9 6 2 5 3 5 2 5 7 6 4 7 4 2 1 8 4 9 1 6 2 5]
[25, 50, 24, 44, 21, 50, 50, 50, 44, 21, 50, 50, 50, 30, 13, 50, 18, 50, 32, 15, 50, 33, 50, 15, 50, 34, 50, 50, 50, 41, 28, 50, 27, 45, 37, 50, 50, 50, 50, 23, 27, 22, 50, 50, 33, 33, 40, 50, 50, 25, 30, 50, 41, 50, 50, 50, 50, 31, 50, 47, 50, 50, 50, 50, 50, 40, 11, 50, 29, 10, 33, 19, 50, 50, 50, 19, 34, 50, 42, 50, 50, 10, 38, 10, 50, 50, 49, 13, 50, 50, 33, 50, 30, 50, 49, 50, 50, 32, 50, 50]
[0 0 0 0 0 0 0 0 0 0 0 0 0 0 0 0 0 0 0 0 0 0 0 0 0 0 0 0 0 0 0 0 0 0 0 0 0
 0 0 0 0 0 0 0 0 0 0 0 0 0 0 0 0 0 0 0 0 0 0 0 0 0 0 0 0 0 0 0 0 0 0 0 0 0
 0 0 0 0 0 0 0 0 0 0 0 0 0 0 0 0 0 0 0 0 0 0 0 0 0 0]
[1 1 1 1 1 1 1 1 1 1 1 1 1 1 1 1 1 1 1 1 1 1 1 1 1 1 1 1 1 1 1 1 1 1 1 1 1
 1 1 1 1 1 1 1 1 1 1 1 1 1 1 1 1 1 1 1 1 1 1 1 1 1 1 1 1 1 1 1 1 1 1 1 1 1
 1 1 1 1 1 1 1 1 1 1 1 1 1 1 1 1 1 1 1 1 1 1 1 1 1 1]
