[ 0  1  2  3  4  5  6  7  8  9 10 11 12 13 14 15 16 17 18 19 20 21 22 23
 24 25 26 27 28 29 30 31 32 33 34 35 36 37 38 39 40 41 42 43 44 45 46 47
 48 49 50 51 52 53 54 55 56 57 58 59 60 61 62 63 64 65 66 67 68 69 70 71
 72 73 74 75 76 77 78 79 80 81 82 83 84 85 86 87 88 89 90 91 92 93 94 95
 96 97 98 99]
[53  8 -1 53 48 44 96 18 12 -1 43 46 -1 75 26 -1 62 87 44 85 43 53 -1 -1
 93 -1 21 50 14 31  3 -1 -1 15 78 37 59 -1 -1 -1 -1 55 14 -1 65 53 29 -1
  9 -1 -1 77 53 -1 62 26 59 66 51 89 74 -1 -1 -1 79 91 68 55 -1 53  3 -1
 79 61 -1 12 84 -1 32 -1 95 -1 -1 -1 43 20 89 20 70 76 87 -1 -1 66 -1 42
 -1 -1 25 25]
[1 0 0 1 0 0 0 1 1 0 0 1 1 0 1 1 1 0 1 1 1 0 1 0 1 1 1 1 0 1 1 1 0 0 0 0 1
 1 1 0 1 0 1 1 1 1 1 0 0 1 0 1 0 1 0 1 0 0 1 1 0 1 1 0 0 1 1 1 1 1 0 0 0 1
 1 1 1 0 0 0 0 0 0 0 0 0 0 1 1 1 1 1 0 1 0 1 0 0 0 0]
[4 0 0 0 0 1 1 3 2 2 0 0 0 4 0 0 0 4 2 2 0 0 0 0 0 3 2 4 0 0 3 4 4 0 0 1 2
 0 4 1 0 0 4 0 0 3 0 0 0 0 2 0 0 0 1 0 0 2 0 0 0 0 3 3 3 1 0 1 4 4 0 0 2 0
 0 4 0 0 4 2 4 0 2 0 3 4 4 0 0 0 0 2 4 4 3 0 0 0 0 0]
[4 0 0 0 0 1 1 3 2 2 0 0 0 4 0 0 0 4 2 2 0 0 0 0 0 3 2 4 0 0 3 4 4 0 0 1 2
 0 4 1 0 0 4 0 0 3 0 0 0 0 2 0 0 0 1 0 0 2 0 0 0 0 3 3 3 1 0 1 4 4 0 0 2 0
 0 4 0 0 4 2 4 0 2 0 3 4 4 0 0 0 0 2 4 4 3 0 0 0 0 0]
[6 8 8 2 2 7 5 2 1 8 5 2 9 6 3 8 4 7 9 5 5 5 7 2 9 5 6 4 9 5 1 6 7 6 6 5 3
 9 3 4 7 6 5 3 9 4 5 9 9 6 2 5 3 7 4 9 6 7 3 6 9 6 9 9 1 3 2 5 9 8 3 5 1 6
 8 2 2 2 3 9 1 2 9 4 3 7 2 1 1 3 9 5 7 1 9 6 6 3 1 3]
[6 8 8 2 2 7 5 2 1 8 5 2 9 6 3 8 4 7 9 5 5 5 7 2 9 5 6 4 9 5 1 6 7 6 6 5 3
 9 3 4 7 6 5 3 9 4 5 9 9 6 2 5 3 7 4 9 6 7 3 6 9 6 9 9 1 3 2 5 9 8 3 5 1 6
 8 2 2 2 3 9 1 2 9 4 3 7 2 1 1 3 9 5 7 1 9 6 6 3 1 3]
[12, 32, 33, 50, 50, 50, 27, 50, 25, 48, 50, 50, 28, 50, 46, 27, 50, 50, 11, 20, 15, 15, 20, 50, 50, 50, 25, 50, 50, 50, 14, 50, 50, 50, 50, 39, 10, 19, 45, 33, 50, 50, 50, 50, 20, 50, 50, 50, 30, 50, 50, 50, 39, 50, 25, 50, 50, 50, 46, 50, 16, 50, 50, 50, 50, 50, 41, 50, 50, 50, 11, 42, 15, 50, 33, 50, 50, 50, 50, 18, 38, 41, 50, 31, 50, 50, 50, 50, 24, 30, 22, 24, 49, 50, 50, 50, 28, 50, 21, 12]
[0 0 0 0 0 0 0 0 0 0 0 0 0 0 0 0 0 0 0 0 0 0 0 0 0 0 0 0 0 0 0 0 0 0 0 0 0
 0 0 0 0 0 0 0 0 0 0 0 0 0 0 0 0 0 0 0 0 0 0 0 0 0 0 0 0 0 0 0 0 0 0 0 0 0
 0 0 0 0 0 0 0 0 0 0 0 0 0 0 0 0 0 0 0 0 0 0 0 0 0 0]
[1 1 1 1 1 1 1 1 1 1 1 1 1 1 1 1 1 1 1 1 1 1 1 1 1 1 1 1 1 1 1 1 1 1 1 1 1
 1 1 1 1 1 1 1 1 1 1 1 1 1 1 1 1 1 1 1 1 1 1 1 1 1 1 1 1 1 1 1 1 1 1 1 1 1
 1 1 1 1 1 1 1 1 1 1 1 1 1 1 1 1 1 1 1 1 1 1 1 1 1 1]
