[ 0  1  2  3  4  5  6  7  8  9 10 11 12 13 14 15 16 17 18 19 20 21 22 23
 24 25 26 27 28 29 30 31 32 33 34 35 36 37 38 39 40 41 42 43 44 45 46 47
 48 49 50 51 52 53 54 55 56 57 58 59 60 61 62 63 64 65 66 67 68 69 70 71
 72 73 74 75 76 77 78 79 80 81 82 83 84 85 86 87 88 89 90 91 92 93 94 95
 96 97 98 99]
[45 44 34 41 -1 -1 -1 -1 58 20 76 96 65 -1 -1 -1 -1 68 -1 39 50 52 45 -1
 71 -1  3 -1 65 13 48  2 -1 -1 -1 -1 -1 70 96 91 53 -1 12 81 16 -1 -1 -1
 -1 56 -1 34  7 14 96 82 99 61 59 92 12 -1 37 50 -1 -1 82 44 -1  9  5 -1
 14  2 -1 -1 99 51 55 36 -1 -1 70 80 47 27 -1 34 -1 68  1 78 47 96 -1 86
 31 64 47 -1]
[1 1 0 0 1 0 1 1 0 1 0 1 0 0 1 1 0 0 1 1 0 1 1 0 1 1 0 0 1 0 0 0 1 1 1 1 1
 0 1 0 1 0 1 0 1 0 1 0 0 1 1 0 0 1 1 0 1 0 1 0 0 1 0 0 0 0 1 1 1 0 1 0 0 0
 1 1 0 1 0 0 1 1 0 1 0 0 1 0 1 1 0 1 1 0 0 0 0 1 0 0]
[3 1 0 0 4 0 0 1 0 0 4 0 1 3 0 0 0 0 0 4 0 4 0 3 4 0 2 3 4 0 2 2 0 3 0 0 2
 1 0 1 0 4 1 2 2 0 1 1 4 1 4 4 4 0 0 3 1 3 1 4 0 0 2 0 3 3 1 3 2 1 3 0 2 0
 4 4 3 0 2 2 2 0 0 0 4 4 1 1 2 0 3 2 0 1 3 0 0 2 2 4]
[3 1 0 0 4 0 0 1 0 0 4 0 1 3 0 0 0 0 0 4 0 4 0 3 4 0 2 3 4 0 2 2 0 3 0 0 2
 1 0 1 0 4 1 2 2 0 1 1 4 1 4 4 4 0 0 3 1 3 1 4 0 0 2 0 3 3 1 3 2 1 3 0 2 0
 4 4 3 0 2 2 2 0 0 0 4 4 1 1 2 0 3 2 0 1 3 0 0 2 2 4]
[2 1 1 1 2 8 2 9 2 5 4 9 5 8 2 3 8 7 6 4 1 5 9 8 2 6 5 1 5 2 7 3 9 9 5 6 7
 7 6 7 4 2 2 9 9 5 2 9 8 2 9 3 1 8 6 4 5 1 9 5 6 8 3 5 9 1 5 9 2 7 2 4 9 1
 5 2 8 9 2 9 7 4 6 5 2 2 3 6 9 3 9 6 1 3 3 3 4 6 1 3]
[2 1 1 1 2 8 2 9 2 5 4 9 5 8 2 3 8 7 6 4 1 5 9 8 2 6 5 1 5 2 7 3 9 9 5 6 7
 7 6 7 4 2 2 9 9 5 2 9 8 2 9 3 1 8 6 4 5 1 9 5 6 8 3 5 9 1 5 9 2 7 2 4 9 1
 5 2 8 9 2 9 7 4 6 5 2 2 3 6 9 3 9 6 1 3 3 3 4 6 1 3]
[50, 50, 48, 50, 30, 50, 47, 10, 17, 14, 50, 50, 50, 21, 38, 50, 45, 21, 50, 21, 25, 50, 47, 48, 48, 47, 34, 34, 16, 50, 30, 22, 11, 21, 10, 50, 50, 50, 50, 38, 50, 33, 17, 28, 31, 34, 50, 49, 50, 50, 50, 40, 50, 26, 15, 22, 48, 50, 42, 50, 50, 35, 50, 50, 50, 50, 50, 50, 50, 33, 50, 18, 50, 50, 47, 50, 50, 25, 48, 50, 50, 50, 17, 50, 46, 22, 50, 50, 31, 46, 10, 50, 46, 32, 50, 50, 50, 50, 34, 32]
[0 0 0 0 0 0 0 0 0 0 0 0 0 0 0 0 0 0 0 0 0 0 0 0 0 0 0 0 0 0 0 0 0 0 0 0 0
 0 0 0 0 0 0 0 0 0 0 0 0 0 0 0 0 0 0 0 0 0 0 0 0 0 0 0 0 0 0 0 0 0 0 0 0 0
 0 0 0 0 0 0 0 0 0 0 0 0 0 0 0 0 0 0 0 0 0 0 0 0 0 0]
[1 1 1 1 1 1 1 1 1 1 1 1 1 1 1 1 1 1 1 1 1 1 1 1 1 1 1 1 1 1 1 1 1 1 1 1 1
 1 1 1 1 1 1 1 1 1 1 1 1 1 1 1 1 1 1 1 1 1 1 1 1 1 1 1 1 1 1 1 1 1 1 1 1 1
 1 1 1 1 1 1 1 1 1 1 1 1 1 1 1 1 1 1 1 1 1 1 1 1 1 1]
