[ 0  1  2  3  4  5  6  7  8  9 10 11 12 13 14 15 16 17 18 19 20 21 22 23
 24 25 26 27 28 29 30 31 32 33 34 35 36 37 38 39 40 41 42 43 44 45 46 47
 48 49 50 51 52 53 54 55 56 57 58 59 60 61 62 63 64 65 66 67 68 69 70 71
 72 73 74 75 76 77 78 79 80 81 82 83 84 85 86 87 88 89 90 91 92 93 94 95
 96 97 98 99]
[64 94 -1 18 97 53 -1 -1 37 77 54 -1 -1 56 37  5 57 -1 99 -1 -1 -1 37 63
 -1 -1 82 -1  8 -1  0 -1 51 -1 45 -1 10 -1 67 -1 83 62 92 57 -1 -1 -1 -1
 -1 27 40 67 -1 -1 -1  6 -1 -1 32 34 38 36 14 37  1 79 16 99 -1 62 56 53
 78 36 -1 43 72 -1 21 49 91 38 45 78 -1 -1 -1 95 34 10 59 67 -1 84 57 -1
 52 48 -1 44]
[1 0 1 0 0 0 1 1 0 1 0 1 1 1 1 1 0 1 0 0 1 1 1 0 0 1 0 0 0 0 0 0 0 1 1 0 1
 0 0 1 1 1 1 1 1 1 1 1 1 1 0 0 0 1 0 1 1 0 1 0 0 0 1 0 1 0 1 1 1 0 1 0 0 1
 1 1 1 1 1 1 1 1 1 0 0 0 0 0 0 1 0 1 1 0 0 1 1 0 1 1]
[0 2 0 0 3 0 4 3 2 0 0 0 0 0 0 2 4 1 0 4 4 0 0 2 4 0 4 0 4 3 1 2 0 0 0 0 0
 1 0 1 3 1 4 1 3 1 0 4 0 0 0 0 4 4 1 0 0 1 0 4 1 2 0 2 0 2 0 0 2 3 1 1 2 1
 1 0 0 0 0 0 0 1 0 1 1 2 0 3 3 4 0 0 3 3 0 0 0 0 0 2]
[0 2 0 0 3 0 4 3 2 0 0 0 0 0 0 2 4 1 0 4 4 0 0 2 4 0 4 0 4 3 1 2 0 0 0 0 0
 1 0 1 3 1 4 1 3 1 0 4 0 0 0 0 4 4 1 0 0 1 0 4 1 2 0 2 0 2 0 0 2 3 1 1 2 1
 1 0 0 0 0 0 0 1 0 1 1 2 0 3 3 4 0 0 3 3 0 0 0 0 0 2]
[6 7 3 1 5 1 2 6 3 2 8 1 5 5 4 4 4 5 5 2 7 2 4 2 8 6 9 7 2 5 7 7 7 6 5 6 7
 4 6 4 1 4 5 2 9 8 7 5 1 4 4 6 7 8 5 7 3 6 5 2 3 1 6 5 4 6 4 2 4 8 1 4 6 4
 6 3 8 6 5 9 6 3 2 1 6 7 6 5 7 9 7 7 4 2 1 6 7 9 5 7]
[6 7 3 1 5 1 2 6 3 2 8 1 5 5 4 4 4 5 5 2 7 2 4 2 8 6 9 7 2 5 7 7 7 6 5 6 7
 4 6 4 1 4 5 2 9 8 7 5 1 4 4 6 7 8 5 7 3 6 5 2 3 1 6 5 4 6 4 2 4 8 1 4 6 4
 6 3 8 6 5 9 6 3 2 1 6 7 6 5 7 9 7 7 4 2 1 6 7 9 5 7]
[44, 10, 29, 50, 12, 19, 50, 50, 28, 50, 50, 50, 11, 13, 50, 43, 50, 22, 50, 50, 50, 50, 10, 34, 50, 50, 24, 50, 50, 45, 42, 50, 50, 15, 50, 50, 47, 30, 50, 30, 50, 50, 27, 10, 50, 10, 50, 22, 50, 50, 50, 28, 50, 50, 50, 22, 50, 49, 47, 50, 23, 43, 15, 50, 23, 31, 32, 50, 50, 50, 13, 50, 42, 50, 41, 50, 38, 50, 50, 50, 50, 25, 21, 10, 50, 50, 47, 50, 29, 50, 50, 50, 50, 25, 50, 50, 20, 50, 49, 50]
[0 0 0 0 0 0 0 0 0 0 0 0 0 0 0 0 0 0 0 0 0 0 0 0 0 0 0 0 0 0 0 0 0 0 0 0 0
 0 0 0 0 0 0 0 0 0 0 0 0 0 0 0 0 0 0 0 0 0 0 0 0 0 0 0 0 0 0 0 0 0 0 0 0 0
 0 0 0 0 0 0 0 0 0 0 0 0 0 0 0 0 0 0 0 0 0 0 0 0 0 0]
[1 1 1 1 1 1 1 1 1 1 1 1 1 1 1 1 1 1 1 1 1 1 1 1 1 1 1 1 1 1 1 1 1 1 1 1 1
 1 1 1 1 1 1 1 1 1 1 1 1 1 1 1 1 1 1 1 1 1 1 1 1 1 1 1 1 1 1 1 1 1 1 1 1 1
 1 1 1 1 1 1 1 1 1 1 1 1 1 1 1 1 1 1 1 1 1 1 1 1 1 1]
