[ 0  1  2  3  4  5  6  7  8  9 10 11 12 13 14 15 16 17 18 19 20 21 22 23
 24 25 26 27 28 29 30 31 32 33 34 35 36 37 38 39 40 41 42 43 44 45 46 47
 48 49 50 51 52 53 54 55 56 57 58 59 60 61 62 63 64 65 66 67 68 69 70 71
 72 73 74 75 76 77 78 79 80 81 82 83 84 85 86 87 88 89 90 91 92 93 94 95
 96 97 98 99]
[57 19 -1 -1  2 39 -1 25 78 18  4 42 59 95  2  5 75 77 -1 88 67 -1 98 52
 59 11 51 70 43 63 -1 -1 78 19 69 -1 12 96 84 59 93 56 -1 89 57  4 -1 -1
 38 50 13 -1 -1 -1 62 92 11 58 39 22 17 84 43 41 67 -1 24 -1  0 -1 -1 10
 95 33 37 50 33 27 55 45 28 -1 62 65 -1 -1 -1 64 -1 40 -1 18 -1 -1 24 -1
 17 -1  8 58]
[0 1 1 1 1 1 0 0 1 0 0 1 0 0 0 0 0 0 0 0 1 1 1 0 0 1 1 0 0 1 0 1 0 0 0 0 1
 1 0 1 1 0 0 1 0 1 1 0 0 1 0 0 0 1 1 0 1 0 0 0 0 1 0 0 1 0 0 0 1 1 0 1 1 0
 1 1 1 0 1 1 1 0 0 0 0 0 1 0 1 0 0 1 1 0 1 1 0 0 0 0]
[0 1 1 0 0 0 3 3 0 1 3 2 0 2 4 1 0 4 0 0 0 4 3 0 3 4 4 0 2 0 0 1 2 2 0 1 0
 2 2 3 4 4 0 3 3 0 0 1 0 4 1 4 0 2 4 0 2 0 0 3 1 0 0 2 4 0 0 1 4 4 0 4 0 4
 4 0 0 1 0 0 0 0 0 2 4 0 2 0 0 0 0 0 3 0 0 0 3 0 0 4]
[0 1 1 0 0 0 3 3 0 1 3 2 0 2 4 1 0 4 0 0 0 4 3 0 3 4 4 0 2 0 0 1 2 2 0 1 0
 2 2 3 4 4 0 3 3 0 0 1 0 4 1 4 0 2 4 0 2 0 0 3 1 0 0 2 4 0 0 1 4 4 0 4 0 4
 4 0 0 1 0 0 0 0 0 2 4 0 2 0 0 0 0 0 3 0 0 0 3 0 0 4]
[8 9 3 5 3 6 1 3 3 3 5 9 3 3 3 3 9 2 4 5 9 7 2 3 9 5 5 2 3 8 4 5 6 9 6 8 9
 4 5 8 5 4 9 5 4 6 8 2 6 3 9 9 5 7 3 2 4 9 1 9 2 3 4 4 8 2 7 2 6 5 8 9 7 7
 6 5 2 4 3 7 7 1 9 7 2 5 4 9 5 7 1 7 4 6 8 6 8 3 5 4]
[8 9 3 5 3 6 1 3 3 3 5 9 3 3 3 3 9 2 4 5 9 7 2 3 9 5 5 2 3 8 4 5 6 9 6 8 9
 4 5 8 5 4 9 5 4 6 8 2 6 3 9 9 5 7 3 2 4 9 1 9 2 3 4 4 8 2 7 2 6 5 8 9 7 7
 6 5 2 4 3 7 7 1 9 7 2 5 4 9 5 7 1 7 4 6 8 6 8 3 5 4]
[50, 37, 32, 36, 38, 29, 50, 50, 50, 50, 26, 50, 19, 16, 23, 50, 25, 50, 50, 50, 50, 14, 29, 50, 50, 23, 50, 50, 50, 37, 42, 50, 20, 33, 32, 28, 50, 50, 35, 33, 50, 50, 42, 50, 50, 50, 48, 50, 42, 48, 50, 17, 50, 12, 28, 18, 50, 37, 50, 46, 39, 50, 50, 40, 37, 49, 21, 28, 50, 50, 46, 50, 50, 40, 50, 50, 45, 13, 17, 50, 48, 50, 50, 23, 50, 16, 50, 50, 50, 24, 50, 41, 19, 50, 28, 50, 45, 21, 24, 41]
[0 0 0 0 0 0 0 0 0 0 0 0 0 0 0 0 0 0 0 0 0 0 0 0 0 0 0 0 0 0 0 0 0 0 0 0 0
 0 0 0 0 0 0 0 0 0 0 0 0 0 0 0 0 0 0 0 0 0 0 0 0 0 0 0 0 0 0 0 0 0 0 0 0 0
 0 0 0 0 0 0 0 0 0 0 0 0 0 0 0 0 0 0 0 0 0 0 0 0 0 0]
[1 1 1 1 1 1 1 1 1 1 1 1 1 1 1 1 1 1 1 1 1 1 1 1 1 1 1 1 1 1 1 1 1 1 1 1 1
 1 1 1 1 1 1 1 1 1 1 1 1 1 1 1 1 1 1 1 1 1 1 1 1 1 1 1 1 1 1 1 1 1 1 1 1 1
 1 1 1 1 1 1 1 1 1 1 1 1 1 1 1 1 1 1 1 1 1 1 1 1 1 1]
