[ 0  1  2  3  4  5  6  7  8  9 10 11 12 13 14 15 16 17 18 19 20 21 22 23
 24 25 26 27 28 29 30 31 32 33 34 35 36 37 38 39 40 41 42 43 44 45 46 47
 48 49 50 51 52 53 54 55 56 57 58 59 60 61 62 63 64 65 66 67 68 69 70 71
 72 73 74 75 76 77 78 79 80 81 82 83 84 85 86 87 88 89 90 91 92 93 94 95
 96 97 98 99]
[31 82 -1 -1 -1 98 -1 -1 -1 73 95 78 -1 -1 -1  7 47 27 93 -1 91 -1 97 -1
  8 -1 79 58 10 -1 -1 19 37 -1  3 -1 88 -1 -1 24 38 -1 28 -1 37 -1 57 -1
 64 53 -1 86 -1 -1 46 64 55 -1 -1 -1 41 -1 21 31  5 -1 34 -1 34 85 71 49
 -1 72 -1 42 77  7 72 -1 86 -1  2 23 34 -1 53 -1 84 -1 -1 30 37 -1 58 34
 12 88 -1 68]
[1 1 0 0 0 1 0 0 0 0 1 0 1 1 0 0 1 1 0 1 1 0 1 0 0 1 1 0 1 1 1 1 1 1 0 1 1
 1 0 1 1 0 1 1 1 1 1 0 0 0 1 1 1 1 1 0 0 1 1 0 0 1 1 0 1 0 0 1 0 1 0 1 0 0
 0 1 0 0 0 0 0 1 1 1 0 1 1 1 0 0 0 1 1 1 0 1 1 0 0 0]
[0 0 0 0 0 0 0 0 3 2 0 0 1 0 0 3 1 0 4 0 3 0 1 1 1 0 0 1 0 1 0 0 0 0 0 4 0
 3 0 0 4 0 4 0 1 3 4 2 0 0 3 0 0 0 0 0 2 2 3 4 2 0 0 0 2 0 2 0 3 1 0 0 0 3
 4 0 4 4 0 0 0 0 0 0 0 0 4 4 0 0 0 0 0 0 4 0 0 0 1 0]
[0 0 0 0 0 0 0 0 3 2 0 0 1 0 0 3 1 0 4 0 3 0 1 1 1 0 0 1 0 1 0 0 0 0 0 4 0
 3 0 0 4 0 4 0 1 3 4 2 0 0 3 0 0 0 0 0 2 2 3 4 2 0 0 0 2 0 2 0 3 1 0 0 0 3
 4 0 4 4 0 0 0 0 0 0 0 0 4 4 0 0 0 0 0 0 4 0 0 0 1 0]
[5 1 5 7 4 6 3 4 1 2 3 5 9 6 3 5 3 2 1 9 3 6 2 5 1 8 7 3 1 4 6 9 5 2 8 1 1
 7 7 1 8 8 3 3 2 5 7 9 3 7 7 9 3 3 6 6 2 1 4 4 6 5 9 9 6 9 1 2 1 7 5 2 5 1
 6 7 1 1 3 8 9 3 8 8 7 5 6 3 5 4 9 1 3 6 5 3 9 2 7 5]
[5 1 5 7 4 6 3 4 1 2 3 5 9 6 3 5 3 2 1 9 3 6 2 5 1 8 7 3 1 4 6 9 5 2 8 1 1
 7 7 1 8 8 3 3 2 5 7 9 3 7 7 9 3 3 6 6 2 1 4 4 6 5 9 9 6 9 1 2 1 7 5 2 5 1
 6 7 1 1 3 8 9 3 8 8 7 5 6 3 5 4 9 1 3 6 5 3 9 2 7 5]
[50, 50, 37, 50, 28, 40, 30, 50, 37, 38, 50, 50, 33, 50, 18, 18, 23, 47, 50, 26, 50, 47, 12, 50, 50, 44, 50, 33, 42, 50, 37, 50, 24, 50, 20, 50, 50, 36, 46, 50, 39, 50, 50, 26, 15, 50, 50, 14, 50, 50, 50, 23, 17, 43, 42, 24, 40, 48, 50, 50, 43, 50, 46, 50, 16, 35, 19, 50, 33, 50, 50, 50, 50, 50, 50, 40, 14, 20, 50, 30, 48, 27, 18, 50, 38, 21, 43, 37, 50, 50, 15, 50, 50, 40, 47, 50, 50, 24, 50, 49]
[0 0 0 0 0 0 0 0 0 0 0 0 0 0 0 0 0 0 0 0 0 0 0 0 0 0 0 0 0 0 0 0 0 0 0 0 0
 0 0 0 0 0 0 0 0 0 0 0 0 0 0 0 0 0 0 0 0 0 0 0 0 0 0 0 0 0 0 0 0 0 0 0 0 0
 0 0 0 0 0 0 0 0 0 0 0 0 0 0 0 0 0 0 0 0 0 0 0 0 0 0]
[1 1 1 1 1 1 1 1 1 1 1 1 1 1 1 1 1 1 1 1 1 1 1 1 1 1 1 1 1 1 1 1 1 1 1 1 1
 1 1 1 1 1 1 1 1 1 1 1 1 1 1 1 1 1 1 1 1 1 1 1 1 1 1 1 1 1 1 1 1 1 1 1 1 1
 1 1 1 1 1 1 1 1 1 1 1 1 1 1 1 1 1 1 1 1 1 1 1 1 1 1]
