[ 0  1  2  3  4  5  6  7  8  9 10 11 12 13 14 15 16 17 18 19 20 21 22 23
 24 25 26 27 28 29 30 31 32 33 34 35 36 37 38 39 40 41 42 43 44 45 46 47
 48 49 50 51 52 53 54 55 56 57 58 59 60 61 62 63 64 65 66 67 68 69 70 71
 72 73 74 75 76 77 78 79 80 81 82 83 84 85 86 87 88 89 90 91 92 93 94 95
 96 97 98 99]
[41 36 38 26 26 -1 61 -1 49 66 -1 -1 76 -1 -1 82 -1 60 59 -1 98 37 -1 63
 -1 -1 21 -1 70  4 -1 -1 40 60 -1 -1 -1 -1 90 -1 -1 -1 29 21 16 38 71 12
 45 52 42 -1 57 -1 19 -1 28 94 31 -1  0 -1 72 78 58 -1 91 83 46 75 97 74
 73 75 -1 45 -1 -1 -1 81 52 22 -1 18 72 71 70 47 81 -1  4 70 86 14 20 87
 49 46 78 -1]
[0 0 0 1 0 1 0 1 0 1 1 0 0 0 0 1 1 0 1 1 1 0 1 1 1 1 0 0 0 1 0 1 0 0 1 1 0
 0 0 0 1 1 1 0 0 0 0 0 1 0 1 0 1 0 0 1 0 1 0 1 0 1 0 0 0 0 1 1 0 0 1 1 0 1
 1 1 0 0 0 1 0 1 1 0 0 1 0 0 1 0 1 0 1 0 1 0 1 1 1 0]
[0 0 4 1 0 4 0 0 4 1 0 0 1 0 0 0 2 0 0 0 0 3 1 2 1 1 4 3 0 0 2 0 3 0 0 2 3
 0 2 0 2 1 0 2 3 4 0 0 4 1 0 1 1 3 3 2 4 4 0 0 4 0 0 0 0 1 3 1 0 3 4 2 4 0
 4 0 0 1 0 4 4 0 4 0 4 0 0 0 0 0 3 0 1 1 2 0 2 0 0 4]
[0 0 4 1 0 4 0 0 4 1 0 0 1 0 0 0 2 0 0 0 0 3 1 2 1 1 4 3 0 0 2 0 3 0 0 2 3
 0 2 0 2 1 0 2 3 4 0 0 4 1 0 1 1 3 3 2 4 4 0 0 4 0 0 0 0 1 3 1 0 3 4 2 4 0
 4 0 0 1 0 4 4 0 4 0 4 0 0 0 0 0 3 0 1 1 2 0 2 0 0 4]
[2 1 4 4 8 9 8 5 9 3 6 3 7 2 2 9 2 2 2 7 2 7 5 5 6 2 3 1 4 7 2 1 2 6 4 1 5
 6 3 7 2 8 9 4 3 4 3 3 9 9 2 9 8 2 9 1 3 7 5 4 1 9 9 4 4 8 1 8 6 6 5 6 1 4
 1 3 4 7 9 5 3 8 9 2 9 8 7 7 5 4 4 4 9 2 4 1 1 3 3 3]
[2 1 4 4 8 9 8 5 9 3 6 3 7 2 2 9 2 2 2 7 2 7 5 5 6 2 3 1 4 7 2 1 2 6 4 1 5
 6 3 7 2 8 9 4 3 4 3 3 9 9 2 9 8 2 9 1 3 7 5 4 1 9 9 4 4 8 1 8 6 6 5 6 1 4
 1 3 4 7 9 5 3 8 9 2 9 8 7 7 5 4 4 4 9 2 4 1 1 3 3 3]
[50, 50, 14, 50, 30, 50, 20, 50, 45, 26, 50, 19, 14, 36, 50, 40, 45, 50, 50, 43, 42, 50, 50, 50, 50, 33, 34, 50, 41, 33, 50, 32, 46, 50, 16, 10, 50, 50, 28, 33, 27, 47, 22, 50, 50, 50, 49, 15, 50, 27, 49, 50, 48, 20, 18, 16, 39, 50, 50, 50, 28, 46, 12, 36, 43, 50, 50, 50, 37, 31, 50, 50, 33, 50, 50, 50, 10, 50, 50, 37, 50, 50, 50, 50, 43, 50, 23, 20, 50, 50, 50, 50, 32, 23, 43, 27, 19, 50, 50, 50]
[0 0 0 0 0 0 0 0 0 0 0 0 0 0 0 0 0 0 0 0 0 0 0 0 0 0 0 0 0 0 0 0 0 0 0 0 0
 0 0 0 0 0 0 0 0 0 0 0 0 0 0 0 0 0 0 0 0 0 0 0 0 0 0 0 0 0 0 0 0 0 0 0 0 0
 0 0 0 0 0 0 0 0 0 0 0 0 0 0 0 0 0 0 0 0 0 0 0 0 0 0]
[1 1 1 1 1 1 1 1 1 1 1 1 1 1 1 1 1 1 1 1 1 1 1 1 1 1 1 1 1 1 1 1 1 1 1 1 1
 1 1 1 1 1 1 1 1 1 1 1 1 1 1 1 1 1 1 1 1 1 1 1 1 1 1 1 1 1 1 1 1 1 1 1 1 1
 1 1 1 1 1 1 1 1 1 1 1 1 1 1 1 1 1 1 1 1 1 1 1 1 1 1]
