[ 0  1  2  3  4  5  6  7  8  9 10 11 12 13 14 15 16 17 18 19 20 21 22 23
 24 25 26 27 28 29 30 31 32 33 34 35 36 37 38 39 40 41 42 43 44 45 46 47
 48 49 50 51 52 53 54 55 56 57 58 59 60 61 62 63 64 65 66 67 68 69 70 71
 72 73 74 75 76 77 78 79 80 81 82 83 84 85 86 87 88 89 90 91 92 93 94 95
 96 97 98 99]
[51 84  5 12 -1 -1 96  6 -1 -1 86 69 16 64 83 -1 88 65 -1 95 64 43 69 -1
 70 -1 33 72  7 -1  3 64 24 -1 -1 25 48 88 53 94 -1 -1 83 89 -1 24 58 30
 -1 -1 -1 -1 99 62 16 23  1 15  4 79 71 -1 -1 66 -1 20 78 21 -1 85 49 25
 73 26  2 48 41 -1 38 -1 18 46 -1 -1 21 97 77 36 -1 90 64 17 41 -1 90 12
 41 18 60 -1]
[1 1 0 0 1 0 1 1 0 1 1 0 0 0 1 0 0 0 1 1 1 0 0 0 0 0 1 1 0 1 1 1 1 1 0 0 0
 1 1 0 1 0 0 1 1 1 0 1 1 0 1 0 1 0 0 1 1 0 1 0 1 1 0 0 1 0 0 1 1 1 0 0 0 1
 1 0 1 0 1 0 0 1 1 0 0 1 0 1 0 0 0 0 0 1 0 1 1 1 0 1]
[3 0 0 3 1 1 0 3 2 4 0 0 4 0 2 1 0 0 0 0 0 0 2 0 0 0 0 0 3 4 0 4 4 0 3 0 4
 2 4 0 0 1 0 1 0 0 0 0 0 0 0 4 1 0 0 0 3 0 0 0 0 1 1 1 4 2 0 3 0 0 1 0 0 0
 4 1 3 0 1 1 0 2 2 2 0 2 0 2 2 0 3 0 0 0 4 1 0 3 0 1]
[3 0 0 3 1 1 0 3 2 4 0 0 4 0 2 1 0 0 0 0 0 0 2 0 0 0 0 0 3 4 0 4 4 0 3 0 4
 2 4 0 0 1 0 1 0 0 0 0 0 0 0 4 1 0 0 0 3 0 0 0 0 1 1 1 4 2 0 3 0 0 1 0 0 0
 4 1 3 0 1 1 0 2 2 2 0 2 0 2 2 0 3 0 0 0 4 1 0 3 0 1]
[7 7 9 3 6 9 7 8 6 9 6 3 2 3 7 3 6 5 4 1 1 7 1 9 4 4 6 9 9 6 6 9 2 8 2 6 3
 5 9 3 7 7 1 7 1 6 2 6 3 6 1 2 9 4 7 8 3 9 3 8 2 6 2 1 4 8 6 9 9 5 5 8 4 1
 6 6 9 7 3 2 3 2 7 4 3 3 1 4 6 9 6 6 3 4 8 1 8 6 2 4]
[7 7 9 3 6 9 7 8 6 9 6 3 2 3 7 3 6 5 4 1 1 7 1 9 4 4 6 9 9 6 6 9 2 8 2 6 3
 5 9 3 7 7 1 7 1 6 2 6 3 6 1 2 9 4 7 8 3 9 3 8 2 6 2 1 4 8 6 9 9 5 5 8 4 1
 6 6 9 7 3 2 3 2 7 4 3 3 1 4 6 9 6 6 3 4 8 1 8 6 2 4]
[17, 50, 17, 50, 27, 48, 18, 50, 50, 32, 43, 34, 44, 50, 50, 50, 50, 14, 50, 50, 12, 50, 49, 50, 50, 24, 50, 27, 18, 50, 50, 35, 50, 41, 50, 50, 50, 50, 18, 19, 23, 46, 18, 23, 50, 24, 50, 50, 50, 26, 50, 50, 44, 50, 41, 50, 50, 50, 50, 50, 14, 15, 43, 18, 50, 50, 11, 50, 38, 50, 50, 50, 32, 50, 50, 20, 50, 50, 16, 50, 50, 47, 50, 50, 26, 50, 50, 50, 45, 44, 50, 35, 11, 25, 45, 50, 16, 37, 50, 30]
[0 0 0 0 0 0 0 0 0 0 0 0 0 0 0 0 0 0 0 0 0 0 0 0 0 0 0 0 0 0 0 0 0 0 0 0 0
 0 0 0 0 0 0 0 0 0 0 0 0 0 0 0 0 0 0 0 0 0 0 0 0 0 0 0 0 0 0 0 0 0 0 0 0 0
 0 0 0 0 0 0 0 0 0 0 0 0 0 0 0 0 0 0 0 0 0 0 0 0 0 0]
[1 1 1 1 1 1 1 1 1 1 1 1 1 1 1 1 1 1 1 1 1 1 1 1 1 1 1 1 1 1 1 1 1 1 1 1 1
 1 1 1 1 1 1 1 1 1 1 1 1 1 1 1 1 1 1 1 1 1 1 1 1 1 1 1 1 1 1 1 1 1 1 1 1 1
 1 1 1 1 1 1 1 1 1 1 1 1 1 1 1 1 1 1 1 1 1 1 1 1 1 1]
