[ 0  1  2  3  4  5  6  7  8  9 10 11 12 13 14 15 16 17 18 19 20 21 22 23
 24 25 26 27 28 29 30 31 32 33 34 35 36 37 38 39 40 41 42 43 44 45 46 47
 48 49 50 51 52 53 54 55 56 57 58 59 60 61 62 63 64 65 66 67 68 69 70 71
 72 73 74 75 76 77 78 79 80 81 82 83 84 85 86 87 88 89 90 91 92 93 94 95
 96 97 98 99]
[-1 -1 -1 -1 20 89 70 45 91 56 -1 -1 54 21  2 10 78 55 -1 82 25 -1 24 -1
 -1 58 25 22 59 81 -1 23 -1 89 37 -1 -1 -1 87  7 -1 -1 48 -1 19 55 81 26
 -1 32 93 80 89 31 71 -1  1 -1 38 92 14 40 91 32 19 -1 53 91  9 48 85 76
 84 39 95 83 -1 51 90 45 93 12 18 44 -1 73 14 -1 10 93 11 60 34 -1 42 53
  7 34 79  6]
[1 1 0 1 0 1 1 0 1 1 1 0 1 0 1 0 0 1 1 1 1 1 1 1 0 1 0 0 0 1 1 1 1 1 1 1 1
 1 1 1 0 0 1 0 1 0 0 1 0 0 1 1 0 0 0 0 0 1 1 1 1 0 0 1 1 0 1 1 1 1 1 0 1 0
 0 1 1 1 0 0 0 0 1 1 0 1 0 0 1 1 0 1 1 0 1 1 1 0 1 1]
[0 0 0 0 1 1 3 0 2 4 0 0 1 3 2 0 0 2 0 0 0 0 0 0 0 1 0 0 4 4 2 1 0 4 2 3 3
 0 2 0 3 1 0 0 4 0 0 0 0 2 3 4 3 0 0 0 4 3 4 0 1 0 3 0 4 0 0 0 3 2 3 1 1 0
 0 3 0 3 0 4 4 3 0 3 0 0 2 0 0 0 0 4 3 0 0 3 0 3 1 2]
[0 0 0 0 1 1 3 0 2 4 0 0 1 3 2 0 0 2 0 0 0 0 0 0 0 1 0 0 4 4 2 1 0 4 2 3 3
 0 2 0 3 1 0 0 4 0 0 0 0 2 3 4 3 0 0 0 4 3 4 0 1 0 3 0 4 0 0 0 3 2 3 1 1 0
 0 3 0 3 0 4 4 3 0 3 0 0 2 0 0 0 0 4 3 0 0 3 0 3 1 2]
[7 3 4 9 8 1 1 7 9 3 5 4 7 8 9 9 7 3 9 5 9 6 7 7 2 4 2 8 9 9 1 8 5 1 2 6 7
 2 1 3 9 7 6 1 9 7 9 1 6 5 8 3 2 2 3 8 8 6 3 3 7 4 8 5 4 2 9 6 2 6 2 8 4 3
 5 7 3 8 2 1 5 6 7 9 6 3 1 7 6 7 8 5 2 4 3 9 5 1 5 2]
[7 3 4 9 8 1 1 7 9 3 5 4 7 8 9 9 7 3 9 5 9 6 7 7 2 4 2 8 9 9 1 8 5 1 2 6 7
 2 1 3 9 7 6 1 9 7 9 1 6 5 8 3 2 2 3 8 8 6 3 3 7 4 8 5 4 2 9 6 2 6 2 8 4 3
 5 7 3 8 2 1 5 6 7 9 6 3 1 7 6 7 8 5 2 4 3 9 5 1 5 2]
[47, 50, 43, 50, 50, 50, 46, 38, 50, 22, 40, 50, 50, 17, 50, 50, 16, 50, 50, 50, 50, 33, 23, 38, 50, 40, 50, 34, 14, 50, 30, 37, 50, 50, 50, 50, 32, 47, 45, 50, 50, 50, 28, 25, 16, 50, 18, 50, 34, 16, 19, 17, 47, 29, 26, 50, 50, 50, 50, 32, 23, 27, 50, 48, 18, 50, 50, 50, 50, 50, 50, 50, 37, 50, 18, 50, 50, 36, 36, 23, 50, 27, 41, 50, 50, 10, 50, 50, 11, 50, 50, 34, 40, 50, 50, 50, 14, 14, 44, 50]
[0 0 0 0 0 0 0 0 0 0 0 0 0 0 0 0 0 0 0 0 0 0 0 0 0 0 0 0 0 0 0 0 0 0 0 0 0
 0 0 0 0 0 0 0 0 0 0 0 0 0 0 0 0 0 0 0 0 0 0 0 0 0 0 0 0 0 0 0 0 0 0 0 0 0
 0 0 0 0 0 0 0 0 0 0 0 0 0 0 0 0 0 0 0 0 0 0 0 0 0 0]
[1 1 1 1 1 1 1 1 1 1 1 1 1 1 1 1 1 1 1 1 1 1 1 1 1 1 1 1 1 1 1 1 1 1 1 1 1
 1 1 1 1 1 1 1 1 1 1 1 1 1 1 1 1 1 1 1 1 1 1 1 1 1 1 1 1 1 1 1 1 1 1 1 1 1
 1 1 1 1 1 1 1 1 1 1 1 1 1 1 1 1 1 1 1 1 1 1 1 1 1 1]
