[ 0  1  2  3  4  5  6  7  8  9 10 11 12 13 14 15 16 17 18 19 20 21 22 23
 24 25 26 27 28 29 30 31 32 33 34 35 36 37 38 39 40 41 42 43 44 45 46 47
 48 49 50 51 52 53 54 55 56 57 58 59 60 61 62 63 64 65 66 67 68 69 70 71
 72 73 74 75 76 77 78 79 80 81 82 83 84 85 86 87 88 89 90 91 92 93 94 95
 96 97 98 99]
[39 86 78 85  0 23 77 53 71 -1 -1 40 72 20 10 -1 30 76 88 61 18 -1 85 16
 85 24 87 29 59 21 74 66  4 18 20 24 88 -1 76 71 -1 -1 -1 70 17 66 65 16
 -1 -1 -1 14 40 -1  6 -1 -1 82 -1 -1 -1 31 21 -1  5 -1 47 10 29 59 10 49
 88 24 22 -1 21 78 86 -1 63 -1 -1 -1 -1 51 24 10 -1 -1 13 -1 -1 31 50 29
 -1 -1 -1 34]
[0 0 0 1 0 1 1 0 1 0 1 1 0 0 1 1 1 1 0 1 0 0 0 0 1 0 1 1 0 1 0 0 0 0 0 1 1
 1 1 0 0 0 1 0 0 0 0 0 1 0 0 0 1 0 1 1 0 1 0 0 1 1 0 0 0 1 0 1 1 1 0 0 1 0
 0 1 1 1 0 1 1 1 0 1 1 1 1 1 1 0 1 0 1 1 0 0 0 1 0 0]
[4 0 3 2 3 4 0 1 4 3 4 3 0 2 0 0 4 3 3 4 0 4 0 0 3 2 3 2 0 3 4 1 2 4 0 0 0
 0 2 0 0 3 0 4 0 0 3 0 0 0 0 3 2 1 0 0 0 2 0 2 1 0 0 3 0 0 1 0 2 0 2 3 3 0
 0 0 0 0 1 3 0 0 4 0 0 0 3 1 0 0 0 0 0 0 0 4 4 0 0 1]
[4 0 3 2 3 4 0 1 4 3 4 3 0 2 0 0 4 3 3 4 0 4 0 0 3 2 3 2 0 3 4 1 2 4 0 0 0
 0 2 0 0 3 0 4 0 0 3 0 0 0 0 3 2 1 0 0 0 2 0 2 1 0 0 3 0 0 1 0 2 0 2 3 3 0
 0 0 0 0 1 3 0 0 4 0 0 0 3 1 0 0 0 0 0 0 0 4 4 0 0 1]
[6 8 1 5 5 3 4 9 3 6 7 8 5 2 5 4 2 3 7 9 7 3 3 8 1 4 2 1 8 4 5 6 9 2 3 7 8
 4 7 6 7 3 2 7 3 4 4 5 1 1 4 9 9 7 1 8 7 1 4 3 4 4 8 6 7 8 8 1 7 6 1 5 7 6
 2 4 8 5 9 5 7 8 2 6 9 1 2 8 8 9 4 8 1 5 3 3 8 9 8 6]
[6 8 1 5 5 3 4 9 3 6 7 8 5 2 5 4 2 3 7 9 7 3 3 8 1 4 2 1 8 4 5 6 9 2 3 7 8
 4 7 6 7 3 2 7 3 4 4 5 1 1 4 9 9 7 1 8 7 1 4 3 4 4 8 6 7 8 8 1 7 6 1 5 7 6
 2 4 8 5 9 5 7 8 2 6 9 1 2 8 8 9 4 8 1 5 3 3 8 9 8 6]
[50, 40, 50, 50, 50, 50, 50, 21, 50, 50, 50, 38, 50, 33, 30, 50, 50, 50, 50, 50, 17, 50, 50, 50, 18, 14, 33, 50, 50, 23, 50, 50, 50, 16, 30, 20, 27, 12, 50, 50, 50, 50, 50, 15, 50, 45, 19, 24, 50, 50, 38, 44, 30, 30, 50, 46, 50, 50, 19, 12, 37, 15, 30, 10, 50, 46, 50, 26, 21, 29, 50, 50, 50, 23, 27, 50, 50, 50, 50, 45, 50, 14, 50, 45, 50, 50, 50, 50, 50, 50, 35, 50, 31, 50, 50, 22, 50, 14, 41, 45]
[0 0 0 0 0 0 0 0 0 0 0 0 0 0 0 0 0 0 0 0 0 0 0 0 0 0 0 0 0 0 0 0 0 0 0 0 0
 0 0 0 0 0 0 0 0 0 0 0 0 0 0 0 0 0 0 0 0 0 0 0 0 0 0 0 0 0 0 0 0 0 0 0 0 0
 0 0 0 0 0 0 0 0 0 0 0 0 0 0 0 0 0 0 0 0 0 0 0 0 0 0]
[1 1 1 1 1 1 1 1 1 1 1 1 1 1 1 1 1 1 1 1 1 1 1 1 1 1 1 1 1 1 1 1 1 1 1 1 1
 1 1 1 1 1 1 1 1 1 1 1 1 1 1 1 1 1 1 1 1 1 1 1 1 1 1 1 1 1 1 1 1 1 1 1 1 1
 1 1 1 1 1 1 1 1 1 1 1 1 1 1 1 1 1 1 1 1 1 1 1 1 1 1]
