[ 0  1  2  3  4  5  6  7  8  9 10 11 12 13 14 15 16 17 18 19 20 21 22 23
 24 25 26 27 28 29 30 31 32 33 34 35 36 37 38 39 40 41 42 43 44 45 46 47
 48 49 50 51 52 53 54 55 56 57 58 59 60 61 62 63 64 65 66 67 68 69 70 71
 72 73 74 75 76 77 78 79 80 81 82 83 84 85 86 87 88 89 90 91 92 93 94 95
 96 97 98 99]
[ 4 80 -1 20 26 52 -1  5 -1 54 -1 53 40 17 -1 57 15 97 76 37 -1 85 28 29
 -1 63 -1 -1 -1 -1 -1 53 38 94 77 93 -1 78 74  4 -1 19 -1 -1 35 64  8 75
 -1  9 -1 -1 -1  1 67 41 68 35  8 -1 89 -1 32 34 -1 27 -1 -1 -1 -1 -1 75
 -1 89 41 -1 -1 30 14  7 76 69 -1 48 64 -1 -1 10  0 85 84 22 74  1 -1 56
 -1 30 -1 -1]
[0 0 0 1 0 1 0 1 0 1 1 1 0 0 0 1 0 0 0 0 0 0 1 0 0 0 0 1 0 0 0 1 0 1 1 1 0
 1 1 0 0 0 0 1 0 1 0 1 0 0 0 0 0 1 1 1 0 1 1 1 1 1 1 0 1 0 0 1 1 1 1 0 0 1
 1 1 0 0 0 1 0 0 0 0 1 0 0 0 0 1 1 0 1 0 1 1 0 1 0 1]
[2 0 3 4 0 3 1 0 2 0 0 4 0 3 0 1 0 3 0 1 1 0 1 0 0 4 1 0 4 0 3 1 0 4 0 4 3
 3 0 3 1 2 3 0 0 0 0 1 4 0 2 0 0 4 0 0 3 0 0 0 0 2 1 2 0 0 0 0 0 0 3 4 0 0
 4 4 0 0 1 0 2 0 1 4 0 2 4 4 3 1 0 2 0 3 3 4 4 1 0 3]
[2 0 3 4 0 3 1 0 2 0 0 4 0 3 0 1 0 3 0 1 1 0 1 0 0 4 1 0 4 0 3 1 0 4 0 4 3
 3 0 3 1 2 3 0 0 0 0 1 4 0 2 0 0 4 0 0 3 0 0 0 0 2 1 2 0 0 0 0 0 0 3 4 0 0
 4 4 0 0 1 0 2 0 1 4 0 2 4 4 3 1 0 2 0 3 3 4 4 1 0 3]
[1 4 1 7 8 5 2 3 2 9 3 8 7 9 8 3 1 5 6 7 1 7 4 1 4 8 1 3 5 8 7 1 6 9 5 2 1
 9 7 4 1 2 3 7 8 8 7 2 4 6 3 6 4 6 7 9 6 3 7 1 2 8 4 5 6 5 6 4 6 2 2 4 3 8
 6 7 4 4 9 6 7 2 2 2 1 5 2 2 2 3 8 8 2 4 3 1 6 7 2 6]
[1 4 1 7 8 5 2 3 2 9 3 8 7 9 8 3 1 5 6 7 1 7 4 1 4 8 1 3 5 8 7 1 6 9 5 2 1
 9 7 4 1 2 3 7 8 8 7 2 4 6 3 6 4 6 7 9 6 3 7 1 2 8 4 5 6 5 6 4 6 2 2 4 3 8
 6 7 4 4 9 6 7 2 2 2 1 5 2 2 2 3 8 8 2 4 3 1 6 7 2 6]
[50, 26, 13, 50, 50, 36, 50, 50, 50, 25, 31, 17, 50, 39, 37, 49, 19, 12, 48, 27, 47, 35, 50, 50, 15, 27, 50, 50, 50, 50, 10, 50, 50, 50, 50, 32, 26, 50, 50, 37, 14, 34, 50, 50, 16, 50, 44, 50, 27, 50, 50, 19, 41, 50, 50, 50, 30, 37, 37, 50, 50, 50, 50, 50, 50, 46, 50, 50, 31, 50, 33, 50, 37, 31, 50, 10, 33, 50, 33, 50, 33, 19, 38, 50, 20, 50, 33, 12, 41, 37, 50, 50, 50, 50, 50, 39, 35, 32, 50, 50]
[0 0 0 0 0 0 0 0 0 0 0 0 0 0 0 0 0 0 0 0 0 0 0 0 0 0 0 0 0 0 0 0 0 0 0 0 0
 0 0 0 0 0 0 0 0 0 0 0 0 0 0 0 0 0 0 0 0 0 0 0 0 0 0 0 0 0 0 0 0 0 0 0 0 0
 0 0 0 0 0 0 0 0 0 0 0 0 0 0 0 0 0 0 0 0 0 0 0 0 0 0]
[1 1 1 1 1 1 1 1 1 1 1 1 1 1 1 1 1 1 1 1 1 1 1 1 1 1 1 1 1 1 1 1 1 1 1 1 1
 1 1 1 1 1 1 1 1 1 1 1 1 1 1 1 1 1 1 1 1 1 1 1 1 1 1 1 1 1 1 1 1 1 1 1 1 1
 1 1 1 1 1 1 1 1 1 1 1 1 1 1 1 1 1 1 1 1 1 1 1 1 1 1]
