[ 0  1  2  3  4  5  6  7  8  9 10 11 12 13 14 15 16 17 18 19 20 21 22 23
 24 25 26 27 28 29 30 31 32 33 34 35 36 37 38 39 40 41 42 43 44 45 46 47
 48 49 50 51 52 53 54 55 56 57 58 59 60 61 62 63 64 65 66 67 68 69 70 71
 72 73 74 75 76 77 78 79 80 81 82 83 84 85 86 87 88 89 90 91 92 93 94 95
 96 97 98 99]
[-1 16  0 64 80 12 -1 -1 15 32 84 12 19 -1 -1 93 -1 68 87 34 -1 -1 30 -1
  7 93 -1 98 60 61 77 -1 -1 -1 13 20 -1 -1 -1 -1 81 -1 49 -1 46 39 -1 -1
 10 -1 -1  5 11 -1 93 -1 -1  3 -1 -1 78 -1 -1 47 -1 -1 -1 -1 35 55 -1  9
 -1 14 59 -1 -1 -1 -1 76 -1 -1 35 76 -1 -1 -1 30 54 93 -1 -1 22 17 32 91
 81 46 44 34]
[1 1 1 0 1 0 0 1 1 1 0 1 1 0 1 1 1 1 0 1 1 1 0 0 1 0 0 0 0 0 0 0 1 1 0 0 0
 1 0 0 0 0 0 0 0 0 0 1 0 0 1 1 1 1 1 1 1 1 0 0 1 1 1 1 1 1 0 0 0 1 0 1 1 0
 1 1 0 0 0 0 1 1 1 0 0 1 0 0 1 0 1 0 1 0 0 0 1 0 0 1]
[0 3 2 0 3 0 2 0 4 4 0 0 0 0 4 4 3 1 0 4 3 1 0 3 1 0 2 3 1 0 1 0 2 3 1 3 0
 2 0 3 0 0 0 1 4 0 0 3 1 3 0 0 0 0 0 0 0 1 3 2 1 1 0 0 4 4 4 1 0 3 0 0 3 0
 1 0 4 0 4 3 4 0 0 0 1 0 0 0 2 2 0 0 0 1 0 1 0 3 4 0]
[0 3 2 0 3 0 2 0 4 4 0 0 0 0 4 4 3 1 0 4 3 1 0 3 1 0 2 3 1 0 1 0 2 3 1 3 0
 2 0 3 0 0 0 1 4 0 0 3 1 3 0 0 0 0 0 0 0 1 3 2 1 1 0 0 4 4 4 1 0 3 0 0 3 0
 1 0 4 0 4 3 4 0 0 0 1 0 0 0 2 2 0 0 0 1 0 1 0 3 4 0]
[6 4 2 9 4 6 6 9 7 7 8 3 5 4 3 4 8 5 2 7 4 9 3 7 2 7 6 6 5 8 5 4 9 5 1 5 4
 3 3 5 9 5 6 6 6 7 2 8 6 6 4 1 5 8 9 4 4 6 7 3 2 9 7 3 1 9 9 8 6 2 5 6 6 7
 3 1 2 4 4 4 7 4 9 6 9 2 9 1 4 9 1 2 4 2 6 7 5 1 7 4]
[6 4 2 9 4 6 6 9 7 7 8 3 5 4 3 4 8 5 2 7 4 9 3 7 2 7 6 6 5 8 5 4 9 5 1 5 4
 3 3 5 9 5 6 6 6 7 2 8 6 6 4 1 5 8 9 4 4 6 7 3 2 9 7 3 1 9 9 8 6 2 5 6 6 7
 3 1 2 4 4 4 7 4 9 6 9 2 9 1 4 9 1 2 4 2 6 7 5 1 7 4]
[35, 13, 50, 50, 50, 16, 12, 47, 50, 43, 35, 32, 50, 50, 50, 26, 25, 50, 50, 50, 50, 13, 28, 30, 26, 50, 20, 50, 50, 50, 50, 28, 50, 50, 50, 50, 23, 33, 39, 50, 14, 50, 17, 38, 50, 50, 38, 15, 50, 50, 50, 50, 50, 11, 24, 50, 50, 45, 50, 50, 38, 50, 26, 25, 50, 50, 50, 18, 50, 50, 50, 50, 50, 46, 50, 50, 44, 50, 50, 50, 16, 50, 16, 30, 50, 22, 50, 14, 50, 50, 50, 36, 37, 32, 50, 50, 50, 11, 16, 47]
[0 0 0 0 0 0 0 0 0 0 0 0 0 0 0 0 0 0 0 0 0 0 0 0 0 0 0 0 0 0 0 0 0 0 0 0 0
 0 0 0 0 0 0 0 0 0 0 0 0 0 0 0 0 0 0 0 0 0 0 0 0 0 0 0 0 0 0 0 0 0 0 0 0 0
 0 0 0 0 0 0 0 0 0 0 0 0 0 0 0 0 0 0 0 0 0 0 0 0 0 0]
[1 1 1 1 1 1 1 1 1 1 1 1 1 1 1 1 1 1 1 1 1 1 1 1 1 1 1 1 1 1 1 1 1 1 1 1 1
 1 1 1 1 1 1 1 1 1 1 1 1 1 1 1 1 1 1 1 1 1 1 1 1 1 1 1 1 1 1 1 1 1 1 1 1 1
 1 1 1 1 1 1 1 1 1 1 1 1 1 1 1 1 1 1 1 1 1 1 1 1 1 1]
