[ 0  1  2  3  4  5  6  7  8  9 10 11 12 13 14 15 16 17 18 19 20 21 22 23
 24 25 26 27 28 29 30 31 32 33 34 35 36 37 38 39 40 41 42 43 44 45 46 47
 48 49 50 51 52 53 54 55 56 57 58 59 60 61 62 63 64 65 66 67 68 69 70 71
 72 73 74 75 76 77 78 79 80 81 82 83 84 85 86 87 88 89 90 91 92 93 94 95
 96 97 98 99]
[77 -1 77 -1 31 89 53 -1 -1 -1 67 39 86 40 78 26 64 -1 -1 -1 -1 69 -1 52
 -1 -1 23 17 -1 22 56 -1  9 87 62 25 -1 53 67 -1 -1 -1 -1 67 18 -1 40 35
  6 -1 -1 -1 -1 25 -1 30 82 -1 17 32 78 76 -1 21 84 -1 59 77 32 -1 -1 68
 35 64 93 13 40 75 -1 83 -1  3 68 73 -1 -1 69 -1 -1 -1  7 71 96 13 15 26
 -1 61 48 -1]
[1 1 1 0 0 0 1 0 0 1 0 1 1 1 1 1 1 1 1 1 1 0 1 1 0 1 0 0 1 1 0 0 1 1 0 1 1
 1 1 1 1 0 1 0 1 0 0 0 0 0 1 1 1 0 1 0 1 1 0 0 0 0 0 1 1 1 0 1 0 0 0 0 1 0
 1 0 1 1 1 1 0 1 0 0 0 1 0 0 0 0 1 1 1 0 0 1 1 0 0 1]
[0 0 0 3 3 0 3 0 2 0 1 0 0 0 3 3 3 2 0 3 0 0 2 0 3 4 4 0 2 2 3 0 4 0 4 0 0
 0 2 4 2 0 0 3 0 0 0 1 0 0 0 0 0 2 1 1 0 3 0 3 4 3 3 1 0 0 0 0 0 0 0 0 3 3
 1 2 1 4 0 4 3 0 0 0 0 2 2 4 0 0 0 0 2 1 1 4 2 4 1 0]
[0 0 0 3 3 0 3 0 2 0 1 0 0 0 3 3 3 2 0 3 0 0 2 0 3 4 4 0 2 2 3 0 4 0 4 0 0
 0 2 4 2 0 0 3 0 0 0 1 0 0 0 0 0 2 1 1 0 3 0 3 4 3 3 1 0 0 0 0 0 0 0 0 3 3
 1 2 1 4 0 4 3 0 0 0 0 2 2 4 0 0 0 0 2 1 1 4 2 4 1 0]
[3 7 2 4 5 2 8 7 2 9 1 6 9 5 9 2 8 3 4 9 5 4 5 1 5 5 3 8 6 5 8 2 4 1 4 3 5
 1 5 3 4 1 8 6 4 9 8 7 8 1 5 4 6 1 3 1 4 1 3 4 6 6 9 5 2 5 6 9 8 2 8 8 5 9
 6 5 4 7 8 7 5 3 9 8 7 7 6 5 9 9 1 5 6 3 3 6 3 7 6 7]
[3 7 2 4 5 2 8 7 2 9 1 6 9 5 9 2 8 3 4 9 5 4 5 1 5 5 3 8 6 5 8 2 4 1 4 3 5
 1 5 3 4 1 8 6 4 9 8 7 8 1 5 4 6 1 3 1 4 1 3 4 6 6 9 5 2 5 6 9 8 2 8 8 5 9
 6 5 4 7 8 7 5 3 9 8 7 7 6 5 9 9 1 5 6 3 3 6 3 7 6 7]
[25, 49, 50, 50, 50, 38, 50, 45, 50, 50, 40, 42, 37, 17, 50, 20, 24, 50, 43, 33, 50, 25, 50, 45, 18, 41, 48, 50, 50, 50, 50, 17, 50, 28, 50, 50, 31, 26, 50, 18, 35, 16, 50, 50, 50, 50, 10, 50, 33, 48, 28, 27, 48, 50, 14, 50, 50, 50, 34, 50, 23, 50, 50, 35, 13, 50, 50, 50, 35, 15, 16, 50, 15, 50, 50, 21, 48, 46, 36, 50, 15, 50, 47, 41, 50, 13, 50, 50, 43, 45, 50, 50, 50, 50, 19, 50, 50, 32, 39, 50]
[0 0 0 0 0 0 0 0 0 0 0 0 0 0 0 0 0 0 0 0 0 0 0 0 0 0 0 0 0 0 0 0 0 0 0 0 0
 0 0 0 0 0 0 0 0 0 0 0 0 0 0 0 0 0 0 0 0 0 0 0 0 0 0 0 0 0 0 0 0 0 0 0 0 0
 0 0 0 0 0 0 0 0 0 0 0 0 0 0 0 0 0 0 0 0 0 0 0 0 0 0]
[1 1 1 1 1 1 1 1 1 1 1 1 1 1 1 1 1 1 1 1 1 1 1 1 1 1 1 1 1 1 1 1 1 1 1 1 1
 1 1 1 1 1 1 1 1 1 1 1 1 1 1 1 1 1 1 1 1 1 1 1 1 1 1 1 1 1 1 1 1 1 1 1 1 1
 1 1 1 1 1 1 1 1 1 1 1 1 1 1 1 1 1 1 1 1 1 1 1 1 1 1]
