[ 0  1  2  3  4  5  6  7  8  9 10 11 12 13 14 15 16 17 18 19 20 21 22 23
 24 25 26 27 28 29 30 31 32 33 34 35 36 37 38 39 40 41 42 43 44 45 46 47
 48 49 50 51 52 53 54 55 56 57 58 59 60 61 62 63 64 65 66 67 68 69 70 71
 72 73 74 75 76 77 78 79 80 81 82 83 84 85 86 87 88 89 90 91 92 93 94 95
 96 97 98 99]
[-1  4 74 53 65 68 62 -1 -1 80 44 -1  1 -1 22 32 61 88 80 -1  3 10 32  2
 41 -1 34 -1 -1 -1 67 23  7 69 -1 -1 67 57 12 12 23 -1 98 -1 -1 -1 39 -1
 56 71 -1  2 96 52 -1 -1  8 89 37 80 77 -1 23 94 28 54 87 -1 34 12 19 -1
 94 -1 34 62 -1 -1 74 74 -1 17 -1 89 81 38 -1 22 10 94 -1 42  1 -1 96 86
 49 16 34 -1]
[1 0 1 0 0 1 1 1 0 0 0 1 0 1 1 0 1 0 1 1 0 0 0 1 1 0 1 0 0 0 0 0 0 0 1 1 0
 0 0 1 1 1 1 1 0 1 0 0 0 0 1 0 0 1 1 0 1 0 1 0 0 0 0 1 0 0 0 1 1 1 0 1 1 0
 1 1 0 1 1 1 0 0 0 0 0 1 0 0 1 1 0 0 1 1 0 1 1 0 1 0]
[0 3 2 4 2 2 3 0 2 2 4 2 1 2 1 0 0 1 0 1 4 1 3 3 2 0 2 3 0 3 4 0 0 1 1 0 3
 1 0 4 4 0 2 0 0 0 4 0 0 0 0 0 0 0 1 0 0 2 1 2 0 0 0 0 0 0 3 0 0 0 3 0 4 4
 0 2 0 2 0 0 0 3 3 3 0 1 0 4 3 0 2 1 2 4 0 0 0 0 0 0]
[0 3 2 4 2 2 3 0 2 2 4 2 1 2 1 0 0 1 0 1 4 1 3 3 2 0 2 3 0 3 4 0 0 1 1 0 3
 1 0 4 4 0 2 0 0 0 4 0 0 0 0 0 0 0 1 0 0 2 1 2 0 0 0 0 0 0 3 0 0 0 3 0 4 4
 0 2 0 2 0 0 0 3 3 3 0 1 0 4 3 0 2 1 2 4 0 0 0 0 0 0]
[7 5 3 3 2 3 4 6 9 4 6 9 4 7 1 1 4 2 1 6 3 6 7 2 1 8 6 3 4 5 7 2 8 9 9 3 4
 6 1 8 4 2 6 1 8 1 1 2 8 3 8 4 5 4 7 6 7 7 3 3 2 1 7 2 1 9 4 9 7 7 5 9 5 9
 7 2 3 2 9 7 7 9 6 3 5 8 1 6 4 7 5 3 5 2 2 8 9 9 8 2]
[7 5 3 3 2 3 4 6 9 4 6 9 4 7 1 1 4 2 1 6 3 6 7 2 1 8 6 3 4 5 7 2 8 9 9 3 4
 6 1 8 4 2 6 1 8 1 1 2 8 3 8 4 5 4 7 6 7 7 3 3 2 1 7 2 1 9 4 9 7 7 5 9 5 9
 7 2 3 2 9 7 7 9 6 3 5 8 1 6 4 7 5 3 5 2 2 8 9 9 8 2]
[50, 50, 20, 26, 42, 31, 50, 19, 49, 37, 50, 50, 50, 25, 33, 30, 50, 48, 50, 50, 26, 50, 50, 50, 50, 50, 30, 50, 50, 50, 50, 50, 50, 50, 42, 50, 26, 11, 50, 19, 43, 50, 39, 15, 50, 50, 50, 50, 23, 49, 50, 35, 50, 50, 50, 50, 40, 16, 24, 23, 50, 39, 40, 17, 50, 50, 14, 50, 50, 50, 50, 47, 21, 50, 26, 50, 20, 50, 50, 50, 27, 50, 19, 50, 14, 50, 12, 25, 22, 39, 50, 36, 46, 47, 50, 50, 19, 42, 37, 20]
[0 0 0 0 0 0 0 0 0 0 0 0 0 0 0 0 0 0 0 0 0 0 0 0 0 0 0 0 0 0 0 0 0 0 0 0 0
 0 0 0 0 0 0 0 0 0 0 0 0 0 0 0 0 0 0 0 0 0 0 0 0 0 0 0 0 0 0 0 0 0 0 0 0 0
 0 0 0 0 0 0 0 0 0 0 0 0 0 0 0 0 0 0 0 0 0 0 0 0 0 0]
[1 1 1 1 1 1 1 1 1 1 1 1 1 1 1 1 1 1 1 1 1 1 1 1 1 1 1 1 1 1 1 1 1 1 1 1 1
 1 1 1 1 1 1 1 1 1 1 1 1 1 1 1 1 1 1 1 1 1 1 1 1 1 1 1 1 1 1 1 1 1 1 1 1 1
 1 1 1 1 1 1 1 1 1 1 1 1 1 1 1 1 1 1 1 1 1 1 1 1 1 1]
