[ 0  1  2  3  4  5  6  7  8  9 10 11 12 13 14 15 16 17 18 19 20 21 22 23
 24 25 26 27 28 29 30 31 32 33 34 35 36 37 38 39 40 41 42 43 44 45 46 47
 48 49 50 51 52 53 54 55 56 57 58 59 60 61 62 63 64 65 66 67 68 69 70 71
 72 73 74 75 76 77 78 79 80 81 82 83 84 85 86 87 88 89 90 91 92 93 94 95
 96 97 98 99]
[-1 -1 -1 54 33 -1 -1 -1 -1 22 -1 66 98 90 -1 28 70 48 -1 90 -1 -1  2 89
 -1 62 -1 -1 95 -1 60 70 35 -1 -1 57 -1 41  1  9 54 15 52 -1  1 80 66 -1
  9 95 -1 56 81 -1 90 70 37 -1  5 27 53 64 95 62 37  0 -1 20 95 59 73 38
  9 -1  3 -1 91 30 37 38 71 38 -1 39 83 75 15 -1 71 -1 80 89 31  5  1 -1
 43 31 88 75]
[0 1 0 1 1 0 1 0 1 0 1 0 1 0 0 1 0 1 1 1 0 0 0 0 0 0 1 0 0 0 0 1 1 0 0 0 1
 1 1 1 0 1 1 1 0 0 1 1 1 0 1 1 1 1 1 1 1 1 0 0 1 0 1 1 0 1 0 1 0 0 0 0 1 1
 0 1 0 1 1 0 0 0 1 0 0 1 0 1 0 0 1 0 0 0 0 0 1 0 0 0]
[0 3 4 0 0 0 1 3 0 1 0 4 3 0 0 0 4 1 0 3 0 1 2 0 0 1 1 0 3 0 4 0 1 0 3 2 3
 0 4 4 4 0 0 3 0 0 0 1 2 0 1 3 1 2 4 1 2 0 0 2 1 1 2 0 4 3 0 0 3 0 0 1 0 0
 3 3 4 4 1 1 2 3 0 4 0 1 1 0 1 0 0 3 0 0 4 1 3 3 2 4]
[0 3 4 0 0 0 1 3 0 1 0 4 3 0 0 0 4 1 0 3 0 1 2 0 0 1 1 0 3 0 4 0 1 0 3 2 3
 0 4 4 4 0 0 3 0 0 0 1 2 0 1 3 1 2 4 1 2 0 0 2 1 1 2 0 4 3 0 0 3 0 0 1 0 0
 3 3 4 4 1 1 2 3 0 4 0 1 1 0 1 0 0 3 0 0 4 1 3 3 2 4]
[6 2 2 4 2 3 7 2 8 9 8 5 5 8 5 7 3 8 8 2 7 5 6 3 2 6 5 8 3 7 5 4 9 6 2 9 4
 4 8 6 9 7 8 1 2 6 3 4 5 9 3 3 7 5 2 2 7 8 6 3 9 8 5 6 9 6 5 6 3 6 3 5 8 4
 5 7 2 4 3 3 2 4 3 4 1 5 8 3 5 6 8 4 8 5 3 2 6 4 9 6]
[6 2 2 4 2 3 7 2 8 9 8 5 5 8 5 7 3 8 8 2 7 5 6 3 2 6 5 8 3 7 5 4 9 6 2 9 4
 4 8 6 9 7 8 1 2 6 3 4 5 9 3 3 7 5 2 2 7 8 6 3 9 8 5 6 9 6 5 6 3 6 3 5 8 4
 5 7 2 4 3 3 2 4 3 4 1 5 8 3 5 6 8 4 8 5 3 2 6 4 9 6]
[38, 50, 50, 50, 50, 46, 50, 44, 50, 50, 50, 38, 50, 50, 13, 20, 50, 39, 37, 50, 50, 50, 11, 50, 50, 50, 50, 50, 50, 50, 18, 50, 22, 44, 13, 41, 19, 50, 11, 50, 38, 48, 15, 25, 50, 50, 50, 42, 22, 50, 43, 10, 50, 27, 50, 24, 44, 26, 50, 50, 50, 50, 50, 22, 50, 50, 50, 39, 19, 50, 36, 50, 20, 50, 50, 25, 17, 36, 31, 50, 50, 31, 50, 50, 50, 50, 44, 12, 17, 50, 50, 50, 11, 50, 48, 24, 26, 24, 50, 50]
[0 0 0 0 0 0 0 0 0 0 0 0 0 0 0 0 0 0 0 0 0 0 0 0 0 0 0 0 0 0 0 0 0 0 0 0 0
 0 0 0 0 0 0 0 0 0 0 0 0 0 0 0 0 0 0 0 0 0 0 0 0 0 0 0 0 0 0 0 0 0 0 0 0 0
 0 0 0 0 0 0 0 0 0 0 0 0 0 0 0 0 0 0 0 0 0 0 0 0 0 0]
[1 1 1 1 1 1 1 1 1 1 1 1 1 1 1 1 1 1 1 1 1 1 1 1 1 1 1 1 1 1 1 1 1 1 1 1 1
 1 1 1 1 1 1 1 1 1 1 1 1 1 1 1 1 1 1 1 1 1 1 1 1 1 1 1 1 1 1 1 1 1 1 1 1 1
 1 1 1 1 1 1 1 1 1 1 1 1 1 1 1 1 1 1 1 1 1 1 1 1 1 1]
