[ 0  1  2  3  4  5  6  7  8  9 10 11 12 13 14 15 16 17 18 19 20 21 22 23
 24 25 26 27 28 29 30 31 32 33 34 35 36 37 38 39 40 41 42 43 44 45 46 47
 48 49 50 51 52 53 54 55 56 57 58 59 60 61 62 63 64 65 66 67 68 69 70 71
 72 73 74 75 76 77 78 79 80 81 82 83 84 85 86 87 88 89 90 91 92 93 94 95
 96 97 98 99]
[-1  5 66 -1 -1 19 35 71 56 -1 46 60 95 64 -1 82 -1 71 69 12 -1 -1 58 51
 -1 -1 17 37 26 81 -1 91 -1 88 88 -1 73 10 31  4 93 83 33 81 68 42 -1  0
 -1 -1  4 98 68 49 -1 -1 -1 -1 29 31 -1 13 55 20 28 88 -1 41 -1 32 95 18
 48 -1 -1 92 -1 -1  9 -1 -1 -1 83 38  4 -1 -1 -1 64 79 -1 68 -1 49 76 -1
 37 -1 -1 -1]
[0 1 0 0 0 1 0 0 1 0 0 1 0 1 0 1 0 1 0 0 0 1 1 0 0 1 1 1 0 1 0 0 1 0 1 1 1
 1 1 1 0 0 0 1 0 1 1 0 0 0 1 0 1 1 0 0 0 1 1 0 1 0 0 0 0 0 0 0 0 0 1 1 0 1
 0 0 0 1 0 0 1 0 0 1 1 1 0 0 1 0 1 1 1 0 1 1 1 1 0 0]
[0 4 0 0 0 0 4 0 0 4 0 2 3 1 1 0 0 0 0 3 2 0 0 2 0 0 0 4 0 3 4 0 0 0 3 0 0
 0 2 4 2 3 2 3 1 0 0 4 0 0 3 3 0 0 0 2 0 4 1 4 0 0 0 2 0 0 1 4 2 4 1 3 0 2
 0 2 1 0 4 3 0 0 3 4 4 3 2 4 0 0 3 1 1 3 0 3 0 0 0 0]
[0 4 0 0 0 0 4 0 0 4 0 2 3 1 1 0 0 0 0 3 2 0 0 2 0 0 0 4 0 3 4 0 0 0 3 0 0
 0 2 4 2 3 2 3 1 0 0 4 0 0 3 3 0 0 0 2 0 4 1 4 0 0 0 2 0 0 1 4 2 4 1 3 0 2
 0 2 1 0 4 3 0 0 3 4 4 3 2 4 0 0 3 1 1 3 0 3 0 0 0 0]
[4 3 5 8 4 3 3 6 8 4 1 8 4 4 8 5 4 6 8 5 9 9 9 9 5 9 1 5 1 8 2 9 8 6 6 1 4
 2 1 5 9 9 5 7 1 6 6 3 6 6 8 7 2 4 4 8 7 1 5 2 4 8 4 4 8 2 9 8 2 1 4 9 7 2
 7 6 3 4 4 4 6 7 3 8 1 1 2 2 8 3 1 2 2 7 5 1 8 7 2 6]
[4 3 5 8 4 3 3 6 8 4 1 8 4 4 8 5 4 6 8 5 9 9 9 9 5 9 1 5 1 8 2 9 8 6 6 1 4
 2 1 5 9 9 5 7 1 6 6 3 6 6 8 7 2 4 4 8 7 1 5 2 4 8 4 4 8 2 9 8 2 1 4 9 7 2
 7 6 3 4 4 4 6 7 3 8 1 1 2 2 8 3 1 2 2 7 5 1 8 7 2 6]
[18, 50, 50, 15, 50, 50, 50, 50, 37, 38, 21, 50, 50, 50, 50, 37, 32, 50, 50, 46, 50, 13, 38, 50, 33, 50, 45, 50, 13, 50, 50, 13, 11, 50, 25, 50, 50, 50, 50, 50, 25, 50, 50, 48, 16, 17, 35, 50, 50, 25, 50, 50, 50, 50, 41, 50, 50, 35, 14, 50, 50, 24, 36, 37, 50, 50, 35, 15, 50, 50, 50, 18, 50, 37, 50, 50, 30, 50, 29, 50, 50, 50, 22, 50, 50, 50, 20, 50, 50, 50, 50, 15, 12, 47, 23, 31, 50, 50, 13, 15]
[0 0 0 0 0 0 0 0 0 0 0 0 0 0 0 0 0 0 0 0 0 0 0 0 0 0 0 0 0 0 0 0 0 0 0 0 0
 0 0 0 0 0 0 0 0 0 0 0 0 0 0 0 0 0 0 0 0 0 0 0 0 0 0 0 0 0 0 0 0 0 0 0 0 0
 0 0 0 0 0 0 0 0 0 0 0 0 0 0 0 0 0 0 0 0 0 0 0 0 0 0]
[1 1 1 1 1 1 1 1 1 1 1 1 1 1 1 1 1 1 1 1 1 1 1 1 1 1 1 1 1 1 1 1 1 1 1 1 1
 1 1 1 1 1 1 1 1 1 1 1 1 1 1 1 1 1 1 1 1 1 1 1 1 1 1 1 1 1 1 1 1 1 1 1 1 1
 1 1 1 1 1 1 1 1 1 1 1 1 1 1 1 1 1 1 1 1 1 1 1 1 1 1]
