[ 0  1  2  3  4  5  6  7  8  9 10 11 12 13 14 15 16 17 18 19 20 21 22 23
 24 25 26 27 28 29 30 31 32 33 34 35 36 37 38 39 40 41 42 43 44 45 46 47
 48 49 50 51 52 53 54 55 56 57 58 59 60 61 62 63 64 65 66 67 68 69 70 71
 72 73 74 75 76 77 78 79 80 81 82 83 84 85 86 87 88 89 90 91 92 93 94 95
 96 97 98 99]
[85 77 71 -1 -1 31 71 -1 -1 66 38 70 92 -1 93 14 20 -1 26 57 89 32 47 62
 82  7 33 60 21 79 -1 -1 33 72 -1 -1 -1 -1  9 37 39 67 94 -1 16 66 86 -1
 34 58 42 -1 -1 35 91 14 34 11 -1 17 -1 -1 64 10 59 73 -1 -1 69 35 60 -1
 -1 -1 98  9 -1 39 72 -1 -1 58 -1 -1 51 -1 66 27 93 99 -1 64 27 83 24 -1
 -1 53 -1 95]
[0 1 0 1 0 0 1 0 0 0 0 0 1 0 1 0 1 1 1 1 1 0 0 1 1 1 0 0 1 1 1 0 0 0 1 0 1
 0 1 1 0 1 0 0 0 1 1 1 1 0 0 0 1 0 0 0 0 1 1 1 0 1 1 1 0 0 0 0 1 1 1 1 1 0
 0 0 0 0 0 1 0 0 1 0 0 0 0 0 1 0 1 1 1 0 0 0 1 1 1 1]
[2 0 2 0 0 0 1 2 3 4 0 0 0 0 3 0 0 3 4 2 0 0 0 3 1 0 2 2 0 0 3 4 0 0 1 0 0
 0 3 0 4 0 1 0 1 3 4 0 0 0 1 4 2 1 0 4 2 0 0 2 1 0 0 4 3 0 0 0 4 0 0 0 0 1
 4 4 0 0 0 0 0 3 0 3 0 4 0 4 4 3 1 0 0 0 0 1 3 0 4 0]
[2 0 2 0 0 0 1 2 3 4 0 0 0 0 3 0 0 3 4 2 0 0 0 3 1 0 2 2 0 0 3 4 0 0 1 0 0
 0 3 0 4 0 1 0 1 3 4 0 0 0 1 4 2 1 0 4 2 0 0 2 1 0 0 4 3 0 0 0 4 0 0 0 0 1
 4 4 0 0 0 0 0 3 0 3 0 4 0 4 4 3 1 0 0 0 0 1 3 0 4 0]
[1 1 1 8 8 1 3 7 6 6 7 7 6 5 8 9 7 6 5 4 5 9 8 4 8 1 3 8 3 1 9 7 6 6 5 8 5
 9 9 6 5 5 7 2 2 3 9 1 1 2 5 5 4 5 3 6 2 9 3 1 5 7 3 7 2 1 1 5 6 1 2 9 7 7
 6 8 7 4 2 5 2 5 5 1 9 9 3 4 1 7 4 2 3 5 7 3 1 7 9 7]
[1 1 1 8 8 1 3 7 6 6 7 7 6 5 8 9 7 6 5 4 5 9 8 4 8 1 3 8 3 1 9 7 6 6 5 8 5
 9 9 6 5 5 7 2 2 3 9 1 1 2 5 5 4 5 3 6 2 9 3 1 5 7 3 7 2 1 1 5 6 1 2 9 7 7
 6 8 7 4 2 5 2 5 5 1 9 9 3 4 1 7 4 2 3 5 7 3 1 7 9 7]
[49, 50, 50, 50, 50, 40, 50, 50, 26, 23, 28, 33, 21, 50, 50, 11, 50, 50, 50, 21, 18, 15, 49, 50, 48, 28, 50, 50, 50, 32, 50, 24, 37, 50, 50, 46, 50, 50, 50, 13, 50, 50, 30, 47, 47, 12, 28, 19, 18, 19, 22, 50, 40, 50, 50, 50, 28, 50, 50, 50, 50, 50, 49, 43, 50, 50, 41, 50, 50, 16, 14, 50, 50, 22, 50, 18, 37, 25, 50, 50, 50, 30, 50, 50, 50, 50, 21, 42, 31, 50, 47, 50, 35, 50, 21, 25, 30, 50, 50, 31]
[0 0 0 0 0 0 0 0 0 0 0 0 0 0 0 0 0 0 0 0 0 0 0 0 0 0 0 0 0 0 0 0 0 0 0 0 0
 0 0 0 0 0 0 0 0 0 0 0 0 0 0 0 0 0 0 0 0 0 0 0 0 0 0 0 0 0 0 0 0 0 0 0 0 0
 0 0 0 0 0 0 0 0 0 0 0 0 0 0 0 0 0 0 0 0 0 0 0 0 0 0]
[1 1 1 1 1 1 1 1 1 1 1 1 1 1 1 1 1 1 1 1 1 1 1 1 1 1 1 1 1 1 1 1 1 1 1 1 1
 1 1 1 1 1 1 1 1 1 1 1 1 1 1 1 1 1 1 1 1 1 1 1 1 1 1 1 1 1 1 1 1 1 1 1 1 1
 1 1 1 1 1 1 1 1 1 1 1 1 1 1 1 1 1 1 1 1 1 1 1 1 1 1]
