[ 0  1  2  3  4  5  6  7  8  9 10 11 12 13 14 15 16 17 18 19 20 21 22 23
 24 25 26 27 28 29 30 31 32 33 34 35 36 37 38 39 40 41 42 43 44 45 46 47
 48 49 50 51 52 53 54 55 56 57 58 59 60 61 62 63 64 65 66 67 68 69 70 71
 72 73 74 75 76 77 78 79 80 81 82 83 84 85 86 87 88 89 90 91 92 93 94 95
 96 97 98 99]
[55 26 -1 -1 -1 30 -1 83 -1 -1 85 93 11 45 16 -1 -1 64 -1 -1 36 99 13 -1
 75 36 -1 76 -1 -1 -1 -1 29 16 -1 -1 -1 -1 56 -1 94 58 36 55 -1 38 94 -1
 90 12 -1 80 99 37 -1 69 95 -1 -1 13 57 -1 18 -1 40 -1 -1 83 91 -1 39 -1
  3 -1 28  2 49 62 47 44  5 54 -1 -1 -1  0 44 -1 61 80 44 -1 69 -1 56 -1
 25 55 80 38]
[1 1 0 1 1 1 1 1 0 1 0 1 0 0 1 0 1 1 0 1 1 0 1 1 0 1 0 1 0 1 0 0 0 0 0 1 1
 0 1 1 0 0 1 0 1 1 1 0 0 0 1 0 0 1 0 0 1 0 1 0 0 0 0 0 1 0 1 1 0 0 0 0 1 1
 0 0 1 0 1 0 1 1 1 1 1 1 1 0 0 1 1 1 1 0 0 0 0 0 1 0]
[4 1 4 4 1 0 3 4 3 1 1 0 4 3 0 2 0 0 0 0 3 0 0 0 0 3 3 1 0 1 1 1 4 0 4 0 0
 0 3 0 0 2 2 4 4 1 0 2 0 0 3 0 1 4 3 4 1 0 0 3 0 0 2 0 0 3 0 0 0 0 2 0 1 0
 0 0 4 0 3 4 2 0 1 4 3 3 0 4 3 0 1 0 1 4 0 0 0 0 0 0]
[4 1 4 4 1 0 3 4 3 1 1 0 4 3 0 2 0 0 0 0 3 0 0 0 0 3 3 1 0 1 1 1 4 0 4 0 0
 0 3 0 0 2 2 4 4 1 0 2 0 0 3 0 1 4 3 4 1 0 0 3 0 0 2 0 0 3 0 0 0 0 2 0 1 0
 0 0 4 0 3 4 2 0 1 4 3 3 0 4 3 0 1 0 1 4 0 0 0 0 0 0]
[7 9 2 1 9 2 3 1 7 5 3 1 3 6 3 7 5 8 2 7 7 6 5 7 5 8 9 9 9 2 3 5 3 2 4 8 3
 6 1 8 9 3 6 7 6 9 4 4 6 6 6 9 7 6 4 4 1 3 1 8 3 8 5 8 7 7 4 5 4 2 9 4 1 7
 8 2 7 1 6 6 9 7 4 5 8 8 3 9 1 7 4 1 8 2 7 5 7 9 5 2]
[7 9 2 1 9 2 3 1 7 5 3 1 3 6 3 7 5 8 2 7 7 6 5 7 5 8 9 9 9 2 3 5 3 2 4 8 3
 6 1 8 9 3 6 7 6 9 4 4 6 6 6 9 7 6 4 4 1 3 1 8 3 8 5 8 7 7 4 5 4 2 9 4 1 7
 8 2 7 1 6 6 9 7 4 5 8 8 3 9 1 7 4 1 8 2 7 5 7 9 5 2]
[38, 46, 50, 28, 26, 50, 31, 50, 43, 21, 20, 43, 34, 50, 50, 15, 50, 21, 50, 39, 50, 48, 50, 50, 39, 49, 31, 50, 40, 26, 50, 10, 28, 50, 50, 50, 50, 49, 48, 50, 50, 44, 50, 32, 50, 19, 16, 29, 48, 49, 50, 50, 50, 50, 11, 50, 50, 23, 50, 30, 27, 50, 50, 50, 24, 50, 31, 34, 50, 31, 50, 50, 16, 43, 24, 50, 50, 37, 50, 50, 13, 22, 18, 50, 18, 50, 50, 50, 50, 50, 50, 50, 27, 35, 50, 42, 50, 15, 19, 50]
[0 0 0 0 0 0 0 0 0 0 0 0 0 0 0 0 0 0 0 0 0 0 0 0 0 0 0 0 0 0 0 0 0 0 0 0 0
 0 0 0 0 0 0 0 0 0 0 0 0 0 0 0 0 0 0 0 0 0 0 0 0 0 0 0 0 0 0 0 0 0 0 0 0 0
 0 0 0 0 0 0 0 0 0 0 0 0 0 0 0 0 0 0 0 0 0 0 0 0 0 0]
[1 1 1 1 1 1 1 1 1 1 1 1 1 1 1 1 1 1 1 1 1 1 1 1 1 1 1 1 1 1 1 1 1 1 1 1 1
 1 1 1 1 1 1 1 1 1 1 1 1 1 1 1 1 1 1 1 1 1 1 1 1 1 1 1 1 1 1 1 1 1 1 1 1 1
 1 1 1 1 1 1 1 1 1 1 1 1 1 1 1 1 1 1 1 1 1 1 1 1 1 1]
