[ 0  1  2  3  4  5  6  7  8  9 10 11 12 13 14 15 16 17 18 19 20 21 22 23
 24 25 26 27 28 29 30 31 32 33 34 35 36 37 38 39 40 41 42 43 44 45 46 47
 48 49 50 51 52 53 54 55 56 57 58 59 60 61 62 63 64 65 66 67 68 69 70 71
 72 73 74 75 76 77 78 79 80 81 82 83 84 85 86 87 88 89 90 91 92 93 94 95
 96 97 98 99]
[-1 59 -1 85 49 72 -1 91 -1 15 -1 26 86 32 92 -1 -1 -1 50 -1 87 -1 68 -1
 30 -1 82 -1 59 -1 16 57 58 -1 29 45 -1 52 65 81 -1 24 -1 -1 -1 -1 43 -1
 31 -1 73 -1 38 -1 78 -1 23 76 12 -1 61 41 65 -1 38 48  3 24  3 41 23 -1
 -1 -1 84 -1  6 14 86 28 -1 -1 -1 49 -1 78 99 45 58 71 -1 43 16 72 97  0
  9 84 -1 73]
[1 0 1 1 1 1 1 1 1 1 0 0 1 1 0 1 0 1 0 0 1 0 1 0 1 0 1 0 1 1 0 0 0 1 0 0 0
 1 1 1 1 1 0 0 1 0 0 0 1 1 1 1 0 0 0 1 1 0 0 0 0 1 1 1 1 0 1 1 0 0 0 0 0 1
 0 1 0 0 0 0 0 0 1 1 1 0 1 0 0 0 1 1 1 1 0 1 0 1 0 0]
[0 1 0 3 4 0 0 0 0 0 0 0 2 1 0 4 3 4 3 4 0 0 0 0 0 0 0 4 2 0 1 4 1 3 0 0 4
 2 3 0 0 1 0 0 1 0 0 0 0 3 4 0 0 3 3 0 2 2 0 0 3 0 2 2 4 0 2 1 4 3 3 2 0 0
 0 1 4 0 0 0 1 0 0 2 0 0 0 2 3 0 0 4 4 0 4 1 4 0 0 1]
[0 1 0 3 4 0 0 0 0 0 0 0 2 1 0 4 3 4 3 4 0 0 0 0 0 0 0 4 2 0 1 4 1 3 0 0 4
 2 3 0 0 1 0 0 1 0 0 0 0 3 4 0 0 3 3 0 2 2 0 0 3 0 2 2 4 0 2 1 4 3 3 2 0 0
 0 1 4 0 0 0 1 0 0 2 0 0 0 2 3 0 0 4 4 0 4 1 4 0 0 1]
[5 1 6 1 6 8 1 5 3 9 6 4 8 1 5 1 5 9 8 5 6 8 4 1 9 8 3 6 3 3 5 8 2 5 4 7 1
 4 2 1 3 7 6 4 3 5 3 3 1 5 9 2 1 3 8 1 3 4 5 4 9 5 9 1 3 9 6 7 7 9 4 3 5 6
 5 5 1 5 5 5 4 5 4 4 4 7 3 6 2 2 3 3 3 1 2 1 1 8 6 2]
[5 1 6 1 6 8 1 5 3 9 6 4 8 1 5 1 5 9 8 5 6 8 4 1 9 8 3 6 3 3 5 8 2 5 4 7 1
 4 2 1 3 7 6 4 3 5 3 3 1 5 9 2 1 3 8 1 3 4 5 4 9 5 9 1 3 9 6 7 7 9 4 3 5 6
 5 5 1 5 5 5 4 5 4 4 4 7 3 6 2 2 3 3 3 1 2 1 1 8 6 2]
[37, 50, 49, 50, 24, 50, 45, 50, 44, 50, 42, 16, 50, 18, 50, 50, 50, 14, 50, 32, 50, 50, 50, 10, 11, 50, 50, 50, 50, 47, 50, 50, 50, 46, 40, 50, 50, 24, 23, 12, 50, 50, 21, 50, 41, 50, 50, 50, 50, 32, 50, 50, 47, 24, 50, 50, 50, 37, 50, 13, 37, 20, 50, 50, 50, 48, 10, 39, 50, 46, 36, 16, 50, 50, 50, 39, 41, 50, 50, 15, 50, 50, 50, 48, 17, 50, 18, 38, 50, 27, 16, 50, 10, 42, 21, 41, 13, 13, 50, 50]
[0 0 0 0 0 0 0 0 0 0 0 0 0 0 0 0 0 0 0 0 0 0 0 0 0 0 0 0 0 0 0 0 0 0 0 0 0
 0 0 0 0 0 0 0 0 0 0 0 0 0 0 0 0 0 0 0 0 0 0 0 0 0 0 0 0 0 0 0 0 0 0 0 0 0
 0 0 0 0 0 0 0 0 0 0 0 0 0 0 0 0 0 0 0 0 0 0 0 0 0 0]
[1 1 1 1 1 1 1 1 1 1 1 1 1 1 1 1 1 1 1 1 1 1 1 1 1 1 1 1 1 1 1 1 1 1 1 1 1
 1 1 1 1 1 1 1 1 1 1 1 1 1 1 1 1 1 1 1 1 1 1 1 1 1 1 1 1 1 1 1 1 1 1 1 1 1
 1 1 1 1 1 1 1 1 1 1 1 1 1 1 1 1 1 1 1 1 1 1 1 1 1 1]
