[ 0  1  2  3  4  5  6  7  8  9 10 11 12 13 14 15 16 17 18 19 20 21 22 23
 24 25 26 27 28 29 30 31 32 33 34 35 36 37 38 39 40 41 42 43 44 45 46 47
 48 49 50 51 52 53 54 55 56 57 58 59 60 61 62 63 64 65 66 67 68 69 70 71
 72 73 74 75 76 77 78 79 80 81 82 83 84 85 86 87 88 89 90 91 92 93 94 95
 96 97 98 99]
[-1 -1 -1 62 -1  9 -1  5 16 -1 75 72  0 99 -1 49 -1  2 21 -1 98 80 -1 58
 87 -1 77 82 65 34 -1 36 46 64 42 30  4 -1 16 70 77 21 -1 -1 -1 -1 -1 61
 74 54  0 14 97 24 43 -1 48 -1 -1 44 -1 33 -1 -1 -1 82 54 62 41 26 -1 85
 -1 55 29 -1 91 -1 11 -1 -1 47 -1 -1 86 46 96 -1 46 -1 -1 -1 -1 39 64 82
 -1 57 -1 50]
[0 0 0 1 0 1 1 0 1 0 0 0 1 0 1 0 1 0 0 0 0 1 1 0 1 1 1 0 1 0 0 0 0 1 1 1 0
 1 1 0 0 0 1 1 0 1 1 0 0 0 1 1 1 1 0 0 0 0 1 1 1 0 1 1 1 1 1 1 0 1 0 1 1 0
 1 0 0 0 0 0 1 0 0 1 0 0 0 1 0 1 1 1 0 0 0 1 1 1 1 1]
[0 0 0 0 2 4 0 0 0 3 0 3 3 0 1 2 3 3 3 2 4 0 2 0 0 0 0 0 0 1 3 3 0 0 4 2 2
 0 0 2 0 3 0 3 4 2 0 0 1 0 0 0 0 4 0 0 0 0 0 0 4 0 1 2 2 0 1 3 0 0 0 0 2 0
 4 3 0 0 4 4 0 3 0 2 4 2 0 0 2 0 2 1 0 2 3 2 0 0 2 0]
[0 0 0 0 2 4 0 0 0 3 0 3 3 0 1 2 3 3 3 2 4 0 2 0 0 0 0 0 0 1 3 3 0 0 4 2 2
 0 0 2 0 3 0 3 4 2 0 0 1 0 0 0 0 4 0 0 0 0 0 0 4 0 1 2 2 0 1 3 0 0 0 0 2 0
 4 3 0 0 4 4 0 3 0 2 4 2 0 0 2 0 2 1 0 2 3 2 0 0 2 0]
[9 9 4 8 5 7 9 2 3 2 6 3 3 8 3 3 8 2 5 6 2 2 6 8 8 5 6 3 2 8 8 9 1 9 6 5 8
 2 4 9 1 3 4 9 9 2 9 7 9 8 1 3 8 7 2 4 9 5 5 1 6 7 4 9 2 4 5 4 4 4 1 9 2 5
 6 1 4 7 8 7 4 8 7 6 6 2 1 7 8 6 3 4 1 4 7 6 9 1 6 7]
[9 9 4 8 5 7 9 2 3 2 6 3 3 8 3 3 8 2 5 6 2 2 6 8 8 5 6 3 2 8 8 9 1 9 6 5 8
 2 4 9 1 3 4 9 9 2 9 7 9 8 1 3 8 7 2 4 9 5 5 1 6 7 4 9 2 4 5 4 4 4 1 9 2 5
 6 1 4 7 8 7 4 8 7 6 6 2 1 7 8 6 3 4 1 4 7 6 9 1 6 7]
[50, 22, 50, 32, 50, 50, 50, 34, 16, 50, 50, 50, 50, 33, 47, 50, 50, 50, 50, 48, 50, 11, 25, 50, 39, 50, 21, 16, 50, 21, 44, 45, 50, 50, 50, 50, 50, 30, 50, 50, 33, 47, 10, 10, 48, 22, 18, 46, 35, 45, 11, 50, 25, 43, 50, 42, 48, 50, 26, 50, 50, 50, 50, 50, 49, 45, 50, 50, 12, 50, 50, 46, 45, 29, 43, 31, 50, 22, 19, 50, 50, 50, 50, 14, 26, 50, 50, 33, 25, 29, 19, 44, 50, 36, 50, 50, 28, 17, 45, 50]
[0 0 0 0 0 0 0 0 0 0 0 0 0 0 0 0 0 0 0 0 0 0 0 0 0 0 0 0 0 0 0 0 0 0 0 0 0
 0 0 0 0 0 0 0 0 0 0 0 0 0 0 0 0 0 0 0 0 0 0 0 0 0 0 0 0 0 0 0 0 0 0 0 0 0
 0 0 0 0 0 0 0 0 0 0 0 0 0 0 0 0 0 0 0 0 0 0 0 0 0 0]
[1 1 1 1 1 1 1 1 1 1 1 1 1 1 1 1 1 1 1 1 1 1 1 1 1 1 1 1 1 1 1 1 1 1 1 1 1
 1 1 1 1 1 1 1 1 1 1 1 1 1 1 1 1 1 1 1 1 1 1 1 1 1 1 1 1 1 1 1 1 1 1 1 1 1
 1 1 1 1 1 1 1 1 1 1 1 1 1 1 1 1 1 1 1 1 1 1 1 1 1 1]
