[ 0  1  2  3  4  5  6  7  8  9 10 11 12 13 14 15 16 17 18 19 20 21 22 23
 24 25 26 27 28 29 30 31 32 33 34 35 36 37 38 39 40 41 42 43 44 45 46 47
 48 49 50 51 52 53 54 55 56 57 58 59 60 61 62 63 64 65 66 67 68 69 70 71
 72 73 74 75 76 77 78 79 80 81 82 83 84 85 86 87 88 89 90 91 92 93 94 95
 96 97 98 99]
[ 5 26 34 79 -1 -1 -1 -1 81 -1 -1 37 -1 85 36 -1 -1 -1 -1 -1 40 61 -1 -1
 -1 63 84 86 -1 36 -1 -1 96 31 95  0 -1 71 99 52 80 -1 -1 83 -1 27 65  4
 -1 -1 -1 62 38 66 91 19 81 -1 89 -1 82 31 74  4  8 70 -1 26  1 92 -1 20
 25 -1 38 -1 -1 89 18 61 94 -1 -1 99 92 89 -1 10 -1 33 -1 -1 -1 -1 50 -1
 -1 88  0 -1]
[1 0 1 1 1 0 0 0 1 0 0 0 1 1 1 0 0 0 1 0 1 1 0 0 0 0 1 0 1 1 1 0 1 0 0 1 1
 0 1 0 1 0 1 1 0 0 1 0 0 1 1 0 1 0 1 1 0 1 0 1 0 1 1 0 0 0 0 1 0 0 0 1 1 1
 0 1 0 1 0 0 1 0 0 1 1 0 1 1 0 1 1 1 0 0 1 0 1 1 1 0]
[0 2 2 4 0 0 0 0 1 3 1 0 3 3 0 2 3 0 3 0 0 0 4 1 3 0 1 4 0 0 4 1 4 0 0 0 0
 0 0 0 2 0 1 3 0 4 0 2 3 0 0 0 4 4 3 0 4 1 0 0 0 0 3 3 0 2 4 4 0 0 0 1 0 0
 3 0 2 0 2 0 2 0 0 0 0 0 3 0 0 0 0 0 0 0 3 0 2 0 3 0]
[0 2 2 4 0 0 0 0 1 3 1 0 3 3 0 2 3 0 3 0 0 0 4 1 3 0 1 4 0 0 4 1 4 0 0 0 0
 0 0 0 2 0 1 3 0 4 0 2 3 0 0 0 4 4 3 0 4 1 0 0 0 0 3 3 0 2 4 4 0 0 0 1 0 0
 3 0 2 0 2 0 2 0 0 0 0 0 3 0 0 0 0 0 0 0 3 0 2 0 3 0]
[8 8 4 8 9 4 4 3 1 7 5 9 3 7 5 7 1 9 8 7 4 6 5 8 8 6 6 6 2 9 9 3 3 3 8 2 2
 6 8 3 9 9 7 2 7 8 3 2 7 2 8 8 2 3 8 1 4 2 8 1 7 5 9 1 1 3 2 1 8 7 3 7 7 5
 8 5 4 7 3 1 9 5 2 2 8 1 7 5 7 3 5 3 3 1 8 8 3 7 8 9]
[8 8 4 8 9 4 4 3 1 7 5 9 3 7 5 7 1 9 8 7 4 6 5 8 8 6 6 6 2 9 9 3 3 3 8 2 2
 6 8 3 9 9 7 2 7 8 3 2 7 2 8 8 2 3 8 1 4 2 8 1 7 5 9 1 1 3 2 1 8 7 3 7 7 5
 8 5 4 7 3 1 9 5 2 2 8 1 7 5 7 3 5 3 3 1 8 8 3 7 8 9]
[50, 40, 50, 41, 50, 47, 30, 10, 50, 50, 11, 35, 32, 10, 37, 40, 50, 21, 18, 10, 46, 21, 50, 14, 50, 42, 20, 45, 50, 50, 50, 50, 44, 50, 18, 45, 50, 50, 25, 19, 50, 41, 50, 38, 29, 24, 50, 50, 50, 50, 25, 50, 50, 26, 50, 50, 17, 27, 50, 50, 24, 50, 41, 50, 50, 18, 50, 47, 50, 50, 50, 50, 24, 43, 11, 50, 12, 50, 50, 50, 50, 50, 50, 50, 13, 50, 50, 50, 48, 50, 50, 23, 50, 17, 50, 48, 50, 50, 50, 33]
[0 0 0 0 0 0 0 0 0 0 0 0 0 0 0 0 0 0 0 0 0 0 0 0 0 0 0 0 0 0 0 0 0 0 0 0 0
 0 0 0 0 0 0 0 0 0 0 0 0 0 0 0 0 0 0 0 0 0 0 0 0 0 0 0 0 0 0 0 0 0 0 0 0 0
 0 0 0 0 0 0 0 0 0 0 0 0 0 0 0 0 0 0 0 0 0 0 0 0 0 0]
[1 1 1 1 1 1 1 1 1 1 1 1 1 1 1 1 1 1 1 1 1 1 1 1 1 1 1 1 1 1 1 1 1 1 1 1 1
 1 1 1 1 1 1 1 1 1 1 1 1 1 1 1 1 1 1 1 1 1 1 1 1 1 1 1 1 1 1 1 1 1 1 1 1 1
 1 1 1 1 1 1 1 1 1 1 1 1 1 1 1 1 1 1 1 1 1 1 1 1 1 1]
