[ 0  1  2  3  4  5  6  7  8  9 10 11 12 13 14 15 16 17 18 19 20 21 22 23
 24 25 26 27 28 29 30 31 32 33 34 35 36 37 38 39 40 41 42 43 44 45 46 47
 48 49 50 51 52 53 54 55 56 57 58 59 60 61 62 63 64 65 66 67 68 69 70 71
 72 73 74 75 76 77 78 79 80 81 82 83 84 85 86 87 88 89 90 91 92 93 94 95
 96 97 98 99]
[49 -1 94 43 -1 74 24 43 12 84 84 42 16 69 80  2 30 19 -1 88 -1 -1 43 67
 69 -1 85 -1 -1 -1 -1 79 -1 -1 76  8 75 -1 -1 -1 21 -1 33 54 76 -1 -1 61
 88 11 66 -1  8 72 -1 67 13 -1 -1 -1 86 -1 46 -1 53 -1 -1 -1 -1 42 -1 82
 48 48 80 -1 25 74 -1 56 -1 -1 35 71 11 81 -1 74 -1 -1 -1 -1 -1 -1 86  1
 57 13  7 -1]
[0 1 0 1 0 0 0 0 1 0 0 0 0 1 1 0 1 0 0 0 0 1 0 0 1 1 1 0 1 0 0 0 0 1 1 0 0
 1 0 1 1 0 1 1 1 1 1 1 0 0 1 0 1 0 1 0 0 1 1 1 1 1 0 0 1 1 1 0 0 1 0 1 1 1
 0 1 0 1 1 0 0 1 0 0 0 1 0 0 0 0 0 1 1 1 0 0 0 0 0 1]
[0 0 0 0 0 0 2 1 3 0 0 0 1 2 4 0 0 0 0 3 1 0 1 0 0 0 4 0 0 2 0 2 2 0 0 4 4
 2 1 4 3 1 0 1 0 0 2 4 0 2 2 3 0 3 0 2 0 0 2 0 4 0 1 4 0 3 3 0 1 2 0 0 4 0
 4 2 2 1 0 4 0 1 0 0 0 3 4 3 4 4 0 2 0 3 1 0 0 1 2 0]
[0 0 0 0 0 0 2 1 3 0 0 0 1 2 4 0 0 0 0 3 1 0 1 0 0 0 4 0 0 2 0 2 2 0 0 4 4
 2 1 4 3 1 0 1 0 0 2 4 0 2 2 3 0 3 0 2 0 0 2 0 4 0 1 4 0 3 3 0 1 2 0 0 4 0
 4 2 2 1 0 4 0 1 0 0 0 3 4 3 4 4 0 2 0 3 1 0 0 1 2 0]
[2 9 7 7 4 6 5 9 4 2 6 4 5 6 5 4 2 6 9 5 5 3 7 8 3 1 5 3 1 4 1 5 1 6 1 5 5
 3 4 7 5 4 3 2 4 5 3 7 6 5 7 9 5 2 7 5 5 3 4 6 4 8 7 9 7 7 5 7 9 1 9 8 9 3
 9 5 4 9 7 5 7 5 7 8 1 4 8 9 5 3 6 5 7 2 8 7 8 2 8 8]
[2 9 7 7 4 6 5 9 4 2 6 4 5 6 5 4 2 6 9 5 5 3 7 8 3 1 5 3 1 4 1 5 1 6 1 5 5
 3 4 7 5 4 3 2 4 5 3 7 6 5 7 9 5 2 7 5 5 3 4 6 4 8 7 9 7 7 5 7 9 1 9 8 9 3
 9 5 4 9 7 5 7 5 7 8 1 4 8 9 5 3 6 5 7 2 8 7 8 2 8 8]
[50, 50, 12, 25, 29, 46, 32, 50, 50, 50, 12, 50, 50, 50, 46, 39, 50, 39, 39, 50, 50, 25, 50, 36, 29, 29, 50, 50, 16, 17, 50, 34, 50, 50, 50, 50, 11, 28, 50, 17, 50, 45, 50, 17, 16, 12, 50, 47, 50, 14, 40, 50, 50, 36, 50, 36, 16, 50, 47, 47, 50, 23, 50, 50, 50, 50, 16, 48, 50, 44, 50, 14, 50, 50, 40, 27, 50, 50, 50, 50, 50, 43, 24, 30, 44, 50, 41, 14, 50, 12, 50, 50, 50, 50, 50, 50, 34, 12, 50, 50]
[0 0 0 0 0 0 0 0 0 0 0 0 0 0 0 0 0 0 0 0 0 0 0 0 0 0 0 0 0 0 0 0 0 0 0 0 0
 0 0 0 0 0 0 0 0 0 0 0 0 0 0 0 0 0 0 0 0 0 0 0 0 0 0 0 0 0 0 0 0 0 0 0 0 0
 0 0 0 0 0 0 0 0 0 0 0 0 0 0 0 0 0 0 0 0 0 0 0 0 0 0]
[1 1 1 1 1 1 1 1 1 1 1 1 1 1 1 1 1 1 1 1 1 1 1 1 1 1 1 1 1 1 1 1 1 1 1 1 1
 1 1 1 1 1 1 1 1 1 1 1 1 1 1 1 1 1 1 1 1 1 1 1 1 1 1 1 1 1 1 1 1 1 1 1 1 1
 1 1 1 1 1 1 1 1 1 1 1 1 1 1 1 1 1 1 1 1 1 1 1 1 1 1]
