[ 0  1  2  3  4  5  6  7  8  9 10 11 12 13 14 15 16 17 18 19 20 21 22 23
 24 25 26 27 28 29 30 31 32 33 34 35 36 37 38 39 40 41 42 43 44 45 46 47
 48 49 50 51 52 53 54 55 56 57 58 59 60 61 62 63 64 65 66 67 68 69 70 71
 72 73 74 75 76 77 78 79 80 81 82 83 84 85 86 87 88 89 90 91 92 93 94 95
 96 97 98 99]
[-1 -1 -1 95 74 -1 21 80 87 -1 42 37 69 -1 -1 18 75 18 62 -1 42 -1 -1 67
 -1 43 41 73 -1 36 -1 26 52 -1 57 -1 -1 -1 79 80 -1 52 59 46 38 48 49 -1
 63 84 48 -1 53 -1 14  0 -1 -1 91 12 72 44 -1 -1 -1 85  0 62 32 76 36 64
 86 72 82 -1 -1 -1 -1 89 90 -1 72 59 -1 24 88 94 43 -1 46 55 -1 -1 63 -1
 73  1 35 -1]
[0 0 1 1 0 1 0 1 0 1 0 0 0 0 0 1 0 1 1 1 1 1 0 0 0 0 0 1 1 1 1 1 1 0 1 1 1
 0 1 0 0 0 0 0 0 1 0 0 1 1 1 1 1 1 0 1 0 1 0 0 1 0 1 0 0 1 0 0 1 1 1 1 0 0
 0 0 0 0 1 0 0 1 0 0 1 1 1 1 0 1 0 1 1 0 0 1 0 0 0 0]
[4 3 0 4 2 0 0 3 1 1 0 0 0 0 0 4 0 2 0 0 0 0 0 0 0 0 0 2 2 1 0 4 0 0 4 0 0
 0 0 3 0 4 3 1 2 0 0 2 0 0 0 4 0 3 1 0 0 2 2 1 3 3 3 0 0 0 0 0 0 0 2 0 3 2
 1 3 2 0 3 0 0 0 2 0 0 0 0 3 1 0 1 4 4 1 0 0 4 0 0 0]
[4 3 0 4 2 0 0 3 1 1 0 0 0 0 0 4 0 2 0 0 0 0 0 0 0 0 0 2 2 1 0 4 0 0 4 0 0
 0 0 3 0 4 3 1 2 0 0 2 0 0 0 4 0 3 1 0 0 2 2 1 3 3 3 0 0 0 0 0 0 0 2 0 3 2
 1 3 2 0 3 0 0 0 2 0 0 0 0 3 1 0 1 4 4 1 0 0 4 0 0 0]
[1 9 1 3 8 3 6 7 9 1 5 2 6 7 6 4 1 4 3 6 1 7 7 5 3 7 7 8 1 8 3 7 4 2 1 8 9
 5 6 7 5 6 8 2 9 9 1 1 1 8 3 1 3 6 1 2 7 6 1 9 8 9 4 7 7 2 7 2 6 9 9 1 1 4
 7 1 3 6 4 3 5 1 6 9 5 5 7 1 5 5 8 5 7 2 2 2 5 9 8 5]
[1 9 1 3 8 3 6 7 9 1 5 2 6 7 6 4 1 4 3 6 1 7 7 5 3 7 7 8 1 8 3 7 4 2 1 8 9
 5 6 7 5 6 8 2 9 9 1 1 1 8 3 1 3 6 1 2 7 6 1 9 8 9 4 7 7 2 7 2 6 9 9 1 1 4
 7 1 3 6 4 3 5 1 6 9 5 5 7 1 5 5 8 5 7 2 2 2 5 9 8 5]
[50, 50, 17, 50, 43, 50, 12, 50, 50, 18, 49, 50, 41, 24, 50, 50, 50, 50, 50, 14, 50, 22, 39, 50, 50, 34, 50, 35, 44, 50, 50, 35, 50, 50, 47, 50, 50, 15, 45, 42, 50, 10, 14, 50, 50, 50, 39, 50, 50, 33, 50, 50, 35, 50, 18, 11, 37, 30, 50, 24, 30, 47, 50, 50, 46, 16, 28, 50, 50, 39, 14, 44, 50, 50, 50, 17, 50, 20, 43, 42, 44, 50, 17, 50, 50, 50, 50, 17, 16, 50, 50, 50, 39, 50, 50, 32, 10, 50, 41, 21]
[0 0 0 0 0 0 0 0 0 0 0 0 0 0 0 0 0 0 0 0 0 0 0 0 0 0 0 0 0 0 0 0 0 0 0 0 0
 0 0 0 0 0 0 0 0 0 0 0 0 0 0 0 0 0 0 0 0 0 0 0 0 0 0 0 0 0 0 0 0 0 0 0 0 0
 0 0 0 0 0 0 0 0 0 0 0 0 0 0 0 0 0 0 0 0 0 0 0 0 0 0]
[1 1 1 1 1 1 1 1 1 1 1 1 1 1 1 1 1 1 1 1 1 1 1 1 1 1 1 1 1 1 1 1 1 1 1 1 1
 1 1 1 1 1 1 1 1 1 1 1 1 1 1 1 1 1 1 1 1 1 1 1 1 1 1 1 1 1 1 1 1 1 1 1 1 1
 1 1 1 1 1 1 1 1 1 1 1 1 1 1 1 1 1 1 1 1 1 1 1 1 1 1]
