[ 0  1  2  3  4  5  6  7  8  9 10 11 12 13 14 15 16 17 18 19 20 21 22 23
 24 25 26 27 28 29 30 31 32 33 34 35 36 37 38 39 40 41 42 43 44 45 46 47
 48 49 50 51 52 53 54 55 56 57 58 59 60 61 62 63 64 65 66 67 68 69 70 71
 72 73 74 75 76 77 78 79 80 81 82 83 84 85 86 87 88 89 90 91 92 93 94 95
 96 97 98 99]
[-1 68 29 -1 59 -1 99 43 59 69 67 -1 -1 40 -1 68 -1 -1 76 -1 43 46 87 -1
 38 72 73 87 43 73 -1 74 -1 21 71 64 44 42 73 28 88 -1 -1 -1 93 -1 69 99
 -1 -1 60 71 -1  7 -1 66 -1 -1 20 49 65 37 28 -1 -1 -1  8 54 35 -1 75  1
 -1 78 -1 -1 28 -1 -1 26 25 -1 65 45 -1 -1 -1 -1 50 78 47  7 -1 -1 60 -1
 93 35 17 41]
[0 0 1 1 0 0 1 0 1 1 1 0 0 1 0 1 1 1 1 0 0 0 0 0 1 1 1 0 0 0 1 1 0 1 0 1 0
 0 0 0 1 0 1 1 1 0 0 0 1 1 0 1 1 1 1 1 1 1 0 1 0 0 0 1 0 0 1 0 0 1 1 0 0 0
 0 0 1 0 0 1 0 1 0 0 1 0 0 1 1 1 0 0 1 1 0 1 1 0 1 0]
[3 0 3 4 1 0 0 3 0 1 0 1 0 0 1 1 4 0 0 0 0 3 1 2 2 2 0 0 4 0 0 0 4 3 0 0 0
 1 0 0 2 4 4 3 1 0 0 0 4 2 2 4 3 1 4 3 0 3 4 0 2 4 0 0 3 0 0 1 0 0 0 0 1 0
 0 3 4 0 3 0 0 4 1 0 0 0 0 0 3 4 2 0 0 0 0 0 0 1 0 2]
[3 0 3 4 1 0 0 3 0 1 0 1 0 0 1 1 4 0 0 0 0 3 1 2 2 2 0 0 4 0 0 0 4 3 0 0 0
 1 0 0 2 4 4 3 1 0 0 0 4 2 2 4 3 1 4 3 0 3 4 0 2 4 0 0 3 0 0 1 0 0 0 0 1 0
 0 3 4 0 3 0 0 4 1 0 0 0 0 0 3 4 2 0 0 0 0 0 0 1 0 2]
[9 2 6 7 4 2 2 6 1 2 2 7 7 7 9 2 1 8 5 7 3 8 2 1 6 5 2 1 6 8 2 5 1 3 4 5 7
 4 1 8 1 9 9 7 4 9 2 1 5 1 8 1 1 3 4 4 9 9 8 3 8 2 1 9 7 4 7 2 6 7 4 1 7 8
 6 5 8 5 5 5 9 4 2 7 8 9 1 4 7 8 3 7 5 9 3 7 7 3 6 1]
[9 2 6 7 4 2 2 6 1 2 2 7 7 7 9 2 1 8 5 7 3 8 2 1 6 5 2 1 6 8 2 5 1 3 4 5 7
 4 1 8 1 9 9 7 4 9 2 1 5 1 8 1 1 3 4 4 9 9 8 3 8 2 1 9 7 4 7 2 6 7 4 1 7 8
 6 5 8 5 5 5 9 4 2 7 8 9 1 4 7 8 3 7 5 9 3 7 7 3 6 1]
[41, 13, 18, 11, 50, 46, 50, 21, 27, 50, 50, 50, 50, 14, 50, 50, 50, 50, 50, 50, 50, 50, 50, 28, 46, 19, 50, 44, 50, 50, 10, 50, 50, 10, 16, 21, 11, 50, 50, 50, 50, 22, 18, 50, 20, 20, 50, 19, 50, 50, 38, 50, 50, 50, 22, 50, 36, 38, 50, 50, 50, 50, 30, 50, 50, 50, 47, 50, 50, 50, 24, 50, 50, 42, 50, 40, 50, 50, 49, 35, 50, 12, 50, 50, 50, 50, 43, 24, 50, 50, 24, 44, 21, 22, 11, 34, 50, 26, 43, 50]
[0 0 0 0 0 0 0 0 0 0 0 0 0 0 0 0 0 0 0 0 0 0 0 0 0 0 0 0 0 0 0 0 0 0 0 0 0
 0 0 0 0 0 0 0 0 0 0 0 0 0 0 0 0 0 0 0 0 0 0 0 0 0 0 0 0 0 0 0 0 0 0 0 0 0
 0 0 0 0 0 0 0 0 0 0 0 0 0 0 0 0 0 0 0 0 0 0 0 0 0 0]
[1 1 1 1 1 1 1 1 1 1 1 1 1 1 1 1 1 1 1 1 1 1 1 1 1 1 1 1 1 1 1 1 1 1 1 1 1
 1 1 1 1 1 1 1 1 1 1 1 1 1 1 1 1 1 1 1 1 1 1 1 1 1 1 1 1 1 1 1 1 1 1 1 1 1
 1 1 1 1 1 1 1 1 1 1 1 1 1 1 1 1 1 1 1 1 1 1 1 1 1 1]
