[ 0  1  2  3  4  5  6  7  8  9 10 11 12 13 14 15 16 17 18 19 20 21 22 23
 24 25 26 27 28 29 30 31 32 33 34 35 36 37 38 39 40 41 42 43 44 45 46 47
 48 49 50 51 52 53 54 55 56 57 58 59 60 61 62 63 64 65 66 67 68 69 70 71
 72 73 74 75 76 77 78 79 80 81 82 83 84 85 86 87 88 89 90 91 92 93 94 95
 96 97 98 99]
[55 11 -1 -1 96 -1 -1 -1 -1 -1  4 -1 34 -1 -1 -1 46 -1 -1 -1 19 -1 -1 36
 64 47 14 11 -1 -1 -1 44 17 -1 -1 -1 -1  2  5 38 -1 95 75 -1  2 43 28 98
 55  7 -1 -1 99 27 -1 -1 83 23 -1 -1 46 32 49 56 41 -1 -1 -1 -1 46 -1 87
 34 55 -1 78 78 32 11 90 66 57 73 64 -1 -1 78 15 15 88 81 27 -1 -1 63 19
 84 -1 46 13]
[0 1 1 0 0 1 1 0 0 1 1 1 1 1 0 0 0 0 0 1 1 0 0 0 0 1 0 0 0 0 0 1 1 0 1 0 1
 0 0 1 1 1 1 0 1 0 1 1 0 0 0 1 0 1 0 1 0 1 0 0 1 1 0 1 0 0 0 1 0 0 0 1 0 1
 1 1 1 0 1 0 1 1 0 0 1 0 0 1 1 1 0 0 1 1 1 1 0 0 0 0]
[0 4 0 4 1 0 0 2 3 4 1 2 2 4 0 0 0 4 2 0 0 0 3 0 0 0 0 0 1 0 1 0 4 4 4 4 0
 0 0 0 0 2 3 2 0 0 2 4 0 0 1 0 0 4 0 4 1 0 1 4 1 0 0 2 0 2 0 0 0 3 0 4 0 0
 1 4 0 2 2 0 1 4 0 0 0 0 0 0 3 0 0 2 1 3 0 0 0 2 0 3]
[0 4 0 4 1 0 0 2 3 4 1 2 2 4 0 0 0 4 2 0 0 0 3 0 0 0 0 0 1 0 1 0 4 4 4 4 0
 0 0 0 0 2 3 2 0 0 2 4 0 0 1 0 0 4 0 4 1 0 1 4 1 0 0 2 0 2 0 0 0 3 0 4 0 0
 1 4 0 2 2 0 1 4 0 0 0 0 0 0 3 0 0 2 1 3 0 0 0 2 0 3]
[6 5 9 2 6 5 3 6 1 1 6 4 3 6 1 9 3 5 1 3 6 2 8 5 7 6 4 4 9 6 9 1 1 5 4 8 1
 8 6 5 6 1 3 2 7 3 7 3 4 1 3 2 7 4 9 7 5 8 6 8 6 3 1 6 6 2 5 4 5 8 1 2 1 3
 6 8 8 8 1 4 7 5 6 2 4 7 5 4 2 8 7 7 7 8 3 6 4 8 1 1]
[6 5 9 2 6 5 3 6 1 1 6 4 3 6 1 9 3 5 1 3 6 2 8 5 7 6 4 4 9 6 9 1 1 5 4 8 1
 8 6 5 6 1 3 2 7 3 7 3 4 1 3 2 7 4 9 7 5 8 6 8 6 3 1 6 6 2 5 4 5 8 1 2 1 3
 6 8 8 8 1 4 7 5 6 2 4 7 5 4 2 8 7 7 7 8 3 6 4 8 1 1]
[27, 44, 50, 50, 43, 49, 37, 18, 42, 50, 50, 50, 35, 50, 49, 50, 30, 50, 50, 50, 41, 39, 50, 32, 49, 50, 22, 50, 50, 22, 49, 50, 27, 37, 50, 50, 50, 50, 46, 33, 10, 48, 24, 36, 40, 50, 18, 16, 28, 31, 44, 23, 35, 20, 50, 43, 12, 50, 44, 43, 34, 24, 14, 50, 50, 50, 50, 35, 50, 12, 45, 50, 47, 50, 50, 50, 27, 50, 50, 50, 46, 31, 14, 50, 42, 50, 50, 50, 50, 50, 42, 50, 49, 35, 28, 39, 12, 21, 17, 50]
[0 0 0 0 0 0 0 0 0 0 0 0 0 0 0 0 0 0 0 0 0 0 0 0 0 0 0 0 0 0 0 0 0 0 0 0 0
 0 0 0 0 0 0 0 0 0 0 0 0 0 0 0 0 0 0 0 0 0 0 0 0 0 0 0 0 0 0 0 0 0 0 0 0 0
 0 0 0 0 0 0 0 0 0 0 0 0 0 0 0 0 0 0 0 0 0 0 0 0 0 0]
[1 1 1 1 1 1 1 1 1 1 1 1 1 1 1 1 1 1 1 1 1 1 1 1 1 1 1 1 1 1 1 1 1 1 1 1 1
 1 1 1 1 1 1 1 1 1 1 1 1 1 1 1 1 1 1 1 1 1 1 1 1 1 1 1 1 1 1 1 1 1 1 1 1 1
 1 1 1 1 1 1 1 1 1 1 1 1 1 1 1 1 1 1 1 1 1 1 1 1 1 1]
