[ 0  1  2  3  4  5  6  7  8  9 10 11 12 13 14 15 16 17 18 19 20 21 22 23
 24 25 26 27 28 29 30 31 32 33 34 35 36 37 38 39 40 41 42 43 44 45 46 47
 48 49 50 51 52 53 54 55 56 57 58 59 60 61 62 63 64 65 66 67 68 69 70 71
 72 73 74 75 76 77 78 79 80 81 82 83 84 85 86 87 88 89 90 91 92 93 94 95
 96 97 98 99]
[ 7 44 58  5 43 -1 20 99 96 -1 40 -1 -1 46 92 -1 63 -1 15 -1 64 46 76  5
 -1 -1 85 91 25 -1 10 -1 -1 -1 26 -1 94 40 -1 92 -1 -1 17 34  3 -1 31 -1
 -1 56 -1 -1 85 65 -1 60 -1 30 -1 -1 -1  5 45 -1 27 67 58 -1 36 22 -1 53
 34 -1 -1 87 -1 81 72 62 -1 49 75 34 -1  8 59 -1 81  6 67 -1 86 -1 57 -1
 -1 -1 70 66]
[1 0 1 1 1 1 0 1 1 0 1 1 0 0 0 1 0 0 1 0 0 0 0 0 1 1 1 0 0 1 1 0 0 0 0 0 0
 0 1 0 0 1 0 1 0 1 1 1 0 0 1 0 0 0 0 0 0 0 0 0 0 0 0 1 1 0 0 1 0 0 1 0 1 0
 1 1 1 0 1 0 0 0 0 1 1 0 0 0 0 0 1 0 0 0 0 1 0 0 1 1]
[1 2 0 0 0 0 0 1 0 0 0 2 3 0 0 0 3 0 4 0 0 3 3 0 0 0 0 0 0 0 0 0 0 3 0 0 0
 0 2 0 0 1 0 0 2 0 0 0 0 0 1 0 2 0 4 0 0 0 1 0 4 1 0 0 0 0 1 3 0 4 3 2 0 1
 4 3 0 3 0 0 0 0 3 3 3 0 0 3 4 2 0 2 3 0 2 4 0 2 0 0]
[1 2 0 0 0 0 0 1 0 0 0 2 3 0 0 0 3 0 4 0 0 3 3 0 0 0 0 0 0 0 0 0 0 3 0 0 0
 0 2 0 0 1 0 0 2 0 0 0 0 0 1 0 2 0 4 0 0 0 1 0 4 1 0 0 0 0 1 3 0 4 3 2 0 1
 4 3 0 3 0 0 0 0 3 3 3 0 0 3 4 2 0 2 3 0 2 4 0 2 0 0]
[6 5 6 8 7 3 7 7 1 4 7 3 1 6 6 8 8 5 3 3 3 4 4 7 3 2 7 6 1 1 9 1 7 6 7 4 9
 5 1 3 3 4 9 7 9 1 5 7 9 3 7 5 7 6 3 4 5 4 8 6 1 9 3 2 6 2 9 8 9 3 4 8 4 8
 2 3 4 6 7 5 1 6 6 7 4 9 7 5 8 9 8 8 1 7 4 1 4 8 3 8]
[6 5 6 8 7 3 7 7 1 4 7 3 1 6 6 8 8 5 3 3 3 4 4 7 3 2 7 6 1 1 9 1 7 6 7 4 9
 5 1 3 3 4 9 7 9 1 5 7 9 3 7 5 7 6 3 4 5 4 8 6 1 9 3 2 6 2 9 8 9 3 4 8 4 8
 2 3 4 6 7 5 1 6 6 7 4 9 7 5 8 9 8 8 1 7 4 1 4 8 3 8]
[13, 50, 50, 50, 26, 50, 50, 50, 50, 33, 50, 27, 50, 14, 29, 50, 21, 50, 50, 50, 50, 22, 50, 50, 21, 17, 50, 40, 11, 25, 25, 50, 50, 50, 50, 50, 50, 50, 26, 50, 50, 50, 50, 50, 50, 23, 50, 50, 30, 46, 29, 50, 40, 50, 27, 10, 50, 32, 50, 50, 50, 50, 50, 22, 50, 50, 20, 50, 50, 50, 10, 50, 20, 36, 50, 50, 50, 50, 12, 50, 50, 14, 50, 50, 50, 22, 50, 31, 17, 50, 41, 50, 50, 50, 25, 10, 22, 50, 50, 11]
[0 0 0 0 0 0 0 0 0 0 0 0 0 0 0 0 0 0 0 0 0 0 0 0 0 0 0 0 0 0 0 0 0 0 0 0 0
 0 0 0 0 0 0 0 0 0 0 0 0 0 0 0 0 0 0 0 0 0 0 0 0 0 0 0 0 0 0 0 0 0 0 0 0 0
 0 0 0 0 0 0 0 0 0 0 0 0 0 0 0 0 0 0 0 0 0 0 0 0 0 0]
[1 1 1 1 1 1 1 1 1 1 1 1 1 1 1 1 1 1 1 1 1 1 1 1 1 1 1 1 1 1 1 1 1 1 1 1 1
 1 1 1 1 1 1 1 1 1 1 1 1 1 1 1 1 1 1 1 1 1 1 1 1 1 1 1 1 1 1 1 1 1 1 1 1 1
 1 1 1 1 1 1 1 1 1 1 1 1 1 1 1 1 1 1 1 1 1 1 1 1 1 1]
