[ 0  1  2  3  4  5  6  7  8  9 10 11 12 13 14 15 16 17 18 19 20 21 22 23
 24 25 26 27 28 29 30 31 32 33 34 35 36 37 38 39 40 41 42 43 44 45 46 47
 48 49 50 51 52 53 54 55 56 57 58 59 60 61 62 63 64 65 66 67 68 69 70 71
 72 73 74 75 76 77 78 79 80 81 82 83 84 85 86 87 88 89 90 91 92 93 94 95
 96 97 98 99]
[-1 68 -1 -1 29 14 99 53  9 22 44 -1 19 95 -1 72 10 94 -1 -1 30 71 58 -1
 -1 -1 24 70 -1 34 43 -1 -1 63 79 43 48 -1  6 69 38 23 69 92 91 -1 58 34
  7 -1 10 96 -1 -1 29 16 66 70 -1 82 -1 12 -1 -1 80 -1 28 -1 -1 89 35 -1
 34 -1 12  2 37  0 48 -1 -1 -1 -1 -1 24 47  3 13 -1 -1 76 61 -1 -1 -1 -1
 68 -1 -1  8]
[1 1 0 0 1 0 1 0 1 1 1 1 0 1 1 1 0 1 0 0 0 0 0 0 1 0 1 0 0 0 1 1 0 0 0 1 1
 0 1 1 0 0 1 0 1 0 1 1 0 1 1 0 0 0 1 1 1 0 0 0 1 1 0 0 1 0 0 0 1 1 0 1 0 1
 0 1 0 0 0 1 1 0 0 0 1 1 0 0 1 1 0 0 0 0 1 0 0 0 0 1]
[0 0 0 4 3 1 0 4 0 0 0 0 2 4 0 0 0 0 4 1 0 4 4 0 3 0 1 0 0 0 4 1 2 1 4 2 0
 1 4 0 4 4 0 0 2 1 0 1 0 1 1 0 3 2 1 1 3 0 0 1 4 0 0 0 2 0 0 0 1 0 3 0 4 0
 0 0 4 0 0 4 0 0 1 4 0 3 4 0 0 0 4 0 0 0 3 0 1 2 4 0]
[0 0 0 4 3 1 0 4 0 0 0 0 2 4 0 0 0 0 4 1 0 4 4 0 3 0 1 0 0 0 4 1 2 1 4 2 0
 1 4 0 4 4 0 0 2 1 0 1 0 1 1 0 3 2 1 1 3 0 0 1 4 0 0 0 2 0 0 0 1 0 3 0 4 0
 0 0 4 0 0 4 0 0 1 4 0 3 4 0 0 0 4 0 0 0 3 0 1 2 4 0]
[8 7 6 1 9 4 3 7 1 6 6 5 2 6 9 3 5 9 2 9 4 6 5 7 9 6 7 4 6 9 5 5 5 5 6 4 7
 7 7 1 3 2 7 7 4 6 4 9 9 8 2 1 2 2 2 1 5 7 2 4 8 3 5 3 5 2 4 5 3 2 1 4 3 2
 5 2 1 8 5 4 9 6 1 9 9 2 9 5 9 7 2 6 1 2 4 5 3 3 7 3]
[8 7 6 1 9 4 3 7 1 6 6 5 2 6 9 3 5 9 2 9 4 6 5 7 9 6 7 4 6 9 5 5 5 5 6 4 7
 7 7 1 3 2 7 7 4 6 4 9 9 8 2 1 2 2 2 1 5 7 2 4 8 3 5 3 5 2 4 5 3 2 1 4 3 2
 5 2 1 8 5 4 9 6 1 9 9 2 9 5 9 7 2 6 1 2 4 5 3 3 7 3]
[13, 50, 50, 50, 50, 50, 50, 28, 24, 13, 25, 50, 50, 25, 50, 24, 50, 10, 24, 39, 19, 41, 50, 50, 50, 39, 50, 50, 50, 44, 50, 19, 25, 50, 22, 25, 50, 50, 50, 50, 50, 50, 50, 50, 50, 45, 40, 50, 50, 32, 50, 50, 15, 31, 44, 18, 50, 37, 50, 50, 15, 50, 50, 32, 50, 49, 46, 50, 50, 50, 44, 50, 50, 20, 50, 29, 50, 50, 16, 50, 50, 17, 50, 30, 50, 45, 50, 14, 50, 50, 50, 45, 30, 50, 24, 12, 25, 50, 16, 20]
[0 0 0 0 0 0 0 0 0 0 0 0 0 0 0 0 0 0 0 0 0 0 0 0 0 0 0 0 0 0 0 0 0 0 0 0 0
 0 0 0 0 0 0 0 0 0 0 0 0 0 0 0 0 0 0 0 0 0 0 0 0 0 0 0 0 0 0 0 0 0 0 0 0 0
 0 0 0 0 0 0 0 0 0 0 0 0 0 0 0 0 0 0 0 0 0 0 0 0 0 0]
[1 1 1 1 1 1 1 1 1 1 1 1 1 1 1 1 1 1 1 1 1 1 1 1 1 1 1 1 1 1 1 1 1 1 1 1 1
 1 1 1 1 1 1 1 1 1 1 1 1 1 1 1 1 1 1 1 1 1 1 1 1 1 1 1 1 1 1 1 1 1 1 1 1 1
 1 1 1 1 1 1 1 1 1 1 1 1 1 1 1 1 1 1 1 1 1 1 1 1 1 1]
