[ 0  1  2  3  4  5  6  7  8  9 10 11 12 13 14 15 16 17 18 19 20 21 22 23
 24 25 26 27 28 29 30 31 32 33 34 35 36 37 38 39 40 41 42 43 44 45 46 47
 48 49 50 51 52 53 54 55 56 57 58 59 60 61 62 63 64 65 66 67 68 69 70 71
 72 73 74 75 76 77 78 79 80 81 82 83 84 85 86 87 88 89 90 91 92 93 94 95
 96 97 98 99]
[-1 95 -1 -1 47 -1 -1 89 52 82 -1 67 -1 28 51  8 -1 73 44 -1 -1 98 -1 55
 69 15 28 82 38 -1 -1 60 67 -1 53 -1 78 34 45 -1 49 -1 -1 29 58 76 84 -1
 27 59 22 38 86 -1 -1 79 -1 63 88 51 76 63 42  4 39 96 83 65 11 -1 77 67
 51 52 -1 -1 -1 72 34 30 49 93 55 73 -1 23 -1 22 16 -1 10 40 32 62 13 -1
 83 61 17 82]
[1 1 1 1 0 1 0 0 1 0 1 1 0 1 1 0 0 0 0 1 1 1 0 0 0 0 0 0 1 0 0 0 1 0 0 0 1
 0 1 1 1 1 0 1 0 0 1 0 1 1 0 1 1 1 1 1 0 1 1 0 0 0 1 0 1 0 0 0 1 1 0 0 1 0
 0 0 1 1 1 1 0 1 1 0 0 1 1 1 0 1 1 0 1 1 1 1 0 1 0 1]
[0 0 4 0 0 3 0 0 3 4 3 0 0 0 0 0 0 3 0 4 0 0 0 0 0 0 0 0 3 0 3 0 1 0 4 0 4
 3 0 0 4 3 0 2 1 3 0 2 2 0 0 1 4 0 0 0 1 1 4 1 0 0 0 0 2 0 0 0 3 3 0 0 3 2
 0 0 0 0 1 3 0 0 4 3 1 4 0 0 0 2 0 0 3 4 4 0 4 1 1 4]
[0 0 4 0 0 3 0 0 3 4 3 0 0 0 0 0 0 3 0 4 0 0 0 0 0 0 0 0 3 0 3 0 1 0 4 0 4
 3 0 0 4 3 0 2 1 3 0 2 2 0 0 1 4 0 0 0 1 1 4 1 0 0 0 0 2 0 0 0 3 3 0 0 3 2
 0 0 0 0 1 3 0 0 4 3 1 4 0 0 0 2 0 0 3 4 4 0 4 1 1 4]
[5 5 5 8 8 7 7 9 2 9 2 6 6 6 7 1 9 2 9 8 7 7 9 3 9 9 6 1 7 3 9 7 3 8 8 8 4
 2 8 2 8 5 5 4 6 8 4 8 5 8 9 4 9 9 6 2 7 4 6 9 3 8 4 4 1 2 3 3 2 7 6 4 1 6
 3 4 7 3 9 9 4 8 3 2 7 9 3 8 5 9 5 4 1 3 5 3 4 8 6 7]
[5 5 5 8 8 7 7 9 2 9 2 6 6 6 7 1 9 2 9 8 7 7 9 3 9 9 6 1 7 3 9 7 3 8 8 8 4
 2 8 2 8 5 5 4 6 8 4 8 5 8 9 4 9 9 6 2 7 4 6 9 3 8 4 4 1 2 3 3 2 7 6 4 1 6
 3 4 7 3 9 9 4 8 3 2 7 9 3 8 5 9 5 4 1 3 5 3 4 8 6 7]
[50, 50, 33, 47, 50, 36, 50, 17, 25, 50, 24, 32, 50, 44, 50, 39, 50, 50, 40, 50, 50, 50, 50, 50, 50, 50, 50, 46, 40, 23, 48, 50, 30, 27, 50, 32, 50, 50, 27, 22, 50, 50, 50, 12, 14, 36, 50, 36, 28, 18, 50, 15, 50, 23, 50, 48, 50, 46, 26, 50, 25, 47, 50, 50, 50, 50, 50, 22, 48, 50, 48, 50, 50, 26, 50, 24, 25, 49, 28, 11, 27, 50, 32, 50, 50, 50, 49, 32, 29, 50, 50, 20, 14, 10, 50, 50, 12, 38, 50, 50]
[0 0 0 0 0 0 0 0 0 0 0 0 0 0 0 0 0 0 0 0 0 0 0 0 0 0 0 0 0 0 0 0 0 0 0 0 0
 0 0 0 0 0 0 0 0 0 0 0 0 0 0 0 0 0 0 0 0 0 0 0 0 0 0 0 0 0 0 0 0 0 0 0 0 0
 0 0 0 0 0 0 0 0 0 0 0 0 0 0 0 0 0 0 0 0 0 0 0 0 0 0]
[1 1 1 1 1 1 1 1 1 1 1 1 1 1 1 1 1 1 1 1 1 1 1 1 1 1 1 1 1 1 1 1 1 1 1 1 1
 1 1 1 1 1 1 1 1 1 1 1 1 1 1 1 1 1 1 1 1 1 1 1 1 1 1 1 1 1 1 1 1 1 1 1 1 1
 1 1 1 1 1 1 1 1 1 1 1 1 1 1 1 1 1 1 1 1 1 1 1 1 1 1]
