[ 0  1  2  3  4  5  6  7  8  9 10 11 12 13 14 15 16 17 18 19 20 21 22 23
 24 25 26 27 28 29 30 31 32 33 34 35 36 37 38 39 40 41 42 43 44 45 46 47
 48 49 50 51 52 53 54 55 56 57 58 59 60 61 62 63 64 65 66 67 68 69 70 71
 72 73 74 75 76 77 78 79 80 81 82 83 84 85 86 87 88 89 90 91 92 93 94 95
 96 97 98 99]
[82 22 47 -1 -1 27 97 19 21 -1 59 70 -1 -1 92 -1 64 10 88 56 -1 40 79 25
 -1 67 -1 74 -1 -1 90 78 50 -1 57 84 -1 -1 13 67 94  6 90 88 97 78 22 30
 46 24 84 85 27 43 70 -1 -1 -1 42 33 93  1 84 96 43 -1 -1 12 24 -1 -1 -1
 91 -1 -1 48 60 93 36 81 -1 -1 18 -1 -1 91 -1 -1  6 -1 92 -1 18 32 -1 -1
 13 20 60 52]
[1 1 0 1 0 0 1 1 1 0 1 1 1 1 1 1 0 1 0 0 0 0 1 0 1 1 0 0 1 1 1 0 0 0 0 1 0
 1 1 1 0 1 0 1 1 1 1 0 0 0 1 1 1 0 0 0 0 1 1 0 0 0 1 0 1 1 0 1 1 1 0 1 0 0
 1 0 1 0 1 0 1 0 0 0 0 0 1 0 0 1 1 1 0 0 1 0 1 0 0 0]
[1 2 0 0 0 0 4 0 0 2 4 0 1 4 0 0 0 0 0 0 0 0 0 3 0 0 0 2 3 0 0 3 0 3 0 3 0
 3 2 0 2 3 0 0 1 0 0 2 0 1 4 0 4 0 0 0 2 0 2 4 4 1 0 4 0 2 2 2 0 0 3 0 0 0
 2 2 0 0 2 0 3 0 3 0 3 2 4 0 0 0 0 0 0 3 0 1 0 0 0 2]
[1 2 0 0 0 0 4 0 0 2 4 0 1 4 0 0 0 0 0 0 0 0 0 3 0 0 0 2 3 0 0 3 0 3 0 3 0
 3 2 0 2 3 0 0 1 0 0 2 0 1 4 0 4 0 0 0 2 0 2 4 4 1 0 4 0 2 2 2 0 0 3 0 0 0
 2 2 0 0 2 0 3 0 3 0 3 2 4 0 0 0 0 0 0 3 0 1 0 0 0 2]
[8 6 2 3 7 6 1 6 2 6 6 8 1 7 5 5 6 2 2 6 5 6 4 2 1 2 1 4 9 2 8 1 6 1 6 3 9
 5 4 9 5 4 9 3 4 9 4 9 4 8 9 4 8 5 8 7 9 2 9 3 1 5 1 8 1 1 1 7 2 9 9 8 7 9
 4 8 8 4 9 3 3 3 7 3 8 6 3 5 1 8 9 4 8 5 5 3 3 8 2 7]
[8 6 2 3 7 6 1 6 2 6 6 8 1 7 5 5 6 2 2 6 5 6 4 2 1 2 1 4 9 2 8 1 6 1 6 3 9
 5 4 9 5 4 9 3 4 9 4 9 4 8 9 4 8 5 8 7 9 2 9 3 1 5 1 8 1 1 1 7 2 9 9 8 7 9
 4 8 8 4 9 3 3 3 7 3 8 6 3 5 1 8 9 4 8 5 5 3 3 8 2 7]
[23, 37, 44, 18, 50, 45, 16, 48, 50, 50, 50, 50, 26, 50, 50, 50, 50, 22, 50, 15, 11, 28, 50, 50, 20, 29, 50, 13, 25, 50, 50, 50, 16, 41, 50, 50, 50, 21, 47, 33, 50, 21, 50, 37, 50, 50, 50, 20, 50, 50, 50, 50, 22, 27, 14, 27, 39, 50, 50, 50, 50, 19, 50, 32, 50, 50, 45, 24, 34, 50, 50, 50, 50, 46, 50, 21, 47, 16, 50, 50, 50, 50, 50, 50, 45, 44, 38, 50, 50, 28, 50, 13, 50, 35, 46, 50, 50, 39, 11, 32]
[0 0 0 0 0 0 0 0 0 0 0 0 0 0 0 0 0 0 0 0 0 0 0 0 0 0 0 0 0 0 0 0 0 0 0 0 0
 0 0 0 0 0 0 0 0 0 0 0 0 0 0 0 0 0 0 0 0 0 0 0 0 0 0 0 0 0 0 0 0 0 0 0 0 0
 0 0 0 0 0 0 0 0 0 0 0 0 0 0 0 0 0 0 0 0 0 0 0 0 0 0]
[1 1 1 1 1 1 1 1 1 1 1 1 1 1 1 1 1 1 1 1 1 1 1 1 1 1 1 1 1 1 1 1 1 1 1 1 1
 1 1 1 1 1 1 1 1 1 1 1 1 1 1 1 1 1 1 1 1 1 1 1 1 1 1 1 1 1 1 1 1 1 1 1 1 1
 1 1 1 1 1 1 1 1 1 1 1 1 1 1 1 1 1 1 1 1 1 1 1 1 1 1]
