[ 0  1  2  3  4  5  6  7  8  9 10 11 12 13 14 15 16 17 18 19 20 21 22 23
 24 25 26 27 28 29 30 31 32 33 34 35 36 37 38 39 40 41 42 43 44 45 46 47
 48 49 50 51 52 53 54 55 56 57 58 59 60 61 62 63 64 65 66 67 68 69 70 71
 72 73 74 75 76 77 78 79 80 81 82 83 84 85 86 87 88 89 90 91 92 93 94 95
 96 97 98 99]
[-1 92 19 69 -1 -1 19 51 -1 -1 40 31 -1 37 57 14 99 -1 40 57 51 13  2 89
 -1 79 -1 74 58 34 16 69 -1 80 60 -1 93 26  5 12 86 93 74 41 71 27  5 17
 70 16 -1 -1 51 44 -1 -1 69 -1 -1 -1 12 37 -1 83 67 -1 76 31 52 76 -1 13
 56 81 -1 -1 -1 61 -1 97 -1 35 91 26 -1 -1 -1 97 78 -1  0 -1 -1 87 52  6
 56 68 -1 -1]
[0 0 0 0 1 1 1 0 0 1 0 0 0 1 1 0 1 1 0 0 0 1 1 1 1 0 1 1 1 0 0 1 0 0 1 0 0
 1 0 1 0 0 1 0 1 1 0 1 0 1 0 1 0 1 1 1 1 1 1 0 1 0 0 0 0 1 0 1 0 0 1 0 0 0
 0 1 0 1 1 1 0 0 0 1 1 0 0 1 0 1 0 0 1 0 1 1 0 1 0 0]
[4 2 1 4 0 0 0 2 0 0 0 3 0 3 1 1 0 3 0 0 4 3 0 0 0 0 3 0 0 2 0 1 4 0 0 4 3
 3 4 0 0 0 1 0 2 1 0 3 1 0 2 0 0 0 0 4 0 2 0 4 3 1 0 0 0 0 0 3 4 0 1 0 0 0
 3 0 3 2 0 0 0 2 2 0 4 0 3 2 4 0 4 0 2 2 4 0 4 3 3 2]
[4 2 1 4 0 0 0 2 0 0 0 3 0 3 1 1 0 3 0 0 4 3 0 0 0 0 3 0 0 2 0 1 4 0 0 4 3
 3 4 0 0 0 1 0 2 1 0 3 1 0 2 0 0 0 0 4 0 2 0 4 3 1 0 0 0 0 0 3 4 0 1 0 0 0
 3 0 3 2 0 0 0 2 2 0 4 0 3 2 4 0 4 0 2 2 4 0 4 3 3 2]
[9 3 1 2 2 1 9 6 5 9 8 7 3 5 7 3 2 6 9 6 4 8 9 7 5 2 2 5 3 2 5 4 2 7 7 1 5
 4 4 1 6 8 4 9 2 7 3 3 6 8 5 7 3 6 6 8 1 4 3 3 2 7 8 6 4 4 2 2 1 3 1 4 9 4
 8 6 9 5 7 6 4 8 1 6 5 6 8 9 2 4 1 9 3 1 8 6 4 3 3 6]
[9 3 1 2 2 1 9 6 5 9 8 7 3 5 7 3 2 6 9 6 4 8 9 7 5 2 2 5 3 2 5 4 2 7 7 1 5
 4 4 1 6 8 4 9 2 7 3 3 6 8 5 7 3 6 6 8 1 4 3 3 2 7 8 6 4 4 2 2 1 3 1 4 9 4
 8 6 9 5 7 6 4 8 1 6 5 6 8 9 2 4 1 9 3 1 8 6 4 3 3 6]
[18, 50, 16, 40, 32, 28, 48, 21, 21, 50, 19, 50, 34, 43, 50, 29, 31, 50, 25, 50, 34, 50, 50, 50, 50, 42, 50, 50, 50, 38, 46, 50, 15, 50, 50, 38, 50, 25, 10, 50, 50, 50, 50, 50, 14, 50, 50, 50, 14, 50, 16, 15, 50, 50, 50, 47, 50, 50, 29, 44, 43, 50, 27, 50, 39, 50, 50, 50, 50, 50, 50, 30, 50, 24, 50, 32, 50, 21, 50, 50, 50, 13, 50, 50, 24, 29, 50, 50, 50, 13, 50, 50, 50, 50, 26, 14, 26, 31, 26, 50]
[0 0 0 0 0 0 0 0 0 0 0 0 0 0 0 0 0 0 0 0 0 0 0 0 0 0 0 0 0 0 0 0 0 0 0 0 0
 0 0 0 0 0 0 0 0 0 0 0 0 0 0 0 0 0 0 0 0 0 0 0 0 0 0 0 0 0 0 0 0 0 0 0 0 0
 0 0 0 0 0 0 0 0 0 0 0 0 0 0 0 0 0 0 0 0 0 0 0 0 0 0]
[1 1 1 1 1 1 1 1 1 1 1 1 1 1 1 1 1 1 1 1 1 1 1 1 1 1 1 1 1 1 1 1 1 1 1 1 1
 1 1 1 1 1 1 1 1 1 1 1 1 1 1 1 1 1 1 1 1 1 1 1 1 1 1 1 1 1 1 1 1 1 1 1 1 1
 1 1 1 1 1 1 1 1 1 1 1 1 1 1 1 1 1 1 1 1 1 1 1 1 1 1]
