[ 0  1  2  3  4  5  6  7  8  9 10 11 12 13 14 15 16 17 18 19 20 21 22 23
 24 25 26 27 28 29 30 31 32 33 34 35 36 37 38 39 40 41 42 43 44 45 46 47
 48 49 50 51 52 53 54 55 56 57 58 59 60 61 62 63 64 65 66 67 68 69 70 71
 72 73 74 75 76 77 78 79 80 81 82 83 84 85 86 87 88 89 90 91 92 93 94 95
 96 97 98 99]
[-1 45 -1 -1 77 48 64 -1 -1 72 -1 44 22 55 28 31 37 47 -1 -1 96 -1 -1 26
 82 69 58 34 -1 73 41 -1  0 -1 -1 17 94 11 94 84 -1 16 17 42 80 -1 13 -1
 24 -1 53 -1 13 22 86 -1 98 64 16 68 27 73 -1 13 80 -1 74 24 25 30 87 -1
 -1 31 56 11 -1 -1 69 96  4 49 -1 77 -1 21 -1 97  5 -1 58 48 -1 -1 -1 -1
 -1 41 90 15]
[1 1 1 0 0 0 0 1 0 1 1 1 1 0 0 0 0 1 1 0 1 0 0 0 0 1 1 0 0 0 1 0 1 0 0 0 1
 1 1 0 0 1 0 0 1 1 0 0 0 1 1 1 1 1 0 1 1 0 0 0 0 0 1 1 1 1 1 1 0 0 1 0 1 0
 0 1 0 1 1 1 0 1 0 0 0 0 1 0 0 1 0 0 0 0 1 1 0 0 0 0]
[0 0 0 0 1 3 1 3 1 0 0 0 4 0 3 0 2 4 0 0 0 0 0 0 0 0 4 1 2 4 0 1 0 1 3 0 0
 3 2 0 3 0 0 2 4 4 0 0 0 3 4 3 0 4 2 0 2 4 2 0 2 1 3 0 3 2 2 4 0 4 0 0 1 0
 0 0 2 0 0 4 0 4 0 4 2 0 4 4 0 0 0 0 0 4 0 0 4 2 0 3]
[0 0 0 0 1 3 1 3 1 0 0 0 4 0 3 0 2 4 0 0 0 0 0 0 0 0 4 1 2 4 0 1 0 1 3 0 0
 3 2 0 3 0 0 2 4 4 0 0 0 3 4 3 0 4 2 0 2 4 2 0 2 1 3 0 3 2 2 4 0 4 0 0 1 0
 0 0 2 0 0 4 0 4 0 4 2 0 4 4 0 0 0 0 0 4 0 0 4 2 0 3]
[8 1 7 1 2 5 8 3 9 2 9 4 5 7 3 6 1 7 3 3 6 8 2 4 8 4 7 8 6 7 2 4 9 4 8 6 7
 8 3 9 9 3 5 5 4 9 9 7 2 9 8 8 3 5 7 3 9 9 9 4 9 6 1 7 2 5 5 9 2 6 5 3 8 7
 8 7 4 4 2 2 7 2 3 5 8 6 6 8 1 2 1 2 3 6 1 8 5 7 8 5]
[8 1 7 1 2 5 8 3 9 2 9 4 5 7 3 6 1 7 3 3 6 8 2 4 8 4 7 8 6 7 2 4 9 4 8 6 7
 8 3 9 9 3 5 5 4 9 9 7 2 9 8 8 3 5 7 3 9 9 9 4 9 6 1 7 2 5 5 9 2 6 5 3 8 7
 8 7 4 4 2 2 7 2 3 5 8 6 6 8 1 2 1 2 3 6 1 8 5 7 8 5]
[50, 44, 50, 40, 25, 50, 50, 22, 50, 50, 34, 50, 29, 50, 50, 36, 50, 22, 42, 50, 50, 50, 26, 10, 50, 17, 50, 39, 23, 33, 50, 50, 50, 50, 42, 50, 50, 45, 50, 50, 27, 10, 36, 29, 28, 25, 50, 33, 22, 10, 50, 39, 25, 41, 32, 15, 50, 50, 50, 19, 12, 29, 49, 50, 50, 48, 50, 21, 50, 40, 50, 28, 50, 50, 31, 34, 24, 33, 50, 50, 38, 46, 50, 18, 50, 50, 50, 50, 50, 50, 50, 50, 17, 19, 50, 43, 50, 50, 50, 50]
[0 0 0 0 0 0 0 0 0 0 0 0 0 0 0 0 0 0 0 0 0 0 0 0 0 0 0 0 0 0 0 0 0 0 0 0 0
 0 0 0 0 0 0 0 0 0 0 0 0 0 0 0 0 0 0 0 0 0 0 0 0 0 0 0 0 0 0 0 0 0 0 0 0 0
 0 0 0 0 0 0 0 0 0 0 0 0 0 0 0 0 0 0 0 0 0 0 0 0 0 0]
[1 1 1 1 1 1 1 1 1 1 1 1 1 1 1 1 1 1 1 1 1 1 1 1 1 1 1 1 1 1 1 1 1 1 1 1 1
 1 1 1 1 1 1 1 1 1 1 1 1 1 1 1 1 1 1 1 1 1 1 1 1 1 1 1 1 1 1 1 1 1 1 1 1 1
 1 1 1 1 1 1 1 1 1 1 1 1 1 1 1 1 1 1 1 1 1 1 1 1 1 1]
