[ 0  1  2  3  4  5  6  7  8  9 10 11 12 13 14 15 16 17 18 19 20 21 22 23
 24 25 26 27 28 29 30 31 32 33 34 35 36 37 38 39 40 41 42 43 44 45 46 47
 48 49 50 51 52 53 54 55 56 57 58 59 60 61 62 63 64 65 66 67 68 69 70 71
 72 73 74 75 76 77 78 79 80 81 82 83 84 85 86 87 88 89 90 91 92 93 94 95
 96 97 98 99]
[ 3 -1 -1 70 -1 86 67 -1  4 -1 -1 72 24 -1 -1  4 68 -1 49 81 -1 -1 -1 59
 -1 -1 -1 -1 -1 91 96 69 -1 -1 -1  6 -1 23 -1 26 86 20 -1 58 53 72 22 89
 17 72 -1 34 -1  1 82 74 -1 19 26 -1 27 59 88 52 17 33 57 -1 45 26 -1 -1
 78 36 -1 51 -1 10 79 22 32 -1 -1 28 72 -1 -1 66 17 -1 96 93 80 28 23 92
 -1 28 69 82]
[0 1 0 1 0 0 1 0 0 0 0 1 1 0 0 1 0 0 0 0 0 0 0 0 1 0 1 1 0 1 1 0 1 1 1 0 0
 0 0 1 1 1 0 0 1 1 1 0 0 1 1 0 1 0 1 0 1 0 1 1 0 0 1 0 0 0 1 0 0 0 0 0 0 1
 1 1 1 1 1 0 1 0 0 0 1 0 0 0 1 0 0 0 0 1 0 0 0 1 0 1]
[0 3 0 2 0 1 1 0 4 1 2 1 0 0 0 0 4 1 2 0 3 0 2 0 4 0 4 0 0 4 0 0 0 1 0 0 1
 0 2 0 0 0 0 4 4 0 0 1 0 0 3 0 1 0 1 1 0 0 0 2 0 3 1 4 0 2 2 0 0 0 0 0 4 0
 1 0 4 1 0 1 3 0 4 0 0 0 3 2 4 1 0 0 0 4 0 3 0 4 1 0]
[0 3 0 2 0 1 1 0 4 1 2 1 0 0 0 0 4 1 2 0 3 0 2 0 4 0 4 0 0 4 0 0 0 1 0 0 1
 0 2 0 0 0 0 4 4 0 0 1 0 0 3 0 1 0 1 1 0 0 0 2 0 3 1 4 0 2 2 0 0 0 0 0 4 0
 1 0 4 1 0 1 3 0 4 0 0 0 3 2 4 1 0 0 0 4 0 3 0 4 1 0]
[5 7 9 8 9 6 9 6 7 6 1 8 3 9 9 9 1 5 9 7 3 7 1 3 8 6 2 9 3 7 5 6 9 9 8 6 5
 8 2 7 2 9 7 7 9 4 9 5 6 9 6 8 7 8 2 8 1 5 7 5 3 9 2 1 9 9 7 3 8 1 5 7 4 3
 2 1 4 5 2 6 5 2 2 9 3 1 6 8 3 2 9 2 5 4 6 1 1 6 3 6]
[5 7 9 8 9 6 9 6 7 6 1 8 3 9 9 9 1 5 9 7 3 7 1 3 8 6 2 9 3 7 5 6 9 9 8 6 5
 8 2 7 2 9 7 7 9 4 9 5 6 9 6 8 7 8 2 8 1 5 7 5 3 9 2 1 9 9 7 3 8 1 5 7 4 3
 2 1 4 5 2 6 5 2 2 9 3 1 6 8 3 2 9 2 5 4 6 1 1 6 3 6]
[50, 47, 21, 50, 35, 46, 45, 50, 50, 23, 30, 40, 50, 50, 48, 22, 50, 50, 27, 27, 50, 49, 20, 50, 30, 43, 22, 50, 18, 50, 50, 17, 50, 34, 50, 13, 45, 27, 43, 23, 42, 50, 50, 50, 50, 31, 36, 27, 19, 28, 50, 40, 15, 16, 40, 47, 50, 47, 14, 43, 37, 50, 50, 50, 50, 50, 45, 50, 50, 50, 50, 37, 43, 14, 50, 50, 15, 50, 50, 50, 34, 50, 50, 39, 43, 50, 12, 23, 38, 50, 19, 50, 24, 50, 50, 50, 50, 50, 50, 37]
[0 0 0 0 0 0 0 0 0 0 0 0 0 0 0 0 0 0 0 0 0 0 0 0 0 0 0 0 0 0 0 0 0 0 0 0 0
 0 0 0 0 0 0 0 0 0 0 0 0 0 0 0 0 0 0 0 0 0 0 0 0 0 0 0 0 0 0 0 0 0 0 0 0 0
 0 0 0 0 0 0 0 0 0 0 0 0 0 0 0 0 0 0 0 0 0 0 0 0 0 0]
[1 1 1 1 1 1 1 1 1 1 1 1 1 1 1 1 1 1 1 1 1 1 1 1 1 1 1 1 1 1 1 1 1 1 1 1 1
 1 1 1 1 1 1 1 1 1 1 1 1 1 1 1 1 1 1 1 1 1 1 1 1 1 1 1 1 1 1 1 1 1 1 1 1 1
 1 1 1 1 1 1 1 1 1 1 1 1 1 1 1 1 1 1 1 1 1 1 1 1 1 1]
