[ 0  1  2  3  4  5  6  7  8  9 10 11 12 13 14 15 16 17 18 19 20 21 22 23
 24 25 26 27 28 29 30 31 32 33 34 35 36 37 38 39 40 41 42 43 44 45 46 47
 48 49 50 51 52 53 54 55 56 57 58 59 60 61 62 63 64 65 66 67 68 69 70 71
 72 73 74 75 76 77 78 79 80 81 82 83 84 85 86 87 88 89 90 91 92 93 94 95
 96 97 98 99]
[48 -1 56 -1 79 75 47 61 62 51 93  2 25 -1 80  3 64 58 77 83 -1 -1 64 -1
 25 86 -1 10 -1 71 86 39 36 -1 69 -1 -1  3 50 15 56 -1 44 42 -1 -1 59 80
 44 39 -1 -1 -1 -1 -1 -1 98 11 29 61 53 48 -1 15 86 -1 82 -1 37 57 71 -1
 41 84 -1 -1 27 50 -1 56 -1 22 69  9 -1 28 54 -1 25 -1 65 36 31 -1 10 -1
 13 43 -1 52]
[1 1 0 0 0 1 1 1 0 1 1 0 1 1 1 0 1 1 1 0 1 1 1 1 1 0 1 0 0 0 1 1 1 1 1 1 1
 1 1 1 1 1 1 0 0 1 1 1 1 1 0 0 0 0 1 1 1 1 1 1 1 0 0 0 1 1 1 1 0 1 0 0 1 0
 0 0 1 1 1 0 1 1 0 1 0 1 0 0 0 0 1 0 1 0 1 1 1 0 1 0]
[4 1 0 0 0 0 2 0 0 3 1 0 0 0 0 0 0 0 0 2 0 4 0 3 3 0 0 4 0 4 0 4 0 0 0 1 2
 0 0 3 0 0 0 0 2 1 1 1 3 3 0 0 0 2 0 2 0 0 2 2 4 0 2 0 3 0 4 0 4 0 2 2 0 1
 0 1 0 0 0 3 3 2 2 3 4 2 0 3 0 0 4 1 4 0 4 1 4 0 3 0]
[4 1 0 0 0 0 2 0 0 3 1 0 0 0 0 0 0 0 0 2 0 4 0 3 3 0 0 4 0 4 0 4 0 0 0 1 2
 0 0 3 0 0 0 0 2 1 1 1 3 3 0 0 0 2 0 2 0 0 2 2 4 0 2 0 3 0 4 0 4 0 2 2 0 1
 0 1 0 0 0 3 3 2 2 3 4 2 0 3 0 0 4 1 4 0 4 1 4 0 3 0]
[5 3 4 5 4 3 8 7 7 8 6 2 3 1 4 1 4 6 8 3 4 2 1 2 3 6 6 4 8 9 2 3 9 9 2 9 5
 9 8 1 9 5 6 7 7 3 7 2 5 5 8 3 2 9 1 8 7 1 6 6 2 6 2 4 1 2 8 5 5 3 5 5 6 9
 7 1 1 8 6 4 4 5 1 1 3 7 3 7 3 8 3 3 9 9 6 5 6 5 4 1]
[5 3 4 5 4 3 8 7 7 8 6 2 3 1 4 1 4 6 8 3 4 2 1 2 3 6 6 4 8 9 2 3 9 9 2 9 5
 9 8 1 9 5 6 7 7 3 7 2 5 5 8 3 2 9 1 8 7 1 6 6 2 6 2 4 1 2 8 5 5 3 5 5 6 9
 7 1 1 8 6 4 4 5 1 1 3 7 3 7 3 8 3 3 9 9 6 5 6 5 4 1]
[50, 50, 44, 22, 50, 50, 50, 50, 34, 30, 50, 50, 50, 23, 50, 50, 43, 33, 50, 28, 20, 40, 50, 28, 25, 27, 49, 46, 24, 14, 50, 13, 47, 43, 10, 29, 20, 50, 23, 50, 50, 11, 50, 50, 50, 19, 50, 50, 45, 35, 50, 50, 50, 50, 49, 50, 50, 49, 50, 50, 50, 50, 24, 50, 50, 50, 25, 23, 50, 50, 50, 21, 50, 42, 24, 30, 50, 42, 30, 50, 50, 44, 10, 50, 50, 19, 22, 50, 16, 50, 33, 32, 50, 12, 34, 50, 48, 50, 50, 46]
[0 0 0 0 0 0 0 0 0 0 0 0 0 0 0 0 0 0 0 0 0 0 0 0 0 0 0 0 0 0 0 0 0 0 0 0 0
 0 0 0 0 0 0 0 0 0 0 0 0 0 0 0 0 0 0 0 0 0 0 0 0 0 0 0 0 0 0 0 0 0 0 0 0 0
 0 0 0 0 0 0 0 0 0 0 0 0 0 0 0 0 0 0 0 0 0 0 0 0 0 0]
[1 1 1 1 1 1 1 1 1 1 1 1 1 1 1 1 1 1 1 1 1 1 1 1 1 1 1 1 1 1 1 1 1 1 1 1 1
 1 1 1 1 1 1 1 1 1 1 1 1 1 1 1 1 1 1 1 1 1 1 1 1 1 1 1 1 1 1 1 1 1 1 1 1 1
 1 1 1 1 1 1 1 1 1 1 1 1 1 1 1 1 1 1 1 1 1 1 1 1 1 1]
