[ 0  1  2  3  4  5  6  7  8  9 10 11 12 13 14 15 16 17 18 19 20 21 22 23
 24 25 26 27 28 29 30 31 32 33 34 35 36 37 38 39 40 41 42 43 44 45 46 47
 48 49 50 51 52 53 54 55 56 57 58 59 60 61 62 63 64 65 66 67 68 69 70 71
 72 73 74 75 76 77 78 79 80 81 82 83 84 85 86 87 88 89 90 91 92 93 94 95
 96 97 98 99]
[-1 10 -1  5 63 80 69 -1 42 81 -1 77 78 16 22 -1 64 -1 73 -1 -1 63 83 94
 81 -1 28 -1 63 -1 34 -1 -1 23 58 91 -1 -1 87 96 -1 -1  3 74 -1 59 30  6
 81 -1 10 54 70 16 24 -1 -1 -1 -1 71 -1 57 64 42 -1 -1  0 20 -1 18 -1 -1
 -1 65 38 90 41 -1 51 -1 -1 33 -1 -1 55 46 -1 -1 29 -1 34 48 55 11 28 31
 -1 74 -1 -1]
[1 0 1 0 1 1 1 1 1 1 0 0 0 1 1 0 0 0 1 1 0 0 1 1 1 0 1 1 1 0 0 0 0 1 0 0 0
 0 0 0 0 1 1 1 1 0 0 1 0 1 1 1 1 1 0 0 1 1 1 0 1 0 1 0 1 0 0 1 1 0 1 0 1 0
 0 0 1 1 0 1 0 0 0 0 1 1 0 0 0 0 0 1 0 0 1 1 1 0 0 1]
[0 0 0 4 2 3 3 1 3 4 1 0 2 0 4 0 2 0 4 4 0 2 0 0 0 2 0 1 0 1 1 1 3 0 0 4 4
 0 0 2 0 3 2 0 0 0 2 3 1 1 0 0 3 0 3 0 0 0 0 0 0 3 0 0 0 0 1 1 2 1 1 0 1 0
 0 0 0 4 0 4 3 1 1 2 0 0 0 0 2 3 0 4 3 1 0 4 4 4 2 4]
[0 0 0 4 2 3 3 1 3 4 1 0 2 0 4 0 2 0 4 4 0 2 0 0 0 2 0 1 0 1 1 1 3 0 0 4 4
 0 0 2 0 3 2 0 0 0 2 3 1 1 0 0 3 0 3 0 0 0 0 0 0 3 0 0 0 0 1 1 2 1 1 0 1 0
 0 0 0 4 0 4 3 1 1 2 0 0 0 0 2 3 0 4 3 1 0 4 4 4 2 4]
[8 2 4 4 8 1 4 4 7 8 5 1 5 8 7 9 4 9 5 9 8 1 8 1 9 9 8 8 7 9 9 8 1 5 3 8 3
 2 6 2 8 4 8 7 9 8 1 9 3 6 3 4 8 2 6 9 5 6 2 6 4 4 3 1 4 2 2 3 9 6 6 1 7 6
 9 9 1 8 4 1 4 6 3 7 3 4 2 9 7 3 3 3 7 3 2 3 1 1 3 6]
[8 2 4 4 8 1 4 4 7 8 5 1 5 8 7 9 4 9 5 9 8 1 8 1 9 9 8 8 7 9 9 8 1 5 3 8 3
 2 6 2 8 4 8 7 9 8 1 9 3 6 3 4 8 2 6 9 5 6 2 6 4 4 3 1 4 2 2 3 9 6 6 1 7 6
 9 9 1 8 4 1 4 6 3 7 3 4 2 9 7 3 3 3 7 3 2 3 1 1 3 6]
[50, 31, 25, 50, 50, 44, 50, 50, 30, 50, 48, 27, 43, 50, 50, 50, 50, 30, 11, 26, 47, 50, 17, 35, 15, 29, 50, 37, 50, 50, 50, 45, 37, 33, 50, 46, 50, 15, 50, 31, 22, 50, 50, 50, 13, 50, 50, 50, 50, 24, 31, 50, 16, 50, 48, 50, 25, 13, 43, 50, 35, 19, 50, 50, 28, 50, 50, 50, 11, 50, 25, 32, 50, 50, 27, 43, 50, 50, 30, 50, 50, 36, 50, 41, 50, 29, 41, 28, 10, 50, 50, 38, 39, 50, 50, 50, 36, 15, 50, 50]
[0 0 0 0 0 0 0 0 0 0 0 0 0 0 0 0 0 0 0 0 0 0 0 0 0 0 0 0 0 0 0 0 0 0 0 0 0
 0 0 0 0 0 0 0 0 0 0 0 0 0 0 0 0 0 0 0 0 0 0 0 0 0 0 0 0 0 0 0 0 0 0 0 0 0
 0 0 0 0 0 0 0 0 0 0 0 0 0 0 0 0 0 0 0 0 0 0 0 0 0 0]
[1 1 1 1 1 1 1 1 1 1 1 1 1 1 1 1 1 1 1 1 1 1 1 1 1 1 1 1 1 1 1 1 1 1 1 1 1
 1 1 1 1 1 1 1 1 1 1 1 1 1 1 1 1 1 1 1 1 1 1 1 1 1 1 1 1 1 1 1 1 1 1 1 1 1
 1 1 1 1 1 1 1 1 1 1 1 1 1 1 1 1 1 1 1 1 1 1 1 1 1 1]
