[ 0  1  2  3  4  5  6  7  8  9 10 11 12 13 14 15 16 17 18 19 20 21 22 23
 24 25 26 27 28 29 30 31 32 33 34 35 36 37 38 39 40 41 42 43 44 45 46 47
 48 49 50 51 52 53 54 55 56 57 58 59 60 61 62 63 64 65 66 67 68 69 70 71
 72 73 74 75 76 77 78 79 80 81 82 83 84 85 86 87 88 89 90 91 92 93 94 95
 96 97 98 99]
[61 37 84 53 -1 -1 -1 -1 -1 -1 50 51 52  7 -1 30 -1 -1 86 99 -1  8 96 16
 -1 -1 37 26 13  0 57  0 -1 -1 32 -1 -1  9 -1 37 70 22 -1 -1 -1 -1  2 -1
  1 -1 64 -1 -1 25 21 95 -1  6 -1 16 22 -1 -1 86 59 -1 -1  4 -1 30 -1 -1
 -1 98 60 57 -1 -1  4 58 -1 -1 66  3 -1 72 91 64 17  7 72 50 -1 28 98 26
 83 53 29 68]
[0 0 0 1 1 0 1 1 1 0 0 1 0 1 1 1 0 1 1 0 0 0 1 1 0 0 0 0 0 1 0 0 0 0 0 0 0
 0 1 0 0 1 1 0 1 0 1 1 0 0 1 0 1 0 1 1 0 0 1 1 0 0 0 0 1 1 0 0 0 0 1 1 1 1
 1 1 0 0 0 0 0 1 0 0 0 0 1 0 1 1 0 0 0 0 1 1 0 1 1 1]
[0 0 0 0 4 2 0 4 0 0 4 0 0 0 0 0 0 0 0 4 3 0 0 4 0 1 0 1 0 3 1 0 4 1 1 2 2
 3 2 1 2 1 0 0 0 0 1 0 1 3 4 1 0 0 0 3 0 4 0 0 2 1 0 0 4 2 0 2 3 0 0 2 4 4
 2 0 4 0 3 2 2 0 1 3 0 1 0 2 0 2 0 0 4 2 3 4 0 0 0 0]
[0 0 0 0 4 2 0 4 0 0 4 0 0 0 0 0 0 0 0 4 3 0 0 4 0 1 0 1 0 3 1 0 4 1 1 2 2
 3 2 1 2 1 0 0 0 0 1 0 1 3 4 1 0 0 0 3 0 4 0 0 2 1 0 0 4 2 0 2 3 0 0 2 4 4
 2 0 4 0 3 2 2 0 1 3 0 1 0 2 0 2 0 0 4 2 3 4 0 0 0 0]
[4 1 7 5 7 3 5 4 9 5 2 4 4 6 6 6 3 2 8 8 7 3 2 8 9 1 7 8 9 9 3 8 4 6 5 4 3
 7 9 1 3 8 6 6 8 4 7 3 8 5 4 9 7 3 8 8 4 5 7 3 2 6 6 1 8 7 1 1 5 1 2 4 2 6
 7 9 7 5 1 7 1 3 1 1 1 7 2 3 5 5 2 8 4 6 2 3 2 7 5 4]
[4 1 7 5 7 3 5 4 9 5 2 4 4 6 6 6 3 2 8 8 7 3 2 8 9 1 7 8 9 9 3 8 4 6 5 4 3
 7 9 1 3 8 6 6 8 4 7 3 8 5 4 9 7 3 8 8 4 5 7 3 2 6 6 1 8 7 1 1 5 1 2 4 2 6
 7 9 7 5 1 7 1 3 1 1 1 7 2 3 5 5 2 8 4 6 2 3 2 7 5 4]
[27, 34, 50, 38, 33, 50, 50, 46, 22, 37, 50, 50, 40, 22, 50, 50, 50, 50, 41, 43, 32, 37, 14, 12, 38, 50, 18, 50, 47, 50, 50, 37, 34, 50, 34, 50, 50, 50, 24, 43, 50, 50, 34, 37, 50, 50, 40, 23, 50, 23, 50, 50, 50, 50, 50, 24, 50, 50, 27, 23, 26, 44, 50, 50, 17, 29, 50, 50, 10, 50, 18, 14, 39, 50, 50, 17, 16, 50, 50, 20, 16, 50, 50, 32, 33, 50, 50, 13, 41, 50, 47, 50, 50, 34, 50, 50, 50, 50, 50, 50]
[0 0 0 0 0 0 0 0 0 0 0 0 0 0 0 0 0 0 0 0 0 0 0 0 0 0 0 0 0 0 0 0 0 0 0 0 0
 0 0 0 0 0 0 0 0 0 0 0 0 0 0 0 0 0 0 0 0 0 0 0 0 0 0 0 0 0 0 0 0 0 0 0 0 0
 0 0 0 0 0 0 0 0 0 0 0 0 0 0 0 0 0 0 0 0 0 0 0 0 0 0]
[1 1 1 1 1 1 1 1 1 1 1 1 1 1 1 1 1 1 1 1 1 1 1 1 1 1 1 1 1 1 1 1 1 1 1 1 1
 1 1 1 1 1 1 1 1 1 1 1 1 1 1 1 1 1 1 1 1 1 1 1 1 1 1 1 1 1 1 1 1 1 1 1 1 1
 1 1 1 1 1 1 1 1 1 1 1 1 1 1 1 1 1 1 1 1 1 1 1 1 1 1]
