[ 0  1  2  3  4  5  6  7  8  9 10 11 12 13 14 15 16 17 18 19 20 21 22 23
 24 25 26 27 28 29 30 31 32 33 34 35 36 37 38 39 40 41 42 43 44 45 46 47
 48 49 50 51 52 53 54 55 56 57 58 59 60 61 62 63 64 65 66 67 68 69 70 71
 72 73 74 75 76 77 78 79 80 81 82 83 84 85 86 87 88 89 90 91 92 93 94 95
 96 97 98 99]
[12 74 99 -1 88  8 31 77 23 55 -1 43 47 -1 -1 55 81  7 57 25 -1 -1 77 14
 86 22 -1 -1 93  3 -1 93 38 59 55 -1 99 49 -1 25 36 25 -1 40 -1 95 24 10
 -1 -1 73 26 98 -1 98 -1 78 -1 13 14 -1 39 -1  0 -1  4 28 -1 54 28 20 49
 37 -1  9 45 52 -1 74 -1 34 37 44 32 -1 64 -1 -1 44 -1 -1 28 -1 56 -1 65
 -1 -1 57 49]
[1 0 1 1 1 1 1 0 0 0 1 1 1 1 1 0 1 1 1 1 1 1 1 0 1 0 1 1 1 0 1 0 0 0 1 1 1
 0 0 0 0 1 1 1 0 1 1 0 1 1 1 0 0 1 1 0 0 0 0 0 1 0 0 1 0 0 1 0 0 1 1 1 0 1
 1 1 0 0 1 1 0 0 0 0 1 0 0 1 0 1 0 1 0 1 0 1 0 0 0 1]
[0 1 4 0 0 0 3 0 1 0 2 0 0 1 2 3 3 0 0 4 0 4 2 0 3 0 0 4 0 0 4 0 0 1 0 1 0
 0 1 0 1 2 0 0 0 1 0 2 0 4 4 0 0 4 4 0 1 2 2 0 0 0 1 0 3 0 2 2 4 0 0 0 0 0
 4 0 3 1 0 3 0 1 1 0 3 4 1 0 0 3 0 2 0 1 3 0 0 1 2 2]
[0 1 4 0 0 0 3 0 1 0 2 0 0 1 2 3 3 0 0 4 0 4 2 0 3 0 0 4 0 0 4 0 0 1 0 1 0
 0 1 0 1 2 0 0 0 1 0 2 0 4 4 0 0 4 4 0 1 2 2 0 0 0 1 0 3 0 2 2 4 0 0 0 0 0
 4 0 3 1 0 3 0 1 1 0 3 4 1 0 0 3 0 2 0 1 3 0 0 1 2 2]
[5 9 8 7 1 2 5 1 3 2 1 1 8 9 4 9 1 3 5 6 1 3 1 7 5 8 6 4 3 9 2 8 2 1 6 3 7
 5 8 2 8 1 9 4 5 4 3 4 3 8 6 3 9 2 2 7 1 6 6 4 9 5 6 2 3 7 1 5 6 9 6 1 3 3
 4 1 4 3 9 8 7 3 8 4 2 9 7 2 9 2 1 2 8 9 3 3 2 6 1 6]
[5 9 8 7 1 2 5 1 3 2 1 1 8 9 4 9 1 3 5 6 1 3 1 7 5 8 6 4 3 9 2 8 2 1 6 3 7
 5 8 2 8 1 9 4 5 4 3 4 3 8 6 3 9 2 2 7 1 6 6 4 9 5 6 2 3 7 1 5 6 9 6 1 3 3
 4 1 4 3 9 8 7 3 8 4 2 9 7 2 9 2 1 2 8 9 3 3 2 6 1 6]
[50, 50, 50, 50, 14, 17, 16, 50, 48, 13, 50, 32, 50, 41, 32, 50, 30, 50, 12, 41, 37, 50, 50, 28, 50, 50, 50, 15, 50, 17, 50, 50, 23, 23, 28, 50, 16, 50, 43, 21, 50, 15, 11, 50, 50, 50, 42, 50, 50, 15, 50, 24, 40, 10, 42, 50, 50, 37, 50, 28, 50, 50, 50, 45, 50, 45, 15, 39, 44, 50, 50, 41, 50, 34, 26, 25, 50, 50, 50, 50, 35, 33, 49, 50, 38, 46, 26, 38, 45, 50, 50, 50, 50, 50, 50, 50, 44, 21, 50, 50]
[0 0 0 0 0 0 0 0 0 0 0 0 0 0 0 0 0 0 0 0 0 0 0 0 0 0 0 0 0 0 0 0 0 0 0 0 0
 0 0 0 0 0 0 0 0 0 0 0 0 0 0 0 0 0 0 0 0 0 0 0 0 0 0 0 0 0 0 0 0 0 0 0 0 0
 0 0 0 0 0 0 0 0 0 0 0 0 0 0 0 0 0 0 0 0 0 0 0 0 0 0]
[1 1 1 1 1 1 1 1 1 1 1 1 1 1 1 1 1 1 1 1 1 1 1 1 1 1 1 1 1 1 1 1 1 1 1 1 1
 1 1 1 1 1 1 1 1 1 1 1 1 1 1 1 1 1 1 1 1 1 1 1 1 1 1 1 1 1 1 1 1 1 1 1 1 1
 1 1 1 1 1 1 1 1 1 1 1 1 1 1 1 1 1 1 1 1 1 1 1 1 1 1]
