[ 0  1  2  3  4  5  6  7  8  9 10 11 12 13 14 15 16 17 18 19 20 21 22 23
 24 25 26 27 28 29 30 31 32 33 34 35 36 37 38 39 40 41 42 43 44 45 46 47
 48 49 50 51 52 53 54 55 56 57 58 59 60 61 62 63 64 65 66 67 68 69 70 71
 72 73 74 75 76 77 78 79 80 81 82 83 84 85 86 87 88 89 90 91 92 93 94 95
 96 97 98 99]
[99 50 15 45 -1 -1 71  0 12 -1 -1 -1 -1 75 11 97 -1 60 -1 37 76 46  4 57
 96 -1 69 52 94 22  8 -1 76  5 17 -1 10 18 -1 53  1 -1 99 25 92 -1 73 60
  1  2  9 -1 42 -1 -1 59 -1 -1 72 -1 -1 -1 17 12 -1 -1 -1 10 73 49 -1 57
 -1 39 -1 19 10 -1 38 42 12 25 32 24 78 79 -1 -1 -1 98 14 -1 -1 56 50  8
 -1 78 34 31]
[1 0 1 0 0 0 0 1 0 0 1 0 1 1 0 1 0 1 0 0 0 0 0 1 1 1 1 0 0 0 1 0 0 0 1 1 0
 0 1 1 0 1 1 1 0 1 0 0 0 0 1 1 0 1 1 0 1 1 0 0 0 0 1 1 1 1 0 0 1 0 1 1 1 1
 1 0 0 1 1 1 0 0 0 1 0 0 1 1 0 1 0 1 1 1 1 1 1 1 0 0]
[0 0 0 0 3 0 1 0 1 0 3 1 0 0 0 0 3 1 2 0 0 2 1 0 0 0 0 0 0 0 0 4 0 3 0 4 3
 0 1 3 0 0 2 0 0 0 3 0 1 0 4 0 0 1 4 0 4 0 2 3 0 0 0 2 3 1 4 0 0 4 1 4 2 0
 4 0 0 0 1 0 0 4 1 0 1 0 4 0 2 0 4 0 4 0 0 0 0 0 3 3]
[0 0 0 0 3 0 1 0 1 0 3 1 0 0 0 0 3 1 2 0 0 2 1 0 0 0 0 0 0 0 0 4 0 3 0 4 3
 0 1 3 0 0 2 0 0 0 3 0 1 0 4 0 0 1 4 0 4 0 2 3 0 0 0 2 3 1 4 0 0 4 1 4 2 0
 4 0 0 0 1 0 0 4 1 0 1 0 4 0 2 0 4 0 4 0 0 0 0 0 3 3]
[6 2 5 6 3 1 9 2 4 9 8 1 7 3 1 8 4 8 4 4 9 5 6 9 7 7 5 5 5 9 2 3 9 4 4 7 7
 2 2 5 5 6 4 8 3 6 7 8 7 6 6 3 8 5 8 6 4 1 9 8 3 1 7 3 2 8 5 2 7 7 9 3 3 2
 6 3 7 5 6 3 5 1 1 7 2 5 3 8 7 6 1 3 5 7 6 6 5 6 4 5]
[6 2 5 6 3 1 9 2 4 9 8 1 7 3 1 8 4 8 4 4 9 5 6 9 7 7 5 5 5 9 2 3 9 4 4 7 7
 2 2 5 5 6 4 8 3 6 7 8 7 6 6 3 8 5 8 6 4 1 9 8 3 1 7 3 2 8 5 2 7 7 9 3 3 2
 6 3 7 5 6 3 5 1 1 7 2 5 3 8 7 6 1 3 5 7 6 6 5 6 4 5]
[50, 50, 23, 50, 11, 47, 33, 21, 50, 35, 50, 36, 36, 50, 50, 32, 50, 47, 18, 50, 50, 50, 11, 47, 50, 42, 27, 49, 50, 21, 50, 35, 50, 50, 30, 23, 50, 50, 50, 50, 19, 50, 50, 34, 50, 50, 50, 50, 50, 18, 35, 21, 50, 50, 21, 50, 41, 50, 50, 50, 47, 36, 50, 50, 50, 27, 21, 50, 50, 17, 50, 14, 50, 17, 29, 22, 28, 43, 40, 37, 50, 42, 50, 11, 50, 50, 43, 50, 29, 37, 50, 13, 50, 37, 49, 50, 28, 50, 20, 50]
[0 0 0 0 0 0 0 0 0 0 0 0 0 0 0 0 0 0 0 0 0 0 0 0 0 0 0 0 0 0 0 0 0 0 0 0 0
 0 0 0 0 0 0 0 0 0 0 0 0 0 0 0 0 0 0 0 0 0 0 0 0 0 0 0 0 0 0 0 0 0 0 0 0 0
 0 0 0 0 0 0 0 0 0 0 0 0 0 0 0 0 0 0 0 0 0 0 0 0 0 0]
[1 1 1 1 1 1 1 1 1 1 1 1 1 1 1 1 1 1 1 1 1 1 1 1 1 1 1 1 1 1 1 1 1 1 1 1 1
 1 1 1 1 1 1 1 1 1 1 1 1 1 1 1 1 1 1 1 1 1 1 1 1 1 1 1 1 1 1 1 1 1 1 1 1 1
 1 1 1 1 1 1 1 1 1 1 1 1 1 1 1 1 1 1 1 1 1 1 1 1 1 1]
