[ 0  1  2  3  4  5  6  7  8  9 10 11 12 13 14 15 16 17 18 19 20 21 22 23
 24 25 26 27 28 29 30 31 32 33 34 35 36 37 38 39 40 41 42 43 44 45 46 47
 48 49 50 51 52 53 54 55 56 57 58 59 60 61 62 63 64 65 66 67 68 69 70 71
 72 73 74 75 76 77 78 79 80 81 82 83 84 85 86 87 88 89 90 91 92 93 94 95
 96 97 98 99]
[53 11 89 15 -1 42 86 46 -1 66 -1 -1 -1 -1 -1 70 -1 51 76 94 -1 43 -1 -1
 13 -1 29 80  7 78 69 -1 -1 -1 96 -1 -1 70 64 -1 -1 25 82 26 39 10 34 -1
  9 18 28 15 -1 -1 -1 24 90 38 69 17 -1 11 77 43 -1 53 72 -1 58 45 82 -1
  2 69 15 -1 41 87 35 20 39 44 -1 39 36 26 54 -1 81 42 53 -1 97 21 57 71
 61 62 55 16]
[0 0 1 0 0 1 0 1 0 1 0 1 1 1 0 0 1 0 0 0 1 0 0 0 1 0 1 1 1 1 1 0 1 1 0 0 0
 0 0 1 0 1 1 1 0 1 0 1 0 0 0 0 1 1 0 1 1 1 0 1 0 1 1 0 0 1 0 0 0 0 1 1 1 0
 0 0 1 1 0 0 0 1 0 1 0 0 1 1 1 1 1 0 0 0 0 1 1 1 0 0]
[0 0 2 0 0 0 0 4 2 0 3 0 0 0 1 1 0 0 2 4 0 0 0 2 0 3 2 0 0 0 1 1 2 0 0 4 0
 0 3 4 0 0 2 1 0 0 3 1 0 0 0 4 2 0 0 0 0 4 0 0 0 0 0 2 0 1 0 2 0 0 3 0 2 0
 0 0 0 4 4 0 2 0 0 0 2 0 0 3 2 3 1 4 0 0 1 2 3 0 3 1]
[0 0 2 0 0 0 0 4 2 0 3 0 0 0 1 1 0 0 2 4 0 0 0 2 0 3 2 0 0 0 1 1 2 0 0 4 0
 0 3 4 0 0 2 1 0 0 3 1 0 0 0 4 2 0 0 0 0 4 0 0 0 0 0 2 0 1 0 2 0 0 3 0 2 0
 0 0 0 4 4 0 2 0 0 0 2 0 0 3 2 3 1 4 0 0 1 2 3 0 3 1]
[6 9 2 7 1 2 3 4 3 9 6 2 2 1 4 3 8 7 3 9 3 7 3 6 6 7 2 8 8 4 7 6 4 7 1 6 6
 4 5 7 5 4 1 9 9 3 7 7 1 1 7 7 2 7 2 5 6 4 9 4 9 9 7 4 5 6 5 8 1 9 8 6 8 5
 8 4 2 2 1 5 6 7 6 7 1 7 4 6 1 6 6 4 8 1 1 7 1 3 1 1]
[6 9 2 7 1 2 3 4 3 9 6 2 2 1 4 3 8 7 3 9 3 7 3 6 6 7 2 8 8 4 7 6 4 7 1 6 6
 4 5 7 5 4 1 9 9 3 7 7 1 1 7 7 2 7 2 5 6 4 9 4 9 9 7 4 5 6 5 8 1 9 8 6 8 5
 8 4 2 2 1 5 6 7 6 7 1 7 4 6 1 6 6 4 8 1 1 7 1 3 1 1]
[50, 50, 32, 50, 43, 50, 32, 19, 32, 50, 50, 46, 50, 24, 46, 25, 50, 50, 50, 50, 19, 50, 32, 50, 50, 50, 50, 50, 46, 28, 50, 50, 50, 50, 22, 50, 50, 50, 50, 50, 50, 46, 18, 34, 50, 41, 50, 50, 23, 50, 25, 11, 26, 18, 41, 29, 33, 50, 13, 50, 47, 17, 50, 21, 50, 28, 39, 26, 28, 17, 14, 14, 50, 39, 29, 50, 12, 15, 50, 50, 42, 50, 50, 50, 50, 45, 50, 27, 50, 50, 45, 28, 34, 35, 50, 50, 50, 44, 50, 50]
[0 0 0 0 0 0 0 0 0 0 0 0 0 0 0 0 0 0 0 0 0 0 0 0 0 0 0 0 0 0 0 0 0 0 0 0 0
 0 0 0 0 0 0 0 0 0 0 0 0 0 0 0 0 0 0 0 0 0 0 0 0 0 0 0 0 0 0 0 0 0 0 0 0 0
 0 0 0 0 0 0 0 0 0 0 0 0 0 0 0 0 0 0 0 0 0 0 0 0 0 0]
[1 1 1 1 1 1 1 1 1 1 1 1 1 1 1 1 1 1 1 1 1 1 1 1 1 1 1 1 1 1 1 1 1 1 1 1 1
 1 1 1 1 1 1 1 1 1 1 1 1 1 1 1 1 1 1 1 1 1 1 1 1 1 1 1 1 1 1 1 1 1 1 1 1 1
 1 1 1 1 1 1 1 1 1 1 1 1 1 1 1 1 1 1 1 1 1 1 1 1 1 1]
