[ 0  1  2  3  4  5  6  7  8  9 10 11 12 13 14 15 16 17 18 19 20 21 22 23
 24 25 26 27 28 29 30 31 32 33 34 35 36 37 38 39 40 41 42 43 44 45 46 47
 48 49 50 51 52 53 54 55 56 57 58 59 60 61 62 63 64 65 66 67 68 69 70 71
 72 73 74 75 76 77 78 79 80 81 82 83 84 85 86 87 88 89 90 91 92 93 94 95
 96 97 98 99]
[85 92 70 11 70 -1 20 93 96 -1 36 87 -1 -1 -1 54 66 40 50 -1 21 62 97 45
 45 49  5 -1 79 96 -1 -1  6 -1 -1 26 -1 73 98 64 -1 -1  9 -1 64 18 -1 -1
 44 -1 47 -1 32 24 51 45 -1 -1 38 30 -1 -1 96 18 78 97 -1 16 49 89 36 82
  8 39 93 40  9 29 61 96 -1 -1 -1 -1 -1 -1 -1 -1 96  7  6 55 25 66 -1 -1
 67 18 51 24]
[0 1 1 0 0 0 0 1 0 0 1 0 1 1 0 0 1 1 0 0 1 1 0 0 0 1 0 1 0 0 1 1 0 0 0 0 0
 1 1 1 0 0 1 0 1 0 0 1 1 0 0 1 0 0 1 0 0 0 1 1 0 0 0 0 0 0 0 0 1 1 1 1 0 1
 0 0 0 1 0 0 0 0 0 1 0 0 1 0 1 1 0 1 0 0 1 1 0 0 0 1]
[4 0 0 1 3 2 4 0 2 0 4 0 0 1 1 0 4 0 4 1 4 0 0 4 4 0 2 0 2 4 0 1 4 0 1 0 2
 4 0 2 3 2 0 2 3 0 4 0 3 3 4 0 0 0 3 3 0 0 0 0 0 4 0 3 4 0 4 2 0 0 1 2 0 0
 1 3 0 2 0 0 0 0 0 0 3 4 0 4 2 0 2 0 0 3 0 3 2 0 0 4]
[4 0 0 1 3 2 4 0 2 0 4 0 0 1 1 0 4 0 4 1 4 0 0 4 4 0 2 0 2 4 0 1 4 0 1 0 2
 4 0 2 3 2 0 2 3 0 4 0 3 3 4 0 0 0 3 3 0 0 0 0 0 4 0 3 4 0 4 2 0 0 1 2 0 0
 1 3 0 2 0 0 0 0 0 0 3 4 0 4 2 0 2 0 0 3 0 3 2 0 0 4]
[5 2 2 1 9 6 3 9 4 7 8 8 1 9 6 5 8 5 4 4 8 7 5 6 2 3 7 8 4 4 9 3 7 6 4 5 3
 4 6 1 9 9 3 8 7 4 8 4 7 7 1 3 2 2 8 2 8 8 3 3 9 3 3 9 1 9 2 9 2 3 7 7 2 8
 9 9 7 1 3 4 9 2 4 5 1 9 2 2 9 9 8 8 6 7 8 6 1 7 3 3]
[5 2 2 1 9 6 3 9 4 7 8 8 1 9 6 5 8 5 4 4 8 7 5 6 2 3 7 8 4 4 9 3 7 6 4 5 3
 4 6 1 9 9 3 8 7 4 8 4 7 7 1 3 2 2 8 2 8 8 3 3 9 3 3 9 1 9 2 9 2 3 7 7 2 8
 9 9 7 1 3 4 9 2 4 5 1 9 2 2 9 9 8 8 6 7 8 6 1 7 3 3]
[50, 50, 50, 50, 44, 22, 17, 45, 16, 50, 29, 50, 23, 50, 50, 42, 24, 38, 24, 39, 16, 50, 50, 50, 50, 50, 50, 50, 50, 50, 28, 24, 21, 50, 37, 50, 50, 50, 50, 50, 14, 44, 10, 47, 35, 14, 50, 50, 50, 34, 14, 50, 17, 43, 47, 27, 50, 50, 24, 50, 50, 26, 50, 50, 33, 50, 22, 50, 50, 31, 50, 50, 26, 22, 50, 50, 50, 31, 50, 35, 19, 42, 50, 35, 50, 50, 50, 43, 17, 50, 50, 50, 41, 50, 50, 50, 37, 22, 34, 25]
[0 0 0 0 0 0 0 0 0 0 0 0 0 0 0 0 0 0 0 0 0 0 0 0 0 0 0 0 0 0 0 0 0 0 0 0 0
 0 0 0 0 0 0 0 0 0 0 0 0 0 0 0 0 0 0 0 0 0 0 0 0 0 0 0 0 0 0 0 0 0 0 0 0 0
 0 0 0 0 0 0 0 0 0 0 0 0 0 0 0 0 0 0 0 0 0 0 0 0 0 0]
[1 1 1 1 1 1 1 1 1 1 1 1 1 1 1 1 1 1 1 1 1 1 1 1 1 1 1 1 1 1 1 1 1 1 1 1 1
 1 1 1 1 1 1 1 1 1 1 1 1 1 1 1 1 1 1 1 1 1 1 1 1 1 1 1 1 1 1 1 1 1 1 1 1 1
 1 1 1 1 1 1 1 1 1 1 1 1 1 1 1 1 1 1 1 1 1 1 1 1 1 1]
