[ 0  1  2  3  4  5  6  7  8  9 10 11 12 13 14 15 16 17 18 19 20 21 22 23
 24 25 26 27 28 29 30 31 32 33 34 35 36 37 38 39 40 41 42 43 44 45 46 47
 48 49 50 51 52 53 54 55 56 57 58 59 60 61 62 63 64 65 66 67 68 69 70 71
 72 73 74 75 76 77 78 79 80 81 82 83 84 85 86 87 88 89 90 91 92 93 94 95
 96 97 98 99]
[-1 94 -1 87 80 77 25 -1 42 24 81 81 55 75 31 -1 62  1 64 -1 44  4 64 -1
 54 47 -1 -1 -1 56 -1 -1  9 22 56 24 42 94 78 -1 44 -1 81 87 -1 86 -1 18
 -1 -1 19 62 49 -1 -1 -1 17 68 79 50 52 85 12 -1 20 10 -1 89 78 81 -1 55
 -1 88 61 72 -1 -1 14 -1 -1 -1 93 95 90 37 -1 32 42 -1 -1 -1 -1 64 49 41
 -1 65 31 -1]
[1 1 1 0 1 0 0 0 0 0 0 0 0 1 0 1 0 0 0 0 1 0 1 1 0 0 0 0 0 1 1 1 0 1 1 1 0
 1 0 0 1 1 1 0 0 0 0 1 1 0 0 0 1 0 0 1 1 1 0 1 1 1 0 1 0 1 0 0 0 0 0 1 1 1
 0 0 1 0 1 0 0 0 1 0 1 1 1 0 1 1 0 1 1 1 0 1 0 1 0 0]
[0 4 3 0 0 0 0 2 1 0 0 2 0 3 2 3 0 0 3 0 3 2 1 0 1 0 3 0 2 0 0 0 3 2 0 3 2
 2 0 0 0 0 0 3 3 2 1 0 1 0 0 3 1 0 3 0 0 3 0 0 0 2 0 4 3 3 0 0 0 1 0 0 0 1
 3 0 0 3 0 0 3 0 0 0 1 1 0 0 0 0 0 3 3 1 0 0 1 1 2 1]
[0 4 3 0 0 0 0 2 1 0 0 2 0 3 2 3 0 0 3 0 3 2 1 0 1 0 3 0 2 0 0 0 3 2 0 3 2
 2 0 0 0 0 0 3 3 2 1 0 1 0 0 3 1 0 3 0 0 3 0 0 0 2 0 4 3 3 0 0 0 1 0 0 0 1
 3 0 0 3 0 0 3 0 0 0 1 1 0 0 0 0 0 3 3 1 0 0 1 1 2 1]
[4 3 8 2 4 6 7 5 1 8 2 9 9 3 4 3 3 2 3 5 5 6 8 8 7 1 9 6 9 1 8 9 1 9 7 3 7
 2 3 8 4 1 4 7 1 6 7 2 1 6 3 1 7 1 1 2 1 4 7 2 1 5 4 7 6 7 9 8 2 9 4 8 8 2
 1 2 2 4 6 9 1 1 1 4 3 1 4 9 2 1 6 7 7 8 7 6 4 5 5 2]
[4 3 8 2 4 6 7 5 1 8 2 9 9 3 4 3 3 2 3 5 5 6 8 8 7 1 9 6 9 1 8 9 1 9 7 3 7
 2 3 8 4 1 4 7 1 6 7 2 1 6 3 1 7 1 1 2 1 4 7 2 1 5 4 7 6 7 9 8 2 9 4 8 8 2
 1 2 2 4 6 9 1 1 1 4 3 1 4 9 2 1 6 7 7 8 7 6 4 5 5 2]
[19, 30, 50, 50, 23, 48, 47, 50, 50, 50, 50, 50, 50, 50, 29, 28, 37, 50, 50, 16, 21, 19, 50, 50, 23, 50, 23, 50, 50, 50, 50, 16, 41, 19, 50, 26, 39, 50, 50, 35, 15, 14, 10, 50, 50, 50, 47, 41, 50, 23, 50, 50, 50, 19, 50, 50, 10, 50, 50, 46, 50, 14, 28, 50, 43, 50, 50, 50, 50, 50, 26, 50, 37, 24, 25, 50, 33, 50, 39, 50, 50, 50, 39, 14, 41, 16, 50, 50, 41, 50, 50, 50, 10, 50, 50, 35, 50, 50, 30, 41]
[0 0 0 0 0 0 0 0 0 0 0 0 0 0 0 0 0 0 0 0 0 0 0 0 0 0 0 0 0 0 0 0 0 0 0 0 0
 0 0 0 0 0 0 0 0 0 0 0 0 0 0 0 0 0 0 0 0 0 0 0 0 0 0 0 0 0 0 0 0 0 0 0 0 0
 0 0 0 0 0 0 0 0 0 0 0 0 0 0 0 0 0 0 0 0 0 0 0 0 0 0]
[1 1 1 1 1 1 1 1 1 1 1 1 1 1 1 1 1 1 1 1 1 1 1 1 1 1 1 1 1 1 1 1 1 1 1 1 1
 1 1 1 1 1 1 1 1 1 1 1 1 1 1 1 1 1 1 1 1 1 1 1 1 1 1 1 1 1 1 1 1 1 1 1 1 1
 1 1 1 1 1 1 1 1 1 1 1 1 1 1 1 1 1 1 1 1 1 1 1 1 1 1]
