[ 0  1  2  3  4  5  6  7  8  9 10 11 12 13 14 15 16 17 18 19 20 21 22 23
 24 25 26 27 28 29 30 31 32 33 34 35 36 37 38 39 40 41 42 43 44 45 46 47
 48 49 50 51 52 53 54 55 56 57 58 59 60 61 62 63 64 65 66 67 68 69 70 71
 72 73 74 75 76 77 78 79 80 81 82 83 84 85 86 87 88 89 90 91 92 93 94 95
 96 97 98 99]
[-1 -1 -1 -1 41 21 63 51 82 92  8  3 -1 61 68 -1 -1 -1 38 -1 10 -1 60 44
 -1 89  1 -1 19 24 -1 26 31 -1 74 -1 -1 -1 48 93 16 54 82 -1 69 82 65 67
 -1 93 32 -1 -1 -1 -1 31 63 60 65 19 -1 68 -1 21 -1 23 -1 31 -1 -1 87 -1
 80 66 -1 13 38 70 89  6 -1  3 22 51 -1 97 -1 -1 32 -1 74 70 -1 21 -1 55
 56 89 13 51]
[1 1 0 0 1 1 1 0 0 1 1 1 1 0 1 0 1 1 1 1 1 0 0 1 1 1 1 1 0 0 1 0 1 0 1 0 0
 0 0 1 1 0 1 1 0 0 0 1 1 0 1 0 1 1 1 0 1 1 0 1 0 1 0 0 1 0 1 0 0 0 1 1 1 0
 0 1 0 1 0 0 1 0 1 1 1 1 1 0 0 0 1 0 1 0 1 0 0 1 1 1]
[0 1 0 3 0 3 4 0 3 0 0 0 0 2 0 0 0 2 3 0 1 0 0 0 3 1 0 0 0 0 0 0 0 0 0 0 0
 0 2 4 0 1 4 0 3 0 0 0 0 4 0 0 0 0 3 2 0 3 4 0 2 3 2 3 2 0 2 0 4 4 0 0 1 0
 0 0 3 0 0 2 0 0 0 0 2 0 0 0 0 0 0 4 0 3 0 0 3 1 3 1]
[0 1 0 3 0 3 4 0 3 0 0 0 0 2 0 0 0 2 3 0 1 0 0 0 3 1 0 0 0 0 0 0 0 0 0 0 0
 0 2 4 0 1 4 0 3 0 0 0 0 4 0 0 0 0 3 2 0 3 4 0 2 3 2 3 2 0 2 0 4 4 0 0 1 0
 0 0 3 0 0 2 0 0 0 0 2 0 0 0 0 0 0 4 0 3 0 0 3 1 3 1]
[5 2 7 8 5 4 1 2 8 1 1 6 8 4 1 1 9 7 6 8 7 3 5 4 2 6 4 8 6 5 3 7 5 3 1 6 6
 7 5 7 7 5 6 8 4 9 4 2 7 1 8 2 3 1 5 2 3 2 6 3 6 6 4 2 9 3 1 1 5 4 9 6 1 3
 2 7 3 6 2 3 4 5 5 4 3 9 9 7 4 4 8 2 1 3 1 7 7 9 2 3]
[5 2 7 8 5 4 1 2 8 1 1 6 8 4 1 1 9 7 6 8 7 3 5 4 2 6 4 8 6 5 3 7 5 3 1 6 6
 7 5 7 7 5 6 8 4 9 4 2 7 1 8 2 3 1 5 2 3 2 6 3 6 6 4 2 9 3 1 1 5 4 9 6 1 3
 2 7 3 6 2 3 4 5 5 4 3 9 9 7 4 4 8 2 1 3 1 7 7 9 2 3]
[50, 50, 16, 33, 50, 25, 23, 19, 32, 20, 44, 50, 50, 50, 50, 21, 50, 50, 50, 41, 37, 50, 50, 39, 50, 29, 50, 16, 50, 20, 40, 50, 36, 50, 50, 16, 45, 50, 26, 50, 30, 47, 50, 49, 39, 49, 50, 49, 37, 43, 50, 29, 50, 19, 50, 50, 50, 34, 36, 50, 23, 37, 27, 50, 26, 34, 50, 50, 36, 30, 48, 23, 50, 48, 40, 50, 44, 50, 50, 10, 37, 41, 50, 50, 50, 50, 50, 27, 17, 11, 19, 34, 50, 50, 50, 50, 50, 22, 28, 49]
[0 0 0 0 0 0 0 0 0 0 0 0 0 0 0 0 0 0 0 0 0 0 0 0 0 0 0 0 0 0 0 0 0 0 0 0 0
 0 0 0 0 0 0 0 0 0 0 0 0 0 0 0 0 0 0 0 0 0 0 0 0 0 0 0 0 0 0 0 0 0 0 0 0 0
 0 0 0 0 0 0 0 0 0 0 0 0 0 0 0 0 0 0 0 0 0 0 0 0 0 0]
[1 1 1 1 1 1 1 1 1 1 1 1 1 1 1 1 1 1 1 1 1 1 1 1 1 1 1 1 1 1 1 1 1 1 1 1 1
 1 1 1 1 1 1 1 1 1 1 1 1 1 1 1 1 1 1 1 1 1 1 1 1 1 1 1 1 1 1 1 1 1 1 1 1 1
 1 1 1 1 1 1 1 1 1 1 1 1 1 1 1 1 1 1 1 1 1 1 1 1 1 1]
