[ 0  1  2  3  4  5  6  7  8  9 10 11 12 13 14 15 16 17 18 19 20 21 22 23
 24 25 26 27 28 29 30 31 32 33 34 35 36 37 38 39 40 41 42 43 44 45 46 47
 48 49 50 51 52 53 54 55 56 57 58 59 60 61 62 63 64 65 66 67 68 69 70 71
 72 73 74 75 76 77 78 79 80 81 82 83 84 85 86 87 88 89 90 91 92 93 94 95
 96 97 98 99]
[-1 79 48 75 -1 95 26 90 89 66 -1 -1 91 -1 57 55 71 -1 19 -1 -1 -1 60 49
 -1 97  5 34 87 -1 -1 -1 -1  1 -1 36 -1 70 82 -1 93 -1 -1 27 96 30 49 -1
 40 28 45 11 -1 -1 -1 -1 69 28 42 63 87 -1 -1 15 23 -1 39 91 22 -1 87 -1
 -1 -1 11 63 74 49 -1 83 -1  9 56 22 -1 27 46 -1 96  1 49 -1 62 98 -1 47
 -1 -1 79 -1]
[0 0 1 0 0 1 1 0 1 0 1 1 1 0 0 1 1 0 1 0 0 1 0 1 1 0 1 1 1 1 1 1 0 0 1 0 0
 0 0 0 0 1 0 1 0 0 1 1 0 1 1 0 1 0 1 0 0 1 0 0 1 0 0 0 0 1 1 0 0 1 1 1 1 0
 0 0 1 1 1 1 0 1 0 0 0 0 1 1 0 1 1 0 0 0 0 0 1 0 0 0]
[0 0 4 0 4 0 0 0 1 0 0 0 0 3 0 1 1 4 3 0 0 4 4 0 2 0 3 4 4 0 4 1 3 0 2 4 0
 0 0 4 1 2 2 0 4 3 0 1 3 0 0 3 1 2 0 2 1 4 4 2 0 0 0 0 0 0 2 0 0 2 4 0 3 0
 0 3 2 0 0 0 0 0 2 0 0 3 1 0 0 0 3 0 0 0 0 4 4 1 0 4]
[0 0 4 0 4 0 0 0 1 0 0 0 0 3 0 1 1 4 3 0 0 4 4 0 2 0 3 4 4 0 4 1 3 0 2 4 0
 0 0 4 1 2 2 0 4 3 0 1 3 0 0 3 1 2 0 2 1 4 4 2 0 0 0 0 0 0 2 0 0 2 4 0 3 0
 0 3 2 0 0 0 0 0 2 0 0 3 1 0 0 0 3 0 0 0 0 4 4 1 0 4]
[5 5 2 4 5 6 5 4 8 8 1 1 3 9 2 5 9 3 7 7 1 6 8 8 8 6 3 5 1 8 6 3 8 8 9 5 6
 2 9 7 2 7 3 7 7 3 5 8 3 3 4 3 7 2 9 7 5 4 6 6 5 1 3 1 3 1 4 2 9 9 3 6 6 7
 1 2 8 4 5 3 3 4 4 8 7 3 9 4 1 3 1 7 6 4 3 6 1 9 2 1]
[5 5 2 4 5 6 5 4 8 8 1 1 3 9 2 5 9 3 7 7 1 6 8 8 8 6 3 5 1 8 6 3 8 8 9 5 6
 2 9 7 2 7 3 7 7 3 5 8 3 3 4 3 7 2 9 7 5 4 6 6 5 1 3 1 3 1 4 2 9 9 3 6 6 7
 1 2 8 4 5 3 3 4 4 8 7 3 9 4 1 3 1 7 6 4 3 6 1 9 2 1]
[50, 26, 34, 16, 43, 50, 50, 50, 50, 30, 50, 32, 50, 11, 45, 41, 48, 50, 11, 50, 12, 50, 49, 14, 50, 16, 27, 46, 50, 28, 50, 40, 50, 48, 50, 50, 30, 50, 47, 28, 50, 27, 50, 50, 50, 32, 45, 50, 36, 50, 50, 50, 50, 26, 50, 16, 50, 26, 20, 50, 50, 48, 50, 50, 34, 37, 50, 26, 50, 24, 50, 40, 40, 50, 48, 50, 50, 28, 27, 16, 35, 50, 25, 40, 50, 50, 50, 50, 38, 24, 50, 34, 21, 18, 50, 50, 36, 50, 50, 11]
[0 0 0 0 0 0 0 0 0 0 0 0 0 0 0 0 0 0 0 0 0 0 0 0 0 0 0 0 0 0 0 0 0 0 0 0 0
 0 0 0 0 0 0 0 0 0 0 0 0 0 0 0 0 0 0 0 0 0 0 0 0 0 0 0 0 0 0 0 0 0 0 0 0 0
 0 0 0 0 0 0 0 0 0 0 0 0 0 0 0 0 0 0 0 0 0 0 0 0 0 0]
[1 1 1 1 1 1 1 1 1 1 1 1 1 1 1 1 1 1 1 1 1 1 1 1 1 1 1 1 1 1 1 1 1 1 1 1 1
 1 1 1 1 1 1 1 1 1 1 1 1 1 1 1 1 1 1 1 1 1 1 1 1 1 1 1 1 1 1 1 1 1 1 1 1 1
 1 1 1 1 1 1 1 1 1 1 1 1 1 1 1 1 1 1 1 1 1 1 1 1 1 1]
