[ 0  1  2  3  4  5  6  7  8  9 10 11 12 13 14 15 16 17 18 19 20 21 22 23
 24 25 26 27 28 29 30 31 32 33 34 35 36 37 38 39 40 41 42 43 44 45 46 47
 48 49 50 51 52 53 54 55 56 57 58 59 60 61 62 63 64 65 66 67 68 69 70 71
 72 73 74 75 76 77 78 79 80 81 82 83 84 85 86 87 88 89 90 91 92 93 94 95
 96 97 98 99]
[83 -1 12 60 17 -1  1  5 -1 -1 43 -1 58 -1 27 21 45 -1 20 98 24 27 34 -1
 44 -1 93 -1 41 -1 76 75 -1 94 69 57 -1 77 57 27 -1 93 45 -1 74 33 -1 90
 29 29 -1 -1 -1 -1 99 56 49 12 89 36 77 42 61 -1 -1 66 49 -1 50 -1 66 -1
 -1 -1 27 87 19 55 -1 99 -1  5 78 50 -1 41 48 -1 56 75 -1 -1 34 69 72 -1
 -1 73 -1 -1]
[0 0 1 1 0 1 1 0 0 0 0 0 1 0 1 1 0 1 1 0 1 0 0 0 1 1 0 0 1 0 1 1 0 1 0 1 0
 0 1 1 0 0 0 0 0 1 0 0 1 0 0 0 1 0 0 1 0 1 0 0 0 0 1 1 1 1 1 1 0 0 0 1 1 0
 1 1 1 1 1 1 1 0 1 0 1 0 0 1 0 1 0 0 1 0 0 1 1 1 0 0]
[3 1 0 0 0 2 0 3 2 1 2 4 2 0 1 4 0 0 0 0 0 4 0 0 0 2 0 4 3 0 0 0 0 3 3 2 0
 0 4 0 4 0 0 3 0 2 0 4 1 0 0 0 3 0 4 4 0 0 0 0 0 2 3 0 3 2 0 0 0 4 1 4 0 4
 2 4 3 0 0 0 0 3 0 4 1 0 0 1 1 4 0 0 0 4 2 0 0 3 0 3]
[3 1 0 0 0 2 0 3 2 1 2 4 2 0 1 4 0 0 0 0 0 4 0 0 0 2 0 4 3 0 0 0 0 3 3 2 0
 0 4 0 4 0 0 3 0 2 0 4 1 0 0 0 3 0 4 4 0 0 0 0 0 2 3 0 3 2 0 0 0 4 1 4 0 4
 2 4 3 0 0 0 0 3 0 4 1 0 0 1 1 4 0 0 0 4 2 0 0 3 0 3]
[2 6 9 7 4 4 9 1 8 9 7 3 7 2 1 4 4 9 4 6 5 8 2 4 7 7 7 2 4 4 5 9 4 2 9 8 6
 9 3 3 2 6 7 4 5 4 7 2 2 8 7 9 9 2 6 4 4 4 7 2 9 2 8 3 2 7 6 8 6 1 7 4 4 2
 4 8 7 5 8 2 7 8 6 4 6 1 9 5 4 4 3 8 6 1 7 5 3 7 7 1]
[2 6 9 7 4 4 9 1 8 9 7 3 7 2 1 4 4 9 4 6 5 8 2 4 7 7 7 2 4 4 5 9 4 2 9 8 6
 9 3 3 2 6 7 4 5 4 7 2 2 8 7 9 9 2 6 4 4 4 7 2 9 2 8 3 2 7 6 8 6 1 7 4 4 2
 4 8 7 5 8 2 7 8 6 4 6 1 9 5 4 4 3 8 6 1 7 5 3 7 7 1]
[27, 33, 50, 20, 17, 50, 38, 49, 50, 19, 36, 50, 50, 50, 18, 50, 50, 50, 50, 15, 44, 50, 14, 50, 46, 50, 50, 50, 50, 50, 35, 35, 50, 27, 50, 50, 16, 50, 20, 50, 18, 19, 50, 50, 50, 50, 50, 50, 50, 10, 27, 50, 12, 17, 14, 50, 39, 50, 50, 31, 50, 50, 50, 50, 50, 46, 50, 36, 50, 49, 18, 39, 50, 50, 50, 50, 31, 36, 24, 50, 41, 50, 49, 18, 38, 50, 26, 50, 17, 21, 50, 50, 36, 21, 50, 36, 50, 50, 22, 50]
[0 0 0 0 0 0 0 0 0 0 0 0 0 0 0 0 0 0 0 0 0 0 0 0 0 0 0 0 0 0 0 0 0 0 0 0 0
 0 0 0 0 0 0 0 0 0 0 0 0 0 0 0 0 0 0 0 0 0 0 0 0 0 0 0 0 0 0 0 0 0 0 0 0 0
 0 0 0 0 0 0 0 0 0 0 0 0 0 0 0 0 0 0 0 0 0 0 0 0 0 0]
[1 1 1 1 1 1 1 1 1 1 1 1 1 1 1 1 1 1 1 1 1 1 1 1 1 1 1 1 1 1 1 1 1 1 1 1 1
 1 1 1 1 1 1 1 1 1 1 1 1 1 1 1 1 1 1 1 1 1 1 1 1 1 1 1 1 1 1 1 1 1 1 1 1 1
 1 1 1 1 1 1 1 1 1 1 1 1 1 1 1 1 1 1 1 1 1 1 1 1 1 1]
