[ 0  1  2  3  4  5  6  7  8  9 10 11 12 13 14 15 16 17 18 19 20 21 22 23
 24 25 26 27 28 29 30 31 32 33 34 35 36 37 38 39 40 41 42 43 44 45 46 47
 48 49 50 51 52 53 54 55 56 57 58 59 60 61 62 63 64 65 66 67 68 69 70 71
 72 73 74 75 76 77 78 79 80 81 82 83 84 85 86 87 88 89 90 91 92 93 94 95
 96 97 98 99]
[28 -1 73 85 50 35 27 78 16 11  0 45 88 99 52 61  7 69 37 95 22 91 14  9
 -1 14 94 81 -1 73 83 -1 -1 92 53 79 21 72  9 72 -1 27 43 94 32 95 -1 -1
 76  3 57 72 -1 49 -1 -1 67 72 86 41 71 -1 -1 70 11 73 46  1 -1 55 -1 98
 31 -1 31 -1  9 16 -1 -1 98 65  0 64 21 60 93 -1 -1 63 21 46 -1 66 -1 62
 82 -1 18 22]
[1 1 0 1 1 0 1 0 0 1 0 0 0 0 1 1 0 0 0 1 1 0 0 1 1 0 0 0 1 1 0 1 0 0 0 1 0
 1 0 0 1 0 1 1 1 1 1 1 1 0 0 1 0 0 1 0 0 0 1 1 1 1 1 1 1 0 0 0 1 1 0 1 0 0
 0 1 0 1 0 1 0 1 0 1 1 0 0 1 0 0 1 1 1 1 1 0 1 0 0 1]
[0 2 2 0 0 0 4 0 0 0 3 0 3 1 0 0 2 0 1 3 0 0 4 0 0 3 4 4 4 0 0 0 3 0 3 0 0
 3 3 0 1 1 0 2 1 2 0 4 1 0 0 0 1 0 0 0 4 0 1 0 1 2 4 2 4 3 2 1 2 0 1 0 0 2
 0 0 0 1 1 0 0 0 1 0 0 0 4 0 4 2 4 0 3 3 4 0 1 0 0 1]
[0 2 2 0 0 0 4 0 0 0 3 0 3 1 0 0 2 0 1 3 0 0 4 0 0 3 4 4 4 0 0 0 3 0 3 0 0
 3 3 0 1 1 0 2 1 2 0 4 1 0 0 0 1 0 0 0 4 0 1 0 1 2 4 2 4 3 2 1 2 0 1 0 0 2
 0 0 0 1 1 0 0 0 1 0 0 0 4 0 4 2 4 0 3 3 4 0 1 0 0 1]
[3 8 4 9 4 6 2 4 3 9 7 9 6 3 4 5 6 4 8 1 8 6 2 3 3 2 4 1 4 4 3 3 6 7 1 9 6
 6 8 4 1 6 2 8 9 6 5 9 1 8 6 7 2 4 5 2 2 8 3 4 1 7 6 7 1 7 1 1 2 5 8 5 6 7
 1 7 9 5 7 5 4 5 7 6 6 6 3 4 3 7 6 9 1 9 6 8 1 3 2 4]
[3 8 4 9 4 6 2 4 3 9 7 9 6 3 4 5 6 4 8 1 8 6 2 3 3 2 4 1 4 4 3 3 6 7 1 9 6
 6 8 4 1 6 2 8 9 6 5 9 1 8 6 7 2 4 5 2 2 8 3 4 1 7 6 7 1 7 1 1 2 5 8 5 6 7
 1 7 9 5 7 5 4 5 7 6 6 6 3 4 3 7 6 9 1 9 6 8 1 3 2 4]
[50, 35, 38, 50, 50, 21, 50, 23, 50, 50, 50, 11, 50, 50, 18, 50, 50, 39, 50, 32, 50, 50, 50, 37, 15, 47, 50, 35, 50, 50, 50, 16, 48, 50, 50, 17, 19, 14, 37, 50, 14, 50, 34, 43, 40, 50, 50, 36, 38, 50, 50, 50, 18, 50, 48, 50, 20, 20, 50, 50, 30, 25, 38, 50, 12, 20, 47, 19, 16, 40, 12, 50, 50, 50, 50, 25, 36, 50, 14, 50, 50, 50, 50, 38, 43, 37, 44, 50, 50, 30, 40, 50, 50, 50, 50, 50, 50, 21, 50, 50]
[0 0 0 0 0 0 0 0 0 0 0 0 0 0 0 0 0 0 0 0 0 0 0 0 0 0 0 0 0 0 0 0 0 0 0 0 0
 0 0 0 0 0 0 0 0 0 0 0 0 0 0 0 0 0 0 0 0 0 0 0 0 0 0 0 0 0 0 0 0 0 0 0 0 0
 0 0 0 0 0 0 0 0 0 0 0 0 0 0 0 0 0 0 0 0 0 0 0 0 0 0]
[1 1 1 1 1 1 1 1 1 1 1 1 1 1 1 1 1 1 1 1 1 1 1 1 1 1 1 1 1 1 1 1 1 1 1 1 1
 1 1 1 1 1 1 1 1 1 1 1 1 1 1 1 1 1 1 1 1 1 1 1 1 1 1 1 1 1 1 1 1 1 1 1 1 1
 1 1 1 1 1 1 1 1 1 1 1 1 1 1 1 1 1 1 1 1 1 1 1 1 1 1]
