[ 0  1  2  3  4  5  6  7  8  9 10 11 12 13 14 15 16 17 18 19 20 21 22 23
 24 25 26 27 28 29 30 31 32 33 34 35 36 37 38 39 40 41 42 43 44 45 46 47
 48 49 50 51 52 53 54 55 56 57 58 59 60 61 62 63 64 65 66 67 68 69 70 71
 72 73 74 75 76 77 78 79 80 81 82 83 84 85 86 87 88 89 90 91 92 93 94 95
 96 97 98 99]
[-1 -1 -1 45 87 67 94 94 -1 -1 -1 91 -1 -1 67 -1 50 14 33  2 45 47 78 -1
 -1 -1 59 -1 77 -1 -1 -1 70 44 78 -1  7 -1  1 83 76 84 23 41 24 38 51 38
 15 43 86 38 58 -1 19 -1 43 81 95 -1 84 -1 30 17 30 -1 -1 97 34 -1 40 96
 50 10 41 45 -1 -1 75 99 94 60 73 30 63 -1 12 -1 -1 -1 -1 78 97 27 83 -1
 92 -1  4 72]
[0 1 1 0 0 1 0 1 1 0 1 0 0 0 1 0 0 1 1 1 1 0 0 1 0 0 1 1 1 1 0 0 0 0 0 1 1
 1 1 0 0 0 1 1 1 0 0 1 0 1 0 1 0 1 0 0 0 1 1 1 0 0 1 0 0 0 1 1 1 0 1 1 0 0
 0 1 1 0 0 1 0 0 0 1 1 1 0 0 1 0 1 1 1 0 0 1 0 1 0 1]
[0 0 3 0 1 0 0 0 2 0 2 1 3 0 2 3 0 0 0 1 0 0 0 0 1 1 0 0 0 4 0 0 1 4 0 4 2
 0 4 2 0 0 0 0 0 2 1 2 2 4 0 2 2 2 0 0 0 0 0 2 0 0 3 0 1 4 0 0 1 0 2 2 1 0
 2 1 1 0 0 0 1 0 2 3 1 0 0 2 4 0 2 0 2 0 0 0 3 4 4 0]
[0 0 3 0 1 0 0 0 2 0 2 1 3 0 2 3 0 0 0 1 0 0 0 0 1 1 0 0 0 4 0 0 1 4 0 4 2
 0 4 2 0 0 0 0 0 2 1 2 2 4 0 2 2 2 0 0 0 0 0 2 0 0 3 0 1 4 0 0 1 0 2 2 1 0
 2 1 1 0 0 0 1 0 2 3 1 0 0 2 4 0 2 0 2 0 0 0 3 4 4 0]
[1 5 3 2 2 5 3 7 1 7 3 7 2 5 6 3 8 6 3 8 7 1 9 3 7 7 7 7 7 2 6 5 6 7 5 2 2
 4 2 9 7 8 8 1 8 9 5 4 1 6 3 4 9 5 2 4 1 6 1 4 6 6 6 6 3 3 8 2 5 7 8 9 6 4
 6 6 4 9 3 6 8 9 8 3 1 5 7 6 8 8 8 1 1 5 9 7 2 5 6 2]
[1 5 3 2 2 5 3 7 1 7 3 7 2 5 6 3 8 6 3 8 7 1 9 3 7 7 7 7 7 2 6 5 6 7 5 2 2
 4 2 9 7 8 8 1 8 9 5 4 1 6 3 4 9 5 2 4 1 6 1 4 6 6 6 6 3 3 8 2 5 7 8 9 6 4
 6 6 4 9 3 6 8 9 8 3 1 5 7 6 8 8 8 1 1 5 9 7 2 5 6 2]
[50, 50, 34, 24, 14, 10, 50, 28, 22, 50, 50, 49, 50, 43, 19, 50, 50, 21, 50, 50, 50, 50, 44, 49, 13, 50, 42, 34, 50, 50, 20, 24, 50, 29, 50, 50, 50, 50, 50, 50, 14, 35, 50, 50, 50, 40, 16, 50, 50, 50, 50, 50, 50, 50, 50, 28, 37, 50, 50, 50, 10, 35, 50, 48, 23, 39, 50, 50, 24, 29, 35, 42, 50, 33, 50, 28, 40, 22, 50, 16, 50, 42, 50, 50, 41, 46, 50, 50, 25, 50, 29, 40, 50, 15, 29, 34, 16, 50, 38, 32]
[0 0 0 0 0 0 0 0 0 0 0 0 0 0 0 0 0 0 0 0 0 0 0 0 0 0 0 0 0 0 0 0 0 0 0 0 0
 0 0 0 0 0 0 0 0 0 0 0 0 0 0 0 0 0 0 0 0 0 0 0 0 0 0 0 0 0 0 0 0 0 0 0 0 0
 0 0 0 0 0 0 0 0 0 0 0 0 0 0 0 0 0 0 0 0 0 0 0 0 0 0]
[1 1 1 1 1 1 1 1 1 1 1 1 1 1 1 1 1 1 1 1 1 1 1 1 1 1 1 1 1 1 1 1 1 1 1 1 1
 1 1 1 1 1 1 1 1 1 1 1 1 1 1 1 1 1 1 1 1 1 1 1 1 1 1 1 1 1 1 1 1 1 1 1 1 1
 1 1 1 1 1 1 1 1 1 1 1 1 1 1 1 1 1 1 1 1 1 1 1 1 1 1]
