[ 0  1  2  3  4  5  6  7  8  9 10 11 12 13 14 15 16 17 18 19 20 21 22 23
 24 25 26 27 28 29 30 31 32 33 34 35 36 37 38 39 40 41 42 43 44 45 46 47
 48 49 50 51 52 53 54 55 56 57 58 59 60 61 62 63 64 65 66 67 68 69 70 71
 72 73 74 75 76 77 78 79 80 81 82 83 84 85 86 87 88 89 90 91 92 93 94 95
 96 97 98 99]
[ 9 80 33 -1 43 25 -1 -1 32 84 -1 78 -1 -1 -1 -1 65 -1 -1 91 75 87 -1 76
 13 49 88 75 91 89 63 -1 20 90 -1 84 -1 25 17 43 25 32 77 93 65 25 54 89
 39 79 35 26 -1 -1 -1 44 90 22 30 -1 46 31 34 -1 45 21 99 14 -1 60 -1 34
 73 -1 71 62 -1 52 67 -1 54 -1 -1 70 36  4 -1 99 62 12 74 -1 56 25 70 -1
 47 -1 -1 80]
[1 0 0 0 1 0 1 1 0 0 0 0 0 1 1 0 1 1 1 1 0 0 1 1 0 1 0 1 1 1 1 0 1 1 0 1 0
 0 0 0 0 0 0 1 1 1 0 0 1 0 0 1 0 0 1 1 0 0 1 1 1 0 0 0 1 1 1 0 0 0 1 1 1 0
 1 0 1 1 1 1 1 0 1 1 0 0 1 1 1 0 1 0 0 1 0 0 1 1 1 0]
[3 3 0 0 2 3 4 1 0 0 0 1 2 0 1 3 4 0 2 4 0 1 2 0 2 1 0 4 0 0 0 0 0 3 0 0 2
 3 1 0 0 0 4 1 2 0 0 0 4 0 0 1 2 1 0 0 3 1 4 2 0 0 1 0 2 0 0 0 2 2 0 1 0 0
 3 2 3 0 0 0 0 0 1 3 0 0 3 4 0 4 2 0 0 3 4 3 3 1 4 0]
[3 3 0 0 2 3 4 1 0 0 0 1 2 0 1 3 4 0 2 4 0 1 2 0 2 1 0 4 0 0 0 0 0 3 0 0 2
 3 1 0 0 0 4 1 2 0 0 0 4 0 0 1 2 1 0 0 3 1 4 2 0 0 1 0 2 0 0 0 2 2 0 1 0 0
 3 2 3 0 0 0 0 0 1 3 0 0 3 4 0 4 2 0 0 3 4 3 3 1 4 0]
[2 8 9 3 8 6 4 5 6 1 5 9 1 9 2 8 4 7 6 7 5 3 7 4 4 3 2 3 3 9 4 7 4 4 3 3 6
 6 2 2 2 7 7 2 2 2 9 1 7 5 8 6 5 8 4 6 2 8 3 3 3 6 5 5 3 3 7 7 3 6 5 6 2 2
 1 1 1 2 1 4 6 5 6 6 6 7 6 9 4 6 8 8 3 9 9 5 8 9 2 6]
[2 8 9 3 8 6 4 5 6 1 5 9 1 9 2 8 4 7 6 7 5 3 7 4 4 3 2 3 3 9 4 7 4 4 3 3 6
 6 2 2 2 7 7 2 2 2 9 1 7 5 8 6 5 8 4 6 2 8 3 3 3 6 5 5 3 3 7 7 3 6 5 6 2 2
 1 1 1 2 1 4 6 5 6 6 6 7 6 9 4 6 8 8 3 9 9 5 8 9 2 6]
[50, 37, 28, 41, 40, 30, 45, 50, 13, 50, 50, 19, 35, 50, 50, 33, 50, 41, 41, 50, 50, 50, 48, 50, 50, 30, 50, 21, 50, 50, 29, 26, 22, 50, 50, 34, 44, 50, 50, 30, 32, 50, 13, 50, 50, 50, 50, 46, 21, 50, 50, 46, 21, 50, 10, 44, 50, 50, 39, 50, 17, 50, 36, 26, 50, 50, 24, 50, 36, 41, 50, 30, 50, 47, 46, 45, 33, 23, 39, 26, 24, 34, 50, 42, 39, 11, 11, 50, 50, 42, 50, 34, 37, 39, 35, 24, 50, 50, 50, 50]
[0 0 0 0 0 0 0 0 0 0 0 0 0 0 0 0 0 0 0 0 0 0 0 0 0 0 0 0 0 0 0 0 0 0 0 0 0
 0 0 0 0 0 0 0 0 0 0 0 0 0 0 0 0 0 0 0 0 0 0 0 0 0 0 0 0 0 0 0 0 0 0 0 0 0
 0 0 0 0 0 0 0 0 0 0 0 0 0 0 0 0 0 0 0 0 0 0 0 0 0 0]
[1 1 1 1 1 1 1 1 1 1 1 1 1 1 1 1 1 1 1 1 1 1 1 1 1 1 1 1 1 1 1 1 1 1 1 1 1
 1 1 1 1 1 1 1 1 1 1 1 1 1 1 1 1 1 1 1 1 1 1 1 1 1 1 1 1 1 1 1 1 1 1 1 1 1
 1 1 1 1 1 1 1 1 1 1 1 1 1 1 1 1 1 1 1 1 1 1 1 1 1 1]
