[ 0  1  2  3  4  5  6  7  8  9 10 11 12 13 14 15 16 17 18 19 20 21 22 23
 24 25 26 27 28 29 30 31 32 33 34 35 36 37 38 39 40 41 42 43 44 45 46 47
 48 49 50 51 52 53 54 55 56 57 58 59 60 61 62 63 64 65 66 67 68 69 70 71
 72 73 74 75 76 77 78 79 80 81 82 83 84 85 86 87 88 89 90 91 92 93 94 95
 96 97 98 99]
[74 83 93 43 73 67 12 58 -1 -1 37 -1 57 98 90 36 71 -1 -1 -1 98 -1 20 14
 -1 77 33 -1 -1  3 -1 -1  3 -1 -1 85 -1 -1 55 69 97  8 56 72 -1 84 -1 86
 -1 97 -1 -1 63 -1 -1 -1 20 -1 53 60 -1 35 -1 -1 -1 70 -1 46 18 10 27 66
 -1 45 -1 97 -1 94 42 72 -1 49 32 73 96 88 44 18 59 64 20 74 47 44 -1  0
 29 61 62 25]
[1 0 1 1 1 0 1 0 0 1 1 1 0 1 1 0 0 0 0 0 1 0 1 1 1 1 0 0 1 1 1 1 0 1 0 0 0
 1 1 0 1 1 1 1 0 0 1 0 1 0 1 1 0 0 0 1 0 0 1 1 0 1 1 1 0 1 0 1 0 0 1 0 0 0
 1 1 1 1 0 0 0 0 0 0 0 1 1 0 0 1 1 1 1 1 0 0 0 0 1 1]
[4 0 0 0 0 1 1 0 0 0 3 0 1 2 0 3 1 1 0 3 3 2 1 4 1 0 1 3 0 2 0 0 0 0 1 0 1
 0 1 3 0 0 3 1 4 0 3 1 0 1 0 0 3 2 1 0 3 0 2 0 2 0 4 2 3 2 0 0 3 4 3 4 0 0
 2 0 0 0 0 0 0 0 4 0 1 3 4 4 2 0 0 0 2 4 0 1 2 2 2 0]
[4 0 0 0 0 1 1 0 0 0 3 0 1 2 0 3 1 1 0 3 3 2 1 4 1 0 1 3 0 2 0 0 0 0 1 0 1
 0 1 3 0 0 3 1 4 0 3 1 0 1 0 0 3 2 1 0 3 0 2 0 2 0 4 2 3 2 0 0 3 4 3 4 0 0
 2 0 0 0 0 0 0 0 4 0 1 3 4 4 2 0 0 0 2 4 0 1 2 2 2 0]
[6 7 7 5 6 8 8 5 5 3 2 1 2 8 6 8 7 7 1 7 8 5 7 7 5 8 7 4 9 8 9 6 2 5 6 3 4
 7 6 9 9 1 9 3 8 9 2 4 6 6 3 8 2 3 2 6 6 3 8 4 5 3 2 2 2 5 7 4 5 5 8 8 8 1
 6 9 3 2 3 7 3 3 6 3 3 7 9 6 6 8 7 5 1 9 9 7 5 9 9 9]
[6 7 7 5 6 8 8 5 5 3 2 1 2 8 6 8 7 7 1 7 8 5 7 7 5 8 7 4 9 8 9 6 2 5 6 3 4
 7 6 9 9 1 9 3 8 9 2 4 6 6 3 8 2 3 2 6 6 3 8 4 5 3 2 2 2 5 7 4 5 5 8 8 8 1
 6 9 3 2 3 7 3 3 6 3 3 7 9 6 6 8 7 5 1 9 9 7 5 9 9 9]
[50, 50, 50, 50, 11, 27, 26, 40, 50, 50, 28, 50, 28, 48, 19, 50, 50, 30, 35, 22, 50, 50, 19, 28, 50, 26, 35, 27, 50, 50, 50, 16, 50, 50, 50, 50, 31, 29, 27, 19, 50, 50, 16, 28, 47, 50, 13, 50, 50, 50, 46, 50, 50, 50, 21, 50, 50, 50, 25, 50, 50, 50, 50, 50, 37, 50, 10, 50, 50, 30, 16, 50, 50, 50, 10, 50, 26, 50, 50, 50, 50, 16, 50, 39, 50, 20, 11, 50, 13, 50, 50, 50, 36, 50, 50, 47, 50, 22, 50, 50]
[0 0 0 0 0 0 0 0 0 0 0 0 0 0 0 0 0 0 0 0 0 0 0 0 0 0 0 0 0 0 0 0 0 0 0 0 0
 0 0 0 0 0 0 0 0 0 0 0 0 0 0 0 0 0 0 0 0 0 0 0 0 0 0 0 0 0 0 0 0 0 0 0 0 0
 0 0 0 0 0 0 0 0 0 0 0 0 0 0 0 0 0 0 0 0 0 0 0 0 0 0]
[1 1 1 1 1 1 1 1 1 1 1 1 1 1 1 1 1 1 1 1 1 1 1 1 1 1 1 1 1 1 1 1 1 1 1 1 1
 1 1 1 1 1 1 1 1 1 1 1 1 1 1 1 1 1 1 1 1 1 1 1 1 1 1 1 1 1 1 1 1 1 1 1 1 1
 1 1 1 1 1 1 1 1 1 1 1 1 1 1 1 1 1 1 1 1 1 1 1 1 1 1]
