[ 0  1  2  3  4  5  6  7  8  9 10 11 12 13 14 15 16 17 18 19 20 21 22 23
 24 25 26 27 28 29 30 31 32 33 34 35 36 37 38 39 40 41 42 43 44 45 46 47
 48 49 50 51 52 53 54 55 56 57 58 59 60 61 62 63 64 65 66 67 68 69 70 71
 72 73 74 75 76 77 78 79 80 81 82 83 84 85 86 87 88 89 90 91 92 93 94 95
 96 97 98 99]
[ 3 12 87 73 29  3 31 69 90 -1 -1  3 -1 95 89 -1 14 -1 19 -1 90 49 76 -1
 45 -1 54 -1 67 34 -1 -1 -1 96 69 83 33 59 -1 -1 18 20 26 80 91 -1 -1 -1
 40 -1 -1 84 90 -1 -1 -1 97 96  3 48 57 79 99 -1 71 46  9 98 59 50 34 -1
  4 -1 44 -1 45 25 15 51 12 -1 -1 56 -1 47 -1 69 71 -1 74 37 -1 92  2 44
 78 74 12 18]
[0 0 1 1 1 1 1 1 1 0 1 0 1 0 1 0 0 1 1 1 1 1 1 0 1 1 1 0 1 1 0 0 0 1 0 1 1
 1 1 0 1 1 1 1 0 0 0 0 1 0 1 0 1 1 0 0 1 0 1 0 0 0 1 0 0 0 0 0 0 0 0 1 0 0
 0 1 0 1 0 0 0 0 0 0 1 0 1 0 0 1 1 1 1 1 0 0 1 0 0 1]
[1 3 4 4 0 2 0 0 0 4 0 4 1 4 2 3 1 4 0 0 4 0 0 3 0 1 3 0 0 1 0 3 0 0 0 0 3
 2 3 4 4 0 2 0 2 3 1 0 0 0 1 0 0 0 0 4 2 1 0 0 3 0 1 0 2 3 2 0 0 3 0 0 0 2
 0 2 4 0 0 1 0 4 2 0 0 3 2 4 0 1 0 0 4 0 3 0 4 4 3 0]
[1 3 4 4 0 2 0 0 0 4 0 4 1 4 2 3 1 4 0 0 4 0 0 3 0 1 3 0 0 1 0 3 0 0 0 0 3
 2 3 4 4 0 2 0 2 3 1 0 0 0 1 0 0 0 0 4 2 1 0 0 3 0 1 0 2 3 2 0 0 3 0 0 0 2
 0 2 4 0 0 1 0 4 2 0 0 3 2 4 0 1 0 0 4 0 3 0 4 4 3 0]
[2 1 6 8 3 5 5 5 6 4 8 9 6 5 2 3 2 6 4 8 9 5 5 1 2 5 6 4 3 6 9 6 3 4 5 8 9
 6 9 1 4 3 7 3 5 3 6 3 2 4 5 5 2 3 2 9 5 3 8 2 9 2 9 3 9 5 8 2 5 1 4 4 6 1
 1 1 7 2 7 8 1 3 5 1 6 2 4 5 7 7 1 4 4 9 7 7 5 3 9 6]
[2 1 6 8 3 5 5 5 6 4 8 9 6 5 2 3 2 6 4 8 9 5 5 1 2 5 6 4 3 6 9 6 3 4 5 8 9
 6 9 1 4 3 7 3 5 3 6 3 2 4 5 5 2 3 2 9 5 3 8 2 9 2 9 3 9 5 8 2 5 1 4 4 6 1
 1 1 7 2 7 8 1 3 5 1 6 2 4 5 7 7 1 4 4 9 7 7 5 3 9 6]
[50, 50, 50, 50, 50, 50, 20, 39, 50, 44, 50, 31, 13, 50, 45, 50, 50, 37, 50, 50, 46, 15, 50, 18, 49, 50, 50, 48, 50, 50, 38, 50, 50, 34, 17, 50, 31, 11, 26, 43, 24, 50, 50, 50, 50, 50, 21, 26, 50, 50, 35, 35, 18, 50, 50, 50, 34, 14, 50, 17, 24, 42, 37, 49, 26, 31, 27, 50, 41, 50, 44, 50, 47, 50, 50, 20, 50, 36, 20, 50, 50, 35, 15, 50, 50, 50, 45, 50, 31, 50, 27, 50, 27, 50, 19, 34, 50, 50, 34, 10]
[0 0 0 0 0 0 0 0 0 0 0 0 0 0 0 0 0 0 0 0 0 0 0 0 0 0 0 0 0 0 0 0 0 0 0 0 0
 0 0 0 0 0 0 0 0 0 0 0 0 0 0 0 0 0 0 0 0 0 0 0 0 0 0 0 0 0 0 0 0 0 0 0 0 0
 0 0 0 0 0 0 0 0 0 0 0 0 0 0 0 0 0 0 0 0 0 0 0 0 0 0]
[1 1 1 1 1 1 1 1 1 1 1 1 1 1 1 1 1 1 1 1 1 1 1 1 1 1 1 1 1 1 1 1 1 1 1 1 1
 1 1 1 1 1 1 1 1 1 1 1 1 1 1 1 1 1 1 1 1 1 1 1 1 1 1 1 1 1 1 1 1 1 1 1 1 1
 1 1 1 1 1 1 1 1 1 1 1 1 1 1 1 1 1 1 1 1 1 1 1 1 1 1]
