[ 0  1  2  3  4  5  6  7  8  9 10 11 12 13 14 15 16 17 18 19 20 21 22 23
 24 25 26 27 28 29 30 31 32 33 34 35 36 37 38 39 40 41 42 43 44 45 46 47
 48 49 50 51 52 53 54 55 56 57 58 59 60 61 62 63 64 65 66 67 68 69 70 71
 72 73 74 75 76 77 78 79 80 81 82 83 84 85 86 87 88 89 90 91 92 93 94 95
 96 97 98 99]
[41 16 45 -1 -1 60  8 57 75 -1 -1 20 -1 80 45 87 79 -1 -1 85 -1 61 71 97
 -1 -1 93 -1 19  1 64 75 -1 89 51 -1 -1 94 -1 -1 -1 23 20 -1 73 91 32 66
 62 -1 52 33 93 59 31 41 85 -1 74 86 64 22 26  8 63 50 -1 -1 -1 65 -1 77
 43 66  4 -1 74 37 17 -1 -1 17 16 13 -1 -1 44 -1 -1 64 36 -1 42 72  1 42
  1  4 31 94]
[0 1 0 1 1 0 0 1 1 1 0 1 1 1 1 0 1 0 1 1 0 1 0 0 1 0 1 1 0 0 0 0 0 0 1 1 0
 0 0 0 0 1 0 0 0 1 1 0 1 0 0 1 1 0 0 1 1 1 1 0 0 0 1 1 0 0 1 0 0 1 0 0 0 1
 1 1 1 0 0 1 0 0 0 0 1 0 0 0 0 1 0 1 1 0 1 1 0 0 0 1]
[0 0 3 1 2 0 0 0 3 0 4 0 1 0 3 0 0 0 0 0 3 0 0 0 0 2 4 0 0 1 3 0 3 0 0 0 0
 0 1 0 3 0 0 0 0 0 0 1 0 3 2 0 0 1 3 2 0 0 0 3 4 0 3 0 3 0 4 0 0 0 4 4 3 3
 0 4 0 0 0 0 2 4 0 1 0 0 0 4 4 3 4 1 2 0 2 1 2 3 0 0]
[0 0 3 1 2 0 0 0 3 0 4 0 1 0 3 0 0 0 0 0 3 0 0 0 0 2 4 0 0 1 3 0 3 0 0 0 0
 0 1 0 3 0 0 0 0 0 0 1 0 3 2 0 0 1 3 2 0 0 0 3 4 0 3 0 3 0 4 0 0 0 4 4 3 3
 0 4 0 0 0 0 2 4 0 1 0 0 0 4 4 3 4 1 2 0 2 1 2 3 0 0]
[5 4 8 6 6 4 2 6 7 5 5 9 4 5 3 6 2 9 7 8 7 1 7 3 1 1 7 9 3 1 8 3 5 5 5 9 6
 7 7 8 8 9 9 5 1 6 2 5 8 8 1 9 7 7 2 4 3 4 9 8 3 3 7 6 6 3 5 9 7 9 5 7 2 1
 3 6 1 9 8 8 9 1 6 1 3 8 7 1 8 1 8 6 2 7 6 1 5 7 8 5]
[5 4 8 6 6 4 2 6 7 5 5 9 4 5 3 6 2 9 7 8 7 1 7 3 1 1 7 9 3 1 8 3 5 5 5 9 6
 7 7 8 8 9 9 5 1 6 2 5 8 8 1 9 7 7 2 4 3 4 9 8 3 3 7 6 6 3 5 9 7 9 5 7 2 1
 3 6 1 9 8 8 9 1 6 1 3 8 7 1 8 1 8 6 2 7 6 1 5 7 8 5]
[15, 50, 50, 50, 50, 50, 24, 50, 43, 24, 50, 50, 44, 50, 10, 50, 50, 50, 50, 50, 30, 42, 50, 50, 25, 41, 50, 19, 30, 43, 26, 50, 17, 50, 50, 46, 50, 10, 48, 50, 12, 33, 50, 42, 50, 29, 50, 50, 21, 32, 27, 50, 16, 50, 48, 50, 50, 39, 22, 50, 34, 50, 50, 50, 50, 34, 50, 50, 50, 23, 44, 50, 29, 22, 25, 17, 39, 50, 50, 34, 16, 42, 18, 16, 37, 50, 25, 50, 50, 50, 50, 50, 30, 12, 46, 50, 50, 50, 50, 49]
[0 0 0 0 0 0 0 0 0 0 0 0 0 0 0 0 0 0 0 0 0 0 0 0 0 0 0 0 0 0 0 0 0 0 0 0 0
 0 0 0 0 0 0 0 0 0 0 0 0 0 0 0 0 0 0 0 0 0 0 0 0 0 0 0 0 0 0 0 0 0 0 0 0 0
 0 0 0 0 0 0 0 0 0 0 0 0 0 0 0 0 0 0 0 0 0 0 0 0 0 0]
[1 1 1 1 1 1 1 1 1 1 1 1 1 1 1 1 1 1 1 1 1 1 1 1 1 1 1 1 1 1 1 1 1 1 1 1 1
 1 1 1 1 1 1 1 1 1 1 1 1 1 1 1 1 1 1 1 1 1 1 1 1 1 1 1 1 1 1 1 1 1 1 1 1 1
 1 1 1 1 1 1 1 1 1 1 1 1 1 1 1 1 1 1 1 1 1 1 1 1 1 1]
