[ 0  1  2  3  4  5  6  7  8  9 10 11 12 13 14 15 16 17 18 19 20 21 22 23
 24 25 26 27 28 29 30 31 32 33 34 35 36 37 38 39 40 41 42 43 44 45 46 47
 48 49 50 51 52 53 54 55 56 57 58 59 60 61 62 63 64 65 66 67 68 69 70 71
 72 73 74 75 76 77 78 79 80 81 82 83 84 85 86 87 88 89 90 91 92 93 94 95
 96 97 98 99]
[59 -1 17 34 34 -1 -1 -1 -1 -1 45 -1 67 49 67 -1 89 37 12 47 13 99 45 -1
 32 74 57 -1 88 -1 62 78 46 42 26 -1 -1 57 62 84 -1 39 13  3 -1  7 97 84
 10 60 66 22 -1 85 48 -1 81 70  8 -1 80 -1 79 -1  9 -1 -1  3 -1 39 39 81
 61  0 70  1 13 90 72 -1 87 -1 29 98 64 28 28 97 63 90 61  2 44 13 85  1
 -1 -1 -1 14]
[1 1 0 0 0 0 1 0 1 1 1 1 1 0 1 0 1 1 0 1 0 1 1 0 1 0 1 1 0 0 1 0 0 0 0 0 0
 0 1 0 1 0 0 1 0 0 0 0 1 0 0 0 0 0 1 0 0 1 1 0 1 0 0 0 0 0 0 0 1 1 1 1 1 0
 0 0 0 0 1 0 0 1 1 1 1 1 1 0 1 1 0 0 0 1 0 1 0 0 0 0]
[2 0 3 0 1 2 0 3 3 0 1 0 2 1 2 4 0 2 0 0 0 1 0 0 1 1 4 0 3 0 4 4 0 4 0 0 1
 0 3 2 0 0 2 1 0 2 2 0 4 3 3 2 0 0 0 0 1 0 0 0 4 0 2 0 4 3 0 3 2 0 1 4 2 2
 4 3 2 3 0 0 0 4 4 0 0 0 4 0 0 0 4 3 0 0 4 0 0 3 0 4]
[2 0 3 0 1 2 0 3 3 0 1 0 2 1 2 4 0 2 0 0 0 1 0 0 1 1 4 0 3 0 4 4 0 4 0 0 1
 0 3 2 0 0 2 1 0 2 2 0 4 3 3 2 0 0 0 0 1 0 0 0 4 0 2 0 4 3 0 3 2 0 1 4 2 2
 4 3 2 3 0 0 0 4 4 0 0 0 4 0 0 0 4 3 0 0 4 0 0 3 0 4]
[2 7 7 8 7 9 6 5 6 8 7 7 9 6 4 7 3 1 3 3 9 3 8 3 1 9 5 9 6 6 1 2 6 4 1 8 7
 7 5 2 3 1 6 9 7 8 2 4 7 9 5 5 1 3 6 2 7 6 7 8 8 1 1 9 6 2 7 2 4 2 5 5 5 5
 5 2 8 6 7 7 3 6 2 6 8 2 8 7 2 1 4 9 9 6 8 9 9 9 1 5]
[2 7 7 8 7 9 6 5 6 8 7 7 9 6 4 7 3 1 3 3 9 3 8 3 1 9 5 9 6 6 1 2 6 4 1 8 7
 7 5 2 3 1 6 9 7 8 2 4 7 9 5 5 1 3 6 2 7 6 7 8 8 1 1 9 6 2 7 2 4 2 5 5 5 5
 5 2 8 6 7 7 3 6 2 6 8 2 8 7 2 1 4 9 9 6 8 9 9 9 1 5]
[23, 40, 50, 50, 38, 50, 50, 47, 46, 50, 50, 49, 50, 49, 50, 25, 50, 50, 26, 15, 50, 35, 12, 18, 50, 50, 28, 36, 50, 50, 50, 35, 37, 50, 18, 48, 12, 43, 12, 50, 41, 50, 50, 50, 36, 50, 50, 30, 50, 33, 50, 45, 21, 50, 50, 50, 37, 22, 50, 35, 50, 50, 50, 41, 17, 18, 21, 18, 50, 11, 11, 50, 50, 45, 13, 50, 50, 31, 25, 50, 50, 50, 50, 10, 33, 17, 50, 35, 50, 31, 50, 37, 50, 44, 50, 50, 50, 50, 50, 50]
[0 0 0 0 0 0 0 0 0 0 0 0 0 0 0 0 0 0 0 0 0 0 0 0 0 0 0 0 0 0 0 0 0 0 0 0 0
 0 0 0 0 0 0 0 0 0 0 0 0 0 0 0 0 0 0 0 0 0 0 0 0 0 0 0 0 0 0 0 0 0 0 0 0 0
 0 0 0 0 0 0 0 0 0 0 0 0 0 0 0 0 0 0 0 0 0 0 0 0 0 0]
[1 1 1 1 1 1 1 1 1 1 1 1 1 1 1 1 1 1 1 1 1 1 1 1 1 1 1 1 1 1 1 1 1 1 1 1 1
 1 1 1 1 1 1 1 1 1 1 1 1 1 1 1 1 1 1 1 1 1 1 1 1 1 1 1 1 1 1 1 1 1 1 1 1 1
 1 1 1 1 1 1 1 1 1 1 1 1 1 1 1 1 1 1 1 1 1 1 1 1 1 1]
