[ 0  1  2  3  4  5  6  7  8  9 10 11 12 13 14 15 16 17 18 19 20 21 22 23
 24 25 26 27 28 29 30 31 32 33 34 35 36 37 38 39 40 41 42 43 44 45 46 47
 48 49 50 51 52 53 54 55 56 57 58 59 60 61 62 63 64 65 66 67 68 69 70 71
 72 73 74 75 76 77 78 79 80 81 82 83 84 85 86 87 88 89 90 91 92 93 94 95
 96 97 98 99]
[-1 91 -1 69 84 69 -1 78 69 -1 58 64 16 94 -1 -1 83 -1  8 53 99 40 36 -1
 88 96 89 67 98 68 38 -1 -1 -1 78 67 83 83 37 29 28 -1 18 -1 -1 94 -1 21
 -1 12 72 72  3 54 29 95 -1 85 24 94 -1 83 38 -1 -1 -1 62 -1 90 -1 48 -1
 88 67 14 59 53 10 70 59 87 -1 -1 -1 -1 80 -1 -1 -1 97 -1 -1 -1 -1  6  0
 64 54 92 42]
[1 1 1 0 0 0 0 1 0 1 1 0 1 1 1 0 1 1 1 1 1 0 0 1 1 1 0 0 1 0 1 1 1 1 0 0 0
 1 0 0 1 0 0 1 0 1 1 0 0 0 1 0 0 1 1 1 0 0 1 1 1 1 1 1 0 0 0 1 1 1 1 1 1 1
 0 0 1 1 1 0 1 1 1 1 0 0 0 1 1 0 1 1 1 0 0 1 1 0 1 1]
[1 0 0 2 2 0 0 0 0 2 2 1 0 3 0 0 0 2 0 4 3 0 4 4 0 3 0 4 0 3 0 0 0 0 4 0 0
 0 0 4 0 1 4 1 3 3 0 1 0 0 0 0 1 0 4 1 0 3 0 0 0 3 0 0 0 3 0 1 0 3 3 0 0 2
 1 0 0 1 3 2 4 4 0 0 2 4 3 2 0 0 0 3 0 2 1 3 1 4 3 1]
[1 0 0 2 2 0 0 0 0 2 2 1 0 3 0 0 0 2 0 4 3 0 4 4 0 3 0 4 0 3 0 0 0 0 4 0 0
 0 0 4 0 1 4 1 3 3 0 1 0 0 0 0 1 0 4 1 0 3 0 0 0 3 0 0 0 3 0 1 0 3 3 0 0 2
 1 0 0 1 3 2 4 4 0 0 2 4 3 2 0 0 0 3 0 2 1 3 1 4 3 1]
[1 3 3 4 8 6 4 4 3 6 2 9 2 6 2 4 9 5 3 7 9 1 3 1 9 7 8 8 3 1 6 2 1 8 8 4 5
 7 1 3 3 5 7 3 9 3 6 6 7 7 8 6 1 4 3 3 8 1 9 4 5 1 8 8 1 6 3 7 5 9 9 5 8 8
 3 7 6 3 7 2 9 7 7 8 9 1 8 5 8 3 3 3 2 9 5 9 9 7 4 1]
[1 3 3 4 8 6 4 4 3 6 2 9 2 6 2 4 9 5 3 7 9 1 3 1 9 7 8 8 3 1 6 2 1 8 8 4 5
 7 1 3 3 5 7 3 9 3 6 6 7 7 8 6 1 4 3 3 8 1 9 4 5 1 8 8 1 6 3 7 5 9 9 5 8 8
 3 7 6 3 7 2 9 7 7 8 9 1 8 5 8 3 3 3 2 9 5 9 9 7 4 1]
[50, 36, 30, 44, 50, 13, 50, 50, 11, 36, 16, 50, 50, 25, 39, 35, 50, 50, 30, 50, 36, 50, 40, 50, 47, 50, 50, 50, 50, 50, 36, 50, 50, 50, 29, 48, 43, 16, 50, 42, 13, 50, 16, 48, 50, 32, 35, 39, 50, 50, 50, 50, 26, 50, 21, 50, 50, 50, 19, 50, 50, 28, 28, 50, 34, 46, 50, 50, 26, 39, 50, 29, 50, 28, 13, 10, 50, 36, 50, 50, 50, 50, 40, 50, 50, 50, 13, 20, 20, 32, 32, 50, 16, 18, 50, 42, 50, 50, 50, 49]
[0 0 0 0 0 0 0 0 0 0 0 0 0 0 0 0 0 0 0 0 0 0 0 0 0 0 0 0 0 0 0 0 0 0 0 0 0
 0 0 0 0 0 0 0 0 0 0 0 0 0 0 0 0 0 0 0 0 0 0 0 0 0 0 0 0 0 0 0 0 0 0 0 0 0
 0 0 0 0 0 0 0 0 0 0 0 0 0 0 0 0 0 0 0 0 0 0 0 0 0 0]
[1 1 1 1 1 1 1 1 1 1 1 1 1 1 1 1 1 1 1 1 1 1 1 1 1 1 1 1 1 1 1 1 1 1 1 1 1
 1 1 1 1 1 1 1 1 1 1 1 1 1 1 1 1 1 1 1 1 1 1 1 1 1 1 1 1 1 1 1 1 1 1 1 1 1
 1 1 1 1 1 1 1 1 1 1 1 1 1 1 1 1 1 1 1 1 1 1 1 1 1 1]
