[ 0  1  2  3  4  5  6  7  8  9 10 11 12 13 14 15 16 17 18 19 20 21 22 23
 24 25 26 27 28 29 30 31 32 33 34 35 36 37 38 39 40 41 42 43 44 45 46 47
 48 49 50 51 52 53 54 55 56 57 58 59 60 61 62 63 64 65 66 67 68 69 70 71
 72 73 74 75 76 77 78 79 80 81 82 83 84 85 86 87 88 89 90 91 92 93 94 95
 96 97 98 99]
[-1 27 15 81  2 -1 -1 -1  3  1 28 -1 18 -1 30 -1 21 -1 -1 87 55 93 25 -1
 -1 29 -1 84 -1 -1 -1 13 -1 -1 48  0 -1 36 94  7 81 33 49 54 96 62 57 10
 23 -1 -1 -1 -1 46 -1 -1  6 12 98 64 94 -1 -1 -1 75 54 34 -1 -1 -1  8 34
 18 56 -1 -1 34 -1 -1 -1  5 67  3 -1 -1 42 51 -1 27 63 12 -1 71 -1 39 53
 -1 27 -1 33]
[0 0 0 0 1 1 0 0 1 0 1 1 1 1 1 0 1 0 0 0 1 1 0 1 0 0 0 1 0 0 0 1 1 0 0 0 1
 0 1 0 1 1 1 0 0 0 1 0 0 1 1 1 0 0 0 0 0 1 0 0 0 1 1 0 1 1 0 0 1 0 0 1 1 1
 1 0 1 0 0 1 0 0 0 0 1 0 0 0 0 1 1 0 1 0 1 0 1 1 1 1]
[4 3 1 0 4 4 0 2 0 0 1 0 0 0 2 4 0 3 2 0 0 2 0 0 0 0 1 3 0 3 2 0 0 0 1 0 1
 0 3 2 0 0 1 0 1 0 0 0 2 0 2 0 0 2 3 2 1 0 0 3 3 0 1 4 2 3 0 0 4 0 2 1 3 2
 2 2 0 0 0 3 3 3 4 0 0 2 0 0 0 0 1 0 0 4 0 2 4 0 0 0]
[4 3 1 0 4 4 0 2 0 0 1 0 0 0 2 4 0 3 2 0 0 2 0 0 0 0 1 3 0 3 2 0 0 0 1 0 1
 0 3 2 0 0 1 0 1 0 0 0 2 0 2 0 0 2 3 2 1 0 0 3 3 0 1 4 2 3 0 0 4 0 2 1 3 2
 2 2 0 0 0 3 3 3 4 0 0 2 0 0 0 0 1 0 0 4 0 2 4 0 0 0]
[7 3 8 7 6 6 1 4 3 1 3 5 8 7 6 7 2 1 8 2 6 8 8 4 8 7 6 3 1 3 2 9 2 1 5 1 1
 6 2 6 8 2 5 8 6 8 1 7 5 7 3 1 1 3 4 1 1 2 3 1 6 5 2 3 6 8 7 3 9 1 4 2 4 6
 5 9 4 4 1 3 6 2 2 9 6 6 3 2 4 4 9 1 8 7 8 6 7 9 5 9]
[7 3 8 7 6 6 1 4 3 1 3 5 8 7 6 7 2 1 8 2 6 8 8 4 8 7 6 3 1 3 2 9 2 1 5 1 1
 6 2 6 8 2 5 8 6 8 1 7 5 7 3 1 1 3 4 1 1 2 3 1 6 5 2 3 6 8 7 3 9 1 4 2 4 6
 5 9 4 4 1 3 6 2 2 9 6 6 3 2 4 4 9 1 8 7 8 6 7 9 5 9]
[32, 15, 40, 50, 50, 25, 26, 50, 50, 50, 11, 22, 50, 50, 50, 50, 31, 31, 50, 50, 26, 14, 50, 50, 50, 36, 15, 21, 26, 48, 50, 20, 16, 39, 50, 50, 50, 50, 50, 43, 50, 26, 50, 50, 50, 50, 34, 40, 38, 34, 33, 50, 50, 28, 43, 50, 50, 50, 50, 50, 50, 50, 50, 21, 43, 50, 34, 50, 22, 50, 50, 50, 50, 19, 48, 21, 50, 50, 11, 50, 50, 19, 50, 50, 30, 50, 50, 50, 11, 50, 50, 12, 18, 50, 31, 50, 50, 43, 43, 11]
[0 0 0 0 0 0 0 0 0 0 0 0 0 0 0 0 0 0 0 0 0 0 0 0 0 0 0 0 0 0 0 0 0 0 0 0 0
 0 0 0 0 0 0 0 0 0 0 0 0 0 0 0 0 0 0 0 0 0 0 0 0 0 0 0 0 0 0 0 0 0 0 0 0 0
 0 0 0 0 0 0 0 0 0 0 0 0 0 0 0 0 0 0 0 0 0 0 0 0 0 0]
[1 1 1 1 1 1 1 1 1 1 1 1 1 1 1 1 1 1 1 1 1 1 1 1 1 1 1 1 1 1 1 1 1 1 1 1 1
 1 1 1 1 1 1 1 1 1 1 1 1 1 1 1 1 1 1 1 1 1 1 1 1 1 1 1 1 1 1 1 1 1 1 1 1 1
 1 1 1 1 1 1 1 1 1 1 1 1 1 1 1 1 1 1 1 1 1 1 1 1 1 1]
