[ 0  1  2  3  4  5  6  7  8  9 10 11 12 13 14 15 16 17 18 19 20 21 22 23
 24 25 26 27 28 29 30 31 32 33 34 35 36 37 38 39 40 41 42 43 44 45 46 47
 48 49 50 51 52 53 54 55 56 57 58 59 60 61 62 63 64 65 66 67 68 69 70 71
 72 73 74 75 76 77 78 79 80 81 82 83 84 85 86 87 88 89 90 91 92 93 94 95
 96 97 98 99]
[97 93  5 21 20 90 -1 85 49 18 -1 -1 86  6 53 26  3 15 91 47 32 32 -1 32
 -1 55 -1 65 41 -1 66 59 33 -1 91 77 99 76 -1 21 99 -1 74 92 -1 11 -1 65
 89  2 22 87 58 64 14 -1 76 20 23 94 77 92 91 47 86 62 -1 -1  6 97 -1 49
 12 -1 62 -1 -1 33 27 27 -1  6 -1 98 -1 -1 -1  6 94 91  4 76 -1 59 20 80
 59 37 33 76]
[1 0 1 0 0 1 0 1 1 1 0 0 0 0 1 1 0 0 1 0 0 0 1 0 0 1 0 1 0 1 0 1 1 1 0 1 0
 1 1 1 1 1 1 1 0 1 1 1 1 1 0 1 1 0 1 1 1 1 0 0 0 0 0 1 1 1 1 0 1 0 0 1 0 0
 0 0 0 0 1 0 1 1 0 0 0 1 0 0 1 0 0 0 0 0 1 0 0 1 0 0]
[2 0 0 0 0 0 0 1 1 3 0 1 0 0 0 0 4 3 1 0 2 0 0 0 4 2 0 0 0 0 4 0 1 0 0 0 0
 0 0 0 1 2 0 3 1 0 0 2 0 3 4 3 0 1 0 0 2 0 3 2 0 0 0 0 4 0 4 1 0 0 3 0 0 1
 1 0 4 0 3 0 4 2 0 2 0 2 0 0 0 0 0 0 0 2 2 0 0 0 0 0]
[2 0 0 0 0 0 0 1 1 3 0 1 0 0 0 0 4 3 1 0 2 0 0 0 4 2 0 0 0 0 4 0 1 0 0 0 0
 0 0 0 1 2 0 3 1 0 0 2 0 3 4 3 0 1 0 0 2 0 3 2 0 0 0 0 4 0 4 1 0 0 3 0 0 1
 1 0 4 0 3 0 4 2 0 2 0 2 0 0 0 0 0 0 0 2 2 0 0 0 0 0]
[7 3 8 5 7 2 5 5 5 5 4 5 1 2 8 9 5 4 2 2 5 4 4 9 2 6 6 2 4 7 9 9 3 8 7 7 3
 1 4 4 6 9 4 1 2 1 1 5 4 4 2 7 9 3 8 7 6 1 9 6 4 1 8 4 4 6 4 2 5 4 4 2 7 3
 8 5 9 2 9 7 6 8 5 9 9 5 4 5 4 7 4 4 1 2 3 5 1 2 1 7]
[7 3 8 5 7 2 5 5 5 5 4 5 1 2 8 9 5 4 2 2 5 4 4 9 2 6 6 2 4 7 9 9 3 8 7 7 3
 1 4 4 6 9 4 1 2 1 1 5 4 4 2 7 9 3 8 7 6 1 9 6 4 1 8 4 4 6 4 2 5 4 4 2 7 3
 8 5 9 2 9 7 6 8 5 9 9 5 4 5 4 7 4 4 1 2 3 5 1 2 1 7]
[50, 37, 43, 50, 48, 40, 50, 50, 24, 33, 50, 50, 40, 22, 27, 35, 21, 50, 34, 50, 31, 50, 50, 50, 13, 50, 11, 50, 13, 50, 50, 19, 50, 50, 13, 50, 50, 50, 34, 42, 50, 50, 50, 50, 50, 50, 50, 49, 17, 20, 50, 17, 10, 18, 50, 50, 50, 31, 48, 50, 29, 46, 50, 50, 50, 49, 50, 50, 50, 50, 50, 50, 35, 50, 30, 50, 10, 50, 50, 24, 50, 50, 50, 50, 33, 50, 42, 30, 10, 24, 38, 13, 11, 24, 50, 50, 49, 50, 50, 13]
[0 0 0 0 0 0 0 0 0 0 0 0 0 0 0 0 0 0 0 0 0 0 0 0 0 0 0 0 0 0 0 0 0 0 0 0 0
 0 0 0 0 0 0 0 0 0 0 0 0 0 0 0 0 0 0 0 0 0 0 0 0 0 0 0 0 0 0 0 0 0 0 0 0 0
 0 0 0 0 0 0 0 0 0 0 0 0 0 0 0 0 0 0 0 0 0 0 0 0 0 0]
[1 1 1 1 1 1 1 1 1 1 1 1 1 1 1 1 1 1 1 1 1 1 1 1 1 1 1 1 1 1 1 1 1 1 1 1 1
 1 1 1 1 1 1 1 1 1 1 1 1 1 1 1 1 1 1 1 1 1 1 1 1 1 1 1 1 1 1 1 1 1 1 1 1 1
 1 1 1 1 1 1 1 1 1 1 1 1 1 1 1 1 1 1 1 1 1 1 1 1 1 1]
