[ 0  1  2  3  4  5  6  7  8  9 10 11 12 13 14 15 16 17 18 19 20 21 22 23
 24 25 26 27 28 29 30 31 32 33 34 35 36 37 38 39 40 41 42 43 44 45 46 47
 48 49 50 51 52 53 54 55 56 57 58 59 60 61 62 63 64 65 66 67 68 69 70 71
 72 73 74 75 76 77 78 79 80 81 82 83 84 85 86 87 88 89 90 91 92 93 94 95
 96 97 98 99]
[74 18 54 -1 98 86 -1 46 97 -1 -1 74 -1 82 37 80 -1 67  2 39  1 -1 38 -1
 30 40 25 11 46 -1 -1 -1 -1 -1 68 20 -1 -1 -1 34 86  5 93 66 -1 12  3 -1
 54 43 76 66 40  5 -1 58 38 45 51 17 76 64 70 -1 -1 -1 25 31  5 62 83 -1
  6 -1 -1 59 43  1 67 47 -1 18 48 47 -1 -1  3 -1 -1 27  8 17 84 51 86 -1
 48 -1 -1 -1]
[1 0 1 1 1 1 1 0 1 1 0 0 0 1 0 1 1 1 0 1 0 1 1 1 1 0 0 1 1 0 1 1 0 0 1 1 0
 1 0 1 1 1 1 0 0 0 1 1 1 1 0 1 0 0 0 0 0 0 1 1 0 0 1 1 1 1 0 0 0 0 1 0 1 0
 1 1 0 0 0 0 1 1 1 1 1 1 0 0 1 1 1 1 0 0 1 1 0 1 1 1]
[3 0 0 4 1 4 3 0 1 0 4 1 0 1 3 0 0 0 2 4 0 1 0 4 0 4 2 0 0 2 0 3 3 0 0 2 3
 1 0 1 0 4 0 0 0 0 4 3 4 1 1 0 0 0 1 0 0 0 0 2 2 0 0 0 0 4 0 4 0 0 0 1 1 0
 0 4 3 0 1 0 0 1 0 0 3 1 2 0 0 3 4 0 0 4 3 4 4 2 4 0]
[3 0 0 4 1 4 3 0 1 0 4 1 0 1 3 0 0 0 2 4 0 1 0 4 0 4 2 0 0 2 0 3 3 0 0 2 3
 1 0 1 0 4 0 0 0 0 4 3 4 1 1 0 0 0 1 0 0 0 0 2 2 0 0 0 0 4 0 4 0 0 0 1 1 0
 0 4 3 0 1 0 0 1 0 0 3 1 2 0 0 3 4 0 0 4 3 4 4 2 4 0]
[6 9 8 8 3 5 9 4 5 7 5 1 7 1 4 4 2 5 1 8 4 8 2 2 5 5 1 9 1 1 7 6 4 2 5 7 6
 9 6 5 2 4 5 4 4 3 5 6 7 5 6 3 4 2 2 7 6 5 7 4 4 8 4 3 1 2 4 5 9 1 5 9 4 6
 4 7 4 6 7 4 4 3 6 6 2 8 9 7 3 8 8 4 1 5 8 5 7 6 7 5]
[6 9 8 8 3 5 9 4 5 7 5 1 7 1 4 4 2 5 1 8 4 8 2 2 5 5 1 9 1 1 7 6 4 2 5 7 6
 9 6 5 2 4 5 4 4 3 5 6 7 5 6 3 4 2 2 7 6 5 7 4 4 8 4 3 1 2 4 5 9 1 5 9 4 6
 4 7 4 6 7 4 4 3 6 6 2 8 9 7 3 8 8 4 1 5 8 5 7 6 7 5]
[30, 50, 50, 33, 13, 50, 50, 50, 21, 31, 50, 40, 49, 23, 47, 40, 35, 23, 30, 50, 45, 50, 50, 45, 39, 17, 21, 40, 38, 50, 50, 44, 40, 50, 50, 33, 50, 50, 50, 24, 48, 50, 50, 50, 50, 50, 27, 23, 48, 50, 48, 50, 27, 19, 50, 50, 45, 33, 44, 50, 50, 30, 50, 22, 47, 39, 50, 50, 50, 19, 42, 50, 50, 50, 50, 50, 50, 32, 12, 50, 31, 13, 39, 26, 50, 50, 50, 13, 10, 29, 50, 40, 12, 50, 50, 19, 12, 50, 50, 50]
[0 0 0 0 0 0 0 0 0 0 0 0 0 0 0 0 0 0 0 0 0 0 0 0 0 0 0 0 0 0 0 0 0 0 0 0 0
 0 0 0 0 0 0 0 0 0 0 0 0 0 0 0 0 0 0 0 0 0 0 0 0 0 0 0 0 0 0 0 0 0 0 0 0 0
 0 0 0 0 0 0 0 0 0 0 0 0 0 0 0 0 0 0 0 0 0 0 0 0 0 0]
[1 1 1 1 1 1 1 1 1 1 1 1 1 1 1 1 1 1 1 1 1 1 1 1 1 1 1 1 1 1 1 1 1 1 1 1 1
 1 1 1 1 1 1 1 1 1 1 1 1 1 1 1 1 1 1 1 1 1 1 1 1 1 1 1 1 1 1 1 1 1 1 1 1 1
 1 1 1 1 1 1 1 1 1 1 1 1 1 1 1 1 1 1 1 1 1 1 1 1 1 1]
