[ 0  1  2  3  4  5  6  7  8  9 10 11 12 13 14 15 16 17 18 19 20 21 22 23
 24 25 26 27 28 29 30 31 32 33 34 35 36 37 38 39 40 41 42 43 44 45 46 47
 48 49 50 51 52 53 54 55 56 57 58 59 60 61 62 63 64 65 66 67 68 69 70 71
 72 73 74 75 76 77 78 79 80 81 82 83 84 85 86 87 88 89 90 91 92 93 94 95
 96 97 98 99]
[ 8  7 -1 39 -1 95 -1 32 -1 -1  9 -1 -1 -1 77 86 22 95 -1 50 21 40 29 59
 -1 -1  5 21 -1 43 42 -1 -1 22 -1 58 -1 -1 36 -1 -1 47 94 -1 52 -1 -1  4
 62 22  4 47 88 90 81 -1 -1 86 23 -1 33 70 58 -1 84 31 -1 77 -1 70 -1 22
 66 32 -1 -1 -1 22 58 72  4 80 59  9  4  6 -1 41 16 79 36 87 38 25 -1 -1
 36 -1  4 79]
[1 0 1 0 0 0 0 1 0 0 1 1 0 1 0 0 0 1 0 1 1 1 1 0 0 1 1 0 0 1 0 0 0 1 1 1 1
 1 0 1 1 0 0 0 1 1 0 1 1 1 1 0 0 1 0 0 1 0 0 0 0 1 1 1 1 0 1 0 1 1 1 1 1 1
 1 1 1 0 1 0 0 1 0 1 1 0 1 1 0 0 1 1 1 0 0 1 1 1 1 0]
[1 0 0 0 1 0 0 2 0 2 2 4 0 0 0 4 0 3 3 2 0 1 3 2 4 1 0 0 3 4 0 0 1 0 0 1 0
 1 0 0 4 0 4 0 3 4 1 0 0 0 2 4 2 2 1 0 4 1 0 2 4 0 0 0 1 3 2 1 0 0 0 0 3 0
 2 0 0 0 3 0 4 0 1 0 1 0 0 0 0 0 1 4 2 0 2 0 0 2 0 4]
[1 0 0 0 1 0 0 2 0 2 2 4 0 0 0 4 0 3 3 2 0 1 3 2 4 1 0 0 3 4 0 0 1 0 0 1 0
 1 0 0 4 0 4 0 3 4 1 0 0 0 2 4 2 2 1 0 4 1 0 2 4 0 0 0 1 3 2 1 0 0 0 0 3 0
 2 0 0 0 3 0 4 0 1 0 1 0 0 0 0 0 1 4 2 0 2 0 0 2 0 4]
[8 4 1 6 8 2 9 3 7 3 1 7 5 2 3 4 4 8 7 1 6 2 7 4 7 4 8 8 9 4 6 6 3 2 2 8 3
 1 7 1 6 6 3 9 2 2 1 3 8 2 2 8 3 3 6 5 2 6 8 8 2 6 2 2 6 2 8 1 6 7 5 7 9 7
 7 7 5 5 6 1 1 3 9 6 3 9 7 7 8 6 8 1 8 1 7 8 9 6 8 2]
[8 4 1 6 8 2 9 3 7 3 1 7 5 2 3 4 4 8 7 1 6 2 7 4 7 4 8 8 9 4 6 6 3 2 2 8 3
 1 7 1 6 6 3 9 2 2 1 3 8 2 2 8 3 3 6 5 2 6 8 8 2 6 2 2 6 2 8 1 6 7 5 7 9 7
 7 7 5 5 6 1 1 3 9 6 3 9 7 7 8 6 8 1 8 1 7 8 9 6 8 2]
[50, 50, 23, 50, 50, 20, 50, 50, 50, 50, 24, 50, 40, 50, 22, 50, 50, 50, 50, 50, 50, 50, 50, 47, 50, 50, 34, 39, 38, 50, 35, 29, 50, 50, 11, 50, 50, 50, 50, 33, 27, 50, 37, 50, 26, 50, 23, 21, 50, 44, 50, 44, 49, 50, 13, 35, 50, 50, 31, 50, 50, 50, 50, 50, 21, 10, 39, 35, 50, 17, 50, 50, 43, 50, 16, 27, 50, 50, 15, 23, 50, 40, 18, 42, 50, 23, 50, 15, 11, 25, 36, 15, 50, 28, 46, 48, 50, 40, 22, 50]
[0 0 0 0 0 0 0 0 0 0 0 0 0 0 0 0 0 0 0 0 0 0 0 0 0 0 0 0 0 0 0 0 0 0 0 0 0
 0 0 0 0 0 0 0 0 0 0 0 0 0 0 0 0 0 0 0 0 0 0 0 0 0 0 0 0 0 0 0 0 0 0 0 0 0
 0 0 0 0 0 0 0 0 0 0 0 0 0 0 0 0 0 0 0 0 0 0 0 0 0 0]
[1 1 1 1 1 1 1 1 1 1 1 1 1 1 1 1 1 1 1 1 1 1 1 1 1 1 1 1 1 1 1 1 1 1 1 1 1
 1 1 1 1 1 1 1 1 1 1 1 1 1 1 1 1 1 1 1 1 1 1 1 1 1 1 1 1 1 1 1 1 1 1 1 1 1
 1 1 1 1 1 1 1 1 1 1 1 1 1 1 1 1 1 1 1 1 1 1 1 1 1 1]
