[ 0  1  2  3  4  5  6  7  8  9 10 11 12 13 14 15 16 17 18 19 20 21 22 23
 24 25 26 27 28 29 30 31 32 33 34 35 36 37 38 39 40 41 42 43 44 45 46 47
 48 49 50 51 52 53 54 55 56 57 58 59 60 61 62 63 64 65 66 67 68 69 70 71
 72 73 74 75 76 77 78 79 80 81 82 83 84 85 86 87 88 89 90 91 92 93 94 95
 96 97 98 99]
[-1 90 -1 96 81  2 -1 13 -1 -1 78 89 -1 -1 93 30 -1 -1 -1 -1 -1 -1 -1 -1
  7 79 11 -1 42 -1 99 15 79  0 -1 -1 93 75 31 -1 36 -1 37 -1 35 -1 93 -1
 25 79 21 21 33 -1 69 -1 82  8 75 61 63 95 20 15 84 -1 21 -1 -1 51 10 78
 42 -1 -1 86 -1 62  4 -1 73 41 99 -1 -1 47  4 59 46 96 85  0 89 -1 40 33
 -1 56 -1 59]
[1 1 0 1 0 1 0 1 0 1 1 0 0 1 1 0 0 1 1 0 0 0 1 1 0 1 1 1 1 0 0 0 1 0 0 1 1
 1 1 1 0 1 1 1 1 1 1 0 0 0 1 1 1 0 0 1 1 0 1 1 1 1 1 1 0 0 0 1 1 1 1 0 0 0
 1 0 1 0 0 0 0 1 0 1 1 1 1 0 1 0 0 1 0 0 0 0 1 0 0 1]
[1 0 0 3 1 0 0 0 2 0 1 2 0 2 4 0 0 0 1 1 4 3 0 0 0 0 0 0 0 3 3 0 1 0 3 2 0
 0 0 1 3 4 0 0 3 0 0 0 0 1 1 0 1 1 0 0 0 0 0 2 0 3 0 0 3 3 3 0 2 4 4 0 2 0
 4 0 3 0 2 3 3 3 1 0 0 0 2 0 4 0 2 3 0 3 0 0 3 0 0 1]
[1 0 0 3 1 0 0 0 2 0 1 2 0 2 4 0 0 0 1 1 4 3 0 0 0 0 0 0 0 3 3 0 1 0 3 2 0
 0 0 1 3 4 0 0 3 0 0 0 0 1 1 0 1 1 0 0 0 0 0 2 0 3 0 0 3 3 3 0 2 4 4 0 2 0
 4 0 3 0 2 3 3 3 1 0 0 0 2 0 4 0 2 3 0 3 0 0 3 0 0 1]
[2 6 9 5 1 8 2 2 9 5 5 4 2 1 8 1 9 6 1 7 6 3 5 8 6 8 7 7 6 9 4 8 6 8 3 4 4
 6 6 9 6 7 6 2 3 3 1 3 8 3 4 7 4 5 3 4 8 4 7 2 7 7 2 9 8 7 9 1 1 3 4 1 3 4
 9 1 1 5 4 4 6 7 7 3 2 8 3 1 9 2 1 1 5 3 3 9 3 3 1 5]
[2 6 9 5 1 8 2 2 9 5 5 4 2 1 8 1 9 6 1 7 6 3 5 8 6 8 7 7 6 9 4 8 6 8 3 4 4
 6 6 9 6 7 6 2 3 3 1 3 8 3 4 7 4 5 3 4 8 4 7 2 7 7 2 9 8 7 9 1 1 3 4 1 3 4
 9 1 1 5 4 4 6 7 7 3 2 8 3 1 9 2 1 1 5 3 3 9 3 3 1 5]
[48, 50, 10, 32, 37, 31, 40, 28, 50, 31, 42, 19, 50, 50, 50, 48, 43, 50, 21, 35, 50, 42, 50, 50, 50, 50, 26, 48, 30, 49, 12, 27, 11, 32, 36, 31, 50, 27, 15, 17, 33, 35, 35, 14, 34, 50, 50, 50, 20, 50, 50, 50, 45, 50, 50, 17, 36, 22, 50, 46, 50, 26, 32, 50, 42, 35, 50, 45, 31, 50, 50, 50, 27, 31, 50, 50, 37, 50, 50, 39, 50, 50, 50, 21, 50, 45, 33, 50, 50, 50, 47, 50, 50, 47, 48, 43, 50, 23, 43, 50]
[0 0 0 0 0 0 0 0 0 0 0 0 0 0 0 0 0 0 0 0 0 0 0 0 0 0 0 0 0 0 0 0 0 0 0 0 0
 0 0 0 0 0 0 0 0 0 0 0 0 0 0 0 0 0 0 0 0 0 0 0 0 0 0 0 0 0 0 0 0 0 0 0 0 0
 0 0 0 0 0 0 0 0 0 0 0 0 0 0 0 0 0 0 0 0 0 0 0 0 0 0]
[1 1 1 1 1 1 1 1 1 1 1 1 1 1 1 1 1 1 1 1 1 1 1 1 1 1 1 1 1 1 1 1 1 1 1 1 1
 1 1 1 1 1 1 1 1 1 1 1 1 1 1 1 1 1 1 1 1 1 1 1 1 1 1 1 1 1 1 1 1 1 1 1 1 1
 1 1 1 1 1 1 1 1 1 1 1 1 1 1 1 1 1 1 1 1 1 1 1 1 1 1]
