[ 0  1  2  3  4  5  6  7  8  9 10 11 12 13 14 15 16 17 18 19 20 21 22 23
 24 25 26 27 28 29 30 31 32 33 34 35 36 37 38 39 40 41 42 43 44 45 46 47
 48 49 50 51 52 53 54 55 56 57 58 59 60 61 62 63 64 65 66 67 68 69 70 71
 72 73 74 75 76 77 78 79 80 81 82 83 84 85 86 87 88 89 90 91 92 93 94 95
 96 97 98 99]
[62 -1 -1 10 57 -1 17 61 -1 -1 72 21 -1 55 72  9 54  5 65 -1 -1 -1 37 -1
 60 -1 71 87 -1 27 -1 -1 -1  8 -1 -1 18 93 -1 61 67 -1 -1 55 40 -1 -1 -1
  8 84 76 85 87 65 -1 -1 -1 92 -1 80 -1 -1 13 11 36 -1 84 16 25 -1  2 -1
 64 -1 -1 51 72 69 12 61 25 88 25 -1 41 20 84 44 83 29 66 -1 13 69 61 26
 34 26 -1 63]
[0 0 0 0 0 0 0 0 0 1 0 1 0 1 0 1 0 1 1 0 1 1 1 0 0 0 1 0 1 1 0 0 1 1 0 0 1
 0 1 0 1 1 1 1 1 1 1 0 0 0 0 0 1 0 1 0 0 1 0 0 0 1 1 1 1 1 0 1 1 0 1 0 1 1
 0 0 1 0 1 0 1 1 0 0 1 1 1 0 0 0 1 0 1 0 1 0 1 0 0 0]
[1 3 4 0 1 0 1 2 0 2 0 3 1 3 0 0 0 3 0 3 0 0 0 2 3 0 2 1 0 4 2 0 4 4 2 0 0
 1 0 2 2 2 4 4 0 0 1 1 0 0 0 0 0 3 0 4 2 1 4 0 0 0 0 0 0 1 3 0 0 0 0 3 2 3
 3 0 3 4 0 1 0 3 3 0 3 3 3 0 4 2 2 0 2 3 3 3 0 0 2 4]
[1 3 4 0 1 0 1 2 0 2 0 3 1 3 0 0 0 3 0 3 0 0 0 2 3 0 2 1 0 4 2 0 4 4 2 0 0
 1 0 2 2 2 4 4 0 0 1 1 0 0 0 0 0 3 0 4 2 1 4 0 0 0 0 0 0 1 3 0 0 0 0 3 2 3
 3 0 3 4 0 1 0 3 3 0 3 3 3 0 4 2 2 0 2 3 3 3 0 0 2 4]
[3 7 7 7 2 3 7 9 7 1 8 7 5 5 6 3 7 1 2 9 3 5 8 5 4 9 6 7 1 6 2 7 8 4 8 8 1
 4 5 8 2 1 6 8 6 5 6 6 3 9 1 9 8 6 1 3 8 3 1 4 9 4 2 4 6 4 9 1 5 5 1 6 1 8
 4 8 8 8 8 8 3 1 1 5 1 3 8 5 1 9 9 8 4 8 5 9 7 6 8 4]
[3 7 7 7 2 3 7 9 7 1 8 7 5 5 6 3 7 1 2 9 3 5 8 5 4 9 6 7 1 6 2 7 8 4 8 8 1
 4 5 8 2 1 6 8 6 5 6 6 3 9 1 9 8 6 1 3 8 3 1 4 9 4 2 4 6 4 9 1 5 5 1 6 1 8
 4 8 8 8 8 8 3 1 1 5 1 3 8 5 1 9 9 8 4 8 5 9 7 6 8 4]
[50, 50, 10, 50, 44, 46, 50, 50, 50, 24, 50, 50, 14, 26, 40, 50, 23, 50, 47, 21, 50, 50, 29, 46, 50, 34, 50, 34, 50, 50, 46, 23, 50, 50, 50, 33, 50, 22, 50, 50, 50, 50, 17, 31, 37, 50, 17, 50, 29, 26, 50, 47, 50, 50, 32, 11, 50, 50, 50, 38, 39, 27, 50, 50, 18, 50, 50, 38, 50, 50, 43, 50, 28, 20, 50, 50, 28, 16, 18, 24, 50, 50, 24, 31, 50, 50, 50, 50, 50, 37, 10, 38, 50, 50, 26, 50, 19, 50, 26, 43]
[0 0 0 0 0 0 0 0 0 0 0 0 0 0 0 0 0 0 0 0 0 0 0 0 0 0 0 0 0 0 0 0 0 0 0 0 0
 0 0 0 0 0 0 0 0 0 0 0 0 0 0 0 0 0 0 0 0 0 0 0 0 0 0 0 0 0 0 0 0 0 0 0 0 0
 0 0 0 0 0 0 0 0 0 0 0 0 0 0 0 0 0 0 0 0 0 0 0 0 0 0]
[1 1 1 1 1 1 1 1 1 1 1 1 1 1 1 1 1 1 1 1 1 1 1 1 1 1 1 1 1 1 1 1 1 1 1 1 1
 1 1 1 1 1 1 1 1 1 1 1 1 1 1 1 1 1 1 1 1 1 1 1 1 1 1 1 1 1 1 1 1 1 1 1 1 1
 1 1 1 1 1 1 1 1 1 1 1 1 1 1 1 1 1 1 1 1 1 1 1 1 1 1]
