[ 0  1  2  3  4  5  6  7  8  9 10 11 12 13 14 15 16 17 18 19 20 21 22 23
 24 25 26 27 28 29 30 31 32 33 34 35 36 37 38 39 40 41 42 43 44 45 46 47
 48 49 50 51 52 53 54 55 56 57 58 59 60 61 62 63 64 65 66 67 68 69 70 71
 72 73 74 75 76 77 78 79 80 81 82 83 84 85 86 87 88 89 90 91 92 93 94 95
 96 97 98 99]
[81  3  1 -1 41 22 -1 21 -1 54 -1 -1 -1 22 68 33 73 23 -1 37 34 27  6 29
 38 23 23 51 83 92 21 45 10 -1 -1 13 47 33 -1 30 -1 99 -1 -1 78 63 53 81
 15 73  1 85 -1 91 -1 -1 -1 35 25 -1  0 18 89 -1 60 -1 15 29 -1 -1 20 91
 67 -1 33 -1 19 -1 15 19 -1 50 -1  9 24 -1 46 22 51 -1 43 -1 65 56 42 25
 55 56 -1 -1]
[0 0 1 1 1 1 1 0 1 0 1 1 1 0 0 0 1 0 0 0 1 1 1 1 0 1 0 1 1 0 0 1 1 0 0 1 0
 1 0 1 1 0 0 1 1 1 0 0 1 0 0 1 0 1 0 0 0 0 0 1 1 0 1 0 0 1 0 1 1 1 1 1 0 0
 1 1 0 0 1 0 0 1 0 1 0 1 1 0 1 0 0 1 1 0 1 1 0 0 1 1]
[0 0 2 0 0 0 0 0 0 2 0 0 2 4 3 0 2 2 0 0 2 0 2 4 0 0 0 4 0 0 0 0 0 2 0 4 1
 3 1 2 0 1 4 0 1 0 3 0 0 2 0 0 1 2 3 2 3 4 0 2 0 4 0 2 1 0 0 0 0 0 4 0 3 4
 0 2 4 1 0 2 3 0 1 0 4 0 4 4 2 0 0 0 0 4 0 0 1 0 0 3]
[0 0 2 0 0 0 0 0 0 2 0 0 2 4 3 0 2 2 0 0 2 0 2 4 0 0 0 4 0 0 0 0 0 2 0 4 1
 3 1 2 0 1 4 0 1 0 3 0 0 2 0 0 1 2 3 2 3 4 0 2 0 4 0 2 1 0 0 0 0 0 4 0 3 4
 0 2 4 1 0 2 3 0 1 0 4 0 4 4 2 0 0 0 0 4 0 0 1 0 0 3]
[4 9 4 7 3 5 5 7 9 5 4 5 7 8 5 1 8 6 7 7 1 3 9 2 2 6 3 4 9 7 9 3 2 5 3 8 4
 7 9 5 1 5 4 5 5 9 3 5 6 6 1 6 1 5 2 4 4 2 1 1 1 5 3 4 4 2 5 4 6 6 8 9 2 5
 2 9 5 6 3 4 4 1 2 2 4 3 8 2 7 7 5 2 5 5 6 7 8 8 9 8]
[4 9 4 7 3 5 5 7 9 5 4 5 7 8 5 1 8 6 7 7 1 3 9 2 2 6 3 4 9 7 9 3 2 5 3 8 4
 7 9 5 1 5 4 5 5 9 3 5 6 6 1 6 1 5 2 4 4 2 1 1 1 5 3 4 4 2 5 4 6 6 8 9 2 5
 2 9 5 6 3 4 4 1 2 2 4 3 8 2 7 7 5 2 5 5 6 7 8 8 9 8]
[50, 50, 41, 50, 50, 16, 41, 50, 50, 50, 50, 50, 41, 35, 50, 46, 50, 42, 50, 46, 31, 36, 18, 34, 44, 16, 33, 42, 50, 50, 26, 40, 40, 50, 50, 41, 32, 23, 44, 38, 50, 50, 50, 31, 31, 50, 11, 45, 11, 50, 21, 24, 50, 50, 50, 43, 50, 50, 50, 26, 41, 50, 39, 46, 11, 11, 50, 50, 50, 43, 50, 50, 22, 38, 50, 29, 20, 27, 50, 14, 50, 50, 43, 46, 38, 45, 21, 50, 50, 11, 22, 31, 50, 50, 49, 41, 50, 50, 23, 50]
[0 0 0 0 0 0 0 0 0 0 0 0 0 0 0 0 0 0 0 0 0 0 0 0 0 0 0 0 0 0 0 0 0 0 0 0 0
 0 0 0 0 0 0 0 0 0 0 0 0 0 0 0 0 0 0 0 0 0 0 0 0 0 0 0 0 0 0 0 0 0 0 0 0 0
 0 0 0 0 0 0 0 0 0 0 0 0 0 0 0 0 0 0 0 0 0 0 0 0 0 0]
[1 1 1 1 1 1 1 1 1 1 1 1 1 1 1 1 1 1 1 1 1 1 1 1 1 1 1 1 1 1 1 1 1 1 1 1 1
 1 1 1 1 1 1 1 1 1 1 1 1 1 1 1 1 1 1 1 1 1 1 1 1 1 1 1 1 1 1 1 1 1 1 1 1 1
 1 1 1 1 1 1 1 1 1 1 1 1 1 1 1 1 1 1 1 1 1 1 1 1 1 1]
