[ 0  1  2  3  4  5  6  7  8  9 10 11 12 13 14 15 16 17 18 19 20 21 22 23
 24 25 26 27 28 29 30 31 32 33 34 35 36 37 38 39 40 41 42 43 44 45 46 47
 48 49 50 51 52 53 54 55 56 57 58 59 60 61 62 63 64 65 66 67 68 69 70 71
 72 73 74 75 76 77 78 79 80 81 82 83 84 85 86 87 88 89 90 91 92 93 94 95
 96 97 98 99]
[99 89 -1 58 13 -1 78  2 68 -1 90 -1  4 28 57  9 39 63 55 97 -1 50 11 -1
 -1 -1 16 30 61  6 24  4 40 73 -1 -1 76 -1 -1 -1 -1 43 11 30 -1 67 81 -1
 76 -1  0 -1 -1  3 -1 -1 81 12 34 -1 13 -1  3 72 99 12 -1 -1 60 19 -1 72
 50 81 65 92 91 -1 -1 87 -1 34 -1 14 48 50 57 -1 67 53 88 86 45 40 59 36
 -1 99 33 95]
[0 1 0 1 0 1 1 0 1 0 1 1 0 0 0 0 0 1 1 0 1 1 1 1 1 1 0 0 1 0 0 1 0 0 1 1 1
 1 1 0 1 0 0 0 0 1 0 0 1 1 1 1 1 0 0 0 0 1 0 0 1 1 1 1 1 1 0 1 1 0 1 0 1 0
 0 1 1 1 0 1 1 0 1 1 0 0 1 1 0 0 1 1 0 0 0 0 0 0 0 0]
[0 2 0 0 3 0 4 0 2 4 4 0 2 3 0 0 3 1 3 0 0 0 0 0 0 0 0 0 3 0 0 3 2 0 0 0 0
 1 0 0 0 0 1 0 4 4 0 2 0 1 4 1 0 1 1 0 0 0 0 0 0 0 0 0 3 2 2 0 1 0 0 0 0 0
 0 0 1 0 1 2 0 0 0 3 1 4 0 3 0 0 2 0 0 0 0 3 4 0 0 1]
[0 2 0 0 3 0 4 0 2 4 4 0 2 3 0 0 3 1 3 0 0 0 0 0 0 0 0 0 3 0 0 3 2 0 0 0 0
 1 0 0 0 0 1 0 4 4 0 2 0 1 4 1 0 1 1 0 0 0 0 0 0 0 0 0 3 2 2 0 1 0 0 0 0 0
 0 0 1 0 1 2 0 0 0 3 1 4 0 3 0 0 2 0 0 0 0 3 4 0 0 1]
[7 3 4 3 3 7 7 5 1 8 5 9 7 7 3 3 3 2 7 7 2 2 5 2 9 7 8 1 2 9 3 2 8 3 7 7 5
 2 3 6 2 6 8 9 2 5 2 5 7 9 1 3 2 6 8 2 5 4 1 1 9 9 6 6 7 3 4 3 2 2 4 8 5 8
 5 9 5 1 8 4 2 8 4 1 1 7 6 1 8 5 3 7 7 4 5 8 9 5 7 9]
[7 3 4 3 3 7 7 5 1 8 5 9 7 7 3 3 3 2 7 7 2 2 5 2 9 7 8 1 2 9 3 2 8 3 7 7 5
 2 3 6 2 6 8 9 2 5 2 5 7 9 1 3 2 6 8 2 5 4 1 1 9 9 6 6 7 3 4 3 2 2 4 8 5 8
 5 9 5 1 8 4 2 8 4 1 1 7 6 1 8 5 3 7 7 4 5 8 9 5 7 9]
[10, 28, 48, 49, 49, 50, 50, 50, 50, 35, 18, 44, 50, 50, 25, 33, 33, 50, 50, 50, 11, 38, 50, 50, 50, 50, 50, 50, 22, 50, 50, 50, 50, 50, 25, 40, 27, 43, 39, 23, 14, 50, 50, 44, 50, 31, 50, 50, 22, 20, 44, 49, 50, 13, 23, 50, 20, 50, 26, 50, 40, 43, 22, 47, 44, 50, 34, 50, 50, 42, 40, 19, 50, 50, 43, 13, 37, 50, 50, 16, 50, 50, 11, 41, 46, 36, 13, 48, 50, 29, 50, 50, 46, 50, 44, 18, 40, 42, 50, 50]
[0 0 0 0 0 0 0 0 0 0 0 0 0 0 0 0 0 0 0 0 0 0 0 0 0 0 0 0 0 0 0 0 0 0 0 0 0
 0 0 0 0 0 0 0 0 0 0 0 0 0 0 0 0 0 0 0 0 0 0 0 0 0 0 0 0 0 0 0 0 0 0 0 0 0
 0 0 0 0 0 0 0 0 0 0 0 0 0 0 0 0 0 0 0 0 0 0 0 0 0 0]
[1 1 1 1 1 1 1 1 1 1 1 1 1 1 1 1 1 1 1 1 1 1 1 1 1 1 1 1 1 1 1 1 1 1 1 1 1
 1 1 1 1 1 1 1 1 1 1 1 1 1 1 1 1 1 1 1 1 1 1 1 1 1 1 1 1 1 1 1 1 1 1 1 1 1
 1 1 1 1 1 1 1 1 1 1 1 1 1 1 1 1 1 1 1 1 1 1 1 1 1 1]
