[ 0  1  2  3  4  5  6  7  8  9 10 11 12 13 14 15 16 17 18 19 20 21 22 23
 24 25 26 27 28 29 30 31 32 33 34 35 36 37 38 39 40 41 42 43 44 45 46 47
 48 49 50 51 52 53 54 55 56 57 58 59 60 61 62 63 64 65 66 67 68 69 70 71
 72 73 74 75 76 77 78 79 80 81 82 83 84 85 86 87 88 89 90 91 92 93 94 95
 96 97 98 99]
[-1 92 34 69 -1 -1 -1 -1 -1 51 -1 17 -1 -1 -1 -1 90 61 -1 35 38 92 65 17
 44 -1 -1 26 99 58 87 -1 60  8 15 34 -1 53 67 41 44 92 -1 -1 59 -1 83 -1
 91  3 -1 78  6 -1 17 -1 -1 74 19 -1 -1 83 64 96 -1 -1 44 71  1 -1 48 -1
 21 -1 -1 -1 -1 49  0 31 -1 -1 43 96 56 -1 33 73 25  4 -1 -1 69 45 -1 -1
 -1 61 83 43]
[0 1 0 1 1 0 1 0 1 1 1 0 0 1 0 0 0 1 1 0 1 0 0 1 1 1 1 0 0 0 1 0 0 1 1 1 0
 1 1 1 1 1 0 0 1 1 1 0 1 0 0 1 0 0 1 1 1 1 0 1 1 1 1 1 1 0 0 0 1 0 1 1 1 1
 0 1 0 1 0 1 0 1 0 1 1 1 1 1 0 0 0 1 0 0 0 0 1 1 1 1]
[3 0 1 0 2 0 0 1 2 4 0 3 0 1 0 0 2 2 0 0 1 0 0 0 1 0 0 2 0 1 4 0 0 3 3 4 0
 4 0 0 3 3 4 3 3 0 0 1 3 0 2 0 0 0 2 3 0 2 3 0 0 4 3 3 1 4 0 0 4 4 1 0 0 1
 1 2 0 0 0 0 0 1 0 0 3 1 4 0 0 1 0 4 3 0 0 1 0 2 0 2]
[3 0 1 0 2 0 0 1 2 4 0 3 0 1 0 0 2 2 0 0 1 0 0 0 1 0 0 2 0 1 4 0 0 3 3 4 0
 4 0 0 3 3 4 3 3 0 0 1 3 0 2 0 0 0 2 3 0 2 3 0 0 4 3 3 1 4 0 0 4 4 1 0 0 1
 1 2 0 0 0 0 0 1 0 0 3 1 4 0 0 1 0 4 3 0 0 1 0 2 0 2]
[8 9 7 9 2 1 7 7 7 7 8 1 8 6 7 1 9 8 7 9 9 3 8 9 2 8 1 3 2 5 1 3 3 8 6 8 6
 7 6 2 4 6 1 1 1 8 7 4 9 8 2 6 6 2 3 6 8 3 7 6 5 3 7 9 4 8 6 7 9 7 8 2 3 3
 4 1 4 3 7 1 3 9 3 6 7 7 3 3 2 8 3 1 4 8 3 1 2 4 4 9]
[8 9 7 9 2 1 7 7 7 7 8 1 8 6 7 1 9 8 7 9 9 3 8 9 2 8 1 3 2 5 1 3 3 8 6 8 6
 7 6 2 4 6 1 1 1 8 7 4 9 8 2 6 6 2 3 6 8 3 7 6 5 3 7 9 4 8 6 7 9 7 8 2 3 3
 4 1 4 3 7 1 3 9 3 6 7 7 3 3 2 8 3 1 4 8 3 1 2 4 4 9]
[50, 42, 30, 50, 38, 50, 50, 50, 50, 50, 43, 50, 50, 17, 50, 34, 40, 50, 50, 18, 13, 16, 18, 27, 32, 50, 22, 50, 41, 38, 35, 23, 50, 50, 50, 32, 30, 44, 50, 26, 26, 48, 39, 50, 16, 46, 46, 10, 50, 32, 38, 50, 50, 50, 48, 50, 19, 50, 50, 50, 13, 50, 36, 50, 50, 50, 34, 50, 48, 36, 34, 50, 50, 50, 50, 10, 50, 50, 50, 20, 50, 50, 11, 50, 50, 14, 50, 50, 29, 50, 50, 50, 40, 17, 50, 50, 23, 50, 36, 22]
[0 0 0 0 0 0 0 0 0 0 0 0 0 0 0 0 0 0 0 0 0 0 0 0 0 0 0 0 0 0 0 0 0 0 0 0 0
 0 0 0 0 0 0 0 0 0 0 0 0 0 0 0 0 0 0 0 0 0 0 0 0 0 0 0 0 0 0 0 0 0 0 0 0 0
 0 0 0 0 0 0 0 0 0 0 0 0 0 0 0 0 0 0 0 0 0 0 0 0 0 0]
[1 1 1 1 1 1 1 1 1 1 1 1 1 1 1 1 1 1 1 1 1 1 1 1 1 1 1 1 1 1 1 1 1 1 1 1 1
 1 1 1 1 1 1 1 1 1 1 1 1 1 1 1 1 1 1 1 1 1 1 1 1 1 1 1 1 1 1 1 1 1 1 1 1 1
 1 1 1 1 1 1 1 1 1 1 1 1 1 1 1 1 1 1 1 1 1 1 1 1 1 1]
