[ 0  1  2  3  4  5  6  7  8  9 10 11 12 13 14 15 16 17 18 19 20 21 22 23
 24 25 26 27 28 29 30 31 32 33 34 35 36 37 38 39 40 41 42 43 44 45 46 47
 48 49 50 51 52 53 54 55 56 57 58 59 60 61 62 63 64 65 66 67 68 69 70 71
 72 73 74 75 76 77 78 79 80 81 82 83 84 85 86 87 88 89 90 91 92 93 94 95
 96 97 98 99]
[48  0 99  0 -1 93 88 71 -1  4 88 63 -1 66 93  4 53 91 14 44 25  5 -1 45
 65 -1  0 -1  5 86 -1 70 44 16 95 -1 16 16 -1  5  3 64 -1 -1 63 34 69  6
 -1 -1 19 -1 -1 35 -1 39  1 -1 29 -1 71 -1 37  6 -1 37 -1 -1 75 86 40 20
  1 55 -1 -1 -1 13 54 24 41 -1 96 59 51 48 26 -1 -1 -1 -1 -1 43 91 22 82
 93 94 75 70]
[1 0 0 1 1 0 1 1 0 0 1 0 0 0 1 0 0 0 1 1 1 0 0 1 0 1 1 1 1 0 0 0 0 0 0 1 1
 0 0 0 0 0 1 0 1 0 0 1 0 1 1 0 0 0 0 1 0 0 0 1 0 0 0 0 1 1 0 0 0 1 1 0 1 1
 0 1 1 1 1 0 1 0 1 0 1 0 0 0 1 0 0 1 1 0 1 1 1 1 1 1]
[0 0 0 1 1 1 0 0 1 2 0 1 0 0 0 2 0 0 0 4 0 0 3 0 0 0 2 0 0 0 0 1 0 0 0 1 2
 0 4 4 0 2 1 4 0 2 4 2 1 4 3 0 2 3 0 4 0 0 2 0 0 2 0 0 0 0 2 3 0 3 1 3 0 4
 0 4 4 0 0 0 4 0 0 4 2 0 0 2 0 1 1 0 4 2 0 1 0 0 2 3]
[0 0 0 1 1 1 0 0 1 2 0 1 0 0 0 2 0 0 0 4 0 0 3 0 0 0 2 0 0 0 0 1 0 0 0 1 2
 0 4 4 0 2 1 4 0 2 4 2 1 4 3 0 2 3 0 4 0 0 2 0 0 2 0 0 0 0 2 3 0 3 1 3 0 4
 0 4 4 0 0 0 4 0 0 4 2 0 0 2 0 1 1 0 4 2 0 1 0 0 2 3]
[3 8 4 6 4 3 5 2 8 9 4 8 4 7 4 2 4 1 9 6 7 5 3 2 7 5 2 7 2 1 4 8 5 5 4 2 8
 7 9 2 4 8 5 2 6 2 1 1 1 4 9 9 1 4 6 7 8 3 7 6 1 2 6 2 9 1 6 9 5 4 4 2 7 8
 7 6 5 2 9 3 2 9 4 6 8 7 9 1 5 5 5 9 2 3 6 9 5 5 8 3]
[3 8 4 6 4 3 5 2 8 9 4 8 4 7 4 2 4 1 9 6 7 5 3 2 7 5 2 7 2 1 4 8 5 5 4 2 8
 7 9 2 4 8 5 2 6 2 1 1 1 4 9 9 1 4 6 7 8 3 7 6 1 2 6 2 9 1 6 9 5 4 4 2 7 8
 7 6 5 2 9 3 2 9 4 6 8 7 9 1 5 5 5 9 2 3 6 9 5 5 8 3]
[50, 50, 15, 26, 10, 50, 50, 50, 24, 50, 30, 50, 47, 27, 50, 50, 50, 44, 50, 50, 50, 50, 18, 50, 50, 34, 15, 39, 50, 30, 17, 13, 13, 46, 37, 38, 33, 50, 36, 41, 50, 10, 50, 50, 37, 50, 50, 18, 50, 48, 50, 33, 45, 50, 50, 15, 42, 50, 50, 15, 50, 32, 50, 50, 14, 38, 50, 50, 50, 50, 49, 25, 50, 50, 50, 50, 36, 50, 12, 50, 50, 50, 36, 50, 50, 21, 50, 16, 25, 13, 27, 28, 50, 50, 50, 50, 50, 50, 32, 50]
[0 0 0 0 0 0 0 0 0 0 0 0 0 0 0 0 0 0 0 0 0 0 0 0 0 0 0 0 0 0 0 0 0 0 0 0 0
 0 0 0 0 0 0 0 0 0 0 0 0 0 0 0 0 0 0 0 0 0 0 0 0 0 0 0 0 0 0 0 0 0 0 0 0 0
 0 0 0 0 0 0 0 0 0 0 0 0 0 0 0 0 0 0 0 0 0 0 0 0 0 0]
[1 1 1 1 1 1 1 1 1 1 1 1 1 1 1 1 1 1 1 1 1 1 1 1 1 1 1 1 1 1 1 1 1 1 1 1 1
 1 1 1 1 1 1 1 1 1 1 1 1 1 1 1 1 1 1 1 1 1 1 1 1 1 1 1 1 1 1 1 1 1 1 1 1 1
 1 1 1 1 1 1 1 1 1 1 1 1 1 1 1 1 1 1 1 1 1 1 1 1 1 1]
