[ 0  1  2  3  4  5  6  7  8  9 10 11 12 13 14 15 16 17 18 19 20 21 22 23
 24 25 26 27 28 29 30 31 32 33 34 35 36 37 38 39 40 41 42 43 44 45 46 47
 48 49 50 51 52 53 54 55 56 57 58 59 60 61 62 63 64 65 66 67 68 69 70 71
 72 73 74 75 76 77 78 79 80 81 82 83 84 85 86 87 88 89 90 91 92 93 94 95
 96 97 98 99]
[54 20 74 44 85 87 82 -1 49 34 43 93 43 -1 49 -1 -1 -1  1 76 34 88 18 40
 -1 76 53 -1 93 16 26 -1 88 -1 -1 24 83 -1 55 48 -1 87 -1 -1 23 -1 -1 73
 72 -1 -1 60 57 -1 -1 34 -1 38 15 88 18 26 -1 57 40 93 27 -1 65 28 75 -1
 61 15 -1 -1 -1 -1 -1 61 70  6 73 -1 18 95 -1 17 24 32 27 40 67 52 -1 -1
 95 -1 53 15]
[0 1 1 1 0 1 1 0 1 0 1 0 1 0 1 0 1 0 0 0 1 1 1 1 1 1 1 0 1 0 0 1 0 0 0 1 0
 0 0 1 0 1 1 1 1 1 1 0 1 1 0 1 1 1 1 0 0 1 0 0 1 1 0 1 1 1 0 1 1 0 0 1 0 1
 1 0 0 1 1 0 0 0 1 1 1 0 0 0 0 1 0 1 1 0 1 0 1 0 1 0]
[3 2 4 3 4 4 0 2 4 0 0 0 1 4 0 4 4 1 0 2 0 1 3 1 0 3 4 4 2 0 0 3 0 2 3 0 1
 4 0 0 0 3 1 0 1 3 2 2 0 1 0 0 0 3 0 0 1 4 4 0 0 4 4 3 4 0 4 0 0 0 2 0 0 1
 0 1 3 0 0 2 0 0 3 0 3 2 2 0 0 3 0 3 2 3 0 3 0 0 3 4]
[3 2 4 3 4 4 0 2 4 0 0 0 1 4 0 4 4 1 0 2 0 1 3 1 0 3 4 4 2 0 0 3 0 2 3 0 1
 4 0 0 0 3 1 0 1 3 2 2 0 1 0 0 0 3 0 0 1 4 4 0 0 4 4 3 4 0 4 0 0 0 2 0 0 1
 0 1 3 0 0 2 0 0 3 0 3 2 2 0 0 3 0 3 2 3 0 3 0 0 3 4]
[9 8 5 4 6 8 6 1 4 6 2 8 6 6 7 8 6 8 5 1 7 1 8 8 2 4 9 3 5 8 1 1 8 1 9 8 3
 6 9 2 7 9 2 7 1 1 3 6 5 6 1 3 2 3 7 8 5 6 8 5 2 5 6 6 1 9 4 3 9 6 9 6 2 6
 5 2 5 3 4 5 4 1 3 1 9 1 9 4 9 8 4 4 3 4 9 1 1 8 1 9]
[9 8 5 4 6 8 6 1 4 6 2 8 6 6 7 8 6 8 5 1 7 1 8 8 2 4 9 3 5 8 1 1 8 1 9 8 3
 6 9 2 7 9 2 7 1 1 3 6 5 6 1 3 2 3 7 8 5 6 8 5 2 5 6 6 1 9 4 3 9 6 9 6 2 6
 5 2 5 3 4 5 4 1 3 1 9 1 9 4 9 8 4 4 3 4 9 1 1 8 1 9]
[50, 38, 50, 50, 48, 26, 36, 50, 35, 50, 38, 27, 18, 50, 50, 50, 16, 50, 50, 50, 21, 34, 50, 50, 50, 22, 34, 47, 45, 50, 50, 15, 50, 50, 50, 50, 34, 50, 50, 47, 43, 50, 50, 25, 22, 11, 50, 50, 50, 33, 46, 48, 50, 50, 50, 16, 29, 30, 39, 29, 42, 32, 50, 50, 42, 50, 50, 50, 18, 25, 28, 44, 31, 50, 21, 20, 50, 50, 50, 50, 50, 50, 50, 44, 22, 49, 50, 29, 32, 30, 14, 50, 36, 50, 29, 16, 20, 50, 24, 50]
[0 0 0 0 0 0 0 0 0 0 0 0 0 0 0 0 0 0 0 0 0 0 0 0 0 0 0 0 0 0 0 0 0 0 0 0 0
 0 0 0 0 0 0 0 0 0 0 0 0 0 0 0 0 0 0 0 0 0 0 0 0 0 0 0 0 0 0 0 0 0 0 0 0 0
 0 0 0 0 0 0 0 0 0 0 0 0 0 0 0 0 0 0 0 0 0 0 0 0 0 0]
[1 1 1 1 1 1 1 1 1 1 1 1 1 1 1 1 1 1 1 1 1 1 1 1 1 1 1 1 1 1 1 1 1 1 1 1 1
 1 1 1 1 1 1 1 1 1 1 1 1 1 1 1 1 1 1 1 1 1 1 1 1 1 1 1 1 1 1 1 1 1 1 1 1 1
 1 1 1 1 1 1 1 1 1 1 1 1 1 1 1 1 1 1 1 1 1 1 1 1 1 1]
