[ 0  1  2  3  4  5  6  7  8  9 10 11 12 13 14 15 16 17 18 19 20 21 22 23
 24 25 26 27 28 29 30 31 32 33 34 35 36 37 38 39 40 41 42 43 44 45 46 47
 48 49 50 51 52 53 54 55 56 57 58 59 60 61 62 63 64 65 66 67 68 69 70 71
 72 73 74 75 76 77 78 79 80 81 82 83 84 85 86 87 88 89 90 91 92 93 94 95
 96 97 98 99]
[-1 -1 81  0 -1 83 64 64 -1  4 37 58 83  3 -1 10 -1 27 -1  3  9 -1 -1 -1
  1 30 79 -1 99  2 -1 86 73 -1 79 77 46 83 32 -1 60 49 71 70  2 23 53 82
 45  2  7  0 -1 -1 38  0 -1 58 84 36  0 72 18 96 10 -1 -1 -1  8 -1 -1 54
 43 -1 10 70 -1 -1 -1 99 -1 73 -1 42 90 -1 -1  2 -1 -1 -1 -1 58 -1 73 77
 72 48 -1 -1]
[0 0 0 1 0 1 1 0 0 0 1 0 0 0 1 0 0 0 1 1 0 0 1 0 0 0 1 0 1 0 0 0 0 0 0 0 0
 0 1 0 0 1 1 0 0 0 0 1 1 0 0 1 0 1 1 1 1 0 1 0 1 0 0 0 0 1 0 1 0 0 0 0 0 1
 1 1 0 0 1 1 0 1 0 0 0 0 0 1 1 1 0 1 0 0 1 1 1 0 0 0]
[1 0 1 3 2 0 0 4 1 0 0 4 0 4 0 0 0 0 3 0 0 2 0 0 0 0 0 0 0 0 0 2 4 2 0 1 2
 0 2 1 0 2 1 0 1 0 0 0 3 0 0 0 4 1 0 3 0 0 0 1 3 0 3 4 0 4 0 3 1 0 2 2 3 2
 0 0 0 3 2 0 0 2 0 0 0 3 0 2 0 0 0 0 0 2 0 2 0 0 0 0]
[1 0 1 3 2 0 0 4 1 0 0 4 0 4 0 0 0 0 3 0 0 2 0 0 0 0 0 0 0 0 0 2 4 2 0 1 2
 0 2 1 0 2 1 0 1 0 0 0 3 0 0 0 4 1 0 3 0 0 0 1 3 0 3 4 0 4 0 3 1 0 2 2 3 2
 0 0 0 3 2 0 0 2 0 0 0 3 0 2 0 0 0 0 0 2 0 2 0 0 0 0]
[3 9 3 1 6 9 5 2 2 9 2 7 7 8 7 9 2 6 8 3 9 5 2 6 6 7 4 7 7 4 1 7 8 7 3 9 3
 8 7 6 6 6 4 5 3 5 2 1 6 2 3 4 9 9 1 8 9 2 2 8 3 3 2 4 9 9 9 6 1 8 6 1 7 2
 6 3 4 1 4 2 6 2 9 8 5 6 8 5 7 9 4 5 8 4 1 6 1 1 7 3]
[3 9 3 1 6 9 5 2 2 9 2 7 7 8 7 9 2 6 8 3 9 5 2 6 6 7 4 7 7 4 1 7 8 7 3 9 3
 8 7 6 6 6 4 5 3 5 2 1 6 2 3 4 9 9 1 8 9 2 2 8 3 3 2 4 9 9 9 6 1 8 6 1 7 2
 6 3 4 1 4 2 6 2 9 8 5 6 8 5 7 9 4 5 8 4 1 6 1 1 7 3]
[50, 43, 50, 45, 50, 26, 41, 24, 50, 50, 17, 14, 50, 48, 14, 50, 50, 50, 24, 42, 50, 19, 50, 50, 50, 50, 18, 10, 47, 50, 30, 36, 15, 27, 25, 50, 50, 29, 47, 50, 23, 50, 41, 50, 41, 26, 41, 32, 36, 18, 22, 50, 21, 41, 50, 16, 50, 32, 45, 50, 26, 43, 31, 50, 48, 42, 50, 48, 50, 50, 50, 50, 38, 50, 50, 44, 38, 50, 50, 50, 48, 50, 50, 32, 50, 50, 50, 50, 50, 10, 47, 50, 23, 50, 50, 18, 50, 50, 15, 23]
[0 0 0 0 0 0 0 0 0 0 0 0 0 0 0 0 0 0 0 0 0 0 0 0 0 0 0 0 0 0 0 0 0 0 0 0 0
 0 0 0 0 0 0 0 0 0 0 0 0 0 0 0 0 0 0 0 0 0 0 0 0 0 0 0 0 0 0 0 0 0 0 0 0 0
 0 0 0 0 0 0 0 0 0 0 0 0 0 0 0 0 0 0 0 0 0 0 0 0 0 0]
[1 1 1 1 1 1 1 1 1 1 1 1 1 1 1 1 1 1 1 1 1 1 1 1 1 1 1 1 1 1 1 1 1 1 1 1 1
 1 1 1 1 1 1 1 1 1 1 1 1 1 1 1 1 1 1 1 1 1 1 1 1 1 1 1 1 1 1 1 1 1 1 1 1 1
 1 1 1 1 1 1 1 1 1 1 1 1 1 1 1 1 1 1 1 1 1 1 1 1 1 1]
