[ 0  1  2  3  4  5  6  7  8  9 10 11 12 13 14 15 16 17 18 19 20 21 22 23
 24 25 26 27 28 29 30 31 32 33 34 35 36 37 38 39 40 41 42 43 44 45 46 47
 48 49 50 51 52 53 54 55 56 57 58 59 60 61 62 63 64 65 66 67 68 69 70 71
 72 73 74 75 76 77 78 79 80 81 82 83 84 85 86 87 88 89 90 91 92 93 94 95
 96 97 98 99]
[-1 74 34 28 25 51 55 28 -1 44 75 59 -1 97  1 85 74  8 36 10 44 90 24 95
 62 -1 87 50 51 -1 -1 77 -1 92 -1 17 -1 80 -1 -1 18  0 -1 64 39 -1 38 -1
 97 -1 -1 66 33 23 40  5 -1 99 17 -1 71 75 -1 24  6 39 69 -1 20 -1 58 70
 -1 22 78 44 82 98  2 -1 85  2  9 39  6 13 58 -1 79 26 -1  0 49 69 -1 96
  2  9 -1 29]
[1 1 1 0 1 1 1 0 0 1 0 1 1 0 1 0 0 1 1 1 0 0 1 1 1 1 1 1 1 0 1 0 1 0 0 0 1
 1 1 0 0 0 1 0 0 0 1 1 1 0 0 0 1 1 1 0 1 1 1 1 1 1 1 1 1 0 1 0 1 1 0 1 1 1
 1 0 1 0 0 1 1 0 1 1 1 1 1 1 0 1 1 0 0 0 1 1 0 0 1 0]
[0 4 0 0 2 3 0 3 4 0 4 2 4 1 0 2 2 1 4 4 1 0 3 0 1 0 1 0 1 4 3 2 0 0 4 0 4
 3 3 1 0 0 3 0 0 2 0 2 4 0 3 1 0 0 2 1 1 2 3 1 0 2 0 4 0 4 0 2 0 0 0 0 0 0
 2 3 0 4 0 0 1 0 3 0 0 3 0 2 0 0 0 0 3 2 0 0 0 0 0 0]
[0 4 0 0 2 3 0 3 4 0 4 2 4 1 0 2 2 1 4 4 1 0 3 0 1 0 1 0 1 4 3 2 0 0 4 0 4
 3 3 1 0 0 3 0 0 2 0 2 4 0 3 1 0 0 2 1 1 2 3 1 0 2 0 4 0 4 0 2 0 0 0 0 0 0
 2 3 0 4 0 0 1 0 3 0 0 3 0 2 0 0 0 0 3 2 0 0 0 0 0 0]
[3 2 3 5 7 7 4 7 5 2 4 1 7 8 1 3 7 6 7 7 6 6 7 6 9 8 4 1 9 6 1 9 1 5 3 6 8
 3 9 6 9 6 9 1 3 6 6 8 3 5 6 7 6 7 3 7 3 4 9 1 4 3 1 1 1 9 9 6 9 5 6 8 9 7
 5 1 9 9 3 3 5 2 6 9 3 1 5 6 6 7 5 4 6 1 6 8 1 5 2 3]
[3 2 3 5 7 7 4 7 5 2 4 1 7 8 1 3 7 6 7 7 6 6 7 6 9 8 4 1 9 6 1 9 1 5 3 6 8
 3 9 6 9 6 9 1 3 6 6 8 3 5 6 7 6 7 3 7 3 4 9 1 4 3 1 1 1 9 9 6 9 5 6 8 9 7
 5 1 9 9 3 3 5 2 6 9 3 1 5 6 6 7 5 4 6 1 6 8 1 5 2 3]
[40, 36, 50, 50, 50, 22, 50, 34, 40, 50, 50, 11, 50, 32, 50, 50, 50, 46, 50, 50, 41, 50, 50, 26, 45, 25, 50, 50, 21, 12, 50, 50, 13, 21, 50, 50, 50, 50, 50, 50, 50, 50, 50, 50, 50, 50, 50, 50, 50, 18, 35, 11, 26, 50, 40, 28, 27, 20, 50, 50, 50, 50, 50, 17, 18, 50, 13, 50, 50, 50, 18, 10, 50, 50, 50, 50, 14, 50, 50, 50, 50, 50, 50, 27, 50, 43, 39, 20, 25, 19, 10, 50, 50, 10, 50, 50, 50, 19, 28, 50]
[0 0 0 0 0 0 0 0 0 0 0 0 0 0 0 0 0 0 0 0 0 0 0 0 0 0 0 0 0 0 0 0 0 0 0 0 0
 0 0 0 0 0 0 0 0 0 0 0 0 0 0 0 0 0 0 0 0 0 0 0 0 0 0 0 0 0 0 0 0 0 0 0 0 0
 0 0 0 0 0 0 0 0 0 0 0 0 0 0 0 0 0 0 0 0 0 0 0 0 0 0]
[1 1 1 1 1 1 1 1 1 1 1 1 1 1 1 1 1 1 1 1 1 1 1 1 1 1 1 1 1 1 1 1 1 1 1 1 1
 1 1 1 1 1 1 1 1 1 1 1 1 1 1 1 1 1 1 1 1 1 1 1 1 1 1 1 1 1 1 1 1 1 1 1 1 1
 1 1 1 1 1 1 1 1 1 1 1 1 1 1 1 1 1 1 1 1 1 1 1 1 1 1]
