[ 0  1  2  3  4  5  6  7  8  9 10 11 12 13 14 15 16 17 18 19 20 21 22 23
 24 25 26 27 28 29 30 31 32 33 34 35 36 37 38 39 40 41 42 43 44 45 46 47
 48 49 50 51 52 53 54 55 56 57 58 59 60 61 62 63 64 65 66 67 68 69 70 71
 72 73 74 75 76 77 78 79 80 81 82 83 84 85 86 87 88 89 90 91 92 93 94 95
 96 97 98 99]
[97 -1 56 -1 -1 93 75 72 -1 95 38 26 -1 68 84 91 -1 82 63 -1 -1 -1 -1 70
 21 -1 71 -1 97 -1 46 51 -1 38 35 49 65 80 89 88 96 -1 18 93 71 -1 35 72
 76 -1 -1 19 88 89 -1  5 -1  0 -1 -1 -1 26 10 43 58 -1 86 -1 79  9 -1 15
 51 -1 -1 -1 17 72 -1 -1 91 43 31 -1 60 35 -1 -1 74 97 74 40 -1 84 29 66
 64 79 -1 -1]
[1 1 1 0 1 1 1 0 0 1 1 0 0 0 1 1 0 1 1 0 0 0 0 1 1 0 1 0 0 0 1 0 1 1 0 1 0
 0 0 0 0 1 1 1 0 0 1 1 1 1 0 1 0 1 0 0 0 1 0 0 1 1 1 1 1 0 1 1 0 0 0 0 1 1
 1 0 0 1 0 0 1 0 1 0 1 1 0 1 0 1 0 0 1 0 1 1 1 0 1 1]
[0 3 1 3 1 3 0 0 0 2 1 3 1 0 0 0 1 3 0 0 0 0 0 2 3 0 1 2 1 2 4 1 2 0 4 3 3
 0 3 3 2 2 2 2 1 3 1 0 0 0 3 3 3 1 1 2 0 3 2 2 0 2 2 0 0 0 4 2 1 4 3 0 0 4
 0 4 0 1 2 0 0 0 0 2 3 3 0 0 0 3 2 0 3 0 0 0 2 0 3 4]
[0 3 1 3 1 3 0 0 0 2 1 3 1 0 0 0 1 3 0 0 0 0 0 2 3 0 1 2 1 2 4 1 2 0 4 3 3
 0 3 3 2 2 2 2 1 3 1 0 0 0 3 3 3 1 1 2 0 3 2 2 0 2 2 0 0 0 4 2 1 4 3 0 0 4
 0 4 0 1 2 0 0 0 0 2 3 3 0 0 0 3 2 0 3 0 0 0 2 0 3 4]
[9 8 1 8 1 6 5 4 6 6 1 2 5 9 6 7 3 9 4 3 5 5 3 8 8 1 9 8 8 3 6 8 1 6 3 8 5
 7 3 3 3 9 3 5 2 2 7 3 8 3 6 9 3 4 2 6 1 8 9 8 5 8 5 8 1 5 8 8 8 6 2 9 9 3
 5 9 3 8 9 9 2 9 8 7 6 5 4 2 9 9 9 7 2 7 6 3 7 9 3 1]
[9 8 1 8 1 6 5 4 6 6 1 2 5 9 6 7 3 9 4 3 5 5 3 8 8 1 9 8 8 3 6 8 1 6 3 8 5
 7 3 3 3 9 3 5 2 2 7 3 8 3 6 9 3 4 2 6 1 8 9 8 5 8 5 8 1 5 8 8 8 6 2 9 9 3
 5 9 3 8 9 9 2 9 8 7 6 5 4 2 9 9 9 7 2 7 6 3 7 9 3 1]
[13, 44, 19, 45, 50, 16, 50, 50, 14, 50, 39, 50, 50, 17, 50, 50, 21, 50, 50, 50, 50, 47, 50, 50, 50, 50, 50, 50, 43, 50, 13, 50, 31, 36, 39, 50, 12, 49, 50, 18, 50, 50, 50, 24, 50, 50, 43, 47, 22, 14, 39, 43, 35, 46, 50, 19, 50, 50, 43, 32, 23, 18, 16, 50, 50, 40, 50, 50, 50, 50, 12, 29, 23, 50, 18, 50, 38, 23, 50, 50, 27, 50, 35, 50, 50, 50, 50, 50, 50, 19, 50, 50, 50, 12, 25, 42, 50, 50, 50, 27]
[0 0 0 0 0 0 0 0 0 0 0 0 0 0 0 0 0 0 0 0 0 0 0 0 0 0 0 0 0 0 0 0 0 0 0 0 0
 0 0 0 0 0 0 0 0 0 0 0 0 0 0 0 0 0 0 0 0 0 0 0 0 0 0 0 0 0 0 0 0 0 0 0 0 0
 0 0 0 0 0 0 0 0 0 0 0 0 0 0 0 0 0 0 0 0 0 0 0 0 0 0]
[1 1 1 1 1 1 1 1 1 1 1 1 1 1 1 1 1 1 1 1 1 1 1 1 1 1 1 1 1 1 1 1 1 1 1 1 1
 1 1 1 1 1 1 1 1 1 1 1 1 1 1 1 1 1 1 1 1 1 1 1 1 1 1 1 1 1 1 1 1 1 1 1 1 1
 1 1 1 1 1 1 1 1 1 1 1 1 1 1 1 1 1 1 1 1 1 1 1 1 1 1]
