[ 0  1  2  3  4  5  6  7  8  9 10 11 12 13 14 15 16 17 18 19 20 21 22 23
 24 25 26 27 28 29 30 31 32 33 34 35 36 37 38 39 40 41 42 43 44 45 46 47
 48 49 50 51 52 53 54 55 56 57 58 59 60 61 62 63 64 65 66 67 68 69 70 71
 72 73 74 75 76 77 78 79 80 81 82 83 84 85 86 87 88 89 90 91 92 93 94 95
 96 97 98 99]
[79 -1 69 46 72 24 -1 72 -1 -1 20 90 78 71 -1 17 -1 21 82 80  1 36 90 -1
 17 -1 39 33 30 60  4 53 -1 91 65 -1 -1  3 -1 -1 -1 -1 -1 -1 31 -1 72 69
 38 -1 87 62 69 94 82 -1 -1  3 -1  7 -1 -1 94 37 28 -1 34 61 -1 23 30 85
  9 60 -1 13 -1 50 97 75 35 -1 44 -1 19  4 -1 -1 86 -1 62 -1 51 24 63 25
 -1 34 -1 30]
[0 1 0 0 1 1 1 1 1 1 0 0 1 1 0 1 1 1 1 0 1 0 1 0 0 1 0 1 1 0 0 0 0 0 0 0 1
 1 0 0 0 1 0 1 1 1 1 0 1 0 1 0 0 0 1 0 0 1 1 0 0 0 1 0 1 0 1 0 1 0 0 1 1 1
 0 1 1 0 0 0 0 1 1 1 0 1 1 0 1 0 1 1 0 0 0 0 0 0 0 1]
[2 2 0 0 0 4 4 4 2 2 0 0 1 0 1 3 1 2 0 0 3 3 0 1 0 1 0 4 3 1 2 3 0 0 3 0 0
 0 0 2 0 2 2 0 0 0 4 3 4 2 0 3 2 0 0 2 2 0 0 0 0 2 4 3 0 2 2 4 0 0 0 0 1 0
 0 0 2 3 0 1 2 0 0 3 3 3 0 2 0 1 2 0 3 2 0 0 0 0 0 3]
[2 2 0 0 0 4 4 4 2 2 0 0 1 0 1 3 1 2 0 0 3 3 0 1 0 1 0 4 3 1 2 3 0 0 3 0 0
 0 0 2 0 2 2 0 0 0 4 3 4 2 0 3 2 0 0 2 2 0 0 0 0 2 4 3 0 2 2 4 0 0 0 0 1 0
 0 0 2 3 0 1 2 0 0 3 3 3 0 2 0 1 2 0 3 2 0 0 0 0 0 3]
[9 9 6 3 1 2 2 9 2 3 2 5 7 3 2 3 1 8 8 4 4 8 4 1 4 7 2 9 1 2 3 1 7 1 3 4 3
 2 4 1 4 7 5 4 1 7 2 2 9 3 8 3 1 6 9 6 6 1 1 4 1 1 3 4 1 9 1 7 7 9 9 6 6 5
 7 7 8 9 4 3 1 9 8 3 7 9 5 5 3 5 8 9 7 2 2 3 8 1 3 1]
[9 9 6 3 1 2 2 9 2 3 2 5 7 3 2 3 1 8 8 4 4 8 4 1 4 7 2 9 1 2 3 1 7 1 3 4 3
 2 4 1 4 7 5 4 1 7 2 2 9 3 8 3 1 6 9 6 6 1 1 4 1 1 3 4 1 9 1 7 7 9 9 6 6 5
 7 7 8 9 4 3 1 9 8 3 7 9 5 5 3 5 8 9 7 2 2 3 8 1 3 1]
[11, 11, 50, 50, 50, 25, 50, 25, 50, 50, 38, 27, 30, 46, 50, 29, 50, 50, 50, 30, 50, 24, 50, 42, 50, 50, 50, 49, 50, 45, 16, 50, 36, 50, 38, 50, 50, 50, 24, 14, 50, 40, 50, 41, 50, 35, 50, 50, 17, 19, 50, 50, 50, 50, 39, 50, 38, 20, 50, 50, 50, 50, 50, 50, 50, 18, 50, 22, 47, 37, 50, 19, 50, 50, 50, 11, 39, 50, 17, 16, 50, 32, 10, 24, 50, 50, 43, 50, 50, 26, 20, 24, 23, 50, 50, 50, 13, 50, 50, 50]
[0 0 0 0 0 0 0 0 0 0 0 0 0 0 0 0 0 0 0 0 0 0 0 0 0 0 0 0 0 0 0 0 0 0 0 0 0
 0 0 0 0 0 0 0 0 0 0 0 0 0 0 0 0 0 0 0 0 0 0 0 0 0 0 0 0 0 0 0 0 0 0 0 0 0
 0 0 0 0 0 0 0 0 0 0 0 0 0 0 0 0 0 0 0 0 0 0 0 0 0 0]
[1 1 1 1 1 1 1 1 1 1 1 1 1 1 1 1 1 1 1 1 1 1 1 1 1 1 1 1 1 1 1 1 1 1 1 1 1
 1 1 1 1 1 1 1 1 1 1 1 1 1 1 1 1 1 1 1 1 1 1 1 1 1 1 1 1 1 1 1 1 1 1 1 1 1
 1 1 1 1 1 1 1 1 1 1 1 1 1 1 1 1 1 1 1 1 1 1 1 1 1 1]
