[ 0  1  2  3  4  5  6  7  8  9 10 11 12 13 14 15 16 17 18 19 20 21 22 23
 24 25 26 27 28 29 30 31 32 33 34 35 36 37 38 39 40 41 42 43 44 45 46 47
 48 49 50 51 52 53 54 55 56 57 58 59 60 61 62 63 64 65 66 67 68 69 70 71
 72 73 74 75 76 77 78 79 80 81 82 83 84 85 86 87 88 89 90 91 92 93 94 95
 96 97 98 99]
[47 13 97 69 -1 34 -1  6 32 91 -1 99 -1 -1 52 -1 33 -1 74 20 16 -1 -1 64
 51  2 41 52 16 94 -1 -1 -1 41 85 45 23 -1 55 -1 58 40 92 -1 28 -1 59 74
 -1 40 35 -1  8  3 56 -1 73 58 -1 65 16 81 -1 31 52 70 -1 56 44 -1 88 -1
  0 -1 -1 -1 -1 -1  5 -1 68 68 19 -1 -1 41 -1 -1 40 58  4 -1 -1 -1 -1 17
 -1 72 59 -1]
[1 1 1 1 1 1 0 0 1 0 0 0 0 1 0 0 1 1 1 1 0 0 0 0 0 1 0 0 0 1 1 0 0 0 0 1 1
 0 0 1 0 1 1 0 1 1 1 0 0 0 1 1 1 0 1 1 0 0 1 1 1 0 1 0 0 0 1 1 0 0 0 0 0 1
 0 1 0 0 0 0 0 0 0 0 0 0 0 1 1 0 1 0 0 1 0 1 0 0 0 1]
[3 0 0 3 0 0 3 4 1 0 0 4 4 0 0 0 1 0 0 4 0 0 0 0 0 0 0 0 2 3 0 1 0 2 0 0 0
 0 4 0 4 2 0 0 0 0 0 3 3 0 0 0 4 0 0 0 1 0 0 0 3 1 4 0 2 1 0 4 0 3 0 0 0 3
 0 0 0 4 0 0 3 3 4 0 3 3 3 0 3 0 0 4 0 0 0 0 3 1 1 4]
[3 0 0 3 0 0 3 4 1 0 0 4 4 0 0 0 1 0 0 4 0 0 0 0 0 0 0 0 2 3 0 1 0 2 0 0 0
 0 4 0 4 2 0 0 0 0 0 3 3 0 0 0 4 0 0 0 1 0 0 0 3 1 4 0 2 1 0 4 0 3 0 0 0 3
 0 0 0 4 0 0 3 3 4 0 3 3 3 0 3 0 0 4 0 0 0 0 3 1 1 4]
[2 6 3 4 2 1 4 3 7 4 5 2 4 3 6 3 8 5 6 2 3 3 6 4 4 1 3 1 4 8 6 4 6 1 4 2 1
 7 3 8 4 6 9 4 4 4 2 4 6 7 5 3 1 5 7 7 9 4 1 8 1 2 8 5 1 4 4 6 1 9 2 3 4 4
 9 6 2 2 6 3 8 9 4 7 7 1 8 4 6 8 5 4 7 9 9 4 9 2 2 7]
[2 6 3 4 2 1 4 3 7 4 5 2 4 3 6 3 8 5 6 2 3 3 6 4 4 1 3 1 4 8 6 4 6 1 4 2 1
 7 3 8 4 6 9 4 4 4 2 4 6 7 5 3 1 5 7 7 9 4 1 8 1 2 8 5 1 4 4 6 1 9 2 3 4 4
 9 6 2 2 6 3 8 9 4 7 7 1 8 4 6 8 5 4 7 9 9 4 9 2 2 7]
[50, 26, 50, 50, 50, 50, 50, 50, 50, 45, 46, 27, 23, 12, 36, 29, 50, 50, 17, 50, 36, 28, 50, 50, 45, 49, 50, 50, 14, 40, 50, 50, 23, 50, 50, 25, 50, 50, 50, 50, 50, 50, 50, 40, 50, 50, 11, 50, 50, 14, 50, 42, 50, 50, 50, 35, 47, 41, 50, 50, 43, 25, 50, 50, 44, 50, 50, 33, 42, 16, 16, 27, 22, 19, 50, 46, 24, 14, 50, 46, 18, 50, 26, 20, 50, 50, 31, 21, 50, 10, 50, 35, 24, 50, 50, 11, 36, 50, 50, 50]
[0 0 0 0 0 0 0 0 0 0 0 0 0 0 0 0 0 0 0 0 0 0 0 0 0 0 0 0 0 0 0 0 0 0 0 0 0
 0 0 0 0 0 0 0 0 0 0 0 0 0 0 0 0 0 0 0 0 0 0 0 0 0 0 0 0 0 0 0 0 0 0 0 0 0
 0 0 0 0 0 0 0 0 0 0 0 0 0 0 0 0 0 0 0 0 0 0 0 0 0 0]
[1 1 1 1 1 1 1 1 1 1 1 1 1 1 1 1 1 1 1 1 1 1 1 1 1 1 1 1 1 1 1 1 1 1 1 1 1
 1 1 1 1 1 1 1 1 1 1 1 1 1 1 1 1 1 1 1 1 1 1 1 1 1 1 1 1 1 1 1 1 1 1 1 1 1
 1 1 1 1 1 1 1 1 1 1 1 1 1 1 1 1 1 1 1 1 1 1 1 1 1 1]
