[ 0  1  2  3  4  5  6  7  8  9 10 11 12 13 14 15 16 17 18 19 20 21 22 23
 24 25 26 27 28 29 30 31 32 33 34 35 36 37 38 39 40 41 42 43 44 45 46 47
 48 49 50 51 52 53 54 55 56 57 58 59 60 61 62 63 64 65 66 67 68 69 70 71
 72 73 74 75 76 77 78 79 80 81 82 83 84 85 86 87 88 89 90 91 92 93 94 95
 96 97 98 99]
[ 7 72 28 87 85 60 27 -1 -1 68 20 -1 -1 18 -1 61 77 48 -1 71 61 56 -1 -1
 20  1 40 54 34  8 82 14 -1  8 65 43 59 24 22 70 -1 38 -1 78 52 -1 65 65
 67 91 -1 -1 29 91 15 64 17 38 39 56 -1  9 -1 -1 -1 64 -1 18 -1 30 -1 -1
 35 -1 -1 84 80 56  3 -1 74 -1 53 -1 -1 86  5 -1 54 -1 82 -1 20 -1 -1 78
 -1 96 -1 -1]
[1 0 0 0 1 0 1 1 1 0 0 0 1 0 0 1 0 0 0 0 0 1 1 1 0 1 1 1 0 1 0 0 1 1 1 1 0
 0 0 0 1 0 1 0 1 0 0 1 0 1 0 0 1 1 0 1 0 1 0 0 0 1 0 1 1 1 0 1 1 0 0 0 0 0
 1 0 0 0 0 0 1 1 0 0 0 0 1 0 1 0 1 0 1 0 1 0 0 1 1 0]
[3 0 2 3 1 2 3 0 0 0 0 3 2 2 3 2 4 0 0 0 1 1 0 1 2 0 4 2 0 1 1 1 0 0 0 1 2
 0 0 1 0 4 0 2 0 0 0 2 0 0 3 1 3 0 2 0 0 0 1 0 1 0 0 0 2 3 0 0 4 0 0 0 0 0
 4 0 0 2 2 2 4 3 4 2 0 1 4 0 0 0 0 3 0 1 3 4 0 0 0 3]
[3 0 2 3 1 2 3 0 0 0 0 3 2 2 3 2 4 0 0 0 1 1 0 1 2 0 4 2 0 1 1 1 0 0 0 1 2
 0 0 1 0 4 0 2 0 0 0 2 0 0 3 1 3 0 2 0 0 0 1 0 1 0 0 0 2 3 0 0 4 0 0 0 0 0
 4 0 0 2 2 2 4 3 4 2 0 1 4 0 0 0 0 3 0 1 3 4 0 0 0 3]
[2 6 3 3 3 4 3 9 5 6 1 3 1 8 5 2 7 2 3 1 4 9 6 8 7 8 4 3 1 9 2 5 6 6 1 7 8
 4 5 3 7 6 4 4 4 2 9 1 2 8 8 8 5 1 9 9 7 8 5 4 1 7 7 4 8 7 5 1 1 4 9 5 7 5
 8 3 9 3 8 9 3 5 5 3 9 2 6 7 8 8 9 1 5 3 8 4 5 5 9 6]
[2 6 3 3 3 4 3 9 5 6 1 3 1 8 5 2 7 2 3 1 4 9 6 8 7 8 4 3 1 9 2 5 6 6 1 7 8
 4 5 3 7 6 4 4 4 2 9 1 2 8 8 8 5 1 9 9 7 8 5 4 1 7 7 4 8 7 5 1 1 4 9 5 7 5
 8 3 9 3 8 9 3 5 5 3 9 2 6 7 8 8 9 1 5 3 8 4 5 5 9 6]
[11, 50, 50, 23, 20, 50, 35, 50, 50, 50, 32, 50, 22, 50, 50, 38, 50, 12, 50, 47, 35, 23, 28, 50, 47, 29, 41, 50, 50, 26, 50, 10, 40, 50, 50, 50, 50, 50, 50, 24, 50, 50, 42, 33, 50, 50, 36, 50, 50, 50, 49, 38, 44, 50, 29, 50, 50, 29, 50, 43, 44, 50, 23, 50, 50, 50, 34, 11, 50, 27, 33, 50, 50, 14, 45, 50, 39, 34, 13, 50, 50, 42, 15, 50, 50, 50, 25, 12, 45, 17, 34, 16, 27, 50, 31, 50, 33, 50, 50, 50]
[0 0 0 0 0 0 0 0 0 0 0 0 0 0 0 0 0 0 0 0 0 0 0 0 0 0 0 0 0 0 0 0 0 0 0 0 0
 0 0 0 0 0 0 0 0 0 0 0 0 0 0 0 0 0 0 0 0 0 0 0 0 0 0 0 0 0 0 0 0 0 0 0 0 0
 0 0 0 0 0 0 0 0 0 0 0 0 0 0 0 0 0 0 0 0 0 0 0 0 0 0]
[1 1 1 1 1 1 1 1 1 1 1 1 1 1 1 1 1 1 1 1 1 1 1 1 1 1 1 1 1 1 1 1 1 1 1 1 1
 1 1 1 1 1 1 1 1 1 1 1 1 1 1 1 1 1 1 1 1 1 1 1 1 1 1 1 1 1 1 1 1 1 1 1 1 1
 1 1 1 1 1 1 1 1 1 1 1 1 1 1 1 1 1 1 1 1 1 1 1 1 1 1]
