[ 0  1  2  3  4  5  6  7  8  9 10 11 12 13 14 15 16 17 18 19 20 21 22 23
 24 25 26 27 28 29 30 31 32 33 34 35 36 37 38 39 40 41 42 43 44 45 46 47
 48 49 50 51 52 53 54 55 56 57 58 59 60 61 62 63 64 65 66 67 68 69 70 71
 72 73 74 75 76 77 78 79 80 81 82 83 84 85 86 87 88 89 90 91 92 93 94 95
 96 97 98 99]
[-1 50 63 -1 -1 32 67 -1 14 89 -1  4 -1 20 -1 -1 33 35 77 33 -1 70 92 -1
 -1 -1 -1 33 78 -1  4 34  3 -1 69  9 25 -1 24 -1 27  5 55 -1 -1 54 -1 10
  8 -1 -1 62 -1 62 15 53 15  7  4 29  1 -1 36 31 -1 -1 41 -1 17 71 -1  0
 91 -1 51 -1 -1 44 92 27 67 -1 84 87 64 19 13 76 36 34 32 -1 -1 18 -1 -1
 76 22 32  2]
[1 1 0 0 1 0 1 1 0 0 0 0 0 0 1 1 1 1 0 1 1 0 1 0 1 1 1 0 1 0 0 0 1 1 0 1 1
 1 0 0 0 1 0 0 0 0 0 1 0 0 1 1 0 0 1 0 0 1 0 1 0 1 1 1 1 0 0 0 1 0 1 0 1 1
 0 1 1 1 0 1 0 1 1 0 0 1 0 0 1 0 1 0 1 1 0 0 0 1 1 1]
[0 1 0 0 0 2 0 2 0 1 0 0 3 0 2 0 0 0 0 0 1 3 0 3 3 0 3 4 3 0 0 0 0 0 0 0 3
 2 4 0 4 0 4 3 0 3 0 0 0 0 1 3 0 4 0 1 0 0 0 0 0 3 4 0 4 0 0 0 0 0 4 3 1 0
 1 0 1 0 4 2 1 4 4 3 0 4 2 0 0 0 1 1 0 2 3 2 0 0 2 0]
[0 1 0 0 0 2 0 2 0 1 0 0 3 0 2 0 0 0 0 0 1 3 0 3 3 0 3 4 3 0 0 0 0 0 0 0 3
 2 4 0 4 0 4 3 0 3 0 0 0 0 1 3 0 4 0 1 0 0 0 0 0 3 4 0 4 0 0 0 0 0 4 3 1 0
 1 0 1 0 4 2 1 4 4 3 0 4 2 0 0 0 1 1 0 2 3 2 0 0 2 0]
[9 4 4 5 4 2 7 6 2 9 8 4 7 9 5 2 3 8 5 9 7 2 5 1 4 2 6 8 8 9 8 1 3 4 6 3 8
 3 3 4 2 6 8 4 4 8 5 6 5 3 7 4 1 6 5 5 9 1 5 5 3 4 2 1 3 6 5 9 8 4 3 7 6 5
 5 5 5 9 5 5 6 2 5 8 9 5 2 5 3 1 2 2 5 4 5 7 6 6 3 5]
[9 4 4 5 4 2 7 6 2 9 8 4 7 9 5 2 3 8 5 9 7 2 5 1 4 2 6 8 8 9 8 1 3 4 6 3 8
 3 3 4 2 6 8 4 4 8 5 6 5 3 7 4 1 6 5 5 9 1 5 5 3 4 2 1 3 6 5 9 8 4 3 7 6 5
 5 5 5 9 5 5 6 2 5 8 9 5 2 5 3 1 2 2 5 4 5 7 6 6 3 5]
[50, 50, 25, 29, 37, 13, 50, 36, 13, 50, 15, 27, 43, 50, 50, 50, 50, 50, 48, 50, 50, 22, 50, 40, 50, 36, 44, 26, 24, 50, 35, 36, 50, 50, 23, 50, 12, 50, 18, 50, 50, 24, 50, 50, 40, 37, 44, 50, 50, 49, 50, 27, 50, 50, 50, 22, 36, 24, 37, 50, 50, 27, 50, 50, 42, 50, 50, 22, 50, 16, 13, 27, 44, 50, 50, 50, 30, 47, 21, 50, 50, 44, 12, 50, 23, 50, 50, 13, 50, 41, 47, 50, 50, 50, 50, 50, 18, 42, 50, 29]
[0 0 0 0 0 0 0 0 0 0 0 0 0 0 0 0 0 0 0 0 0 0 0 0 0 0 0 0 0 0 0 0 0 0 0 0 0
 0 0 0 0 0 0 0 0 0 0 0 0 0 0 0 0 0 0 0 0 0 0 0 0 0 0 0 0 0 0 0 0 0 0 0 0 0
 0 0 0 0 0 0 0 0 0 0 0 0 0 0 0 0 0 0 0 0 0 0 0 0 0 0]
[1 1 1 1 1 1 1 1 1 1 1 1 1 1 1 1 1 1 1 1 1 1 1 1 1 1 1 1 1 1 1 1 1 1 1 1 1
 1 1 1 1 1 1 1 1 1 1 1 1 1 1 1 1 1 1 1 1 1 1 1 1 1 1 1 1 1 1 1 1 1 1 1 1 1
 1 1 1 1 1 1 1 1 1 1 1 1 1 1 1 1 1 1 1 1 1 1 1 1 1 1]
