[ 0  1  2  3  4  5  6  7  8  9 10 11 12 13 14 15 16 17 18 19 20 21 22 23
 24 25 26 27 28 29 30 31 32 33 34 35 36 37 38 39 40 41 42 43 44 45 46 47
 48 49 50 51 52 53 54 55 56 57 58 59 60 61 62 63 64 65 66 67 68 69 70 71
 72 73 74 75 76 77 78 79 80 81 82 83 84 85 86 87 88 89 90 91 92 93 94 95
 96 97 98 99]
[55 83 74 47 25 26 83 67 82 -1 51  5 65 -1 -1 -1  7 -1 88 -1 -1 76 33 -1
 63 99 -1 74 12 52 41 96 20 -1 -1 -1 13 11 56 70 82 50 94 93 50 44 66 21
 -1 88 -1 -1 -1 23 -1 96 -1 -1 -1 72 22 60 68 -1 11 -1 29 -1 95 -1 18 57
 16 62 91 -1 -1 -1 61 -1 -1 40 90 44 40 47  5 -1 -1 51 -1 29 31 -1 -1 91
 -1  3 -1 36]
[1 0 1 1 1 0 1 0 1 1 1 1 0 1 1 1 0 1 1 0 0 1 1 1 1 0 1 1 0 0 1 0 0 1 0 0 0
 0 1 0 0 1 1 0 1 0 1 0 1 0 1 0 0 1 1 0 0 1 1 0 0 0 0 0 1 0 0 1 1 1 1 1 0 1
 1 1 0 1 1 0 1 0 0 1 0 0 1 1 0 1 0 0 0 0 0 0 0 1 0 0]
[3 0 1 0 0 3 0 1 2 0 0 1 4 0 0 2 4 0 2 0 2 1 2 0 4 0 4 4 0 0 0 1 0 0 4 0 0
 3 2 1 1 1 0 0 0 1 4 0 2 0 0 2 0 4 0 1 0 0 2 2 0 0 1 4 0 3 0 1 0 0 0 2 0 0
 0 2 1 0 4 0 3 3 3 0 0 0 0 0 3 0 3 0 1 0 0 0 4 0 0 3]
[3 0 1 0 0 3 0 1 2 0 0 1 4 0 0 2 4 0 2 0 2 1 2 0 4 0 4 4 0 0 0 1 0 0 4 0 0
 3 2 1 1 1 0 0 0 1 4 0 2 0 0 2 0 4 0 1 0 0 2 2 0 0 1 4 0 3 0 1 0 0 0 2 0 0
 0 2 1 0 4 0 3 3 3 0 0 0 0 0 3 0 3 0 1 0 0 0 4 0 0 3]
[6 7 7 8 5 4 5 7 5 4 9 9 6 3 1 3 5 2 6 8 6 5 2 5 4 9 4 9 8 4 2 4 7 2 8 3 2
 8 1 5 8 7 1 3 9 4 8 8 3 4 5 3 9 9 6 1 6 8 5 3 4 5 9 5 2 8 4 4 8 7 4 8 2 3
 1 4 9 8 7 3 6 1 3 6 2 3 3 9 5 9 8 5 4 2 1 3 3 1 8 9]
[6 7 7 8 5 4 5 7 5 4 9 9 6 3 1 3 5 2 6 8 6 5 2 5 4 9 4 9 8 4 2 4 7 2 8 3 2
 8 1 5 8 7 1 3 9 4 8 8 3 4 5 3 9 9 6 1 6 8 5 3 4 5 9 5 2 8 4 4 8 7 4 8 2 3
 1 4 9 8 7 3 6 1 3 6 2 3 3 9 5 9 8 5 4 2 1 3 3 1 8 9]
[44, 50, 50, 27, 37, 50, 50, 50, 38, 50, 50, 50, 35, 36, 23, 35, 50, 35, 50, 40, 21, 39, 12, 19, 36, 35, 42, 50, 50, 50, 50, 50, 22, 14, 50, 50, 50, 50, 13, 15, 50, 24, 34, 50, 50, 48, 50, 50, 50, 50, 37, 16, 18, 42, 50, 50, 22, 48, 50, 31, 25, 42, 50, 15, 50, 50, 30, 50, 50, 42, 31, 35, 16, 45, 50, 50, 50, 50, 50, 50, 50, 50, 15, 50, 29, 50, 50, 50, 24, 50, 39, 50, 21, 15, 50, 50, 50, 14, 43, 31]
[0 0 0 0 0 0 0 0 0 0 0 0 0 0 0 0 0 0 0 0 0 0 0 0 0 0 0 0 0 0 0 0 0 0 0 0 0
 0 0 0 0 0 0 0 0 0 0 0 0 0 0 0 0 0 0 0 0 0 0 0 0 0 0 0 0 0 0 0 0 0 0 0 0 0
 0 0 0 0 0 0 0 0 0 0 0 0 0 0 0 0 0 0 0 0 0 0 0 0 0 0]
[1 1 1 1 1 1 1 1 1 1 1 1 1 1 1 1 1 1 1 1 1 1 1 1 1 1 1 1 1 1 1 1 1 1 1 1 1
 1 1 1 1 1 1 1 1 1 1 1 1 1 1 1 1 1 1 1 1 1 1 1 1 1 1 1 1 1 1 1 1 1 1 1 1 1
 1 1 1 1 1 1 1 1 1 1 1 1 1 1 1 1 1 1 1 1 1 1 1 1 1 1]
