[ 0  1  2  3  4  5  6  7  8  9 10 11 12 13 14 15 16 17 18 19 20 21 22 23
 24 25 26 27 28 29 30 31 32 33 34 35 36 37 38 39 40 41 42 43 44 45 46 47
 48 49 50 51 52 53 54 55 56 57 58 59 60 61 62 63 64 65 66 67 68 69 70 71
 72 73 74 75 76 77 78 79 80 81 82 83 84 85 86 87 88 89 90 91 92 93 94 95
 96 97 98 99]
[96  6 79 21 97 24 95 32 -1 32 31 13 76 52 -1 90  4 77 67 -1 -1 -1 -1 -1
 93 73 -1 -1  9 54 -1 51 30 -1 54 26  8 64 -1 74  0 38 90 -1 33 38 97 71
 11 79 -1 -1 14 96 84 71 25 -1 15 30 64 -1 -1 78 -1 96 47  6 62  0 -1 -1
 -1 36 73 87 20 94 -1 90 36 93 33 44 -1 -1 -1  7 16 71 87 26 -1 -1 10 60
 57 -1 91 42]
[0 0 0 0 0 0 1 1 1 1 0 0 0 1 1 1 1 1 0 1 0 1 0 1 1 1 1 1 0 1 1 0 0 0 1 0 0
 0 0 0 0 1 1 0 1 0 0 1 1 0 1 1 1 1 1 0 1 1 0 1 1 1 0 0 1 0 1 0 0 0 1 1 1 1
 0 1 0 1 0 1 0 0 0 1 1 1 1 0 0 0 0 0 1 1 1 0 0 1 1 1]
[2 1 0 1 3 4 2 0 0 0 0 4 0 0 0 0 0 0 1 0 2 1 2 4 0 4 1 0 3 0 0 0 3 1 1 1 2
 2 0 0 0 0 0 2 0 0 0 0 0 4 0 0 0 0 0 3 0 3 3 0 0 2 0 1 1 0 4 0 0 1 0 3 2 1
 4 0 0 4 0 0 0 0 2 0 1 2 4 4 0 3 3 0 0 1 1 0 0 0 0 0]
[2 1 0 1 3 4 2 0 0 0 0 4 0 0 0 0 0 0 1 0 2 1 2 4 0 4 1 0 3 0 0 0 3 1 1 1 2
 2 0 0 0 0 0 2 0 0 0 0 0 4 0 0 0 0 0 3 0 3 3 0 0 2 0 1 1 0 4 0 0 1 0 3 2 1
 4 0 0 4 0 0 0 0 2 0 1 2 4 4 0 3 3 0 0 1 1 0 0 0 0 0]
[3 6 7 4 2 2 5 6 9 3 2 3 1 5 3 1 1 5 3 4 3 1 4 1 5 1 4 9 7 1 9 9 8 1 7 5 2
 5 9 6 7 2 3 9 3 1 6 5 5 4 8 5 6 3 2 3 2 8 5 6 5 8 6 7 6 3 6 6 3 8 8 5 2 9
 6 8 8 6 2 9 5 3 6 7 1 6 8 4 4 8 1 8 4 3 8 9 1 8 9 6]
[3 6 7 4 2 2 5 6 9 3 2 3 1 5 3 1 1 5 3 4 3 1 4 1 5 1 4 9 7 1 9 9 8 1 7 5 2
 5 9 6 7 2 3 9 3 1 6 5 5 4 8 5 6 3 2 3 2 8 5 6 5 8 6 7 6 3 6 6 3 8 8 5 2 9
 6 8 8 6 2 9 5 3 6 7 1 6 8 4 4 8 1 8 4 3 8 9 1 8 9 6]
[50, 30, 50, 12, 50, 16, 23, 42, 40, 50, 15, 50, 45, 21, 42, 38, 45, 50, 50, 18, 50, 50, 50, 50, 24, 50, 50, 48, 50, 50, 23, 50, 50, 11, 50, 50, 50, 50, 27, 50, 20, 27, 43, 50, 32, 24, 50, 50, 17, 50, 50, 50, 50, 23, 41, 40, 11, 50, 19, 38, 44, 24, 50, 50, 36, 42, 21, 50, 50, 48, 40, 40, 39, 36, 50, 43, 50, 50, 50, 50, 50, 50, 50, 45, 16, 50, 50, 19, 50, 35, 50, 50, 15, 47, 50, 20, 50, 47, 13, 25]
[0 0 0 0 0 0 0 0 0 0 0 0 0 0 0 0 0 0 0 0 0 0 0 0 0 0 0 0 0 0 0 0 0 0 0 0 0
 0 0 0 0 0 0 0 0 0 0 0 0 0 0 0 0 0 0 0 0 0 0 0 0 0 0 0 0 0 0 0 0 0 0 0 0 0
 0 0 0 0 0 0 0 0 0 0 0 0 0 0 0 0 0 0 0 0 0 0 0 0 0 0]
[1 1 1 1 1 1 1 1 1 1 1 1 1 1 1 1 1 1 1 1 1 1 1 1 1 1 1 1 1 1 1 1 1 1 1 1 1
 1 1 1 1 1 1 1 1 1 1 1 1 1 1 1 1 1 1 1 1 1 1 1 1 1 1 1 1 1 1 1 1 1 1 1 1 1
 1 1 1 1 1 1 1 1 1 1 1 1 1 1 1 1 1 1 1 1 1 1 1 1 1 1]
