[ 0  1  2  3  4  5  6  7  8  9 10 11 12 13 14 15 16 17 18 19 20 21 22 23
 24 25 26 27 28 29 30 31 32 33 34 35 36 37 38 39 40 41 42 43 44 45 46 47
 48 49 50 51 52 53 54 55 56 57 58 59 60 61 62 63 64 65 66 67 68 69 70 71
 72 73 74 75 76 77 78 79 80 81 82 83 84 85 86 87 88 89 90 91 92 93 94 95
 96 97 98 99]
[ 8 -1 -1 -1 84 74 -1 -1 36 71 -1 -1 -1 -1 20 52 -1 52 -1 -1 -1 20 -1 90
 62 -1 90 97 73 -1 52 38  1 -1 -1 47 -1 92 32 -1 24 -1  6 35 -1 56 -1 14
  1 35 56 21 59 89 49 -1 87 67 70 97 73 30 -1 94 -1 -1 60 -1 46  1 44 97
 -1 26 14  7 83 24 53 65 52 33 39 -1 23 -1 46 23 -1 48 34 15 46 17 79 50
 72 68 -1 12]
[0 0 0 0 1 1 0 0 0 0 0 1 0 1 1 0 0 0 1 1 1 0 1 0 1 0 1 0 1 0 0 0 1 0 1 1 0
 1 0 1 1 1 0 1 0 1 0 0 0 1 0 0 1 0 0 1 0 0 0 0 1 1 1 1 0 1 0 1 1 0 1 0 1 0
 1 1 1 0 1 0 1 1 1 1 0 1 1 1 0 0 1 0 0 1 0 0 0 0 0 1]
[2 0 0 0 0 0 3 0 0 0 0 4 4 4 0 4 0 1 4 0 3 3 0 0 0 1 2 0 0 4 2 1 4 1 2 1 0
 0 2 4 1 2 3 0 0 4 3 4 0 0 0 2 0 2 0 0 0 0 0 3 0 4 4 3 0 1 0 0 0 0 0 1 0 0
 0 0 3 0 2 0 0 4 1 2 0 0 0 0 0 4 2 4 1 0 2 3 2 1 0 1]
[2 0 0 0 0 0 3 0 0 0 0 4 4 4 0 4 0 1 4 0 3 3 0 0 0 1 2 0 0 4 2 1 4 1 2 1 0
 0 2 4 1 2 3 0 0 4 3 4 0 0 0 2 0 2 0 0 0 0 0 3 0 4 4 3 0 1 0 0 0 0 0 1 0 0
 0 0 3 0 2 0 0 4 1 2 0 0 0 0 0 4 2 4 1 0 2 3 2 1 0 1]
[7 3 7 4 9 7 7 8 2 5 2 7 4 1 5 7 9 1 7 6 9 9 4 1 2 1 2 8 9 8 6 6 8 8 4 6 8
 8 8 8 9 7 4 4 1 1 2 2 6 3 2 7 6 9 9 4 7 6 4 2 7 9 8 1 1 3 5 5 6 1 4 8 9 5
 5 9 9 8 2 6 8 2 9 6 6 9 7 5 6 2 9 2 9 8 7 1 9 9 4 1]
[7 3 7 4 9 7 7 8 2 5 2 7 4 1 5 7 9 1 7 6 9 9 4 1 2 1 2 8 9 8 6 6 8 8 4 6 8
 8 8 8 9 7 4 4 1 1 2 2 6 3 2 7 6 9 9 4 7 6 4 2 7 9 8 1 1 3 5 5 6 1 4 8 9 5
 5 9 9 8 2 6 8 2 9 6 6 9 7 5 6 2 9 2 9 8 7 1 9 9 4 1]
[38, 48, 50, 50, 28, 11, 50, 50, 33, 31, 50, 50, 50, 40, 32, 50, 42, 50, 14, 50, 25, 50, 15, 41, 27, 50, 50, 17, 50, 50, 50, 50, 13, 36, 34, 17, 40, 50, 50, 50, 29, 50, 47, 24, 50, 50, 29, 19, 42, 13, 40, 14, 50, 50, 50, 48, 50, 50, 50, 50, 50, 50, 43, 25, 26, 20, 39, 50, 48, 50, 50, 43, 50, 50, 50, 50, 39, 50, 50, 22, 50, 39, 21, 34, 28, 50, 20, 35, 41, 44, 50, 50, 50, 27, 50, 35, 50, 50, 13, 21]
[0 0 0 0 0 0 0 0 0 0 0 0 0 0 0 0 0 0 0 0 0 0 0 0 0 0 0 0 0 0 0 0 0 0 0 0 0
 0 0 0 0 0 0 0 0 0 0 0 0 0 0 0 0 0 0 0 0 0 0 0 0 0 0 0 0 0 0 0 0 0 0 0 0 0
 0 0 0 0 0 0 0 0 0 0 0 0 0 0 0 0 0 0 0 0 0 0 0 0 0 0]
[1 1 1 1 1 1 1 1 1 1 1 1 1 1 1 1 1 1 1 1 1 1 1 1 1 1 1 1 1 1 1 1 1 1 1 1 1
 1 1 1 1 1 1 1 1 1 1 1 1 1 1 1 1 1 1 1 1 1 1 1 1 1 1 1 1 1 1 1 1 1 1 1 1 1
 1 1 1 1 1 1 1 1 1 1 1 1 1 1 1 1 1 1 1 1 1 1 1 1 1 1]
