[ 0  1  2  3  4  5  6  7  8  9 10 11 12 13 14 15 16 17 18 19 20 21 22 23
 24 25 26 27 28 29 30 31 32 33 34 35 36 37 38 39 40 41 42 43 44 45 46 47
 48 49 50 51 52 53 54 55 56 57 58 59 60 61 62 63 64 65 66 67 68 69 70 71
 72 73 74 75 76 77 78 79 80 81 82 83 84 85 86 87 88 89 90 91 92 93 94 95
 96 97 98 99]
[78 -1 17 -1 -1 -1 85 26 -1 -1 -1 59 91 -1 18 79 -1 -1 -1 -1 14 34 83 90
  6 -1 43 -1 67 94  2 -1 70  6 -1 68 21 31 21 43 60 -1 -1 -1 -1 29 41 93
 -1 98 30 21 76 81 50 42 34 -1 57 33  1 20 -1 -1 58  3 -1 86 -1 77 -1 -1
 20 -1  7 -1 73 -1 -1 41 93 -1 -1 20 41 -1 -1 -1 34 73  6 60 26 94 14 -1
 28 73 -1 -1]
[1 1 0 0 0 0 0 1 1 1 0 0 1 0 1 1 1 1 0 1 1 0 0 0 0 1 0 1 0 0 0 0 0 0 0 0 1
 0 0 0 0 0 0 0 0 0 0 1 0 0 1 1 1 0 1 1 1 1 1 0 0 0 0 1 0 1 0 0 0 0 1 0 1 0
 1 1 1 0 1 1 0 1 1 0 1 0 0 1 0 1 0 1 1 0 0 0 0 1 0 0]
[0 0 0 0 1 0 1 3 0 0 0 3 0 1 0 1 0 4 0 1 0 1 2 0 0 0 2 2 0 0 2 2 0 0 3 4 1
 1 0 0 0 0 0 0 2 0 0 4 0 0 3 1 0 0 0 2 0 0 0 0 0 0 0 4 0 1 0 0 0 1 0 3 0 4
 0 2 0 0 0 3 1 3 0 1 2 1 0 0 0 3 2 0 0 2 3 4 0 0 0 0]
[0 0 0 0 1 0 1 3 0 0 0 3 0 1 0 1 0 4 0 1 0 1 2 0 0 0 2 2 0 0 2 2 0 0 3 4 1
 1 0 0 0 0 0 0 2 0 0 4 0 0 3 1 0 0 0 2 0 0 0 0 0 0 0 4 0 1 0 0 0 1 0 3 0 4
 0 2 0 0 0 3 1 3 0 1 2 1 0 0 0 3 2 0 0 2 3 4 0 0 0 0]
[2 1 1 1 9 1 1 1 5 2 3 3 4 6 1 2 2 1 6 6 3 9 6 4 4 9 8 5 3 8 4 7 8 6 5 8 9
 3 9 8 8 1 1 7 2 9 9 3 3 3 2 1 3 4 3 2 6 7 1 5 7 2 8 4 5 6 4 5 6 9 9 7 9 1
 5 5 6 9 6 1 3 3 1 5 6 5 8 5 5 6 8 7 3 4 8 9 1 1 4 3]
[2 1 1 1 9 1 1 1 5 2 3 3 4 6 1 2 2 1 6 6 3 9 6 4 4 9 8 5 3 8 4 7 8 6 5 8 9
 3 9 8 8 1 1 7 2 9 9 3 3 3 2 1 3 4 3 2 6 7 1 5 7 2 8 4 5 6 4 5 6 9 9 7 9 1
 5 5 6 9 6 1 3 3 1 5 6 5 8 5 5 6 8 7 3 4 8 9 1 1 4 3]
[50, 50, 31, 22, 50, 50, 42, 38, 50, 11, 50, 50, 31, 50, 50, 23, 50, 49, 20, 50, 31, 34, 44, 47, 50, 31, 10, 50, 50, 50, 50, 50, 22, 50, 48, 50, 50, 50, 21, 37, 50, 50, 50, 50, 50, 50, 17, 50, 29, 23, 50, 50, 50, 50, 50, 50, 39, 12, 29, 50, 50, 50, 50, 10, 14, 15, 34, 50, 23, 41, 50, 22, 48, 46, 16, 17, 48, 26, 12, 34, 20, 50, 50, 50, 50, 19, 50, 37, 50, 50, 28, 50, 13, 50, 50, 48, 50, 50, 38, 50]
[0 0 0 0 0 0 0 0 0 0 0 0 0 0 0 0 0 0 0 0 0 0 0 0 0 0 0 0 0 0 0 0 0 0 0 0 0
 0 0 0 0 0 0 0 0 0 0 0 0 0 0 0 0 0 0 0 0 0 0 0 0 0 0 0 0 0 0 0 0 0 0 0 0 0
 0 0 0 0 0 0 0 0 0 0 0 0 0 0 0 0 0 0 0 0 0 0 0 0 0 0]
[1 1 1 1 1 1 1 1 1 1 1 1 1 1 1 1 1 1 1 1 1 1 1 1 1 1 1 1 1 1 1 1 1 1 1 1 1
 1 1 1 1 1 1 1 1 1 1 1 1 1 1 1 1 1 1 1 1 1 1 1 1 1 1 1 1 1 1 1 1 1 1 1 1 1
 1 1 1 1 1 1 1 1 1 1 1 1 1 1 1 1 1 1 1 1 1 1 1 1 1 1]
