[ 0  1  2  3  4  5  6  7  8  9 10 11 12 13 14 15 16 17 18 19 20 21 22 23
 24 25 26 27 28 29 30 31 32 33 34 35 36 37 38 39 40 41 42 43 44 45 46 47
 48 49 50 51 52 53 54 55 56 57 58 59 60 61 62 63 64 65 66 67 68 69 70 71
 72 73 74 75 76 77 78 79 80 81 82 83 84 85 86 87 88 89 90 91 92 93 94 95
 96 97 98 99]
[55 -1 91 -1 -1 56 63 33 71 -1  1 39 30 94 -1 63 85 38 30 29 27 25 40 12
  6  3 46 38 60 -1 -1 56  1 -1 81 -1 68 21 -1  4 30 98 46 68 97 -1 -1 -1
 85  1 -1 42 -1 -1 -1 73 54 -1 10 94 88 13 72 -1 -1 -1 -1 40 -1 14 34 -1
  3 22 63 17 35 90 91 -1 -1 -1 28 58 -1 -1 -1 91  5 85 -1 43 83 92 56 28
 83 -1 43 60]
[1 0 0 0 1 0 0 0 0 0 1 1 1 1 1 0 1 0 1 0 0 0 1 0 1 0 1 1 1 0 1 0 0 0 1 0 1
 1 0 0 0 0 1 0 0 0 0 0 1 1 1 0 0 1 0 1 1 0 1 1 0 0 0 0 0 0 0 1 1 1 0 1 0 1
 1 1 0 1 0 1 1 0 1 1 0 0 0 0 1 1 0 0 0 1 1 0 1 0 0 1]
[0 0 2 2 2 0 4 0 3 0 0 1 0 1 3 4 0 0 3 0 2 2 4 1 0 0 2 2 4 4 2 0 0 1 2 2 1
 0 0 1 1 2 3 0 0 0 1 1 0 0 0 3 0 1 1 0 1 4 4 0 4 0 4 0 0 1 3 0 0 0 0 3 3 0
 2 0 0 0 1 1 0 1 0 4 3 3 4 3 0 3 4 0 2 1 2 0 3 4 0 0]
[0 0 2 2 2 0 4 0 3 0 0 1 0 1 3 4 0 0 3 0 2 2 4 1 0 0 2 2 4 4 2 0 0 1 2 2 1
 0 0 1 1 2 3 0 0 0 1 1 0 0 0 3 0 1 1 0 1 4 4 0 4 0 4 0 0 1 3 0 0 0 0 3 3 0
 2 0 0 0 1 1 0 1 0 4 3 3 4 3 0 3 4 0 2 1 2 0 3 4 0 0]
[6 9 1 7 7 6 6 5 5 7 9 3 3 6 7 9 1 7 8 3 7 7 4 7 8 1 5 9 8 3 3 3 8 2 7 5 1
 4 8 9 9 8 1 5 1 4 8 8 6 3 5 5 9 5 9 8 7 8 9 6 5 7 8 6 6 6 4 4 6 8 5 1 9 5
 2 2 8 9 8 9 5 3 2 9 6 3 9 6 8 2 6 8 1 9 7 4 8 3 8 9]
[6 9 1 7 7 6 6 5 5 7 9 3 3 6 7 9 1 7 8 3 7 7 4 7 8 1 5 9 8 3 3 3 8 2 7 5 1
 4 8 9 9 8 1 5 1 4 8 8 6 3 5 5 9 5 9 8 7 8 9 6 5 7 8 6 6 6 4 4 6 8 5 1 9 5
 2 2 8 9 8 9 5 3 2 9 6 3 9 6 8 2 6 8 1 9 7 4 8 3 8 9]
[25, 46, 50, 50, 50, 15, 50, 31, 24, 46, 50, 50, 50, 43, 40, 42, 39, 50, 50, 50, 50, 50, 43, 14, 50, 29, 50, 50, 50, 35, 50, 38, 50, 50, 33, 50, 42, 44, 33, 47, 12, 31, 48, 50, 50, 49, 48, 19, 43, 22, 22, 50, 45, 12, 50, 47, 50, 38, 43, 16, 13, 44, 16, 11, 10, 50, 50, 50, 13, 48, 50, 50, 16, 50, 46, 25, 50, 50, 37, 50, 17, 50, 12, 29, 50, 39, 50, 50, 10, 48, 35, 50, 38, 50, 50, 39, 50, 50, 50, 50]
[0 0 0 0 0 0 0 0 0 0 0 0 0 0 0 0 0 0 0 0 0 0 0 0 0 0 0 0 0 0 0 0 0 0 0 0 0
 0 0 0 0 0 0 0 0 0 0 0 0 0 0 0 0 0 0 0 0 0 0 0 0 0 0 0 0 0 0 0 0 0 0 0 0 0
 0 0 0 0 0 0 0 0 0 0 0 0 0 0 0 0 0 0 0 0 0 0 0 0 0 0]
[1 1 1 1 1 1 1 1 1 1 1 1 1 1 1 1 1 1 1 1 1 1 1 1 1 1 1 1 1 1 1 1 1 1 1 1 1
 1 1 1 1 1 1 1 1 1 1 1 1 1 1 1 1 1 1 1 1 1 1 1 1 1 1 1 1 1 1 1 1 1 1 1 1 1
 1 1 1 1 1 1 1 1 1 1 1 1 1 1 1 1 1 1 1 1 1 1 1 1 1 1]
