[ 0  1  2  3  4  5  6  7  8  9 10 11 12 13 14 15 16 17 18 19 20 21 22 23
 24 25 26 27 28 29 30 31 32 33 34 35 36 37 38 39 40 41 42 43 44 45 46 47
 48 49 50 51 52 53 54 55 56 57 58 59 60 61 62 63 64 65 66 67 68 69 70 71
 72 73 74 75 76 77 78 79 80 81 82 83 84 85 86 87 88 89 90 91 92 93 94 95
 96 97 98 99]
[-1 -1 50 75 35 -1 -1 20 -1 -1 27 34 -1 67 -1 -1 -1 -1 70 -1  1 -1 80 91
 -1  4  0  5 80 -1 -1 17 -1 -1 17 20 -1 61  0  7 93 52 24 76 91 -1 53 23
 63 -1 17 55 18 35 22 33 20 -1 79  6 -1 28  8 72 83 71 26 61 -1 27 -1 91
 64 45 72 61 -1 -1 48 -1 19 32  8  9 -1 99 66 56 67 51 55 -1 73 -1 21 -1
 -1 84 -1 87]
[0 0 0 0 1 0 0 0 1 1 0 1 0 0 0 0 1 0 1 1 1 1 1 0 1 0 0 0 1 0 0 0 0 1 0 0 0
 1 0 1 0 1 0 0 0 0 0 1 1 0 0 1 1 0 0 0 0 1 1 0 0 1 0 0 1 1 1 1 0 0 0 1 1 0
 1 1 1 1 1 0 1 0 1 0 1 0 1 1 1 1 0 1 1 0 1 0 0 0 0 0]
[2 0 1 4 1 0 3 2 0 0 3 2 0 0 2 4 4 0 2 0 0 1 2 2 1 4 0 0 0 3 0 3 2 0 0 3 1
 4 2 4 0 3 4 2 1 0 0 0 0 0 0 0 0 4 0 0 4 0 0 0 2 3 0 4 0 4 4 0 3 2 0 0 4 3
 0 1 0 4 0 3 4 0 1 2 0 2 1 2 0 3 3 0 0 4 1 1 0 0 0 0]
[2 0 1 4 1 0 3 2 0 0 3 2 0 0 2 4 4 0 2 0 0 1 2 2 1 4 0 0 0 3 0 3 2 0 0 3 1
 4 2 4 0 3 4 2 1 0 0 0 0 0 0 0 0 4 0 0 4 0 0 0 2 3 0 4 0 4 4 0 3 2 0 0 4 3
 0 1 0 4 0 3 4 0 1 2 0 2 1 2 0 3 3 0 0 4 1 1 0 0 0 0]
[7 5 3 8 3 6 1 5 5 7 5 4 4 4 7 3 6 6 7 3 7 6 8 3 3 9 4 7 5 5 1 5 5 7 3 4 3
 7 3 9 8 9 3 1 1 9 7 4 9 5 5 2 6 2 3 4 2 5 7 3 8 5 5 8 9 4 1 7 9 3 3 6 3 2
 9 3 9 9 6 6 4 9 6 4 7 7 3 2 8 1 2 4 8 3 9 1 3 2 7 9]
[7 5 3 8 3 6 1 5 5 7 5 4 4 4 7 3 6 6 7 3 7 6 8 3 3 9 4 7 5 5 1 5 5 7 3 4 3
 7 3 9 8 9 3 1 1 9 7 4 9 5 5 2 6 2 3 4 2 5 7 3 8 5 5 8 9 4 1 7 9 3 3 6 3 2
 9 3 9 9 6 6 4 9 6 4 7 7 3 2 8 1 2 4 8 3 9 1 3 2 7 9]
[43, 36, 50, 50, 50, 50, 50, 12, 50, 33, 50, 47, 18, 20, 50, 35, 27, 14, 50, 24, 50, 43, 16, 50, 50, 50, 50, 47, 50, 50, 50, 50, 13, 50, 50, 25, 17, 30, 50, 33, 50, 37, 50, 50, 50, 27, 12, 33, 44, 27, 35, 50, 37, 39, 50, 42, 50, 12, 47, 50, 20, 43, 50, 50, 36, 43, 50, 12, 50, 50, 50, 40, 50, 36, 50, 41, 50, 50, 43, 50, 11, 50, 24, 50, 50, 50, 50, 36, 50, 21, 50, 22, 34, 29, 14, 37, 50, 50, 50, 33]
[0 0 0 0 0 0 0 0 0 0 0 0 0 0 0 0 0 0 0 0 0 0 0 0 0 0 0 0 0 0 0 0 0 0 0 0 0
 0 0 0 0 0 0 0 0 0 0 0 0 0 0 0 0 0 0 0 0 0 0 0 0 0 0 0 0 0 0 0 0 0 0 0 0 0
 0 0 0 0 0 0 0 0 0 0 0 0 0 0 0 0 0 0 0 0 0 0 0 0 0 0]
[1 1 1 1 1 1 1 1 1 1 1 1 1 1 1 1 1 1 1 1 1 1 1 1 1 1 1 1 1 1 1 1 1 1 1 1 1
 1 1 1 1 1 1 1 1 1 1 1 1 1 1 1 1 1 1 1 1 1 1 1 1 1 1 1 1 1 1 1 1 1 1 1 1 1
 1 1 1 1 1 1 1 1 1 1 1 1 1 1 1 1 1 1 1 1 1 1 1 1 1 1]
