[ 0  1  2  3  4  5  6  7  8  9 10 11 12 13 14 15 16 17 18 19 20 21 22 23
 24 25 26 27 28 29 30 31 32 33 34 35 36 37 38 39 40 41 42 43 44 45 46 47
 48 49 50 51 52 53 54 55 56 57 58 59 60 61 62 63 64 65 66 67 68 69 70 71
 72 73 74 75 76 77 78 79 80 81 82 83 84 85 86 87 88 89 90 91 92 93 94 95
 96 97 98 99]
[-1 -1 88 41 -1 69 17 24 99 -1 51 -1 23 36 -1 -1 23 -1 10 -1 27 -1  0 67
 -1 -1 -1 89 12 -1 -1 52 64 87 44  5 86 53 73 -1 94 82 72 -1 40 51  0 27
 -1 -1 26 -1 62 44 73 -1 28 20 -1 -1 -1 22 58 -1 -1  9 95 -1 -1 -1 -1 -1
 -1  5 33 -1 -1 -1 -1 80 77 91  7 22 -1 65 -1  0 95 88 40 50 -1 -1 -1 48
 78 -1 69 -1]
[0 1 0 0 1 0 0 0 1 1 1 0 1 1 1 1 1 1 1 1 1 1 0 1 0 1 1 1 0 1 1 1 0 1 0 1 0
 0 0 0 1 1 0 0 1 1 1 1 0 0 0 0 0 0 1 1 0 1 0 0 0 1 1 0 1 1 0 1 1 0 1 0 1 1
 0 1 0 0 1 1 1 0 0 0 0 0 1 1 1 1 1 1 1 1 1 0 1 1 1 1]
[1 0 0 0 0 0 0 2 4 4 0 4 0 1 3 4 1 0 4 1 2 3 3 4 0 0 0 0 0 1 1 0 0 4 0 0 4
 0 1 0 0 1 0 0 4 0 2 0 1 1 3 2 0 0 0 1 3 3 4 0 0 0 0 1 0 2 1 1 1 0 3 0 4 0
 0 4 0 0 0 0 4 0 0 1 0 0 0 3 0 0 2 0 0 0 3 0 2 4 1 0]
[1 0 0 0 0 0 0 2 4 4 0 4 0 1 3 4 1 0 4 1 2 3 3 4 0 0 0 0 0 1 1 0 0 4 0 0 4
 0 1 0 0 1 0 0 4 0 2 0 1 1 3 2 0 0 0 1 3 3 4 0 0 0 0 1 0 2 1 1 1 0 3 0 4 0
 0 4 0 0 0 0 4 0 0 1 0 0 0 3 0 0 2 0 0 0 3 0 2 4 1 0]
[4 1 5 5 9 7 2 2 9 4 1 1 2 8 1 9 1 1 8 6 8 4 9 9 4 9 3 5 9 5 7 6 6 5 9 6 3
 6 4 1 6 9 2 8 9 4 6 6 7 3 1 4 8 6 6 9 4 4 6 7 4 6 6 1 8 2 7 7 9 3 8 6 3 1
 4 1 5 6 5 9 8 5 8 7 4 6 9 1 2 1 6 9 4 4 9 2 1 9 4 8]
[4 1 5 5 9 7 2 2 9 4 1 1 2 8 1 9 1 1 8 6 8 4 9 9 4 9 3 5 9 5 7 6 6 5 9 6 3
 6 4 1 6 9 2 8 9 4 6 6 7 3 1 4 8 6 6 9 4 4 6 7 4 6 6 1 8 2 7 7 9 3 8 6 3 1
 4 1 5 6 5 9 8 5 8 7 4 6 9 1 2 1 6 9 4 4 9 2 1 9 4 8]
[50, 43, 50, 35, 50, 50, 50, 11, 50, 26, 50, 50, 50, 50, 22, 50, 50, 50, 20, 14, 28, 50, 35, 20, 50, 50, 32, 20, 50, 50, 17, 39, 38, 50, 34, 18, 50, 50, 50, 41, 50, 50, 50, 28, 50, 25, 43, 50, 50, 47, 50, 19, 50, 50, 50, 16, 29, 50, 36, 50, 28, 43, 44, 50, 41, 47, 17, 50, 50, 50, 28, 50, 41, 24, 24, 47, 10, 50, 50, 41, 50, 50, 43, 47, 13, 50, 50, 28, 15, 35, 39, 50, 50, 12, 50, 50, 50, 19, 50, 28]
[0 0 0 0 0 0 0 0 0 0 0 0 0 0 0 0 0 0 0 0 0 0 0 0 0 0 0 0 0 0 0 0 0 0 0 0 0
 0 0 0 0 0 0 0 0 0 0 0 0 0 0 0 0 0 0 0 0 0 0 0 0 0 0 0 0 0 0 0 0 0 0 0 0 0
 0 0 0 0 0 0 0 0 0 0 0 0 0 0 0 0 0 0 0 0 0 0 0 0 0 0]
[1 1 1 1 1 1 1 1 1 1 1 1 1 1 1 1 1 1 1 1 1 1 1 1 1 1 1 1 1 1 1 1 1 1 1 1 1
 1 1 1 1 1 1 1 1 1 1 1 1 1 1 1 1 1 1 1 1 1 1 1 1 1 1 1 1 1 1 1 1 1 1 1 1 1
 1 1 1 1 1 1 1 1 1 1 1 1 1 1 1 1 1 1 1 1 1 1 1 1 1 1]
