[ 0  1  2  3  4  5  6  7  8  9 10 11 12 13 14 15 16 17 18 19 20 21 22 23
 24 25 26 27 28 29 30 31 32 33 34 35 36 37 38 39 40 41 42 43 44 45 46 47
 48 49 50 51 52 53 54 55 56 57 58 59 60 61 62 63 64 65 66 67 68 69 70 71
 72 73 74 75 76 77 78 79 80 81 82 83 84 85 86 87 88 89 90 91 92 93 94 95
 96 97 98 99]
[52 -1 -1 -1 -1 -1 32 82 98 93 -1  3 -1 67  2 68  0 -1 -1 59 50 35 -1 -1
 86 70 34 25 23 43 54 80 75 -1 23 49 35 76 48 33 20 -1 84 -1 82 43 -1 91
 24 -1 99 -1 50 72 -1 10 88 -1 73 72 67 63 91 30 99 82 -1 26 69 -1  0 -1
 14 -1 90 -1 -1 46 35 -1 53 49 73 -1 -1 86  5 -1 -1 -1 -1 54 -1 88 14 -1
  9 -1 -1 82]
[0 1 1 1 1 0 0 0 0 1 1 0 1 0 1 1 1 0 1 0 1 1 1 1 0 0 1 0 1 1 0 1 1 1 0 0 0
 0 1 0 0 1 0 1 1 1 1 1 0 0 0 0 1 1 1 0 1 1 1 0 0 1 1 1 1 0 1 0 0 1 1 0 0 1
 1 0 1 1 1 1 0 1 1 0 0 1 1 1 0 1 1 0 1 1 0 0 0 0 1 1]
[3 1 1 0 2 4 0 1 2 0 0 3 0 2 4 0 0 1 2 0 0 0 0 1 3 4 0 0 1 3 2 2 4 0 0 0 0
 4 0 3 0 0 0 3 4 0 0 0 4 0 0 0 2 1 2 0 0 4 3 1 0 0 2 4 0 4 2 0 0 2 3 1 0 0
 1 0 3 1 0 0 0 1 0 1 1 0 2 0 0 0 2 0 1 2 0 0 0 0 0 0]
[3 1 1 0 2 4 0 1 2 0 0 3 0 2 4 0 0 1 2 0 0 0 0 1 3 4 0 0 1 3 2 2 4 0 0 0 0
 4 0 3 0 0 0 3 4 0 0 0 4 0 0 0 2 1 2 0 0 4 3 1 0 0 2 4 0 4 2 0 0 2 3 1 0 0
 1 0 3 1 0 0 0 1 0 1 1 0 2 0 0 0 2 0 1 2 0 0 0 0 0 0]
[2 2 9 7 2 5 7 4 1 9 1 5 3 5 6 6 5 3 8 5 2 8 2 9 9 5 6 5 6 2 4 6 4 4 5 3 1
 1 4 8 1 7 2 4 2 9 2 2 5 7 5 2 2 7 5 8 7 3 7 9 1 7 3 9 1 5 8 2 7 1 7 9 3 3
 8 3 2 7 3 7 4 5 9 3 2 4 5 6 8 1 2 9 9 1 4 1 2 1 8 8]
[2 2 9 7 2 5 7 4 1 9 1 5 3 5 6 6 5 3 8 5 2 8 2 9 9 5 6 5 6 2 4 6 4 4 5 3 1
 1 4 8 1 7 2 4 2 9 2 2 5 7 5 2 2 7 5 8 7 3 7 9 1 7 3 9 1 5 8 2 7 1 7 9 3 3
 8 3 2 7 3 7 4 5 9 3 2 4 5 6 8 1 2 9 9 1 4 1 2 1 8 8]
[40, 50, 10, 14, 12, 39, 50, 50, 50, 34, 49, 50, 19, 50, 50, 50, 29, 38, 31, 50, 50, 10, 18, 50, 50, 50, 15, 50, 29, 29, 35, 18, 21, 50, 50, 50, 48, 50, 50, 50, 23, 23, 50, 50, 50, 44, 50, 28, 50, 39, 11, 50, 38, 50, 50, 21, 46, 13, 38, 41, 50, 44, 24, 29, 40, 50, 50, 50, 50, 50, 28, 50, 31, 50, 50, 50, 50, 50, 50, 46, 50, 16, 50, 50, 15, 11, 50, 50, 50, 35, 50, 50, 29, 32, 50, 30, 50, 50, 48, 39]
[0 0 0 0 0 0 0 0 0 0 0 0 0 0 0 0 0 0 0 0 0 0 0 0 0 0 0 0 0 0 0 0 0 0 0 0 0
 0 0 0 0 0 0 0 0 0 0 0 0 0 0 0 0 0 0 0 0 0 0 0 0 0 0 0 0 0 0 0 0 0 0 0 0 0
 0 0 0 0 0 0 0 0 0 0 0 0 0 0 0 0 0 0 0 0 0 0 0 0 0 0]
[1 1 1 1 1 1 1 1 1 1 1 1 1 1 1 1 1 1 1 1 1 1 1 1 1 1 1 1 1 1 1 1 1 1 1 1 1
 1 1 1 1 1 1 1 1 1 1 1 1 1 1 1 1 1 1 1 1 1 1 1 1 1 1 1 1 1 1 1 1 1 1 1 1 1
 1 1 1 1 1 1 1 1 1 1 1 1 1 1 1 1 1 1 1 1 1 1 1 1 1 1]
