[ 0  1  2  3  4  5  6  7  8  9 10 11 12 13 14 15 16 17 18 19 20 21 22 23
 24 25 26 27 28 29 30 31 32 33 34 35 36 37 38 39 40 41 42 43 44 45 46 47
 48 49 50 51 52 53 54 55 56 57 58 59 60 61 62 63 64 65 66 67 68 69 70 71
 72 73 74 75 76 77 78 79 80 81 82 83 84 85 86 87 88 89 90 91 92 93 94 95
 96 97 98 99]
[-1 57  7 36 77 15 31 -1 96 23 27 -1 61 59 61 -1  1 87 -1 25 -1 -1 -1 66
 -1 27 82 29  7 -1  0 -1 72 71 -1 46 95 -1 55 -1 44 64 47 56 93 44 52 93
 36 -1 86 18 96 22 94 65 32 32 -1 61  2 69 91  1 67 58 -1 36 49 60 66 46
 96 61 38 -1 15 22 43 22 -1 23 -1 63 66 -1 -1 13 60 92 26 92 -1 -1 -1 35
 15 90 -1 63]
[0 0 0 1 0 1 0 0 0 0 0 0 0 1 1 0 1 1 1 0 1 0 0 1 1 1 0 0 1 1 0 0 0 1 1 1 0
 1 1 1 1 0 0 1 1 0 0 0 1 1 0 1 1 1 0 0 1 1 1 0 0 1 0 1 1 1 0 1 1 0 0 0 0 0
 0 0 0 1 1 0 1 0 0 1 1 0 0 0 0 1 1 1 1 1 1 1 1 1 0 1]
[3 4 0 4 0 0 0 3 0 0 0 4 2 0 1 0 0 0 4 4 0 0 0 0 3 0 0 3 3 0 4 3 2 0 4 0 4
 0 0 0 0 4 1 0 0 0 0 1 0 3 4 0 1 3 0 0 1 0 4 4 0 0 4 0 0 1 3 0 0 0 0 0 0 0
 4 0 2 0 4 0 1 2 4 0 3 0 3 0 0 0 2 4 3 2 0 0 3 0 0 0]
[3 4 0 4 0 0 0 3 0 0 0 4 2 0 1 0 0 0 4 4 0 0 0 0 3 0 0 3 3 0 4 3 2 0 4 0 4
 0 0 0 0 4 1 0 0 0 0 1 0 3 4 0 1 3 0 0 1 0 4 4 0 0 4 0 0 1 3 0 0 0 0 0 0 0
 4 0 2 0 4 0 1 2 4 0 3 0 3 0 0 0 2 4 3 2 0 0 3 0 0 0]
[6 1 3 8 5 8 8 2 4 9 6 8 5 6 9 1 3 6 8 8 8 8 2 5 5 9 3 2 6 7 3 9 5 9 7 8 9
 4 8 8 3 7 1 9 8 8 2 3 7 1 1 2 6 6 8 4 3 5 5 1 5 2 8 7 9 9 4 8 9 1 2 5 3 8
 5 2 3 9 5 3 3 9 2 8 7 9 3 8 8 1 9 4 2 6 5 9 9 9 8 1]
[6 1 3 8 5 8 8 2 4 9 6 8 5 6 9 1 3 6 8 8 8 8 2 5 5 9 3 2 6 7 3 9 5 9 7 8 9
 4 8 8 3 7 1 9 8 8 2 3 7 1 1 2 6 6 8 4 3 5 5 1 5 2 8 7 9 9 4 8 9 1 2 5 3 8
 5 2 3 9 5 3 3 9 2 8 7 9 3 8 8 1 9 4 2 6 5 9 9 9 8 1]
[11, 37, 41, 50, 50, 48, 18, 34, 50, 41, 28, 50, 26, 15, 50, 50, 50, 50, 33, 39, 47, 50, 38, 18, 50, 23, 50, 36, 47, 50, 30, 32, 50, 38, 44, 42, 29, 50, 21, 33, 50, 50, 50, 50, 50, 42, 41, 49, 18, 40, 43, 24, 17, 50, 50, 50, 28, 45, 50, 50, 50, 50, 36, 21, 50, 29, 46, 30, 50, 29, 35, 50, 50, 11, 49, 40, 49, 50, 39, 50, 50, 50, 50, 50, 50, 40, 26, 50, 13, 40, 33, 50, 32, 40, 50, 21, 50, 50, 34, 11]
[0 0 0 0 0 0 0 0 0 0 0 0 0 0 0 0 0 0 0 0 0 0 0 0 0 0 0 0 0 0 0 0 0 0 0 0 0
 0 0 0 0 0 0 0 0 0 0 0 0 0 0 0 0 0 0 0 0 0 0 0 0 0 0 0 0 0 0 0 0 0 0 0 0 0
 0 0 0 0 0 0 0 0 0 0 0 0 0 0 0 0 0 0 0 0 0 0 0 0 0 0]
[1 1 1 1 1 1 1 1 1 1 1 1 1 1 1 1 1 1 1 1 1 1 1 1 1 1 1 1 1 1 1 1 1 1 1 1 1
 1 1 1 1 1 1 1 1 1 1 1 1 1 1 1 1 1 1 1 1 1 1 1 1 1 1 1 1 1 1 1 1 1 1 1 1 1
 1 1 1 1 1 1 1 1 1 1 1 1 1 1 1 1 1 1 1 1 1 1 1 1 1 1]
