[ 0  1  2  3  4  5  6  7  8  9 10 11 12 13 14 15 16 17 18 19 20 21 22 23
 24 25 26 27 28 29 30 31 32 33 34 35 36 37 38 39 40 41 42 43 44 45 46 47
 48 49 50 51 52 53 54 55 56 57 58 59 60 61 62 63 64 65 66 67 68 69 70 71
 72 73 74 75 76 77 78 79 80 81 82 83 84 85 86 87 88 89 90 91 92 93 94 95
 96 97 98 99]
[59 36 16 -1 -1 -1  9 23 73 -1 61 64 77  8 10 69 26 37 58 -1 -1 -1  5 -1
 85 87 27 -1 76 28 -1 -1 75 63  3 -1 37 -1 25 59 30  5 50 48 23 27 87 10
 17 -1 74 -1 15 85 64  3 -1 99 94 -1 90 22 96 27 -1 26 -1 64 66 -1 43 97
 -1 81 81 86  3 -1 74 55 35 84 26 77 58  3  1 41 79 81 -1 -1 -1 55 -1 33
  5 -1 29 -1]
[0 0 1 0 0 1 0 0 0 1 1 1 1 0 1 0 1 0 0 0 1 1 0 0 0 0 1 1 0 1 1 0 1 0 0 1 0
 0 0 1 1 0 0 1 0 0 0 1 1 1 1 0 1 0 1 1 1 0 0 0 1 0 0 1 0 0 0 1 0 0 0 1 0 1
 1 0 1 1 0 1 1 1 0 0 1 0 0 0 1 1 1 1 1 0 0 1 0 0 0 0]
[3 3 1 0 0 0 4 4 1 1 0 2 0 3 0 0 0 0 3 0 0 1 2 0 2 3 1 0 0 2 4 3 1 0 0 0 4
 0 0 2 0 0 2 0 0 0 1 3 0 2 2 4 4 3 0 1 0 2 0 0 0 0 0 3 2 1 0 0 0 2 3 0 0 1
 3 4 1 2 0 1 4 0 0 0 0 0 0 3 0 4 4 2 2 2 2 0 0 2 0 1]
[3 3 1 0 0 0 4 4 1 1 0 2 0 3 0 0 0 0 3 0 0 1 2 0 2 3 1 0 0 2 4 3 1 0 0 0 4
 0 0 2 0 0 2 0 0 0 1 3 0 2 2 4 4 3 0 1 0 2 0 0 0 0 0 3 2 1 0 0 0 2 3 0 0 1
 3 4 1 2 0 1 4 0 0 0 0 0 0 3 0 4 4 2 2 2 2 0 0 2 0 1]
[9 6 3 5 8 8 9 9 5 9 4 7 5 8 7 6 6 9 9 4 2 4 4 7 6 3 2 7 6 7 3 1 7 3 4 7 2
 9 1 6 9 9 1 9 7 6 1 9 2 4 6 4 6 3 2 6 6 3 1 7 2 2 5 5 3 7 7 8 3 9 4 1 2 7
 1 4 7 5 1 5 1 4 8 9 8 1 6 3 1 1 8 1 6 9 7 9 5 2 6 5]
[9 6 3 5 8 8 9 9 5 9 4 7 5 8 7 6 6 9 9 4 2 4 4 7 6 3 2 7 6 7 3 1 7 3 4 7 2
 9 1 6 9 9 1 9 7 6 1 9 2 4 6 4 6 3 2 6 6 3 1 7 2 2 5 5 3 7 7 8 3 9 4 1 2 7
 1 4 7 5 1 5 1 4 8 9 8 1 6 3 1 1 8 1 6 9 7 9 5 2 6 5]
[47, 50, 50, 50, 40, 34, 50, 50, 50, 34, 22, 50, 50, 50, 50, 50, 28, 11, 50, 23, 50, 50, 50, 50, 24, 19, 18, 17, 41, 26, 50, 30, 45, 50, 50, 32, 50, 29, 50, 50, 36, 50, 50, 28, 11, 50, 50, 46, 18, 28, 34, 44, 48, 44, 50, 48, 50, 36, 50, 49, 50, 50, 42, 40, 50, 50, 50, 10, 32, 15, 21, 50, 50, 28, 50, 50, 33, 50, 50, 38, 50, 50, 50, 31, 10, 20, 50, 15, 50, 50, 29, 50, 23, 38, 23, 47, 23, 50, 50, 42]
[0 0 0 0 0 0 0 0 0 0 0 0 0 0 0 0 0 0 0 0 0 0 0 0 0 0 0 0 0 0 0 0 0 0 0 0 0
 0 0 0 0 0 0 0 0 0 0 0 0 0 0 0 0 0 0 0 0 0 0 0 0 0 0 0 0 0 0 0 0 0 0 0 0 0
 0 0 0 0 0 0 0 0 0 0 0 0 0 0 0 0 0 0 0 0 0 0 0 0 0 0]
[1 1 1 1 1 1 1 1 1 1 1 1 1 1 1 1 1 1 1 1 1 1 1 1 1 1 1 1 1 1 1 1 1 1 1 1 1
 1 1 1 1 1 1 1 1 1 1 1 1 1 1 1 1 1 1 1 1 1 1 1 1 1 1 1 1 1 1 1 1 1 1 1 1 1
 1 1 1 1 1 1 1 1 1 1 1 1 1 1 1 1 1 1 1 1 1 1 1 1 1 1]
