[ 0  1  2  3  4  5  6  7  8  9 10 11 12 13 14 15 16 17 18 19 20 21 22 23
 24 25 26 27 28 29 30 31 32 33 34 35 36 37 38 39 40 41 42 43 44 45 46 47
 48 49 50 51 52 53 54 55 56 57 58 59 60 61 62 63 64 65 66 67 68 69 70 71
 72 73 74 75 76 77 78 79 80 81 82 83 84 85 86 87 88 89 90 91 92 93 94 95
 96 97 98 99]
[-1 -1 87 79 24 95 67 71  5 85 57 66  5 -1 -1  4 -1 68 58 78 54 -1 44 -1
 97 71 21 55 23  5 29 69 15 93 -1 18 94 65 -1 -1 -1 35 82 -1 75 56 65 35
 71 51 -1 -1 -1 -1 44 64  5 -1 -1 -1 28 -1 -1 -1 94 66 39 -1 -1 98 63 61
 61 -1 -1  9 -1 74 96 83 68 20 68 -1  3 39 -1 24 -1 73 56 29 -1 73  4 -1
 -1 42 89  1]
[0 0 0 1 0 0 0 1 0 1 0 1 0 0 0 1 1 0 0 1 1 1 0 0 0 0 1 1 1 0 1 0 0 0 0 0 1
 1 0 0 1 1 0 0 1 0 0 1 0 0 1 0 0 1 0 1 1 0 0 1 0 0 0 1 1 0 1 0 0 1 1 0 1 0
 1 1 1 0 0 0 1 0 1 1 0 0 0 0 0 1 1 0 1 0 1 1 1 1 0 0]
[0 0 0 0 3 2 3 2 4 2 0 0 1 1 0 0 1 4 0 0 0 1 0 3 2 0 2 3 0 1 0 3 0 0 0 4 0
 4 2 0 3 0 3 4 0 0 2 0 0 3 1 0 0 1 3 1 0 0 0 1 0 0 0 1 3 0 0 0 4 0 1 1 2 0
 0 0 4 0 4 3 0 3 4 0 3 1 3 0 0 4 2 0 0 0 1 1 0 1 0 4]
[0 0 0 0 3 2 3 2 4 2 0 0 1 1 0 0 1 4 0 0 0 1 0 3 2 0 2 3 0 1 0 3 0 0 0 4 0
 4 2 0 3 0 3 4 0 0 2 0 0 3 1 0 0 1 3 1 0 0 0 1 0 0 0 1 3 0 0 0 4 0 1 1 2 0
 0 0 4 0 4 3 0 3 4 0 3 1 3 0 0 4 2 0 0 0 1 1 0 1 0 4]
[6 1 6 4 5 1 2 4 2 5 9 3 2 8 3 2 8 8 3 9 3 1 3 2 7 2 7 9 5 6 1 2 5 2 7 5 5
 8 2 5 2 6 9 8 2 2 6 5 8 6 4 9 2 7 2 8 2 4 5 9 5 5 5 7 5 6 4 4 3 6 3 9 8 7
 2 3 7 5 5 4 9 7 3 3 5 4 8 5 3 6 3 7 3 2 7 3 6 9 3 7]
[6 1 6 4 5 1 2 4 2 5 9 3 2 8 3 2 8 8 3 9 3 1 3 2 7 2 7 9 5 6 1 2 5 2 7 5 5
 8 2 5 2 6 9 8 2 2 6 5 8 6 4 9 2 7 2 8 2 4 5 9 5 5 5 7 5 6 4 4 3 6 3 9 8 7
 2 3 7 5 5 4 9 7 3 3 5 4 8 5 3 6 3 7 3 2 7 3 6 9 3 7]
[37, 19, 50, 50, 50, 50, 50, 27, 25, 35, 31, 50, 50, 50, 39, 44, 50, 30, 29, 50, 50, 16, 32, 20, 50, 50, 50, 50, 27, 15, 50, 50, 23, 13, 19, 50, 49, 35, 31, 47, 50, 50, 50, 50, 50, 22, 50, 23, 34, 43, 39, 50, 32, 45, 49, 50, 50, 50, 50, 20, 50, 50, 36, 21, 18, 50, 42, 13, 50, 19, 50, 50, 35, 23, 50, 30, 50, 49, 34, 22, 50, 50, 50, 46, 38, 50, 46, 50, 50, 50, 50, 50, 20, 50, 44, 20, 11, 33, 50, 50]
[0 0 0 0 0 0 0 0 0 0 0 0 0 0 0 0 0 0 0 0 0 0 0 0 0 0 0 0 0 0 0 0 0 0 0 0 0
 0 0 0 0 0 0 0 0 0 0 0 0 0 0 0 0 0 0 0 0 0 0 0 0 0 0 0 0 0 0 0 0 0 0 0 0 0
 0 0 0 0 0 0 0 0 0 0 0 0 0 0 0 0 0 0 0 0 0 0 0 0 0 0]
[1 1 1 1 1 1 1 1 1 1 1 1 1 1 1 1 1 1 1 1 1 1 1 1 1 1 1 1 1 1 1 1 1 1 1 1 1
 1 1 1 1 1 1 1 1 1 1 1 1 1 1 1 1 1 1 1 1 1 1 1 1 1 1 1 1 1 1 1 1 1 1 1 1 1
 1 1 1 1 1 1 1 1 1 1 1 1 1 1 1 1 1 1 1 1 1 1 1 1 1 1]
