[ 0  1  2  3  4  5  6  7  8  9 10 11 12 13 14 15 16 17 18 19 20 21 22 23
 24 25 26 27 28 29 30 31 32 33 34 35 36 37 38 39 40 41 42 43 44 45 46 47
 48 49 50 51 52 53 54 55 56 57 58 59 60 61 62 63 64 65 66 67 68 69 70 71
 72 73 74 75 76 77 78 79 80 81 82 83 84 85 86 87 88 89 90 91 92 93 94 95
 96 97 98 99]
[85 74 58 18 13 55 -1 -1 26 26 -1  9 -1 -1 -1 -1 53 28  9 -1 77  9 40 -1
 89 76 12 -1 44 -1 24 11 41 -1 51 -1 -1 63 95 40  7 33 -1  7 -1 47 22 90
 51 -1 87 -1 -1 30 29 -1 -1 33 26 -1 -1  5 99 92 33 32 -1 -1 69 44 -1 78
 78 -1 55 -1 59 12 23 -1 31 79 -1 -1 -1 99 20 10 71 -1 29 14  0 -1 56 99
 -1  1 -1 -1]
[0 0 0 1 1 0 1 1 0 0 1 0 0 0 0 1 1 1 0 0 0 0 0 0 1 0 1 0 1 1 0 1 1 1 1 1 0
 0 1 1 1 1 0 1 1 1 1 0 0 0 0 0 0 1 0 0 0 1 0 1 1 0 0 1 1 0 1 0 1 0 0 1 0 0
 1 1 0 1 1 1 1 0 0 0 0 1 0 1 1 0 1 1 0 0 0 1 1 0 0 0]
[0 1 0 4 0 0 0 0 0 0 0 0 0 0 2 0 0 1 0 1 0 0 3 0 4 0 0 0 1 0 2 0 1 3 0 3 4
 0 2 0 0 0 2 4 1 0 0 0 0 0 2 0 0 0 2 0 2 3 1 0 1 0 2 0 1 0 1 1 3 3 3 3 0 2
 1 2 2 4 0 0 4 0 2 0 0 4 2 0 0 0 1 0 4 0 2 4 2 3 0 0]
[0 1 0 4 0 0 0 0 0 0 0 0 0 0 2 0 0 1 0 1 0 0 3 0 4 0 0 0 1 0 2 0 1 3 0 3 4
 0 2 0 0 0 2 4 1 0 0 0 0 0 2 0 0 0 2 0 2 3 1 0 1 0 2 0 1 0 1 1 3 3 3 3 0 2
 1 2 2 4 0 0 4 0 2 0 0 4 2 0 0 0 1 0 4 0 2 4 2 3 0 0]
[5 1 4 8 6 9 8 5 4 3 1 8 7 1 8 7 7 5 1 9 3 3 4 9 6 1 5 7 8 3 3 7 8 9 7 6 6
 7 2 3 7 5 3 7 3 2 7 2 2 8 9 1 9 9 4 2 7 5 1 8 7 3 9 3 6 7 6 2 5 2 6 5 2 4
 1 2 2 8 5 3 4 1 7 3 5 3 5 1 8 3 1 9 7 4 5 2 7 1 1 2]
[5 1 4 8 6 9 8 5 4 3 1 8 7 1 8 7 7 5 1 9 3 3 4 9 6 1 5 7 8 3 3 7 8 9 7 6 6
 7 2 3 7 5 3 7 3 2 7 2 2 8 9 1 9 9 4 2 7 5 1 8 7 3 9 3 6 7 6 2 5 2 6 5 2 4
 1 2 2 8 5 3 4 1 7 3 5 3 5 1 8 3 1 9 7 4 5 2 7 1 1 2]
[50, 25, 50, 43, 50, 31, 50, 43, 50, 50, 50, 50, 43, 50, 14, 50, 23, 11, 50, 50, 23, 50, 29, 36, 50, 50, 50, 50, 50, 28, 50, 35, 32, 50, 26, 27, 50, 47, 20, 37, 10, 17, 28, 50, 25, 50, 50, 42, 37, 30, 50, 49, 46, 50, 50, 26, 43, 50, 16, 50, 49, 50, 39, 37, 50, 44, 34, 14, 50, 48, 41, 49, 28, 44, 50, 24, 50, 50, 48, 43, 10, 33, 45, 50, 50, 50, 50, 15, 50, 50, 22, 31, 50, 50, 36, 50, 50, 13, 14, 47]
[0 0 0 0 0 0 0 0 0 0 0 0 0 0 0 0 0 0 0 0 0 0 0 0 0 0 0 0 0 0 0 0 0 0 0 0 0
 0 0 0 0 0 0 0 0 0 0 0 0 0 0 0 0 0 0 0 0 0 0 0 0 0 0 0 0 0 0 0 0 0 0 0 0 0
 0 0 0 0 0 0 0 0 0 0 0 0 0 0 0 0 0 0 0 0 0 0 0 0 0 0]
[1 1 1 1 1 1 1 1 1 1 1 1 1 1 1 1 1 1 1 1 1 1 1 1 1 1 1 1 1 1 1 1 1 1 1 1 1
 1 1 1 1 1 1 1 1 1 1 1 1 1 1 1 1 1 1 1 1 1 1 1 1 1 1 1 1 1 1 1 1 1 1 1 1 1
 1 1 1 1 1 1 1 1 1 1 1 1 1 1 1 1 1 1 1 1 1 1 1 1 1 1]
