[ 0  1  2  3  4  5  6  7  8  9 10 11 12 13 14 15 16 17 18 19 20 21 22 23
 24 25 26 27 28 29 30 31 32 33 34 35 36 37 38 39 40 41 42 43 44 45 46 47
 48 49 50 51 52 53 54 55 56 57 58 59 60 61 62 63 64 65 66 67 68 69 70 71
 72 73 74 75 76 77 78 79 80 81 82 83 84 85 86 87 88 89 90 91 92 93 94 95
 96 97 98 99]
[79 83 51 82 53 -1 -1  5 -1 24 77 44 -1 64 26 -1 -1 -1 60 -1 49 -1 -1 -1
 11 -1 69 84 -1 37 -1 -1 86 77 30 -1 60 16 32 -1  7 -1 -1 19 12 93  3 87
 -1 92 80 87 34 34 35 71 65 91 23 -1 44 -1 -1 -1 23 98 53 94 45 42 -1 -1
 -1 93 -1 25  0 78 -1 32 56 92 13 -1 29 49 -1 33 96 -1 -1 75 69 18 28 64
 38 -1 -1 14]
[0 1 0 0 0 0 1 0 1 0 1 1 1 1 0 1 1 1 1 0 0 1 0 0 0 0 0 0 0 1 1 0 0 1 1 1 0
 0 1 0 0 1 1 1 0 0 0 1 1 0 1 1 1 0 0 1 0 0 0 1 0 0 1 0 0 1 1 0 0 0 1 0 1 0
 1 0 0 1 0 0 0 1 0 0 1 0 0 0 0 1 0 0 0 1 1 1 0 1 1 0]
[0 1 0 3 0 4 0 0 0 2 0 2 0 2 0 2 4 0 0 2 0 1 1 0 1 0 2 0 2 4 0 3 0 0 0 2 3
 0 0 0 0 0 4 3 0 3 2 0 0 0 3 1 3 0 4 4 2 1 4 4 2 1 4 1 4 0 0 4 0 0 2 0 4 0
 0 0 0 3 4 1 0 2 3 0 4 2 1 0 1 1 4 2 0 0 1 0 4 4 0 0]
[0 1 0 3 0 4 0 0 0 2 0 2 0 2 0 2 4 0 0 2 0 1 1 0 1 0 2 0 2 4 0 3 0 0 0 2 3
 0 0 0 0 0 4 3 0 3 2 0 0 0 3 1 3 0 4 4 2 1 4 4 2 1 4 1 4 0 0 4 0 0 2 0 4 0
 0 0 0 3 4 1 0 2 3 0 4 2 1 0 1 1 4 2 0 0 1 0 4 4 0 0]
[8 4 9 2 9 8 5 3 5 6 4 8 9 6 7 5 9 5 9 8 4 7 9 6 5 9 9 5 6 8 7 6 6 9 1 6 3
 9 6 2 4 6 3 3 7 2 8 6 5 2 9 1 8 3 9 4 5 1 5 9 1 3 2 1 3 6 1 9 9 9 6 2 5 4
 3 2 9 6 6 4 1 3 6 1 2 8 6 6 4 6 5 9 4 4 2 2 9 1 4 2]
[8 4 9 2 9 8 5 3 5 6 4 8 9 6 7 5 9 5 9 8 4 7 9 6 5 9 9 5 6 8 7 6 6 9 1 6 3
 9 6 2 4 6 3 3 7 2 8 6 5 2 9 1 8 3 9 4 5 1 5 9 1 3 2 1 3 6 1 9 9 9 6 2 5 4
 3 2 9 6 6 4 1 3 6 1 2 8 6 6 4 6 5 9 4 4 2 2 9 1 4 2]
[50, 40, 12, 19, 50, 34, 50, 14, 12, 50, 50, 42, 31, 50, 41, 25, 50, 34, 22, 50, 39, 50, 41, 29, 50, 50, 50, 25, 29, 32, 37, 46, 41, 50, 38, 50, 50, 49, 50, 50, 33, 50, 40, 50, 50, 49, 50, 27, 50, 50, 18, 50, 50, 41, 31, 26, 24, 42, 27, 50, 50, 24, 19, 50, 50, 50, 50, 42, 50, 50, 38, 50, 50, 28, 47, 28, 50, 50, 20, 37, 44, 35, 50, 50, 50, 11, 50, 44, 50, 11, 26, 11, 48, 35, 50, 15, 47, 50, 50, 50]
[0 0 0 0 0 0 0 0 0 0 0 0 0 0 0 0 0 0 0 0 0 0 0 0 0 0 0 0 0 0 0 0 0 0 0 0 0
 0 0 0 0 0 0 0 0 0 0 0 0 0 0 0 0 0 0 0 0 0 0 0 0 0 0 0 0 0 0 0 0 0 0 0 0 0
 0 0 0 0 0 0 0 0 0 0 0 0 0 0 0 0 0 0 0 0 0 0 0 0 0 0]
[1 1 1 1 1 1 1 1 1 1 1 1 1 1 1 1 1 1 1 1 1 1 1 1 1 1 1 1 1 1 1 1 1 1 1 1 1
 1 1 1 1 1 1 1 1 1 1 1 1 1 1 1 1 1 1 1 1 1 1 1 1 1 1 1 1 1 1 1 1 1 1 1 1 1
 1 1 1 1 1 1 1 1 1 1 1 1 1 1 1 1 1 1 1 1 1 1 1 1 1 1]
