[ 0  1  2  3  4  5  6  7  8  9 10 11 12 13 14 15 16 17 18 19 20 21 22 23
 24 25 26 27 28 29 30 31 32 33 34 35 36 37 38 39 40 41 42 43 44 45 46 47
 48 49 50 51 52 53 54 55 56 57 58 59 60 61 62 63 64 65 66 67 68 69 70 71
 72 73 74 75 76 77 78 79 80 81 82 83 84 85 86 87 88 89 90 91 92 93 94 95
 96 97 98 99]
[44 -1 20  0 -1 66 -1 -1 95 89 33 -1 81 -1 -1 48 -1 -1 13 43 -1 -1 76  4
 95 15 15 33 23  2 41 -1  7 88 -1 -1 -1 99 39 98 85 62 -1 32 -1 -1 -1 96
 -1 21 68 74 41 -1 64 90 -1 29 41  9 -1 -1  9  7 42 -1 24 71 17 -1 15 55
 44 25  6 90 -1 21 -1 -1 -1 57 -1 37 99 34 -1 -1 -1 17 38 11 50 24 32 27
 12  2 88 91]
[0 1 0 0 0 1 0 0 0 0 0 0 1 0 0 1 1 1 0 1 0 0 0 0 1 0 0 0 0 1 0 1 0 1 0 0 1
 1 1 0 0 0 0 1 0 1 1 0 1 1 1 1 0 1 1 1 1 1 1 1 1 1 0 0 1 1 0 0 0 0 1 1 0 1
 1 0 0 1 1 1 1 0 1 0 0 1 0 1 0 1 0 0 1 0 1 1 0 0 1 1]
[0 4 0 0 4 0 0 3 0 0 4 0 4 2 3 1 0 0 0 0 0 4 0 1 0 0 3 2 2 0 1 1 0 0 1 0 3
 0 4 1 2 4 4 4 0 0 0 0 3 0 2 0 0 1 1 0 0 0 0 0 0 1 3 0 3 1 3 3 2 0 0 0 3 3
 0 0 0 4 3 1 2 1 0 4 2 0 0 4 3 3 0 3 1 0 0 2 1 4 1 2]
[0 4 0 0 4 0 0 3 0 0 4 0 4 2 3 1 0 0 0 0 0 4 0 1 0 0 3 2 2 0 1 1 0 0 1 0 3
 0 4 1 2 4 4 4 0 0 0 0 3 0 2 0 0 1 1 0 0 0 0 0 0 1 3 0 3 1 3 3 2 0 0 0 3 3
 0 0 0 4 3 1 2 1 0 4 2 0 0 4 3 3 0 3 1 0 0 2 1 4 1 2]
[7 6 3 1 5 7 6 8 5 9 5 8 9 8 1 5 8 8 5 3 5 9 3 1 2 8 5 5 2 6 6 2 3 7 4 4 8
 6 6 4 7 4 5 4 3 2 3 4 6 1 4 2 9 4 4 3 6 7 7 8 5 1 8 4 7 8 5 9 4 1 9 1 1 7
 2 6 1 3 7 8 9 9 5 1 2 7 7 7 2 8 3 7 1 7 7 2 8 3 6 8]
[7 6 3 1 5 7 6 8 5 9 5 8 9 8 1 5 8 8 5 3 5 9 3 1 2 8 5 5 2 6 6 2 3 7 4 4 8
 6 6 4 7 4 5 4 3 2 3 4 6 1 4 2 9 4 4 3 6 7 7 8 5 1 8 4 7 8 5 9 4 1 9 1 1 7
 2 6 1 3 7 8 9 9 5 1 2 7 7 7 2 8 3 7 1 7 7 2 8 3 6 8]
[23, 50, 25, 49, 50, 23, 42, 47, 50, 36, 50, 18, 44, 49, 22, 40, 21, 50, 50, 50, 50, 50, 26, 50, 44, 20, 50, 50, 46, 30, 50, 28, 49, 49, 50, 50, 38, 50, 37, 50, 50, 50, 49, 37, 13, 41, 50, 50, 12, 50, 50, 17, 50, 24, 50, 32, 50, 27, 42, 43, 50, 50, 32, 50, 24, 31, 50, 19, 41, 26, 50, 14, 50, 35, 50, 50, 50, 50, 50, 40, 23, 21, 10, 50, 43, 30, 50, 41, 50, 21, 50, 50, 50, 19, 50, 50, 37, 26, 50, 24]
[0 0 0 0 0 0 0 0 0 0 0 0 0 0 0 0 0 0 0 0 0 0 0 0 0 0 0 0 0 0 0 0 0 0 0 0 0
 0 0 0 0 0 0 0 0 0 0 0 0 0 0 0 0 0 0 0 0 0 0 0 0 0 0 0 0 0 0 0 0 0 0 0 0 0
 0 0 0 0 0 0 0 0 0 0 0 0 0 0 0 0 0 0 0 0 0 0 0 0 0 0]
[1 1 1 1 1 1 1 1 1 1 1 1 1 1 1 1 1 1 1 1 1 1 1 1 1 1 1 1 1 1 1 1 1 1 1 1 1
 1 1 1 1 1 1 1 1 1 1 1 1 1 1 1 1 1 1 1 1 1 1 1 1 1 1 1 1 1 1 1 1 1 1 1 1 1
 1 1 1 1 1 1 1 1 1 1 1 1 1 1 1 1 1 1 1 1 1 1 1 1 1 1]
