[ 0  1  2  3  4  5  6  7  8  9 10 11 12 13 14 15 16 17 18 19 20 21 22 23
 24 25 26 27 28 29 30 31 32 33 34 35 36 37 38 39 40 41 42 43 44 45 46 47
 48 49 50 51 52 53 54 55 56 57 58 59 60 61 62 63 64 65 66 67 68 69 70 71
 72 73 74 75 76 77 78 79 80 81 82 83 84 85 86 87 88 89 90 91 92 93 94 95
 96 97 98 99]
[60 37 79 42 25 90 -1 -1 55  0 90 -1 -1 17 -1 22 95 -1 -1 -1  0 -1 89 -1
 49 89 72 -1 -1 74 -1  6 -1 79 64 -1 -1 76 37 68 -1  5 25 15 38 -1 58 -1
 28  9 -1 -1 75 60 76 59 -1 -1 -1 13 82 44 -1 -1  0 91 44 21 -1 14 29 61
  9 -1 21 77 -1 38 13 13 -1  9 88 13 75 33 48 55 -1 -1 93 60 46 -1 28 -1
 -1 -1 60  1]
[0 0 0 1 1 1 1 0 0 1 0 1 0 0 0 1 1 1 0 1 1 1 0 0 1 1 1 0 1 0 0 1 1 1 0 0 1
 1 0 0 1 0 1 0 1 1 0 0 0 1 0 0 1 1 0 1 1 1 1 1 1 0 1 0 0 0 1 1 1 0 1 0 0 1
 1 0 0 1 1 1 1 0 0 1 1 1 1 0 1 0 0 0 0 0 0 1 0 0 0 1]
[4 4 0 2 3 0 2 0 0 2 1 0 1 0 3 0 0 1 0 0 0 0 0 0 4 0 0 1 0 0 1 4 0 0 2 0 0
 1 0 4 0 0 0 0 1 4 4 0 0 0 0 0 4 3 0 0 0 4 1 0 0 0 3 3 1 0 4 3 0 0 4 0 2 4
 1 2 3 1 0 3 0 4 0 4 2 0 0 0 0 2 2 1 0 0 1 0 2 0 0 0]
[4 4 0 2 3 0 2 0 0 2 1 0 1 0 3 0 0 1 0 0 0 0 0 0 4 0 0 1 0 0 1 4 0 0 2 0 0
 1 0 4 0 0 0 0 1 4 4 0 0 0 0 0 4 3 0 0 0 4 1 0 0 0 3 3 1 0 4 3 0 0 4 0 2 4
 1 2 3 1 0 3 0 4 0 4 2 0 0 0 0 2 2 1 0 0 1 0 2 0 0 0]
[5 8 6 7 7 8 5 5 4 5 4 2 9 6 9 3 7 1 5 3 5 6 1 6 1 6 7 1 5 4 2 5 2 7 2 2 5
 2 7 2 6 8 4 1 2 4 3 3 7 8 7 8 8 3 7 1 1 2 6 8 3 3 8 3 6 8 6 9 8 5 5 3 4 1
 4 4 8 8 5 5 9 4 7 6 9 5 1 6 1 5 3 7 7 1 3 9 6 3 7 3]
[5 8 6 7 7 8 5 5 4 5 4 2 9 6 9 3 7 1 5 3 5 6 1 6 1 6 7 1 5 4 2 5 2 7 2 2 5
 2 7 2 6 8 4 1 2 4 3 3 7 8 7 8 8 3 7 1 1 2 6 8 3 3 8 3 6 8 6 9 8 5 5 3 4 1
 4 4 8 8 5 5 9 4 7 6 9 5 1 6 1 5 3 7 7 1 3 9 6 3 7 3]
[23, 15, 50, 50, 50, 49, 37, 50, 33, 15, 50, 50, 50, 50, 17, 50, 34, 20, 48, 19, 10, 50, 41, 50, 47, 39, 50, 50, 20, 41, 50, 19, 50, 33, 20, 50, 50, 50, 50, 50, 21, 50, 24, 41, 33, 50, 50, 34, 50, 26, 25, 50, 50, 50, 50, 32, 23, 50, 50, 39, 50, 48, 50, 50, 45, 40, 14, 50, 50, 34, 36, 50, 48, 50, 50, 50, 50, 27, 11, 50, 32, 22, 33, 49, 50, 25, 50, 30, 32, 38, 45, 50, 28, 39, 50, 15, 31, 50, 50, 50]
[0 0 0 0 0 0 0 0 0 0 0 0 0 0 0 0 0 0 0 0 0 0 0 0 0 0 0 0 0 0 0 0 0 0 0 0 0
 0 0 0 0 0 0 0 0 0 0 0 0 0 0 0 0 0 0 0 0 0 0 0 0 0 0 0 0 0 0 0 0 0 0 0 0 0
 0 0 0 0 0 0 0 0 0 0 0 0 0 0 0 0 0 0 0 0 0 0 0 0 0 0]
[1 1 1 1 1 1 1 1 1 1 1 1 1 1 1 1 1 1 1 1 1 1 1 1 1 1 1 1 1 1 1 1 1 1 1 1 1
 1 1 1 1 1 1 1 1 1 1 1 1 1 1 1 1 1 1 1 1 1 1 1 1 1 1 1 1 1 1 1 1 1 1 1 1 1
 1 1 1 1 1 1 1 1 1 1 1 1 1 1 1 1 1 1 1 1 1 1 1 1 1 1]
