[ 0  1  2  3  4  5  6  7  8  9 10 11 12 13 14 15 16 17 18 19 20 21 22 23
 24 25 26 27 28 29 30 31 32 33 34 35 36 37 38 39 40 41 42 43 44 45 46 47
 48 49 50 51 52 53 54 55 56 57 58 59 60 61 62 63 64 65 66 67 68 69 70 71
 72 73 74 75 76 77 78 79 80 81 82 83 84 85 86 87 88 89 90 91 92 93 94 95
 96 97 98 99]
[88 21 -1 49 83 21 77 -1 70 54 76 15 -1 80 70 63 -1 62 76 62 -1 16  4 56
  6 13 59 71 -1  4 33 49 -1  4 29 83 66 -1 39 -1 -1 82 -1 -1 17  3 51 77
 79 60 83 19 -1 26 98 31  4 39 56 -1 94 56 12 69 -1 -1 38 85 65 30 11 44
 48 78 92 76 38 19 82 93 57 -1 36 36 53 89 68 13 62 80 32 30 -1 -1 90 93
 -1 49 12 50]
[1 0 0 0 0 0 1 0 0 0 1 1 1 1 1 1 1 1 1 0 0 0 1 1 0 0 0 0 1 1 0 1 1 1 1 1 0
 0 0 0 0 1 1 1 0 0 0 0 1 1 0 1 1 0 1 0 1 0 1 0 1 0 0 1 0 1 0 1 1 0 0 1 1 1
 0 0 1 1 0 0 0 0 0 0 0 1 0 1 0 1 0 1 0 0 1 0 0 1 0 0]
[0 0 2 2 2 0 0 0 4 0 0 0 1 0 0 0 0 3 0 0 4 3 4 1 2 0 3 0 0 0 1 2 2 0 0 0 1
 3 0 3 1 2 0 0 3 2 0 2 0 0 4 3 0 0 1 1 3 1 0 0 0 2 0 4 0 0 1 0 2 0 2 0 3 0
 3 0 2 1 2 0 3 0 4 3 0 2 3 3 0 1 4 0 2 0 3 2 0 3 0 0]
[0 0 2 2 2 0 0 0 4 0 0 0 1 0 0 0 0 3 0 0 4 3 4 1 2 0 3 0 0 0 1 2 2 0 0 0 1
 3 0 3 1 2 0 0 3 2 0 2 0 0 4 3 0 0 1 1 3 1 0 0 0 2 0 4 0 0 1 0 2 0 2 0 3 0
 3 0 2 1 2 0 3 0 4 3 0 2 3 3 0 1 4 0 2 0 3 2 0 3 0 0]
[4 7 1 1 2 3 2 3 3 7 2 2 9 2 1 8 4 6 3 7 9 1 5 3 1 3 2 9 1 6 7 1 4 7 9 3 4
 1 7 7 6 8 8 4 1 4 3 5 6 5 6 3 2 7 2 1 2 8 8 8 9 8 3 5 5 3 2 4 6 4 2 4 2 3
 6 2 5 1 2 6 9 7 6 3 4 3 9 4 5 4 3 4 9 2 3 4 4 2 2 3]
[4 7 1 1 2 3 2 3 3 7 2 2 9 2 1 8 4 6 3 7 9 1 5 3 1 3 2 9 1 6 7 1 4 7 9 3 4
 1 7 7 6 8 8 4 1 4 3 5 6 5 6 3 2 7 2 1 2 8 8 8 9 8 3 5 5 3 2 4 6 4 2 4 2 3
 6 2 5 1 2 6 9 7 6 3 4 3 9 4 5 4 3 4 9 2 3 4 4 2 2 3]
[28, 50, 50, 48, 17, 36, 50, 23, 50, 50, 30, 43, 50, 17, 50, 50, 50, 50, 11, 49, 35, 29, 19, 50, 46, 25, 50, 24, 21, 50, 50, 50, 50, 18, 50, 50, 32, 12, 22, 50, 38, 39, 43, 50, 50, 50, 50, 50, 50, 50, 13, 17, 50, 50, 50, 50, 39, 16, 21, 38, 33, 37, 50, 50, 50, 50, 50, 50, 50, 12, 11, 50, 44, 21, 50, 50, 26, 16, 50, 50, 50, 50, 50, 27, 36, 50, 50, 50, 23, 50, 22, 14, 50, 50, 50, 50, 50, 50, 29, 50]
[0 0 0 0 0 0 0 0 0 0 0 0 0 0 0 0 0 0 0 0 0 0 0 0 0 0 0 0 0 0 0 0 0 0 0 0 0
 0 0 0 0 0 0 0 0 0 0 0 0 0 0 0 0 0 0 0 0 0 0 0 0 0 0 0 0 0 0 0 0 0 0 0 0 0
 0 0 0 0 0 0 0 0 0 0 0 0 0 0 0 0 0 0 0 0 0 0 0 0 0 0]
[1 1 1 1 1 1 1 1 1 1 1 1 1 1 1 1 1 1 1 1 1 1 1 1 1 1 1 1 1 1 1 1 1 1 1 1 1
 1 1 1 1 1 1 1 1 1 1 1 1 1 1 1 1 1 1 1 1 1 1 1 1 1 1 1 1 1 1 1 1 1 1 1 1 1
 1 1 1 1 1 1 1 1 1 1 1 1 1 1 1 1 1 1 1 1 1 1 1 1 1 1]
