[ 0  1  2  3  4  5  6  7  8  9 10 11 12 13 14 15 16 17 18 19 20 21 22 23
 24 25 26 27 28 29 30 31 32 33 34 35 36 37 38 39 40 41 42 43 44 45 46 47
 48 49 50 51 52 53 54 55 56 57 58 59 60 61 62 63 64 65 66 67 68 69 70 71
 72 73 74 75 76 77 78 79 80 81 82 83 84 85 86 87 88 89 90 91 92 93 94 95
 96 97 98 99]
[32 -1 22 16 -1 45 42 91 -1 49 -1 25 65 -1 13 24 -1 -1 99 -1 56 -1 -1 87
 94 10 38  0 95 15 27 -1 -1  4 54 27 -1 71 68 -1 70 -1 58 -1 79 69 -1 -1
 -1 73 39 92 40 84 28 91 76 10 -1 -1 32 62 55 86 87 -1 43 71 22 11 58 29
 46 -1 89 -1 -1 94 79 66 53 62  8 -1 99 57 -1 -1 -1 -1 -1 74 30 -1 52 -1
 18 41 49 -1]
[0 0 1 1 1 0 0 0 1 0 1 1 0 0 0 0 1 1 0 1 0 0 0 0 1 0 1 1 0 0 1 0 1 1 1 0 1
 1 0 0 1 1 0 0 0 1 0 1 1 0 1 0 1 1 0 0 1 0 1 0 0 1 0 1 0 1 1 1 0 1 0 1 0 0
 0 0 0 0 0 1 1 0 1 0 0 1 0 1 1 0 0 0 1 0 0 1 0 0 1 1]
[1 1 0 2 0 3 1 0 0 2 2 1 4 0 2 0 3 3 0 3 0 3 0 2 0 3 4 0 1 0 0 3 2 1 1 3 0
 1 2 2 0 4 0 2 0 0 0 2 3 1 4 0 0 0 0 1 0 1 4 0 3 0 0 3 0 0 0 0 0 0 2 0 0 2
 4 0 3 0 0 0 2 3 4 2 1 3 0 0 0 0 2 0 4 0 1 2 0 0 0 2]
[1 1 0 2 0 3 1 0 0 2 2 1 4 0 2 0 3 3 0 3 0 3 0 2 0 3 4 0 1 0 0 3 2 1 1 3 0
 1 2 2 0 4 0 2 0 0 0 2 3 1 4 0 0 0 0 1 0 1 4 0 3 0 0 3 0 0 0 0 0 0 2 0 0 2
 4 0 3 0 0 0 2 3 4 2 1 3 0 0 0 0 2 0 4 0 1 2 0 0 0 2]
[1 1 3 7 6 3 2 2 1 4 9 1 7 9 2 6 3 1 1 5 6 1 7 6 1 1 4 5 1 8 7 5 2 7 2 3 2
 2 8 5 1 8 6 5 8 5 4 5 3 3 8 1 9 8 8 3 4 4 4 6 9 1 9 5 8 9 9 2 6 5 1 9 6 5
 2 6 1 3 9 1 6 5 9 8 9 2 1 5 5 8 8 6 9 3 4 8 9 6 4 5]
[1 1 3 7 6 3 2 2 1 4 9 1 7 9 2 6 3 1 1 5 6 1 7 6 1 1 4 5 1 8 7 5 2 7 2 3 2
 2 8 5 1 8 6 5 8 5 4 5 3 3 8 1 9 8 8 3 4 4 4 6 9 1 9 5 8 9 9 2 6 5 1 9 6 5
 2 6 1 3 9 1 6 5 9 8 9 2 1 5 5 8 8 6 9 3 4 8 9 6 4 5]
[22, 48, 47, 50, 50, 36, 37, 18, 50, 42, 12, 48, 50, 50, 50, 50, 48, 40, 42, 37, 45, 50, 50, 28, 50, 18, 50, 50, 50, 24, 47, 50, 50, 43, 35, 38, 50, 14, 29, 50, 50, 35, 23, 33, 45, 38, 50, 20, 50, 37, 43, 36, 50, 48, 11, 50, 43, 37, 42, 46, 50, 50, 15, 50, 50, 36, 49, 50, 47, 50, 32, 31, 50, 50, 50, 32, 50, 18, 50, 24, 50, 17, 47, 40, 46, 41, 50, 10, 20, 13, 50, 35, 43, 50, 39, 13, 50, 50, 29, 38]
[0 0 0 0 0 0 0 0 0 0 0 0 0 0 0 0 0 0 0 0 0 0 0 0 0 0 0 0 0 0 0 0 0 0 0 0 0
 0 0 0 0 0 0 0 0 0 0 0 0 0 0 0 0 0 0 0 0 0 0 0 0 0 0 0 0 0 0 0 0 0 0 0 0 0
 0 0 0 0 0 0 0 0 0 0 0 0 0 0 0 0 0 0 0 0 0 0 0 0 0 0]
[1 1 1 1 1 1 1 1 1 1 1 1 1 1 1 1 1 1 1 1 1 1 1 1 1 1 1 1 1 1 1 1 1 1 1 1 1
 1 1 1 1 1 1 1 1 1 1 1 1 1 1 1 1 1 1 1 1 1 1 1 1 1 1 1 1 1 1 1 1 1 1 1 1 1
 1 1 1 1 1 1 1 1 1 1 1 1 1 1 1 1 1 1 1 1 1 1 1 1 1 1]
