[ 0  1  2  3  4  5  6  7  8  9 10 11 12 13 14 15 16 17 18 19 20 21 22 23
 24 25 26 27 28 29 30 31 32 33 34 35 36 37 38 39 40 41 42 43 44 45 46 47
 48 49 50 51 52 53 54 55 56 57 58 59 60 61 62 63 64 65 66 67 68 69 70 71
 72 73 74 75 76 77 78 79 80 81 82 83 84 85 86 87 88 89 90 91 92 93 94 95
 96 97 98 99]
[69 74 52 -1 45 39 -1 -1 30 -1 22 72 73 -1 13 -1 -1 -1  3 -1 56 -1 48 22
 -1 -1 -1 21 -1 50 -1 -1 66 -1 50 -1 18 81 26 -1 -1 67 -1 14 15 64 49 12
 74 77 92 -1 -1 10 -1 74 -1 32 18 -1 25 -1 77 22 -1 -1 -1 73 41 -1 63  7
 62 -1 80 18 -1 50 -1 -1 47 -1 78 -1 -1 -1 -1 51 -1 -1 31 -1 37 64 52 88
 53 36 83 -1]
[0 1 1 1 0 0 1 1 0 0 1 0 1 0 1 1 0 0 0 0 0 0 1 0 0 1 0 1 0 0 1 1 0 0 0 1 1
 1 1 0 1 1 1 1 0 0 1 0 0 0 0 1 1 1 0 1 0 1 0 0 0 1 1 0 0 0 1 0 0 0 0 1 0 0
 1 0 1 1 0 0 1 0 0 1 0 0 0 1 1 1 0 0 0 0 1 1 0 0 1 1]
[0 0 2 1 0 0 3 2 3 2 0 0 2 0 0 1 1 2 1 3 1 0 0 1 0 2 0 1 0 4 4 0 2 4 0 4 0
 0 3 4 0 0 0 1 1 3 1 0 4 0 0 2 0 4 3 2 0 3 0 0 0 4 1 0 0 0 0 2 2 0 0 1 0 3
 0 4 0 0 0 1 1 1 0 4 0 0 3 2 0 3 0 3 4 0 3 0 1 0 4 0]
[0 0 2 1 0 0 3 2 3 2 0 0 2 0 0 1 1 2 1 3 1 0 0 1 0 2 0 1 0 4 4 0 2 4 0 4 0
 0 3 4 0 0 0 1 1 3 1 0 4 0 0 2 0 4 3 2 0 3 0 0 0 4 1 0 0 0 0 2 2 0 0 1 0 3
 0 4 0 0 0 1 1 1 0 4 0 0 3 2 0 3 0 3 4 0 3 0 1 0 4 0]
[9 2 8 7 3 4 5 1 6 2 7 4 2 5 3 2 9 9 4 5 1 3 8 2 9 3 9 8 7 3 4 2 9 4 2 9 2
 8 6 2 4 9 5 5 9 9 5 1 4 9 6 5 2 3 6 5 2 3 6 3 9 8 9 3 8 2 3 6 1 9 7 8 5 7
 2 3 8 4 7 7 5 3 4 2 4 8 2 1 2 9 6 8 5 5 5 9 1 7 7 1]
[9 2 8 7 3 4 5 1 6 2 7 4 2 5 3 2 9 9 4 5 1 3 8 2 9 3 9 8 7 3 4 2 9 4 2 9 2
 8 6 2 4 9 5 5 9 9 5 1 4 9 6 5 2 3 6 5 2 3 6 3 9 8 9 3 8 2 3 6 1 9 7 8 5 7
 2 3 8 4 7 7 5 3 4 2 4 8 2 1 2 9 6 8 5 5 5 9 1 7 7 1]
[26, 50, 45, 40, 50, 34, 30, 39, 50, 50, 25, 50, 42, 50, 12, 38, 50, 31, 50, 50, 50, 50, 50, 15, 50, 43, 50, 45, 50, 50, 39, 50, 46, 50, 35, 48, 50, 50, 28, 26, 29, 50, 50, 50, 50, 17, 24, 50, 48, 50, 24, 35, 19, 18, 23, 50, 50, 50, 18, 34, 24, 22, 50, 50, 50, 30, 50, 50, 50, 33, 50, 40, 17, 10, 50, 34, 50, 39, 50, 16, 50, 15, 11, 50, 48, 50, 42, 50, 39, 50, 29, 50, 11, 50, 50, 14, 50, 50, 50, 50]
[0 0 0 0 0 0 0 0 0 0 0 0 0 0 0 0 0 0 0 0 0 0 0 0 0 0 0 0 0 0 0 0 0 0 0 0 0
 0 0 0 0 0 0 0 0 0 0 0 0 0 0 0 0 0 0 0 0 0 0 0 0 0 0 0 0 0 0 0 0 0 0 0 0 0
 0 0 0 0 0 0 0 0 0 0 0 0 0 0 0 0 0 0 0 0 0 0 0 0 0 0]
[1 1 1 1 1 1 1 1 1 1 1 1 1 1 1 1 1 1 1 1 1 1 1 1 1 1 1 1 1 1 1 1 1 1 1 1 1
 1 1 1 1 1 1 1 1 1 1 1 1 1 1 1 1 1 1 1 1 1 1 1 1 1 1 1 1 1 1 1 1 1 1 1 1 1
 1 1 1 1 1 1 1 1 1 1 1 1 1 1 1 1 1 1 1 1 1 1 1 1 1 1]
