[ 0  1  2  3  4  5  6  7  8  9 10 11 12 13 14 15 16 17 18 19 20 21 22 23
 24 25 26 27 28 29 30 31 32 33 34 35 36 37 38 39 40 41 42 43 44 45 46 47
 48 49 50 51 52 53 54 55 56 57 58 59 60 61 62 63 64 65 66 67 68 69 70 71
 72 73 74 75 76 77 78 79 80 81 82 83 84 85 86 87 88 89 90 91 92 93 94 95
 96 97 98 99]
[-1  6 64 25 -1 43 -1 -1 57 -1 43 -1 82 44 -1 56 -1 77  5 -1 46 59 -1 -1
 -1 83 68 33 -1 37 -1 11 77 37 67 -1 -1 50 95  0 -1  9 -1 27 93 51 11 11
 -1 -1 -1 60 -1 14 -1 -1  9 -1 -1 50 -1 33 75 30 86 20 88 31 55 83 18 25
 -1 52 55 -1 -1 54 51 -1 -1 -1 -1 81 20 -1 89 23 -1 99  4 23  6 34 14 -1
 83 -1 57 44]
[1 0 1 1 0 1 0 0 1 0 0 1 1 0 0 1 1 1 1 1 1 1 0 1 1 1 1 1 1 1 1 1 1 0 1 0 1
 1 1 1 1 1 0 0 0 0 0 0 0 1 1 1 0 1 0 1 0 0 0 1 0 1 0 1 0 0 0 0 0 0 0 0 1 1
 1 0 1 1 0 0 1 0 1 1 1 0 1 1 0 1 1 0 1 1 1 1 0 0 1 0]
[0 2 0 0 0 1 3 3 2 3 3 0 1 4 0 0 4 1 0 1 0 3 3 0 0 1 1 0 4 3 0 0 1 2 3 4 1
 0 0 4 0 0 3 0 3 4 3 0 2 4 0 2 0 1 2 0 0 0 0 0 0 4 0 4 0 2 2 0 3 0 0 2 2 3
 2 2 1 3 0 0 3 0 0 0 1 1 1 0 0 0 0 0 4 0 2 0 1 0 0 1]
[0 2 0 0 0 1 3 3 2 3 3 0 1 4 0 0 4 1 0 1 0 3 3 0 0 1 1 0 4 3 0 0 1 2 3 4 1
 0 0 4 0 0 3 0 3 4 3 0 2 4 0 2 0 1 2 0 0 0 0 0 0 4 0 4 0 2 2 0 3 0 0 2 2 3
 2 2 1 3 0 0 3 0 0 0 1 1 1 0 0 0 0 0 4 0 2 0 1 0 0 1]
[9 6 2 4 4 7 1 4 7 5 3 6 8 4 7 4 2 5 8 5 4 5 4 2 9 9 9 8 2 6 5 3 9 2 8 5 6
 1 3 1 5 6 6 6 7 1 8 9 5 9 1 1 2 8 3 8 3 3 4 8 7 6 8 1 2 9 7 1 7 9 2 6 6 4
 5 6 9 2 8 3 8 9 1 7 9 1 2 3 1 2 3 9 3 2 8 1 5 5 2 4]
[9 6 2 4 4 7 1 4 7 5 3 6 8 4 7 4 2 5 8 5 4 5 4 2 9 9 9 8 2 6 5 3 9 2 8 5 6
 1 3 1 5 6 6 6 7 1 8 9 5 9 1 1 2 8 3 8 3 3 4 8 7 6 8 1 2 9 7 1 7 9 2 6 6 4
 5 6 9 2 8 3 8 9 1 7 9 1 2 3 1 2 3 9 3 2 8 1 5 5 2 4]
[50, 36, 50, 12, 34, 50, 50, 12, 29, 33, 50, 50, 50, 41, 18, 44, 13, 50, 20, 33, 33, 37, 43, 50, 33, 39, 50, 31, 43, 50, 50, 45, 25, 50, 50, 39, 49, 50, 11, 50, 23, 26, 36, 12, 50, 49, 35, 50, 37, 35, 39, 24, 30, 40, 50, 50, 36, 38, 50, 50, 50, 50, 50, 34, 50, 11, 48, 50, 41, 50, 48, 33, 36, 11, 50, 50, 50, 49, 50, 30, 20, 23, 18, 50, 50, 50, 50, 50, 50, 49, 50, 50, 48, 50, 50, 39, 29, 49, 47, 24]
[0 0 0 0 0 0 0 0 0 0 0 0 0 0 0 0 0 0 0 0 0 0 0 0 0 0 0 0 0 0 0 0 0 0 0 0 0
 0 0 0 0 0 0 0 0 0 0 0 0 0 0 0 0 0 0 0 0 0 0 0 0 0 0 0 0 0 0 0 0 0 0 0 0 0
 0 0 0 0 0 0 0 0 0 0 0 0 0 0 0 0 0 0 0 0 0 0 0 0 0 0]
[1 1 1 1 1 1 1 1 1 1 1 1 1 1 1 1 1 1 1 1 1 1 1 1 1 1 1 1 1 1 1 1 1 1 1 1 1
 1 1 1 1 1 1 1 1 1 1 1 1 1 1 1 1 1 1 1 1 1 1 1 1 1 1 1 1 1 1 1 1 1 1 1 1 1
 1 1 1 1 1 1 1 1 1 1 1 1 1 1 1 1 1 1 1 1 1 1 1 1 1 1]
