[ 0  1  2  3  4  5  6  7  8  9 10 11 12 13 14 15 16 17 18 19 20 21 22 23
 24 25 26 27 28 29 30 31 32 33 34 35 36 37 38 39 40 41 42 43 44 45 46 47
 48 49 50 51 52 53 54 55 56 57 58 59 60 61 62 63 64 65 66 67 68 69 70 71
 72 73 74 75 76 77 78 79 80 81 82 83 84 85 86 87 88 89 90 91 92 93 94 95
 96 97 98 99]
[21 -1 -1 76 72 33 84 -1 -1 -1 -1 91 23 -1 -1 -1 -1 -1 -1 -1 -1 11 20 62
 -1 -1 66 59 82 46 52 -1 14 88 65 18  8 66 21 -1  0 68 -1 82 -1 -1  9 45
 -1 -1 -1 65 47 -1 29 51 67 36 -1  8 84 67 57 -1 85 23 86 29 69 -1 82 -1
 -1 33 90 53 25 19 37 90  9 -1 33 -1 -1 23 45 -1 19 58 11 31 47 -1 -1 77
 24 87 -1 -1]
[0 1 1 1 0 0 0 0 0 0 1 0 1 1 1 1 0 0 1 1 0 1 1 0 0 1 0 1 1 1 1 0 0 1 1 0 0
 1 1 1 1 1 1 0 1 0 0 1 1 1 1 0 0 0 0 0 0 1 1 1 0 0 0 1 0 1 0 0 0 1 0 1 1 0
 1 1 1 0 1 1 1 1 1 0 1 0 0 0 1 1 1 1 0 1 1 1 1 0 1 0]
[0 4 0 0 1 2 4 4 4 1 2 0 0 1 2 0 0 0 0 0 0 3 0 0 0 3 0 0 3 4 2 0 0 4 0 0 0
 0 2 0 0 3 3 1 0 2 1 1 0 1 0 0 4 4 4 3 0 0 4 2 0 0 0 0 2 2 1 0 1 4 4 2 0 0
 4 1 0 3 1 2 0 2 4 0 1 0 0 0 4 0 2 0 3 3 0 1 3 1 0 1]
[0 4 0 0 1 2 4 4 4 1 2 0 0 1 2 0 0 0 0 0 0 3 0 0 0 3 0 0 3 4 2 0 0 4 0 0 0
 0 2 0 0 3 3 1 0 2 1 1 0 1 0 0 4 4 4 3 0 0 4 2 0 0 0 0 2 2 1 0 1 4 4 2 0 0
 4 1 0 3 1 2 0 2 4 0 1 0 0 0 4 0 2 0 3 3 0 1 3 1 0 1]
[9 6 3 7 7 7 9 4 4 8 6 1 9 2 7 1 7 9 3 3 5 7 9 5 1 4 4 8 4 7 3 7 9 8 6 2 2
 1 5 2 1 7 1 1 8 2 5 1 8 1 6 1 8 1 5 5 6 2 7 1 5 5 8 7 3 9 6 7 3 1 8 6 4 5
 2 2 8 6 7 9 2 1 1 3 4 4 3 4 7 2 6 5 6 4 9 7 7 7 8 5]
[9 6 3 7 7 7 9 4 4 8 6 1 9 2 7 1 7 9 3 3 5 7 9 5 1 4 4 8 4 7 3 7 9 8 6 2 2
 1 5 2 1 7 1 1 8 2 5 1 8 1 6 1 8 1 5 5 6 2 7 1 5 5 8 7 3 9 6 7 3 1 8 6 4 5
 2 2 8 6 7 9 2 1 1 3 4 4 3 4 7 2 6 5 6 4 9 7 7 7 8 5]
[50, 38, 50, 50, 15, 50, 29, 50, 50, 50, 50, 50, 50, 35, 50, 50, 32, 17, 49, 34, 50, 26, 50, 50, 19, 26, 31, 50, 50, 50, 50, 50, 50, 25, 25, 50, 50, 48, 14, 32, 27, 50, 42, 35, 50, 43, 50, 37, 14, 23, 30, 50, 19, 50, 47, 41, 32, 47, 49, 50, 50, 39, 50, 12, 50, 50, 50, 50, 16, 50, 23, 32, 32, 12, 46, 50, 50, 23, 50, 50, 22, 50, 18, 50, 50, 50, 50, 50, 17, 48, 43, 50, 11, 50, 47, 43, 25, 18, 42, 50]
[0 0 0 0 0 0 0 0 0 0 0 0 0 0 0 0 0 0 0 0 0 0 0 0 0 0 0 0 0 0 0 0 0 0 0 0 0
 0 0 0 0 0 0 0 0 0 0 0 0 0 0 0 0 0 0 0 0 0 0 0 0 0 0 0 0 0 0 0 0 0 0 0 0 0
 0 0 0 0 0 0 0 0 0 0 0 0 0 0 0 0 0 0 0 0 0 0 0 0 0 0]
[1 1 1 1 1 1 1 1 1 1 1 1 1 1 1 1 1 1 1 1 1 1 1 1 1 1 1 1 1 1 1 1 1 1 1 1 1
 1 1 1 1 1 1 1 1 1 1 1 1 1 1 1 1 1 1 1 1 1 1 1 1 1 1 1 1 1 1 1 1 1 1 1 1 1
 1 1 1 1 1 1 1 1 1 1 1 1 1 1 1 1 1 1 1 1 1 1 1 1 1 1]
