[ 0  1  2  3  4  5  6  7  8  9 10 11 12 13 14 15 16 17 18 19 20 21 22 23
 24 25 26 27 28 29 30 31 32 33 34 35 36 37 38 39 40 41 42 43 44 45 46 47
 48 49 50 51 52 53 54 55 56 57 58 59 60 61 62 63 64 65 66 67 68 69 70 71
 72 73 74 75 76 77 78 79 80 81 82 83 84 85 86 87 88 89 90 91 92 93 94 95
 96 97 98 99]
[12 71 -1 67 -1 -1 17 69 -1 53 -1 -1 28 77 -1 -1  9 99 -1 64 42 -1 20 -1
  0  7 44  4 -1 91 66 -1 95 71 85  2 93 -1 40 -1 -1 -1 18 58 -1  8 45 15
 50 73 24 88 70 -1 64 49 18  1 -1  3  5 39  0 78 10 -1 45 62 34 -1 -1 53
 -1 -1 93 -1 97 31 -1 55  1 -1 81 56 -1 -1  3 41 49 -1 71 -1 32 15 -1 -1
 84 47  6 89]
[1 1 1 0 1 0 1 1 0 0 1 0 0 1 0 0 0 0 0 0 0 0 1 1 1 1 1 0 1 0 0 0 0 0 1 0 0
 1 0 1 0 0 1 0 1 1 0 1 1 1 1 0 1 0 0 0 0 1 1 0 0 0 1 0 1 0 0 0 1 0 0 0 1 1
 0 0 0 0 0 1 1 1 0 0 1 0 1 0 1 0 0 1 1 1 0 1 0 1 1 1]
[3 4 3 2 0 0 4 2 0 0 0 0 0 0 0 0 0 0 0 3 0 0 2 2 0 4 0 0 0 0 0 0 0 3 3 2 4
 0 3 0 1 0 0 2 3 0 1 1 4 0 0 0 2 0 4 4 0 4 0 4 0 0 2 0 0 0 1 0 0 0 0 1 2 0
 3 2 2 3 0 2 1 4 0 4 1 0 0 0 4 1 2 1 0 2 0 1 4 0 0 0]
[3 4 3 2 0 0 4 2 0 0 0 0 0 0 0 0 0 0 0 3 0 0 2 2 0 4 0 0 0 0 0 0 0 3 3 2 4
 0 3 0 1 0 0 2 3 0 1 1 4 0 0 0 2 0 4 4 0 4 0 4 0 0 2 0 0 0 1 0 0 0 0 1 2 0
 3 2 2 3 0 2 1 4 0 4 1 0 0 0 4 1 2 1 0 2 0 1 4 0 0 0]
[4 2 5 3 2 7 2 5 3 3 3 3 2 4 6 5 6 7 5 8 5 3 5 1 6 5 7 7 7 3 7 5 7 8 6 2 4
 5 2 1 4 1 5 5 3 2 3 6 6 1 7 4 8 5 3 6 1 8 4 1 2 7 4 3 7 1 8 8 6 1 2 9 9 5
 9 7 4 5 1 4 5 4 4 6 9 8 8 8 4 9 5 8 1 4 1 3 9 9 3 5]
[4 2 5 3 2 7 2 5 3 3 3 3 2 4 6 5 6 7 5 8 5 3 5 1 6 5 7 7 7 3 7 5 7 8 6 2 4
 5 2 1 4 1 5 5 3 2 3 6 6 1 7 4 8 5 3 6 1 8 4 1 2 7 4 3 7 1 8 8 6 1 2 9 9 5
 9 7 4 5 1 4 5 4 4 6 9 8 8 8 4 9 5 8 1 4 1 3 9 9 3 5]
[50, 50, 50, 26, 50, 50, 43, 50, 50, 50, 50, 25, 41, 50, 50, 50, 15, 26, 27, 45, 19, 45, 50, 50, 32, 37, 13, 24, 48, 50, 50, 50, 37, 50, 31, 20, 50, 50, 44, 14, 50, 29, 50, 19, 37, 32, 15, 43, 49, 34, 30, 50, 50, 50, 31, 11, 50, 14, 23, 50, 43, 50, 50, 50, 14, 21, 50, 50, 25, 43, 50, 50, 39, 13, 50, 50, 50, 50, 10, 34, 36, 43, 50, 50, 50, 50, 50, 19, 16, 50, 50, 50, 23, 45, 47, 50, 50, 50, 50, 50]
[0 0 0 0 0 0 0 0 0 0 0 0 0 0 0 0 0 0 0 0 0 0 0 0 0 0 0 0 0 0 0 0 0 0 0 0 0
 0 0 0 0 0 0 0 0 0 0 0 0 0 0 0 0 0 0 0 0 0 0 0 0 0 0 0 0 0 0 0 0 0 0 0 0 0
 0 0 0 0 0 0 0 0 0 0 0 0 0 0 0 0 0 0 0 0 0 0 0 0 0 0]
[1 1 1 1 1 1 1 1 1 1 1 1 1 1 1 1 1 1 1 1 1 1 1 1 1 1 1 1 1 1 1 1 1 1 1 1 1
 1 1 1 1 1 1 1 1 1 1 1 1 1 1 1 1 1 1 1 1 1 1 1 1 1 1 1 1 1 1 1 1 1 1 1 1 1
 1 1 1 1 1 1 1 1 1 1 1 1 1 1 1 1 1 1 1 1 1 1 1 1 1 1]
