[ 0  1  2  3  4  5  6  7  8  9 10 11 12 13 14 15 16 17 18 19 20 21 22 23
 24 25 26 27 28 29 30 31 32 33 34 35 36 37 38 39 40 41 42 43 44 45 46 47
 48 49 50 51 52 53 54 55 56 57 58 59 60 61 62 63 64 65 66 67 68 69 70 71
 72 73 74 75 76 77 78 79 80 81 82 83 84 85 86 87 88 89 90 91 92 93 94 95
 96 97 98 99]
[43 42 -1 22 79 58 -1 -1 61 -1 75 42 37 28 -1 61 -1 -1 -1 -1 -1 -1 -1 68
 77 30 78 64 -1 -1  3 30  7 39  0 63  9 59 79 67 56 -1 25 66 38 -1 -1 29
 29 26  7 23  7 76 99 92 -1 -1 -1 52 10 18 17 37 45 -1 17 -1 74 -1 73 75
 53 69 -1 69 92 -1 -1 57 57 15 13 85 29  3 73 -1  8 -1 -1 39 65 14 66 44
 -1 -1 57 -1]
[1 1 1 0 0 0 1 0 1 0 0 1 0 1 1 0 1 0 0 1 1 0 0 0 0 0 1 0 1 0 0 1 0 0 1 0 0
 1 1 0 1 0 0 0 0 0 1 1 0 0 0 0 1 0 0 1 0 1 1 0 1 0 0 0 0 1 0 1 0 0 1 1 0 0
 1 0 1 0 0 0 1 0 1 0 1 0 0 0 0 0 1 1 1 1 1 1 1 0 1 1]
[4 0 3 4 0 1 0 0 0 2 0 3 0 3 0 0 0 0 0 0 0 4 0 0 3 0 0 0 0 0 0 4 0 1 0 1 4
 1 2 0 0 4 0 3 0 1 0 3 4 0 4 4 1 1 0 0 0 2 3 1 3 0 2 2 0 0 0 4 0 0 0 0 1 1
 0 0 4 2 2 2 0 4 0 0 0 0 4 2 4 2 1 2 2 4 0 0 3 4 0 0]
[4 0 3 4 0 1 0 0 0 2 0 3 0 3 0 0 0 0 0 0 0 4 0 0 3 0 0 0 0 0 0 4 0 1 0 1 4
 1 2 0 0 4 0 3 0 1 0 3 4 0 4 4 1 1 0 0 0 2 3 1 3 0 2 2 0 0 0 4 0 0 0 0 1 1
 0 0 4 2 2 2 0 4 0 0 0 0 4 2 4 2 1 2 2 4 0 0 3 4 0 0]
[4 7 6 1 6 7 1 5 6 1 7 4 1 2 5 8 3 6 5 2 5 3 8 4 8 4 6 3 6 3 4 8 3 8 7 5 7
 4 9 5 4 6 6 9 3 9 7 8 2 7 3 6 8 3 3 9 7 2 1 6 1 1 6 2 7 8 9 1 8 7 2 7 9 1
 3 1 2 8 2 9 3 4 7 9 7 9 6 1 2 2 2 9 6 4 4 7 5 1 9 4]
[4 7 6 1 6 7 1 5 6 1 7 4 1 2 5 8 3 6 5 2 5 3 8 4 8 4 6 3 6 3 4 8 3 8 7 5 7
 4 9 5 4 6 6 9 3 9 7 8 2 7 3 6 8 3 3 9 7 2 1 6 1 1 6 2 7 8 9 1 8 7 2 7 9 1
 3 1 2 8 2 9 3 4 7 9 7 9 6 1 2 2 2 9 6 4 4 7 5 1 9 4]
[50, 50, 19, 50, 34, 50, 50, 20, 23, 50, 50, 50, 13, 50, 18, 50, 50, 11, 50, 50, 50, 38, 50, 17, 31, 15, 11, 26, 19, 50, 48, 50, 14, 50, 50, 50, 50, 50, 28, 50, 50, 32, 34, 26, 50, 50, 50, 12, 45, 50, 24, 50, 33, 18, 12, 47, 50, 29, 50, 50, 50, 50, 50, 22, 40, 50, 50, 23, 14, 20, 50, 32, 37, 40, 50, 50, 50, 39, 50, 50, 37, 44, 50, 50, 47, 50, 50, 50, 50, 50, 50, 34, 26, 50, 50, 41, 15, 50, 42, 50]
[0 0 0 0 0 0 0 0 0 0 0 0 0 0 0 0 0 0 0 0 0 0 0 0 0 0 0 0 0 0 0 0 0 0 0 0 0
 0 0 0 0 0 0 0 0 0 0 0 0 0 0 0 0 0 0 0 0 0 0 0 0 0 0 0 0 0 0 0 0 0 0 0 0 0
 0 0 0 0 0 0 0 0 0 0 0 0 0 0 0 0 0 0 0 0 0 0 0 0 0 0]
[1 1 1 1 1 1 1 1 1 1 1 1 1 1 1 1 1 1 1 1 1 1 1 1 1 1 1 1 1 1 1 1 1 1 1 1 1
 1 1 1 1 1 1 1 1 1 1 1 1 1 1 1 1 1 1 1 1 1 1 1 1 1 1 1 1 1 1 1 1 1 1 1 1 1
 1 1 1 1 1 1 1 1 1 1 1 1 1 1 1 1 1 1 1 1 1 1 1 1 1 1]
