[ 0  1  2  3  4  5  6  7  8  9 10 11 12 13 14 15 16 17 18 19 20 21 22 23
 24 25 26 27 28 29 30 31 32 33 34 35 36 37 38 39 40 41 42 43 44 45 46 47
 48 49 50 51 52 53 54 55 56 57 58 59 60 61 62 63 64 65 66 67 68 69 70 71
 72 73 74 75 76 77 78 79 80 81 82 83 84 85 86 87 88 89 90 91 92 93 94 95
 96 97 98 99]
[82 21 71 56 -1  6 85 -1 -1 -1 62 67 44 -1 57 -1  2 -1 -1 -1 -1 67 -1 -1
 48 67 81 72 67 31 -1 92 54 63  8 -1 52 57 -1 -1 82 22 -1 27 26 59 18  7
 -1 23 43 -1 17 -1 34 47 31 92 -1 91 -1 89 24 76 18 91 32 90 35 78 -1 13
 19 36 -1 -1 71 50 -1 -1 -1 78 69 -1 -1 64 -1 34 76 78 -1 72 -1 33 -1 -1
 65 19 17 13]
[0 0 0 0 0 0 0 1 1 0 0 0 1 0 0 1 1 0 1 1 1 1 1 1 1 0 0 0 0 0 1 0 1 1 0 1 0
 1 1 0 0 1 0 0 0 0 0 0 1 0 1 1 0 1 1 1 1 1 1 1 1 0 0 1 1 0 1 0 1 0 1 1 0 1
 1 1 1 1 0 1 0 0 0 1 1 0 0 1 0 1 1 0 0 1 1 1 1 0 0 1]
[4 2 4 3 0 2 0 0 3 0 2 0 4 1 0 0 4 3 4 0 0 0 2 4 0 4 0 4 0 1 1 0 0 0 3 0 2
 1 2 3 2 0 3 0 0 1 0 1 2 4 3 0 0 0 2 1 3 0 0 1 0 3 2 0 3 0 2 0 0 3 0 0 0 2
 0 2 3 3 0 2 1 0 3 0 3 0 0 4 4 4 3 0 0 3 0 1 1 0 4 0]
[4 2 4 3 0 2 0 0 3 0 2 0 4 1 0 0 4 3 4 0 0 0 2 4 0 4 0 4 0 1 1 0 0 0 3 0 2
 1 2 3 2 0 3 0 0 1 0 1 2 4 3 0 0 0 2 1 3 0 0 1 0 3 2 0 3 0 2 0 0 3 0 0 0 2
 0 2 3 3 0 2 1 0 3 0 3 0 0 4 4 4 3 0 0 3 0 1 1 0 4 0]
[4 8 3 4 2 9 1 4 7 5 9 8 1 2 9 4 6 5 9 2 5 2 9 7 6 5 5 9 5 8 1 6 1 8 1 6 3
 1 4 7 1 1 1 1 7 6 8 4 2 7 5 6 5 3 9 5 9 2 2 2 1 4 4 8 6 3 4 8 1 8 3 9 2 1
 8 5 6 8 2 6 9 3 7 1 3 5 9 9 9 5 2 5 9 7 3 5 1 2 4 5]
[4 8 3 4 2 9 1 4 7 5 9 8 1 2 9 4 6 5 9 2 5 2 9 7 6 5 5 9 5 8 1 6 1 8 1 6 3
 1 4 7 1 1 1 1 7 6 8 4 2 7 5 6 5 3 9 5 9 2 2 2 1 4 4 8 6 3 4 8 1 8 3 9 2 1
 8 5 6 8 2 6 9 3 7 1 3 5 9 9 9 5 2 5 9 7 3 5 1 2 4 5]
[17, 30, 38, 50, 14, 50, 50, 50, 50, 50, 50, 50, 50, 50, 15, 14, 50, 50, 50, 50, 50, 24, 50, 50, 23, 50, 46, 50, 50, 31, 50, 50, 42, 50, 38, 41, 12, 33, 21, 50, 50, 24, 50, 50, 50, 50, 35, 50, 30, 50, 50, 50, 50, 14, 30, 19, 34, 50, 17, 17, 50, 11, 50, 33, 50, 40, 41, 50, 50, 50, 50, 35, 36, 25, 50, 43, 17, 48, 42, 24, 50, 50, 50, 50, 50, 50, 50, 50, 18, 50, 12, 24, 24, 24, 50, 50, 19, 29, 46, 50]
[0 0 0 0 0 0 0 0 0 0 0 0 0 0 0 0 0 0 0 0 0 0 0 0 0 0 0 0 0 0 0 0 0 0 0 0 0
 0 0 0 0 0 0 0 0 0 0 0 0 0 0 0 0 0 0 0 0 0 0 0 0 0 0 0 0 0 0 0 0 0 0 0 0 0
 0 0 0 0 0 0 0 0 0 0 0 0 0 0 0 0 0 0 0 0 0 0 0 0 0 0]
[1 1 1 1 1 1 1 1 1 1 1 1 1 1 1 1 1 1 1 1 1 1 1 1 1 1 1 1 1 1 1 1 1 1 1 1 1
 1 1 1 1 1 1 1 1 1 1 1 1 1 1 1 1 1 1 1 1 1 1 1 1 1 1 1 1 1 1 1 1 1 1 1 1 1
 1 1 1 1 1 1 1 1 1 1 1 1 1 1 1 1 1 1 1 1 1 1 1 1 1 1]
