[ 0  1  2  3  4  5  6  7  8  9 10 11 12 13 14 15 16 17 18 19 20 21 22 23
 24 25 26 27 28 29 30 31 32 33 34 35 36 37 38 39 40 41 42 43 44 45 46 47
 48 49 50 51 52 53 54 55 56 57 58 59 60 61 62 63 64 65 66 67 68 69 70 71
 72 73 74 75 76 77 78 79 80 81 82 83 84 85 86 87 88 89 90 91 92 93 94 95
 96 97 98 99]
[-1 -1 21 64 -1 84 -1 98 32 51 34 -1 -1 43 53 39 -1 50  0 11 -1 32 -1 32
 92 55 -1 40 78 -1 -1 95  3 19  5 92 -1 47 14 -1 55 -1 44 -1 -1 97 15 65
 63 15 -1 -1 46 12 -1 -1 -1 -1 89  2 67  6 29 65 84 35 54 -1 85 -1 73  9
 -1 48 87 95 -1 16 -1 -1 18 -1 57 47 77 35 24 66 56  8 -1 -1 94 33 53 42
 83 25 -1 87]
[1 1 1 0 0 1 1 1 0 1 0 0 1 0 1 0 1 0 1 0 1 0 1 0 1 0 1 1 0 1 1 1 0 0 1 0 1
 1 0 0 0 1 0 0 1 0 0 0 1 1 0 1 0 0 0 0 0 0 1 0 1 1 0 1 1 0 0 1 1 0 0 0 0 0
 0 0 0 0 0 1 0 0 0 0 1 1 1 1 1 0 1 1 1 0 1 1 0 1 1 1]
[2 0 4 0 0 1 0 0 3 0 0 0 0 0 0 2 0 0 0 0 3 0 0 4 1 0 0 2 4 3 0 1 3 0 3 0 0
 3 0 3 3 4 3 0 0 0 0 4 0 3 0 4 0 1 0 0 0 4 4 2 0 0 3 4 0 0 0 0 2 3 0 0 1 4
 2 4 4 4 0 4 4 3 2 0 0 4 4 0 1 1 0 0 0 0 0 4 3 0 3 2]
[2 0 4 0 0 1 0 0 3 0 0 0 0 0 0 2 0 0 0 0 3 0 0 4 1 0 0 2 4 3 0 1 3 0 3 0 0
 3 0 3 3 4 3 0 0 0 0 4 0 3 0 4 0 1 0 0 0 4 4 2 0 0 3 4 0 0 0 0 2 3 0 0 1 4
 2 4 4 4 0 4 4 3 2 0 0 4 4 0 1 1 0 0 0 0 0 4 3 0 3 2]
[7 8 9 1 3 6 5 8 3 4 5 8 9 4 5 8 6 9 8 3 1 3 4 2 1 9 8 3 9 5 7 5 7 9 6 5 3
 2 3 4 6 5 9 1 7 1 9 3 9 9 4 8 3 8 5 1 1 6 8 7 2 5 4 2 1 6 3 2 4 2 3 2 4 1
 5 8 7 9 8 4 5 2 2 9 6 8 1 1 2 6 5 7 2 5 7 3 4 1 4 2]
[7 8 9 1 3 6 5 8 3 4 5 8 9 4 5 8 6 9 8 3 1 3 4 2 1 9 8 3 9 5 7 5 7 9 6 5 3
 2 3 4 6 5 9 1 7 1 9 3 9 9 4 8 3 8 5 1 1 6 8 7 2 5 4 2 1 6 3 2 4 2 3 2 4 1
 5 8 7 9 8 4 5 2 2 9 6 8 1 1 2 6 5 7 2 5 7 3 4 1 4 2]
[17, 35, 50, 50, 39, 50, 50, 50, 35, 50, 50, 16, 50, 50, 50, 36, 50, 43, 50, 50, 50, 29, 50, 21, 45, 34, 50, 50, 37, 50, 18, 28, 13, 50, 49, 14, 50, 12, 50, 28, 50, 50, 37, 24, 15, 50, 50, 18, 50, 43, 50, 31, 38, 50, 15, 46, 50, 29, 26, 21, 26, 25, 50, 31, 50, 50, 14, 50, 50, 50, 42, 50, 50, 50, 14, 19, 50, 50, 26, 50, 50, 50, 50, 39, 36, 50, 40, 35, 42, 50, 44, 50, 29, 31, 50, 50, 50, 50, 15, 50]
[0 0 0 0 0 0 0 0 0 0 0 0 0 0 0 0 0 0 0 0 0 0 0 0 0 0 0 0 0 0 0 0 0 0 0 0 0
 0 0 0 0 0 0 0 0 0 0 0 0 0 0 0 0 0 0 0 0 0 0 0 0 0 0 0 0 0 0 0 0 0 0 0 0 0
 0 0 0 0 0 0 0 0 0 0 0 0 0 0 0 0 0 0 0 0 0 0 0 0 0 0]
[1 1 1 1 1 1 1 1 1 1 1 1 1 1 1 1 1 1 1 1 1 1 1 1 1 1 1 1 1 1 1 1 1 1 1 1 1
 1 1 1 1 1 1 1 1 1 1 1 1 1 1 1 1 1 1 1 1 1 1 1 1 1 1 1 1 1 1 1 1 1 1 1 1 1
 1 1 1 1 1 1 1 1 1 1 1 1 1 1 1 1 1 1 1 1 1 1 1 1 1 1]
