[ 0  1  2  3  4  5  6  7  8  9 10 11 12 13 14 15 16 17 18 19 20 21 22 23
 24 25 26 27 28 29 30 31 32 33 34 35 36 37 38 39 40 41 42 43 44 45 46 47
 48 49 50 51 52 53 54 55 56 57 58 59 60 61 62 63 64 65 66 67 68 69 70 71
 72 73 74 75 76 77 78 79 80 81 82 83 84 85 86 87 88 89 90 91 92 93 94 95
 96 97 98 99]
[-1 52 45 11 -1 -1 -1 -1 77  3 16 25 -1 77 35  4 85 -1 -1  3 -1 19 57 -1
 -1 13 76 -1 42 -1 -1 66 54 22 -1 58 -1 51 12 72 27 73 90 -1 21 64 -1 36
 -1 -1 91 97 86 -1 -1 -1 36 -1 26 -1 11 -1 -1 -1 81 -1 30 60 30 50 -1 24
  5 84 70 58 -1 70 72 84 11 -1  0 99 -1 87 59 -1  4 88 -1 22 20  6 54 -1
 34 38 70 47]
[1 1 0 0 1 1 1 1 0 0 1 1 1 1 1 0 1 0 1 1 1 0 0 1 1 0 0 0 0 0 0 1 1 0 0 0 0
 0 0 0 0 1 1 1 1 1 1 0 0 0 0 1 1 0 0 1 0 1 1 0 0 1 0 0 1 0 0 0 1 1 0 1 0 0
 0 1 1 0 1 1 1 1 0 1 1 1 1 1 1 0 0 0 1 1 0 1 1 1 0 0]
[3 0 0 2 3 2 0 3 3 0 1 2 0 3 0 4 1 1 0 3 0 0 0 2 3 0 0 2 4 4 3 1 0 0 2 2 0
 3 2 1 4 0 4 3 0 0 0 0 0 4 0 4 0 1 2 0 0 3 3 4 1 3 3 1 0 0 4 3 2 1 0 0 0 4
 0 0 3 2 1 0 2 1 2 2 0 4 2 0 0 1 0 0 0 3 3 1 0 3 0 3]
[3 0 0 2 3 2 0 3 3 0 1 2 0 3 0 4 1 1 0 3 0 0 0 2 3 0 0 2 4 4 3 1 0 0 2 2 0
 3 2 1 4 0 4 3 0 0 0 0 0 4 0 4 0 1 2 0 0 3 3 4 1 3 3 1 0 0 4 3 2 1 0 0 0 4
 0 0 3 2 1 0 2 1 2 2 0 4 2 0 0 1 0 0 0 3 3 1 0 3 0 3]
[7 6 8 3 5 2 7 1 9 7 8 8 9 3 6 2 8 6 3 3 4 1 5 4 2 7 5 2 3 3 2 8 8 7 8 6 2
 3 6 7 2 1 2 8 8 3 2 2 1 4 1 2 2 4 9 4 3 9 4 8 5 7 7 9 1 3 8 6 8 9 5 6 8 7
 4 4 5 1 9 9 8 5 1 9 9 3 1 4 1 8 1 1 3 3 7 9 2 9 9 8]
[7 6 8 3 5 2 7 1 9 7 8 8 9 3 6 2 8 6 3 3 4 1 5 4 2 7 5 2 3 3 2 8 8 7 8 6 2
 3 6 7 2 1 2 8 8 3 2 2 1 4 1 2 2 4 9 4 3 9 4 8 5 7 7 9 1 3 8 6 8 9 5 6 8 7
 4 4 5 1 9 9 8 5 1 9 9 3 1 4 1 8 1 1 3 3 7 9 2 9 9 8]
[50, 45, 50, 50, 50, 49, 45, 50, 29, 50, 50, 50, 16, 50, 50, 38, 50, 50, 19, 50, 38, 50, 50, 50, 20, 50, 10, 50, 33, 28, 50, 50, 50, 16, 44, 50, 46, 50, 49, 42, 16, 50, 30, 26, 50, 50, 36, 50, 41, 26, 50, 50, 42, 50, 11, 36, 45, 50, 33, 10, 41, 50, 50, 50, 50, 40, 11, 41, 40, 45, 50, 50, 41, 50, 11, 19, 20, 17, 50, 50, 12, 11, 50, 50, 15, 10, 17, 50, 50, 50, 50, 50, 50, 50, 50, 50, 50, 23, 17, 50]
[0 0 0 0 0 0 0 0 0 0 0 0 0 0 0 0 0 0 0 0 0 0 0 0 0 0 0 0 0 0 0 0 0 0 0 0 0
 0 0 0 0 0 0 0 0 0 0 0 0 0 0 0 0 0 0 0 0 0 0 0 0 0 0 0 0 0 0 0 0 0 0 0 0 0
 0 0 0 0 0 0 0 0 0 0 0 0 0 0 0 0 0 0 0 0 0 0 0 0 0 0]
[1 1 1 1 1 1 1 1 1 1 1 1 1 1 1 1 1 1 1 1 1 1 1 1 1 1 1 1 1 1 1 1 1 1 1 1 1
 1 1 1 1 1 1 1 1 1 1 1 1 1 1 1 1 1 1 1 1 1 1 1 1 1 1 1 1 1 1 1 1 1 1 1 1 1
 1 1 1 1 1 1 1 1 1 1 1 1 1 1 1 1 1 1 1 1 1 1 1 1 1 1]
