[ 0  1  2  3  4  5  6  7  8  9 10 11 12 13 14 15 16 17 18 19 20 21 22 23
 24 25 26 27 28 29 30 31 32 33 34 35 36 37 38 39 40 41 42 43 44 45 46 47
 48 49 50 51 52 53 54 55 56 57 58 59 60 61 62 63 64 65 66 67 68 69 70 71
 72 73 74 75 76 77 78 79 80 81 82 83 84 85 86 87 88 89 90 91 92 93 94 95
 96 97 98 99]
[47 -1 76 47 95 -1 96 63 -1 75 -1 68 59 -1 -1 -1 -1 65 -1 83 -1 -1 -1 53
 34 -1 58 37 -1 -1 -1 68 56 -1 -1 -1 97  4 -1 18  4 24 -1 -1 -1 -1 -1 44
  0 97 61 -1 65 69 -1 -1 51 10 10 92 -1 68 27 23 -1 45 -1 82 -1 37  6 -1
 11 -1 59 -1 -1 72 25 54 47 -1 76 -1  5 -1 95  3 -1 53 -1 19 51 -1 81 46
 60 -1 -1 32]
[0 0 1 0 1 0 1 0 0 1 1 0 1 1 1 1 1 1 0 0 1 0 1 1 0 0 0 0 1 0 0 0 1 1 0 0 0
 0 0 1 0 0 0 1 1 0 0 0 0 0 0 1 1 1 1 1 1 0 0 0 1 0 1 0 0 1 1 0 1 0 0 1 1 1
 0 1 0 0 0 1 1 1 1 0 0 0 0 0 1 1 0 1 0 0 1 1 1 1 0 1]
[2 0 0 0 2 0 3 2 3 3 2 0 0 0 4 1 0 4 2 2 0 4 2 2 0 4 0 0 3 2 4 3 0 0 0 1 0
 1 0 0 0 3 4 2 0 4 3 0 3 3 1 4 0 0 0 4 1 0 2 0 0 0 4 4 0 0 0 2 1 4 0 0 0 2
 0 0 3 3 0 3 4 0 0 0 4 4 4 0 3 1 0 0 3 1 3 1 0 0 0 0]
[2 0 0 0 2 0 3 2 3 3 2 0 0 0 4 1 0 4 2 2 0 4 2 2 0 4 0 0 3 2 4 3 0 0 0 1 0
 1 0 0 0 3 4 2 0 4 3 0 3 3 1 4 0 0 0 4 1 0 2 0 0 0 4 4 0 0 0 2 1 4 0 0 0 2
 0 0 3 3 0 3 4 0 0 0 4 4 4 0 3 1 0 0 3 1 3 1 0 0 0 0]
[7 5 4 4 5 5 9 4 3 4 7 7 3 8 8 4 4 2 6 8 5 8 3 2 7 9 3 3 8 7 4 4 7 4 1 9 2
 9 5 3 3 5 9 7 6 8 2 8 5 4 8 1 3 9 8 7 3 1 3 3 1 1 6 2 1 3 4 4 9 7 4 4 8 9
 6 2 1 5 8 3 3 6 9 6 4 3 2 7 3 5 6 3 7 7 3 2 6 3 2 8]
[7 5 4 4 5 5 9 4 3 4 7 7 3 8 8 4 4 2 6 8 5 8 3 2 7 9 3 3 8 7 4 4 7 4 1 9 2
 9 5 3 3 5 9 7 6 8 2 8 5 4 8 1 3 9 8 7 3 1 3 3 1 1 6 2 1 3 4 4 9 7 4 4 8 9
 6 2 1 5 8 3 3 6 9 6 4 3 2 7 3 5 6 3 7 7 3 2 6 3 2 8]
[24, 28, 34, 19, 40, 50, 27, 50, 50, 46, 50, 50, 31, 50, 35, 42, 26, 36, 50, 50, 45, 23, 50, 50, 39, 50, 15, 28, 50, 43, 12, 50, 50, 50, 50, 50, 27, 50, 23, 50, 50, 50, 50, 47, 50, 39, 50, 50, 50, 37, 48, 50, 30, 50, 45, 45, 50, 29, 20, 50, 14, 49, 27, 36, 50, 20, 47, 19, 26, 50, 50, 25, 25, 30, 50, 49, 21, 21, 46, 50, 50, 40, 10, 50, 30, 50, 23, 17, 50, 32, 27, 50, 50, 42, 50, 50, 50, 41, 50, 50]
[0 0 0 0 0 0 0 0 0 0 0 0 0 0 0 0 0 0 0 0 0 0 0 0 0 0 0 0 0 0 0 0 0 0 0 0 0
 0 0 0 0 0 0 0 0 0 0 0 0 0 0 0 0 0 0 0 0 0 0 0 0 0 0 0 0 0 0 0 0 0 0 0 0 0
 0 0 0 0 0 0 0 0 0 0 0 0 0 0 0 0 0 0 0 0 0 0 0 0 0 0]
[1 1 1 1 1 1 1 1 1 1 1 1 1 1 1 1 1 1 1 1 1 1 1 1 1 1 1 1 1 1 1 1 1 1 1 1 1
 1 1 1 1 1 1 1 1 1 1 1 1 1 1 1 1 1 1 1 1 1 1 1 1 1 1 1 1 1 1 1 1 1 1 1 1 1
 1 1 1 1 1 1 1 1 1 1 1 1 1 1 1 1 1 1 1 1 1 1 1 1 1 1]
