[ 0  1  2  3  4  5  6  7  8  9 10 11 12 13 14 15 16 17 18 19 20 21 22 23
 24 25 26 27 28 29 30 31 32 33 34 35 36 37 38 39 40 41 42 43 44 45 46 47
 48 49 50 51 52 53 54 55 56 57 58 59 60 61 62 63 64 65 66 67 68 69 70 71
 72 73 74 75 76 77 78 79 80 81 82 83 84 85 86 87 88 89 90 91 92 93 94 95
 96 97 98 99]
[34 89 -1 66 -1 28 86 61 -1 -1 13 76 -1 63 84 41 -1 51 24 79 10 -1 52 -1
 86 38 11 87 -1 -1 60 61 39 -1 -1 92 69 60 -1 -1 -1 -1 -1 45 53 -1 31 43
 29 -1 49 -1 -1  6 17 52 60 72 12 65 17 83  9  2 -1 18 64 -1 77 29 49 24
 -1 -1 73 98 -1 60 13 54  3 17 68 75 63 10 94 -1 -1 -1 74  2 -1 -1 25 -1
 55 -1 -1 -1]
[0 0 1 0 0 0 0 1 0 1 1 0 0 0 0 1 1 1 0 1 1 0 1 0 1 1 0 1 1 0 1 1 1 0 0 1 0
 0 0 0 0 1 1 0 1 0 1 0 0 1 0 0 1 0 0 0 1 0 0 0 1 0 1 0 1 0 0 1 0 1 1 1 0 0
 1 0 1 1 1 1 1 1 1 1 0 1 1 0 1 1 0 0 0 1 0 0 0 0 0 0]
[2 2 0 0 1 0 0 3 3 0 0 2 1 2 0 0 0 4 3 3 0 0 1 0 4 0 3 0 2 4 4 0 4 0 0 0 0
 4 0 4 0 0 0 0 4 0 4 4 0 1 4 0 1 0 0 0 3 3 3 1 0 0 1 3 3 0 0 2 3 0 0 1 4 0
 4 0 2 1 1 0 0 0 2 3 2 1 0 1 0 4 0 1 2 4 1 0 0 1 1 2]
[2 2 0 0 1 0 0 3 3 0 0 2 1 2 0 0 0 4 3 3 0 0 1 0 4 0 3 0 2 4 4 0 4 0 0 0 0
 4 0 4 0 0 0 0 4 0 4 4 0 1 4 0 1 0 0 0 3 3 3 1 0 0 1 3 3 0 0 2 3 0 0 1 4 0
 4 0 2 1 1 0 0 0 2 3 2 1 0 1 0 4 0 1 2 4 1 0 0 1 1 2]
[9 9 8 4 5 5 3 6 4 5 4 1 8 8 2 4 4 9 7 8 5 1 3 6 1 5 8 4 5 9 2 2 9 8 5 4 6
 7 8 2 4 7 3 8 4 8 3 6 3 7 5 4 4 6 6 5 4 5 8 9 2 4 2 5 7 3 3 6 5 1 6 9 9 2
 2 5 9 9 2 9 7 6 2 4 1 6 6 6 2 3 7 7 8 4 3 8 6 8 3 9]
[9 9 8 4 5 5 3 6 4 5 4 1 8 8 2 4 4 9 7 8 5 1 3 6 1 5 8 4 5 9 2 2 9 8 5 4 6
 7 8 2 4 7 3 8 4 8 3 6 3 7 5 4 4 6 6 5 4 5 8 9 2 4 2 5 7 3 3 6 5 1 6 9 9 2
 2 5 9 9 2 9 7 6 2 4 1 6 6 6 2 3 7 7 8 4 3 8 6 8 3 9]
[20, 25, 28, 48, 49, 38, 26, 50, 22, 40, 27, 43, 50, 19, 25, 18, 45, 47, 50, 50, 27, 50, 50, 50, 50, 42, 10, 50, 50, 50, 50, 35, 50, 50, 50, 50, 50, 32, 30, 43, 21, 50, 50, 38, 39, 48, 50, 50, 34, 29, 50, 50, 50, 39, 15, 50, 50, 50, 50, 50, 31, 24, 31, 34, 40, 17, 50, 45, 42, 50, 50, 38, 50, 15, 29, 11, 35, 44, 32, 42, 18, 50, 50, 50, 50, 50, 50, 50, 10, 50, 18, 50, 50, 50, 29, 44, 50, 32, 50, 37]
[0 0 0 0 0 0 0 0 0 0 0 0 0 0 0 0 0 0 0 0 0 0 0 0 0 0 0 0 0 0 0 0 0 0 0 0 0
 0 0 0 0 0 0 0 0 0 0 0 0 0 0 0 0 0 0 0 0 0 0 0 0 0 0 0 0 0 0 0 0 0 0 0 0 0
 0 0 0 0 0 0 0 0 0 0 0 0 0 0 0 0 0 0 0 0 0 0 0 0 0 0]
[1 1 1 1 1 1 1 1 1 1 1 1 1 1 1 1 1 1 1 1 1 1 1 1 1 1 1 1 1 1 1 1 1 1 1 1 1
 1 1 1 1 1 1 1 1 1 1 1 1 1 1 1 1 1 1 1 1 1 1 1 1 1 1 1 1 1 1 1 1 1 1 1 1 1
 1 1 1 1 1 1 1 1 1 1 1 1 1 1 1 1 1 1 1 1 1 1 1 1 1 1]
