[ 0  1  2  3  4  5  6  7  8  9 10 11 12 13 14 15 16 17 18 19 20 21 22 23
 24 25 26 27 28 29 30 31 32 33 34 35 36 37 38 39 40 41 42 43 44 45 46 47
 48 49 50 51 52 53 54 55 56 57 58 59 60 61 62 63 64 65 66 67 68 69 70 71
 72 73 74 75 76 77 78 79 80 81 82 83 84 85 86 87 88 89 90 91 92 93 94 95
 96 97 98 99]
[-1 -1 52 83 -1 11 33 -1  3 -1 -1 -1 -1  8 23  7 84 31 -1 57 65 67 65 52
 65 83 -1 -1 -1 27 98 -1 17 -1 50 -1 72 64 61 21 91 34 -1 44 24 -1 26 60
 75 -1 46 95 -1 77 -1 -1  1 38  9 80 41 -1 -1 96 53 11 41 63 26 23 78 -1
 81  1 -1 36 63 -1 -1 54 15 12 -1 -1  5 55 -1 -1 28 37 -1  1 97 65 46 -1
 80 41 -1 75]
[1 1 1 1 1 1 0 1 0 0 1 0 0 1 1 0 1 0 0 1 0 1 1 0 0 0 0 0 1 0 0 1 1 1 1 1 0
 0 0 1 0 0 0 0 0 0 0 1 1 1 1 1 0 1 1 1 0 0 1 1 1 1 0 0 0 0 0 0 1 0 0 0 1 1
 0 1 0 1 1 0 1 1 1 1 0 1 0 1 1 0 1 0 0 1 1 1 1 1 1 1]
[0 4 4 0 3 0 2 1 3 4 4 0 0 0 4 0 0 3 1 2 1 0 1 3 0 0 0 0 0 4 1 2 2 3 4 0 3
 0 2 0 0 0 2 1 0 0 0 0 4 3 4 0 0 4 3 0 0 0 0 0 1 2 0 3 0 0 0 2 0 3 0 0 0 0
 3 0 0 0 3 0 3 4 0 0 1 0 0 0 1 4 2 3 0 0 1 0 2 0 3 4]
[0 4 4 0 3 0 2 1 3 4 4 0 0 0 4 0 0 3 1 2 1 0 1 3 0 0 0 0 0 4 1 2 2 3 4 0 3
 0 2 0 0 0 2 1 0 0 0 0 4 3 4 0 0 4 3 0 0 0 0 0 1 2 0 3 0 0 0 2 0 3 0 0 0 0
 3 0 0 0 3 0 3 4 0 0 1 0 0 0 1 4 2 3 0 0 1 0 2 0 3 4]
[3 8 5 9 7 6 5 2 1 7 4 6 9 6 5 3 6 1 1 8 1 9 7 7 3 2 7 3 3 8 7 3 6 6 1 1 1
 2 6 9 7 7 9 3 8 9 6 4 2 8 3 9 1 3 3 5 1 5 8 9 3 6 8 5 7 4 3 7 5 9 1 1 1 4
 6 5 9 8 5 8 8 4 9 1 9 4 8 9 3 8 4 9 3 3 9 5 9 5 1 6]
[3 8 5 9 7 6 5 2 1 7 4 6 9 6 5 3 6 1 1 8 1 9 7 7 3 2 7 3 3 8 7 3 6 6 1 1 1
 2 6 9 7 7 9 3 8 9 6 4 2 8 3 9 1 3 3 5 1 5 8 9 3 6 8 5 7 4 3 7 5 9 1 1 1 4
 6 5 9 8 5 8 8 4 9 1 9 4 8 9 3 8 4 9 3 3 9 5 9 5 1 6]
[50, 50, 27, 50, 50, 11, 50, 50, 50, 50, 50, 13, 44, 35, 26, 50, 50, 50, 40, 50, 24, 42, 50, 20, 50, 37, 50, 50, 40, 45, 14, 50, 50, 50, 50, 15, 44, 10, 50, 27, 19, 50, 16, 50, 50, 42, 21, 26, 50, 50, 50, 24, 22, 50, 23, 50, 17, 25, 50, 50, 50, 50, 35, 40, 50, 50, 50, 50, 20, 50, 23, 36, 50, 50, 16, 50, 50, 31, 35, 38, 11, 50, 32, 50, 34, 50, 10, 50, 50, 48, 50, 50, 50, 50, 50, 50, 50, 50, 22, 20]
[0 0 0 0 0 0 0 0 0 0 0 0 0 0 0 0 0 0 0 0 0 0 0 0 0 0 0 0 0 0 0 0 0 0 0 0 0
 0 0 0 0 0 0 0 0 0 0 0 0 0 0 0 0 0 0 0 0 0 0 0 0 0 0 0 0 0 0 0 0 0 0 0 0 0
 0 0 0 0 0 0 0 0 0 0 0 0 0 0 0 0 0 0 0 0 0 0 0 0 0 0]
[1 1 1 1 1 1 1 1 1 1 1 1 1 1 1 1 1 1 1 1 1 1 1 1 1 1 1 1 1 1 1 1 1 1 1 1 1
 1 1 1 1 1 1 1 1 1 1 1 1 1 1 1 1 1 1 1 1 1 1 1 1 1 1 1 1 1 1 1 1 1 1 1 1 1
 1 1 1 1 1 1 1 1 1 1 1 1 1 1 1 1 1 1 1 1 1 1 1 1 1 1]
