[ 0  1  2  3  4  5  6  7  8  9 10 11 12 13 14 15 16 17 18 19 20 21 22 23
 24 25 26 27 28 29 30 31 32 33 34 35 36 37 38 39 40 41 42 43 44 45 46 47
 48 49 50 51 52 53 54 55 56 57 58 59 60 61 62 63 64 65 66 67 68 69 70 71
 72 73 74 75 76 77 78 79 80 81 82 83 84 85 86 87 88 89 90 91 92 93 94 95
 96 97 98 99]
[-1 35 62 71 30 20 35 51 40 22 63 65 41 -1 -1 -1  9 -1 -1 42 19 59 -1 87
 -1 10 16 16 13 -1 90 -1 -1 74 -1 34 94 41 48 67  4 28 76 37 42 -1 65 -1
 95  4 55  4 -1 19 29 80 23 96 -1 -1 87 39 80 44 75 -1 18 89 -1 31  3 55
 96 35 -1 93 -1 60 72 32 54 29 96 41 46 44 -1 84 -1 37 66 28 -1 47 92 11
 -1 91 -1 -1]
[0 1 0 0 0 1 0 0 1 0 1 1 0 1 1 0 1 1 1 1 0 1 0 0 1 0 1 1 1 0 0 0 0 0 1 0 0
 0 0 0 1 1 1 1 0 0 1 1 0 1 1 1 1 1 1 1 0 1 0 0 1 1 1 1 0 0 0 0 1 1 0 1 1 1
 0 0 1 0 1 1 1 1 0 0 1 0 1 1 1 0 0 1 1 1 1 0 1 1 0 0]
[1 0 0 0 0 0 1 1 4 0 0 0 0 0 0 3 4 0 0 0 0 0 1 0 2 0 2 4 0 0 0 0 0 3 4 0 4
 0 0 0 0 1 0 0 1 0 0 0 1 1 0 0 1 0 1 3 0 0 0 2 4 0 1 0 0 1 1 0 3 2 0 0 0 1
 0 0 0 0 0 1 0 0 3 1 4 2 0 3 0 0 1 0 4 2 1 4 0 2 0 0]
[1 0 0 0 0 0 1 1 4 0 0 0 0 0 0 3 4 0 0 0 0 0 1 0 2 0 2 4 0 0 0 0 0 3 4 0 4
 0 0 0 0 1 0 0 1 0 0 0 1 1 0 0 1 0 1 3 0 0 0 2 4 0 1 0 0 1 1 0 3 2 0 0 0 1
 0 0 0 0 0 1 0 0 3 1 4 2 0 3 0 0 1 0 4 2 1 4 0 2 0 0]
[7 7 2 9 1 2 4 2 3 8 1 3 1 6 1 9 5 3 9 2 9 1 8 1 9 5 3 2 1 1 3 2 1 5 7 5 4
 7 5 1 6 3 1 8 1 5 7 9 3 2 6 9 5 5 4 3 5 4 2 9 1 2 6 6 5 1 2 5 1 3 3 6 2 5
 4 1 4 7 9 8 4 6 3 6 8 2 6 3 4 3 8 7 4 3 8 8 1 8 8 3]
[7 7 2 9 1 2 4 2 3 8 1 3 1 6 1 9 5 3 9 2 9 1 8 1 9 5 3 2 1 1 3 2 1 5 7 5 4
 7 5 1 6 3 1 8 1 5 7 9 3 2 6 9 5 5 4 3 5 4 2 9 1 2 6 6 5 1 2 5 1 3 3 6 2 5
 4 1 4 7 9 8 4 6 3 6 8 2 6 3 4 3 8 7 4 3 8 8 1 8 8 3]
[16, 50, 29, 13, 50, 50, 21, 50, 18, 19, 28, 50, 50, 50, 12, 50, 40, 29, 27, 50, 50, 32, 50, 50, 50, 50, 22, 50, 50, 38, 48, 31, 46, 42, 50, 50, 49, 50, 18, 22, 50, 50, 50, 50, 50, 50, 23, 20, 35, 30, 50, 33, 50, 50, 15, 47, 50, 50, 23, 18, 50, 50, 43, 50, 15, 50, 50, 48, 42, 50, 25, 26, 42, 37, 22, 50, 46, 50, 12, 50, 50, 48, 17, 27, 50, 50, 49, 50, 35, 32, 50, 50, 24, 50, 50, 50, 50, 50, 17, 49]
[0 0 0 0 0 0 0 0 0 0 0 0 0 0 0 0 0 0 0 0 0 0 0 0 0 0 0 0 0 0 0 0 0 0 0 0 0
 0 0 0 0 0 0 0 0 0 0 0 0 0 0 0 0 0 0 0 0 0 0 0 0 0 0 0 0 0 0 0 0 0 0 0 0 0
 0 0 0 0 0 0 0 0 0 0 0 0 0 0 0 0 0 0 0 0 0 0 0 0 0 0]
[1 1 1 1 1 1 1 1 1 1 1 1 1 1 1 1 1 1 1 1 1 1 1 1 1 1 1 1 1 1 1 1 1 1 1 1 1
 1 1 1 1 1 1 1 1 1 1 1 1 1 1 1 1 1 1 1 1 1 1 1 1 1 1 1 1 1 1 1 1 1 1 1 1 1
 1 1 1 1 1 1 1 1 1 1 1 1 1 1 1 1 1 1 1 1 1 1 1 1 1 1]
