[ 0  1  2  3  4  5  6  7  8  9 10 11 12 13 14 15 16 17 18 19 20 21 22 23
 24 25 26 27 28 29 30 31 32 33 34 35 36 37 38 39 40 41 42 43 44 45 46 47
 48 49 50 51 52 53 54 55 56 57 58 59 60 61 62 63 64 65 66 67 68 69 70 71
 72 73 74 75 76 77 78 79 80 81 82 83 84 85 86 87 88 89 90 91 92 93 94 95
 96 97 98 99]
[66  5 98 31 11 30 69 -1  5 43 18 88 52 25 -1 54 -1 43 56 -1 -1 33 -1 77
 -1 32 40 86 -1  6 47 -1 81 89 82 41 54  0 98 96 19 -1 -1 -1 17 40  2 94
 45 -1 31 27 54 49 14 71 -1 56 -1 14  4 77  8 38 -1 -1 -1 77 62 -1  5 -1
 -1 -1 10 62 12 30 -1 77 96  2 21 -1 83 -1 83 42 -1 -1 -1 -1 10 72 98 -1
  9 -1 -1 83]
[1 1 1 1 1 0 0 1 0 1 1 1 0 1 0 1 1 1 0 1 0 1 0 0 0 1 0 1 0 1 1 1 1 1 1 1 0
 1 0 1 1 1 0 1 1 1 0 0 0 0 0 0 1 1 0 1 0 0 0 0 1 1 0 0 1 1 1 0 1 1 0 0 1 0
 1 0 1 1 0 0 0 0 1 1 1 1 0 0 1 0 0 1 1 1 1 0 1 0 0 1]
[0 0 0 0 3 4 0 0 3 3 0 0 0 0 4 0 1 3 3 4 2 0 0 3 4 4 3 0 1 0 3 2 0 0 0 0 0
 0 2 3 1 4 0 2 0 4 0 0 3 2 1 0 0 4 0 2 0 4 4 0 2 0 3 0 1 0 0 0 1 4 4 0 3 0
 1 0 0 3 0 0 4 3 0 0 1 2 1 0 3 0 4 0 0 0 0 0 2 0 2 0]
[0 0 0 0 3 4 0 0 3 3 0 0 0 0 4 0 1 3 3 4 2 0 0 3 4 4 3 0 1 0 3 2 0 0 0 0 0
 0 2 3 1 4 0 2 0 4 0 0 3 2 1 0 0 4 0 2 0 4 4 0 2 0 3 0 1 0 0 0 1 4 4 0 3 0
 1 0 0 3 0 0 4 3 0 0 1 2 1 0 3 0 4 0 0 0 0 0 2 0 2 0]
[6 4 9 8 9 8 9 5 6 8 5 7 3 4 8 3 8 3 9 2 8 7 9 5 4 7 7 3 3 4 8 5 2 2 8 1 7
 6 2 2 7 5 2 2 7 3 1 3 5 5 2 7 5 2 7 8 7 9 6 9 4 6 7 9 3 4 8 4 8 2 7 9 6 1
 8 9 9 2 2 2 3 1 2 5 9 5 2 6 2 3 4 6 9 4 1 6 3 7 2 1]
[6 4 9 8 9 8 9 5 6 8 5 7 3 4 8 3 8 3 9 2 8 7 9 5 4 7 7 3 3 4 8 5 2 2 8 1 7
 6 2 2 7 5 2 2 7 3 1 3 5 5 2 7 5 2 7 8 7 9 6 9 4 6 7 9 3 4 8 4 8 2 7 9 6 1
 8 9 9 2 2 2 3 1 2 5 9 5 2 6 2 3 4 6 9 4 1 6 3 7 2 1]
[50, 50, 21, 49, 50, 35, 37, 34, 11, 11, 50, 50, 24, 44, 32, 33, 50, 31, 50, 50, 50, 48, 50, 10, 50, 29, 43, 50, 50, 17, 27, 38, 50, 47, 49, 50, 10, 13, 29, 48, 50, 10, 33, 20, 50, 46, 50, 50, 45, 41, 32, 50, 50, 43, 50, 47, 50, 50, 50, 50, 50, 11, 50, 50, 29, 22, 50, 50, 47, 50, 10, 50, 43, 46, 50, 46, 41, 50, 50, 45, 34, 49, 50, 50, 50, 24, 50, 46, 11, 10, 50, 50, 21, 50, 50, 50, 37, 43, 12, 36]
[0 0 0 0 0 0 0 0 0 0 0 0 0 0 0 0 0 0 0 0 0 0 0 0 0 0 0 0 0 0 0 0 0 0 0 0 0
 0 0 0 0 0 0 0 0 0 0 0 0 0 0 0 0 0 0 0 0 0 0 0 0 0 0 0 0 0 0 0 0 0 0 0 0 0
 0 0 0 0 0 0 0 0 0 0 0 0 0 0 0 0 0 0 0 0 0 0 0 0 0 0]
[1 1 1 1 1 1 1 1 1 1 1 1 1 1 1 1 1 1 1 1 1 1 1 1 1 1 1 1 1 1 1 1 1 1 1 1 1
 1 1 1 1 1 1 1 1 1 1 1 1 1 1 1 1 1 1 1 1 1 1 1 1 1 1 1 1 1 1 1 1 1 1 1 1 1
 1 1 1 1 1 1 1 1 1 1 1 1 1 1 1 1 1 1 1 1 1 1 1 1 1 1]
