[ 0  1  2  3  4  5  6  7  8  9 10 11 12 13 14 15 16 17 18 19 20 21 22 23
 24 25 26 27 28 29 30 31 32 33 34 35 36 37 38 39 40 41 42 43 44 45 46 47
 48 49 50 51 52 53 54 55 56 57 58 59 60 61 62 63 64 65 66 67 68 69 70 71
 72 73 74 75 76 77 78 79 80 81 82 83 84 85 86 87 88 89 90 91 92 93 94 95
 96 97 98 99]
[82 50 -1 48 -1 64 -1  8 24 93 -1 59 33 -1 83 43  7 -1 -1  7 -1  1 -1  2
 -1 -1 -1 -1 82 -1 14 10 63 -1  4 82 -1 18 68 91 53 -1 18 49  4 29 88 94
 53 73 60 32 94 82 41 -1 14 55 11 78 15 76 -1 34 59 -1 -1 80  9 19 83 55
 10 -1 65  7 -1 27 -1 47 52 -1 -1 84 10 23 -1 -1 56 -1 22 -1 -1 26 43 91
 51 82 27 42]
[0 1 0 0 0 0 1 0 0 0 1 0 1 1 1 0 0 0 0 1 0 0 0 1 1 0 0 0 0 1 1 1 0 1 1 1 0
 1 0 0 1 1 0 1 0 0 0 1 0 1 0 1 0 1 0 1 0 1 0 0 0 1 0 0 1 0 1 1 1 1 1 0 1 1
 1 1 0 0 0 1 1 1 0 1 0 0 0 1 0 0 0 0 1 0 0 0 1 1 1 1]
[2 0 2 0 2 0 3 0 1 3 0 0 0 0 0 0 0 1 3 0 1 0 2 0 0 1 4 0 4 4 4 0 4 0 2 3 2
 1 1 4 2 3 4 1 2 0 2 0 0 4 0 0 0 0 0 2 2 2 0 3 0 0 2 2 1 0 0 3 0 4 1 4 4 0
 3 2 0 0 1 0 0 0 0 2 0 0 4 3 0 0 0 0 0 0 0 4 4 0 1 4]
[2 0 2 0 2 0 3 0 1 3 0 0 0 0 0 0 0 1 3 0 1 0 2 0 0 1 4 0 4 4 4 0 4 0 2 3 2
 1 1 4 2 3 4 1 2 0 2 0 0 4 0 0 0 0 0 2 2 2 0 3 0 0 2 2 1 0 0 3 0 4 1 4 4 0
 3 2 0 0 1 0 0 0 0 2 0 0 4 3 0 0 0 0 0 0 0 4 4 0 1 4]
[6 9 3 3 8 3 5 8 1 8 9 5 4 3 2 4 2 3 6 6 4 6 7 2 4 6 5 7 3 4 4 1 7 2 7 3 2
 8 3 5 2 4 7 8 8 5 5 9 6 8 7 4 3 7 6 2 6 4 5 8 2 6 2 8 6 2 4 4 5 8 5 4 1 1
 9 3 4 2 4 2 3 7 1 4 5 5 6 1 1 7 3 8 4 6 3 1 9 8 3 8]
[6 9 3 3 8 3 5 8 1 8 9 5 4 3 2 4 2 3 6 6 4 6 7 2 4 6 5 7 3 4 4 1 7 2 7 3 2
 8 3 5 2 4 7 8 8 5 5 9 6 8 7 4 3 7 6 2 6 4 5 8 2 6 2 8 6 2 4 4 5 8 5 4 1 1
 9 3 4 2 4 2 3 7 1 4 5 5 6 1 1 7 3 8 4 6 3 1 9 8 3 8]
[50, 43, 50, 50, 50, 50, 47, 50, 17, 50, 29, 50, 50, 25, 27, 15, 26, 25, 45, 50, 50, 50, 50, 50, 14, 28, 50, 32, 50, 50, 20, 50, 41, 50, 32, 50, 50, 25, 50, 15, 50, 50, 50, 50, 50, 50, 20, 44, 38, 12, 50, 23, 42, 50, 50, 31, 33, 50, 35, 50, 50, 21, 50, 27, 50, 50, 50, 36, 45, 50, 21, 50, 32, 48, 20, 44, 15, 50, 12, 50, 50, 50, 26, 50, 50, 50, 50, 41, 13, 50, 50, 50, 11, 50, 35, 50, 41, 10, 18, 50]
[0 0 0 0 0 0 0 0 0 0 0 0 0 0 0 0 0 0 0 0 0 0 0 0 0 0 0 0 0 0 0 0 0 0 0 0 0
 0 0 0 0 0 0 0 0 0 0 0 0 0 0 0 0 0 0 0 0 0 0 0 0 0 0 0 0 0 0 0 0 0 0 0 0 0
 0 0 0 0 0 0 0 0 0 0 0 0 0 0 0 0 0 0 0 0 0 0 0 0 0 0]
[1 1 1 1 1 1 1 1 1 1 1 1 1 1 1 1 1 1 1 1 1 1 1 1 1 1 1 1 1 1 1 1 1 1 1 1 1
 1 1 1 1 1 1 1 1 1 1 1 1 1 1 1 1 1 1 1 1 1 1 1 1 1 1 1 1 1 1 1 1 1 1 1 1 1
 1 1 1 1 1 1 1 1 1 1 1 1 1 1 1 1 1 1 1 1 1 1 1 1 1 1]
