[ 0  1  2  3  4  5  6  7  8  9 10 11 12 13 14 15 16 17 18 19 20 21 22 23
 24 25 26 27 28 29 30 31 32 33 34 35 36 37 38 39 40 41 42 43 44 45 46 47
 48 49 50 51 52 53 54 55 56 57 58 59 60 61 62 63 64 65 66 67 68 69 70 71
 72 73 74 75 76 77 78 79 80 81 82 83 84 85 86 87 88 89 90 91 92 93 94 95
 96 97 98 99]
[-1 34 76 -1  8 -1 -1 32 98 35 -1 55 83 -1 47 -1 -1 99 24 -1 -1 73 45 -1
 -1 38 82 46 -1 93 34 47 -1 -1 -1 -1 23 42 17 47 84 65 45 -1 77 -1 20 50
 -1 -1 36 -1 26 61 -1 22 -1 20 83  9 18 88 39 -1 17 -1 31 62 86 -1 -1 15
 94 71 77 55 -1 -1 47 75 -1 67 92 -1 85 -1 26 98 77 43  0 -1 10 97 16 42
 26 -1 34 49]
[1 1 0 1 1 1 1 0 0 0 0 1 0 1 0 1 0 1 0 1 1 0 0 0 0 0 0 1 1 1 0 0 1 0 1 1 1
 1 1 1 1 0 0 1 1 1 0 1 0 0 0 1 1 0 1 1 1 0 0 0 1 0 1 0 0 0 1 1 1 1 1 0 1 1
 0 0 0 0 1 1 0 0 0 1 1 1 0 0 0 0 1 1 0 1 0 0 0 1 1 1]
[0 3 0 2 0 2 0 2 0 4 1 0 3 0 1 0 0 0 0 0 2 4 1 3 4 2 3 3 0 4 1 0 3 0 0 4 0
 1 0 0 3 2 0 0 1 0 1 1 0 0 0 4 2 2 2 0 3 4 4 0 0 0 0 0 1 0 1 2 0 0 3 0 3 3
 2 0 0 0 0 2 0 0 4 0 4 3 0 2 0 0 0 3 0 0 0 0 4 2 2 4]
[0 3 0 2 0 2 0 2 0 4 1 0 3 0 1 0 0 0 0 0 2 4 1 3 4 2 3 3 0 4 1 0 3 0 0 4 0
 1 0 0 3 2 0 0 1 0 1 1 0 0 0 4 2 2 2 0 3 4 4 0 0 0 0 0 1 0 1 2 0 0 3 0 3 3
 2 0 0 0 0 2 0 0 4 0 4 3 0 2 0 0 0 3 0 0 0 0 4 2 2 4]
[2 3 1 7 9 6 2 2 8 1 3 8 8 7 1 4 2 9 8 1 2 3 2 1 7 5 1 4 2 1 1 7 5 7 2 7 7
 9 2 7 6 7 5 8 8 2 4 8 6 8 4 5 3 4 4 2 4 1 9 7 2 5 4 2 5 9 8 5 2 5 4 2 6 8
 7 1 4 3 5 9 8 6 7 1 7 6 9 9 4 9 2 7 2 9 4 4 1 4 3 1]
[2 3 1 7 9 6 2 2 8 1 3 8 8 7 1 4 2 9 8 1 2 3 2 1 7 5 1 4 2 1 1 7 5 7 2 7 7
 9 2 7 6 7 5 8 8 2 4 8 6 8 4 5 3 4 4 2 4 1 9 7 2 5 4 2 5 9 8 5 2 5 4 2 6 8
 7 1 4 3 5 9 8 6 7 1 7 6 9 9 4 9 2 7 2 9 4 4 1 4 3 1]
[47, 50, 35, 35, 50, 30, 50, 50, 50, 36, 50, 50, 15, 37, 50, 10, 50, 50, 50, 50, 50, 36, 16, 50, 50, 50, 50, 50, 50, 29, 50, 45, 17, 36, 24, 48, 19, 50, 50, 21, 13, 50, 24, 50, 50, 45, 50, 50, 50, 50, 50, 35, 50, 50, 22, 50, 50, 50, 50, 21, 37, 27, 18, 45, 35, 50, 20, 50, 50, 19, 10, 34, 28, 15, 50, 50, 50, 47, 50, 30, 50, 14, 37, 48, 43, 45, 50, 15, 11, 50, 18, 50, 50, 50, 50, 35, 23, 50, 50, 50]
[0 0 0 0 0 0 0 0 0 0 0 0 0 0 0 0 0 0 0 0 0 0 0 0 0 0 0 0 0 0 0 0 0 0 0 0 0
 0 0 0 0 0 0 0 0 0 0 0 0 0 0 0 0 0 0 0 0 0 0 0 0 0 0 0 0 0 0 0 0 0 0 0 0 0
 0 0 0 0 0 0 0 0 0 0 0 0 0 0 0 0 0 0 0 0 0 0 0 0 0 0]
[1 1 1 1 1 1 1 1 1 1 1 1 1 1 1 1 1 1 1 1 1 1 1 1 1 1 1 1 1 1 1 1 1 1 1 1 1
 1 1 1 1 1 1 1 1 1 1 1 1 1 1 1 1 1 1 1 1 1 1 1 1 1 1 1 1 1 1 1 1 1 1 1 1 1
 1 1 1 1 1 1 1 1 1 1 1 1 1 1 1 1 1 1 1 1 1 1 1 1 1 1]
