[ 0  1  2  3  4  5  6  7  8  9 10 11 12 13 14 15 16 17 18 19 20 21 22 23
 24 25 26 27 28 29 30 31 32 33 34 35 36 37 38 39 40 41 42 43 44 45 46 47
 48 49 50 51 52 53 54 55 56 57 58 59 60 61 62 63 64 65 66 67 68 69 70 71
 72 73 74 75 76 77 78 79 80 81 82 83 84 85 86 87 88 89 90 91 92 93 94 95
 96 97 98 99]
[-1 -1 -1 -1 97 -1 65 -1 -1 -1 51 85 30 37 -1 62 -1 59 39 28 44 24 98 53
 89 10 -1 -1 -1 -1  1 -1 39 -1 37 85 73 99 58 12 -1 -1 28 55 -1  3 55 -1
 96 -1 14  9 90 -1 88 30 55 -1  6  1 -1 69 31 -1 -1 92 -1 -1 43 -1 36 -1
 -1 -1 26 46 20 -1 89 83 12 76 51 47 66 67 63  5 60  8  5 -1 60 -1 86 61
 25 -1 -1 -1]
[0 0 1 0 1 0 0 1 1 0 1 1 1 1 0 1 0 0 0 1 1 0 0 0 1 0 1 0 1 1 0 1 0 0 1 0 0
 0 1 0 0 1 1 1 1 1 1 1 1 1 0 1 1 0 0 1 0 0 0 0 0 0 0 1 0 1 1 0 0 0 0 1 0 0
 1 1 1 0 1 1 0 0 1 0 0 1 1 1 0 1 0 0 1 1 1 0 0 1 0 1]
[0 2 2 1 2 0 0 1 1 3 1 0 0 4 0 0 0 0 0 2 0 4 0 0 4 2 1 1 0 0 0 0 0 3 4 0 0
 2 0 4 2 1 2 0 0 0 4 0 4 0 0 0 0 4 0 0 0 0 0 0 0 4 0 0 1 4 0 0 4 0 1 2 4 1
 0 4 0 0 1 0 0 0 3 4 1 1 0 1 3 0 0 3 0 0 0 1 0 0 4 0]
[0 2 2 1 2 0 0 1 1 3 1 0 0 4 0 0 0 0 0 2 0 4 0 0 4 2 1 1 0 0 0 0 0 3 4 0 0
 2 0 4 2 1 2 0 0 0 4 0 4 0 0 0 0 4 0 0 0 0 0 0 0 4 0 0 1 4 0 0 4 0 1 2 4 1
 0 4 0 0 1 0 0 0 3 4 1 1 0 1 3 0 0 3 0 0 0 1 0 0 4 0]
[6 7 6 3 3 1 3 8 1 3 3 9 9 3 3 1 6 3 1 6 2 9 5 3 1 3 7 2 3 2 6 4 6 5 7 1 2
 8 9 9 5 4 7 5 9 6 2 4 9 1 9 2 4 8 3 2 8 9 3 4 2 2 2 2 7 5 4 4 4 8 7 6 4 2
 2 7 5 2 7 6 7 9 6 9 2 3 4 8 8 7 4 2 3 7 9 1 4 4 9 1]
[6 7 6 3 3 1 3 8 1 3 3 9 9 3 3 1 6 3 1 6 2 9 5 3 1 3 7 2 3 2 6 4 6 5 7 1 2
 8 9 9 5 4 7 5 9 6 2 4 9 1 9 2 4 8 3 2 8 9 3 4 2 2 2 2 7 5 4 4 4 8 7 6 4 2
 2 7 5 2 7 6 7 9 6 9 2 3 4 8 8 7 4 2 3 7 9 1 4 4 9 1]
[35, 50, 18, 26, 18, 47, 17, 23, 50, 50, 35, 48, 50, 50, 10, 38, 26, 41, 15, 50, 42, 48, 45, 50, 50, 31, 50, 21, 26, 47, 50, 45, 23, 26, 42, 17, 50, 15, 50, 50, 49, 50, 50, 50, 50, 44, 50, 50, 33, 11, 50, 50, 17, 50, 50, 19, 50, 18, 22, 50, 50, 50, 50, 50, 50, 50, 37, 13, 28, 50, 50, 50, 50, 18, 50, 45, 32, 49, 50, 50, 13, 50, 50, 50, 50, 30, 47, 45, 43, 50, 49, 15, 50, 50, 36, 21, 50, 50, 50, 41]
[0 0 0 0 0 0 0 0 0 0 0 0 0 0 0 0 0 0 0 0 0 0 0 0 0 0 0 0 0 0 0 0 0 0 0 0 0
 0 0 0 0 0 0 0 0 0 0 0 0 0 0 0 0 0 0 0 0 0 0 0 0 0 0 0 0 0 0 0 0 0 0 0 0 0
 0 0 0 0 0 0 0 0 0 0 0 0 0 0 0 0 0 0 0 0 0 0 0 0 0 0]
[1 1 1 1 1 1 1 1 1 1 1 1 1 1 1 1 1 1 1 1 1 1 1 1 1 1 1 1 1 1 1 1 1 1 1 1 1
 1 1 1 1 1 1 1 1 1 1 1 1 1 1 1 1 1 1 1 1 1 1 1 1 1 1 1 1 1 1 1 1 1 1 1 1 1
 1 1 1 1 1 1 1 1 1 1 1 1 1 1 1 1 1 1 1 1 1 1 1 1 1 1]
