[ 0  1  2  3  4  5  6  7  8  9 10 11 12 13 14 15 16 17 18 19 20 21 22 23
 24 25 26 27 28 29 30 31 32 33 34 35 36 37 38 39 40 41 42 43 44 45 46 47
 48 49 50 51 52 53 54 55 56 57 58 59 60 61 62 63 64 65 66 67 68 69 70 71
 72 73 74 75 76 77 78 79 80 81 82 83 84 85 86 87 88 89 90 91 92 93 94 95
 96 97 98 99]
[-1  6 27  6 43  6 46 -1 94 45 13 -1 20 -1 24 -1 22 -1 -1 73 10 66 -1 -1
 -1 16 42 32 -1 37 52 94 76 60 -1  0 -1 -1 52 25 55 44 68 -1 89 -1 21  7
  8 -1 81 79 79 -1 92 -1 60 -1 -1 -1 -1 -1 53 -1 65 63 62 39 74 83 90 12
 -1 43  1  0  3  0 21 50 35 56 56 -1 72 -1 28 35 69 67 -1 93 -1 76 69 40
 63 96 12 -1]
[1 0 1 0 1 0 1 1 1 0 1 0 1 0 1 0 0 0 0 1 1 0 1 1 1 1 1 1 0 1 1 1 0 0 0 1 0
 0 0 1 1 0 1 0 1 0 0 1 0 0 1 0 0 1 1 1 0 0 0 0 1 1 1 0 1 1 1 0 0 0 0 1 0 1
 1 0 0 1 0 0 1 1 1 1 0 0 0 1 1 0 0 1 1 0 1 1 1 1 0 1]
[4 4 3 1 0 0 0 0 0 0 0 0 0 0 0 0 0 3 0 0 2 0 0 0 1 0 2 3 0 0 3 4 0 1 2 0 3
 0 0 2 0 0 3 4 4 0 0 3 1 2 3 0 3 1 2 2 0 0 4 0 4 2 1 0 3 1 0 2 1 0 0 1 0 2
 1 4 0 4 4 1 0 4 3 0 3 0 0 4 0 3 0 0 2 0 0 1 1 2 3 2]
[4 4 3 1 0 0 0 0 0 0 0 0 0 0 0 0 0 3 0 0 2 0 0 0 1 0 2 3 0 0 3 4 0 1 2 0 3
 0 0 2 0 0 3 4 4 0 0 3 1 2 3 0 3 1 2 2 0 0 4 0 4 2 1 0 3 1 0 2 1 0 0 1 0 2
 1 4 0 4 4 1 0 4 3 0 3 0 0 4 0 3 0 0 2 0 0 1 1 2 3 2]
[2 6 1 8 7 7 6 6 9 9 2 4 7 2 6 8 4 1 1 2 4 8 6 8 4 8 3 6 8 5 7 3 4 3 3 3 9
 5 8 2 7 5 7 9 8 2 1 2 3 9 7 9 6 4 4 3 9 1 5 3 2 1 3 4 7 4 6 8 7 3 5 1 7 6
 1 3 1 5 5 7 9 5 3 8 1 4 4 1 1 4 4 9 8 7 6 1 6 6 2 4]
[2 6 1 8 7 7 6 6 9 9 2 4 7 2 6 8 4 1 1 2 4 8 6 8 4 8 3 6 8 5 7 3 4 3 3 3 9
 5 8 2 7 5 7 9 8 2 1 2 3 9 7 9 6 4 4 3 9 1 5 3 2 1 3 4 7 4 6 8 7 3 5 1 7 6
 1 3 1 5 5 7 9 5 3 8 1 4 4 1 1 4 4 9 8 7 6 1 6 6 2 4]
[50, 40, 50, 50, 50, 50, 36, 50, 13, 44, 50, 50, 50, 50, 18, 39, 50, 50, 50, 20, 50, 23, 10, 23, 50, 50, 16, 50, 50, 50, 28, 50, 50, 50, 21, 34, 13, 50, 50, 28, 28, 50, 18, 50, 50, 50, 36, 50, 20, 50, 17, 45, 47, 50, 48, 17, 23, 35, 50, 50, 50, 13, 40, 38, 17, 50, 45, 50, 50, 50, 19, 50, 38, 50, 50, 31, 26, 50, 50, 39, 35, 41, 15, 44, 38, 50, 37, 50, 50, 20, 50, 31, 34, 50, 46, 36, 50, 27, 50, 50]
[0 0 0 0 0 0 0 0 0 0 0 0 0 0 0 0 0 0 0 0 0 0 0 0 0 0 0 0 0 0 0 0 0 0 0 0 0
 0 0 0 0 0 0 0 0 0 0 0 0 0 0 0 0 0 0 0 0 0 0 0 0 0 0 0 0 0 0 0 0 0 0 0 0 0
 0 0 0 0 0 0 0 0 0 0 0 0 0 0 0 0 0 0 0 0 0 0 0 0 0 0]
[1 1 1 1 1 1 1 1 1 1 1 1 1 1 1 1 1 1 1 1 1 1 1 1 1 1 1 1 1 1 1 1 1 1 1 1 1
 1 1 1 1 1 1 1 1 1 1 1 1 1 1 1 1 1 1 1 1 1 1 1 1 1 1 1 1 1 1 1 1 1 1 1 1 1
 1 1 1 1 1 1 1 1 1 1 1 1 1 1 1 1 1 1 1 1 1 1 1 1 1 1]
