[ 0  1  2  3  4  5  6  7  8  9 10 11 12 13 14 15 16 17 18 19 20 21 22 23
 24 25 26 27 28 29 30 31 32 33 34 35 36 37 38 39 40 41 42 43 44 45 46 47
 48 49 50 51 52 53 54 55 56 57 58 59 60 61 62 63 64 65 66 67 68 69 70 71
 72 73 74 75 76 77 78 79 80 81 82 83 84 85 86 87 88 89 90 91 92 93 94 95
 96 97 98 99]
[40 83 71 -1 36 41 15 94 26 23 80 38 -1 73 -1 13  6 -1 59 94 50 26 -1 59
 33 73 59 86 -1 -1 44 19  0 -1 82 79 -1 -1 58 -1 99 77 -1 -1 -1 -1 -1 -1
 -1 47 49 55  2 24 -1 -1 22 99 21 -1 -1 -1 81  9  7 86 -1 47 -1 71 36 63
 16 12 99 -1 93 63 -1 34  6 84 27 -1 -1 59 26 58 98 53  3 25 15 -1 63  0
 77 -1 -1 54]
[1 1 0 1 1 0 0 0 1 0 1 1 0 0 0 1 1 1 0 1 0 1 0 1 1 0 1 0 1 0 0 0 0 1 1 0 0
 0 1 1 0 1 0 0 0 0 0 0 0 1 1 1 0 0 0 0 0 0 1 0 1 0 0 1 1 0 1 0 0 1 0 1 1 0
 1 1 1 0 0 1 1 1 0 0 1 0 0 0 1 0 1 1 1 1 0 1 1 0 1 1]
[0 2 0 0 4 0 0 2 4 0 2 0 1 0 0 4 0 4 4 2 4 3 0 0 0 0 1 0 0 0 3 0 0 1 0 0 3
 2 4 3 1 3 3 1 3 1 0 4 3 1 2 0 4 0 0 0 3 0 3 4 0 2 3 1 0 0 0 0 0 4 2 3 0 4
 0 2 4 4 3 3 0 2 2 0 2 0 0 0 0 4 0 4 0 0 0 0 4 2 0 4]
[0 2 0 0 4 0 0 2 4 0 2 0 1 0 0 4 0 4 4 2 4 3 0 0 0 0 1 0 0 0 3 0 0 1 0 0 3
 2 4 3 1 3 3 1 3 1 0 4 3 1 2 0 4 0 0 0 3 0 3 4 0 2 3 1 0 0 0 0 0 4 2 3 0 4
 0 2 4 4 3 3 0 2 2 0 2 0 0 0 0 4 0 4 0 0 0 0 4 2 0 4]
[7 6 2 2 5 5 5 3 6 9 7 6 4 1 9 4 7 7 1 2 6 4 3 9 4 3 7 9 6 1 1 8 9 4 4 8 6
 9 6 6 6 6 7 5 1 2 5 7 2 6 8 5 7 9 9 4 2 6 9 4 6 2 2 3 6 2 6 3 5 4 5 3 4 3
 7 8 9 3 1 1 3 9 9 9 1 7 6 1 1 9 2 6 5 9 5 1 3 1 1 4]
[7 6 2 2 5 5 5 3 6 9 7 6 4 1 9 4 7 7 1 2 6 4 3 9 4 3 7 9 6 1 1 8 9 4 4 8 6
 9 6 6 6 6 7 5 1 2 5 7 2 6 8 5 7 9 9 4 2 6 9 4 6 2 2 3 6 2 6 3 5 4 5 3 4 3
 7 8 9 3 1 1 3 9 9 9 1 7 6 1 1 9 2 6 5 9 5 1 3 1 1 4]
[50, 50, 15, 39, 50, 50, 17, 27, 36, 50, 50, 31, 50, 34, 50, 50, 35, 50, 38, 41, 36, 50, 34, 50, 19, 50, 50, 50, 50, 50, 44, 49, 42, 26, 11, 50, 17, 50, 50, 50, 23, 50, 30, 48, 50, 50, 50, 50, 28, 37, 50, 42, 22, 11, 12, 50, 50, 50, 37, 50, 50, 21, 11, 50, 50, 50, 18, 12, 50, 48, 50, 30, 50, 24, 50, 50, 50, 37, 50, 50, 50, 50, 29, 50, 47, 50, 50, 50, 50, 11, 26, 50, 38, 17, 50, 48, 21, 16, 50, 15]
[0 0 0 0 0 0 0 0 0 0 0 0 0 0 0 0 0 0 0 0 0 0 0 0 0 0 0 0 0 0 0 0 0 0 0 0 0
 0 0 0 0 0 0 0 0 0 0 0 0 0 0 0 0 0 0 0 0 0 0 0 0 0 0 0 0 0 0 0 0 0 0 0 0 0
 0 0 0 0 0 0 0 0 0 0 0 0 0 0 0 0 0 0 0 0 0 0 0 0 0 0]
[1 1 1 1 1 1 1 1 1 1 1 1 1 1 1 1 1 1 1 1 1 1 1 1 1 1 1 1 1 1 1 1 1 1 1 1 1
 1 1 1 1 1 1 1 1 1 1 1 1 1 1 1 1 1 1 1 1 1 1 1 1 1 1 1 1 1 1 1 1 1 1 1 1 1
 1 1 1 1 1 1 1 1 1 1 1 1 1 1 1 1 1 1 1 1 1 1 1 1 1 1]
