[ 0  1  2  3  4  5  6  7  8  9 10 11 12 13 14 15 16 17 18 19 20 21 22 23
 24 25 26 27 28 29 30 31 32 33 34 35 36 37 38 39 40 41 42 43 44 45 46 47
 48 49 50 51 52 53 54 55 56 57 58 59 60 61 62 63 64 65 66 67 68 69 70 71
 72 73 74 75 76 77 78 79 80 81 82 83 84 85 86 87 88 89 90 91 92 93 94 95
 96 97 98 99]
[-1 -1 54 62 66 -1 35 -1 35 -1 54 31  0 50 91 -1 -1 98 65 27 59 -1 -1 77
  2 -1 -1 81 84 61 72 75  5 -1 -1 57 -1 27 -1 -1 90 -1  7 -1 -1 -1 72 43
 77 -1 80 -1 53 19 -1 29  5 10 51 85 -1 -1 60 -1 81 -1 95 90 -1 19 66 93
 34 10 21 66 89 38 -1 23 -1 -1 -1 73 53 58 -1 64 -1 28 -1 57 41 35  5 50
 -1 98 12 98]
[0 1 1 1 1 0 0 1 0 0 0 1 0 1 1 1 1 0 0 1 0 1 0 0 0 1 1 1 1 1 1 0 0 1 0 1 0
 0 0 0 1 1 1 1 1 0 1 1 1 1 1 1 1 0 1 1 0 0 0 0 0 0 0 1 1 1 0 1 1 0 0 1 0 1
 1 0 0 1 1 1 0 0 0 1 0 1 0 0 0 1 0 0 0 0 0 0 0 0 0 1]
[3 1 0 0 2 0 0 2 4 0 0 0 1 0 3 0 3 3 0 0 0 2 0 1 3 0 0 4 2 4 0 0 2 0 0 3 0
 0 0 0 4 4 0 0 4 1 4 2 0 1 0 4 3 0 0 1 0 1 0 2 3 0 1 0 4 0 0 3 3 3 2 1 2 3
 2 2 4 0 3 0 3 4 0 1 0 1 1 0 2 0 0 2 0 0 0 0 2 2 1 0]
[3 1 0 0 2 0 0 2 4 0 0 0 1 0 3 0 3 3 0 0 0 2 0 1 3 0 0 4 2 4 0 0 2 0 0 3 0
 0 0 0 4 4 0 0 4 1 4 2 0 1 0 4 3 0 0 1 0 1 0 2 3 0 1 0 4 0 0 3 3 3 2 1 2 3
 2 2 4 0 3 0 3 4 0 1 0 1 1 0 2 0 0 2 0 0 0 0 2 2 1 0]
[1 2 7 9 4 9 5 3 6 8 1 4 6 4 1 2 3 7 5 4 8 1 1 1 7 7 3 1 6 7 9 9 2 9 1 3 3
 3 8 8 2 3 2 2 8 7 7 4 1 6 1 5 2 1 3 8 7 8 6 8 1 9 4 4 3 6 4 3 8 2 7 7 9 4
 2 6 5 2 2 4 8 3 6 9 9 2 6 1 9 9 6 1 1 8 6 2 8 9 5 5]
[1 2 7 9 4 9 5 3 6 8 1 4 6 4 1 2 3 7 5 4 8 1 1 1 7 7 3 1 6 7 9 9 2 9 1 3 3
 3 8 8 2 3 2 2 8 7 7 4 1 6 1 5 2 1 3 8 7 8 6 8 1 9 4 4 3 6 4 3 8 2 7 7 9 4
 2 6 5 2 2 4 8 3 6 9 9 2 6 1 9 9 6 1 1 8 6 2 8 9 5 5]
[50, 50, 19, 15, 50, 50, 50, 29, 50, 31, 50, 50, 50, 22, 10, 50, 50, 50, 44, 29, 27, 50, 44, 24, 50, 50, 50, 16, 27, 50, 50, 15, 34, 50, 17, 50, 50, 28, 50, 25, 27, 50, 50, 50, 50, 28, 39, 40, 35, 50, 46, 50, 50, 36, 50, 48, 14, 21, 50, 50, 26, 50, 50, 50, 15, 50, 50, 50, 25, 22, 50, 50, 35, 50, 50, 50, 50, 35, 50, 50, 50, 50, 24, 22, 41, 50, 46, 10, 36, 22, 31, 50, 13, 49, 41, 50, 28, 50, 50, 39]
[0 0 0 0 0 0 0 0 0 0 0 0 0 0 0 0 0 0 0 0 0 0 0 0 0 0 0 0 0 0 0 0 0 0 0 0 0
 0 0 0 0 0 0 0 0 0 0 0 0 0 0 0 0 0 0 0 0 0 0 0 0 0 0 0 0 0 0 0 0 0 0 0 0 0
 0 0 0 0 0 0 0 0 0 0 0 0 0 0 0 0 0 0 0 0 0 0 0 0 0 0]
[1 1 1 1 1 1 1 1 1 1 1 1 1 1 1 1 1 1 1 1 1 1 1 1 1 1 1 1 1 1 1 1 1 1 1 1 1
 1 1 1 1 1 1 1 1 1 1 1 1 1 1 1 1 1 1 1 1 1 1 1 1 1 1 1 1 1 1 1 1 1 1 1 1 1
 1 1 1 1 1 1 1 1 1 1 1 1 1 1 1 1 1 1 1 1 1 1 1 1 1 1]
