[ 0  1  2  3  4  5  6  7  8  9 10 11 12 13 14 15 16 17 18 19 20 21 22 23
 24 25 26 27 28 29 30 31 32 33 34 35 36 37 38 39 40 41 42 43 44 45 46 47
 48 49 50 51 52 53 54 55 56 57 58 59 60 61 62 63 64 65 66 67 68 69 70 71
 72 73 74 75 76 77 78 79 80 81 82 83 84 85 86 87 88 89 90 91 92 93 94 95
 96 97 98 99]
[85  0 99 35 58 62 -1 56 -1 98 73 77 92 -1 93 74 20 95 65  2 66 24 36 61
 71 -1 37 -1 -1 66 73 -1 64 83 35 -1 16 51 -1 -1 64 -1 74 31 53  3 -1 83
 -1 51 49 63 51  2 -1 -1 43 -1 84 -1 -1 -1 -1  5 19 60 11 93 -1 47  0 66
 -1 -1 59 84 94 -1 36 84 -1 27 89 41 -1 -1 -1 66 93  6 70 -1 58 94 -1  9
 99 20 87 -1]
[0 1 1 0 0 1 1 1 0 0 0 0 1 0 1 0 0 0 0 0 0 1 1 1 1 1 0 0 0 1 1 1 1 1 1 1 0
 1 0 1 0 1 0 1 0 0 0 1 0 1 0 1 0 0 0 0 1 0 0 0 0 1 1 1 0 0 1 0 0 0 0 1 1 0
 0 1 0 1 1 1 0 1 1 1 0 0 0 1 0 1 1 0 1 1 1 0 0 1 0 0]
[1 3 2 0 0 0 0 0 3 2 0 2 0 3 3 0 1 2 0 0 0 3 1 0 0 1 4 0 2 0 0 0 0 2 0 1 1
 0 0 0 0 0 2 0 0 3 0 4 1 0 0 1 0 0 0 0 0 0 2 0 3 1 0 0 2 4 0 2 0 0 0 0 0 0
 0 0 2 0 0 0 2 3 0 0 0 0 0 0 1 3 2 0 0 0 0 0 1 0 0 0]
[1 3 2 0 0 0 0 0 3 2 0 2 0 3 3 0 1 2 0 0 0 3 1 0 0 1 4 0 2 0 0 0 0 2 0 1 1
 0 0 0 0 0 2 0 0 3 0 4 1 0 0 1 0 0 0 0 0 0 2 0 3 1 0 0 2 4 0 2 0 0 0 0 0 0
 0 0 2 0 0 0 2 3 0 0 0 0 0 0 1 3 2 0 0 0 0 0 1 0 0 0]
[7 8 7 4 8 2 2 8 7 6 5 3 8 3 1 1 9 2 3 3 8 8 8 8 6 5 1 3 1 9 3 1 3 2 9 4 5
 7 8 9 9 3 4 6 4 7 9 4 8 8 9 3 9 1 9 4 9 7 1 5 5 1 6 3 8 7 5 5 8 9 5 9 9 8
 9 4 9 2 7 9 1 8 2 3 2 6 2 2 6 7 5 4 4 8 1 1 9 7 7 9]
[7 8 7 4 8 2 2 8 7 6 5 3 8 3 1 1 9 2 3 3 8 8 8 8 6 5 1 3 1 9 3 1 3 2 9 4 5
 7 8 9 9 3 4 6 4 7 9 4 8 8 9 3 9 1 9 4 9 7 1 5 5 1 6 3 8 7 5 5 8 9 5 9 9 8
 9 4 9 2 7 9 1 8 2 3 2 6 2 2 6 7 5 4 4 8 1 1 9 7 7 9]
[50, 27, 47, 23, 50, 43, 50, 50, 50, 50, 50, 35, 50, 50, 50, 50, 35, 30, 50, 23, 39, 49, 50, 50, 47, 34, 44, 34, 27, 48, 50, 50, 30, 38, 32, 17, 50, 50, 18, 50, 30, 30, 45, 39, 47, 50, 50, 11, 50, 39, 41, 50, 50, 45, 50, 50, 34, 32, 42, 50, 29, 50, 47, 50, 50, 49, 48, 46, 23, 19, 33, 48, 50, 29, 21, 28, 49, 36, 50, 50, 50, 50, 41, 33, 27, 42, 17, 11, 41, 35, 50, 41, 24, 31, 11, 15, 43, 50, 47, 31]
[0 0 0 0 0 0 0 0 0 0 0 0 0 0 0 0 0 0 0 0 0 0 0 0 0 0 0 0 0 0 0 0 0 0 0 0 0
 0 0 0 0 0 0 0 0 0 0 0 0 0 0 0 0 0 0 0 0 0 0 0 0 0 0 0 0 0 0 0 0 0 0 0 0 0
 0 0 0 0 0 0 0 0 0 0 0 0 0 0 0 0 0 0 0 0 0 0 0 0 0 0]
[1 1 1 1 1 1 1 1 1 1 1 1 1 1 1 1 1 1 1 1 1 1 1 1 1 1 1 1 1 1 1 1 1 1 1 1 1
 1 1 1 1 1 1 1 1 1 1 1 1 1 1 1 1 1 1 1 1 1 1 1 1 1 1 1 1 1 1 1 1 1 1 1 1 1
 1 1 1 1 1 1 1 1 1 1 1 1 1 1 1 1 1 1 1 1 1 1 1 1 1 1]
