[ 0  1  2  3  4  5  6  7  8  9 10 11 12 13 14 15 16 17 18 19 20 21 22 23
 24 25 26 27 28 29 30 31 32 33 34 35 36 37 38 39 40 41 42 43 44 45 46 47
 48 49 50 51 52 53 54 55 56 57 58 59 60 61 62 63 64 65 66 67 68 69 70 71
 72 73 74 75 76 77 78 79 80 81 82 83 84 85 86 87 88 89 90 91 92 93 94 95
 96 97 98 99]
[56 25 15 70 -1 49 -1 80 84 -1 64 98 42  2 -1 -1 68 94 89 -1 70 86 -1 -1
 -1 32 -1 26 55 75 72 32 35 64 92 63 90 39 -1  3 -1 99 -1 13 37 62 -1 49
 59 -1 36 72 -1 -1 36  5 75  5 -1 -1 79 76 -1 -1 13 40 -1 53 34 82 10  3
 12 52 68 87 40 51 99 83 64 54 -1 -1 97 83 -1 83 43 -1 -1 83 -1 58 23  3
 99 45 42 30]
[0 0 1 0 1 1 1 0 1 0 0 0 1 0 1 0 0 1 1 1 1 1 1 1 0 0 0 0 1 1 0 0 0 0 0 0 0
 1 1 0 1 1 1 0 0 0 0 1 1 0 0 0 1 0 1 0 1 0 0 1 0 1 1 1 1 0 0 0 0 1 1 0 0 0
 1 0 1 0 1 0 0 0 1 1 1 1 0 1 1 0 0 1 1 1 1 1 1 0 1 1]
[1 0 1 0 1 0 0 0 0 0 0 4 0 0 0 3 0 0 0 4 0 0 0 0 4 0 0 1 3 1 0 0 0 2 1 1 0
 2 2 2 2 0 2 1 4 0 0 1 0 0 0 3 4 2 3 0 0 2 1 0 4 0 0 2 3 0 0 1 0 1 3 1 0 0
 0 0 1 2 1 0 0 1 0 1 0 3 0 3 1 4 0 4 0 4 4 0 1 0 2 3]
[1 0 1 0 1 0 0 0 0 0 0 4 0 0 0 3 0 0 0 4 0 0 0 0 4 0 0 1 3 1 0 0 0 2 1 1 0
 2 2 2 2 0 2 1 4 0 0 1 0 0 0 3 4 2 3 0 0 2 1 0 4 0 0 2 3 0 0 1 0 1 3 1 0 0
 0 0 1 2 1 0 0 1 0 1 0 3 0 3 1 4 0 4 0 4 4 0 1 0 2 3]
[9 7 2 9 4 9 3 5 1 7 3 3 2 9 6 6 5 1 9 2 2 8 9 4 3 9 5 6 7 5 6 9 6 8 6 9 2
 3 8 6 6 4 7 3 2 6 8 5 2 8 8 6 9 3 2 8 3 9 6 1 5 9 7 8 1 9 9 1 5 8 9 1 5 2
 3 5 8 6 4 9 5 3 4 2 5 8 4 6 9 5 9 7 6 2 9 1 9 8 4 6]
[9 7 2 9 4 9 3 5 1 7 3 3 2 9 6 6 5 1 9 2 2 8 9 4 3 9 5 6 7 5 6 9 6 8 6 9 2
 3 8 6 6 4 7 3 2 6 8 5 2 8 8 6 9 3 2 8 3 9 6 1 5 9 7 8 1 9 9 1 5 8 9 1 5 2
 3 5 8 6 4 9 5 3 4 2 5 8 4 6 9 5 9 7 6 2 9 1 9 8 4 6]
[50, 50, 50, 26, 20, 27, 50, 33, 50, 50, 50, 21, 33, 50, 50, 50, 20, 35, 50, 50, 50, 34, 50, 17, 26, 50, 50, 50, 50, 50, 50, 15, 50, 28, 50, 50, 50, 25, 50, 23, 50, 28, 50, 15, 40, 50, 50, 11, 50, 50, 30, 50, 28, 50, 50, 25, 50, 50, 50, 50, 41, 50, 40, 50, 42, 29, 17, 38, 50, 17, 50, 38, 50, 50, 50, 50, 50, 11, 50, 14, 37, 50, 43, 13, 44, 42, 20, 23, 47, 20, 37, 50, 50, 50, 21, 32, 44, 50, 30, 50]
[0 0 0 0 0 0 0 0 0 0 0 0 0 0 0 0 0 0 0 0 0 0 0 0 0 0 0 0 0 0 0 0 0 0 0 0 0
 0 0 0 0 0 0 0 0 0 0 0 0 0 0 0 0 0 0 0 0 0 0 0 0 0 0 0 0 0 0 0 0 0 0 0 0 0
 0 0 0 0 0 0 0 0 0 0 0 0 0 0 0 0 0 0 0 0 0 0 0 0 0 0]
[1 1 1 1 1 1 1 1 1 1 1 1 1 1 1 1 1 1 1 1 1 1 1 1 1 1 1 1 1 1 1 1 1 1 1 1 1
 1 1 1 1 1 1 1 1 1 1 1 1 1 1 1 1 1 1 1 1 1 1 1 1 1 1 1 1 1 1 1 1 1 1 1 1 1
 1 1 1 1 1 1 1 1 1 1 1 1 1 1 1 1 1 1 1 1 1 1 1 1 1 1]
