[ 0  1  2  3  4  5  6  7  8  9 10 11 12 13 14 15 16 17 18 19 20 21 22 23
 24 25 26 27 28 29 30 31 32 33 34 35 36 37 38 39 40 41 42 43 44 45 46 47
 48 49 50 51 52 53 54 55 56 57 58 59 60 61 62 63 64 65 66 67 68 69 70 71
 72 73 74 75 76 77 78 79 80 81 82 83 84 85 86 87 88 89 90 91 92 93 94 95
 96 97 98 99]
[45 93 58 14 -1 93 -1 -1 -1 95 20 68 94 47 -1 -1 -1 65 83 -1 -1 77 80 41
 86 -1 60 34  0 46 -1 -1 31 84 16  7  3 96 71 57 -1 -1 -1 48 53  4 -1  9
 -1 91 73  2 21 33 -1 98 64 73 12 74 37 -1 63 -1 45  2 -1 46 -1 49 28 85
 52 -1 68 72  5  1 34 -1 -1 26 32 -1 -1 -1 67 61 94 46 20 -1 35 29 34 71
 39 -1 -1 -1]
[1 0 0 0 1 0 0 1 1 1 1 0 0 0 1 0 0 0 1 0 1 0 1 0 0 0 0 1 1 1 1 1 0 1 1 0 1
 1 1 1 0 1 1 1 0 1 0 1 1 0 1 1 0 1 1 1 0 0 0 1 1 1 1 0 0 0 0 1 0 0 0 0 1 0
 0 0 0 1 1 0 1 0 0 1 1 1 1 0 0 0 1 1 0 0 0 1 1 1 0 0]
[0 0 0 0 0 0 0 0 3 0 1 3 1 4 0 1 1 0 0 0 0 1 2 0 0 0 0 0 0 0 2 1 0 0 3 2 0
 2 1 4 3 4 2 3 0 3 2 0 1 3 1 0 4 2 0 2 2 0 4 0 2 0 0 0 0 4 4 4 0 0 4 0 0 1
 0 0 2 1 2 0 1 0 0 2 0 0 1 0 0 0 2 1 0 4 3 1 2 0 1 2]
[0 0 0 0 0 0 0 0 3 0 1 3 1 4 0 1 1 0 0 0 0 1 2 0 0 0 0 0 0 0 2 1 0 0 3 2 0
 2 1 4 3 4 2 3 0 3 2 0 1 3 1 0 4 2 0 2 2 0 4 0 2 0 0 0 0 4 4 4 0 0 4 0 0 1
 0 0 2 1 2 0 1 0 0 2 0 0 1 0 0 0 2 1 0 4 3 1 2 0 1 2]
[1 9 4 8 4 7 4 4 6 2 3 1 1 9 2 4 4 8 3 7 2 6 8 7 3 3 2 9 2 7 8 3 5 5 8 3 7
 1 1 1 7 9 2 9 2 5 2 8 9 9 5 8 8 6 9 7 9 2 6 8 8 6 3 6 5 3 9 5 5 6 9 7 3 1
 3 9 4 6 3 4 8 1 1 2 6 8 2 7 1 9 7 4 7 1 2 2 4 3 7 3]
[1 9 4 8 4 7 4 4 6 2 3 1 1 9 2 4 4 8 3 7 2 6 8 7 3 3 2 9 2 7 8 3 5 5 8 3 7
 1 1 1 7 9 2 9 2 5 2 8 9 9 5 8 8 6 9 7 9 2 6 8 8 6 3 6 5 3 9 5 5 6 9 7 3 1
 3 9 4 6 3 4 8 1 1 2 6 8 2 7 1 9 7 4 7 1 2 2 4 3 7 3]
[50, 50, 49, 50, 50, 36, 50, 38, 39, 50, 50, 50, 39, 50, 50, 23, 50, 25, 50, 28, 22, 40, 18, 50, 50, 50, 48, 50, 50, 11, 23, 50, 50, 50, 50, 15, 50, 50, 30, 39, 50, 43, 50, 50, 15, 50, 50, 50, 17, 11, 50, 50, 45, 15, 50, 50, 39, 26, 17, 50, 50, 50, 39, 50, 12, 50, 50, 27, 50, 50, 50, 16, 13, 11, 19, 50, 42, 50, 28, 50, 50, 13, 50, 22, 50, 50, 37, 45, 50, 50, 50, 50, 50, 50, 10, 41, 15, 35, 24, 50]
[0 0 0 0 0 0 0 0 0 0 0 0 0 0 0 0 0 0 0 0 0 0 0 0 0 0 0 0 0 0 0 0 0 0 0 0 0
 0 0 0 0 0 0 0 0 0 0 0 0 0 0 0 0 0 0 0 0 0 0 0 0 0 0 0 0 0 0 0 0 0 0 0 0 0
 0 0 0 0 0 0 0 0 0 0 0 0 0 0 0 0 0 0 0 0 0 0 0 0 0 0]
[1 1 1 1 1 1 1 1 1 1 1 1 1 1 1 1 1 1 1 1 1 1 1 1 1 1 1 1 1 1 1 1 1 1 1 1 1
 1 1 1 1 1 1 1 1 1 1 1 1 1 1 1 1 1 1 1 1 1 1 1 1 1 1 1 1 1 1 1 1 1 1 1 1 1
 1 1 1 1 1 1 1 1 1 1 1 1 1 1 1 1 1 1 1 1 1 1 1 1 1 1]
