[ 0  1  2  3  4  5  6  7  8  9 10 11 12 13 14 15 16 17 18 19 20 21 22 23
 24 25 26 27 28 29 30 31 32 33 34 35 36 37 38 39 40 41 42 43 44 45 46 47
 48 49 50 51 52 53 54 55 56 57 58 59 60 61 62 63 64 65 66 67 68 69 70 71
 72 73 74 75 76 77 78 79 80 81 82 83 84 85 86 87 88 89 90 91 92 93 94 95
 96 97 98 99]
[93 74  4 41  6 41 -1  1 -1 19 95 72 -1 28 29 67 95 15 21 -1 21 -1 -1  4
 -1 19  6 76 -1 -1 -1 33 -1 45 48 94  3 64 -1 -1 -1 32 76 15 -1 87 14 85
 66 -1 46  6  2 -1 -1 -1 13 76 -1 19 33 14 73 38 79 29 -1 90 75 -1 45 -1
 47 -1 10 45 -1 -1 69 -1 -1 -1 -1 11 61 33 -1  8 33 -1 60 77 40 64 82 71
 -1 31 92 12]
[1 0 0 1 0 1 1 1 1 0 0 0 0 0 1 0 0 1 0 0 0 0 0 1 0 0 1 1 0 0 1 0 0 1 1 1 0
 0 1 0 0 0 1 1 1 1 0 0 0 1 0 1 1 0 1 1 0 0 1 1 0 1 0 0 0 1 1 1 0 1 1 0 0 1
 1 1 0 0 1 0 1 1 1 1 1 1 0 1 1 1 0 0 1 1 0 0 1 0 0 1]
[0 3 4 0 0 2 4 0 4 3 0 4 0 0 0 0 0 0 1 1 0 0 1 0 0 3 0 0 2 0 0 2 0 2 0 0 4
 0 0 3 0 2 0 0 0 3 3 0 0 2 2 0 1 0 2 4 0 0 0 1 0 3 0 2 0 4 0 4 0 0 0 0 0 1
 0 0 4 0 0 0 1 1 0 1 2 4 2 0 0 3 0 0 1 1 3 3 3 4 0 0]
[0 3 4 0 0 2 4 0 4 3 0 4 0 0 0 0 0 0 1 1 0 0 1 0 0 3 0 0 2 0 0 2 0 2 0 0 4
 0 0 3 0 2 0 0 0 3 3 0 0 2 2 0 1 0 2 4 0 0 0 1 0 3 0 2 0 4 0 4 0 0 0 0 0 1
 0 0 4 0 0 0 1 1 0 1 2 4 2 0 0 3 0 0 1 1 3 3 3 4 0 0]
[5 7 3 8 2 4 4 9 6 1 9 7 8 9 8 2 8 6 6 9 5 6 3 5 3 7 2 8 4 5 7 1 8 9 8 4 6
 9 9 3 9 4 2 2 8 1 4 5 1 2 7 7 8 5 3 8 4 5 1 4 6 7 2 4 5 2 4 7 2 1 8 9 5 3
 9 2 2 1 8 8 5 9 3 2 6 6 6 2 4 6 2 7 8 9 1 9 5 6 4 1]
[5 7 3 8 2 4 4 9 6 1 9 7 8 9 8 2 8 6 6 9 5 6 3 5 3 7 2 8 4 5 7 1 8 9 8 4 6
 9 9 3 9 4 2 2 8 1 4 5 1 2 7 7 8 5 3 8 4 5 1 4 6 7 2 4 5 2 4 7 2 1 8 9 5 3
 9 2 2 1 8 8 5 9 3 2 6 6 6 2 4 6 2 7 8 9 1 9 5 6 4 1]
[32, 37, 33, 15, 50, 46, 50, 46, 17, 50, 50, 43, 50, 50, 50, 50, 50, 50, 19, 50, 50, 34, 50, 50, 50, 50, 50, 50, 50, 50, 50, 50, 50, 46, 41, 50, 37, 50, 50, 50, 50, 41, 10, 50, 36, 41, 50, 50, 50, 30, 50, 40, 28, 49, 50, 50, 50, 37, 50, 50, 17, 50, 20, 50, 10, 50, 32, 14, 16, 26, 12, 34, 47, 50, 24, 43, 24, 20, 18, 46, 50, 28, 50, 31, 19, 19, 50, 27, 34, 50, 33, 34, 13, 25, 50, 44, 50, 50, 50, 32]
[0 0 0 0 0 0 0 0 0 0 0 0 0 0 0 0 0 0 0 0 0 0 0 0 0 0 0 0 0 0 0 0 0 0 0 0 0
 0 0 0 0 0 0 0 0 0 0 0 0 0 0 0 0 0 0 0 0 0 0 0 0 0 0 0 0 0 0 0 0 0 0 0 0 0
 0 0 0 0 0 0 0 0 0 0 0 0 0 0 0 0 0 0 0 0 0 0 0 0 0 0]
[1 1 1 1 1 1 1 1 1 1 1 1 1 1 1 1 1 1 1 1 1 1 1 1 1 1 1 1 1 1 1 1 1 1 1 1 1
 1 1 1 1 1 1 1 1 1 1 1 1 1 1 1 1 1 1 1 1 1 1 1 1 1 1 1 1 1 1 1 1 1 1 1 1 1
 1 1 1 1 1 1 1 1 1 1 1 1 1 1 1 1 1 1 1 1 1 1 1 1 1 1]
