[ 0  1  2  3  4  5  6  7  8  9 10 11 12 13 14 15 16 17 18 19 20 21 22 23
 24 25 26 27 28 29 30 31 32 33 34 35 36 37 38 39 40 41 42 43 44 45 46 47
 48 49 50 51 52 53 54 55 56 57 58 59 60 61 62 63 64 65 66 67 68 69 70 71
 72 73 74 75 76 77 78 79 80 81 82 83 84 85 86 87 88 89 90 91 92 93 94 95
 96 97 98 99]
[98 57 81 28 55 -1 -1 76 53 64 -1 -1 -1 77 32 20 85 65 75 -1 -1 27 34 -1
 39 23 -1 -1  0 49 97  0 -1 -1 30 37 -1 45 -1 -1 64 55 95 -1 -1 -1 -1 -1
 72 -1 -1 38 -1 22 -1 71  4 -1  8 40 -1 -1 40 55 -1 10 -1 19 70 43 96 50
 -1 28 31 -1 19 62 -1 13  7 25 44 27 -1 72 31 -1 12 52 -1 -1 -1 -1 42 49
 95 15 76 63]
[1 0 1 1 0 0 0 0 0 0 1 1 0 1 1 0 0 1 1 0 0 1 1 0 1 1 1 0 0 1 0 1 0 1 0 1 1
 1 0 1 1 0 0 0 1 1 1 0 1 0 0 1 0 1 0 1 1 0 1 1 0 1 1 1 1 0 1 0 0 0 0 1 1 0
 0 0 0 1 1 1 1 0 1 1 0 1 0 1 0 0 0 1 1 1 0 0 1 0 1 1]
[1 0 1 0 0 0 0 4 1 0 0 2 0 0 0 0 0 0 1 0 0 0 0 0 3 1 0 0 0 0 0 3 0 2 1 0 0
 0 4 0 2 3 0 0 0 4 3 0 0 0 0 0 0 0 4 4 3 0 4 4 0 2 3 0 2 0 3 3 0 0 3 0 0 0
 2 4 1 4 0 1 1 4 3 4 4 0 0 2 1 1 2 0 2 0 0 0 3 0 2 3]
[1 0 1 0 0 0 0 4 1 0 0 2 0 0 0 0 0 0 1 0 0 0 0 0 3 1 0 0 0 0 0 3 0 2 1 0 0
 0 4 0 2 3 0 0 0 4 3 0 0 0 0 0 0 0 4 4 3 0 4 4 0 2 3 0 2 0 3 3 0 0 3 0 0 0
 2 4 1 4 0 1 1 4 3 4 4 0 0 2 1 1 2 0 2 0 0 0 3 0 2 3]
[4 8 2 6 4 8 7 2 6 4 1 7 9 5 2 2 3 9 9 8 6 8 5 3 6 2 4 7 6 8 4 7 5 2 8 3 5
 4 7 4 6 7 3 8 4 6 5 5 9 1 6 6 6 4 9 4 4 9 5 1 6 9 7 2 8 4 6 5 6 7 5 7 4 6
 2 8 6 4 1 2 3 3 2 8 4 1 2 7 7 6 5 6 9 3 9 9 4 5 1 5]
[4 8 2 6 4 8 7 2 6 4 1 7 9 5 2 2 3 9 9 8 6 8 5 3 6 2 4 7 6 8 4 7 5 2 8 3 5
 4 7 4 6 7 3 8 4 6 5 5 9 1 6 6 6 4 9 4 4 9 5 1 6 9 7 2 8 4 6 5 6 7 5 7 4 6
 2 8 6 4 1 2 3 3 2 8 4 1 2 7 7 6 5 6 9 3 9 9 4 5 1 5]
[50, 50, 50, 33, 50, 36, 50, 50, 23, 39, 25, 50, 17, 50, 50, 37, 50, 43, 50, 50, 22, 32, 50, 43, 34, 44, 18, 50, 22, 50, 15, 50, 12, 50, 24, 50, 50, 50, 50, 50, 34, 28, 25, 50, 50, 44, 50, 11, 50, 50, 50, 50, 50, 50, 50, 50, 50, 50, 50, 17, 50, 50, 19, 11, 50, 28, 50, 50, 13, 50, 50, 50, 26, 32, 34, 30, 50, 50, 50, 28, 13, 50, 34, 12, 50, 50, 50, 38, 50, 50, 50, 39, 16, 43, 50, 12, 44, 22, 28, 50]
[0 0 0 0 0 0 0 0 0 0 0 0 0 0 0 0 0 0 0 0 0 0 0 0 0 0 0 0 0 0 0 0 0 0 0 0 0
 0 0 0 0 0 0 0 0 0 0 0 0 0 0 0 0 0 0 0 0 0 0 0 0 0 0 0 0 0 0 0 0 0 0 0 0 0
 0 0 0 0 0 0 0 0 0 0 0 0 0 0 0 0 0 0 0 0 0 0 0 0 0 0]
[1 1 1 1 1 1 1 1 1 1 1 1 1 1 1 1 1 1 1 1 1 1 1 1 1 1 1 1 1 1 1 1 1 1 1 1 1
 1 1 1 1 1 1 1 1 1 1 1 1 1 1 1 1 1 1 1 1 1 1 1 1 1 1 1 1 1 1 1 1 1 1 1 1 1
 1 1 1 1 1 1 1 1 1 1 1 1 1 1 1 1 1 1 1 1 1 1 1 1 1 1]
