[ 0  1  2  3  4  5  6  7  8  9 10 11 12 13 14 15 16 17 18 19 20 21 22 23
 24 25 26 27 28 29 30 31 32 33 34 35 36 37 38 39 40 41 42 43 44 45 46 47
 48 49 50 51 52 53 54 55 56 57 58 59 60 61 62 63 64 65 66 67 68 69 70 71
 72 73 74 75 76 77 78 79 80 81 82 83 84 85 86 87 88 89 90 91 92 93 94 95
 96 97 98 99]
[86 91 91 -1 50 -1 79  9 25 66 46 65 80 54 -1 24 74 -1 -1 50 27 32 -1 66
 59 81 -1 22 -1 15 -1 -1 23 -1 -1 -1 91 38 74 -1 20 74 -1 -1 31 92 -1 38
 -1 27 22 97 57 -1  0 -1 35 15 46 10 -1 -1 56 70 67 77 -1 -1 -1 -1 -1 19
 50 92 42 49 47 -1 95 99 -1 13 -1 -1 82 11 -1 96  8 51 58 48 88 -1 -1 52
 76 73 -1 28]
[0 0 1 1 0 1 0 0 0 0 0 0 0 1 1 0 0 0 0 1 1 0 0 1 1 0 1 0 0 1 0 1 1 0 0 1 0
 0 0 0 1 0 0 0 1 1 0 0 0 0 1 1 0 1 1 1 0 1 1 1 1 0 1 0 1 1 1 1 1 1 1 0 1 1
 0 0 0 0 1 1 0 1 0 0 1 1 1 1 0 1 0 1 1 0 0 1 0 1 1 1]
[0 4 0 4 0 4 0 0 0 1 0 3 0 0 0 1 0 2 0 0 3 4 4 3 0 2 0 0 0 0 4 3 1 2 4 0 0
 0 0 3 4 0 0 2 0 0 3 0 1 0 2 3 2 0 0 4 2 3 4 0 0 0 0 2 0 0 1 0 0 0 2 0 0 0
 0 0 0 0 2 4 0 4 0 1 0 0 0 0 0 0 2 1 1 0 1 0 0 3 3 0]
[0 4 0 4 0 4 0 0 0 1 0 3 0 0 0 1 0 2 0 0 3 4 4 3 0 2 0 0 0 0 4 3 1 2 4 0 0
 0 0 3 4 0 0 2 0 0 3 0 1 0 2 3 2 0 0 4 2 3 4 0 0 0 0 2 0 0 1 0 0 0 2 0 0 0
 0 0 0 0 2 4 0 4 0 1 0 0 0 0 0 0 2 1 1 0 1 0 0 3 3 0]
[9 3 6 9 6 1 3 4 9 9 1 3 5 4 8 7 3 9 6 1 1 8 7 5 9 3 8 3 5 9 8 4 8 1 5 2 5
 1 2 6 9 4 5 2 1 8 4 3 6 7 8 5 4 3 9 8 8 7 5 8 7 1 8 8 8 1 3 8 3 3 2 1 6 9
 2 3 3 9 5 9 7 9 4 8 7 9 4 1 7 3 9 5 8 3 2 9 6 1 6 5]
[9 3 6 9 6 1 3 4 9 9 1 3 5 4 8 7 3 9 6 1 1 8 7 5 9 3 8 3 5 9 8 4 8 1 5 2 5
 1 2 6 9 4 5 2 1 8 4 3 6 7 8 5 4 3 9 8 8 7 5 8 7 1 8 8 8 1 3 8 3 3 2 1 6 9
 2 3 3 9 5 9 7 9 4 8 7 9 4 1 7 3 9 5 8 3 2 9 6 1 6 5]
[50, 50, 50, 50, 27, 50, 20, 44, 47, 48, 10, 13, 25, 50, 50, 50, 10, 50, 31, 50, 44, 50, 50, 50, 50, 43, 50, 43, 37, 50, 50, 50, 43, 22, 50, 37, 50, 50, 50, 13, 50, 50, 50, 44, 50, 14, 50, 50, 50, 50, 50, 50, 17, 50, 12, 50, 50, 12, 29, 23, 19, 50, 50, 30, 50, 50, 50, 11, 33, 36, 10, 18, 38, 22, 39, 49, 50, 50, 45, 14, 50, 50, 50, 23, 50, 25, 41, 50, 28, 50, 50, 50, 30, 50, 46, 50, 13, 50, 50, 22]
[0 0 0 0 0 0 0 0 0 0 0 0 0 0 0 0 0 0 0 0 0 0 0 0 0 0 0 0 0 0 0 0 0 0 0 0 0
 0 0 0 0 0 0 0 0 0 0 0 0 0 0 0 0 0 0 0 0 0 0 0 0 0 0 0 0 0 0 0 0 0 0 0 0 0
 0 0 0 0 0 0 0 0 0 0 0 0 0 0 0 0 0 0 0 0 0 0 0 0 0 0]
[1 1 1 1 1 1 1 1 1 1 1 1 1 1 1 1 1 1 1 1 1 1 1 1 1 1 1 1 1 1 1 1 1 1 1 1 1
 1 1 1 1 1 1 1 1 1 1 1 1 1 1 1 1 1 1 1 1 1 1 1 1 1 1 1 1 1 1 1 1 1 1 1 1 1
 1 1 1 1 1 1 1 1 1 1 1 1 1 1 1 1 1 1 1 1 1 1 1 1 1 1]
