[ 0  1  2  3  4  5  6  7  8  9 10 11 12 13 14 15 16 17 18 19 20 21 22 23
 24 25 26 27 28 29 30 31 32 33 34 35 36 37 38 39 40 41 42 43 44 45 46 47
 48 49 50 51 52 53 54 55 56 57 58 59 60 61 62 63 64 65 66 67 68 69 70 71
 72 73 74 75 76 77 78 79 80 81 82 83 84 85 86 87 88 89 90 91 92 93 94 95
 96 97 98 99]
[-1 21 -1 -1 34 -1 77 56 85 71 -1 17 44 -1  1 -1 -1 -1 77 98 -1 54 58 -1
 30 67 78 -1 90 -1 -1 84 26 11 -1 79 -1 84 -1 -1 37 78 -1 -1 -1 -1 61 -1
 95  5 21 -1 78 26  0 -1 80 71 70 35 82 -1 16 28 67  8  4 -1 -1 -1 46 46
 66 91 -1 10 94 57 -1 -1 83 60 -1 -1  3  5 99 -1 37 91 72 81 73 -1 88 -1
 -1 -1 -1 65]
[0 0 0 1 0 0 1 1 1 0 0 0 0 1 0 1 0 0 1 1 1 0 0 1 1 0 1 0 0 1 1 0 1 1 0 1 1
 0 0 1 1 0 0 0 0 0 0 0 0 0 0 0 0 0 1 0 0 1 0 1 0 1 0 0 0 1 1 0 0 1 1 0 0 1
 1 0 1 0 0 0 1 0 0 1 0 0 0 1 0 1 0 0 1 0 1 1 1 1 1 1]
[0 4 4 3 1 0 0 0 0 1 1 0 0 4 0 0 0 4 4 4 0 0 0 0 1 1 0 2 3 4 0 0 3 0 0 0 1
 4 4 3 2 0 1 0 4 0 0 0 0 0 4 2 2 2 0 3 0 0 2 1 0 0 1 0 1 0 1 0 0 0 4 2 4 2
 4 1 0 2 0 2 0 0 0 4 3 0 0 1 1 3 0 0 0 0 4 0 2 2 1 2]
[0 4 4 3 1 0 0 0 0 1 1 0 0 4 0 0 0 4 4 4 0 0 0 0 1 1 0 2 3 4 0 0 3 0 0 0 1
 4 4 3 2 0 1 0 4 0 0 0 0 0 4 2 2 2 0 3 0 0 2 1 0 0 1 0 1 0 1 0 0 0 4 2 4 2
 4 1 0 2 0 2 0 0 0 4 3 0 0 1 1 3 0 0 0 0 4 0 2 2 1 2]
[6 4 8 3 6 1 4 3 4 6 8 5 9 4 9 9 7 6 5 2 4 3 2 1 5 3 6 2 9 5 7 8 8 5 1 9 2
 1 6 4 9 8 5 4 3 3 5 2 1 2 3 1 6 5 8 1 5 7 2 7 1 4 2 2 2 2 3 6 3 8 9 8 6 6
 7 4 6 5 8 6 7 5 9 5 8 5 8 5 9 2 1 2 5 1 2 8 3 5 9 5]
[6 4 8 3 6 1 4 3 4 6 8 5 9 4 9 9 7 6 5 2 4 3 2 1 5 3 6 2 9 5 7 8 8 5 1 9 2
 1 6 4 9 8 5 4 3 3 5 2 1 2 3 1 6 5 8 1 5 7 2 7 1 4 2 2 2 2 3 6 3 8 9 8 6 6
 7 4 6 5 8 6 7 5 9 5 8 5 8 5 9 2 1 2 5 1 2 8 3 5 9 5]
[30, 50, 50, 50, 32, 50, 45, 50, 41, 20, 50, 38, 50, 46, 34, 50, 50, 34, 50, 50, 22, 24, 50, 50, 45, 38, 50, 28, 46, 50, 50, 50, 25, 28, 50, 37, 35, 37, 38, 50, 50, 50, 14, 50, 36, 19, 45, 14, 32, 50, 25, 40, 21, 50, 50, 35, 14, 50, 50, 50, 14, 15, 19, 44, 50, 44, 50, 16, 19, 50, 50, 50, 33, 50, 25, 50, 50, 50, 50, 35, 24, 50, 47, 50, 50, 30, 50, 23, 50, 50, 50, 50, 50, 50, 50, 10, 50, 50, 23, 11]
[0 0 0 0 0 0 0 0 0 0 0 0 0 0 0 0 0 0 0 0 0 0 0 0 0 0 0 0 0 0 0 0 0 0 0 0 0
 0 0 0 0 0 0 0 0 0 0 0 0 0 0 0 0 0 0 0 0 0 0 0 0 0 0 0 0 0 0 0 0 0 0 0 0 0
 0 0 0 0 0 0 0 0 0 0 0 0 0 0 0 0 0 0 0 0 0 0 0 0 0 0]
[1 1 1 1 1 1 1 1 1 1 1 1 1 1 1 1 1 1 1 1 1 1 1 1 1 1 1 1 1 1 1 1 1 1 1 1 1
 1 1 1 1 1 1 1 1 1 1 1 1 1 1 1 1 1 1 1 1 1 1 1 1 1 1 1 1 1 1 1 1 1 1 1 1 1
 1 1 1 1 1 1 1 1 1 1 1 1 1 1 1 1 1 1 1 1 1 1 1 1 1 1]
