[ 0  1  2  3  4  5  6  7  8  9 10 11 12 13 14 15 16 17 18 19 20 21 22 23
 24 25 26 27 28 29 30 31 32 33 34 35 36 37 38 39 40 41 42 43 44 45 46 47
 48 49 50 51 52 53 54 55 56 57 58 59 60 61 62 63 64 65 66 67 68 69 70 71
 72 73 74 75 76 77 78 79 80 81 82 83 84 85 86 87 88 89 90 91 92 93 94 95
 96 97 98 99]
[-1 84 -1 52 -1 -1 -1 96 -1 54  9 27 -1 -1 71 32 52 -1 77 -1 -1  0 10 -1
 26 94 49 56 -1 -1 -1 14  9 89 88 71 46 13 44 65 19 66 46  9 93 -1 80 -1
 86 36 26 -1 94 18 -1 62 -1 -1 -1 90 -1 -1 -1 -1 98 -1 15 43 -1 -1 49 61
 66 -1 18 56 80 -1 45 82 -1 -1 26 69 55 58 39 63 59 45 35 -1 -1 86 56 56
 -1 -1  5 -1]
[1 1 0 0 1 0 0 1 0 0 1 1 0 1 0 0 1 0 1 1 1 0 1 0 1 1 0 0 0 0 1 1 1 1 0 1 1
 0 1 0 1 1 1 1 0 0 0 1 0 1 1 0 1 1 1 1 1 0 0 0 0 1 1 0 1 0 0 0 0 0 0 0 0 1
 1 0 1 0 0 1 1 0 1 1 0 0 1 0 0 1 1 0 1 1 0 0 0 1 1 0]
[0 4 0 0 3 3 4 0 3 0 3 2 0 3 0 2 4 2 1 3 0 2 2 2 0 0 3 1 0 0 0 1 3 0 4 0 3
 0 0 4 4 0 0 4 1 2 4 0 4 0 2 2 0 0 3 0 0 0 4 1 3 2 0 0 0 1 2 3 0 2 0 0 1 2
 1 0 3 0 1 2 3 4 3 0 3 0 0 2 0 0 0 4 0 3 3 2 0 4 4 4]
[0 4 0 0 3 3 4 0 3 0 3 2 0 3 0 2 4 2 1 3 0 2 2 2 0 0 3 1 0 0 0 1 3 0 4 0 3
 0 0 4 4 0 0 4 1 2 4 0 4 0 2 2 0 0 3 0 0 0 4 1 3 2 0 0 0 1 2 3 0 2 0 0 1 2
 1 0 3 0 1 2 3 4 3 0 3 0 0 2 0 0 0 4 0 3 3 2 0 4 4 4]
[1 9 7 3 4 9 8 3 9 5 7 8 1 9 6 3 5 1 7 7 5 6 7 5 5 6 6 4 7 4 2 3 8 1 6 1 9
 2 8 8 2 5 4 5 4 5 6 2 4 9 9 1 2 2 9 3 4 8 7 5 7 4 5 5 3 1 1 9 1 1 9 9 4 6
 4 2 3 7 5 8 9 4 4 4 6 2 2 2 7 1 4 9 1 1 1 2 3 7 8 8]
[1 9 7 3 4 9 8 3 9 5 7 8 1 9 6 3 5 1 7 7 5 6 7 5 5 6 6 4 7 4 2 3 8 1 6 1 9
 2 8 8 2 5 4 5 4 5 6 2 4 9 9 1 2 2 9 3 4 8 7 5 7 4 5 5 3 1 1 9 1 1 9 9 4 6
 4 2 3 7 5 8 9 4 4 4 6 2 2 2 7 1 4 9 1 1 1 2 3 7 8 8]
[50, 50, 17, 50, 14, 50, 32, 50, 50, 48, 50, 36, 50, 33, 23, 38, 50, 50, 50, 50, 39, 43, 50, 50, 50, 50, 38, 50, 50, 44, 50, 36, 15, 50, 50, 25, 50, 12, 37, 32, 22, 50, 50, 50, 31, 50, 35, 18, 50, 37, 36, 50, 50, 50, 24, 50, 50, 30, 50, 19, 50, 19, 50, 31, 22, 50, 10, 50, 17, 39, 50, 50, 13, 20, 43, 40, 47, 12, 50, 32, 13, 50, 50, 50, 50, 28, 50, 46, 50, 50, 28, 19, 50, 49, 50, 48, 50, 50, 48, 12]
[0 0 0 0 0 0 0 0 0 0 0 0 0 0 0 0 0 0 0 0 0 0 0 0 0 0 0 0 0 0 0 0 0 0 0 0 0
 0 0 0 0 0 0 0 0 0 0 0 0 0 0 0 0 0 0 0 0 0 0 0 0 0 0 0 0 0 0 0 0 0 0 0 0 0
 0 0 0 0 0 0 0 0 0 0 0 0 0 0 0 0 0 0 0 0 0 0 0 0 0 0]
[1 1 1 1 1 1 1 1 1 1 1 1 1 1 1 1 1 1 1 1 1 1 1 1 1 1 1 1 1 1 1 1 1 1 1 1 1
 1 1 1 1 1 1 1 1 1 1 1 1 1 1 1 1 1 1 1 1 1 1 1 1 1 1 1 1 1 1 1 1 1 1 1 1 1
 1 1 1 1 1 1 1 1 1 1 1 1 1 1 1 1 1 1 1 1 1 1 1 1 1 1]
