[ 0  1  2  3  4  5  6  7  8  9 10 11 12 13 14 15 16 17 18 19 20 21 22 23
 24 25 26 27 28 29 30 31 32 33 34 35 36 37 38 39 40 41 42 43 44 45 46 47
 48 49 50 51 52 53 54 55 56 57 58 59 60 61 62 63 64 65 66 67 68 69 70 71
 72 73 74 75 76 77 78 79 80 81 82 83 84 85 86 87 88 89 90 91 92 93 94 95
 96 97 98 99]
[-1 -1 59 -1 -1 43 -1 64 -1 -1 21 96 -1 -1 -1 -1  9 -1 -1 26 97 86 67 -1
 20 -1 -1  1 41 56  3 77 90 -1 -1 56 23  7 -1 57 34 38 53 -1 76 -1 31 76
 -1  6 16 -1 -1 84 -1 14 13 -1 29 84 -1 30 63 60 53 76 85 -1 -1 45 29 13
 36 91 -1 47 -1 -1 45 19 -1 57 -1 -1 52 46 83 68 56 97 72 87 -1 -1 62 80
 21 29  0 87]
[1 0 0 0 1 1 0 1 1 0 0 0 0 0 1 1 1 1 1 0 0 1 1 0 0 1 1 0 1 0 0 0 0 0 0 1 0
 0 0 0 1 1 1 0 0 1 1 1 0 0 1 0 1 0 0 1 1 1 1 0 0 0 1 0 0 1 1 1 0 0 1 1 0 0
 1 1 1 1 1 1 1 0 1 1 0 1 1 0 0 0 0 0 1 1 1 1 1 0 1 0]
[1 1 3 0 0 1 1 4 3 2 2 4 0 1 0 3 0 1 1 0 0 2 4 3 0 0 0 0 4 1 0 0 0 3 0 1 0
 0 1 3 1 1 4 0 0 0 2 0 0 0 0 0 1 0 0 0 0 3 4 4 0 1 0 2 0 0 2 3 4 0 1 2 0 2
 3 2 0 3 0 1 0 1 1 2 2 0 0 0 3 0 4 1 4 2 1 1 2 4 0 3]
[1 1 3 0 0 1 1 4 3 2 2 4 0 1 0 3 0 1 1 0 0 2 4 3 0 0 0 0 4 1 0 0 0 3 0 1 0
 0 1 3 1 1 4 0 0 0 2 0 0 0 0 0 1 0 0 0 0 3 4 4 0 1 0 2 0 0 2 3 4 0 1 2 0 2
 3 2 0 3 0 1 0 1 1 2 2 0 0 0 3 0 4 1 4 2 1 1 2 4 0 3]
[5 9 7 9 7 3 9 6 4 2 8 2 5 4 8 4 6 6 6 2 5 9 9 2 4 7 3 7 8 7 1 5 3 3 2 6 9
 4 9 1 8 4 6 9 6 7 8 8 8 7 1 4 2 6 1 3 6 9 8 8 9 8 9 7 1 1 3 9 3 5 2 3 5 4
 5 3 5 8 5 6 3 2 6 8 3 8 7 7 3 5 7 2 4 7 5 6 3 1 6 2]
[5 9 7 9 7 3 9 6 4 2 8 2 5 4 8 4 6 6 6 2 5 9 9 2 4 7 3 7 8 7 1 5 3 3 2 6 9
 4 9 1 8 4 6 9 6 7 8 8 8 7 1 4 2 6 1 3 6 9 8 8 9 8 9 7 1 1 3 9 3 5 2 3 5 4
 5 3 5 8 5 6 3 2 6 8 3 8 7 7 3 5 7 2 4 7 5 6 3 1 6 2]
[27, 50, 50, 21, 14, 14, 13, 50, 49, 50, 47, 19, 50, 50, 50, 45, 32, 50, 30, 18, 29, 32, 22, 47, 49, 50, 50, 50, 11, 21, 10, 47, 50, 50, 26, 16, 40, 50, 50, 21, 12, 17, 50, 24, 50, 40, 50, 30, 50, 50, 50, 50, 16, 50, 31, 50, 33, 25, 50, 43, 50, 44, 46, 50, 50, 50, 20, 50, 40, 50, 50, 50, 50, 15, 50, 50, 39, 50, 22, 50, 50, 12, 50, 50, 34, 50, 50, 41, 50, 50, 50, 44, 50, 30, 50, 42, 50, 50, 50, 50]
[0 0 0 0 0 0 0 0 0 0 0 0 0 0 0 0 0 0 0 0 0 0 0 0 0 0 0 0 0 0 0 0 0 0 0 0 0
 0 0 0 0 0 0 0 0 0 0 0 0 0 0 0 0 0 0 0 0 0 0 0 0 0 0 0 0 0 0 0 0 0 0 0 0 0
 0 0 0 0 0 0 0 0 0 0 0 0 0 0 0 0 0 0 0 0 0 0 0 0 0 0]
[1 1 1 1 1 1 1 1 1 1 1 1 1 1 1 1 1 1 1 1 1 1 1 1 1 1 1 1 1 1 1 1 1 1 1 1 1
 1 1 1 1 1 1 1 1 1 1 1 1 1 1 1 1 1 1 1 1 1 1 1 1 1 1 1 1 1 1 1 1 1 1 1 1 1
 1 1 1 1 1 1 1 1 1 1 1 1 1 1 1 1 1 1 1 1 1 1 1 1 1 1]
