[ 0  1  2  3  4  5  6  7  8  9 10 11 12 13 14 15 16 17 18 19 20 21 22 23
 24 25 26 27 28 29 30 31 32 33 34 35 36 37 38 39 40 41 42 43 44 45 46 47
 48 49 50 51 52 53 54 55 56 57 58 59 60 61 62 63 64 65 66 67 68 69 70 71
 72 73 74 75 76 77 78 79 80 81 82 83 84 85 86 87 88 89 90 91 92 93 94 95
 96 97 98 99]
[-1 27 83 -1 70 42 -1 -1 -1 -1 -1 24 18  8 97 45 -1  3 -1 -1 -1 55 34 26
 42  5 66 54 -1 76 29 14 84 62 -1 78 58 90 22 99 46 46 87 37 -1 68 84  2
 57 96 37 57 -1 -1 55 41 95 -1 85 27 84  9  0 -1 30 -1 73 71 -1 -1 -1 30
 53 12 -1 -1 87 25 -1 13 48 65 -1 33 43 -1 38 -1  3 83 -1 18 -1 21 -1 99
 -1 -1 -1 -1]
[1 1 1 1 1 0 1 0 0 1 1 1 1 1 1 1 1 1 1 0 1 1 0 1 0 0 1 1 0 1 1 0 0 1 1 0 0
 0 1 1 1 1 0 0 0 0 0 1 1 1 1 0 0 0 1 1 1 0 0 0 0 0 1 1 1 1 1 0 0 1 1 0 0 1
 0 1 0 0 1 1 0 1 0 1 0 0 1 1 0 0 1 1 0 0 0 1 0 1 1 1]
[3 0 0 1 0 1 3 0 0 0 0 3 0 2 1 0 0 0 2 0 0 0 0 0 2 3 4 0 3 0 0 0 0 0 3 4 0
 0 0 0 0 4 2 0 0 1 0 0 2 0 0 3 0 0 0 4 0 3 1 3 1 4 0 3 1 0 1 0 0 0 0 3 0 0
 0 0 4 4 4 2 4 0 0 0 0 3 1 0 4 0 3 1 0 2 0 0 0 2 0 4]
[3 0 0 1 0 1 3 0 0 0 0 3 0 2 1 0 0 0 2 0 0 0 0 0 2 3 4 0 3 0 0 0 0 0 3 4 0
 0 0 0 0 4 2 0 0 1 0 0 2 0 0 3 0 0 0 4 0 3 1 3 1 4 0 3 1 0 1 0 0 0 0 3 0 0
 0 0 4 4 4 2 4 0 0 0 0 3 1 0 4 0 3 1 0 2 0 0 0 2 0 4]
[8 2 2 7 5 1 4 4 8 1 1 7 5 6 3 5 8 7 4 9 2 6 3 4 2 6 8 3 7 6 3 7 5 7 1 5 8
 9 7 8 6 1 8 6 5 8 9 8 4 4 8 1 5 1 2 1 4 9 4 7 8 6 7 5 6 3 9 4 1 6 7 1 3 2
 5 7 6 6 1 9 5 4 5 4 3 6 4 1 4 1 5 9 9 1 7 2 1 6 9 5]
[8 2 2 7 5 1 4 4 8 1 1 7 5 6 3 5 8 7 4 9 2 6 3 4 2 6 8 3 7 6 3 7 5 7 1 5 8
 9 7 8 6 1 8 6 5 8 9 8 4 4 8 1 5 1 2 1 4 9 4 7 8 6 7 5 6 3 9 4 1 6 7 1 3 2
 5 7 6 6 1 9 5 4 5 4 3 6 4 1 4 1 5 9 9 1 7 2 1 6 9 5]
[26, 20, 50, 45, 31, 26, 50, 50, 42, 26, 35, 47, 19, 50, 50, 37, 50, 40, 36, 22, 50, 50, 31, 17, 41, 45, 50, 45, 50, 50, 45, 50, 34, 25, 37, 27, 50, 50, 39, 50, 29, 50, 22, 50, 34, 50, 19, 50, 36, 33, 28, 16, 48, 33, 16, 33, 24, 18, 50, 50, 50, 50, 47, 43, 50, 17, 50, 29, 43, 50, 50, 13, 50, 50, 50, 50, 50, 50, 50, 49, 38, 46, 50, 50, 50, 12, 32, 50, 50, 50, 22, 43, 17, 50, 50, 50, 22, 50, 50, 50]
[0 0 0 0 0 0 0 0 0 0 0 0 0 0 0 0 0 0 0 0 0 0 0 0 0 0 0 0 0 0 0 0 0 0 0 0 0
 0 0 0 0 0 0 0 0 0 0 0 0 0 0 0 0 0 0 0 0 0 0 0 0 0 0 0 0 0 0 0 0 0 0 0 0 0
 0 0 0 0 0 0 0 0 0 0 0 0 0 0 0 0 0 0 0 0 0 0 0 0 0 0]
[1 1 1 1 1 1 1 1 1 1 1 1 1 1 1 1 1 1 1 1 1 1 1 1 1 1 1 1 1 1 1 1 1 1 1 1 1
 1 1 1 1 1 1 1 1 1 1 1 1 1 1 1 1 1 1 1 1 1 1 1 1 1 1 1 1 1 1 1 1 1 1 1 1 1
 1 1 1 1 1 1 1 1 1 1 1 1 1 1 1 1 1 1 1 1 1 1 1 1 1 1]
