[ 0  1  2  3  4  5  6  7  8  9 10 11 12 13 14 15 16 17 18 19 20 21 22 23
 24 25 26 27 28 29 30 31 32 33 34 35 36 37 38 39 40 41 42 43 44 45 46 47
 48 49 50 51 52 53 54 55 56 57 58 59 60 61 62 63 64 65 66 67 68 69 70 71
 72 73 74 75 76 77 78 79 80 81 82 83 84 85 86 87 88 89 90 91 92 93 94 95
 96 97 98 99]
[-1 56 -1 69 59 53 36 -1 -1 24 42 -1 50 71 38 93 -1 96 34 35 -1 -1  8 45
 33 -1  4 35  4 43 47 28 68 -1 -1 -1 -1 -1 -1 -1 65 71 70 95 62 38 42 26
 -1 65 -1 22 -1 64 -1 82 -1 -1  9 44 -1 22 13 10 25 70 94 -1  4 -1 64 -1
 -1 15 98 48 95 51 89 30 -1 -1 78 97 18 -1 -1 -1 11 60 -1 -1 19 -1 26 60
 19 67  5 -1]
[1 1 0 0 1 0 0 0 0 0 1 1 0 0 1 0 0 0 1 1 0 0 0 1 0 1 0 0 0 1 0 1 1 1 1 1 1
 1 0 1 0 0 0 0 0 0 0 0 1 0 0 0 1 0 1 1 1 1 0 1 1 0 1 1 0 1 1 1 0 0 1 1 1 0
 0 0 0 0 0 1 1 0 1 1 0 1 0 0 0 0 0 0 1 1 0 1 0 1 0 0]
[0 0 2 0 1 2 1 4 0 4 4 3 2 0 0 0 0 0 0 0 0 0 1 1 4 0 4 2 2 0 0 0 0 3 1 0 4
 1 4 4 0 0 3 0 3 4 1 1 0 0 0 1 0 3 2 3 3 0 0 2 1 0 2 0 0 4 0 0 2 3 4 0 0 3
 0 3 0 2 0 1 2 1 0 1 2 0 0 0 2 0 2 0 2 1 2 0 0 0 0 2]
[0 0 2 0 1 2 1 4 0 4 4 3 2 0 0 0 0 0 0 0 0 0 1 1 4 0 4 2 2 0 0 0 0 3 1 0 4
 1 4 4 0 0 3 0 3 4 1 1 0 0 0 1 0 3 2 3 3 0 0 2 1 0 2 0 0 4 0 0 2 3 4 0 0 3
 0 3 0 2 0 1 2 1 0 1 2 0 0 0 2 0 2 0 2 1 2 0 0 0 0 2]
[5 8 1 6 5 6 7 2 5 3 9 3 6 2 4 5 6 5 5 8 1 4 6 8 9 5 9 5 9 5 2 7 8 8 6 6 6
 3 2 1 7 1 5 5 5 9 7 6 3 6 4 7 4 1 5 1 2 8 5 8 9 5 2 7 9 4 1 1 2 6 8 7 4 7
 2 3 3 6 8 1 1 5 2 7 5 3 3 4 4 3 9 9 6 7 6 8 4 8 8 2]
[5 8 1 6 5 6 7 2 5 3 9 3 6 2 4 5 6 5 5 8 1 4 6 8 9 5 9 5 9 5 2 7 8 8 6 6 6
 3 2 1 7 1 5 5 5 9 7 6 3 6 4 7 4 1 5 1 2 8 5 8 9 5 2 7 9 4 1 1 2 6 8 7 4 7
 2 3 3 6 8 1 1 5 2 7 5 3 3 4 4 3 9 9 6 7 6 8 4 8 8 2]
[41, 28, 39, 17, 35, 17, 50, 50, 48, 44, 45, 50, 50, 50, 42, 50, 23, 20, 47, 50, 50, 30, 10, 50, 50, 47, 50, 37, 20, 26, 50, 50, 37, 27, 40, 48, 50, 41, 32, 50, 44, 43, 50, 50, 33, 50, 50, 29, 42, 12, 50, 48, 14, 15, 16, 50, 23, 50, 50, 20, 40, 50, 25, 50, 33, 50, 50, 50, 50, 50, 41, 50, 46, 19, 39, 50, 50, 50, 14, 40, 50, 50, 50, 32, 50, 35, 50, 45, 27, 47, 50, 50, 19, 26, 32, 18, 50, 50, 50, 42]
[0 0 0 0 0 0 0 0 0 0 0 0 0 0 0 0 0 0 0 0 0 0 0 0 0 0 0 0 0 0 0 0 0 0 0 0 0
 0 0 0 0 0 0 0 0 0 0 0 0 0 0 0 0 0 0 0 0 0 0 0 0 0 0 0 0 0 0 0 0 0 0 0 0 0
 0 0 0 0 0 0 0 0 0 0 0 0 0 0 0 0 0 0 0 0 0 0 0 0 0 0]
[1 1 1 1 1 1 1 1 1 1 1 1 1 1 1 1 1 1 1 1 1 1 1 1 1 1 1 1 1 1 1 1 1 1 1 1 1
 1 1 1 1 1 1 1 1 1 1 1 1 1 1 1 1 1 1 1 1 1 1 1 1 1 1 1 1 1 1 1 1 1 1 1 1 1
 1 1 1 1 1 1 1 1 1 1 1 1 1 1 1 1 1 1 1 1 1 1 1 1 1 1]
