[ 0  1  2  3  4  5  6  7  8  9 10 11 12 13 14 15 16 17 18 19 20 21 22 23
 24 25 26 27 28 29 30 31 32 33 34 35 36 37 38 39 40 41 42 43 44 45 46 47
 48 49 50 51 52 53 54 55 56 57 58 59 60 61 62 63 64 65 66 67 68 69 70 71
 72 73 74 75 76 77 78 79 80 81 82 83 84 85 86 87 88 89 90 91 92 93 94 95
 96 97 98 99]
[54 36 -1 87 16 11 66 16 -1 89 58 -1 29 32 -1 -1 61 90 -1 86 70 61 27 96
 -1 -1  0 -1 65 23 27 48 -1 80 62 -1 32 -1  7 45 -1 -1 -1 79 37 83 61 66
 81  0 -1 -1  3 69 84 89 50 56 99 18 -1 84 38 -1 -1 -1 -1 29 -1 99  7 70
 -1 93 41 61 -1 -1 49 53 73 21 72 36 -1 34 36 -1 -1 58 47 39 -1  6 -1 -1
 -1 92 18 -1]
[0 1 1 0 1 1 1 1 1 1 0 1 1 1 1 0 1 1 1 0 0 0 1 1 1 0 1 0 1 1 0 1 1 1 1 0 1
 0 0 0 0 1 1 0 0 0 1 0 1 1 1 1 1 0 0 1 0 1 0 0 1 1 1 1 0 1 1 0 0 1 0 1 1 0
 1 0 0 0 1 0 0 0 1 1 0 1 0 0 1 0 1 0 0 0 1 0 1 0 1 0]
[0 0 0 2 1 2 0 0 4 0 0 4 0 4 4 1 0 1 3 0 0 0 3 0 0 0 2 4 0 0 0 4 3 0 0 0 2
 0 0 0 0 3 0 0 0 0 3 3 2 2 0 1 0 3 0 2 3 1 0 3 3 1 4 2 1 2 2 4 1 0 0 0 3 0
 2 2 2 2 3 0 4 0 0 2 0 0 3 2 0 0 0 4 1 3 2 1 0 0 2 0]
[0 0 0 2 1 2 0 0 4 0 0 4 0 4 4 1 0 1 3 0 0 0 3 0 0 0 2 4 0 0 0 4 3 0 0 0 2
 0 0 0 0 3 0 0 0 0 3 3 2 2 0 1 0 3 0 2 3 1 0 3 3 1 4 2 1 2 2 4 1 0 0 0 3 0
 2 2 2 2 3 0 4 0 0 2 0 0 3 2 0 0 0 4 1 3 2 1 0 0 2 0]
[9 5 1 5 9 9 5 2 3 8 8 5 8 2 4 3 5 9 5 6 7 7 8 1 6 1 5 7 4 4 4 2 1 7 3 5 4
 6 4 5 5 7 6 6 4 7 6 1 9 3 9 3 8 8 1 3 5 1 1 5 3 1 5 4 9 4 2 9 5 7 7 1 6 8
 2 5 3 4 3 7 1 6 3 4 7 6 7 7 8 3 3 8 8 6 4 2 7 6 2 2]
[9 5 1 5 9 9 5 2 3 8 8 5 8 2 4 3 5 9 5 6 7 7 8 1 6 1 5 7 4 4 4 2 1 7 3 5 4
 6 4 5 5 7 6 6 4 7 6 1 9 3 9 3 8 8 1 3 5 1 1 5 3 1 5 4 9 4 2 9 5 7 7 1 6 8
 2 5 3 4 3 7 1 6 3 4 7 6 7 7 8 3 3 8 8 6 4 2 7 6 2 2]
[50, 21, 50, 45, 47, 50, 41, 46, 50, 50, 29, 25, 32, 50, 30, 30, 35, 20, 50, 50, 28, 50, 50, 50, 37, 50, 50, 50, 17, 50, 24, 27, 36, 39, 44, 46, 27, 50, 50, 50, 50, 50, 50, 42, 29, 50, 50, 42, 42, 50, 50, 50, 50, 28, 17, 50, 50, 20, 34, 50, 50, 18, 23, 50, 13, 50, 50, 50, 11, 24, 50, 47, 10, 26, 50, 25, 50, 50, 18, 50, 50, 17, 50, 41, 11, 50, 50, 50, 21, 44, 50, 50, 50, 18, 21, 50, 50, 32, 50, 50]
[0 0 0 0 0 0 0 0 0 0 0 0 0 0 0 0 0 0 0 0 0 0 0 0 0 0 0 0 0 0 0 0 0 0 0 0 0
 0 0 0 0 0 0 0 0 0 0 0 0 0 0 0 0 0 0 0 0 0 0 0 0 0 0 0 0 0 0 0 0 0 0 0 0 0
 0 0 0 0 0 0 0 0 0 0 0 0 0 0 0 0 0 0 0 0 0 0 0 0 0 0]
[1 1 1 1 1 1 1 1 1 1 1 1 1 1 1 1 1 1 1 1 1 1 1 1 1 1 1 1 1 1 1 1 1 1 1 1 1
 1 1 1 1 1 1 1 1 1 1 1 1 1 1 1 1 1 1 1 1 1 1 1 1 1 1 1 1 1 1 1 1 1 1 1 1 1
 1 1 1 1 1 1 1 1 1 1 1 1 1 1 1 1 1 1 1 1 1 1 1 1 1 1]
