[ 0  1  2  3  4  5  6  7  8  9 10 11 12 13 14 15 16 17 18 19 20 21 22 23
 24 25 26 27 28 29 30 31 32 33 34 35 36 37 38 39 40 41 42 43 44 45 46 47
 48 49 50 51 52 53 54 55 56 57 58 59 60 61 62 63 64 65 66 67 68 69 70 71
 72 73 74 75 76 77 78 79 80 81 82 83 84 85 86 87 88 89 90 91 92 93 94 95
 96 97 98 99]
[-1 21 73 44 76 -1 35 94 51 -1 -1 -1 -1 -1 -1 94 -1 -1 79 -1 25 43 93 63
 69 -1 -1 -1 37 97 69  6 91 20 97 45 39 84 67 -1  2 -1 -1 83 15 23 91 87
 -1 30 54 -1 -1 80 74 87 57 15 69 45 87 22 -1 44 -1 54 -1 66 49 32 44 -1
 -1 38 19 -1 -1 -1 24  3 90  0 -1 32 66  0 99 -1 -1 -1 21 88 39 -1 -1 -1
  7  3  9 -1]
[0 1 0 1 1 1 1 1 0 0 1 1 0 1 1 0 1 0 0 1 0 0 0 1 0 0 1 0 0 1 0 0 1 1 0 0 0
 0 0 1 0 1 1 1 0 1 0 0 0 0 0 1 1 0 1 1 0 0 0 1 0 1 1 1 0 0 0 0 1 1 1 1 1 1
 0 1 0 0 0 1 0 1 1 1 0 0 0 1 0 1 1 1 0 1 0 0 1 1 0 0]
[0 1 0 3 0 2 1 0 2 4 0 4 0 0 4 0 4 3 0 0 1 1 3 3 4 0 0 1 0 1 1 0 1 1 1 0 2
 4 0 0 3 3 0 2 2 0 3 2 0 3 0 1 0 0 3 2 4 0 1 0 1 0 1 1 2 4 1 2 0 4 0 2 0 3
 0 4 0 4 0 4 4 2 0 3 1 0 0 4 4 0 2 4 0 0 1 0 1 4 0 0]
[0 1 0 3 0 2 1 0 2 4 0 4 0 0 4 0 4 3 0 0 1 1 3 3 4 0 0 1 0 1 1 0 1 1 1 0 2
 4 0 0 3 3 0 2 2 0 3 2 0 3 0 1 0 0 3 2 4 0 1 0 1 0 1 1 2 4 1 2 0 4 0 2 0 3
 0 4 0 4 0 4 4 2 0 3 1 0 0 4 4 0 2 4 0 0 1 0 1 4 0 0]
[1 3 8 6 5 3 3 3 2 2 1 3 4 7 5 7 1 8 3 8 7 2 7 8 6 3 6 6 3 6 6 3 9 6 5 7 6
 9 6 9 8 3 4 3 9 1 1 8 2 7 2 7 2 7 1 5 8 8 2 2 3 9 3 9 1 7 1 6 3 3 5 8 2 5
 9 8 1 5 5 5 4 9 4 6 9 7 4 2 1 5 9 6 9 2 8 6 4 7 6 4]
[1 3 8 6 5 3 3 3 2 2 1 3 4 7 5 7 1 8 3 8 7 2 7 8 6 3 6 6 3 6 6 3 9 6 5 7 6
 9 6 9 8 3 4 3 9 1 1 8 2 7 2 7 2 7 1 5 8 8 2 2 3 9 3 9 1 7 1 6 3 3 5 8 2 5
 9 8 1 5 5 5 4 9 4 6 9 7 4 2 1 5 9 6 9 2 8 6 4 7 6 4]
[47, 47, 50, 44, 32, 27, 50, 50, 23, 25, 50, 27, 37, 50, 50, 50, 15, 50, 50, 35, 22, 20, 50, 50, 25, 50, 39, 19, 28, 50, 34, 50, 50, 50, 47, 50, 50, 14, 50, 46, 25, 12, 50, 50, 45, 44, 50, 48, 45, 50, 50, 29, 15, 50, 50, 18, 50, 16, 50, 41, 50, 37, 23, 50, 50, 23, 50, 50, 45, 23, 43, 43, 21, 20, 50, 50, 50, 50, 50, 50, 18, 50, 48, 42, 22, 34, 50, 50, 50, 50, 39, 50, 50, 23, 50, 21, 16, 50, 50, 18]
[0 0 0 0 0 0 0 0 0 0 0 0 0 0 0 0 0 0 0 0 0 0 0 0 0 0 0 0 0 0 0 0 0 0 0 0 0
 0 0 0 0 0 0 0 0 0 0 0 0 0 0 0 0 0 0 0 0 0 0 0 0 0 0 0 0 0 0 0 0 0 0 0 0 0
 0 0 0 0 0 0 0 0 0 0 0 0 0 0 0 0 0 0 0 0 0 0 0 0 0 0]
[1 1 1 1 1 1 1 1 1 1 1 1 1 1 1 1 1 1 1 1 1 1 1 1 1 1 1 1 1 1 1 1 1 1 1 1 1
 1 1 1 1 1 1 1 1 1 1 1 1 1 1 1 1 1 1 1 1 1 1 1 1 1 1 1 1 1 1 1 1 1 1 1 1 1
 1 1 1 1 1 1 1 1 1 1 1 1 1 1 1 1 1 1 1 1 1 1 1 1 1 1]
