[ 0  1  2  3  4  5  6  7  8  9 10 11 12 13 14 15 16 17 18 19 20 21 22 23
 24 25 26 27 28 29 30 31 32 33 34 35 36 37 38 39 40 41 42 43 44 45 46 47
 48 49 50 51 52 53 54 55 56 57 58 59 60 61 62 63 64 65 66 67 68 69 70 71
 72 73 74 75 76 77 78 79 80 81 82 83 84 85 86 87 88 89 90 91 92 93 94 95
 96 97 98 99]
[87 42 56 59 71 -1 -1 44 96 28 81 22 98 99 63 63  8 -1 26 -1 78 84 93 26
 -1 61 -1 62 92 47 72 23 -1 -1 43 31  4 -1 48 26 78 -1  3 74 -1 -1 80 -1
 75 38  9 72  1 -1 -1 -1 13 -1 74 24 -1 -1 -1 12 -1 47 84 79 -1 -1 14 61
 -1 94 80 83 10 83 94 46 70  6 20 17 53 -1 60 -1 -1 -1 -1 -1 79 -1 26 -1
 80 -1 -1 61]
[1 0 1 1 1 1 1 0 0 1 1 1 1 0 1 0 1 1 0 1 1 1 0 1 0 1 1 0 1 1 1 1 1 0 0 0 1
 0 1 1 1 1 1 1 0 0 1 1 1 1 0 0 1 1 0 1 1 1 0 0 1 1 0 0 0 1 1 0 0 0 0 0 0 1
 1 1 1 1 0 1 1 1 1 0 1 0 0 1 1 0 0 1 1 0 0 1 0 1 0 0]
[0 0 0 0 0 0 0 2 0 0 3 4 3 0 0 1 0 0 2 2 0 3 0 2 0 4 0 2 3 0 3 2 2 0 1 1 4
 4 0 0 2 0 2 4 3 0 0 0 0 1 0 0 1 1 3 0 0 0 0 1 1 0 0 0 2 1 2 2 0 2 0 2 2 0
 0 3 0 0 3 2 0 2 0 2 1 2 2 0 0 0 0 1 0 1 0 0 0 0 0 1]
[0 0 0 0 0 0 0 2 0 0 3 4 3 0 0 1 0 0 2 2 0 3 0 2 0 4 0 2 3 0 3 2 2 0 1 1 4
 4 0 0 2 0 2 4 3 0 0 0 0 1 0 0 1 1 3 0 0 0 0 1 1 0 0 0 2 1 2 2 0 2 0 2 2 0
 0 3 0 0 3 2 0 2 0 2 1 2 2 0 0 0 0 1 0 1 0 0 0 0 0 1]
[5 6 3 1 4 5 5 3 9 7 6 6 2 7 1 7 2 3 8 2 3 9 6 5 9 9 9 8 7 4 8 6 3 9 6 1 9
 1 4 7 2 6 3 2 8 1 1 3 2 3 6 9 7 4 3 5 9 7 9 2 7 8 4 8 3 6 4 8 7 3 7 3 1 5
 3 5 1 6 1 5 3 8 3 6 3 6 3 4 4 3 2 9 8 3 4 9 7 3 2 2]
[5 6 3 1 4 5 5 3 9 7 6 6 2 7 1 7 2 3 8 2 3 9 6 5 9 9 9 8 7 4 8 6 3 9 6 1 9
 1 4 7 2 6 3 2 8 1 1 3 2 3 6 9 7 4 3 5 9 7 9 2 7 8 4 8 3 6 4 8 7 3 7 3 1 5
 3 5 1 6 1 5 3 8 3 6 3 6 3 4 4 3 2 9 8 3 4 9 7 3 2 2]
[50, 36, 41, 26, 18, 31, 31, 50, 50, 38, 50, 27, 50, 50, 38, 50, 50, 50, 25, 50, 50, 50, 50, 21, 43, 50, 13, 50, 50, 18, 50, 50, 20, 50, 42, 42, 15, 13, 50, 50, 10, 50, 33, 50, 50, 50, 28, 50, 10, 36, 50, 18, 48, 39, 50, 10, 50, 31, 50, 50, 48, 50, 37, 15, 50, 31, 48, 25, 50, 34, 50, 26, 50, 50, 50, 50, 50, 50, 50, 47, 50, 12, 39, 48, 29, 50, 13, 50, 11, 50, 50, 27, 50, 32, 50, 50, 50, 27, 50, 50]
[0 0 0 0 0 0 0 0 0 0 0 0 0 0 0 0 0 0 0 0 0 0 0 0 0 0 0 0 0 0 0 0 0 0 0 0 0
 0 0 0 0 0 0 0 0 0 0 0 0 0 0 0 0 0 0 0 0 0 0 0 0 0 0 0 0 0 0 0 0 0 0 0 0 0
 0 0 0 0 0 0 0 0 0 0 0 0 0 0 0 0 0 0 0 0 0 0 0 0 0 0]
[1 1 1 1 1 1 1 1 1 1 1 1 1 1 1 1 1 1 1 1 1 1 1 1 1 1 1 1 1 1 1 1 1 1 1 1 1
 1 1 1 1 1 1 1 1 1 1 1 1 1 1 1 1 1 1 1 1 1 1 1 1 1 1 1 1 1 1 1 1 1 1 1 1 1
 1 1 1 1 1 1 1 1 1 1 1 1 1 1 1 1 1 1 1 1 1 1 1 1 1 1]
