[ 0  1  2  3  4  5  6  7  8  9 10 11 12 13 14 15 16 17 18 19 20 21 22 23
 24 25 26 27 28 29 30 31 32 33 34 35 36 37 38 39 40 41 42 43 44 45 46 47
 48 49 50 51 52 53 54 55 56 57 58 59 60 61 62 63 64 65 66 67 68 69 70 71
 72 73 74 75 76 77 78 79 80 81 82 83 84 85 86 87 88 89 90 91 92 93 94 95
 96 97 98 99]
[32 21 94 65 56 13 -1 94 68 -1 72 25 44 17 51 87 58 29 -1 96 26 -1 26 68
 69 86 96 80 97 34 40 -1 -1 18  6 -1 19 11 22 96 -1 -1  5 -1 27 40 97  5
 -1  3 -1 -1 58 -1 84  9 -1 89 -1 87 -1 62 -1 -1 81 -1 -1 50  2 -1 52 -1
 77  1 93 99 -1 44 -1 55 42 15 86 69 -1 93 92 67 60  3 49 -1 27 -1 10 36
 86 -1 -1 89]
[1 1 0 0 1 0 1 1 1 1 0 1 0 1 0 0 1 1 0 1 1 0 0 1 1 0 0 0 1 1 1 1 0 1 0 0 1
 1 0 0 1 1 1 1 0 0 1 1 0 0 1 1 1 0 0 1 1 1 1 1 0 0 0 1 1 1 1 0 1 0 0 1 0 1
 1 0 0 0 1 1 0 0 1 0 0 0 0 0 0 1 0 1 0 0 0 0 1 0 1 1]
[0 1 3 0 0 0 3 3 2 0 1 0 4 2 0 1 0 0 4 0 2 3 2 1 2 0 0 1 0 0 2 0 0 4 0 1 2
 3 0 3 1 0 4 4 0 0 0 0 0 4 0 3 0 0 0 0 2 0 0 2 0 2 3 0 4 3 2 0 3 0 0 3 0 3
 0 1 0 0 3 4 3 0 0 3 0 3 2 0 0 0 3 1 4 2 3 4 0 0 4 0]
[0 1 3 0 0 0 3 3 2 0 1 0 4 2 0 1 0 0 4 0 2 3 2 1 2 0 0 1 0 0 2 0 0 4 0 1 2
 3 0 3 1 0 4 4 0 0 0 0 0 4 0 3 0 0 0 0 2 0 0 2 0 2 3 0 4 3 2 0 3 0 0 3 0 3
 0 1 0 0 3 4 3 0 0 3 0 3 2 0 0 0 3 1 4 2 3 4 0 0 4 0]
[5 7 7 3 5 3 6 2 4 7 6 6 3 3 1 4 1 4 5 6 2 6 4 2 5 7 7 1 6 7 1 3 1 7 8 3 5
 4 4 4 8 3 8 8 9 1 8 2 5 6 6 1 8 3 2 4 4 4 6 3 6 8 6 5 3 8 2 7 4 8 8 4 1 4
 9 7 3 5 2 7 8 2 8 9 5 3 1 6 7 8 6 1 5 2 8 6 1 8 8 4]
[5 7 7 3 5 3 6 2 4 7 6 6 3 3 1 4 1 4 5 6 2 6 4 2 5 7 7 1 6 7 1 3 1 7 8 3 5
 4 4 4 8 3 8 8 9 1 8 2 5 6 6 1 8 3 2 4 4 4 6 3 6 8 6 5 3 8 2 7 4 8 8 4 1 4
 9 7 3 5 2 7 8 2 8 9 5 3 1 6 7 8 6 1 5 2 8 6 1 8 8 4]
[15, 50, 45, 50, 50, 44, 16, 46, 50, 48, 39, 49, 32, 50, 47, 12, 41, 35, 31, 50, 50, 22, 33, 47, 24, 50, 50, 50, 50, 21, 50, 20, 48, 30, 12, 50, 23, 50, 16, 44, 50, 47, 40, 48, 11, 50, 25, 50, 50, 49, 21, 50, 50, 29, 17, 50, 50, 50, 16, 50, 14, 27, 50, 43, 43, 48, 28, 50, 33, 50, 50, 47, 31, 45, 50, 33, 21, 32, 49, 50, 50, 44, 39, 47, 50, 50, 50, 41, 40, 50, 10, 46, 41, 38, 50, 50, 41, 29, 49, 48]
[0 0 0 0 0 0 0 0 0 0 0 0 0 0 0 0 0 0 0 0 0 0 0 0 0 0 0 0 0 0 0 0 0 0 0 0 0
 0 0 0 0 0 0 0 0 0 0 0 0 0 0 0 0 0 0 0 0 0 0 0 0 0 0 0 0 0 0 0 0 0 0 0 0 0
 0 0 0 0 0 0 0 0 0 0 0 0 0 0 0 0 0 0 0 0 0 0 0 0 0 0]
[1 1 1 1 1 1 1 1 1 1 1 1 1 1 1 1 1 1 1 1 1 1 1 1 1 1 1 1 1 1 1 1 1 1 1 1 1
 1 1 1 1 1 1 1 1 1 1 1 1 1 1 1 1 1 1 1 1 1 1 1 1 1 1 1 1 1 1 1 1 1 1 1 1 1
 1 1 1 1 1 1 1 1 1 1 1 1 1 1 1 1 1 1 1 1 1 1 1 1 1 1]
