[ 0  1  2  3  4  5  6  7  8  9 10 11 12 13 14 15 16 17 18 19 20 21 22 23
 24 25 26 27 28 29 30 31 32 33 34 35 36 37 38 39 40 41 42 43 44 45 46 47
 48 49 50 51 52 53 54 55 56 57 58 59 60 61 62 63 64 65 66 67 68 69 70 71
 72 73 74 75 76 77 78 79 80 81 82 83 84 85 86 87 88 89 90 91 92 93 94 95
 96 97 98 99]
[-1 -1 49 14  9 -1 -1 44 -1 -1 -1 -1 47  5  9 82 -1 73 45 77 -1 29 35 96
 99 66  2 85  0 16 -1 70 38  5 41 86 -1  3  5 30 53 53 46 18 -1 -1 -1 76
 83 -1 52 -1 -1 66 26 76 29 -1 -1 88 -1 39 -1 -1 -1 -1 -1 -1 -1 17 22 -1
 -1 87 10 66 -1 36 -1 -1  9 -1 78 -1 -1 -1 90 72 -1  9 -1 -1 85 43 42 33
 -1 21 90 53]
[1 0 1 1 0 1 0 1 1 0 1 1 0 1 0 0 0 0 1 1 0 1 0 1 0 0 1 1 1 1 0 1 0 1 1 0 1
 0 0 1 1 0 0 1 1 1 0 0 0 0 0 1 1 0 1 1 0 0 1 1 0 0 0 0 0 0 1 1 1 0 0 0 1 0
 1 0 0 1 1 1 1 0 1 0 1 1 1 1 0 1 1 0 1 0 0 0 0 0 0 1]
[0 0 0 3 0 2 2 0 4 3 0 2 0 0 4 1 4 0 0 0 0 0 1 0 2 3 0 0 4 3 4 0 2 0 0 3 0
 1 0 3 0 3 1 0 0 1 0 0 0 3 0 1 0 3 1 2 0 0 2 0 3 0 2 0 3 3 0 0 0 0 0 3 1 2
 1 2 1 0 0 4 0 0 0 0 2 3 0 0 0 0 0 0 3 2 0 2 2 3 0 2]
[0 0 0 3 0 2 2 0 4 3 0 2 0 0 4 1 4 0 0 0 0 0 1 0 2 3 0 0 4 3 4 0 2 0 0 3 0
 1 0 3 0 3 1 0 0 1 0 0 0 3 0 1 0 3 1 2 0 0 2 0 3 0 2 0 3 3 0 0 0 0 0 3 1 2
 1 2 1 0 0 4 0 0 0 0 2 3 0 0 0 0 0 0 3 2 0 2 2 3 0 2]
[7 5 2 5 1 5 3 1 2 9 2 1 7 3 3 7 4 1 1 3 9 8 3 7 7 3 8 2 7 2 2 9 3 2 7 9 2
 1 3 1 5 3 8 7 7 3 1 7 9 7 5 7 5 6 2 9 9 8 7 9 1 5 4 2 3 9 5 1 6 7 4 7 3 6
 1 3 6 5 3 3 1 6 9 2 9 4 4 2 9 3 4 1 1 2 7 6 3 2 5 1]
[7 5 2 5 1 5 3 1 2 9 2 1 7 3 3 7 4 1 1 3 9 8 3 7 7 3 8 2 7 2 2 9 3 2 7 9 2
 1 3 1 5 3 8 7 7 3 1 7 9 7 5 7 5 6 2 9 9 8 7 9 1 5 4 2 3 9 5 1 6 7 4 7 3 6
 1 3 6 5 3 3 1 6 9 2 9 4 4 2 9 3 4 1 1 2 7 6 3 2 5 1]
[50, 50, 37, 50, 30, 50, 17, 50, 50, 36, 23, 43, 50, 39, 50, 50, 50, 10, 24, 50, 34, 50, 50, 36, 42, 19, 10, 50, 50, 14, 50, 50, 50, 24, 17, 50, 50, 50, 47, 49, 50, 50, 45, 17, 24, 50, 50, 29, 39, 47, 50, 50, 50, 50, 11, 41, 29, 50, 47, 50, 40, 38, 50, 22, 50, 50, 36, 50, 50, 44, 36, 50, 50, 20, 25, 50, 19, 35, 41, 38, 50, 46, 50, 30, 50, 50, 18, 49, 50, 24, 11, 12, 42, 44, 50, 50, 50, 31, 19, 50]
[0 0 0 0 0 0 0 0 0 0 0 0 0 0 0 0 0 0 0 0 0 0 0 0 0 0 0 0 0 0 0 0 0 0 0 0 0
 0 0 0 0 0 0 0 0 0 0 0 0 0 0 0 0 0 0 0 0 0 0 0 0 0 0 0 0 0 0 0 0 0 0 0 0 0
 0 0 0 0 0 0 0 0 0 0 0 0 0 0 0 0 0 0 0 0 0 0 0 0 0 0]
[1 1 1 1 1 1 1 1 1 1 1 1 1 1 1 1 1 1 1 1 1 1 1 1 1 1 1 1 1 1 1 1 1 1 1 1 1
 1 1 1 1 1 1 1 1 1 1 1 1 1 1 1 1 1 1 1 1 1 1 1 1 1 1 1 1 1 1 1 1 1 1 1 1 1
 1 1 1 1 1 1 1 1 1 1 1 1 1 1 1 1 1 1 1 1 1 1 1 1 1 1]
