[ 0  1  2  3  4  5  6  7  8  9 10 11 12 13 14 15 16 17 18 19 20 21 22 23
 24 25 26 27 28 29 30 31 32 33 34 35 36 37 38 39 40 41 42 43 44 45 46 47
 48 49 50 51 52 53 54 55 56 57 58 59 60 61 62 63 64 65 66 67 68 69 70 71
 72 73 74 75 76 77 78 79 80 81 82 83 84 85 86 87 88 89 90 91 92 93 94 95
 96 97 98 99]
[-1 -1 16 18 -1 29 -1 95 -1 59 23 -1 20 46 -1 54 -1 -1 -1 72 -1 59 34 -1
 -1 73 -1 37 10 -1 -1 21 -1 30 78 88 -1 72 40  3 13 84 -1 93 46 -1 72 -1
 -1 29 -1 74  8 57 96 -1 75 -1 -1 26 -1 12  1 86 -1 29  1 21 96 -1 47 91
 65 34 46 64 44 -1  9 90 -1 43 54 80 73 -1 55 -1 75 40 24 46 56 31  7 14
 83 30 22 -1]
[1 0 1 1 0 0 1 0 0 1 1 0 0 1 0 0 1 0 0 1 1 0 1 0 0 0 0 0 0 1 1 1 0 0 0 0 0
 0 0 1 0 1 0 0 0 0 1 1 0 1 1 0 1 0 1 1 1 1 0 0 1 0 1 0 1 0 1 1 1 0 0 0 0 1
 1 1 0 0 1 1 1 1 1 1 1 1 0 0 1 1 1 0 0 0 0 1 0 1 1 1]
[0 0 4 0 1 0 1 0 3 0 0 0 0 2 0 4 2 0 0 0 1 0 4 0 0 4 1 0 4 2 4 0 0 0 0 0 1
 1 1 4 0 0 2 4 0 0 1 2 0 0 0 1 3 0 2 4 2 0 0 0 0 1 0 1 3 0 2 0 0 2 0 0 2 1
 0 0 2 0 2 0 4 0 0 0 0 0 0 1 2 4 0 0 4 4 0 1 0 3 0 2]
[0 0 4 0 1 0 1 0 3 0 0 0 0 2 0 4 2 0 0 0 1 0 4 0 0 4 1 0 4 2 4 0 0 0 0 0 1
 1 1 4 0 0 2 4 0 0 1 2 0 0 0 1 3 0 2 4 2 0 0 0 0 1 0 1 3 0 2 0 0 2 0 0 2 1
 0 0 2 0 2 0 4 0 0 0 0 0 0 1 2 4 0 0 4 4 0 1 0 3 0 2]
[2 5 8 7 4 1 3 5 8 9 9 3 9 5 2 5 5 5 4 4 8 7 4 6 1 1 7 9 8 6 2 6 3 5 1 7 7
 8 2 9 5 7 4 1 4 1 8 2 3 9 1 4 4 7 9 7 3 6 2 4 7 4 3 4 7 1 4 9 2 9 1 6 9 8
 2 4 6 3 3 3 4 3 7 2 6 5 4 8 5 1 7 3 7 4 6 8 4 9 8 6]
[2 5 8 7 4 1 3 5 8 9 9 3 9 5 2 5 5 5 4 4 8 7 4 6 1 1 7 9 8 6 2 6 3 5 1 7 7
 8 2 9 5 7 4 1 4 1 8 2 3 9 1 4 4 7 9 7 3 6 2 4 7 4 3 4 7 1 4 9 2 9 1 6 9 8
 2 4 6 3 3 3 4 3 7 2 6 5 4 8 5 1 7 3 7 4 6 8 4 9 8 6]
[26, 22, 50, 32, 50, 13, 50, 28, 13, 35, 50, 50, 50, 50, 50, 24, 50, 25, 13, 50, 30, 50, 36, 13, 19, 50, 50, 22, 50, 50, 50, 11, 10, 50, 50, 50, 24, 28, 41, 50, 50, 49, 50, 50, 10, 50, 50, 41, 50, 45, 45, 22, 36, 50, 45, 50, 47, 50, 23, 46, 42, 31, 50, 50, 38, 50, 33, 42, 50, 50, 50, 19, 48, 14, 50, 50, 50, 16, 50, 50, 50, 12, 50, 49, 50, 50, 50, 50, 11, 50, 50, 50, 50, 27, 50, 50, 28, 36, 30, 50]
[0 0 0 0 0 0 0 0 0 0 0 0 0 0 0 0 0 0 0 0 0 0 0 0 0 0 0 0 0 0 0 0 0 0 0 0 0
 0 0 0 0 0 0 0 0 0 0 0 0 0 0 0 0 0 0 0 0 0 0 0 0 0 0 0 0 0 0 0 0 0 0 0 0 0
 0 0 0 0 0 0 0 0 0 0 0 0 0 0 0 0 0 0 0 0 0 0 0 0 0 0]
[1 1 1 1 1 1 1 1 1 1 1 1 1 1 1 1 1 1 1 1 1 1 1 1 1 1 1 1 1 1 1 1 1 1 1 1 1
 1 1 1 1 1 1 1 1 1 1 1 1 1 1 1 1 1 1 1 1 1 1 1 1 1 1 1 1 1 1 1 1 1 1 1 1 1
 1 1 1 1 1 1 1 1 1 1 1 1 1 1 1 1 1 1 1 1 1 1 1 1 1 1]
