[ 0  1  2  3  4  5  6  7  8  9 10 11 12 13 14 15 16 17 18 19 20 21 22 23
 24 25 26 27 28 29 30 31 32 33 34 35 36 37 38 39 40 41 42 43 44 45 46 47
 48 49 50 51 52 53 54 55 56 57 58 59 60 61 62 63 64 65 66 67 68 69 70 71
 72 73 74 75 76 77 78 79 80 81 82 83 84 85 86 87 88 89 90 91 92 93 94 95
 96 97 98 99]
[99 67 91 46 52 78 84 -1 84 12 -1 -1 -1 97 24 79 60 46 -1 39 -1 59 32 24
 -1 17  1 63 72 73 -1 78 85 70 25 44 96 40 58 91 -1  0 -1 -1 83 91 -1 -1
 54 -1 26 22  6 39 49 -1 50 -1 50 55 45 35 -1 -1 -1 61 -1 -1 81 91 25 -1
 -1 87 -1 66 11 -1 21 63 87 -1 23 -1 -1 88 16  9 31 -1 75 50 26 -1 89  8
 22 94 -1 76]
[1 1 0 1 1 1 0 1 0 0 1 0 0 1 0 0 1 1 1 1 0 1 0 1 1 1 0 1 1 1 1 1 0 0 1 1 1
 0 0 0 1 0 0 0 0 0 0 0 0 0 1 1 0 1 1 0 0 1 0 0 0 0 1 1 0 1 0 0 0 1 0 0 0 1
 0 0 0 0 0 1 0 1 0 0 0 0 0 1 0 1 0 0 1 0 1 0 0 0 1 0]
[0 2 1 3 0 0 1 0 0 4 0 3 4 3 0 1 4 0 0 2 0 0 4 4 0 0 4 0 0 0 0 3 3 0 1 0 1
 0 1 0 2 3 0 4 4 2 1 0 4 4 1 3 2 4 4 0 1 4 1 0 1 3 0 3 2 0 1 1 0 0 0 0 3 0
 2 0 4 3 4 2 0 0 0 0 0 3 0 1 4 0 0 4 0 0 1 4 4 4 0 2]
[0 2 1 3 0 0 1 0 0 4 0 3 4 3 0 1 4 0 0 2 0 0 4 4 0 0 4 0 0 0 0 3 3 0 1 0 1
 0 1 0 2 3 0 4 4 2 1 0 4 4 1 3 2 4 4 0 1 4 1 0 1 3 0 3 2 0 1 1 0 0 0 0 3 0
 2 0 4 3 4 2 0 0 0 0 0 3 0 1 4 0 0 4 0 0 1 4 4 4 0 2]
[2 7 2 1 5 9 4 7 5 5 7 6 3 9 5 3 4 6 1 5 7 5 2 6 6 4 9 5 5 5 1 9 1 8 7 6 8
 2 3 2 2 3 3 2 8 3 2 6 5 8 5 6 7 5 4 6 1 7 6 1 7 4 5 9 3 8 4 8 1 4 9 4 2 3
 6 2 3 8 4 3 7 8 2 2 7 3 5 2 5 7 5 1 3 3 8 2 9 1 4 7]
[2 7 2 1 5 9 4 7 5 5 7 6 3 9 5 3 4 6 1 5 7 5 2 6 6 4 9 5 5 5 1 9 1 8 7 6 8
 2 3 2 2 3 3 2 8 3 2 6 5 8 5 6 7 5 4 6 1 7 6 1 7 4 5 9 3 8 4 8 1 4 9 4 2 3
 6 2 3 8 4 3 7 8 2 2 7 3 5 2 5 7 5 1 3 3 8 2 9 1 4 7]
[50, 11, 30, 50, 50, 50, 50, 25, 50, 50, 50, 30, 26, 44, 50, 50, 50, 50, 12, 50, 50, 50, 24, 50, 50, 40, 13, 50, 10, 50, 50, 50, 50, 34, 30, 41, 47, 44, 50, 50, 28, 32, 50, 13, 38, 50, 50, 50, 33, 50, 12, 50, 36, 50, 50, 16, 50, 25, 50, 47, 39, 50, 50, 32, 26, 11, 43, 50, 32, 50, 24, 28, 31, 39, 43, 50, 50, 50, 50, 20, 50, 50, 15, 50, 24, 50, 50, 27, 50, 13, 23, 36, 50, 50, 39, 17, 50, 47, 50, 50]
[0 0 0 0 0 0 0 0 0 0 0 0 0 0 0 0 0 0 0 0 0 0 0 0 0 0 0 0 0 0 0 0 0 0 0 0 0
 0 0 0 0 0 0 0 0 0 0 0 0 0 0 0 0 0 0 0 0 0 0 0 0 0 0 0 0 0 0 0 0 0 0 0 0 0
 0 0 0 0 0 0 0 0 0 0 0 0 0 0 0 0 0 0 0 0 0 0 0 0 0 0]
[1 1 1 1 1 1 1 1 1 1 1 1 1 1 1 1 1 1 1 1 1 1 1 1 1 1 1 1 1 1 1 1 1 1 1 1 1
 1 1 1 1 1 1 1 1 1 1 1 1 1 1 1 1 1 1 1 1 1 1 1 1 1 1 1 1 1 1 1 1 1 1 1 1 1
 1 1 1 1 1 1 1 1 1 1 1 1 1 1 1 1 1 1 1 1 1 1 1 1 1 1]
