[ 0  1  2  3  4  5  6  7  8  9 10 11 12 13 14 15 16 17 18 19 20 21 22 23
 24 25 26 27 28 29 30 31 32 33 34 35 36 37 38 39 40 41 42 43 44 45 46 47
 48 49 50 51 52 53 54 55 56 57 58 59 60 61 62 63 64 65 66 67 68 69 70 71
 72 73 74 75 76 77 78 79 80 81 82 83 84 85 86 87 88 89 90 91 92 93 94 95
 96 97 98 99]
[-1 75 -1 83  8 -1 23 -1 70 -1 26 -1 26 94 -1 76 61 -1  0 71 -1 94 21 74
 -1 74 44  1 44 26 99 -1 -1 60 47 90 31 -1 83 32 -1 70 -1 47 -1 46 25 -1
 83 96 78 -1 31 -1 -1 73 71 52 61  4 30 -1 43 10 -1 78 -1 20 47 65 53 -1
 57 -1 36 51 23 -1 44 18 21 -1 94 70 57 65 -1  1 -1 -1 -1 -1 95 37  5 68
 89 89 72  2]
[0 1 0 0 0 1 0 1 1 1 1 0 0 1 0 1 0 0 1 0 0 0 0 0 1 1 1 1 0 1 1 1 1 1 1 0 0
 0 0 1 0 0 0 1 0 1 0 1 0 0 1 0 0 1 0 0 0 0 1 0 0 0 1 1 1 1 1 1 1 1 0 0 0 0
 0 0 0 0 0 1 0 0 1 0 0 1 0 0 1 1 1 0 0 1 1 1 1 0 1 0]
[0 0 4 0 0 0 0 0 4 1 0 1 1 0 1 0 3 0 0 1 0 1 0 4 0 2 0 0 0 2 2 4 0 4 0 1 3
 0 0 2 0 0 4 0 0 3 2 0 0 2 4 4 0 0 3 0 0 0 0 3 0 1 0 0 4 4 4 0 0 0 0 2 1 0
 2 3 4 0 0 0 1 3 3 0 4 3 0 0 2 0 0 4 0 3 2 3 0 3 0 1]
[0 0 4 0 0 0 0 0 4 1 0 1 1 0 1 0 3 0 0 1 0 1 0 4 0 2 0 0 0 2 2 4 0 4 0 1 3
 0 0 2 0 0 4 0 0 3 2 0 0 2 4 4 0 0 3 0 0 0 0 3 0 1 0 0 4 4 4 0 0 0 0 2 1 0
 2 3 4 0 0 0 1 3 3 0 4 3 0 0 2 0 0 4 0 3 2 3 0 3 0 1]
[5 6 3 7 3 1 9 6 1 3 8 6 3 8 5 1 8 1 7 4 1 3 2 4 3 9 2 8 6 2 8 6 2 6 5 3 1
 2 4 7 2 9 5 4 1 4 6 3 8 5 1 3 3 3 4 1 2 4 3 5 2 9 4 1 6 8 6 5 9 1 5 3 8 4
 9 7 9 2 5 1 6 8 1 4 7 3 1 5 5 8 2 5 1 4 2 7 9 8 6 7]
[5 6 3 7 3 1 9 6 1 3 8 6 3 8 5 1 8 1 7 4 1 3 2 4 3 9 2 8 6 2 8 6 2 6 5 3 1
 2 4 7 2 9 5 4 1 4 6 3 8 5 1 3 3 3 4 1 2 4 3 5 2 9 4 1 6 8 6 5 9 1 5 3 8 4
 9 7 9 2 5 1 6 8 1 4 7 3 1 5 5 8 2 5 1 4 2 7 9 8 6 7]
[37, 50, 17, 31, 50, 50, 50, 50, 50, 43, 50, 50, 18, 31, 50, 50, 29, 44, 50, 50, 50, 50, 12, 13, 50, 50, 32, 32, 47, 50, 20, 37, 12, 50, 43, 44, 50, 21, 37, 50, 50, 49, 47, 26, 44, 26, 14, 37, 50, 50, 48, 50, 50, 50, 50, 30, 31, 50, 12, 45, 50, 50, 37, 25, 50, 50, 50, 41, 25, 16, 50, 44, 45, 18, 50, 50, 36, 25, 50, 41, 15, 25, 23, 47, 50, 50, 23, 26, 50, 32, 27, 46, 50, 50, 41, 50, 48, 50, 35, 50]
[0 0 0 0 0 0 0 0 0 0 0 0 0 0 0 0 0 0 0 0 0 0 0 0 0 0 0 0 0 0 0 0 0 0 0 0 0
 0 0 0 0 0 0 0 0 0 0 0 0 0 0 0 0 0 0 0 0 0 0 0 0 0 0 0 0 0 0 0 0 0 0 0 0 0
 0 0 0 0 0 0 0 0 0 0 0 0 0 0 0 0 0 0 0 0 0 0 0 0 0 0]
[1 1 1 1 1 1 1 1 1 1 1 1 1 1 1 1 1 1 1 1 1 1 1 1 1 1 1 1 1 1 1 1 1 1 1 1 1
 1 1 1 1 1 1 1 1 1 1 1 1 1 1 1 1 1 1 1 1 1 1 1 1 1 1 1 1 1 1 1 1 1 1 1 1 1
 1 1 1 1 1 1 1 1 1 1 1 1 1 1 1 1 1 1 1 1 1 1 1 1 1 1]
