[ 0  1  2  3  4  5  6  7  8  9 10 11 12 13 14 15 16 17 18 19 20 21 22 23
 24 25 26 27 28 29 30 31 32 33 34 35 36 37 38 39 40 41 42 43 44 45 46 47
 48 49 50 51 52 53 54 55 56 57 58 59 60 61 62 63 64 65 66 67 68 69 70 71
 72 73 74 75 76 77 78 79 80 81 82 83 84 85 86 87 88 89 90 91 92 93 94 95
 96 97 98 99]
[32 -1 -1 20 88 46 -1 94 58 -1 -1 96 -1 -1 85 19 35 73 41 92 42 88 43 80
 -1 -1 -1 -1 22 27 -1  5 30 24  0 37  3 -1 -1 -1 62 69 18 50 22 -1 14  6
 -1 88 83 37 75 29 49 68 46 -1 -1 69 70 48 28 73 87 15 20 60 -1 -1 64 -1
 45 61 70 58 -1 44 56 29 -1 -1 96 -1 67 61 -1 -1 14 59 87 87 30 71 -1 -1
 41 -1 78 63]
[0 1 0 0 1 0 0 0 0 0 0 1 0 1 1 1 0 0 1 1 1 0 1 0 1 1 1 0 0 1 1 1 0 1 1 1 1
 0 1 0 1 0 0 1 0 1 1 1 1 1 1 0 1 0 0 0 0 1 0 1 0 1 0 1 0 1 1 1 0 1 1 0 0 0
 1 0 0 0 1 0 0 0 0 0 1 1 1 0 1 1 0 0 0 1 1 1 0 0 0 1]
[0 0 0 0 0 0 0 0 4 2 0 1 0 3 0 2 2 0 2 2 0 3 2 0 3 0 2 0 3 4 4 2 0 1 0 4 0
 3 3 2 4 0 0 3 2 0 0 0 0 0 1 0 3 0 4 4 0 2 1 3 0 1 0 1 0 1 0 4 3 0 3 2 0 4
 2 3 0 0 0 0 0 0 0 0 0 0 2 0 0 3 0 0 0 4 0 0 1 0 2 0]
[0 0 0 0 0 0 0 0 4 2 0 1 0 3 0 2 2 0 2 2 0 3 2 0 3 0 2 0 3 4 4 2 0 1 0 4 0
 3 3 2 4 0 0 3 2 0 0 0 0 0 1 0 3 0 4 4 0 2 1 3 0 1 0 1 0 1 0 4 3 0 3 2 0 4
 2 3 0 0 0 0 0 0 0 0 0 0 2 0 0 3 0 0 0 4 0 0 1 0 2 0]
[1 9 2 1 8 2 4 8 4 5 7 2 2 9 1 8 2 4 3 9 9 1 6 2 8 5 4 2 4 4 3 8 7 2 9 2 3
 7 4 8 3 5 6 5 1 2 5 2 2 5 4 4 3 1 6 6 6 5 1 5 1 2 3 5 2 3 3 3 1 4 9 6 6 6
 8 2 8 5 2 4 2 3 3 5 3 1 9 9 3 5 3 3 2 3 2 4 4 6 4 7]
[1 9 2 1 8 2 4 8 4 5 7 2 2 9 1 8 2 4 3 9 9 1 6 2 8 5 4 2 4 4 3 8 7 2 9 2 3
 7 4 8 3 5 6 5 1 2 5 2 2 5 4 4 3 1 6 6 6 5 1 5 1 2 3 5 2 3 3 3 1 4 9 6 6 6
 8 2 8 5 2 4 2 3 3 5 3 1 9 9 3 5 3 3 2 3 2 4 4 6 4 7]
[50, 15, 23, 50, 50, 50, 50, 37, 50, 40, 50, 39, 42, 32, 39, 13, 50, 43, 35, 48, 50, 50, 50, 10, 50, 45, 29, 33, 50, 42, 32, 35, 22, 41, 50, 50, 50, 50, 50, 25, 50, 50, 25, 50, 10, 23, 50, 50, 36, 43, 44, 50, 32, 50, 47, 50, 50, 39, 18, 50, 50, 50, 49, 48, 50, 15, 50, 36, 17, 50, 50, 20, 50, 32, 50, 12, 50, 50, 47, 22, 41, 35, 11, 15, 10, 50, 50, 50, 50, 28, 50, 49, 15, 50, 37, 47, 50, 47, 50, 30]
[0 0 0 0 0 0 0 0 0 0 0 0 0 0 0 0 0 0 0 0 0 0 0 0 0 0 0 0 0 0 0 0 0 0 0 0 0
 0 0 0 0 0 0 0 0 0 0 0 0 0 0 0 0 0 0 0 0 0 0 0 0 0 0 0 0 0 0 0 0 0 0 0 0 0
 0 0 0 0 0 0 0 0 0 0 0 0 0 0 0 0 0 0 0 0 0 0 0 0 0 0]
[1 1 1 1 1 1 1 1 1 1 1 1 1 1 1 1 1 1 1 1 1 1 1 1 1 1 1 1 1 1 1 1 1 1 1 1 1
 1 1 1 1 1 1 1 1 1 1 1 1 1 1 1 1 1 1 1 1 1 1 1 1 1 1 1 1 1 1 1 1 1 1 1 1 1
 1 1 1 1 1 1 1 1 1 1 1 1 1 1 1 1 1 1 1 1 1 1 1 1 1 1]
