[ 0  1  2  3  4  5  6  7  8  9 10 11 12 13 14 15 16 17 18 19 20 21 22 23
 24 25 26 27 28 29 30 31 32 33 34 35 36 37 38 39 40 41 42 43 44 45 46 47
 48 49 50 51 52 53 54 55 56 57 58 59 60 61 62 63 64 65 66 67 68 69 70 71
 72 73 74 75 76 77 78 79 80 81 82 83 84 85 86 87 88 89 90 91 92 93 94 95
 96 97 98 99]
[65 -1 85 46 89  7 54 16  5 -1 14 44 26 -1 -1 58 82 26 54 41 13 -1 -1 -1
  3  9 -1 29 -1 57 62  9 -1 -1 -1 87 44 -1 30 80 -1  4 22 26 -1 47 -1 36
 70 43 -1  8 28 27 -1 66 -1 58 26 83 42 93 60 78 79 30 -1 21 47 32 27 10
 97 80 46 54 11 -1 -1 -1 72 13 37 -1 76 -1 36 22 13 -1 95 -1 55 54 50 -1
  7 82 84 -1]
[0 1 1 1 0 0 1 0 0 0 1 0 0 1 0 1 1 1 0 0 1 1 0 0 1 0 1 1 1 1 1 0 0 1 0 1 1
 0 0 1 1 1 0 0 1 1 1 1 0 0 1 0 0 0 0 1 1 0 1 0 0 1 0 1 0 0 0 0 0 1 1 1 0 0
 1 0 0 1 1 0 0 0 0 1 0 0 0 1 0 1 1 0 0 1 0 1 0 0 0 0]
[0 0 0 4 4 3 0 4 0 0 0 2 0 0 0 3 0 0 0 2 0 0 4 0 3 3 0 3 4 4 0 0 0 1 2 0 4
 0 0 4 3 0 3 2 1 2 0 0 0 0 0 1 1 0 0 4 0 3 2 0 0 0 0 3 2 0 3 0 3 2 0 3 3 1
 4 0 0 0 1 0 4 0 0 2 0 0 0 4 2 4 1 4 0 1 2 0 2 2 0 4]
[0 0 0 4 4 3 0 4 0 0 0 2 0 0 0 3 0 0 0 2 0 0 4 0 3 3 0 3 4 4 0 0 0 1 2 0 4
 0 0 4 3 0 3 2 1 2 0 0 0 0 0 1 1 0 0 4 0 3 2 0 0 0 0 3 2 0 3 0 3 2 0 3 3 1
 4 0 0 0 1 0 4 0 0 2 0 0 0 4 2 4 1 4 0 1 2 0 2 2 0 4]
[8 3 2 3 6 1 5 6 7 8 1 1 8 3 4 4 5 8 8 3 1 4 2 3 9 3 3 6 8 8 6 3 2 3 7 2 1
 7 6 4 9 6 9 9 2 2 2 2 6 1 5 1 4 4 5 1 1 2 8 6 1 4 5 2 6 5 2 2 2 8 7 4 7 6
 3 9 8 9 9 2 1 4 6 9 9 9 2 6 4 7 5 4 2 2 3 3 3 8 8 8]
[8 3 2 3 6 1 5 6 7 8 1 1 8 3 4 4 5 8 8 3 1 4 2 3 9 3 3 6 8 8 6 3 2 3 7 2 1
 7 6 4 9 6 9 9 2 2 2 2 6 1 5 1 4 4 5 1 1 2 8 6 1 4 5 2 6 5 2 2 2 8 7 4 7 6
 3 9 8 9 9 2 1 4 6 9 9 9 2 6 4 7 5 4 2 2 3 3 3 8 8 8]
[21, 21, 50, 10, 47, 50, 50, 50, 30, 50, 50, 50, 38, 50, 50, 50, 50, 50, 50, 21, 35, 11, 17, 50, 11, 50, 47, 24, 50, 50, 50, 34, 50, 31, 34, 50, 50, 50, 43, 50, 36, 50, 50, 50, 50, 50, 50, 50, 50, 26, 46, 50, 43, 50, 47, 24, 35, 50, 34, 17, 50, 50, 25, 20, 28, 21, 27, 15, 50, 50, 50, 32, 23, 50, 50, 30, 50, 32, 50, 32, 50, 50, 50, 34, 28, 50, 50, 50, 50, 38, 50, 36, 47, 50, 18, 21, 28, 44, 20, 18]
[0 0 0 0 0 0 0 0 0 0 0 0 0 0 0 0 0 0 0 0 0 0 0 0 0 0 0 0 0 0 0 0 0 0 0 0 0
 0 0 0 0 0 0 0 0 0 0 0 0 0 0 0 0 0 0 0 0 0 0 0 0 0 0 0 0 0 0 0 0 0 0 0 0 0
 0 0 0 0 0 0 0 0 0 0 0 0 0 0 0 0 0 0 0 0 0 0 0 0 0 0]
[1 1 1 1 1 1 1 1 1 1 1 1 1 1 1 1 1 1 1 1 1 1 1 1 1 1 1 1 1 1 1 1 1 1 1 1 1
 1 1 1 1 1 1 1 1 1 1 1 1 1 1 1 1 1 1 1 1 1 1 1 1 1 1 1 1 1 1 1 1 1 1 1 1 1
 1 1 1 1 1 1 1 1 1 1 1 1 1 1 1 1 1 1 1 1 1 1 1 1 1 1]
