[ 0  1  2  3  4  5  6  7  8  9 10 11 12 13 14 15 16 17 18 19 20 21 22 23
 24 25 26 27 28 29 30 31 32 33 34 35 36 37 38 39 40 41 42 43 44 45 46 47
 48 49 50 51 52 53 54 55 56 57 58 59 60 61 62 63 64 65 66 67 68 69 70 71
 72 73 74 75 76 77 78 79 80 81 82 83 84 85 86 87 88 89 90 91 92 93 94 95
 96 97 98 99]
[70 -1 79 74 71 63 14 -1 -1 75 -1 -1 -1 30 46 82 -1 79 21 38 26 55 86 -1
  4 95 27  7 97 -1 90 92 -1 97 -1 -1  8 57 96 77 35 96 26 99 -1 48 -1 67
 -1 -1 23 -1 -1 -1 63  1 99 76 21 -1 38 -1 -1 27 13 79 -1 21 -1 -1 88  2
 12 12 40 -1 64 12 95 86 50 34 12 -1 -1 57 -1 -1 41 -1 56 59 56 12 19 21
 11 -1 -1 -1]
[0 1 1 0 0 0 1 0 1 0 1 0 1 0 0 1 0 0 0 1 0 0 1 1 0 0 0 1 1 1 0 0 0 0 1 1 1
 0 0 0 0 1 1 1 0 0 1 1 1 0 0 0 0 1 0 1 0 0 1 1 1 0 0 0 1 1 1 1 1 1 1 0 1 1
 1 1 1 0 0 1 1 0 0 0 1 1 1 1 0 1 0 1 1 0 1 0 1 1 1 0]
[0 1 0 0 2 4 4 0 0 0 0 4 2 0 4 0 4 0 0 0 0 3 3 1 3 4 0 0 3 3 4 2 4 0 0 0 2
 4 1 0 1 1 0 2 0 1 0 2 4 0 4 0 1 0 3 3 2 4 0 0 0 1 0 0 2 2 0 0 0 2 0 2 2 1
 1 0 0 0 0 3 0 4 4 3 1 0 0 4 4 4 0 4 0 0 2 1 0 2 1 0]
[0 1 0 0 2 4 4 0 0 0 0 4 2 0 4 0 4 0 0 0 0 3 3 1 3 4 0 0 3 3 4 2 4 0 0 0 2
 4 1 0 1 1 0 2 0 1 0 2 4 0 4 0 1 0 3 3 2 4 0 0 0 1 0 0 2 2 0 0 0 2 0 2 2 1
 1 0 0 0 0 3 0 4 4 3 1 0 0 4 4 4 0 4 0 0 2 1 0 2 1 0]
[5 4 1 4 4 2 8 5 3 4 1 9 8 9 7 3 3 4 9 8 4 6 1 8 1 9 8 9 6 4 9 8 4 8 7 6 5
 9 2 7 2 6 6 4 1 4 9 4 1 1 6 1 2 6 8 3 4 3 5 3 7 3 9 9 3 1 4 9 5 1 6 2 8 8
 7 8 9 7 5 8 6 4 3 7 1 1 9 2 9 4 3 5 8 3 3 7 8 4 4 3]
[5 4 1 4 4 2 8 5 3 4 1 9 8 9 7 3 3 4 9 8 4 6 1 8 1 9 8 9 6 4 9 8 4 8 7 6 5
 9 2 7 2 6 6 4 1 4 9 4 1 1 6 1 2 6 8 3 4 3 5 3 7 3 9 9 3 1 4 9 5 1 6 2 8 8
 7 8 9 7 5 8 6 4 3 7 1 1 9 2 9 4 3 5 8 3 3 7 8 4 4 3]
[50, 50, 50, 50, 50, 50, 50, 50, 23, 50, 41, 49, 17, 50, 38, 17, 49, 28, 50, 50, 50, 26, 26, 50, 50, 14, 38, 43, 17, 50, 50, 50, 50, 14, 46, 44, 50, 48, 50, 50, 11, 42, 50, 50, 50, 22, 50, 50, 50, 50, 50, 50, 14, 50, 50, 50, 50, 46, 50, 11, 28, 13, 13, 50, 50, 20, 43, 50, 10, 37, 17, 19, 50, 50, 50, 11, 50, 50, 50, 50, 50, 14, 24, 24, 50, 50, 50, 50, 41, 50, 23, 50, 11, 50, 13, 15, 50, 50, 50, 50]
[0 0 0 0 0 0 0 0 0 0 0 0 0 0 0 0 0 0 0 0 0 0 0 0 0 0 0 0 0 0 0 0 0 0 0 0 0
 0 0 0 0 0 0 0 0 0 0 0 0 0 0 0 0 0 0 0 0 0 0 0 0 0 0 0 0 0 0 0 0 0 0 0 0 0
 0 0 0 0 0 0 0 0 0 0 0 0 0 0 0 0 0 0 0 0 0 0 0 0 0 0]
[1 1 1 1 1 1 1 1 1 1 1 1 1 1 1 1 1 1 1 1 1 1 1 1 1 1 1 1 1 1 1 1 1 1 1 1 1
 1 1 1 1 1 1 1 1 1 1 1 1 1 1 1 1 1 1 1 1 1 1 1 1 1 1 1 1 1 1 1 1 1 1 1 1 1
 1 1 1 1 1 1 1 1 1 1 1 1 1 1 1 1 1 1 1 1 1 1 1 1 1 1]
