[ 0  1  2  3  4  5  6  7  8  9 10 11 12 13 14 15 16 17 18 19 20 21 22 23
 24 25 26 27 28 29 30 31 32 33 34 35 36 37 38 39 40 41 42 43 44 45 46 47
 48 49 50 51 52 53 54 55 56 57 58 59 60 61 62 63 64 65 66 67 68 69 70 71
 72 73 74 75 76 77 78 79 80 81 82 83 84 85 86 87 88 89 90 91 92 93 94 95
 96 97 98 99]
[85 -1 19 23 23 49 89 77 49 85 -1 -1 -1 -1 34 25 -1 -1  3 34 -1  3 -1 -1
 26 35 -1 57 -1 85 73 88 50 -1 -1 42 -1 -1 -1 91  5 -1 10 17 -1 89 24 -1
 66 81 97 27 84 17 57 96 72 37 -1 -1 12 -1 -1 -1 86 87 30 64 -1 24 35  6
 -1 32 78 97 60 -1 77 -1 91 20 28 49 -1 44 40 89 -1 29 -1 -1 84 62 90 -1
 80 -1 79 70]
[1 1 0 1 1 0 1 0 1 1 0 1 1 0 0 0 0 1 0 1 1 0 0 1 1 1 1 1 0 1 0 0 0 1 0 1 0
 1 1 0 0 1 1 0 0 0 1 0 1 1 1 0 0 1 0 0 1 0 0 1 0 1 0 1 0 0 1 0 0 1 0 1 1 0
 1 0 0 0 0 0 0 0 1 0 1 0 1 1 1 1 1 1 1 1 1 0 1 0 0 0]
[2 4 0 3 2 0 2 1 4 4 0 1 4 1 4 0 1 0 0 0 0 1 3 0 4 2 0 1 0 0 4 1 0 0 0 0 0
 0 0 1 1 1 3 3 0 3 2 1 1 0 0 0 1 0 3 2 0 4 0 0 0 0 0 0 0 0 2 2 2 3 1 0 0 0
 1 0 0 0 0 0 4 4 4 0 2 0 0 2 3 0 0 2 1 1 0 0 0 1 2 0]
[2 4 0 3 2 0 2 1 4 4 0 1 4 1 4 0 1 0 0 0 0 1 3 0 4 2 0 1 0 0 4 1 0 0 0 0 0
 0 0 1 1 1 3 3 0 3 2 1 1 0 0 0 1 0 3 2 0 4 0 0 0 0 0 0 0 0 2 2 2 3 1 0 0 0
 1 0 0 0 0 0 4 4 4 0 2 0 0 2 3 0 0 2 1 1 0 0 0 1 2 0]
[5 3 3 3 3 7 1 4 2 9 4 1 2 3 5 8 6 3 6 5 9 5 9 7 2 4 7 2 2 2 1 4 9 2 3 2 2
 9 1 5 6 8 1 3 2 2 1 3 4 5 5 4 5 1 8 3 6 6 4 1 2 8 5 5 6 3 3 7 4 4 6 8 6 9
 9 4 8 8 8 5 2 9 7 3 1 9 9 7 7 1 9 5 1 6 2 1 4 1 2 3]
[5 3 3 3 3 7 1 4 2 9 4 1 2 3 5 8 6 3 6 5 9 5 9 7 2 4 7 2 2 2 1 4 9 2 3 2 2
 9 1 5 6 8 1 3 2 2 1 3 4 5 5 4 5 1 8 3 6 6 4 1 2 8 5 5 6 3 3 7 4 4 6 8 6 9
 9 4 8 8 8 5 2 9 7 3 1 9 9 7 7 1 9 5 1 6 2 1 4 1 2 3]
[50, 45, 50, 27, 50, 50, 50, 35, 50, 50, 50, 15, 38, 48, 50, 50, 39, 50, 50, 50, 34, 22, 45, 17, 50, 25, 12, 50, 18, 50, 50, 35, 30, 50, 50, 50, 22, 50, 50, 50, 50, 14, 50, 50, 50, 25, 50, 50, 50, 23, 10, 41, 43, 50, 19, 27, 45, 39, 29, 17, 50, 50, 50, 50, 50, 18, 50, 50, 36, 23, 50, 19, 20, 50, 50, 11, 50, 13, 50, 20, 33, 32, 20, 47, 50, 29, 50, 50, 50, 50, 47, 50, 42, 50, 50, 50, 50, 20, 31, 50]
[0 0 0 0 0 0 0 0 0 0 0 0 0 0 0 0 0 0 0 0 0 0 0 0 0 0 0 0 0 0 0 0 0 0 0 0 0
 0 0 0 0 0 0 0 0 0 0 0 0 0 0 0 0 0 0 0 0 0 0 0 0 0 0 0 0 0 0 0 0 0 0 0 0 0
 0 0 0 0 0 0 0 0 0 0 0 0 0 0 0 0 0 0 0 0 0 0 0 0 0 0]
[1 1 1 1 1 1 1 1 1 1 1 1 1 1 1 1 1 1 1 1 1 1 1 1 1 1 1 1 1 1 1 1 1 1 1 1 1
 1 1 1 1 1 1 1 1 1 1 1 1 1 1 1 1 1 1 1 1 1 1 1 1 1 1 1 1 1 1 1 1 1 1 1 1 1
 1 1 1 1 1 1 1 1 1 1 1 1 1 1 1 1 1 1 1 1 1 1 1 1 1 1]
