[ 0  1  2  3  4  5  6  7  8  9 10 11 12 13 14 15 16 17 18 19 20 21 22 23
 24 25 26 27 28 29 30 31 32 33 34 35 36 37 38 39 40 41 42 43 44 45 46 47
 48 49 50 51 52 53 54 55 56 57 58 59 60 61 62 63 64 65 66 67 68 69 70 71
 72 73 74 75 76 77 78 79 80 81 82 83 84 85 86 87 88 89 90 91 92 93 94 95
 96 97 98 99]
[58 -1  9 22 83 16 -1 64 70  7 -1 -1 -1  2 41 -1 -1 77 -1 81 59 44 68 -1
  6 86 -1 16 -1 -1 94 30 12  8 14 48  1 30 91 -1 -1 58 10 63 76 54 77 95
 56 65 89  2  0 22 48 -1 71  1 87 -1 59 12 42 95 31 -1 21 21 -1 26 96 -1
 45 51 -1 67 -1 39 -1  1 -1 -1 -1 -1 99 -1 42 -1 15 55 89 84 86 -1 -1 18
 44 48 67 87]
[0 1 0 1 0 0 1 1 1 0 1 1 0 0 1 0 0 0 0 0 0 0 0 1 1 0 0 1 0 1 0 1 1 0 1 0 1
 0 1 1 0 1 0 0 1 0 1 1 1 1 0 0 0 1 0 0 1 1 1 0 0 0 1 1 0 0 0 0 0 1 0 0 0 1
 1 1 1 0 0 0 0 0 0 0 1 0 0 0 1 1 0 0 0 1 1 1 1 1 0 0]
[2 0 1 2 0 4 0 4 1 0 2 0 4 0 0 0 2 2 3 0 0 3 0 0 4 1 1 4 2 3 3 3 0 1 0 0 2
 0 3 0 3 0 4 0 1 0 0 3 4 1 1 4 2 0 2 1 4 4 4 0 0 3 0 0 3 0 4 0 0 0 0 3 0 0
 0 1 3 1 0 0 3 0 0 0 0 0 1 3 0 1 0 0 0 2 3 2 3 0 4 0]
[2 0 1 2 0 4 0 4 1 0 2 0 4 0 0 0 2 2 3 0 0 3 0 0 4 1 1 4 2 3 3 3 0 1 0 0 2
 0 3 0 3 0 4 0 1 0 0 3 4 1 1 4 2 0 2 1 4 4 4 0 0 3 0 0 3 0 4 0 0 0 0 3 0 0
 0 1 3 1 0 0 3 0 0 0 0 0 1 3 0 1 0 0 0 2 3 2 3 0 4 0]
[3 5 1 1 5 4 3 7 3 3 1 4 6 3 4 4 2 4 5 5 1 5 3 8 1 2 3 4 9 2 7 2 4 8 8 3 8
 2 9 7 9 9 1 4 2 6 6 4 9 8 5 8 3 5 1 2 5 3 4 8 4 6 1 9 1 2 1 6 5 4 8 3 8 4
 5 2 4 8 1 4 7 7 6 1 8 6 5 9 8 9 2 4 5 1 2 3 7 4 9 2]
[3 5 1 1 5 4 3 7 3 3 1 4 6 3 4 4 2 4 5 5 1 5 3 8 1 2 3 4 9 2 7 2 4 8 8 3 8
 2 9 7 9 9 1 4 2 6 6 4 9 8 5 8 3 5 1 2 5 3 4 8 4 6 1 9 1 2 1 6 5 4 8 3 8 4
 5 2 4 8 1 4 7 7 6 1 8 6 5 9 8 9 2 4 5 1 2 3 7 4 9 2]
[50, 25, 50, 22, 50, 50, 28, 50, 50, 23, 30, 13, 50, 24, 40, 50, 50, 50, 50, 15, 50, 16, 50, 42, 50, 50, 12, 17, 50, 50, 50, 23, 50, 50, 19, 44, 50, 50, 50, 29, 43, 50, 22, 49, 24, 50, 11, 50, 50, 50, 50, 14, 43, 36, 50, 50, 50, 37, 21, 35, 14, 50, 11, 50, 50, 19, 50, 50, 36, 50, 50, 27, 13, 50, 50, 15, 50, 32, 42, 50, 37, 50, 50, 50, 50, 26, 38, 35, 50, 17, 50, 50, 50, 50, 50, 50, 50, 48, 33, 50]
[0 0 0 0 0 0 0 0 0 0 0 0 0 0 0 0 0 0 0 0 0 0 0 0 0 0 0 0 0 0 0 0 0 0 0 0 0
 0 0 0 0 0 0 0 0 0 0 0 0 0 0 0 0 0 0 0 0 0 0 0 0 0 0 0 0 0 0 0 0 0 0 0 0 0
 0 0 0 0 0 0 0 0 0 0 0 0 0 0 0 0 0 0 0 0 0 0 0 0 0 0]
[1 1 1 1 1 1 1 1 1 1 1 1 1 1 1 1 1 1 1 1 1 1 1 1 1 1 1 1 1 1 1 1 1 1 1 1 1
 1 1 1 1 1 1 1 1 1 1 1 1 1 1 1 1 1 1 1 1 1 1 1 1 1 1 1 1 1 1 1 1 1 1 1 1 1
 1 1 1 1 1 1 1 1 1 1 1 1 1 1 1 1 1 1 1 1 1 1 1 1 1 1]
