[ 0  1  2  3  4  5  6  7  8  9 10 11 12 13 14 15 16 17 18 19 20 21 22 23
 24 25 26 27 28 29 30 31 32 33 34 35 36 37 38 39 40 41 42 43 44 45 46 47
 48 49 50 51 52 53 54 55 56 57 58 59 60 61 62 63 64 65 66 67 68 69 70 71
 72 73 74 75 76 77 78 79 80 81 82 83 84 85 86 87 88 89 90 91 92 93 94 95
 96 97 98 99]
[-1 80 40 75 -1 86 78 53 -1 20 18 -1 -1 76 67 45 84 31 24 72 50 -1 -1 38
 13  4  7 63 -1 -1 96 -1 31 28 43 54 -1 30 86 -1 91 74 56 56 98 36  7 -1
 -1 44  7 -1 13 -1 -1 14 29 56 -1 14 42 85 -1 38 -1 38 38 39 -1 -1 32 -1
  3 -1 -1 -1 33 65 93  9 -1  6 35 13 47 43 35 -1 53 -1 -1 14 96 82  7 98
 -1 75 -1 -1]
[1 1 0 1 1 0 0 0 1 0 1 0 1 1 1 1 0 0 0 0 1 0 1 1 1 0 1 1 1 1 1 0 0 0 1 0 0
 1 1 1 0 1 1 0 1 1 0 1 0 1 1 0 1 1 0 1 0 0 0 0 0 1 1 1 0 0 0 0 0 1 1 1 1 1
 0 1 0 1 0 1 1 0 0 0 0 0 0 0 0 1 1 1 0 1 0 1 1 0 0 1]
[0 0 0 2 1 0 1 3 2 1 0 0 0 4 0 4 0 2 3 0 0 0 4 2 0 0 0 0 3 4 1 0 3 1 0 4 0
 2 0 0 4 0 0 0 2 3 4 4 0 0 4 0 0 3 0 2 0 1 0 1 0 3 0 0 2 0 0 3 0 3 2 4 4 4
 0 0 3 0 2 2 0 0 3 0 3 0 3 1 1 1 0 4 3 0 3 1 0 0 0 2]
[0 0 0 2 1 0 1 3 2 1 0 0 0 4 0 4 0 2 3 0 0 0 4 2 0 0 0 0 3 4 1 0 3 1 0 4 0
 2 0 0 4 0 0 0 2 3 4 4 0 0 4 0 0 3 0 2 0 1 0 1 0 3 0 0 2 0 0 3 0 3 2 4 4 4
 0 0 3 0 2 2 0 0 3 0 3 0 3 1 1 1 0 4 3 0 3 1 0 0 0 2]
[9 5 4 3 9 8 1 4 9 4 1 3 5 2 3 6 8 4 9 4 1 6 3 7 5 5 2 7 2 7 5 6 9 8 1 2 9
 6 4 1 1 3 3 8 9 2 7 8 1 7 5 7 2 5 8 2 3 9 2 2 7 2 7 5 2 4 1 8 4 4 6 9 6 1
 9 8 2 6 8 2 9 6 9 3 9 9 7 2 4 6 1 3 6 7 1 6 1 7 9 8]
[9 5 4 3 9 8 1 4 9 4 1 3 5 2 3 6 8 4 9 4 1 6 3 7 5 5 2 7 2 7 5 6 9 8 1 2 9
 6 4 1 1 3 3 8 9 2 7 8 1 7 5 7 2 5 8 2 3 9 2 2 7 2 7 5 2 4 1 8 4 4 6 9 6 1
 9 8 2 6 8 2 9 6 9 3 9 9 7 2 4 6 1 3 6 7 1 6 1 7 9 8]
[50, 15, 50, 34, 47, 50, 50, 50, 44, 50, 45, 45, 50, 50, 26, 14, 50, 50, 13, 50, 18, 15, 50, 17, 21, 42, 43, 50, 18, 50, 10, 36, 20, 42, 50, 50, 50, 50, 50, 50, 31, 50, 50, 21, 50, 50, 50, 50, 49, 50, 50, 18, 50, 20, 50, 50, 13, 42, 50, 50, 34, 50, 50, 50, 50, 50, 50, 14, 31, 50, 32, 33, 50, 50, 16, 50, 50, 25, 23, 42, 13, 13, 50, 50, 50, 37, 47, 50, 50, 50, 13, 50, 50, 50, 50, 50, 35, 20, 50, 13]
[0 0 0 0 0 0 0 0 0 0 0 0 0 0 0 0 0 0 0 0 0 0 0 0 0 0 0 0 0 0 0 0 0 0 0 0 0
 0 0 0 0 0 0 0 0 0 0 0 0 0 0 0 0 0 0 0 0 0 0 0 0 0 0 0 0 0 0 0 0 0 0 0 0 0
 0 0 0 0 0 0 0 0 0 0 0 0 0 0 0 0 0 0 0 0 0 0 0 0 0 0]
[1 1 1 1 1 1 1 1 1 1 1 1 1 1 1 1 1 1 1 1 1 1 1 1 1 1 1 1 1 1 1 1 1 1 1 1 1
 1 1 1 1 1 1 1 1 1 1 1 1 1 1 1 1 1 1 1 1 1 1 1 1 1 1 1 1 1 1 1 1 1 1 1 1 1
 1 1 1 1 1 1 1 1 1 1 1 1 1 1 1 1 1 1 1 1 1 1 1 1 1 1]
