[ 0  1  2  3  4  5  6  7  8  9 10 11 12 13 14 15 16 17 18 19 20 21 22 23
 24 25 26 27 28 29 30 31 32 33 34 35 36 37 38 39 40 41 42 43 44 45 46 47
 48 49 50 51 52 53 54 55 56 57 58 59 60 61 62 63 64 65 66 67 68 69 70 71
 72 73 74 75 76 77 78 79 80 81 82 83 84 85 86 87 88 89 90 91 92 93 94 95
 96 97 98 99]
[18 -1 -1 82 -1  2 74 43 20 24 42 -1 99 54 76 -1 10 -1 39 34  6 -1 -1 83
 91 43 -1 91 69 70 87 67 -1 20 -1 -1  0 80 -1 74 50 -1 12 81 96 37 88  3
 15 -1 12 76 42 -1 91 27 75 36 47 17 48 77 18 33 -1 70 -1 27 27 80 40 94
 -1 -1  5  5 -1 -1 73  0 29 23 -1 18 -1 -1 13 -1 -1 58 60 28 77 20  0  5
 -1 42 26  4]
[1 1 0 1 1 0 0 1 0 0 0 0 0 1 1 1 1 0 0 1 1 0 1 1 1 0 0 0 1 1 1 0 0 1 1 1 1
 1 0 0 0 0 0 0 0 1 1 0 0 1 1 1 0 0 0 1 0 1 1 1 1 0 0 0 1 1 1 1 1 0 1 0 0 0
 1 0 1 0 1 1 0 0 0 1 0 0 0 0 1 1 1 0 0 1 0 1 1 1 0 1]
[2 0 0 1 1 1 0 1 3 4 1 0 0 0 3 0 4 3 1 0 2 0 0 0 3 1 3 0 0 1 0 0 0 1 3 4 1
 1 0 3 0 1 0 0 0 2 0 4 0 0 4 1 1 3 4 0 0 0 0 2 1 0 1 1 2 4 3 0 0 0 0 3 0 2
 3 0 2 0 2 3 0 3 2 0 4 1 0 0 1 3 0 0 0 0 0 0 0 4 0 0]
[2 0 0 1 1 1 0 1 3 4 1 0 0 0 3 0 4 3 1 0 2 0 0 0 3 1 3 0 0 1 0 0 0 1 3 4 1
 1 0 3 0 1 0 0 0 2 0 4 0 0 4 1 1 3 4 0 0 0 0 2 1 0 1 1 2 4 3 0 0 0 0 3 0 2
 3 0 2 0 2 3 0 3 2 0 4 1 0 0 1 3 0 0 0 0 0 0 0 4 0 0]
[1 3 6 1 4 4 5 7 9 5 4 9 4 4 8 1 9 3 1 9 8 2 7 9 9 7 1 8 3 5 7 3 7 7 3 2 7
 7 4 8 4 4 6 9 8 4 6 4 6 5 1 4 3 4 1 2 5 3 7 5 2 2 3 3 8 1 6 8 9 7 5 9 7 3
 1 4 7 4 7 9 8 4 5 7 8 1 3 5 9 4 5 8 9 2 2 6 3 4 8 1]
[1 3 6 1 4 4 5 7 9 5 4 9 4 4 8 1 9 3 1 9 8 2 7 9 9 7 1 8 3 5 7 3 7 7 3 2 7
 7 4 8 4 4 6 9 8 4 6 4 6 5 1 4 3 4 1 2 5 3 7 5 2 2 3 3 8 1 6 8 9 7 5 9 7 3
 1 4 7 4 7 9 8 4 5 7 8 1 3 5 9 4 5 8 9 2 2 6 3 4 8 1]
[25, 50, 50, 50, 50, 50, 21, 50, 50, 50, 50, 18, 13, 20, 50, 50, 50, 50, 14, 50, 50, 24, 33, 50, 17, 44, 27, 50, 21, 41, 50, 50, 35, 50, 50, 18, 50, 50, 19, 46, 41, 29, 11, 50, 22, 50, 50, 50, 50, 50, 40, 11, 50, 50, 50, 31, 50, 11, 38, 50, 50, 40, 50, 50, 50, 20, 50, 10, 34, 36, 43, 50, 50, 50, 50, 34, 50, 50, 42, 50, 50, 50, 50, 50, 50, 36, 50, 43, 21, 16, 50, 19, 47, 50, 50, 21, 50, 42, 15, 11]
[0 0 0 0 0 0 0 0 0 0 0 0 0 0 0 0 0 0 0 0 0 0 0 0 0 0 0 0 0 0 0 0 0 0 0 0 0
 0 0 0 0 0 0 0 0 0 0 0 0 0 0 0 0 0 0 0 0 0 0 0 0 0 0 0 0 0 0 0 0 0 0 0 0 0
 0 0 0 0 0 0 0 0 0 0 0 0 0 0 0 0 0 0 0 0 0 0 0 0 0 0]
[1 1 1 1 1 1 1 1 1 1 1 1 1 1 1 1 1 1 1 1 1 1 1 1 1 1 1 1 1 1 1 1 1 1 1 1 1
 1 1 1 1 1 1 1 1 1 1 1 1 1 1 1 1 1 1 1 1 1 1 1 1 1 1 1 1 1 1 1 1 1 1 1 1 1
 1 1 1 1 1 1 1 1 1 1 1 1 1 1 1 1 1 1 1 1 1 1 1 1 1 1]
