[ 0  1  2  3  4  5  6  7  8  9 10 11 12 13 14 15 16 17 18 19 20 21 22 23
 24 25 26 27 28 29 30 31 32 33 34 35 36 37 38 39 40 41 42 43 44 45 46 47
 48 49 50 51 52 53 54 55 56 57 58 59 60 61 62 63 64 65 66 67 68 69 70 71
 72 73 74 75 76 77 78 79 80 81 82 83 84 85 86 87 88 89 90 91 92 93 94 95
 96 97 98 99]
[-1 67 16 -1 29 81 -1 -1 -1 48 96 53  5 35 95  5 -1 52 -1  6 -1 71 82 -1
 20  8 -1 -1 -1 -1 81 -1 26 -1  2 45 24 74  6 -1  3 96 -1  8 83 85 37 65
 10 67 -1 55 94 92 70 90 -1 66 48 71 -1 69 69 80 -1 31 -1  9 -1 74 60 -1
 26 29 33  7 -1 80 -1 77 89 -1 99 -1 -1 60 14 -1 52 40 93 40 -1 60 -1 -1
 56 62 78 45]
[0 1 1 0 1 1 1 0 0 0 1 0 1 0 0 1 0 0 0 0 0 0 1 0 1 0 1 1 0 0 0 0 1 0 0 1 0
 1 0 1 1 0 0 1 0 1 1 1 0 0 1 0 0 1 1 0 1 1 0 0 0 0 1 1 1 1 1 1 0 1 0 0 0 1
 1 0 0 1 0 0 1 0 0 0 1 1 0 1 1 1 0 0 0 0 1 1 0 1 1 0]
[1 0 0 0 0 0 0 2 0 4 0 0 3 0 0 4 0 1 3 1 0 4 0 0 0 0 0 2 1 0 0 2 0 4 0 0 0
 0 0 0 1 3 2 0 4 3 4 3 0 0 0 0 3 0 1 0 0 2 0 0 1 3 0 0 0 1 0 3 0 0 4 0 0 3
 1 0 1 0 1 0 4 3 2 1 2 0 2 4 1 0 1 0 0 4 3 0 0 1 2 0]
[1 0 0 0 0 0 0 2 0 4 0 0 3 0 0 4 0 1 3 1 0 4 0 0 0 0 0 2 1 0 0 2 0 4 0 0 0
 0 0 0 1 3 2 0 4 3 4 3 0 0 0 0 3 0 1 0 0 2 0 0 1 3 0 0 0 1 0 3 0 0 4 0 0 3
 1 0 1 0 1 0 4 3 2 1 2 0 2 4 1 0 1 0 0 4 3 0 0 1 2 0]
[5 3 2 8 3 9 8 1 4 6 7 5 1 5 4 7 4 4 5 8 2 6 1 2 5 8 7 2 5 4 2 3 7 7 9 9 3
 5 2 9 7 4 3 1 8 6 3 9 1 6 6 1 6 6 3 8 9 3 1 6 5 7 3 2 1 9 8 1 4 4 1 1 4 6
 5 8 3 6 4 2 1 3 3 3 7 5 3 9 6 1 9 5 3 5 3 7 2 9 2 1]
[5 3 2 8 3 9 8 1 4 6 7 5 1 5 4 7 4 4 5 8 2 6 1 2 5 8 7 2 5 4 2 3 7 7 9 9 3
 5 2 9 7 4 3 1 8 6 3 9 1 6 6 1 6 6 3 8 9 3 1 6 5 7 3 2 1 9 8 1 4 4 1 1 4 6
 5 8 3 6 4 2 1 3 3 3 7 5 3 9 6 1 9 5 3 5 3 7 2 9 2 1]
[50, 50, 32, 50, 50, 50, 50, 50, 50, 25, 10, 50, 50, 21, 16, 50, 50, 13, 50, 50, 50, 50, 38, 50, 50, 50, 50, 50, 19, 22, 19, 46, 50, 50, 50, 50, 36, 50, 50, 50, 50, 50, 49, 16, 50, 50, 25, 50, 50, 50, 50, 50, 10, 31, 25, 50, 26, 32, 11, 31, 25, 11, 50, 50, 45, 29, 10, 50, 50, 50, 50, 50, 23, 50, 50, 26, 50, 41, 16, 25, 50, 38, 50, 23, 35, 27, 19, 50, 40, 22, 50, 14, 50, 50, 46, 50, 50, 50, 50, 32]
[0 0 0 0 0 0 0 0 0 0 0 0 0 0 0 0 0 0 0 0 0 0 0 0 0 0 0 0 0 0 0 0 0 0 0 0 0
 0 0 0 0 0 0 0 0 0 0 0 0 0 0 0 0 0 0 0 0 0 0 0 0 0 0 0 0 0 0 0 0 0 0 0 0 0
 0 0 0 0 0 0 0 0 0 0 0 0 0 0 0 0 0 0 0 0 0 0 0 0 0 0]
[1 1 1 1 1 1 1 1 1 1 1 1 1 1 1 1 1 1 1 1 1 1 1 1 1 1 1 1 1 1 1 1 1 1 1 1 1
 1 1 1 1 1 1 1 1 1 1 1 1 1 1 1 1 1 1 1 1 1 1 1 1 1 1 1 1 1 1 1 1 1 1 1 1 1
 1 1 1 1 1 1 1 1 1 1 1 1 1 1 1 1 1 1 1 1 1 1 1 1 1 1]
