[ 0  1  2  3  4  5  6  7  8  9 10 11 12 13 14 15 16 17 18 19 20 21 22 23
 24 25 26 27 28 29 30 31 32 33 34 35 36 37 38 39 40 41 42 43 44 45 46 47
 48 49 50 51 52 53 54 55 56 57 58 59 60 61 62 63 64 65 66 67 68 69 70 71
 72 73 74 75 76 77 78 79 80 81 82 83 84 85 86 87 88 89 90 91 92 93 94 95
 96 97 98 99]
[-1 -1 11 -1 -1 -1 37 40 43 20 73 -1 -1 -1 -1 19 53 -1 -1 66 85 47 -1 -1
 -1 48 85  8 14 49 -1 63 -1 -1 84 -1 -1 70 -1 -1 -1 56  3 39 85 10 59 86
 28  1 91  6 -1 -1 -1 78 61 38 -1 -1 -1 37 57 40 -1 15 -1 48 -1 16 -1 86
 -1  1 75 -1 -1 -1  4 -1 -1 -1 66 -1 -1 -1 58 41 95 -1 82 66 74  2 99 25
 88 76 -1  6]
[0 1 0 0 1 0 0 0 0 0 1 1 1 1 1 1 1 0 0 1 0 1 0 0 0 0 0 1 1 1 0 1 0 1 0 0 0
 1 1 0 0 1 1 1 1 1 0 1 1 1 0 1 1 0 1 1 0 1 1 1 1 1 1 1 1 0 1 0 1 0 0 0 1 1
 1 1 1 0 1 1 0 0 1 0 1 1 1 1 1 1 1 1 1 1 0 1 1 0 0 0]
[4 1 3 0 1 0 0 0 0 4 1 0 4 0 0 0 4 1 1 0 1 0 0 2 0 0 4 2 0 0 0 0 0 3 4 0 2
 2 3 0 0 4 0 0 2 2 0 3 1 0 0 0 0 0 0 0 0 3 0 0 4 3 2 0 0 1 2 0 3 3 1 3 2 3
 0 4 0 2 1 0 0 3 1 4 3 4 3 0 0 4 4 3 0 2 0 0 1 2 1 2]
[4 1 3 0 1 0 0 0 0 4 1 0 4 0 0 0 4 1 1 0 1 0 0 2 0 0 4 2 0 0 0 0 0 3 4 0 2
 2 3 0 0 4 0 0 2 2 0 3 1 0 0 0 0 0 0 0 0 3 0 0 4 3 2 0 0 1 2 0 3 3 1 3 2 3
 0 4 0 2 1 0 0 3 1 4 3 4 3 0 0 4 4 3 0 2 0 0 1 2 1 2]
[9 7 6 9 9 4 2 1 7 2 2 5 7 4 1 1 2 1 6 9 5 7 7 4 7 7 7 3 8 6 6 7 3 7 7 4 2
 9 7 6 7 6 2 6 2 8 5 4 3 3 8 4 4 1 4 6 1 6 7 3 7 1 2 4 3 9 7 5 2 2 5 6 5 5
 4 7 7 4 1 5 9 7 7 6 7 4 9 5 6 7 5 2 7 1 7 2 2 3 8 1]
[9 7 6 9 9 4 2 1 7 2 2 5 7 4 1 1 2 1 6 9 5 7 7 4 7 7 7 3 8 6 6 7 3 7 7 4 2
 9 7 6 7 6 2 6 2 8 5 4 3 3 8 4 4 1 4 6 1 6 7 3 7 1 2 4 3 9 7 5 2 2 5 6 5 5
 4 7 7 4 1 5 9 7 7 6 7 4 9 5 6 7 5 2 7 1 7 2 2 3 8 1]
[32, 29, 50, 50, 50, 50, 28, 50, 50, 50, 50, 50, 50, 10, 39, 46, 14, 42, 39, 31, 50, 50, 50, 42, 50, 50, 43, 50, 41, 50, 50, 29, 47, 50, 22, 50, 50, 50, 50, 43, 26, 34, 14, 28, 16, 50, 50, 50, 50, 50, 22, 50, 50, 13, 50, 50, 50, 50, 50, 43, 50, 12, 10, 18, 50, 30, 50, 48, 35, 19, 50, 50, 40, 50, 21, 38, 50, 50, 43, 50, 50, 50, 48, 11, 50, 20, 13, 47, 50, 15, 50, 50, 16, 37, 50, 28, 18, 18, 50, 42]
[0 0 0 0 0 0 0 0 0 0 0 0 0 0 0 0 0 0 0 0 0 0 0 0 0 0 0 0 0 0 0 0 0 0 0 0 0
 0 0 0 0 0 0 0 0 0 0 0 0 0 0 0 0 0 0 0 0 0 0 0 0 0 0 0 0 0 0 0 0 0 0 0 0 0
 0 0 0 0 0 0 0 0 0 0 0 0 0 0 0 0 0 0 0 0 0 0 0 0 0 0]
[1 1 1 1 1 1 1 1 1 1 1 1 1 1 1 1 1 1 1 1 1 1 1 1 1 1 1 1 1 1 1 1 1 1 1 1 1
 1 1 1 1 1 1 1 1 1 1 1 1 1 1 1 1 1 1 1 1 1 1 1 1 1 1 1 1 1 1 1 1 1 1 1 1 1
 1 1 1 1 1 1 1 1 1 1 1 1 1 1 1 1 1 1 1 1 1 1 1 1 1 1]
