[ 0  1  2  3  4  5  6  7  8  9 10 11 12 13 14 15 16 17 18 19 20 21 22 23
 24 25 26 27 28 29 30 31 32 33 34 35 36 37 38 39 40 41 42 43 44 45 46 47
 48 49 50 51 52 53 54 55 56 57 58 59 60 61 62 63 64 65 66 67 68 69 70 71
 72 73 74 75 76 77 78 79 80 81 82 83 84 85 86 87 88 89 90 91 92 93 94 95
 96 97 98 99]
[66 80 32 -1 71 23 -1  5 -1 83 -1 -1 59  1 72 -1 -1 80 17 77 -1 -1 56 -1
 83 26  8 40 31 -1 60 -1 79 -1 18 -1  8 13 12 90 10 -1 18  3 -1 87 -1 -1
 73 -1 85 83 87 -1 97 20 20 41 -1 -1  4 38 -1 75 56  4 -1 -1 20 -1 -1 26
 92 81 31 -1 92  3 -1 -1 92 23 63 74 81 58 -1 75 51 35 28 83 -1 21 -1 -1
 54 23 -1 -1]
[0 1 0 1 0 1 0 1 0 1 1 1 0 0 1 0 0 1 1 1 0 0 1 0 1 1 1 0 0 0 0 1 1 1 0 1 0
 0 0 1 1 0 0 0 1 0 1 1 0 0 0 1 0 1 0 0 0 1 1 0 0 0 0 1 0 0 1 0 0 1 1 0 0 0
 1 0 1 0 1 0 0 0 1 1 1 0 1 1 0 0 0 0 0 0 1 1 0 1 1 1]
[2 2 0 1 4 0 0 4 2 2 0 0 0 0 0 1 4 0 0 4 2 0 0 4 0 2 0 2 4 4 4 0 0 4 3 1 0
 4 0 1 0 0 0 0 0 0 0 0 0 0 0 4 4 3 0 0 0 1 1 0 2 0 0 0 0 0 0 4 0 1 4 3 4 1
 0 3 0 0 0 0 0 3 3 0 4 0 3 1 0 2 2 2 0 4 2 0 1 0 3 3]
[2 2 0 1 4 0 0 4 2 2 0 0 0 0 0 1 4 0 0 4 2 0 0 4 0 2 0 2 4 4 4 0 0 4 3 1 0
 4 0 1 0 0 0 0 0 0 0 0 0 0 0 4 4 3 0 0 0 1 1 0 2 0 0 0 0 0 0 4 0 1 4 3 4 1
 0 3 0 0 0 0 0 3 3 0 4 0 3 1 0 2 2 2 0 4 2 0 1 0 3 3]
[5 8 1 1 3 9 9 4 7 4 7 1 1 6 8 7 7 5 5 6 9 7 8 2 4 6 6 5 5 3 7 7 2 1 7 1 4
 8 4 3 4 7 8 4 6 6 7 6 5 1 5 4 9 9 3 4 4 4 3 4 6 4 5 3 6 6 9 9 5 1 4 3 2 1
 3 7 2 8 1 9 4 4 4 6 6 9 3 5 3 5 5 5 4 6 2 8 2 7 6 3]
[5 8 1 1 3 9 9 4 7 4 7 1 1 6 8 7 7 5 5 6 9 7 8 2 4 6 6 5 5 3 7 7 2 1 7 1 4
 8 4 3 4 7 8 4 6 6 7 6 5 1 5 4 9 9 3 4 4 4 3 4 6 4 5 3 6 6 9 9 5 1 4 3 2 1
 3 7 2 8 1 9 4 4 4 6 6 9 3 5 3 5 5 5 4 6 2 8 2 7 6 3]
[50, 16, 14, 38, 50, 50, 50, 25, 40, 50, 50, 50, 50, 29, 50, 38, 26, 42, 47, 35, 50, 21, 50, 50, 45, 43, 26, 27, 50, 33, 50, 50, 20, 50, 41, 50, 12, 14, 50, 50, 50, 32, 28, 50, 50, 23, 38, 50, 26, 50, 29, 14, 36, 40, 50, 27, 48, 50, 50, 20, 30, 50, 25, 38, 50, 31, 50, 50, 50, 39, 40, 50, 50, 28, 50, 50, 50, 39, 50, 50, 50, 34, 27, 50, 38, 13, 50, 50, 50, 50, 11, 50, 50, 39, 36, 48, 40, 18, 50, 33]
[0 0 0 0 0 0 0 0 0 0 0 0 0 0 0 0 0 0 0 0 0 0 0 0 0 0 0 0 0 0 0 0 0 0 0 0 0
 0 0 0 0 0 0 0 0 0 0 0 0 0 0 0 0 0 0 0 0 0 0 0 0 0 0 0 0 0 0 0 0 0 0 0 0 0
 0 0 0 0 0 0 0 0 0 0 0 0 0 0 0 0 0 0 0 0 0 0 0 0 0 0]
[1 1 1 1 1 1 1 1 1 1 1 1 1 1 1 1 1 1 1 1 1 1 1 1 1 1 1 1 1 1 1 1 1 1 1 1 1
 1 1 1 1 1 1 1 1 1 1 1 1 1 1 1 1 1 1 1 1 1 1 1 1 1 1 1 1 1 1 1 1 1 1 1 1 1
 1 1 1 1 1 1 1 1 1 1 1 1 1 1 1 1 1 1 1 1 1 1 1 1 1 1]
