[ 0  1  2  3  4  5  6  7  8  9 10 11 12 13 14 15 16 17 18 19 20 21 22 23
 24 25 26 27 28 29 30 31 32 33 34 35 36 37 38 39 40 41 42 43 44 45 46 47
 48 49 50 51 52 53 54 55 56 57 58 59 60 61 62 63 64 65 66 67 68 69 70 71
 72 73 74 75 76 77 78 79 80 81 82 83 84 85 86 87 88 89 90 91 92 93 94 95
 96 97 98 99]
[32 -1 -1 72 96 15  9 66 44 79 -1 85 -1 47 88 71 15 32 66 14 62 -1 62 -1
 -1 48 16 -1 55 97 -1 60 57 -1 27 -1 43 62 -1 58 89 -1 -1  2 55 -1 -1 40
 63 -1 -1 47 11 35 -1 91 21 72 -1 -1 19 -1 -1 80 55 96  1 -1 45 26  6  2
 29 89 60 -1 29 -1 -1 37 91 74 -1 82 72 70 11 -1  4 96 -1 70 -1 -1 -1 28
 15 48 70 -1]
[0 1 1 0 0 1 1 0 0 1 1 1 1 1 0 0 0 1 0 1 0 0 1 1 0 1 0 1 0 0 1 0 0 1 1 0 0
 1 1 1 0 0 0 0 0 0 1 1 0 1 1 1 1 0 0 1 0 0 1 1 1 0 1 1 1 0 0 1 1 1 1 0 1 0
 1 1 1 0 1 0 1 1 0 1 1 0 0 1 0 0 0 0 0 1 1 1 1 1 1 1]
[0 0 3 0 3 0 3 0 0 0 0 4 2 1 4 0 0 4 0 2 4 0 3 0 1 0 3 1 0 0 0 0 0 2 0 0 0
 0 0 4 3 1 0 3 0 1 0 1 0 0 0 0 0 0 0 0 2 0 1 0 3 0 3 3 0 0 4 0 1 2 0 3 4 3
 0 0 1 4 1 1 1 4 0 0 2 1 4 2 2 0 0 4 2 0 3 3 1 4 2 0]
[0 0 3 0 3 0 3 0 0 0 0 4 2 1 4 0 0 4 0 2 4 0 3 0 1 0 3 1 0 0 0 0 0 2 0 0 0
 0 0 4 3 1 0 3 0 1 0 1 0 0 0 0 0 0 0 0 2 0 1 0 3 0 3 3 0 0 4 0 1 2 0 3 4 3
 0 0 1 4 1 1 1 4 0 0 2 1 4 2 2 0 0 4 2 0 3 3 1 4 2 0]
[3 4 5 4 6 6 1 9 9 1 2 1 8 7 1 4 5 2 3 8 5 9 7 4 7 7 3 5 9 4 2 7 8 2 5 8 2
 7 6 5 7 3 5 3 6 3 1 8 6 5 7 6 6 3 8 4 2 2 1 9 4 3 8 1 8 4 5 6 6 6 4 7 9 8
 8 8 3 2 9 5 3 9 4 8 9 7 3 6 1 5 6 1 2 2 5 9 6 3 3 5]
[3 4 5 4 6 6 1 9 9 1 2 1 8 7 1 4 5 2 3 8 5 9 7 4 7 7 3 5 9 4 2 7 8 2 5 8 2
 7 6 5 7 3 5 3 6 3 1 8 6 5 7 6 6 3 8 4 2 2 1 9 4 3 8 1 8 4 5 6 6 6 4 7 9 8
 8 8 3 2 9 5 3 9 4 8 9 7 3 6 1 5 6 1 2 2 5 9 6 3 3 5]
[50, 34, 50, 50, 50, 50, 10, 14, 20, 18, 50, 50, 50, 20, 50, 50, 50, 50, 50, 36, 50, 50, 50, 50, 14, 50, 11, 50, 23, 21, 50, 41, 46, 29, 38, 16, 50, 16, 50, 36, 50, 31, 50, 50, 50, 29, 41, 49, 50, 50, 12, 50, 50, 50, 50, 15, 21, 50, 45, 45, 50, 50, 50, 50, 46, 10, 50, 50, 50, 50, 13, 50, 50, 34, 50, 50, 17, 50, 50, 50, 50, 21, 30, 14, 30, 47, 50, 50, 15, 50, 29, 31, 50, 50, 47, 50, 35, 28, 22, 50]
[0 0 0 0 0 0 0 0 0 0 0 0 0 0 0 0 0 0 0 0 0 0 0 0 0 0 0 0 0 0 0 0 0 0 0 0 0
 0 0 0 0 0 0 0 0 0 0 0 0 0 0 0 0 0 0 0 0 0 0 0 0 0 0 0 0 0 0 0 0 0 0 0 0 0
 0 0 0 0 0 0 0 0 0 0 0 0 0 0 0 0 0 0 0 0 0 0 0 0 0 0]
[1 1 1 1 1 1 1 1 1 1 1 1 1 1 1 1 1 1 1 1 1 1 1 1 1 1 1 1 1 1 1 1 1 1 1 1 1
 1 1 1 1 1 1 1 1 1 1 1 1 1 1 1 1 1 1 1 1 1 1 1 1 1 1 1 1 1 1 1 1 1 1 1 1 1
 1 1 1 1 1 1 1 1 1 1 1 1 1 1 1 1 1 1 1 1 1 1 1 1 1 1]
