[ 0  1  2  3  4  5  6  7  8  9 10 11 12 13 14 15 16 17 18 19 20 21 22 23
 24 25 26 27 28 29 30 31 32 33 34 35 36 37 38 39 40 41 42 43 44 45 46 47
 48 49 50 51 52 53 54 55 56 57 58 59 60 61 62 63 64 65 66 67 68 69 70 71
 72 73 74 75 76 77 78 79 80 81 82 83 84 85 86 87 88 89 90 91 92 93 94 95
 96 97 98 99]
[-1 41 -1 87 72 -1 47  3 -1 -1 12 -1 -1 -1 79 91 68 28 56 73 -1 47 21 47
 85 83 -1 74 -1 12 20 61 96 27 -1 61 -1 62 40 -1 -1 90 -1 -1 31 -1 -1 56
 -1 -1 56 62 64 56 50 11 45 84 -1 -1 34  9 -1 27 -1 80 50 51 20 22 12 -1
  8 58 -1 -1 74 41 67 21 -1 43 -1 20 -1  0  6 83 72  3 -1 46 21 90 -1 97
 42 94 54 13]
[0 0 1 1 1 1 0 0 1 1 0 1 1 0 0 1 0 0 1 0 0 0 1 1 1 1 0 0 0 1 1 0 1 1 0 0 1
 0 0 0 1 0 1 1 1 1 0 0 1 1 0 0 0 1 0 0 1 0 1 1 0 1 1 1 1 1 0 1 1 0 0 0 1 0
 1 1 1 1 0 0 1 1 1 1 1 1 0 0 1 0 1 1 0 1 1 0 1 0 1 0]
[3 0 3 0 2 2 1 0 0 1 0 4 0 1 0 0 4 0 0 0 0 4 2 2 0 2 0 1 0 2 2 1 3 0 2 0 0
 0 4 0 3 3 1 1 0 0 3 3 0 4 0 1 4 0 0 1 3 2 0 1 0 0 0 0 3 0 2 0 1 1 0 2 3 1
 1 0 0 0 0 0 4 0 0 2 0 0 4 0 3 1 0 0 4 0 1 0 3 1 0 2]
[3 0 3 0 2 2 1 0 0 1 0 4 0 1 0 0 4 0 0 0 0 4 2 2 0 2 0 1 0 2 2 1 3 0 2 0 0
 0 4 0 3 3 1 1 0 0 3 3 0 4 0 1 4 0 0 1 3 2 0 1 0 0 0 0 3 0 2 0 1 1 0 2 3 1
 1 0 0 0 0 0 4 0 0 2 0 0 4 0 3 1 0 0 4 0 1 0 3 1 0 2]
[8 9 5 8 2 9 7 5 5 4 8 1 1 6 3 3 8 5 6 9 2 9 7 7 1 2 9 4 6 2 5 2 3 9 8 3 4
 8 6 5 7 9 4 4 7 7 7 5 7 1 3 5 6 2 3 4 3 3 7 4 7 6 2 3 9 1 7 9 1 7 7 5 9 1
 4 1 3 7 7 3 7 9 2 2 5 3 1 9 6 5 1 9 7 6 6 6 6 7 1 7]
[8 9 5 8 2 9 7 5 5 4 8 1 1 6 3 3 8 5 6 9 2 9 7 7 1 2 9 4 6 2 5 2 3 9 8 3 4
 8 6 5 7 9 4 4 7 7 7 5 7 1 3 5 6 2 3 4 3 3 7 4 7 6 2 3 9 1 7 9 1 7 7 5 9 1
 4 1 3 7 7 3 7 9 2 2 5 3 1 9 6 5 1 9 7 6 6 6 6 7 1 7]
[50, 32, 12, 50, 28, 50, 29, 50, 39, 50, 12, 50, 50, 50, 43, 47, 17, 46, 38, 32, 29, 44, 50, 50, 50, 50, 50, 36, 38, 50, 30, 41, 46, 50, 37, 50, 50, 20, 46, 50, 25, 48, 50, 50, 28, 50, 50, 50, 42, 50, 50, 27, 36, 50, 17, 41, 22, 18, 40, 23, 20, 50, 23, 50, 50, 50, 50, 50, 40, 50, 33, 50, 14, 50, 50, 50, 50, 37, 50, 26, 18, 50, 25, 35, 50, 50, 50, 26, 50, 15, 50, 19, 50, 25, 37, 50, 44, 49, 39, 16]
[0 0 0 0 0 0 0 0 0 0 0 0 0 0 0 0 0 0 0 0 0 0 0 0 0 0 0 0 0 0 0 0 0 0 0 0 0
 0 0 0 0 0 0 0 0 0 0 0 0 0 0 0 0 0 0 0 0 0 0 0 0 0 0 0 0 0 0 0 0 0 0 0 0 0
 0 0 0 0 0 0 0 0 0 0 0 0 0 0 0 0 0 0 0 0 0 0 0 0 0 0]
[1 1 1 1 1 1 1 1 1 1 1 1 1 1 1 1 1 1 1 1 1 1 1 1 1 1 1 1 1 1 1 1 1 1 1 1 1
 1 1 1 1 1 1 1 1 1 1 1 1 1 1 1 1 1 1 1 1 1 1 1 1 1 1 1 1 1 1 1 1 1 1 1 1 1
 1 1 1 1 1 1 1 1 1 1 1 1 1 1 1 1 1 1 1 1 1 1 1 1 1 1]
