[ 0  1  2  3  4  5  6  7  8  9 10 11 12 13 14 15 16 17 18 19 20 21 22 23
 24 25 26 27 28 29 30 31 32 33 34 35 36 37 38 39 40 41 42 43 44 45 46 47
 48 49 50 51 52 53 54 55 56 57 58 59 60 61 62 63 64 65 66 67 68 69 70 71
 72 73 74 75 76 77 78 79 80 81 82 83 84 85 86 87 88 89 90 91 92 93 94 95
 96 97 98 99]
[86 60 -1 -1 17 62 31 -1 -1 -1 99 58 54 53 89 -1 17 26 98 -1 64 67 95 -1
 26 66 13 -1  8  7 37 50 -1 79 74 71 73 95 65 -1 69 92 -1 91 91 47 68 -1
 -1 84 -1 43 12 81 -1 62 -1 28 -1 92 -1 -1 64 49 97 51 -1 76 -1 64 -1 82
 33 -1 46 47 87 -1 -1 81 55 58 -1 -1 91 -1 -1 -1 56 94 40 13 50 -1 24 46
 26 -1 84 24]
[0 0 1 0 0 0 0 0 0 1 1 0 1 0 1 1 0 1 0 0 1 1 0 1 0 0 0 0 0 1 1 0 1 1 1 0 0
 0 1 0 0 1 0 1 0 1 1 1 1 1 0 1 0 0 0 1 0 1 1 1 0 1 1 1 1 1 1 1 1 1 1 0 0 0
 1 0 0 1 0 1 1 1 0 1 0 1 0 1 0 1 0 1 0 0 0 0 0 1 0 0]
[0 1 0 0 0 4 2 0 2 0 4 0 1 0 1 4 0 1 3 0 3 0 3 1 1 0 2 3 0 3 3 0 0 0 1 3 0
 0 2 0 1 1 0 1 1 0 2 1 4 3 0 0 0 0 0 3 0 1 0 0 3 0 2 2 1 1 0 4 0 0 0 0 0 3
 1 0 0 1 0 0 0 3 0 3 2 2 0 3 1 0 2 2 4 0 2 0 0 0 3 0]
[0 1 0 0 0 4 2 0 2 0 4 0 1 0 1 4 0 1 3 0 3 0 3 1 1 0 2 3 0 3 3 0 0 0 1 3 0
 0 2 0 1 1 0 1 1 0 2 1 4 3 0 0 0 0 0 3 0 1 0 0 3 0 2 2 1 1 0 4 0 0 0 0 0 3
 1 0 0 1 0 0 0 3 0 3 2 2 0 3 1 0 2 2 4 0 2 0 0 0 3 0]
[3 4 4 6 4 1 5 5 9 2 5 2 7 9 5 5 8 6 5 3 2 9 1 5 4 1 3 4 6 2 8 1 8 7 3 5 7
 6 2 9 9 8 8 6 3 8 6 7 8 3 3 9 6 5 8 4 3 2 7 9 8 2 4 4 1 7 3 3 6 7 8 3 5 9
 7 3 3 5 1 6 3 6 5 5 8 9 7 4 4 7 7 4 5 2 3 4 4 2 4 9]
[3 4 4 6 4 1 5 5 9 2 5 2 7 9 5 5 8 6 5 3 2 9 1 5 4 1 3 4 6 2 8 1 8 7 3 5 7
 6 2 9 9 8 8 6 3 8 6 7 8 3 3 9 6 5 8 4 3 2 7 9 8 2 4 4 1 7 3 3 6 7 8 3 5 9
 7 3 3 5 1 6 3 6 5 5 8 9 7 4 4 7 7 4 5 2 3 4 4 2 4 9]
[50, 31, 45, 27, 12, 35, 31, 50, 50, 50, 27, 50, 50, 50, 16, 50, 45, 28, 50, 50, 50, 22, 20, 50, 35, 32, 21, 50, 37, 50, 50, 50, 17, 27, 21, 10, 50, 50, 19, 50, 50, 30, 50, 50, 33, 50, 33, 17, 19, 50, 49, 50, 39, 32, 50, 50, 35, 46, 50, 50, 50, 48, 50, 50, 50, 50, 46, 50, 37, 13, 49, 23, 50, 50, 28, 27, 18, 32, 21, 50, 50, 42, 50, 15, 50, 42, 33, 50, 50, 50, 47, 47, 50, 18, 50, 50, 26, 50, 50, 47]
[0 0 0 0 0 0 0 0 0 0 0 0 0 0 0 0 0 0 0 0 0 0 0 0 0 0 0 0 0 0 0 0 0 0 0 0 0
 0 0 0 0 0 0 0 0 0 0 0 0 0 0 0 0 0 0 0 0 0 0 0 0 0 0 0 0 0 0 0 0 0 0 0 0 0
 0 0 0 0 0 0 0 0 0 0 0 0 0 0 0 0 0 0 0 0 0 0 0 0 0 0]
[1 1 1 1 1 1 1 1 1 1 1 1 1 1 1 1 1 1 1 1 1 1 1 1 1 1 1 1 1 1 1 1 1 1 1 1 1
 1 1 1 1 1 1 1 1 1 1 1 1 1 1 1 1 1 1 1 1 1 1 1 1 1 1 1 1 1 1 1 1 1 1 1 1 1
 1 1 1 1 1 1 1 1 1 1 1 1 1 1 1 1 1 1 1 1 1 1 1 1 1 1]
