[ 0  1  2  3  4  5  6  7  8  9 10 11 12 13 14 15 16 17 18 19 20 21 22 23
 24 25 26 27 28 29 30 31 32 33 34 35 36 37 38 39 40 41 42 43 44 45 46 47
 48 49 50 51 52 53 54 55 56 57 58 59 60 61 62 63 64 65 66 67 68 69 70 71
 72 73 74 75 76 77 78 79 80 81 82 83 84 85 86 87 88 89 90 91 92 93 94 95
 96 97 98 99]
[-1 37  6 39 54 98 54 54 -1 47  9 42 -1 52 -1 81 18 61 -1 16 74 23 -1 62
 74 -1 99 96 94 36 92 -1 59 65 18 68 20 -1 65 -1 86 83 78 -1  7 90 38 15
 -1 -1 -1 -1 -1 44 -1 24 43 15 -1 82 37  4 68 11 23 47 94 31 80 -1 -1  4
 67 11 -1 90 32 72 19 84 20 96 -1 96 42 -1 74 64 -1 52 -1 92 28  0  6 67
 66 44 -1 34]
[1 1 1 0 0 1 0 1 1 0 0 1 1 0 0 1 0 1 1 1 1 1 1 1 0 1 1 0 0 0 1 1 0 0 0 1 0
 0 1 0 0 1 1 0 0 1 0 0 1 0 0 1 0 0 1 1 1 1 0 0 0 1 1 0 1 0 1 0 1 0 0 0 1 1
 1 1 1 0 1 0 1 0 0 1 1 0 1 0 1 1 1 1 0 0 1 0 1 0 1 1]
[0 0 2 1 0 0 2 0 1 0 0 1 0 2 1 0 3 0 2 0 3 0 3 3 2 1 3 2 3 0 0 2 1 0 0 4 0
 0 1 2 0 0 0 3 0 3 3 0 0 2 3 0 0 0 2 3 0 0 3 3 0 1 0 1 1 0 0 4 0 0 4 1 4 4
 0 4 0 4 0 3 1 1 0 4 0 1 1 0 0 0 3 0 2 0 3 0 0 0 0 0]
[0 0 2 1 0 0 2 0 1 0 0 1 0 2 1 0 3 0 2 0 3 0 3 3 2 1 3 2 3 0 0 2 1 0 0 4 0
 0 1 2 0 0 0 3 0 3 3 0 0 2 3 0 0 0 2 3 0 0 3 3 0 1 0 1 1 0 0 4 0 0 4 1 4 4
 0 4 0 4 0 3 1 1 0 4 0 1 1 0 0 0 3 0 2 0 3 0 0 0 0 0]
[5 7 3 3 6 8 8 3 9 6 8 2 7 6 9 4 6 1 9 5 1 4 8 9 5 5 5 4 7 1 6 2 8 6 8 9 6
 6 5 5 3 8 5 1 2 1 5 5 2 1 7 6 6 6 4 9 7 7 1 3 2 8 9 3 1 5 8 5 6 8 9 8 2 4
 1 2 7 7 4 8 7 6 2 4 5 1 5 5 9 8 2 9 2 4 1 2 3 7 3 3]
[5 7 3 3 6 8 8 3 9 6 8 2 7 6 9 4 6 1 9 5 1 4 8 9 5 5 5 4 7 1 6 2 8 6 8 9 6
 6 5 5 3 8 5 1 2 1 5 5 2 1 7 6 6 6 4 9 7 7 1 3 2 8 9 3 1 5 8 5 6 8 9 8 2 4
 1 2 7 7 4 8 7 6 2 4 5 1 5 5 9 8 2 9 2 4 1 2 3 7 3 3]
[50, 45, 38, 22, 50, 23, 50, 14, 50, 43, 50, 37, 50, 50, 50, 11, 50, 19, 14, 11, 17, 18, 50, 50, 39, 11, 28, 25, 50, 50, 50, 50, 50, 50, 32, 50, 50, 40, 50, 50, 50, 17, 39, 41, 50, 28, 15, 50, 50, 47, 27, 50, 50, 50, 50, 50, 35, 19, 50, 48, 50, 41, 50, 50, 50, 50, 50, 50, 17, 20, 50, 36, 50, 50, 10, 50, 50, 15, 16, 41, 50, 50, 17, 39, 50, 50, 10, 48, 47, 50, 40, 50, 50, 25, 50, 33, 50, 50, 42, 50]
[0 0 0 0 0 0 0 0 0 0 0 0 0 0 0 0 0 0 0 0 0 0 0 0 0 0 0 0 0 0 0 0 0 0 0 0 0
 0 0 0 0 0 0 0 0 0 0 0 0 0 0 0 0 0 0 0 0 0 0 0 0 0 0 0 0 0 0 0 0 0 0 0 0 0
 0 0 0 0 0 0 0 0 0 0 0 0 0 0 0 0 0 0 0 0 0 0 0 0 0 0]
[1 1 1 1 1 1 1 1 1 1 1 1 1 1 1 1 1 1 1 1 1 1 1 1 1 1 1 1 1 1 1 1 1 1 1 1 1
 1 1 1 1 1 1 1 1 1 1 1 1 1 1 1 1 1 1 1 1 1 1 1 1 1 1 1 1 1 1 1 1 1 1 1 1 1
 1 1 1 1 1 1 1 1 1 1 1 1 1 1 1 1 1 1 1 1 1 1 1 1 1 1]
