[ 0  1  2  3  4  5  6  7  8  9 10 11 12 13 14 15 16 17 18 19 20 21 22 23
 24 25 26 27 28 29 30 31 32 33 34 35 36 37 38 39 40 41 42 43 44 45 46 47
 48 49 50 51 52 53 54 55 56 57 58 59 60 61 62 63 64 65 66 67 68 69 70 71
 72 73 74 75 76 77 78 79 80 81 82 83 84 85 86 87 88 89 90 91 92 93 94 95
 96 97 98 99]
[48 46 95 88 24 -1 -1 92 -1 -1 64 -1 28 -1 -1 -1 23 49 25 -1 -1 -1 93 -1
 -1 -1 86 14 -1 37 44 -1 36 51 98 13 63 -1 47 36 53 91 61 -1 19 19 -1 96
 -1 75 -1 71 -1 85 -1 -1 73 47 35 88 97 36 -1 54 43 -1 -1 63 79 56 -1 64
 26 48 30 88 -1 -1 15 17 32 71 26 95 93 -1 51 62 -1 52 19 88 30 73 13 -1
 49 -1 67 -1]
[1 1 0 0 0 0 1 1 1 1 0 1 1 1 1 0 0 1 1 1 1 1 1 1 1 1 1 0 1 1 1 0 0 0 0 1 1
 0 1 0 1 1 1 1 1 1 1 0 0 0 1 1 1 0 1 0 1 0 0 1 0 0 1 1 1 0 1 0 1 1 0 0 1 0
 1 0 0 1 1 1 1 1 1 1 1 0 0 1 1 0 1 0 1 0 0 0 1 0 0 0]
[2 3 0 3 0 1 0 4 3 4 0 0 1 0 0 0 1 4 0 1 2 2 0 0 0 0 2 0 0 0 0 0 0 0 0 4 0
 4 0 0 0 0 4 4 0 0 0 3 0 2 1 1 0 1 0 0 0 0 2 4 0 1 1 0 0 0 0 0 3 3 2 3 3 3
 2 4 0 1 0 4 3 1 0 1 0 2 4 0 3 1 0 0 0 0 0 0 4 2 1 0]
[2 3 0 3 0 1 0 4 3 4 0 0 1 0 0 0 1 4 0 1 2 2 0 0 0 0 2 0 0 0 0 0 0 0 0 4 0
 4 0 0 0 0 4 4 0 0 0 3 0 2 1 1 0 1 0 0 0 0 2 4 0 1 1 0 0 0 0 0 3 3 2 3 3 3
 2 4 0 1 0 4 3 1 0 1 0 2 4 0 3 1 0 0 0 0 0 0 4 2 1 0]
[3 6 3 5 1 8 9 5 4 8 1 1 4 1 2 6 2 1 5 1 8 4 1 7 7 7 8 7 4 1 2 2 9 3 9 3 3
 3 7 6 3 6 2 6 5 1 9 1 3 3 8 2 6 8 5 9 9 9 3 9 3 1 4 9 8 5 3 1 2 9 6 3 2 1
 9 5 7 2 8 7 7 5 8 7 3 6 1 4 3 5 9 1 9 5 4 9 1 8 7 6]
[3 6 3 5 1 8 9 5 4 8 1 1 4 1 2 6 2 1 5 1 8 4 1 7 7 7 8 7 4 1 2 2 9 3 9 3 3
 3 7 6 3 6 2 6 5 1 9 1 3 3 8 2 6 8 5 9 9 9 3 9 3 1 4 9 8 5 3 1 2 9 6 3 2 1
 9 5 7 2 8 7 7 5 8 7 3 6 1 4 3 5 9 1 9 5 4 9 1 8 7 6]
[43, 50, 50, 50, 50, 42, 50, 50, 12, 18, 50, 50, 27, 50, 50, 50, 50, 34, 12, 22, 50, 21, 50, 50, 50, 26, 50, 50, 50, 29, 50, 43, 50, 33, 22, 42, 50, 31, 32, 27, 50, 45, 50, 37, 17, 40, 50, 23, 50, 50, 49, 37, 25, 16, 13, 48, 38, 19, 17, 32, 25, 50, 50, 34, 37, 34, 50, 50, 35, 50, 33, 50, 40, 50, 50, 26, 50, 41, 38, 50, 50, 50, 50, 35, 50, 50, 50, 50, 50, 50, 50, 10, 50, 45, 24, 32, 50, 16, 50, 23]
[0 0 0 0 0 0 0 0 0 0 0 0 0 0 0 0 0 0 0 0 0 0 0 0 0 0 0 0 0 0 0 0 0 0 0 0 0
 0 0 0 0 0 0 0 0 0 0 0 0 0 0 0 0 0 0 0 0 0 0 0 0 0 0 0 0 0 0 0 0 0 0 0 0 0
 0 0 0 0 0 0 0 0 0 0 0 0 0 0 0 0 0 0 0 0 0 0 0 0 0 0]
[1 1 1 1 1 1 1 1 1 1 1 1 1 1 1 1 1 1 1 1 1 1 1 1 1 1 1 1 1 1 1 1 1 1 1 1 1
 1 1 1 1 1 1 1 1 1 1 1 1 1 1 1 1 1 1 1 1 1 1 1 1 1 1 1 1 1 1 1 1 1 1 1 1 1
 1 1 1 1 1 1 1 1 1 1 1 1 1 1 1 1 1 1 1 1 1 1 1 1 1 1]
