[ 0  1  2  3  4  5  6  7  8  9 10 11 12 13 14 15 16 17 18 19 20 21 22 23
 24 25 26 27 28 29 30 31 32 33 34 35 36 37 38 39 40 41 42 43 44 45 46 47
 48 49 50 51 52 53 54 55 56 57 58 59 60 61 62 63 64 65 66 67 68 69 70 71
 72 73 74 75 76 77 78 79 80 81 82 83 84 85 86 87 88 89 90 91 92 93 94 95
 96 97 98 99]
[66 -1 93 60 89 -1 82 67 -1 -1 14 -1 -1 19 -1 22 77 -1 13 93 98 -1 -1 61
 -1 -1 70 81 -1 -1 47 -1 62  9 99 17 73 31 98 19 -1 -1 -1 88 -1 68 22 38
 -1 -1 10 14 -1 30 -1 -1 14 -1 36 37 -1 99 21 88 -1 58 86 41 71 36 -1 25
 78 26 28 17 28 68 30 11 60 -1 16 -1 -1 -1 43 63  9 94  4 -1 -1 -1 59 68
 64 96 32 67]
[0 0 0 1 0 0 1 0 1 0 0 1 1 1 1 0 1 1 1 1 0 0 0 0 1 0 1 0 0 0 0 0 1 1 1 0 1
 1 0 1 1 0 0 0 0 1 0 1 1 0 0 1 1 1 1 0 1 1 0 1 0 1 1 1 0 0 0 1 0 1 1 0 1 1
 0 0 0 1 1 1 0 1 1 1 1 0 0 1 0 1 1 1 1 0 0 0 1 1 1 0]
[3 2 2 0 3 0 4 2 0 1 1 0 0 0 0 0 1 0 0 1 2 3 1 4 3 0 0 0 3 0 0 0 0 0 0 0 0
 2 1 4 0 0 0 4 3 0 0 1 0 1 1 0 3 0 4 0 3 0 1 0 0 3 0 4 3 3 1 0 0 1 0 0 4 4
 2 0 0 0 0 4 0 4 4 3 0 0 1 3 4 2 0 2 4 1 0 4 0 2 0 2]
[3 2 2 0 3 0 4 2 0 1 1 0 0 0 0 0 1 0 0 1 2 3 1 4 3 0 0 0 3 0 0 0 0 0 0 0 0
 2 1 4 0 0 0 4 3 0 0 1 0 1 1 0 3 0 4 0 3 0 1 0 0 3 0 4 3 3 1 0 0 1 0 0 4 4
 2 0 0 0 0 4 0 4 4 3 0 0 1 3 4 2 0 2 4 1 0 4 0 2 0 2]
[4 9 6 2 6 6 7 8 3 2 1 2 9 8 9 4 8 3 3 2 4 6 7 7 1 3 8 2 5 5 4 8 7 1 3 1 1
 5 4 7 3 2 7 2 4 2 1 7 3 2 2 6 4 5 2 1 2 1 5 7 2 3 5 3 6 3 1 5 4 3 7 2 9 3
 5 8 2 9 7 4 7 4 1 9 2 4 2 3 2 4 2 9 4 4 9 4 5 1 3 6]
[4 9 6 2 6 6 7 8 3 2 1 2 9 8 9 4 8 3 3 2 4 6 7 7 1 3 8 2 5 5 4 8 7 1 3 1 1
 5 4 7 3 2 7 2 4 2 1 7 3 2 2 6 4 5 2 1 2 1 5 7 2 3 5 3 6 3 1 5 4 3 7 2 9 3
 5 8 2 9 7 4 7 4 1 9 2 4 2 3 2 4 2 9 4 4 9 4 5 1 3 6]
[50, 50, 50, 40, 49, 50, 22, 33, 50, 50, 50, 50, 50, 11, 50, 35, 18, 30, 50, 50, 15, 50, 50, 22, 50, 36, 37, 50, 33, 50, 50, 16, 50, 50, 50, 50, 50, 37, 50, 20, 50, 28, 14, 27, 45, 50, 50, 50, 21, 18, 11, 14, 46, 21, 34, 36, 48, 50, 50, 50, 31, 50, 50, 50, 50, 50, 50, 16, 50, 50, 46, 44, 30, 50, 28, 50, 50, 50, 50, 37, 50, 50, 10, 50, 13, 31, 25, 50, 19, 50, 49, 50, 22, 50, 20, 41, 40, 31, 50, 50]
[0 0 0 0 0 0 0 0 0 0 0 0 0 0 0 0 0 0 0 0 0 0 0 0 0 0 0 0 0 0 0 0 0 0 0 0 0
 0 0 0 0 0 0 0 0 0 0 0 0 0 0 0 0 0 0 0 0 0 0 0 0 0 0 0 0 0 0 0 0 0 0 0 0 0
 0 0 0 0 0 0 0 0 0 0 0 0 0 0 0 0 0 0 0 0 0 0 0 0 0 0]
[1 1 1 1 1 1 1 1 1 1 1 1 1 1 1 1 1 1 1 1 1 1 1 1 1 1 1 1 1 1 1 1 1 1 1 1 1
 1 1 1 1 1 1 1 1 1 1 1 1 1 1 1 1 1 1 1 1 1 1 1 1 1 1 1 1 1 1 1 1 1 1 1 1 1
 1 1 1 1 1 1 1 1 1 1 1 1 1 1 1 1 1 1 1 1 1 1 1 1 1 1]
