[ 0  1  2  3  4  5  6  7  8  9 10 11 12 13 14 15 16 17 18 19 20 21 22 23
 24 25 26 27 28 29 30 31 32 33 34 35 36 37 38 39 40 41 42 43 44 45 46 47
 48 49 50 51 52 53 54 55 56 57 58 59 60 61 62 63 64 65 66 67 68 69 70 71
 72 73 74 75 76 77 78 79 80 81 82 83 84 85 86 87 88 89 90 91 92 93 94 95
 96 97 98 99]
[ 3 -1 21 22 16 12 31 -1 57 -1  7 -1 57 -1 34 39 -1 43 44 -1 91 70 75 37
 -1  2 79  4  0 94 -1 80 -1 -1 -1 -1 23 97 -1 33 -1 15 -1  1 -1 -1 53 71
 91 31 86 84 69 63 -1  2 17 10 85 66 -1 31 -1 40 -1 31 25 -1 56 87 -1 78
 38 60 37 40 -1 91 -1 -1 55 -1 71 95 91 -1 -1 57 46 -1 93 -1 97 25 -1 -1
 -1 -1 -1 -1]
[0 1 0 1 0 1 0 0 1 1 0 1 0 0 1 1 0 1 0 0 1 0 0 1 0 1 1 0 1 0 0 0 0 1 0 0 0
 1 0 0 1 0 0 0 0 1 0 1 1 0 1 1 1 1 0 1 1 0 1 0 0 1 1 1 1 0 0 0 1 1 0 1 0 1
 0 1 1 0 1 1 1 0 0 1 0 0 0 0 0 1 0 0 1 1 0 0 1 1 0 0]
[0 0 2 3 0 0 2 2 4 2 0 4 0 0 0 0 0 0 0 0 2 1 1 0 3 0 4 3 0 4 0 1 1 3 0 4 0
 0 4 3 0 0 4 2 0 0 0 0 0 0 0 0 0 0 4 0 0 0 0 1 0 0 0 1 0 0 1 0 3 0 1 3 0 2
 0 4 4 3 4 3 4 0 0 0 3 0 3 1 3 0 3 1 0 0 4 0 3 0 0 4]
[0 0 2 3 0 0 2 2 4 2 0 4 0 0 0 0 0 0 0 0 2 1 1 0 3 0 4 3 0 4 0 1 1 3 0 4 0
 0 4 3 0 0 4 2 0 0 0 0 0 0 0 0 0 0 4 0 0 0 0 1 0 0 0 1 0 0 1 0 3 0 1 3 0 2
 0 4 4 3 4 3 4 0 0 0 3 0 3 1 3 0 3 1 0 0 4 0 3 0 0 4]
[8 3 5 6 8 5 9 3 8 6 4 3 6 4 2 7 4 4 2 1 9 5 7 6 1 2 7 9 6 4 2 8 8 5 9 6 9
 9 6 7 7 1 6 2 9 1 9 6 2 1 5 5 8 6 1 6 3 8 5 5 3 6 3 6 7 4 1 4 5 2 3 7 5 5
 3 5 2 9 5 7 4 4 5 3 8 6 9 9 6 9 5 1 3 4 3 8 9 2 9 9]
[8 3 5 6 8 5 9 3 8 6 4 3 6 4 2 7 4 4 2 1 9 5 7 6 1 2 7 9 6 4 2 8 8 5 9 6 9
 9 6 7 7 1 6 2 9 1 9 6 2 1 5 5 8 6 1 6 3 8 5 5 3 6 3 6 7 4 1 4 5 2 3 7 5 5
 3 5 2 9 5 7 4 4 5 3 8 6 9 9 6 9 5 1 3 4 3 8 9 2 9 9]
[17, 50, 42, 50, 50, 50, 50, 10, 23, 50, 23, 50, 50, 50, 47, 50, 50, 50, 30, 50, 30, 10, 50, 50, 34, 50, 50, 34, 14, 50, 50, 50, 50, 39, 50, 35, 50, 50, 21, 50, 50, 50, 50, 17, 48, 36, 50, 50, 50, 31, 36, 23, 46, 50, 15, 45, 15, 50, 50, 50, 50, 50, 50, 29, 50, 50, 16, 39, 50, 50, 50, 24, 50, 50, 50, 50, 19, 50, 22, 11, 30, 23, 50, 50, 35, 36, 15, 50, 47, 25, 50, 11, 50, 17, 47, 50, 17, 16, 50, 50]
[0 0 0 0 0 0 0 0 0 0 0 0 0 0 0 0 0 0 0 0 0 0 0 0 0 0 0 0 0 0 0 0 0 0 0 0 0
 0 0 0 0 0 0 0 0 0 0 0 0 0 0 0 0 0 0 0 0 0 0 0 0 0 0 0 0 0 0 0 0 0 0 0 0 0
 0 0 0 0 0 0 0 0 0 0 0 0 0 0 0 0 0 0 0 0 0 0 0 0 0 0]
[1 1 1 1 1 1 1 1 1 1 1 1 1 1 1 1 1 1 1 1 1 1 1 1 1 1 1 1 1 1 1 1 1 1 1 1 1
 1 1 1 1 1 1 1 1 1 1 1 1 1 1 1 1 1 1 1 1 1 1 1 1 1 1 1 1 1 1 1 1 1 1 1 1 1
 1 1 1 1 1 1 1 1 1 1 1 1 1 1 1 1 1 1 1 1 1 1 1 1 1 1]
