[ 0  1  2  3  4  5  6  7  8  9 10 11 12 13 14 15 16 17 18 19 20 21 22 23
 24 25 26 27 28 29 30 31 32 33 34 35 36 37 38 39 40 41 42 43 44 45 46 47
 48 49 50 51 52 53 54 55 56 57 58 59 60 61 62 63 64 65 66 67 68 69 70 71
 72 73 74 75 76 77 78 79 80 81 82 83 84 85 86 87 88 89 90 91 92 93 94 95
 96 97 98 99]
[-1 52 84 -1  6 72 -1  6 20 -1 83 66 -1 -1 -1 93 22  7 84 97 -1 62 20 67
 44 34 -1 18 59 -1 83 30 66 -1 13 13 65 -1 46 79 57 28 11 55 -1 36 92 -1
 16 94 91 19 49  5 85 33 98 52 10 89 -1 22 18 28 78 -1 -1 89 43 80 -1 25
 30 37 11 -1  6 -1 86 69 46 92 22 -1 93 50 -1 -1 30 92 23  3 -1 67 -1 -1
  5 -1  2 -1]
[0 1 1 1 1 1 0 1 1 0 1 0 1 0 1 0 1 0 0 1 1 1 0 0 1 1 0 1 1 0 1 0 0 0 1 1 0
 0 1 0 1 1 0 0 1 1 1 0 1 1 1 1 1 0 1 1 0 0 1 0 0 1 1 1 1 1 0 1 0 1 1 1 1 0
 1 0 0 1 0 0 1 0 1 1 1 0 0 1 1 1 0 0 1 1 0 0 0 1 0 1]
[0 2 3 0 4 0 3 0 0 0 1 3 0 1 3 3 0 0 2 0 0 0 0 3 3 1 2 4 4 3 2 0 0 0 0 0 0
 1 0 4 0 0 0 0 2 0 0 0 0 3 0 0 3 3 0 3 0 0 0 2 3 3 0 4 3 0 0 0 1 3 3 0 0 3
 1 0 3 0 4 0 0 0 2 1 4 2 0 1 0 0 0 0 1 0 0 3 0 2 0 4]
[0 2 3 0 4 0 3 0 0 0 1 3 0 1 3 3 0 0 2 0 0 0 0 3 3 1 2 4 4 3 2 0 0 0 0 0 0
 1 0 4 0 0 0 0 2 0 0 0 0 3 0 0 3 3 0 3 0 0 0 2 3 3 0 4 3 0 0 0 1 3 3 0 0 3
 1 0 3 0 4 0 0 0 2 1 4 2 0 1 0 0 0 0 1 0 0 3 0 2 0 4]
[7 5 7 4 7 3 6 2 6 1 3 7 7 7 5 8 5 6 5 5 8 1 6 3 6 8 5 7 4 6 8 2 4 9 5 4 3
 4 9 1 7 7 7 4 6 6 2 9 2 4 6 9 6 8 3 9 9 3 7 1 9 3 9 3 9 6 2 4 1 4 6 3 7 2
 2 3 9 8 2 2 8 6 5 7 8 8 2 7 2 1 7 9 8 8 9 8 2 5 9 9]
[7 5 7 4 7 3 6 2 6 1 3 7 7 7 5 8 5 6 5 5 8 1 6 3 6 8 5 7 4 6 8 2 4 9 5 4 3
 4 9 1 7 7 7 4 6 6 2 9 2 4 6 9 6 8 3 9 9 3 7 1 9 3 9 3 9 6 2 4 1 4 6 3 7 2
 2 3 9 8 2 2 8 6 5 7 8 8 2 7 2 1 7 9 8 8 9 8 2 5 9 9]
[11, 44, 21, 50, 41, 42, 25, 50, 42, 50, 50, 50, 26, 50, 50, 21, 50, 45, 50, 31, 50, 50, 50, 50, 50, 30, 50, 35, 50, 24, 13, 50, 16, 50, 38, 19, 27, 36, 47, 50, 50, 17, 50, 50, 50, 39, 50, 13, 33, 25, 50, 50, 27, 33, 50, 50, 50, 50, 50, 50, 50, 50, 14, 50, 40, 50, 50, 39, 50, 50, 46, 50, 45, 50, 50, 22, 10, 27, 50, 11, 15, 23, 50, 14, 50, 50, 49, 50, 36, 50, 30, 50, 50, 21, 50, 50, 15, 50, 50, 22]
[0 0 0 0 0 0 0 0 0 0 0 0 0 0 0 0 0 0 0 0 0 0 0 0 0 0 0 0 0 0 0 0 0 0 0 0 0
 0 0 0 0 0 0 0 0 0 0 0 0 0 0 0 0 0 0 0 0 0 0 0 0 0 0 0 0 0 0 0 0 0 0 0 0 0
 0 0 0 0 0 0 0 0 0 0 0 0 0 0 0 0 0 0 0 0 0 0 0 0 0 0]
[1 1 1 1 1 1 1 1 1 1 1 1 1 1 1 1 1 1 1 1 1 1 1 1 1 1 1 1 1 1 1 1 1 1 1 1 1
 1 1 1 1 1 1 1 1 1 1 1 1 1 1 1 1 1 1 1 1 1 1 1 1 1 1 1 1 1 1 1 1 1 1 1 1 1
 1 1 1 1 1 1 1 1 1 1 1 1 1 1 1 1 1 1 1 1 1 1 1 1 1 1]
