[ 0  1  2  3  4  5  6  7  8  9 10 11 12 13 14 15 16 17 18 19 20 21 22 23
 24 25 26 27 28 29 30 31 32 33 34 35 36 37 38 39 40 41 42 43 44 45 46 47
 48 49 50 51 52 53 54 55 56 57 58 59 60 61 62 63 64 65 66 67 68 69 70 71
 72 73 74 75 76 77 78 79 80 81 82 83 84 85 86 87 88 89 90 91 92 93 94 95
 96 97 98 99]
[94 67 53 27  6 20 -1 75 -1 84 -1  5 -1 66 -1 -1 74 62 42 -1 56  3 -1 95
 40 -1 -1 -1 -1 26 80 -1 -1 47 19  0 18  3 18 -1 15 84 -1 84 -1 35 38 -1
  8 -1  1 40 -1 40 26 39 54 44 -1 -1 -1 57 80 96 -1 54 31 12 15 13 -1 90
 -1 74 98 53 10 53 -1 45  3 59 -1 -1 10 17 73 78 -1 71 56 33 79 68 12 20
 39 -1 79 52]
[0 0 0 1 1 0 1 0 0 1 1 1 1 1 0 0 0 1 0 1 0 0 1 1 0 0 1 0 1 0 1 1 0 1 1 1 1
 1 1 0 0 1 0 1 1 1 0 0 0 1 1 1 1 0 1 0 0 0 0 0 0 1 0 0 1 1 1 1 1 1 0 1 1 0
 1 1 0 1 1 0 1 0 1 0 0 1 0 1 1 0 1 0 0 0 0 1 1 0 0 1]
[2 0 0 1 0 0 0 0 0 4 0 3 0 1 0 3 0 0 4 2 0 1 0 0 1 0 4 0 0 2 0 0 3 0 2 4 0
 0 0 1 3 0 0 0 2 0 3 0 4 0 2 0 0 3 0 1 0 3 2 1 2 2 1 0 4 0 0 0 0 3 0 0 0 0
 0 1 0 4 2 3 2 0 4 0 0 0 2 4 0 0 3 2 4 0 4 0 1 4 1 4]
[2 0 0 1 0 0 0 0 0 4 0 3 0 1 0 3 0 0 4 2 0 1 0 0 1 0 4 0 0 2 0 0 3 0 2 4 0
 0 0 1 3 0 0 0 2 0 3 0 4 0 2 0 0 3 0 1 0 3 2 1 2 2 1 0 4 0 0 0 0 3 0 0 0 0
 0 1 0 4 2 3 2 0 4 0 0 0 2 4 0 0 3 2 4 0 4 0 1 4 1 4]
[5 7 4 4 2 3 8 6 9 1 8 9 8 7 3 5 9 9 2 6 5 9 1 5 8 4 9 9 1 6 9 4 2 4 5 3 4
 2 1 7 5 7 7 1 8 2 2 3 2 4 3 4 2 5 1 5 8 5 4 1 6 5 5 5 9 6 9 3 8 8 4 8 4 3
 8 4 5 8 2 7 3 3 8 6 8 6 1 8 7 5 2 5 7 1 1 2 5 4 2 6]
[5 7 4 4 2 3 8 6 9 1 8 9 8 7 3 5 9 9 2 6 5 9 1 5 8 4 9 9 1 6 9 4 2 4 5 3 4
 2 1 7 5 7 7 1 8 2 2 3 2 4 3 4 2 5 1 5 8 5 4 1 6 5 5 5 9 6 9 3 8 8 4 8 4 3
 8 4 5 8 2 7 3 3 8 6 8 6 1 8 7 5 2 5 7 1 1 2 5 4 2 6]
[34, 50, 50, 50, 50, 10, 50, 18, 12, 50, 50, 50, 50, 18, 50, 50, 50, 50, 50, 16, 47, 50, 50, 30, 33, 50, 22, 14, 43, 32, 45, 23, 50, 50, 35, 50, 23, 50, 45, 50, 50, 26, 43, 27, 47, 50, 47, 45, 50, 50, 50, 35, 48, 50, 14, 50, 50, 47, 42, 50, 50, 50, 50, 50, 19, 18, 50, 16, 50, 50, 44, 29, 40, 46, 45, 43, 27, 30, 15, 50, 50, 22, 30, 38, 50, 50, 13, 50, 50, 42, 50, 40, 27, 10, 11, 35, 47, 46, 46, 50]
[0 0 0 0 0 0 0 0 0 0 0 0 0 0 0 0 0 0 0 0 0 0 0 0 0 0 0 0 0 0 0 0 0 0 0 0 0
 0 0 0 0 0 0 0 0 0 0 0 0 0 0 0 0 0 0 0 0 0 0 0 0 0 0 0 0 0 0 0 0 0 0 0 0 0
 0 0 0 0 0 0 0 0 0 0 0 0 0 0 0 0 0 0 0 0 0 0 0 0 0 0]
[1 1 1 1 1 1 1 1 1 1 1 1 1 1 1 1 1 1 1 1 1 1 1 1 1 1 1 1 1 1 1 1 1 1 1 1 1
 1 1 1 1 1 1 1 1 1 1 1 1 1 1 1 1 1 1 1 1 1 1 1 1 1 1 1 1 1 1 1 1 1 1 1 1 1
 1 1 1 1 1 1 1 1 1 1 1 1 1 1 1 1 1 1 1 1 1 1 1 1 1 1]
