[ 0  1  2  3  4  5  6  7  8  9 10 11 12 13 14 15 16 17 18 19 20 21 22 23
 24 25 26 27 28 29 30 31 32 33 34 35 36 37 38 39 40 41 42 43 44 45 46 47
 48 49 50 51 52 53 54 55 56 57 58 59 60 61 62 63 64 65 66 67 68 69 70 71
 72 73 74 75 76 77 78 79 80 81 82 83 84 85 86 87 88 89 90 91 92 93 94 95
 96 97 98 99]
[22 59 45 50 28 43 13 69 -1 46 83 -1 -1 83 64 26 -1 15 58 -1 21 53 24 -1
 36 -1 -1  9 87 -1 55 -1 85  4 -1 -1 -1 10 54 31 41 -1 58 18 -1 -1 92 35
 -1  0 -1 28 -1 -1 43 24 41 64 -1 35 -1 79 47 44 66 54 29 -1 -1 -1  9 33
 -1 46 88 -1 89 52 -1 73 -1  8 71 -1 -1 75 87 24 13 81 58 54 62 23 50 54
 -1  7 48 -1]
[1 1 0 1 1 1 1 1 1 1 1 1 0 0 1 0 1 1 0 0 1 0 0 0 0 0 1 1 0 1 0 0 1 1 0 0 0
 1 0 1 1 0 1 1 1 0 0 0 0 0 1 0 0 0 0 0 0 0 1 0 1 1 0 0 1 0 0 1 0 1 0 1 0 1
 0 0 0 1 1 0 1 0 0 1 0 1 1 1 1 1 1 1 1 0 1 1 1 0 0 1]
[4 0 0 0 0 4 2 3 0 4 0 0 3 2 3 0 0 1 0 0 0 2 2 2 0 0 0 0 3 0 1 0 0 0 0 1 0
 4 0 1 2 3 0 4 0 0 0 1 3 0 4 1 0 0 0 0 0 3 4 0 0 0 3 0 4 2 0 0 1 0 0 0 0 0
 4 1 2 1 1 4 2 3 3 2 0 0 0 4 1 0 0 2 0 4 0 0 0 0 4 1]
[4 0 0 0 0 4 2 3 0 4 0 0 3 2 3 0 0 1 0 0 0 2 2 2 0 0 0 0 3 0 1 0 0 0 0 1 0
 4 0 1 2 3 0 4 0 0 0 1 3 0 4 1 0 0 0 0 0 3 4 0 0 0 3 0 4 2 0 0 1 0 0 0 0 0
 4 1 2 1 1 4 2 3 3 2 0 0 0 4 1 0 0 2 0 4 0 0 0 0 4 1]
[7 2 2 3 6 2 9 2 6 8 1 3 9 4 3 5 3 6 4 7 1 1 9 4 5 6 1 4 8 3 3 9 2 3 1 1 3
 4 3 1 9 3 3 4 5 5 2 8 2 3 9 4 5 1 3 9 8 1 2 3 2 9 5 6 9 2 4 3 7 7 6 1 1 1
 9 9 1 4 2 1 7 4 1 6 1 8 6 2 7 1 7 7 2 4 4 8 1 6 6 5]
[7 2 2 3 6 2 9 2 6 8 1 3 9 4 3 5 3 6 4 7 1 1 9 4 5 6 1 4 8 3 3 9 2 3 1 1 3
 4 3 1 9 3 3 4 5 5 2 8 2 3 9 4 5 1 3 9 8 1 2 3 2 9 5 6 9 2 4 3 7 7 6 1 1 1
 9 9 1 4 2 1 7 4 1 6 1 8 6 2 7 1 7 7 2 4 4 8 1 6 6 5]
[22, 43, 46, 50, 48, 50, 43, 50, 41, 50, 45, 11, 50, 33, 18, 50, 46, 50, 11, 50, 50, 49, 29, 25, 50, 39, 50, 30, 50, 37, 50, 50, 34, 50, 50, 50, 50, 17, 36, 24, 31, 33, 50, 50, 50, 50, 11, 40, 43, 24, 50, 50, 23, 50, 12, 50, 50, 37, 50, 17, 40, 50, 50, 50, 25, 16, 26, 50, 50, 37, 50, 20, 50, 35, 50, 50, 31, 50, 50, 45, 50, 50, 31, 50, 26, 16, 50, 50, 22, 50, 50, 47, 21, 17, 44, 26, 29, 50, 50, 48]
[0 0 0 0 0 0 0 0 0 0 0 0 0 0 0 0 0 0 0 0 0 0 0 0 0 0 0 0 0 0 0 0 0 0 0 0 0
 0 0 0 0 0 0 0 0 0 0 0 0 0 0 0 0 0 0 0 0 0 0 0 0 0 0 0 0 0 0 0 0 0 0 0 0 0
 0 0 0 0 0 0 0 0 0 0 0 0 0 0 0 0 0 0 0 0 0 0 0 0 0 0]
[1 1 1 1 1 1 1 1 1 1 1 1 1 1 1 1 1 1 1 1 1 1 1 1 1 1 1 1 1 1 1 1 1 1 1 1 1
 1 1 1 1 1 1 1 1 1 1 1 1 1 1 1 1 1 1 1 1 1 1 1 1 1 1 1 1 1 1 1 1 1 1 1 1 1
 1 1 1 1 1 1 1 1 1 1 1 1 1 1 1 1 1 1 1 1 1 1 1 1 1 1]
