[ 0  1  2  3  4  5  6  7  8  9 10 11 12 13 14 15 16 17 18 19 20 21 22 23
 24 25 26 27 28 29 30 31 32 33 34 35 36 37 38 39 40 41 42 43 44 45 46 47
 48 49 50 51 52 53 54 55 56 57 58 59 60 61 62 63 64 65 66 67 68 69 70 71
 72 73 74 75 76 77 78 79 80 81 82 83 84 85 86 87 88 89 90 91 92 93 94 95
 96 97 98 99]
[-1 91 44 -1 92 -1 15 25 43 91 11 -1  3 -1 -1 -1 94 -1 -1 -1 -1 14 -1 -1
 -1 82 86 21 29 58  4 23 18 -1 70 66 -1 57 36 43 -1  0 -1 91 61 99 58 45
 -1 29 41 -1 -1  7 -1 79 89 -1 76  0 -1 -1 -1  4 14 86 -1 23  2 91 -1 -1
 13 62 61 -1 -1  8 30 -1 67 -1 73 11 -1 -1 -1 84 54 96 97 -1 23 29 80 46
 99 38 52 -1]
[0 1 1 1 1 0 0 0 1 0 1 1 1 1 1 1 0 0 1 0 0 0 1 0 0 0 1 0 1 0 1 0 0 1 0 0 0
 0 0 0 1 0 0 1 1 1 1 1 0 0 0 1 1 0 1 1 1 0 0 1 1 0 1 0 0 1 1 0 1 0 0 0 0 1
 1 1 0 1 0 1 0 1 1 0 0 0 1 1 0 0 1 0 1 0 1 1 1 0 1 0]
[2 0 2 2 2 0 1 0 1 0 2 4 0 0 0 3 2 0 4 1 2 0 3 4 0 0 0 0 2 4 0 2 2 0 3 0 4
 3 1 0 0 1 3 3 1 4 0 0 0 4 4 0 0 0 0 2 0 2 3 0 2 3 0 0 2 0 2 0 2 0 1 3 0 0
 0 3 1 4 0 0 0 3 1 0 2 4 4 3 1 0 3 0 0 0 0 0 0 4 0 0]
[2 0 2 2 2 0 1 0 1 0 2 4 0 0 0 3 2 0 4 1 2 0 3 4 0 0 0 0 2 4 0 2 2 0 3 0 4
 3 1 0 0 1 3 3 1 4 0 0 0 4 4 0 0 0 0 2 0 2 3 0 2 3 0 0 2 0 2 0 2 0 1 3 0 0
 0 3 1 4 0 0 0 3 1 0 2 4 4 3 1 0 3 0 0 0 0 0 0 4 0 0]
[3 7 9 3 3 2 3 8 8 5 2 1 7 1 2 7 9 3 9 2 2 9 7 3 9 2 2 2 6 5 1 5 7 4 2 9 5
 9 8 3 2 2 7 9 1 9 5 8 6 8 4 1 6 8 5 3 2 1 6 7 5 2 8 8 4 1 9 6 9 6 8 8 5 6
 9 4 2 4 7 4 2 3 8 6 1 3 5 8 6 5 5 6 1 2 9 7 6 4 4 2]
[3 7 9 3 3 2 3 8 8 5 2 1 7 1 2 7 9 3 9 2 2 9 7 3 9 2 2 2 6 5 1 5 7 4 2 9 5
 9 8 3 2 2 7 9 1 9 5 8 6 8 4 1 6 8 5 3 2 1 6 7 5 2 8 8 4 1 9 6 9 6 8 8 5 6
 9 4 2 4 7 4 2 3 8 6 1 3 5 8 6 5 5 6 1 2 9 7 6 4 4 2]
[50, 50, 19, 50, 35, 50, 50, 50, 49, 50, 50, 18, 28, 50, 50, 50, 26, 35, 13, 19, 50, 35, 39, 39, 50, 50, 50, 50, 21, 50, 18, 32, 50, 50, 50, 12, 50, 28, 50, 15, 14, 50, 50, 50, 50, 30, 50, 25, 29, 50, 50, 13, 22, 50, 47, 36, 50, 19, 50, 24, 48, 24, 50, 49, 50, 50, 49, 50, 20, 32, 17, 35, 15, 50, 46, 50, 24, 48, 50, 50, 40, 41, 44, 50, 50, 50, 25, 50, 50, 26, 50, 50, 23, 50, 50, 50, 46, 50, 17, 41]
[0 0 0 0 0 0 0 0 0 0 0 0 0 0 0 0 0 0 0 0 0 0 0 0 0 0 0 0 0 0 0 0 0 0 0 0 0
 0 0 0 0 0 0 0 0 0 0 0 0 0 0 0 0 0 0 0 0 0 0 0 0 0 0 0 0 0 0 0 0 0 0 0 0 0
 0 0 0 0 0 0 0 0 0 0 0 0 0 0 0 0 0 0 0 0 0 0 0 0 0 0]
[1 1 1 1 1 1 1 1 1 1 1 1 1 1 1 1 1 1 1 1 1 1 1 1 1 1 1 1 1 1 1 1 1 1 1 1 1
 1 1 1 1 1 1 1 1 1 1 1 1 1 1 1 1 1 1 1 1 1 1 1 1 1 1 1 1 1 1 1 1 1 1 1 1 1
 1 1 1 1 1 1 1 1 1 1 1 1 1 1 1 1 1 1 1 1 1 1 1 1 1 1]
