[ 0  1  2  3  4  5  6  7  8  9 10 11 12 13 14 15 16 17 18 19 20 21 22 23
 24 25 26 27 28 29 30 31 32 33 34 35 36 37 38 39 40 41 42 43 44 45 46 47
 48 49 50 51 52 53 54 55 56 57 58 59 60 61 62 63 64 65 66 67 68 69 70 71
 72 73 74 75 76 77 78 79 80 81 82 83 84 85 86 87 88 89 90 91 92 93 94 95
 96 97 98 99]
[63  6 -1 60 51 -1 20 87 11 33 87 55 80 82 40 -1 36 29 16 51 -1 -1 42 63
 59 70 82 79 55  5 50 29 34 96 -1 95 55 29 88 21 23 79 20 21 76 95 65 64
 69 79 82 55 70 -1  9 22 19 -1 -1 -1 49 78 -1 91 22 -1 58 89 -1 -1 76 85
 -1 47 -1 -1 23 -1 -1 -1  8 79 31 -1 -1 93 84 -1 -1 -1 39 -1 -1 -1 -1 52
 76 13 40 67]
[1 1 0 1 1 0 0 0 0 0 1 0 1 0 1 0 1 1 1 0 0 0 1 0 0 1 1 0 0 0 0 0 1 1 1 1 0
 0 0 0 0 1 1 0 0 1 1 1 1 0 0 1 0 0 1 0 1 0 1 1 1 1 0 0 1 0 1 0 1 1 1 1 1 1
 0 1 0 1 0 0 0 0 0 1 0 1 0 1 1 1 0 1 1 1 0 0 1 0 1 1]
[0 2 4 0 4 0 0 0 0 4 1 2 2 0 2 0 4 0 0 0 3 4 1 0 3 0 3 0 4 4 0 0 0 0 2 1 1
 3 0 0 4 2 0 0 0 0 0 2 0 1 2 4 0 0 0 3 0 1 0 0 0 1 0 0 0 0 2 0 3 1 0 1 0 2
 0 0 1 2 2 0 0 4 0 0 4 2 3 3 0 0 0 0 3 2 3 2 0 1 0 2]
[0 2 4 0 4 0 0 0 0 4 1 2 2 0 2 0 4 0 0 0 3 4 1 0 3 0 3 0 4 4 0 0 0 0 2 1 1
 3 0 0 4 2 0 0 0 0 0 2 0 1 2 4 0 0 0 3 0 1 0 0 0 1 0 0 0 0 2 0 3 1 0 1 0 2
 0 0 1 2 2 0 0 4 0 0 4 2 3 3 0 0 0 0 3 2 3 2 0 1 0 2]
[2 1 7 6 4 8 9 2 5 3 3 7 2 5 4 3 5 9 7 1 6 9 4 9 7 2 7 1 7 1 9 9 3 8 6 1 6
 7 4 3 3 7 6 1 6 1 6 5 3 1 3 7 4 5 6 8 2 7 5 1 6 2 4 1 2 4 3 1 1 1 7 9 6 1
 1 5 2 1 3 3 8 8 7 6 9 9 4 8 5 3 1 9 7 8 3 2 6 8 2 4]
[2 1 7 6 4 8 9 2 5 3 3 7 2 5 4 3 5 9 7 1 6 9 4 9 7 2 7 1 7 1 9 9 3 8 6 1 6
 7 4 3 3 7 6 1 6 1 6 5 3 1 3 7 4 5 6 8 2 7 5 1 6 2 4 1 2 4 3 1 1 1 7 9 6 1
 1 5 2 1 3 3 8 8 7 6 9 9 4 8 5 3 1 9 7 8 3 2 6 8 2 4]
[50, 50, 44, 14, 36, 50, 35, 50, 37, 50, 47, 33, 44, 16, 50, 31, 25, 50, 26, 28, 28, 50, 50, 20, 50, 22, 50, 50, 50, 33, 20, 22, 50, 17, 12, 34, 50, 50, 50, 50, 33, 37, 37, 43, 50, 50, 35, 50, 50, 50, 18, 50, 50, 50, 15, 39, 50, 49, 50, 50, 50, 41, 47, 50, 16, 50, 36, 50, 50, 50, 14, 50, 50, 38, 27, 50, 50, 30, 32, 50, 34, 30, 50, 50, 50, 22, 50, 11, 50, 27, 50, 16, 50, 50, 50, 50, 50, 11, 38, 50]
[0 0 0 0 0 0 0 0 0 0 0 0 0 0 0 0 0 0 0 0 0 0 0 0 0 0 0 0 0 0 0 0 0 0 0 0 0
 0 0 0 0 0 0 0 0 0 0 0 0 0 0 0 0 0 0 0 0 0 0 0 0 0 0 0 0 0 0 0 0 0 0 0 0 0
 0 0 0 0 0 0 0 0 0 0 0 0 0 0 0 0 0 0 0 0 0 0 0 0 0 0]
[1 1 1 1 1 1 1 1 1 1 1 1 1 1 1 1 1 1 1 1 1 1 1 1 1 1 1 1 1 1 1 1 1 1 1 1 1
 1 1 1 1 1 1 1 1 1 1 1 1 1 1 1 1 1 1 1 1 1 1 1 1 1 1 1 1 1 1 1 1 1 1 1 1 1
 1 1 1 1 1 1 1 1 1 1 1 1 1 1 1 1 1 1 1 1 1 1 1 1 1 1]
