[ 0  1  2  3  4  5  6  7  8  9 10 11 12 13 14 15 16 17 18 19 20 21 22 23
 24 25 26 27 28 29 30 31 32 33 34 35 36 37 38 39 40 41 42 43 44 45 46 47
 48 49 50 51 52 53 54 55 56 57 58 59 60 61 62 63 64 65 66 67 68 69 70 71
 72 73 74 75 76 77 78 79 80 81 82 83 84 85 86 87 88 89 90 91 92 93 94 95
 96 97 98 99]
[55 17 45 38 -1  4 86 99 15 38 -1 77 17 96 -1  3 -1 -1 93 -1 39  1  8 68
 66 -1 79 76 18 66 91 -1 64 83 -1 14 96 97 58 -1 51 16 35 49  4 51 63 11
 18 29 85 59 51 26  5 -1 54 95 -1 13 -1 29 -1 78 -1 -1 -1 92 85  2 -1 -1
 93 18 -1 19 42  1 47 -1 -1 -1 98 95 40 -1 28 -1 59 31 -1 35 72 76 16 -1
 77 49 -1 52]
[1 1 0 0 0 1 0 0 1 0 1 1 1 1 1 0 0 1 1 1 0 0 0 1 1 1 0 1 0 0 0 0 0 1 1 1 0
 1 1 1 0 1 1 1 1 1 0 1 1 0 0 0 1 1 0 1 1 0 0 1 0 1 1 1 1 0 0 1 1 1 1 0 0 0
 1 0 1 0 1 1 0 0 0 0 1 0 0 1 1 0 1 1 1 1 0 1 1 0 0 1]
[3 0 1 4 0 4 1 2 0 4 3 3 0 4 0 1 0 0 0 4 0 0 3 0 0 0 1 1 0 2 1 0 0 0 0 0 4
 4 0 3 2 1 0 0 4 2 4 0 3 2 4 2 0 2 1 0 0 0 0 0 1 0 0 0 0 4 4 2 0 0 1 0 0 0
 2 3 0 3 3 0 0 0 0 0 0 0 0 1 1 0 0 0 1 2 0 3 0 0 2 0]
[3 0 1 4 0 4 1 2 0 4 3 3 0 4 0 1 0 0 0 4 0 0 3 0 0 0 1 1 0 2 1 0 0 0 0 0 4
 4 0 3 2 1 0 0 4 2 4 0 3 2 4 2 0 2 1 0 0 0 0 0 1 0 0 0 0 4 4 2 0 0 1 0 0 0
 2 3 0 3 3 0 0 0 0 0 0 0 0 1 1 0 0 0 1 2 0 3 0 0 2 0]
[6 2 6 4 8 3 6 7 6 1 2 4 1 5 1 8 8 1 4 9 2 3 7 5 2 6 9 7 1 7 9 5 7 7 9 7 8
 2 1 8 3 2 8 6 1 1 6 6 1 6 4 8 1 2 6 3 9 4 6 6 4 6 6 1 9 5 9 3 7 9 6 9 7 9
 9 9 8 6 8 9 8 7 8 1 1 1 1 7 4 2 5 4 3 2 9 2 4 6 6 1]
[6 2 6 4 8 3 6 7 6 1 2 4 1 5 1 8 8 1 4 9 2 3 7 5 2 6 9 7 1 7 9 5 7 7 9 7 8
 2 1 8 3 2 8 6 1 1 6 6 1 6 4 8 1 2 6 3 9 4 6 6 4 6 6 1 9 5 9 3 7 9 6 9 7 9
 9 9 8 6 8 9 8 7 8 1 1 1 1 7 4 2 5 4 3 2 9 2 4 6 6 1]
[50, 43, 50, 50, 50, 50, 50, 35, 47, 10, 50, 50, 26, 50, 11, 50, 11, 50, 50, 41, 50, 35, 41, 50, 47, 50, 28, 50, 50, 14, 33, 50, 50, 33, 50, 18, 50, 25, 50, 19, 29, 50, 50, 50, 22, 50, 35, 50, 50, 50, 44, 50, 50, 50, 25, 44, 50, 50, 19, 50, 50, 15, 50, 50, 50, 50, 24, 14, 50, 39, 27, 40, 50, 19, 20, 50, 45, 23, 50, 40, 50, 15, 50, 19, 50, 44, 46, 50, 28, 10, 33, 12, 35, 50, 23, 50, 50, 44, 50, 50]
[0 0 0 0 0 0 0 0 0 0 0 0 0 0 0 0 0 0 0 0 0 0 0 0 0 0 0 0 0 0 0 0 0 0 0 0 0
 0 0 0 0 0 0 0 0 0 0 0 0 0 0 0 0 0 0 0 0 0 0 0 0 0 0 0 0 0 0 0 0 0 0 0 0 0
 0 0 0 0 0 0 0 0 0 0 0 0 0 0 0 0 0 0 0 0 0 0 0 0 0 0]
[1 1 1 1 1 1 1 1 1 1 1 1 1 1 1 1 1 1 1 1 1 1 1 1 1 1 1 1 1 1 1 1 1 1 1 1 1
 1 1 1 1 1 1 1 1 1 1 1 1 1 1 1 1 1 1 1 1 1 1 1 1 1 1 1 1 1 1 1 1 1 1 1 1 1
 1 1 1 1 1 1 1 1 1 1 1 1 1 1 1 1 1 1 1 1 1 1 1 1 1 1]
