[ 0  1  2  3  4  5  6  7  8  9 10 11 12 13 14 15 16 17 18 19 20 21 22 23
 24 25 26 27 28 29 30 31 32 33 34 35 36 37 38 39 40 41 42 43 44 45 46 47
 48 49 50 51 52 53 54 55 56 57 58 59 60 61 62 63 64 65 66 67 68 69 70 71
 72 73 74 75 76 77 78 79 80 81 82 83 84 85 86 87 88 89 90 91 92 93 94 95
 96 97 98 99]
[ 6 -1 -1 81 36 67 86 31  2 -1 71 -1 60 70 82 49 -1 79 -1 10 54 68 37 -1
 -1 72 -1  3 30 -1 -1 70  3 10 -1 11 96 -1 13 -1 -1  1 44 -1 -1 55 51 34
 68 79 90 39 72 94 43  7 70 55 18 31 39 37 -1 -1 15 -1 -1 -1  7 70 22 94
 64 -1 -1 72 23 -1 -1 32 -1 84 74 -1 86 -1 14 37 32 -1  8 57 -1 -1 13 -1
 69 66 18  5]
[1 1 0 0 1 0 1 1 0 0 0 1 0 1 1 0 1 1 1 1 0 0 0 1 0 0 0 0 1 1 1 0 0 0 0 0 1
 0 1 0 1 0 0 1 0 0 1 1 1 0 0 0 1 1 0 0 0 0 1 0 1 1 0 0 0 1 1 1 0 1 0 0 1 0
 0 0 0 1 1 0 0 0 0 1 1 0 1 0 0 0 0 0 0 0 0 1 1 1 1 0]
[1 4 4 0 0 1 0 0 4 0 0 2 4 0 1 0 2 3 1 0 1 3 0 0 0 3 3 1 2 0 0 0 0 2 4 4 3
 3 3 1 0 1 4 0 0 0 0 4 0 0 0 2 0 0 0 0 0 2 0 4 0 0 0 3 0 0 2 1 0 0 2 0 0 0
 1 2 2 0 0 0 1 0 0 1 0 0 3 0 1 0 4 3 0 0 2 0 3 0 1 1]
[1 4 4 0 0 1 0 0 4 0 0 2 4 0 1 0 2 3 1 0 1 3 0 0 0 3 3 1 2 0 0 0 0 2 4 4 3
 3 3 1 0 1 4 0 0 0 0 4 0 0 0 2 0 0 0 0 0 2 0 4 0 0 0 3 0 0 2 1 0 0 2 0 0 0
 1 2 2 0 0 0 1 0 0 1 0 0 3 0 1 0 4 3 0 0 2 0 3 0 1 1]
[8 4 2 2 6 3 1 3 1 5 7 4 9 1 7 3 3 1 1 3 7 9 6 3 2 3 1 1 4 7 9 7 5 5 7 9 5
 5 7 7 1 8 6 7 8 8 7 4 5 1 2 7 2 5 9 3 8 7 2 4 8 2 4 2 4 5 9 6 5 3 2 4 5 4
 5 6 6 1 2 9 8 9 7 5 9 2 1 3 9 3 7 4 2 8 9 2 4 5 6 2]
[8 4 2 2 6 3 1 3 1 5 7 4 9 1 7 3 3 1 1 3 7 9 6 3 2 3 1 1 4 7 9 7 5 5 7 9 5
 5 7 7 1 8 6 7 8 8 7 4 5 1 2 7 2 5 9 3 8 7 2 4 8 2 4 2 4 5 9 6 5 3 2 4 5 4
 5 6 6 1 2 9 8 9 7 5 9 2 1 3 9 3 7 4 2 8 9 2 4 5 6 2]
[36, 50, 50, 15, 50, 50, 50, 32, 37, 32, 50, 50, 45, 25, 50, 50, 46, 13, 14, 50, 50, 50, 50, 50, 30, 34, 50, 43, 42, 22, 50, 44, 41, 30, 50, 27, 50, 30, 25, 38, 50, 37, 50, 13, 24, 16, 36, 50, 48, 50, 50, 20, 50, 50, 50, 50, 50, 50, 50, 50, 38, 50, 16, 50, 34, 26, 38, 50, 13, 28, 50, 31, 15, 50, 50, 24, 50, 35, 50, 38, 37, 50, 50, 50, 50, 31, 16, 50, 50, 50, 50, 44, 38, 45, 10, 42, 43, 50, 43, 20]
[0 0 0 0 0 0 0 0 0 0 0 0 0 0 0 0 0 0 0 0 0 0 0 0 0 0 0 0 0 0 0 0 0 0 0 0 0
 0 0 0 0 0 0 0 0 0 0 0 0 0 0 0 0 0 0 0 0 0 0 0 0 0 0 0 0 0 0 0 0 0 0 0 0 0
 0 0 0 0 0 0 0 0 0 0 0 0 0 0 0 0 0 0 0 0 0 0 0 0 0 0]
[1 1 1 1 1 1 1 1 1 1 1 1 1 1 1 1 1 1 1 1 1 1 1 1 1 1 1 1 1 1 1 1 1 1 1 1 1
 1 1 1 1 1 1 1 1 1 1 1 1 1 1 1 1 1 1 1 1 1 1 1 1 1 1 1 1 1 1 1 1 1 1 1 1 1
 1 1 1 1 1 1 1 1 1 1 1 1 1 1 1 1 1 1 1 1 1 1 1 1 1 1]
