[ 0  1  2  3  4  5  6  7  8  9 10 11 12 13 14 15 16 17 18 19 20 21 22 23
 24 25 26 27 28 29 30 31 32 33 34 35 36 37 38 39 40 41 42 43 44 45 46 47
 48 49 50 51 52 53 54 55 56 57 58 59 60 61 62 63 64 65 66 67 68 69 70 71
 72 73 74 75 76 77 78 79 80 81 82 83 84 85 86 87 88 89 90 91 92 93 94 95
 96 97 98 99]
[ 4 67 92 33 -1 19 52 68 48  3 90 -1 38 72 75 76 69 80 65 13 73 97 -1 10
 -1 55 -1 74  9 15 23 -1 71 43 53 -1 76 -1 67 78 -1 17 20 -1 50 -1  9 -1
 72 18 -1 -1 -1 -1 22 -1  6 -1 77 -1 -1 -1 -1 92 -1 64  1 -1 49 28 -1 -1
 65 50 75 21 -1 70 20 84 39 22 49 30 98 62 97 -1 -1 12 -1 31  7 94 73 -1
 -1 48 23 85]
[1 1 1 0 0 1 1 0 0 1 1 0 0 0 0 1 0 0 0 0 1 1 0 0 1 0 0 1 1 1 1 0 0 0 1 1 0
 1 0 1 1 1 1 1 0 0 0 1 0 0 1 0 0 1 0 1 1 0 0 0 1 1 1 0 0 0 0 1 0 1 1 1 1 0
 0 0 0 1 0 0 1 0 1 0 0 1 0 1 0 1 0 1 0 1 1 0 1 1 1 0]
[2 0 0 2 4 0 4 1 0 2 0 2 2 2 0 2 3 0 0 0 0 0 3 3 1 0 0 4 1 1 0 3 0 1 1 1 3
 3 0 0 0 3 2 0 2 4 0 4 3 1 4 4 4 0 1 0 0 4 0 0 0 3 2 4 0 2 0 1 3 2 0 1 1 0
 1 3 0 2 0 4 0 0 3 0 2 0 0 0 3 0 2 3 0 0 1 2 0 0 0 4]
[2 0 0 2 4 0 4 1 0 2 0 2 2 2 0 2 3 0 0 0 0 0 3 3 1 0 0 4 1 1 0 3 0 1 1 1 3
 3 0 0 0 3 2 0 2 4 0 4 3 1 4 4 4 0 1 0 0 4 0 0 0 3 2 4 0 2 0 1 3 2 0 1 1 0
 1 3 0 2 0 4 0 0 3 0 2 0 0 0 3 0 2 3 0 0 1 2 0 0 0 4]
[4 4 2 8 5 5 7 8 8 3 1 2 7 7 2 7 1 2 3 6 8 5 5 7 2 2 6 7 8 4 8 4 2 1 4 1 2
 1 4 5 3 4 9 9 2 9 9 8 2 7 7 2 7 6 3 1 2 6 4 4 4 6 6 9 7 5 3 5 6 4 2 5 1 2
 9 1 2 4 6 6 5 9 8 1 7 8 7 4 8 8 3 5 3 5 9 2 1 4 5 8]
[4 4 2 8 5 5 7 8 8 3 1 2 7 7 2 7 1 2 3 6 8 5 5 7 2 2 6 7 8 4 8 4 2 1 4 1 2
 1 4 5 3 4 9 9 2 9 9 8 2 7 7 2 7 6 3 1 2 6 4 4 4 6 6 9 7 5 3 5 6 4 2 5 1 2
 9 1 2 4 6 6 5 9 8 1 7 8 7 4 8 8 3 5 3 5 9 2 1 4 5 8]
[38, 44, 50, 50, 26, 50, 47, 30, 43, 50, 50, 23, 50, 50, 40, 40, 50, 50, 50, 26, 42, 50, 50, 50, 50, 19, 13, 42, 50, 50, 11, 48, 50, 50, 50, 13, 50, 50, 36, 50, 50, 50, 30, 11, 50, 40, 50, 26, 18, 50, 35, 14, 35, 50, 47, 33, 50, 50, 40, 50, 50, 13, 14, 50, 28, 12, 15, 45, 45, 50, 50, 50, 50, 50, 24, 41, 23, 22, 30, 50, 33, 50, 50, 30, 22, 50, 50, 35, 50, 36, 10, 21, 50, 50, 50, 50, 50, 50, 46, 45]
[0 0 0 0 0 0 0 0 0 0 0 0 0 0 0 0 0 0 0 0 0 0 0 0 0 0 0 0 0 0 0 0 0 0 0 0 0
 0 0 0 0 0 0 0 0 0 0 0 0 0 0 0 0 0 0 0 0 0 0 0 0 0 0 0 0 0 0 0 0 0 0 0 0 0
 0 0 0 0 0 0 0 0 0 0 0 0 0 0 0 0 0 0 0 0 0 0 0 0 0 0]
[1 1 1 1 1 1 1 1 1 1 1 1 1 1 1 1 1 1 1 1 1 1 1 1 1 1 1 1 1 1 1 1 1 1 1 1 1
 1 1 1 1 1 1 1 1 1 1 1 1 1 1 1 1 1 1 1 1 1 1 1 1 1 1 1 1 1 1 1 1 1 1 1 1 1
 1 1 1 1 1 1 1 1 1 1 1 1 1 1 1 1 1 1 1 1 1 1 1 1 1 1]
