[ 0  1  2  3  4  5  6  7  8  9 10 11 12 13 14 15 16 17 18 19 20 21 22 23
 24 25 26 27 28 29 30 31 32 33 34 35 36 37 38 39 40 41 42 43 44 45 46 47
 48 49 50 51 52 53 54 55 56 57 58 59 60 61 62 63 64 65 66 67 68 69 70 71
 72 73 74 75 76 77 78 79 80 81 82 83 84 85 86 87 88 89 90 91 92 93 94 95
 96 97 98 99]
[36 -1 -1 71 -1 -1 -1 13 -1 59 14 84 96 -1 35 -1  7 35 99 23 -1 48 76 -1
 -1 -1 19  9 -1 -1 -1 -1 -1  9  5 27 22 39 -1 85 38 54 -1 -1 58 24 -1 -1
 11 71 57 89 95 17 50 -1 42 40 23 48 27 81 10  7 35 84 -1  7 -1 32 59 -1
 -1 12 33 70 61 84 77 -1 -1 -1 80 12 66 -1 19 -1 91 -1 -1 29 36 -1 10 -1
 50 66 78 83]
[1 0 0 1 0 0 1 0 0 1 0 0 1 1 1 1 0 1 0 1 1 1 1 1 1 0 1 0 0 0 0 0 0 0 0 1 1
 1 0 0 1 1 0 0 1 1 0 0 0 1 1 1 0 0 1 1 0 1 0 1 1 1 0 1 1 0 0 0 1 1 0 0 0 1
 1 1 0 1 1 1 0 1 0 1 0 0 0 1 1 1 0 1 1 0 0 0 0 1 0 0]
[1 0 0 0 2 4 4 3 1 3 3 0 2 0 2 1 4 0 0 0 4 2 2 1 4 0 0 0 0 2 2 0 0 0 0 0 1
 1 0 0 2 1 4 4 0 0 3 0 0 4 0 1 0 1 3 3 0 0 0 0 0 0 3 0 2 0 3 1 0 0 0 0 2 0
 2 4 2 3 2 0 0 0 1 3 3 0 0 4 2 0 0 1 0 1 3 0 0 4 2 0]
[1 0 0 0 2 4 4 3 1 3 3 0 2 0 2 1 4 0 0 0 4 2 2 1 4 0 0 0 0 2 2 0 0 0 0 0 1
 1 0 0 2 1 4 4 0 0 3 0 0 4 0 1 0 1 3 3 0 0 0 0 0 0 3 0 2 0 3 1 0 0 0 0 2 0
 2 4 2 3 2 0 0 0 1 3 3 0 0 4 2 0 0 1 0 1 3 0 0 4 2 0]
[2 4 2 8 2 9 4 4 1 7 1 9 6 9 4 3 9 5 4 2 1 4 8 1 1 3 7 7 8 5 8 8 8 2 4 2 9
 5 6 5 9 5 1 4 7 7 5 1 9 1 6 1 6 9 4 9 3 9 5 4 4 1 4 7 5 4 7 3 7 6 1 7 9 2
 5 9 4 1 5 2 9 1 8 9 4 5 2 4 4 6 8 6 4 9 6 9 2 2 4 4]
[2 4 2 8 2 9 4 4 1 7 1 9 6 9 4 3 9 5 4 2 1 4 8 1 1 3 7 7 8 5 8 8 8 2 4 2 9
 5 6 5 9 5 1 4 7 7 5 1 9 1 6 1 6 9 4 9 3 9 5 4 4 1 4 7 5 4 7 3 7 6 1 7 9 2
 5 9 4 1 5 2 9 1 8 9 4 5 2 4 4 6 8 6 4 9 6 9 2 2 4 4]
[18, 50, 50, 24, 20, 17, 35, 50, 50, 16, 31, 50, 50, 12, 50, 26, 50, 50, 50, 50, 45, 10, 50, 50, 50, 29, 50, 35, 50, 38, 50, 23, 50, 50, 50, 50, 17, 12, 50, 47, 46, 34, 50, 33, 50, 50, 50, 50, 23, 50, 24, 41, 50, 50, 40, 50, 50, 50, 30, 50, 10, 50, 41, 44, 19, 50, 50, 50, 50, 50, 50, 43, 50, 31, 50, 48, 30, 17, 23, 49, 50, 50, 41, 50, 50, 50, 50, 40, 23, 50, 16, 50, 20, 50, 38, 50, 24, 23, 22, 22]
[0 0 0 0 0 0 0 0 0 0 0 0 0 0 0 0 0 0 0 0 0 0 0 0 0 0 0 0 0 0 0 0 0 0 0 0 0
 0 0 0 0 0 0 0 0 0 0 0 0 0 0 0 0 0 0 0 0 0 0 0 0 0 0 0 0 0 0 0 0 0 0 0 0 0
 0 0 0 0 0 0 0 0 0 0 0 0 0 0 0 0 0 0 0 0 0 0 0 0 0 0]
[1 1 1 1 1 1 1 1 1 1 1 1 1 1 1 1 1 1 1 1 1 1 1 1 1 1 1 1 1 1 1 1 1 1 1 1 1
 1 1 1 1 1 1 1 1 1 1 1 1 1 1 1 1 1 1 1 1 1 1 1 1 1 1 1 1 1 1 1 1 1 1 1 1 1
 1 1 1 1 1 1 1 1 1 1 1 1 1 1 1 1 1 1 1 1 1 1 1 1 1 1]
