[ 0  1  2  3  4  5  6  7  8  9 10 11 12 13 14 15 16 17 18 19 20 21 22 23
 24 25 26 27 28 29 30 31 32 33 34 35 36 37 38 39 40 41 42 43 44 45 46 47
 48 49 50 51 52 53 54 55 56 57 58 59 60 61 62 63 64 65 66 67 68 69 70 71
 72 73 74 75 76 77 78 79 80 81 82 83 84 85 86 87 88 89 90 91 92 93 94 95
 96 97 98 99]
[85 23 44 94 -1 29 -1 79 30 34 54 96 -1 -1 -1 -1 -1 26  1 -1 83 -1 -1 72
 -1 49 -1 18 98 -1 -1 26 -1 77 -1 56 -1 10  8 -1 19 52 -1 15 74 -1 20 -1
 -1 24 62 97 -1 -1 23 97 24 39 -1 -1 -1 26 22 70 -1 52  5 -1 94 -1 97 -1
 89 54 22 59 29 22 16 -1 -1 11 -1 87 -1 81 -1 55 -1 31 -1 86 -1 37 -1 -1
 49 53 76 -1]
[1 0 0 0 0 0 0 0 1 1 1 0 1 1 1 0 1 0 1 0 0 1 1 1 0 1 1 1 1 1 0 0 1 0 0 0 0
 1 1 0 1 1 1 0 1 0 0 1 0 0 1 0 0 0 0 1 1 1 1 1 1 0 0 1 1 1 0 1 0 0 0 0 0 1
 1 0 0 0 1 0 1 0 0 0 0 1 1 1 0 1 0 0 0 0 1 0 1 0 0 0]
[0 0 2 0 2 2 0 0 1 3 4 0 0 3 2 0 2 0 1 0 0 1 0 0 0 0 0 1 0 3 0 2 3 0 0 1 0
 0 0 4 0 1 0 0 2 0 4 4 0 4 0 0 0 0 0 0 2 2 1 0 0 2 1 2 0 0 0 2 0 0 2 1 0 4
 0 1 4 0 4 1 1 0 0 0 0 4 2 0 3 0 1 1 0 4 0 2 0 0 4 1]
[0 0 2 0 2 2 0 0 1 3 4 0 0 3 2 0 2 0 1 0 0 1 0 0 0 0 0 1 0 3 0 2 3 0 0 1 0
 0 0 4 0 1 0 0 2 0 4 4 0 4 0 0 0 0 0 0 2 2 1 0 0 2 1 2 0 0 0 2 0 0 2 1 0 4
 0 1 4 0 4 1 1 0 0 0 0 4 2 0 3 0 1 1 0 4 0 2 0 0 4 1]
[7 3 8 1 3 4 1 7 8 2 5 8 8 9 5 9 3 3 3 6 4 2 5 5 5 5 5 7 6 8 3 6 6 3 9 9 2
 6 5 8 6 5 7 9 6 5 8 7 6 1 7 7 7 4 8 5 7 1 1 4 4 4 6 1 9 5 7 4 3 5 5 9 3 9
 5 2 5 8 7 1 5 3 4 4 6 1 8 3 2 4 7 9 7 9 6 3 5 6 5 9]
[7 3 8 1 3 4 1 7 8 2 5 8 8 9 5 9 3 3 3 6 4 2 5 5 5 5 5 7 6 8 3 6 6 3 9 9 2
 6 5 8 6 5 7 9 6 5 8 7 6 1 7 7 7 4 8 5 7 1 1 4 4 4 6 1 9 5 7 4 3 5 5 9 3 9
 5 2 5 8 7 1 5 3 4 4 6 1 8 3 2 4 7 9 7 9 6 3 5 6 5 9]
[14, 50, 50, 32, 50, 25, 50, 28, 50, 50, 48, 50, 22, 19, 50, 50, 50, 50, 50, 50, 50, 25, 10, 50, 50, 50, 50, 34, 50, 50, 31, 49, 13, 50, 50, 50, 50, 50, 13, 40, 50, 50, 50, 50, 24, 50, 50, 50, 48, 50, 14, 50, 50, 23, 21, 50, 50, 43, 13, 50, 13, 50, 34, 50, 31, 47, 30, 34, 50, 50, 32, 50, 50, 48, 50, 50, 50, 50, 50, 32, 50, 28, 48, 29, 30, 50, 30, 25, 48, 12, 22, 50, 20, 22, 29, 24, 15, 50, 28, 50]
[0 0 0 0 0 0 0 0 0 0 0 0 0 0 0 0 0 0 0 0 0 0 0 0 0 0 0 0 0 0 0 0 0 0 0 0 0
 0 0 0 0 0 0 0 0 0 0 0 0 0 0 0 0 0 0 0 0 0 0 0 0 0 0 0 0 0 0 0 0 0 0 0 0 0
 0 0 0 0 0 0 0 0 0 0 0 0 0 0 0 0 0 0 0 0 0 0 0 0 0 0]
[1 1 1 1 1 1 1 1 1 1 1 1 1 1 1 1 1 1 1 1 1 1 1 1 1 1 1 1 1 1 1 1 1 1 1 1 1
 1 1 1 1 1 1 1 1 1 1 1 1 1 1 1 1 1 1 1 1 1 1 1 1 1 1 1 1 1 1 1 1 1 1 1 1 1
 1 1 1 1 1 1 1 1 1 1 1 1 1 1 1 1 1 1 1 1 1 1 1 1 1 1]
