[ 0  1  2  3  4  5  6  7  8  9 10 11 12 13 14 15 16 17 18 19 20 21 22 23
 24 25 26 27 28 29 30 31 32 33 34 35 36 37 38 39 40 41 42 43 44 45 46 47
 48 49 50 51 52 53 54 55 56 57 58 59 60 61 62 63 64 65 66 67 68 69 70 71
 72 73 74 75 76 77 78 79 80 81 82 83 84 85 86 87 88 89 90 91 92 93 94 95
 96 97 98 99]
[-1 -1  9 -1 86 67 85 -1 20 72 79  3 43 96 59 27 -1 34 -1 32 35  5 -1 -1
 69 73 97 96 84 59 55 79 15 -1 45 52 68 -1 -1 12 16 92 72 -1 12 30 82 25
 62  9 62 28 -1 54 -1 21  9 98 36 -1 90 -1 45 21 -1 58 21  2 28 -1 -1 -1
 -1  6 31 66  6 -1 39 -1 -1 -1 -1 37 99 11 27 95 68 -1 57 81 -1 10 74 35
 -1 -1 22 14]
[1 0 0 0 0 1 1 1 1 0 1 1 0 0 0 1 0 1 0 0 1 0 1 1 1 0 0 1 1 1 1 1 1 0 0 0 0
 1 1 1 1 0 0 0 1 1 1 0 0 1 0 0 1 1 0 0 0 0 1 0 1 0 1 0 0 1 1 1 1 1 1 1 0 1
 0 0 1 0 1 1 1 1 0 1 0 0 0 1 1 0 1 1 1 0 0 0 0 0 1 0]
[1 0 0 0 4 2 0 0 1 4 3 1 1 4 4 0 0 0 0 0 1 0 0 0 2 0 0 0 0 0 0 4 2 0 2 0 0
 0 2 0 0 0 0 3 2 0 2 2 0 2 0 2 0 0 2 3 4 0 4 0 0 3 3 1 0 4 2 1 3 2 2 1 2 0
 1 4 0 0 2 4 0 0 0 0 4 0 0 0 1 1 0 2 0 0 3 0 2 2 0 2]
[1 0 0 0 4 2 0 0 1 4 3 1 1 4 4 0 0 0 0 0 1 0 0 0 2 0 0 0 0 0 0 4 2 0 2 0 0
 0 2 0 0 0 0 3 2 0 2 2 0 2 0 2 0 0 2 3 4 0 4 0 0 3 3 1 0 4 2 1 3 2 2 1 2 0
 1 4 0 0 2 4 0 0 0 0 4 0 0 0 1 1 0 2 0 0 3 0 2 2 0 2]
[8 8 6 1 6 4 5 6 5 8 7 3 3 3 8 5 9 7 1 8 5 5 6 7 5 5 3 9 9 9 1 2 8 6 3 4 5
 6 6 3 7 6 6 2 8 3 8 3 3 9 5 2 5 8 4 5 6 6 1 8 8 8 5 6 3 1 4 1 9 2 2 2 6 9
 5 2 2 9 6 9 1 4 8 3 5 7 3 3 3 7 4 1 7 7 2 8 6 7 3 3]
[8 8 6 1 6 4 5 6 5 8 7 3 3 3 8 5 9 7 1 8 5 5 6 7 5 5 3 9 9 9 1 2 8 6 3 4 5
 6 6 3 7 6 6 2 8 3 8 3 3 9 5 2 5 8 4 5 6 6 1 8 8 8 5 6 3 1 4 1 9 2 2 2 6 9
 5 2 2 9 6 9 1 4 8 3 5 7 3 3 3 7 4 1 7 7 2 8 6 7 3 3]
[50, 45, 50, 50, 50, 50, 19, 28, 50, 50, 41, 50, 50, 50, 21, 50, 50, 50, 47, 50, 50, 23, 15, 26, 50, 37, 34, 50, 50, 10, 50, 36, 50, 50, 50, 50, 50, 50, 50, 50, 33, 50, 28, 22, 17, 50, 50, 50, 42, 32, 15, 31, 50, 35, 50, 40, 19, 50, 50, 50, 23, 47, 18, 50, 34, 32, 50, 34, 15, 19, 13, 50, 50, 50, 28, 32, 50, 27, 50, 27, 50, 50, 19, 50, 14, 50, 50, 50, 50, 28, 50, 50, 50, 10, 50, 50, 42, 10, 34, 48]
[0 0 0 0 0 0 0 0 0 0 0 0 0 0 0 0 0 0 0 0 0 0 0 0 0 0 0 0 0 0 0 0 0 0 0 0 0
 0 0 0 0 0 0 0 0 0 0 0 0 0 0 0 0 0 0 0 0 0 0 0 0 0 0 0 0 0 0 0 0 0 0 0 0 0
 0 0 0 0 0 0 0 0 0 0 0 0 0 0 0 0 0 0 0 0 0 0 0 0 0 0]
[1 1 1 1 1 1 1 1 1 1 1 1 1 1 1 1 1 1 1 1 1 1 1 1 1 1 1 1 1 1 1 1 1 1 1 1 1
 1 1 1 1 1 1 1 1 1 1 1 1 1 1 1 1 1 1 1 1 1 1 1 1 1 1 1 1 1 1 1 1 1 1 1 1 1
 1 1 1 1 1 1 1 1 1 1 1 1 1 1 1 1 1 1 1 1 1 1 1 1 1 1]
