[ 0  1  2  3  4  5  6  7  8  9 10 11 12 13 14 15 16 17 18 19 20 21 22 23
 24 25 26 27 28 29 30 31 32 33 34 35 36 37 38 39 40 41 42 43 44 45 46 47
 48 49 50 51 52 53 54 55 56 57 58 59 60 61 62 63 64 65 66 67 68 69 70 71
 72 73 74 75 76 77 78 79 80 81 82 83 84 85 86 87 88 89 90 91 92 93 94 95
 96 97 98 99]
[63 64  0 72 97 -1 -1 -1 31 95  0 78 97 58 -1 40 -1 -1 -1 82 52 -1 -1 54
 -1 -1 -1 21 -1 47 26 35 36 66 -1  7 -1 -1 -1 99 57 30 24 -1 -1 -1 47  0
 -1 -1 -1  7 -1 36 -1 69  4 -1 21 -1 34 59 57 36 -1 13 -1 99 -1  5 65  3
 12 -1 -1 22 21 78 68  2 92  1 -1 -1 -1 -1 51 56  1 90 55 59 18 -1 -1 -1
 -1 83 -1 -1]
[1 1 0 0 0 1 0 1 1 1 0 0 0 1 1 0 0 1 0 1 1 0 0 1 1 0 1 1 1 0 0 0 0 1 1 1 0
 1 0 1 1 1 0 0 1 1 0 1 0 0 0 0 1 1 0 0 0 0 0 0 0 1 0 1 1 0 1 1 1 0 1 0 0 1
 0 0 0 1 1 1 1 0 1 0 1 1 1 0 1 0 0 0 0 1 0 1 1 0 1 0]
[4 1 0 0 3 3 0 3 0 0 0 0 1 3 0 2 2 3 3 4 0 0 4 0 0 3 4 0 0 4 0 4 3 3 1 0 2
 0 0 4 0 1 4 0 1 0 1 0 0 0 0 0 0 0 0 0 0 1 0 0 3 4 1 0 2 0 3 0 0 1 3 0 0 0
 0 0 0 0 4 0 3 0 0 4 0 0 1 4 2 0 4 3 1 3 0 0 0 0 1 3]
[4 1 0 0 3 3 0 3 0 0 0 0 1 3 0 2 2 3 3 4 0 0 4 0 0 3 4 0 0 4 0 4 3 3 1 0 2
 0 0 4 0 1 4 0 1 0 1 0 0 0 0 0 0 0 0 0 0 1 0 0 3 4 1 0 2 0 3 0 0 1 3 0 0 0
 0 0 0 0 4 0 3 0 0 4 0 0 1 4 2 0 4 3 1 3 0 0 0 0 1 3]
[5 9 5 4 3 2 2 4 9 6 5 3 7 7 9 7 5 8 2 7 7 8 8 8 1 8 4 5 4 9 7 5 6 1 9 6 1
 8 7 9 5 8 8 3 8 8 1 1 9 8 4 2 6 4 9 3 9 8 3 7 5 9 1 6 4 6 2 9 2 4 1 7 6 2
 5 4 2 7 5 5 2 5 1 7 8 6 5 9 8 1 6 2 9 6 6 1 7 1 1 4]
[5 9 5 4 3 2 2 4 9 6 5 3 7 7 9 7 5 8 2 7 7 8 8 8 1 8 4 5 4 9 7 5 6 1 9 6 1
 8 7 9 5 8 8 3 8 8 1 1 9 8 4 2 6 4 9 3 9 8 3 7 5 9 1 6 4 6 2 9 2 4 1 7 6 2
 5 4 2 7 5 5 2 5 1 7 8 6 5 9 8 1 6 2 9 6 6 1 7 1 1 4]
[50, 26, 50, 43, 50, 50, 23, 50, 50, 50, 50, 36, 21, 50, 16, 50, 50, 50, 36, 50, 50, 29, 49, 50, 50, 36, 27, 49, 50, 33, 29, 31, 50, 18, 34, 50, 50, 40, 47, 50, 50, 50, 21, 50, 14, 13, 21, 38, 50, 50, 50, 50, 50, 10, 49, 50, 50, 22, 39, 50, 40, 15, 49, 50, 50, 35, 17, 50, 50, 31, 50, 14, 50, 50, 40, 20, 50, 37, 50, 50, 48, 38, 50, 50, 30, 18, 24, 50, 50, 23, 50, 50, 50, 10, 42, 45, 13, 11, 50, 50]
[0 0 0 0 0 0 0 0 0 0 0 0 0 0 0 0 0 0 0 0 0 0 0 0 0 0 0 0 0 0 0 0 0 0 0 0 0
 0 0 0 0 0 0 0 0 0 0 0 0 0 0 0 0 0 0 0 0 0 0 0 0 0 0 0 0 0 0 0 0 0 0 0 0 0
 0 0 0 0 0 0 0 0 0 0 0 0 0 0 0 0 0 0 0 0 0 0 0 0 0 0]
[1 1 1 1 1 1 1 1 1 1 1 1 1 1 1 1 1 1 1 1 1 1 1 1 1 1 1 1 1 1 1 1 1 1 1 1 1
 1 1 1 1 1 1 1 1 1 1 1 1 1 1 1 1 1 1 1 1 1 1 1 1 1 1 1 1 1 1 1 1 1 1 1 1 1
 1 1 1 1 1 1 1 1 1 1 1 1 1 1 1 1 1 1 1 1 1 1 1 1 1 1]
