[ 0  1  2  3  4  5  6  7  8  9 10 11 12 13 14 15 16 17 18 19 20 21 22 23
 24 25 26 27 28 29 30 31 32 33 34 35 36 37 38 39 40 41 42 43 44 45 46 47
 48 49 50 51 52 53 54 55 56 57 58 59 60 61 62 63 64 65 66 67 68 69 70 71
 72 73 74 75 76 77 78 79 80 81 82 83 84 85 86 87 88 89 90 91 92 93 94 95
 96 97 98 99]
[27 89 71 19 65 43  0 -1 20 50 -1 52  2 49 -1 30 73 69 65 90 34 -1 -1 55
 -1 41 97 -1 57 86 -1 86 -1 54 16 -1  7 55 -1 -1 -1 -1 -1  9 94 72 94 53
 -1 26  0 31 69 31  5 -1 91 -1 -1 46 -1 -1 -1 82 12 -1 -1 81 -1 62 -1  1
 -1 -1 60 79 77 -1 97 67 69 29 14 -1  0 -1 37 -1 47 -1 20 47 79 87 -1 -1
 63 -1 22 60]
[1 0 0 1 0 0 1 1 1 1 1 0 1 0 0 1 1 1 0 0 0 0 0 1 0 1 1 0 1 1 0 1 1 0 1 1 1
 1 1 0 1 1 1 1 1 0 0 0 0 1 1 0 1 1 0 0 1 0 0 1 0 0 0 0 0 0 1 0 0 0 1 1 1 0
 0 1 0 1 1 0 0 0 0 1 0 1 0 0 0 0 1 1 1 1 0 1 1 1 1 0]
[2 0 4 2 0 1 1 0 0 1 0 0 2 0 3 4 2 1 0 4 0 0 0 3 0 0 0 3 0 3 0 0 0 0 1 0 1
 0 0 0 2 0 0 0 1 2 0 4 3 1 2 0 0 2 0 0 0 0 0 4 0 0 1 0 1 4 3 0 1 0 1 0 2 3
 0 3 4 0 3 0 0 4 1 0 0 0 0 0 0 0 0 0 4 4 0 2 0 3 4 0]
[2 0 4 2 0 1 1 0 0 1 0 0 2 0 3 4 2 1 0 4 0 0 0 3 0 0 0 3 0 3 0 0 0 0 1 0 1
 0 0 0 2 0 0 0 1 2 0 4 3 1 2 0 0 2 0 0 0 0 0 4 0 0 1 0 1 4 3 0 1 0 1 0 2 3
 0 3 4 0 3 0 0 4 1 0 0 0 0 0 0 0 0 0 4 4 0 2 0 3 4 0]
[9 7 8 3 4 1 3 8 6 5 7 5 8 7 9 3 8 6 6 8 8 2 8 5 8 7 1 6 9 7 9 5 3 1 5 4 7
 3 9 8 7 9 7 1 5 8 5 5 5 9 9 3 8 1 8 1 4 2 5 5 6 4 9 6 8 5 4 9 6 2 8 7 6 1
 9 1 6 8 7 8 5 7 2 5 4 1 3 4 8 2 6 6 2 5 9 5 7 8 6 3]
[9 7 8 3 4 1 3 8 6 5 7 5 8 7 9 3 8 6 6 8 8 2 8 5 8 7 1 6 9 7 9 5 3 1 5 4 7
 3 9 8 7 9 7 1 5 8 5 5 5 9 9 3 8 1 8 1 4 2 5 5 6 4 9 6 8 5 4 9 6 2 8 7 6 1
 9 1 6 8 7 8 5 7 2 5 4 1 3 4 8 2 6 6 2 5 9 5 7 8 6 3]
[40, 50, 50, 50, 50, 50, 50, 33, 15, 50, 34, 31, 14, 50, 36, 50, 22, 50, 50, 30, 50, 50, 29, 33, 50, 39, 10, 50, 50, 31, 50, 26, 24, 50, 50, 11, 50, 37, 12, 50, 45, 50, 11, 50, 50, 50, 36, 50, 50, 50, 50, 50, 12, 50, 50, 50, 29, 50, 50, 35, 32, 28, 50, 36, 37, 27, 19, 50, 33, 50, 29, 14, 50, 50, 48, 22, 42, 50, 22, 50, 37, 14, 38, 50, 50, 50, 42, 50, 50, 45, 50, 20, 50, 40, 50, 29, 30, 50, 44, 47]
[0 0 0 0 0 0 0 0 0 0 0 0 0 0 0 0 0 0 0 0 0 0 0 0 0 0 0 0 0 0 0 0 0 0 0 0 0
 0 0 0 0 0 0 0 0 0 0 0 0 0 0 0 0 0 0 0 0 0 0 0 0 0 0 0 0 0 0 0 0 0 0 0 0 0
 0 0 0 0 0 0 0 0 0 0 0 0 0 0 0 0 0 0 0 0 0 0 0 0 0 0]
[1 1 1 1 1 1 1 1 1 1 1 1 1 1 1 1 1 1 1 1 1 1 1 1 1 1 1 1 1 1 1 1 1 1 1 1 1
 1 1 1 1 1 1 1 1 1 1 1 1 1 1 1 1 1 1 1 1 1 1 1 1 1 1 1 1 1 1 1 1 1 1 1 1 1
 1 1 1 1 1 1 1 1 1 1 1 1 1 1 1 1 1 1 1 1 1 1 1 1 1 1]
