[ 0  1  2  3  4  5  6  7  8  9 10 11 12 13 14 15 16 17 18 19 20 21 22 23
 24 25 26 27 28 29 30 31 32 33 34 35 36 37 38 39 40 41 42 43 44 45 46 47
 48 49 50 51 52 53 54 55 56 57 58 59 60 61 62 63 64 65 66 67 68 69 70 71
 72 73 74 75 76 77 78 79 80 81 82 83 84 85 86 87 88 89 90 91 92 93 94 95
 96 97 98 99]
[-1 -1 58 13 68 34 -1 60 64 84 34 -1 21 68 11  6 82 -1 -1 34 90 88  7 57
 13 93  8 60 98 75 -1 -1 -1 50 40 -1 -1 59 -1 -1 -1 87 69 -1 68 73 51 12
 92 93 91  8 -1 19 76 63 65 32 67 -1 65 82 -1 -1 -1 97 93 49 72 -1 20 -1
 58 -1 63 79 46 -1 -1 -1 63  0 -1 42 42 51 64 83 -1 -1 -1 55 72 -1 84 58
 20 -1 -1 10]
[0 0 1 1 1 0 0 1 1 0 0 1 1 1 1 0 1 1 1 1 0 0 1 1 0 1 0 1 0 1 0 0 0 0 1 1 1
 1 1 1 0 0 1 0 1 1 1 1 0 1 1 0 1 1 1 1 1 0 0 0 1 0 0 0 1 0 0 1 1 0 1 0 0 0
 0 0 1 0 1 0 0 1 0 0 1 1 1 1 1 0 0 0 1 1 0 1 1 0 1 0]
[0 0 3 4 3 2 0 2 0 2 0 4 3 4 2 4 1 2 4 0 0 3 0 0 0 0 0 0 0 1 0 3 2 0 3 0 0
 0 0 0 4 0 3 3 2 0 3 0 0 0 3 0 0 1 1 0 3 2 2 0 0 0 4 0 3 0 4 4 4 4 4 3 1 1
 4 3 0 0 0 1 0 0 4 0 0 2 0 0 0 0 0 4 4 1 3 3 0 0 3 0]
[0 0 3 4 3 2 0 2 0 2 0 4 3 4 2 4 1 2 4 0 0 3 0 0 0 0 0 0 0 1 0 3 2 0 3 0 0
 0 0 0 4 0 3 3 2 0 3 0 0 0 3 0 0 1 1 0 3 2 2 0 0 0 4 0 3 0 4 4 4 4 4 3 1 1
 4 3 0 0 0 1 0 0 4 0 0 2 0 0 0 0 0 4 4 1 3 3 0 0 3 0]
[2 9 7 3 5 1 6 2 4 9 3 2 6 7 7 4 4 4 9 4 3 3 4 8 2 7 9 2 9 2 3 7 7 1 4 9 3
 5 2 8 5 7 1 6 2 2 8 5 8 7 1 8 6 6 9 2 4 8 5 3 4 8 4 9 7 1 7 5 9 9 1 8 4 2
 7 6 2 5 5 6 1 7 4 6 2 6 7 1 2 5 2 2 6 1 2 9 4 7 1 8]
[2 9 7 3 5 1 6 2 4 9 3 2 6 7 7 4 4 4 9 4 3 3 4 8 2 7 9 2 9 2 3 7 7 1 4 9 3
 5 2 8 5 7 1 6 2 2 8 5 8 7 1 8 6 6 9 2 4 8 5 3 4 8 4 9 7 1 7 5 9 9 1 8 4 2
 7 6 2 5 5 6 1 7 4 6 2 6 7 1 2 5 2 2 6 1 2 9 4 7 1 8]
[34, 38, 35, 27, 13, 39, 22, 50, 22, 43, 49, 37, 42, 50, 41, 21, 37, 23, 50, 45, 10, 50, 47, 41, 50, 50, 50, 50, 50, 43, 50, 25, 46, 50, 50, 38, 50, 50, 25, 30, 50, 42, 22, 50, 33, 30, 43, 50, 50, 50, 50, 16, 50, 50, 46, 34, 25, 47, 42, 47, 39, 50, 50, 28, 50, 50, 12, 23, 50, 50, 47, 50, 50, 50, 36, 34, 24, 41, 10, 37, 50, 26, 39, 50, 30, 50, 40, 49, 19, 50, 50, 50, 50, 23, 50, 50, 50, 28, 50, 15]
[0 0 0 0 0 0 0 0 0 0 0 0 0 0 0 0 0 0 0 0 0 0 0 0 0 0 0 0 0 0 0 0 0 0 0 0 0
 0 0 0 0 0 0 0 0 0 0 0 0 0 0 0 0 0 0 0 0 0 0 0 0 0 0 0 0 0 0 0 0 0 0 0 0 0
 0 0 0 0 0 0 0 0 0 0 0 0 0 0 0 0 0 0 0 0 0 0 0 0 0 0]
[1 1 1 1 1 1 1 1 1 1 1 1 1 1 1 1 1 1 1 1 1 1 1 1 1 1 1 1 1 1 1 1 1 1 1 1 1
 1 1 1 1 1 1 1 1 1 1 1 1 1 1 1 1 1 1 1 1 1 1 1 1 1 1 1 1 1 1 1 1 1 1 1 1 1
 1 1 1 1 1 1 1 1 1 1 1 1 1 1 1 1 1 1 1 1 1 1 1 1 1 1]
