[ 0  1  2  3  4  5  6  7  8  9 10 11 12 13 14 15 16 17 18 19 20 21 22 23
 24 25 26 27 28 29 30 31 32 33 34 35 36 37 38 39 40 41 42 43 44 45 46 47
 48 49 50 51 52 53 54 55 56 57 58 59 60 61 62 63 64 65 66 67 68 69 70 71
 72 73 74 75 76 77 78 79 80 81 82 83 84 85 86 87 88 89 90 91 92 93 94 95
 96 97 98 99]
[87 53 34 28 83 80 14 -1 13 -1 95 -1 -1  2 67 90 27 -1 30 44  9 28 -1 -1
 45 52 96  5 37 92 11 20 34 26 44 26 46 20 -1 64 15  2 27 -1 90 -1 23 87
 11 28 33 47 -1 10 52 -1 51 15 54 -1 46  8  7  3 40 52 -1  2 72 95 -1 49
  6 90 -1 20 94  6 -1  4 68 49 -1 89 52 77 57 21 63 93 78 58 -1 70 48 18
 -1 84 59 16]
[0 0 0 0 0 0 1 1 0 1 1 0 0 0 1 0 0 1 0 0 1 1 0 1 0 1 0 1 0 0 0 1 1 0 1 1 1
 0 0 0 0 0 1 0 1 1 1 1 0 1 0 1 0 0 0 0 1 0 0 1 0 0 0 0 1 0 0 0 0 0 1 1 1 1
 0 1 1 1 1 1 0 1 1 0 0 1 1 1 0 0 1 1 0 0 0 0 0 0 0 1]
[0 0 3 0 3 4 0 4 0 0 0 0 2 0 0 3 0 0 2 4 0 0 1 0 0 3 2 0 3 4 4 0 0 4 0 0 4
 3 0 3 1 2 3 0 0 2 1 0 0 2 0 3 0 2 3 2 4 0 0 0 0 0 0 1 1 0 4 0 4 0 0 0 0 0
 0 0 0 2 2 0 0 0 0 0 0 0 1 2 0 0 0 0 0 0 0 4 3 4 2 0]
[0 0 3 0 3 4 0 4 0 0 0 0 2 0 0 3 0 0 2 4 0 0 1 0 0 3 2 0 3 4 4 0 0 4 0 0 4
 3 0 3 1 2 3 0 0 2 1 0 0 2 0 3 0 2 3 2 4 0 0 0 0 0 0 1 1 0 4 0 4 0 0 0 0 0
 0 0 0 2 2 0 0 0 0 0 0 0 1 2 0 0 0 0 0 0 0 4 3 4 2 0]
[4 8 4 2 4 2 3 5 2 7 1 4 4 2 4 1 5 2 9 6 6 3 4 2 8 8 2 5 9 1 2 4 9 6 3 2 8
 9 7 1 3 1 6 3 9 9 8 4 5 5 3 2 2 8 9 7 7 9 1 5 5 3 4 4 6 2 1 6 6 4 4 3 2 8
 7 8 3 2 2 6 7 6 6 6 1 8 9 1 3 8 1 5 8 2 8 7 2 8 2 1]
[4 8 4 2 4 2 3 5 2 7 1 4 4 2 4 1 5 2 9 6 6 3 4 2 8 8 2 5 9 1 2 4 9 6 3 2 8
 9 7 1 3 1 6 3 9 9 8 4 5 5 3 2 2 8 9 7 7 9 1 5 5 3 4 4 6 2 1 6 6 4 4 3 2 8
 7 8 3 2 2 6 7 6 6 6 1 8 9 1 3 8 1 5 8 2 8 7 2 8 2 1]
[50, 50, 50, 27, 29, 30, 11, 31, 50, 50, 50, 18, 24, 50, 41, 49, 42, 18, 42, 50, 50, 39, 10, 50, 43, 50, 26, 49, 50, 34, 25, 20, 47, 38, 50, 47, 50, 50, 46, 44, 50, 47, 50, 35, 33, 24, 50, 50, 50, 50, 15, 50, 49, 50, 50, 21, 50, 38, 35, 27, 50, 28, 28, 50, 50, 50, 19, 36, 50, 50, 40, 50, 50, 35, 38, 50, 16, 50, 50, 40, 48, 50, 43, 16, 32, 29, 50, 44, 11, 50, 12, 50, 50, 42, 50, 50, 50, 37, 16, 36]
[0 0 0 0 0 0 0 0 0 0 0 0 0 0 0 0 0 0 0 0 0 0 0 0 0 0 0 0 0 0 0 0 0 0 0 0 0
 0 0 0 0 0 0 0 0 0 0 0 0 0 0 0 0 0 0 0 0 0 0 0 0 0 0 0 0 0 0 0 0 0 0 0 0 0
 0 0 0 0 0 0 0 0 0 0 0 0 0 0 0 0 0 0 0 0 0 0 0 0 0 0]
[1 1 1 1 1 1 1 1 1 1 1 1 1 1 1 1 1 1 1 1 1 1 1 1 1 1 1 1 1 1 1 1 1 1 1 1 1
 1 1 1 1 1 1 1 1 1 1 1 1 1 1 1 1 1 1 1 1 1 1 1 1 1 1 1 1 1 1 1 1 1 1 1 1 1
 1 1 1 1 1 1 1 1 1 1 1 1 1 1 1 1 1 1 1 1 1 1 1 1 1 1]
