[ 0  1  2  3  4  5  6  7  8  9 10 11 12 13 14 15 16 17 18 19 20 21 22 23
 24 25 26 27 28 29 30 31 32 33 34 35 36 37 38 39 40 41 42 43 44 45 46 47
 48 49 50 51 52 53 54 55 56 57 58 59 60 61 62 63 64 65 66 67 68 69 70 71
 72 73 74 75 76 77 78 79 80 81 82 83 84 85 86 87 88 89 90 91 92 93 94 95
 96 97 98 99]
[29 -1 -1 34  3 -1 53 -1 -1 -1 93 22 -1 -1 -1 42 37 19 -1 10 -1 87  9 58
 84 65 66 22 -1 -1 -1 90 19 63 55  7 64 54  5 54 -1 -1 11 -1 -1 93 14 -1
 -1 -1 66 -1 -1 -1 -1 51  9 -1 31 -1 63 78 24 -1 96 36 37 -1 67 23 83 93
 10 -1 -1 30 -1 -1 62 98 36 -1 49 89 56 29 84 -1 -1 31  6 97 -1 58 84 39
 -1 23 56 40]
[1 1 0 0 1 0 1 1 1 0 0 0 1 1 0 0 1 0 0 0 0 0 1 1 1 0 0 1 1 1 1 1 0 1 1 0 1
 0 1 1 1 1 0 1 1 1 0 0 0 1 0 0 0 1 1 0 1 0 0 0 0 1 0 1 0 1 1 1 0 1 0 0 1 0
 1 0 0 1 1 1 1 1 1 1 1 0 1 0 0 0 1 0 0 0 1 1 0 1 1 0]
[3 1 3 3 3 1 0 2 0 0 0 0 4 1 1 2 0 0 2 0 0 0 0 0 0 1 2 0 1 0 3 3 1 1 0 1 2
 0 4 2 0 3 3 0 0 0 1 2 0 0 2 4 0 1 1 0 0 0 2 1 3 0 2 0 0 2 2 0 3 3 0 0 0 0
 3 0 0 4 0 4 0 0 0 0 3 0 1 4 3 2 0 2 0 0 4 3 0 0 2 1]
[3 1 3 3 3 1 0 2 0 0 0 0 4 1 1 2 0 0 2 0 0 0 0 0 0 1 2 0 1 0 3 3 1 1 0 1 2
 0 4 2 0 3 3 0 0 0 1 2 0 0 2 4 0 1 1 0 0 0 2 1 3 0 2 0 0 2 2 0 3 3 0 0 0 0
 3 0 0 4 0 4 0 0 0 0 3 0 1 4 3 2 0 2 0 0 4 3 0 0 2 1]
[4 7 7 4 4 9 6 7 3 4 6 8 6 9 8 1 7 4 7 3 9 2 7 4 1 4 9 4 1 7 1 7 9 8 2 5 7
 8 9 6 2 1 1 3 5 5 9 3 4 5 7 5 5 4 2 6 7 2 4 2 8 3 7 2 2 8 3 8 1 8 7 7 7 3
 8 5 6 9 7 9 9 5 3 6 4 9 6 8 4 4 4 7 1 2 9 1 8 4 1 1]
[4 7 7 4 4 9 6 7 3 4 6 8 6 9 8 1 7 4 7 3 9 2 7 4 1 4 9 4 1 7 1 7 9 8 2 5 7
 8 9 6 2 1 1 3 5 5 9 3 4 5 7 5 5 4 2 6 7 2 4 2 8 3 7 2 2 8 3 8 1 8 7 7 7 3
 8 5 6 9 7 9 9 5 3 6 4 9 6 8 4 4 4 7 1 2 9 1 8 4 1 1]
[33, 50, 50, 13, 24, 50, 50, 50, 34, 41, 28, 29, 50, 39, 30, 30, 50, 50, 47, 50, 17, 38, 50, 35, 10, 34, 17, 28, 14, 50, 50, 14, 48, 49, 34, 50, 29, 50, 11, 50, 48, 50, 35, 15, 34, 50, 50, 46, 50, 50, 22, 30, 50, 43, 50, 50, 50, 39, 33, 13, 50, 33, 50, 50, 42, 50, 50, 50, 28, 36, 21, 50, 50, 44, 46, 50, 28, 50, 16, 17, 50, 49, 50, 50, 50, 50, 31, 50, 50, 50, 50, 40, 27, 50, 36, 50, 50, 22, 50, 50]
[0 0 0 0 0 0 0 0 0 0 0 0 0 0 0 0 0 0 0 0 0 0 0 0 0 0 0 0 0 0 0 0 0 0 0 0 0
 0 0 0 0 0 0 0 0 0 0 0 0 0 0 0 0 0 0 0 0 0 0 0 0 0 0 0 0 0 0 0 0 0 0 0 0 0
 0 0 0 0 0 0 0 0 0 0 0 0 0 0 0 0 0 0 0 0 0 0 0 0 0 0]
[1 1 1 1 1 1 1 1 1 1 1 1 1 1 1 1 1 1 1 1 1 1 1 1 1 1 1 1 1 1 1 1 1 1 1 1 1
 1 1 1 1 1 1 1 1 1 1 1 1 1 1 1 1 1 1 1 1 1 1 1 1 1 1 1 1 1 1 1 1 1 1 1 1 1
 1 1 1 1 1 1 1 1 1 1 1 1 1 1 1 1 1 1 1 1 1 1 1 1 1 1]
