[ 0  1  2  3  4  5  6  7  8  9 10 11 12 13 14 15 16 17 18 19 20 21 22 23
 24 25 26 27 28 29 30 31 32 33 34 35 36 37 38 39 40 41 42 43 44 45 46 47
 48 49 50 51 52 53 54 55 56 57 58 59 60 61 62 63 64 65 66 67 68 69 70 71
 72 73 74 75 76 77 78 79 80 81 82 83 84 85 86 87 88 89 90 91 92 93 94 95
 96 97 98 99]
[43 43 98 -1 -1  4 -1 42 -1 -1 84 42 24 61 66 30 -1 64 40 73 21 53 80 -1
 -1 -1 -1 93 -1 -1 63 23  4 92 82 72 -1 71 60 16 25 -1 -1  4 -1 -1 15 -1
 -1 -1 -1 84 20 -1 91 -1 89 -1 -1 52 19 86 -1 68 -1 -1 50 89  6 42 55 79
 -1 59 -1 -1 54 14  6 99 60 88 80 17 58 54 -1 16 29 -1  4 49 93 79 12 -1
 48 -1 43 -1]
[0 1 0 0 1 0 0 0 0 1 1 1 0 0 1 1 1 0 1 0 1 0 1 1 0 0 1 1 0 1 0 1 0 1 1 1 0
 0 0 0 0 0 1 0 0 0 1 1 0 0 0 1 1 1 1 1 0 1 0 0 0 1 0 1 0 1 1 1 0 1 1 1 1 0
 0 0 1 0 1 1 0 0 1 0 0 1 1 1 0 1 0 0 0 0 0 1 1 1 0 0]
[0 0 4 4 0 0 0 1 1 3 3 0 0 0 4 0 0 1 4 0 0 2 0 2 2 0 0 1 2 2 4 0 0 2 0 3 0
 2 3 0 0 0 0 1 0 3 0 4 3 0 4 1 0 3 1 4 2 0 0 0 2 3 0 3 0 0 2 0 0 0 4 0 0 0
 0 0 0 4 2 0 3 4 1 3 0 4 4 0 4 3 0 0 2 2 1 2 0 3 0 2]
[0 0 4 4 0 0 0 1 1 3 3 0 0 0 4 0 0 1 4 0 0 2 0 2 2 0 0 1 2 2 4 0 0 2 0 3 0
 2 3 0 0 0 0 1 0 3 0 4 3 0 4 1 0 3 1 4 2 0 0 0 2 3 0 3 0 0 2 0 0 0 4 0 0 0
 0 0 0 4 2 0 3 4 1 3 0 4 4 0 4 3 0 0 2 2 1 2 0 3 0 2]
[1 2 5 6 7 9 9 1 5 9 7 5 8 8 3 5 7 9 6 1 9 9 6 2 2 8 6 6 4 6 8 5 9 7 5 3 5
 7 9 6 9 7 6 3 2 3 2 7 3 9 5 4 9 9 6 4 6 9 1 6 2 9 1 6 6 6 8 8 7 4 6 4 2 2
 7 1 8 9 3 7 2 7 5 5 5 8 6 6 7 4 9 3 3 6 3 5 7 5 4 8]
[1 2 5 6 7 9 9 1 5 9 7 5 8 8 3 5 7 9 6 1 9 9 6 2 2 8 6 6 4 6 8 5 9 7 5 3 5
 7 9 6 9 7 6 3 2 3 2 7 3 9 5 4 9 9 6 4 6 9 1 6 2 9 1 6 6 6 8 8 7 4 6 4 2 2
 7 1 8 9 3 7 2 7 5 5 5 8 6 6 7 4 9 3 3 6 3 5 7 5 4 8]
[50, 50, 50, 18, 34, 40, 50, 36, 50, 50, 50, 50, 50, 50, 17, 50, 12, 14, 50, 50, 50, 22, 50, 50, 50, 50, 14, 50, 50, 50, 50, 50, 50, 31, 22, 37, 50, 11, 28, 44, 32, 21, 50, 11, 45, 50, 50, 35, 50, 15, 50, 50, 49, 50, 40, 42, 13, 15, 26, 50, 21, 50, 50, 13, 50, 40, 26, 43, 17, 50, 50, 50, 50, 50, 50, 50, 40, 50, 16, 41, 50, 50, 43, 50, 19, 14, 50, 21, 50, 50, 20, 50, 50, 50, 41, 40, 50, 35, 50, 36]
[0 0 0 0 0 0 0 0 0 0 0 0 0 0 0 0 0 0 0 0 0 0 0 0 0 0 0 0 0 0 0 0 0 0 0 0 0
 0 0 0 0 0 0 0 0 0 0 0 0 0 0 0 0 0 0 0 0 0 0 0 0 0 0 0 0 0 0 0 0 0 0 0 0 0
 0 0 0 0 0 0 0 0 0 0 0 0 0 0 0 0 0 0 0 0 0 0 0 0 0 0]
[1 1 1 1 1 1 1 1 1 1 1 1 1 1 1 1 1 1 1 1 1 1 1 1 1 1 1 1 1 1 1 1 1 1 1 1 1
 1 1 1 1 1 1 1 1 1 1 1 1 1 1 1 1 1 1 1 1 1 1 1 1 1 1 1 1 1 1 1 1 1 1 1 1 1
 1 1 1 1 1 1 1 1 1 1 1 1 1 1 1 1 1 1 1 1 1 1 1 1 1 1]
