[ 0  1  2  3  4  5  6  7  8  9 10 11 12 13 14 15 16 17 18 19 20 21 22 23
 24 25 26 27 28 29 30 31 32 33 34 35 36 37 38 39 40 41 42 43 44 45 46 47
 48 49 50 51 52 53 54 55 56 57 58 59 60 61 62 63 64 65 66 67 68 69 70 71
 72 73 74 75 76 77 78 79 80 81 82 83 84 85 86 87 88 89 90 91 92 93 94 95
 96 97 98 99]
[-1 48 27 -1 -1 -1  3  0 -1 76 -1 73 51 99 15 86 -1 31 30 -1 -1 60 92 -1
 32 69 24 21 51 50 -1 -1 -1 31 48 -1 68 96 -1 28 88 52 -1 -1 54 32 -1 24
 47 44 -1 -1 19 54 -1 89  9 61 30 -1 -1 -1 72 -1 12 80 71 61 60 27 -1 43
  4 95 -1  9 70 93 66 95 -1 74 -1 70 33 -1 87 -1 -1 -1 40 80 31 -1 29 13
 -1 64 49 94]
[0 1 0 0 0 0 1 0 0 1 1 1 1 1 1 0 0 1 0 1 1 0 0 0 0 0 1 0 0 1 1 0 0 0 0 1 1
 0 1 0 0 0 0 1 0 0 1 0 1 0 1 1 0 0 0 1 0 1 1 0 0 0 1 1 0 1 1 1 1 1 0 0 1 1
 1 0 0 1 1 0 0 1 1 0 0 0 0 1 1 1 0 0 0 1 0 1 1 0 0 0]
[2 3 0 4 0 1 1 0 1 4 0 2 0 0 3 0 0 0 0 0 0 2 1 2 0 3 0 0 3 1 2 0 0 0 0 0 1
 1 1 0 0 1 2 0 0 4 0 0 0 0 4 0 0 3 0 2 0 0 0 0 1 0 4 0 1 1 0 2 0 0 3 1 1 0
 4 4 4 1 4 0 3 1 4 1 2 0 0 3 2 1 2 0 4 4 3 0 2 0 0 3]
[2 3 0 4 0 1 1 0 1 4 0 2 0 0 3 0 0 0 0 0 0 2 1 2 0 3 0 0 3 1 2 0 0 0 0 0 1
 1 1 0 0 1 2 0 0 4 0 0 0 0 4 0 0 3 0 2 0 0 0 0 1 0 4 0 1 1 0 2 0 0 3 1 1 0
 4 4 4 1 4 0 3 1 4 1 2 0 0 3 2 1 2 0 4 4 3 0 2 0 0 3]
[1 3 1 8 3 7 7 3 1 9 4 2 9 3 9 4 1 9 7 2 6 1 3 4 1 5 3 3 2 4 7 8 8 8 3 1 2
 5 9 9 8 3 7 6 4 2 4 4 8 2 7 4 5 3 1 1 9 2 6 8 8 9 5 8 2 3 4 5 5 7 5 9 7 2
 8 8 7 8 5 5 3 3 9 1 3 7 2 2 3 1 6 2 6 5 1 1 1 2 5 5]
[1 3 1 8 3 7 7 3 1 9 4 2 9 3 9 4 1 9 7 2 6 1 3 4 1 5 3 3 2 4 7 8 8 8 3 1 2
 5 9 9 8 3 7 6 4 2 4 4 8 2 7 4 5 3 1 1 9 2 6 8 8 9 5 8 2 3 4 5 5 7 5 9 7 2
 8 8 7 8 5 5 3 3 9 1 3 7 2 2 3 1 6 2 6 5 1 1 1 2 5 5]
[37, 50, 28, 50, 50, 50, 50, 50, 38, 14, 47, 50, 50, 50, 38, 50, 50, 19, 50, 49, 23, 50, 50, 48, 50, 50, 24, 33, 50, 50, 30, 46, 50, 22, 21, 50, 50, 50, 15, 50, 50, 50, 44, 31, 50, 38, 50, 23, 20, 21, 39, 50, 17, 11, 50, 28, 28, 41, 50, 50, 31, 50, 47, 25, 50, 29, 50, 48, 50, 50, 50, 49, 40, 50, 39, 21, 30, 23, 23, 50, 50, 43, 38, 50, 36, 25, 50, 50, 49, 43, 50, 50, 50, 32, 35, 50, 15, 14, 27, 15]
[0 0 0 0 0 0 0 0 0 0 0 0 0 0 0 0 0 0 0 0 0 0 0 0 0 0 0 0 0 0 0 0 0 0 0 0 0
 0 0 0 0 0 0 0 0 0 0 0 0 0 0 0 0 0 0 0 0 0 0 0 0 0 0 0 0 0 0 0 0 0 0 0 0 0
 0 0 0 0 0 0 0 0 0 0 0 0 0 0 0 0 0 0 0 0 0 0 0 0 0 0]
[1 1 1 1 1 1 1 1 1 1 1 1 1 1 1 1 1 1 1 1 1 1 1 1 1 1 1 1 1 1 1 1 1 1 1 1 1
 1 1 1 1 1 1 1 1 1 1 1 1 1 1 1 1 1 1 1 1 1 1 1 1 1 1 1 1 1 1 1 1 1 1 1 1 1
 1 1 1 1 1 1 1 1 1 1 1 1 1 1 1 1 1 1 1 1 1 1 1 1 1 1]
