[ 0  1  2  3  4  5  6  7  8  9 10 11 12 13 14 15 16 17 18 19 20 21 22 23
 24 25 26 27 28 29 30 31 32 33 34 35 36 37 38 39 40 41 42 43 44 45 46 47
 48 49 50 51 52 53 54 55 56 57 58 59 60 61 62 63 64 65 66 67 68 69 70 71
 72 73 74 75 76 77 78 79 80 81 82 83 84 85 86 87 88 89 90 91 92 93 94 95
 96 97 98 99]
[-1 34 -1 -1 65 -1 85  4 67 -1 23 74 60 -1 -1 74 52 73 56 11  0 98 64 73
 55 11 93 18 -1 -1 76 -1 -1 -1 25 64 -1 -1 74 68 33 47 -1 44 63 20 37 -1
 47 69 -1 -1 99 37 12 99 33 20 39  0 51  1 51 -1 72 99 28 37 94 85 39 86
  9 -1 -1 63 -1 -1 -1 -1 -1 29 86 82 95 90 69 -1 74 53 31 33 99 -1 42 49
 -1 73 -1 40]
[1 0 1 0 0 1 1 1 1 1 1 1 0 0 0 1 0 1 1 0 1 0 0 0 1 1 1 1 1 1 1 0 0 1 1 1 0
 0 0 0 0 0 0 0 1 0 1 0 1 0 1 0 0 1 0 1 0 1 0 0 0 1 1 0 0 0 1 0 0 0 0 0 1 1
 1 0 0 1 0 0 1 0 1 1 1 1 1 1 1 0 1 0 1 1 1 1 0 0 1 0]
[0 4 2 0 4 0 4 4 0 0 0 1 0 0 0 2 0 0 0 0 0 0 4 3 1 0 0 0 3 0 4 0 0 2 0 4 1
 0 0 0 1 0 2 4 2 4 0 0 4 1 2 4 0 4 0 0 3 1 0 3 0 2 0 0 0 0 2 0 0 0 0 0 0 0
 0 0 0 0 2 0 0 3 1 1 0 4 0 1 4 4 3 0 0 0 0 2 1 0 0 0]
[0 4 2 0 4 0 4 4 0 0 0 1 0 0 0 2 0 0 0 0 0 0 4 3 1 0 0 0 3 0 4 0 0 2 0 4 1
 0 0 0 1 0 2 4 2 4 0 0 4 1 2 4 0 4 0 0 3 1 0 3 0 2 0 0 0 0 2 0 0 0 0 0 0 0
 0 0 0 0 2 0 0 3 1 1 0 4 0 1 4 4 3 0 0 0 0 2 1 0 0 0]
[7 3 3 5 8 6 5 7 5 9 1 4 6 3 6 5 9 5 3 7 7 5 2 5 2 9 1 1 1 3 4 1 6 9 6 9 5
 9 5 8 9 5 3 7 1 4 1 6 7 9 7 3 1 6 7 5 9 8 2 7 3 8 8 6 4 9 3 2 5 6 1 4 9 9
 5 1 3 9 9 8 3 8 4 8 5 9 8 8 1 5 8 4 7 9 5 8 9 5 8 1]
[7 3 3 5 8 6 5 7 5 9 1 4 6 3 6 5 9 5 3 7 7 5 2 5 2 9 1 1 1 3 4 1 6 9 6 9 5
 9 5 8 9 5 3 7 1 4 1 6 7 9 7 3 1 6 7 5 9 8 2 7 3 8 8 6 4 9 3 2 5 6 1 4 9 9
 5 1 3 9 9 8 3 8 4 8 5 9 8 8 1 5 8 4 7 9 5 8 9 5 8 1]
[14, 12, 50, 50, 50, 47, 20, 50, 11, 11, 29, 36, 50, 38, 35, 42, 50, 25, 47, 50, 44, 47, 50, 13, 44, 50, 37, 50, 15, 50, 50, 50, 33, 20, 50, 50, 50, 23, 19, 50, 31, 50, 50, 49, 50, 45, 50, 11, 21, 50, 50, 26, 50, 50, 23, 44, 50, 30, 32, 48, 43, 50, 50, 46, 50, 13, 37, 50, 33, 19, 20, 50, 47, 50, 50, 50, 12, 18, 50, 38, 50, 50, 28, 38, 50, 50, 50, 48, 50, 50, 50, 35, 35, 50, 50, 50, 50, 50, 18, 50]
[0 0 0 0 0 0 0 0 0 0 0 0 0 0 0 0 0 0 0 0 0 0 0 0 0 0 0 0 0 0 0 0 0 0 0 0 0
 0 0 0 0 0 0 0 0 0 0 0 0 0 0 0 0 0 0 0 0 0 0 0 0 0 0 0 0 0 0 0 0 0 0 0 0 0
 0 0 0 0 0 0 0 0 0 0 0 0 0 0 0 0 0 0 0 0 0 0 0 0 0 0]
[1 1 1 1 1 1 1 1 1 1 1 1 1 1 1 1 1 1 1 1 1 1 1 1 1 1 1 1 1 1 1 1 1 1 1 1 1
 1 1 1 1 1 1 1 1 1 1 1 1 1 1 1 1 1 1 1 1 1 1 1 1 1 1 1 1 1 1 1 1 1 1 1 1 1
 1 1 1 1 1 1 1 1 1 1 1 1 1 1 1 1 1 1 1 1 1 1 1 1 1 1]
