[ 0  1  2  3  4  5  6  7  8  9 10 11 12 13 14 15 16 17 18 19 20 21 22 23
 24 25 26 27 28 29 30 31 32 33 34 35 36 37 38 39 40 41 42 43 44 45 46 47
 48 49 50 51 52 53 54 55 56 57 58 59 60 61 62 63 64 65 66 67 68 69 70 71
 72 73 74 75 76 77 78 79 80 81 82 83 84 85 86 87 88 89 90 91 92 93 94 95
 96 97 98 99]
[95 -1 51 -1 85 94 -1 -1 65 58 31 10 32 96 -1 58 -1 56 23 -1 79 14 44 -1
 38 35 85 -1 -1 12 51 54 20 24 -1 53 38 84 -1 -1 74 -1 -1 -1 -1 19 -1 84
 41  7 28 40 61 97 55 -1 -1 18 75 -1 77 36 -1 -1 51 -1 35 -1  1 -1 88 56
 -1  3 -1 53 41 31 -1 23 -1 -1 48 78 -1 -1 27 38 41 -1 64 -1 91 -1 40 16
 30 46 56 93]
[0 0 0 1 1 0 0 0 0 0 1 1 0 1 0 0 0 1 1 0 0 0 0 1 1 0 1 0 1 1 1 1 1 1 1 0 1
 0 0 1 0 1 1 0 0 0 0 0 1 0 0 1 0 1 1 0 0 0 1 1 0 0 0 0 1 1 0 0 0 0 1 0 1 0
 0 0 0 1 0 1 1 1 1 1 1 1 1 0 1 0 0 1 0 0 0 0 0 1 0 0]
[1 0 4 1 0 1 4 4 0 0 1 3 2 3 0 4 0 0 4 3 0 0 0 0 3 0 0 0 2 3 0 4 1 0 3 0 0
 1 0 0 2 1 0 0 3 0 0 1 0 4 0 3 0 0 0 0 2 4 0 4 4 2 0 3 0 4 2 4 4 2 0 0 0 0
 3 4 0 1 0 0 0 3 4 0 0 0 1 1 4 2 2 0 0 0 0 1 4 2 1 1]
[1 0 4 1 0 1 4 4 0 0 1 3 2 3 0 4 0 0 4 3 0 0 0 0 3 0 0 0 2 3 0 4 1 0 3 0 0
 1 0 0 2 1 0 0 3 0 0 1 0 4 0 3 0 0 0 0 2 4 0 4 4 2 0 3 0 4 2 4 4 2 0 0 0 0
 3 4 0 1 0 0 0 3 4 0 0 0 1 1 4 2 2 0 0 0 0 1 4 2 1 1]
[7 7 9 8 9 4 2 4 3 2 9 3 6 7 7 9 5 7 7 6 3 8 4 1 6 6 2 7 4 3 5 7 5 5 8 5 2
 3 6 2 6 4 6 4 4 8 8 4 4 1 2 6 6 1 7 6 5 4 1 9 2 1 9 9 6 7 5 2 8 1 6 5 7 6
 7 9 8 3 7 6 2 7 8 2 8 5 9 9 9 6 8 9 9 4 3 7 5 6 4 7]
[7 7 9 8 9 4 2 4 3 2 9 3 6 7 7 9 5 7 7 6 3 8 4 1 6 6 2 7 4 3 5 7 5 5 8 5 2
 3 6 2 6 4 6 4 4 8 8 4 4 1 2 6 6 1 7 6 5 4 1 9 2 1 9 9 6 7 5 2 8 1 6 5 7 6
 7 9 8 3 7 6 2 7 8 2 8 5 9 9 9 6 8 9 9 4 3 7 5 6 4 7]
[50, 24, 50, 14, 50, 50, 49, 50, 18, 17, 50, 50, 18, 50, 40, 33, 50, 20, 50, 50, 50, 50, 26, 21, 50, 43, 50, 50, 50, 16, 49, 50, 50, 50, 50, 35, 48, 50, 50, 32, 50, 50, 32, 50, 44, 31, 17, 46, 25, 50, 50, 50, 50, 36, 50, 24, 10, 50, 26, 29, 28, 14, 33, 50, 50, 49, 26, 41, 35, 50, 50, 31, 45, 50, 50, 37, 50, 50, 28, 34, 33, 50, 50, 48, 25, 50, 14, 12, 50, 50, 23, 24, 45, 45, 36, 49, 50, 50, 50, 22]
[0 0 0 0 0 0 0 0 0 0 0 0 0 0 0 0 0 0 0 0 0 0 0 0 0 0 0 0 0 0 0 0 0 0 0 0 0
 0 0 0 0 0 0 0 0 0 0 0 0 0 0 0 0 0 0 0 0 0 0 0 0 0 0 0 0 0 0 0 0 0 0 0 0 0
 0 0 0 0 0 0 0 0 0 0 0 0 0 0 0 0 0 0 0 0 0 0 0 0 0 0]
[1 1 1 1 1 1 1 1 1 1 1 1 1 1 1 1 1 1 1 1 1 1 1 1 1 1 1 1 1 1 1 1 1 1 1 1 1
 1 1 1 1 1 1 1 1 1 1 1 1 1 1 1 1 1 1 1 1 1 1 1 1 1 1 1 1 1 1 1 1 1 1 1 1 1
 1 1 1 1 1 1 1 1 1 1 1 1 1 1 1 1 1 1 1 1 1 1 1 1 1 1]
