[ 0  1  2  3  4  5  6  7  8  9 10 11 12 13 14 15 16 17 18 19 20 21 22 23
 24 25 26 27 28 29 30 31 32 33 34 35 36 37 38 39 40 41 42 43 44 45 46 47
 48 49 50 51 52 53 54 55 56 57 58 59 60 61 62 63 64 65 66 67 68 69 70 71
 72 73 74 75 76 77 78 79 80 81 82 83 84 85 86 87 88 89 90 91 92 93 94 95
 96 97 98 99]
[60 89 48 29 48 76 45 51 58 99 -1 48 -1 92 32 -1 -1 -1 -1 -1 85 -1 -1 56
 32 19 17 -1 -1 35  7  0 45 36 18 85 73  1 -1 95 -1 -1 -1 -1  3 -1 -1 -1
 16  6  7 -1 51  7 39 19 -1 69 43 -1 58 39 16 72 85 91 -1 -1 -1 68 -1 30
 -1 34 28 36 89 -1 -1 48 30 -1  2 57 87 79 21 38  2 48 -1  3 -1 89 76 -1
 -1 -1 -1 -1]
[0 1 0 1 0 1 1 1 0 1 0 1 1 1 1 0 0 0 1 0 1 1 0 0 0 1 0 0 1 0 0 1 0 0 1 0 1
 0 0 1 1 0 0 0 0 1 0 1 1 0 0 0 1 1 1 1 0 0 1 0 1 1 1 0 0 0 1 0 1 1 1 1 0 0
 1 1 1 1 0 1 1 0 0 0 0 1 0 0 0 1 0 0 1 1 0 0 1 1 1 0]
[0 2 0 0 0 1 2 0 1 0 2 0 0 3 0 2 4 1 4 4 2 0 0 1 0 0 0 0 0 0 0 0 0 0 2 0 0
 4 4 4 1 4 1 1 0 0 2 0 1 0 4 0 0 0 0 4 3 1 2 0 3 0 3 0 0 4 4 1 1 3 0 0 1 4
 0 0 4 1 2 2 3 0 0 3 2 1 0 0 1 4 3 0 4 1 0 2 2 0 0 4]
[0 2 0 0 0 1 2 0 1 0 2 0 0 3 0 2 4 1 4 4 2 0 0 1 0 0 0 0 0 0 0 0 0 0 2 0 0
 4 4 4 1 4 1 1 0 0 2 0 1 0 4 0 0 0 0 4 3 1 2 0 3 0 3 0 0 4 4 1 1 3 0 0 1 4
 0 0 4 1 2 2 3 0 0 3 2 1 0 0 1 4 3 0 4 1 0 2 2 0 0 4]
[8 6 4 5 2 7 5 6 6 8 4 9 5 9 9 2 5 7 8 7 8 1 3 2 1 1 2 7 2 9 1 4 7 9 7 4 7
 2 1 9 4 4 1 6 3 4 9 3 3 9 5 6 1 7 6 2 5 7 6 7 6 9 5 7 8 3 3 8 8 8 3 5 9 8
 1 9 7 4 1 4 1 1 9 1 7 8 9 3 9 4 1 2 7 4 1 3 1 1 4 1]
[8 6 4 5 2 7 5 6 6 8 4 9 5 9 9 2 5 7 8 7 8 1 3 2 1 1 2 7 2 9 1 4 7 9 7 4 7
 2 1 9 4 4 1 6 3 4 9 3 3 9 5 6 1 7 6 2 5 7 6 7 6 9 5 7 8 3 3 8 8 8 3 5 9 8
 1 9 7 4 1 4 1 1 9 1 7 8 9 3 9 4 1 2 7 4 1 3 1 1 4 1]
[12, 14, 50, 33, 49, 40, 50, 37, 50, 21, 50, 30, 50, 33, 50, 50, 50, 50, 50, 50, 30, 36, 50, 50, 50, 50, 36, 50, 50, 50, 18, 50, 50, 50, 50, 28, 37, 41, 50, 35, 50, 10, 50, 19, 50, 19, 19, 32, 50, 50, 21, 50, 50, 50, 50, 50, 39, 45, 48, 24, 50, 50, 36, 18, 48, 50, 50, 50, 50, 39, 18, 47, 50, 21, 50, 50, 19, 50, 50, 50, 50, 16, 50, 36, 31, 26, 50, 50, 17, 50, 47, 15, 21, 30, 23, 50, 50, 15, 50, 21]
[0 0 0 0 0 0 0 0 0 0 0 0 0 0 0 0 0 0 0 0 0 0 0 0 0 0 0 0 0 0 0 0 0 0 0 0 0
 0 0 0 0 0 0 0 0 0 0 0 0 0 0 0 0 0 0 0 0 0 0 0 0 0 0 0 0 0 0 0 0 0 0 0 0 0
 0 0 0 0 0 0 0 0 0 0 0 0 0 0 0 0 0 0 0 0 0 0 0 0 0 0]
[1 1 1 1 1 1 1 1 1 1 1 1 1 1 1 1 1 1 1 1 1 1 1 1 1 1 1 1 1 1 1 1 1 1 1 1 1
 1 1 1 1 1 1 1 1 1 1 1 1 1 1 1 1 1 1 1 1 1 1 1 1 1 1 1 1 1 1 1 1 1 1 1 1 1
 1 1 1 1 1 1 1 1 1 1 1 1 1 1 1 1 1 1 1 1 1 1 1 1 1 1]
