[ 0  1  2  3  4  5  6  7  8  9 10 11 12 13 14 15 16 17 18 19 20 21 22 23
 24 25 26 27 28 29 30 31 32 33 34 35 36 37 38 39 40 41 42 43 44 45 46 47
 48 49 50 51 52 53 54 55 56 57 58 59 60 61 62 63 64 65 66 67 68 69 70 71
 72 73 74 75 76 77 78 79 80 81 82 83 84 85 86 87 88 89 90 91 92 93 94 95
 96 97 98 99]
[90  3 84 -1 -1 20 56 21 53 52 -1 23 -1 91 -1 -1 11 66 16 -1 84  1 -1 39
 66 -1 -1 47 -1 49 25 41 13 -1 10 67 -1 49 -1 82 -1 15 -1 44 67 13 -1 -1
 40 28 -1 -1 -1 -1 -1 79 48 76 -1 66 -1  3 12 29 42 -1 45 48 47 22 64 97
 80 -1 -1  8 -1 -1 77 78 47 24 86 96 43  8 -1 85 70 -1 40 -1 37 40 -1 -1
 -1 76 -1 54]
[0 1 1 1 0 0 0 1 1 1 0 1 0 0 0 0 0 0 1 0 0 1 1 1 1 1 1 0 0 1 1 1 0 1 1 0 0
 1 1 0 1 0 1 0 1 1 0 1 1 1 0 1 1 0 1 0 0 0 0 1 1 0 1 0 0 1 1 0 1 1 0 1 1 1
 1 1 1 0 0 1 1 0 0 0 0 0 0 0 1 1 1 0 0 0 0 0 0 1 0 1]
[3 3 0 2 0 0 0 0 4 1 3 0 0 2 2 4 0 0 2 1 4 1 0 0 4 0 2 4 0 0 0 0 1 3 3 1 0
 4 4 0 0 0 2 3 0 2 0 0 0 0 3 1 0 0 2 3 2 1 4 0 1 0 0 2 0 0 0 2 0 0 0 2 0 4
 2 0 0 0 0 0 2 4 0 3 3 0 3 0 0 0 0 0 4 3 1 4 0 4 0 0]
[3 3 0 2 0 0 0 0 4 1 3 0 0 2 2 4 0 0 2 1 4 1 0 0 4 0 2 4 0 0 0 0 1 3 3 1 0
 4 4 0 0 0 2 3 0 2 0 0 0 0 3 1 0 0 2 3 2 1 4 0 1 0 0 2 0 0 0 2 0 0 0 2 0 4
 2 0 0 0 0 0 2 4 0 3 3 0 3 0 0 0 0 0 4 3 1 4 0 4 0 0]
[3 5 8 8 4 9 1 9 8 3 7 1 3 9 6 2 6 5 2 2 6 6 1 4 5 1 2 3 7 1 1 6 8 6 8 2 1
 1 3 8 5 1 5 4 6 2 2 7 6 8 9 7 8 6 7 8 2 2 4 2 1 4 4 9 6 3 6 7 9 6 8 3 7 6
 2 3 6 4 6 5 9 8 2 6 2 5 8 1 2 7 3 9 5 5 9 3 9 1 2 5]
[3 5 8 8 4 9 1 9 8 3 7 1 3 9 6 2 6 5 2 2 6 6 1 4 5 1 2 3 7 1 1 6 8 6 8 2 1
 1 3 8 5 1 5 4 6 2 2 7 6 8 9 7 8 6 7 8 2 2 4 2 1 4 4 9 6 3 6 7 9 6 8 3 7 6
 2 3 6 4 6 5 9 8 2 6 2 5 8 1 2 7 3 9 5 5 9 3 9 1 2 5]
[42, 50, 50, 49, 25, 49, 50, 19, 49, 50, 29, 14, 50, 50, 50, 50, 45, 16, 50, 50, 50, 42, 28, 50, 50, 28, 26, 50, 31, 19, 50, 28, 22, 38, 50, 29, 30, 44, 50, 50, 24, 50, 39, 10, 50, 50, 50, 23, 50, 30, 28, 45, 50, 28, 17, 50, 50, 12, 50, 50, 50, 15, 50, 29, 50, 45, 48, 50, 50, 50, 50, 50, 18, 50, 41, 24, 50, 50, 50, 50, 50, 50, 50, 24, 50, 10, 33, 50, 16, 17, 50, 50, 26, 40, 50, 50, 50, 50, 42, 14]
[0 0 0 0 0 0 0 0 0 0 0 0 0 0 0 0 0 0 0 0 0 0 0 0 0 0 0 0 0 0 0 0 0 0 0 0 0
 0 0 0 0 0 0 0 0 0 0 0 0 0 0 0 0 0 0 0 0 0 0 0 0 0 0 0 0 0 0 0 0 0 0 0 0 0
 0 0 0 0 0 0 0 0 0 0 0 0 0 0 0 0 0 0 0 0 0 0 0 0 0 0]
[1 1 1 1 1 1 1 1 1 1 1 1 1 1 1 1 1 1 1 1 1 1 1 1 1 1 1 1 1 1 1 1 1 1 1 1 1
 1 1 1 1 1 1 1 1 1 1 1 1 1 1 1 1 1 1 1 1 1 1 1 1 1 1 1 1 1 1 1 1 1 1 1 1 1
 1 1 1 1 1 1 1 1 1 1 1 1 1 1 1 1 1 1 1 1 1 1 1 1 1 1]
