[ 0  1  2  3  4  5  6  7  8  9 10 11 12 13 14 15 16 17 18 19 20 21 22 23
 24 25 26 27 28 29 30 31 32 33 34 35 36 37 38 39 40 41 42 43 44 45 46 47
 48 49 50 51 52 53 54 55 56 57 58 59 60 61 62 63 64 65 66 67 68 69 70 71
 72 73 74 75 76 77 78 79 80 81 82 83 84 85 86 87 88 89 90 91 92 93 94 95
 96 97 98 99]
[75 87 -1 -1 81 -1 33 14 -1 85 23 -1 90 17 92 -1 63 54  8 88 -1 -1 -1  9
 51 11 91 83 58  8  8 -1  6 82 -1 41 47 -1 -1 86 38 -1 -1 -1 15 85  7 17
 -1 -1 25 78 17 28  1  7 -1  9 -1 74 -1 -1 72 54 78 -1 26 61 41  2 36 -1
 71 50 22 -1 74 26 25 56 39 90 46 -1 58 92 27 -1 28 17 13 63  8 45 80 -1
 82 73 16 59]
[1 1 0 0 1 1 1 1 1 0 0 0 0 0 1 1 0 1 1 0 0 1 0 1 0 1 0 0 1 0 0 0 0 1 0 1 0
 0 1 0 0 1 0 1 0 1 1 0 1 1 1 0 0 1 0 0 0 0 1 1 1 0 0 1 0 1 1 1 0 1 1 1 0 0
 0 1 0 0 0 0 0 0 1 0 1 1 0 0 0 0 0 1 0 1 0 0 0 0 0 1]
[0 0 4 3 0 2 1 0 0 0 0 3 0 2 3 0 4 3 0 0 2 0 0 2 2 0 2 0 0 3 4 4 0 0 3 0 4
 2 0 0 1 4 0 2 4 0 3 0 1 0 3 0 1 0 2 2 2 3 2 0 3 3 0 1 0 3 0 3 0 0 0 4 0 0
 0 1 0 0 0 0 0 3 2 1 1 0 2 1 0 3 0 0 0 0 0 4 4 0 2 2]
[0 0 4 3 0 2 1 0 0 0 0 3 0 2 3 0 4 3 0 0 2 0 0 2 2 0 2 0 0 3 4 4 0 0 3 0 4
 2 0 0 1 4 0 2 4 0 3 0 1 0 3 0 1 0 2 2 2 3 2 0 3 3 0 1 0 3 0 3 0 0 0 4 0 0
 0 1 0 0 0 0 0 3 2 1 1 0 2 1 0 3 0 0 0 0 0 4 4 0 2 2]
[3 1 3 4 5 7 2 1 1 6 2 3 4 1 9 6 9 3 1 1 4 1 2 4 1 2 5 8 4 3 1 6 9 4 2 3 3
 9 3 1 8 8 3 4 7 9 8 3 6 3 8 8 1 2 5 8 5 4 7 4 8 1 7 7 4 4 7 7 8 9 4 7 3 3
 1 7 1 5 7 4 5 7 3 7 5 3 2 9 3 3 9 1 4 3 9 7 6 7 7 6]
[3 1 3 4 5 7 2 1 1 6 2 3 4 1 9 6 9 3 1 1 4 1 2 4 1 2 5 8 4 3 1 6 9 4 2 3 3
 9 3 1 8 8 3 4 7 9 8 3 6 3 8 8 1 2 5 8 5 4 7 4 8 1 7 7 4 4 7 7 8 9 4 7 3 3
 1 7 1 5 7 4 5 7 3 7 5 3 2 9 3 3 9 1 4 3 9 7 6 7 7 6]
[50, 36, 50, 48, 50, 50, 31, 50, 21, 50, 41, 15, 50, 50, 50, 14, 50, 25, 16, 29, 35, 50, 50, 17, 50, 34, 50, 50, 50, 36, 50, 50, 23, 50, 50, 29, 10, 50, 50, 40, 39, 33, 18, 44, 16, 50, 50, 50, 50, 42, 50, 50, 42, 43, 50, 50, 50, 38, 50, 50, 26, 50, 50, 19, 12, 31, 50, 50, 17, 50, 50, 50, 43, 50, 24, 50, 22, 26, 26, 50, 22, 22, 50, 50, 12, 50, 41, 28, 35, 50, 50, 50, 22, 50, 40, 28, 44, 50, 50, 45]
[0 0 0 0 0 0 0 0 0 0 0 0 0 0 0 0 0 0 0 0 0 0 0 0 0 0 0 0 0 0 0 0 0 0 0 0 0
 0 0 0 0 0 0 0 0 0 0 0 0 0 0 0 0 0 0 0 0 0 0 0 0 0 0 0 0 0 0 0 0 0 0 0 0 0
 0 0 0 0 0 0 0 0 0 0 0 0 0 0 0 0 0 0 0 0 0 0 0 0 0 0]
[1 1 1 1 1 1 1 1 1 1 1 1 1 1 1 1 1 1 1 1 1 1 1 1 1 1 1 1 1 1 1 1 1 1 1 1 1
 1 1 1 1 1 1 1 1 1 1 1 1 1 1 1 1 1 1 1 1 1 1 1 1 1 1 1 1 1 1 1 1 1 1 1 1 1
 1 1 1 1 1 1 1 1 1 1 1 1 1 1 1 1 1 1 1 1 1 1 1 1 1 1]
