[ 0  1  2  3  4  5  6  7  8  9 10 11 12 13 14 15 16 17 18 19 20 21 22 23
 24 25 26 27 28 29 30 31 32 33 34 35 36 37 38 39 40 41 42 43 44 45 46 47
 48 49 50 51 52 53 54 55 56 57 58 59 60 61 62 63 64 65 66 67 68 69 70 71
 72 73 74 75 76 77 78 79 80 81 82 83 84 85 86 87 88 89 90 91 92 93 94 95
 96 97 98 99]
[19 16 -1 39 78 91 -1 91 -1 28 -1 17 -1 -1 -1 -1 -1 64 12 95 97 84 -1  4
 39 32 82 77 51 -1 44 -1 28 -1 -1 -1 17 11 30 53 50  5 57 -1 62 88 -1 28
 -1 -1 -1 97 71 45 95 -1 -1 -1 42 47 -1 99 -1 -1 74 -1 92 71 -1 -1 33 17
 25 -1 12 18 12 -1 84 -1 74 66 95  6 -1 87 33 23 34 35 53 78 70 -1 44 75
 82 12 -1 -1]
[0 1 1 1 0 0 0 1 1 1 0 0 1 0 0 0 0 1 0 1 1 0 1 1 1 0 1 1 1 0 0 1 1 1 1 1 1
 1 1 0 0 1 0 0 1 0 1 1 0 1 1 1 1 1 1 0 1 1 1 1 1 1 1 1 1 0 1 1 1 1 1 0 1 0
 0 1 1 0 0 0 1 1 1 0 0 1 1 0 0 0 0 0 0 1 0 0 1 0 0 1]
[1 0 2 0 1 0 4 4 2 0 2 3 1 1 0 1 0 0 4 0 4 0 3 3 0 3 4 0 0 0 0 0 4 3 1 0 0
 1 0 0 3 3 2 0 0 0 2 4 3 0 0 4 0 0 0 0 0 4 0 0 2 2 0 0 1 1 4 4 1 0 3 0 0 2
 1 0 1 0 0 2 0 0 3 1 2 0 3 4 0 0 4 1 0 1 1 3 0 0 1 0]
[1 0 2 0 1 0 4 4 2 0 2 3 1 1 0 1 0 0 4 0 4 0 3 3 0 3 4 0 0 0 0 0 4 3 1 0 0
 1 0 0 3 3 2 0 0 0 2 4 3 0 0 4 0 0 0 0 0 4 0 0 2 2 0 0 1 1 4 4 1 0 3 0 0 2
 1 0 1 0 0 2 0 0 3 1 2 0 3 4 0 0 4 1 0 1 1 3 0 0 1 0]
[2 9 6 3 6 1 8 8 2 6 9 5 2 3 3 6 8 9 2 9 5 1 1 2 8 4 1 8 4 7 9 6 3 9 2 9 9
 7 5 9 6 1 1 9 9 1 1 1 1 5 8 3 1 1 3 3 3 7 6 2 4 1 2 3 9 4 9 1 4 7 7 9 2 8
 3 8 8 3 9 2 7 8 2 7 3 9 4 6 3 2 9 9 9 3 1 7 4 9 2 2]
[2 9 6 3 6 1 8 8 2 6 9 5 2 3 3 6 8 9 2 9 5 1 1 2 8 4 1 8 4 7 9 6 3 9 2 9 9
 7 5 9 6 1 1 9 9 1 1 1 1 5 8 3 1 1 3 3 3 7 6 2 4 1 2 3 9 4 9 1 4 7 7 9 2 8
 3 8 8 3 9 2 7 8 2 7 3 9 4 6 3 2 9 9 9 3 1 7 4 9 2 2]
[48, 20, 14, 25, 50, 14, 50, 26, 50, 47, 50, 17, 50, 50, 31, 28, 24, 50, 23, 50, 50, 50, 21, 50, 50, 14, 50, 42, 50, 14, 50, 50, 50, 50, 50, 50, 28, 50, 15, 50, 40, 29, 44, 50, 50, 46, 50, 50, 12, 48, 48, 50, 50, 50, 50, 44, 50, 50, 50, 50, 37, 50, 17, 35, 31, 50, 40, 20, 17, 50, 50, 50, 50, 35, 50, 33, 19, 50, 50, 50, 37, 50, 50, 50, 50, 33, 31, 12, 19, 44, 50, 20, 12, 44, 23, 50, 29, 50, 50, 50]
[0 0 0 0 0 0 0 0 0 0 0 0 0 0 0 0 0 0 0 0 0 0 0 0 0 0 0 0 0 0 0 0 0 0 0 0 0
 0 0 0 0 0 0 0 0 0 0 0 0 0 0 0 0 0 0 0 0 0 0 0 0 0 0 0 0 0 0 0 0 0 0 0 0 0
 0 0 0 0 0 0 0 0 0 0 0 0 0 0 0 0 0 0 0 0 0 0 0 0 0 0]
[1 1 1 1 1 1 1 1 1 1 1 1 1 1 1 1 1 1 1 1 1 1 1 1 1 1 1 1 1 1 1 1 1 1 1 1 1
 1 1 1 1 1 1 1 1 1 1 1 1 1 1 1 1 1 1 1 1 1 1 1 1 1 1 1 1 1 1 1 1 1 1 1 1 1
 1 1 1 1 1 1 1 1 1 1 1 1 1 1 1 1 1 1 1 1 1 1 1 1 1 1]
