[ 0  1  2  3  4  5  6  7  8  9 10 11 12 13 14 15 16 17 18 19 20 21 22 23
 24 25 26 27 28 29 30 31 32 33 34 35 36 37 38 39 40 41 42 43 44 45 46 47
 48 49 50 51 52 53 54 55 56 57 58 59 60 61 62 63 64 65 66 67 68 69 70 71
 72 73 74 75 76 77 78 79 80 81 82 83 84 85 86 87 88 89 90 91 92 93 94 95
 96 97 98 99]
[90 -1 59  9 17 42 64 -1  6 44 82 -1 42 20 54  0 -1 79 56 -1 56 -1  2 -1
 85 84 60  3 90 -1 18 44 -1 -1 86 38 -1  2 96 92 -1 77 26  9 69 79 -1 79
 -1 86 -1 -1 22  8 -1 13 -1 -1 65 -1 49 -1 73  8 -1 -1 -1 35 88 -1 73 94
 -1 80 -1 92 24 39 -1  3 30 36 19 86 95 77 -1 44 77  5 -1 38 -1 50 -1 -1
 18 36 57 -1]
[0 1 0 0 0 1 0 0 0 1 1 0 0 0 1 0 1 0 0 0 0 0 1 1 1 0 0 1 0 1 1 0 0 0 1 0 0
 1 0 0 1 1 0 0 0 0 1 1 1 0 1 1 0 0 1 0 1 1 1 0 0 1 1 0 1 0 0 1 0 1 1 1 1 0
 0 1 0 1 0 1 0 1 1 1 1 0 1 0 0 0 0 1 1 0 1 1 0 0 1 0]
[0 0 4 3 2 3 0 3 0 0 4 0 2 0 0 0 0 3 1 0 0 0 1 0 0 0 0 0 3 3 2 1 2 4 0 3 0
 0 2 0 0 0 0 2 4 1 2 3 3 4 4 0 1 2 0 4 0 0 0 2 0 0 2 0 2 0 0 1 0 0 3 0 1 4
 4 0 2 0 0 0 1 3 4 0 0 0 3 0 0 4 3 1 1 2 0 0 3 0 0 0]
[0 0 4 3 2 3 0 3 0 0 4 0 2 0 0 0 0 3 1 0 0 0 1 0 0 0 0 0 3 3 2 1 2 4 0 3 0
 0 2 0 0 0 0 2 4 1 2 3 3 4 4 0 1 2 0 4 0 0 0 2 0 0 2 0 2 0 0 1 0 0 3 0 1 4
 4 0 2 0 0 0 1 3 4 0 0 0 3 0 0 4 3 1 1 2 0 0 3 0 0 0]
[7 7 2 2 8 3 3 5 7 3 3 1 1 4 4 6 9 9 9 1 6 8 5 1 6 5 3 5 2 7 9 6 8 1 4 6 8
 6 2 2 9 5 8 5 8 5 9 2 8 7 9 4 4 9 6 6 1 3 1 3 7 3 1 4 6 6 2 2 8 1 2 2 1 9
 2 4 8 2 3 7 6 3 5 4 8 2 9 2 9 7 9 1 8 9 6 5 1 8 2 8]
[7 7 2 2 8 3 3 5 7 3 3 1 1 4 4 6 9 9 9 1 6 8 5 1 6 5 3 5 2 7 9 6 8 1 4 6 8
 6 2 2 9 5 8 5 8 5 9 2 8 7 9 4 4 9 6 6 1 3 1 3 7 3 1 4 6 6 2 2 8 1 2 2 1 9
 2 4 8 2 3 7 6 3 5 4 8 2 9 2 9 7 9 1 8 9 6 5 1 8 2 8]
[19, 50, 41, 50, 17, 50, 49, 50, 35, 13, 43, 11, 16, 14, 42, 50, 50, 49, 25, 50, 50, 50, 31, 23, 50, 50, 16, 34, 40, 50, 50, 50, 23, 50, 50, 50, 20, 50, 32, 50, 17, 50, 50, 14, 50, 50, 50, 50, 42, 50, 46, 28, 32, 32, 19, 27, 50, 50, 50, 41, 50, 50, 50, 50, 50, 50, 50, 50, 20, 50, 45, 50, 37, 50, 50, 50, 50, 50, 31, 40, 15, 45, 50, 50, 12, 38, 28, 15, 50, 40, 50, 29, 50, 10, 31, 50, 34, 39, 50, 50]
[0 0 0 0 0 0 0 0 0 0 0 0 0 0 0 0 0 0 0 0 0 0 0 0 0 0 0 0 0 0 0 0 0 0 0 0 0
 0 0 0 0 0 0 0 0 0 0 0 0 0 0 0 0 0 0 0 0 0 0 0 0 0 0 0 0 0 0 0 0 0 0 0 0 0
 0 0 0 0 0 0 0 0 0 0 0 0 0 0 0 0 0 0 0 0 0 0 0 0 0 0]
[1 1 1 1 1 1 1 1 1 1 1 1 1 1 1 1 1 1 1 1 1 1 1 1 1 1 1 1 1 1 1 1 1 1 1 1 1
 1 1 1 1 1 1 1 1 1 1 1 1 1 1 1 1 1 1 1 1 1 1 1 1 1 1 1 1 1 1 1 1 1 1 1 1 1
 1 1 1 1 1 1 1 1 1 1 1 1 1 1 1 1 1 1 1 1 1 1 1 1 1 1]
