[ 0  1  2  3  4  5  6  7  8  9 10 11 12 13 14 15 16 17 18 19 20 21 22 23
 24 25 26 27 28 29 30 31 32 33 34 35 36 37 38 39 40 41 42 43 44 45 46 47
 48 49 50 51 52 53 54 55 56 57 58 59 60 61 62 63 64 65 66 67 68 69 70 71
 72 73 74 75 76 77 78 79 80 81 82 83 84 85 86 87 88 89 90 91 92 93 94 95
 96 97 98 99]
[-1 71 -1 58 -1 -1 99 46 -1 -1 23 22 69 93 -1 28 37 -1 56  9 55 49 -1 96
 -1  4 49 56 70 94 -1 -1 42 -1 57 65 18  2 45 38 25 24  1 84 68  7 25 89
 55 -1 -1 64 15  1 85 -1 -1 51 59 50 12 -1 78 -1  4 46 70 -1 38 -1 -1 -1
 -1 36 -1 -1 37 -1 -1  4 33 74 68 73 -1 78 87 -1 90 69 -1 66 -1 -1 -1 55
 78 69 -1 -1]
[0 1 1 0 1 1 0 1 1 1 0 1 0 1 1 1 1 1 1 0 1 1 1 1 1 1 1 1 0 1 0 0 1 1 1 1 0
 0 0 1 0 1 1 1 1 1 1 0 1 1 0 0 0 0 1 1 0 0 0 1 1 1 1 0 0 1 0 0 0 1 1 0 1 0
 0 0 0 1 1 1 0 1 0 1 0 1 0 0 1 0 0 0 0 1 0 0 1 0 0 0]
[0 3 0 1 0 1 4 0 3 3 4 1 0 0 0 3 0 2 2 0 4 0 0 3 2 2 2 0 3 1 4 4 0 1 0 4 4
 2 2 1 2 0 4 0 2 0 4 0 0 0 0 4 1 0 2 0 3 2 0 0 0 0 4 0 0 4 0 0 1 0 0 2 0 0
 0 2 3 0 0 3 0 0 2 0 0 0 0 1 0 1 4 2 3 1 0 0 0 0 2 0]
[0 3 0 1 0 1 4 0 3 3 4 1 0 0 0 3 0 2 2 0 4 0 0 3 2 2 2 0 3 1 4 4 0 1 0 4 4
 2 2 1 2 0 4 0 2 0 4 0 0 0 0 4 1 0 2 0 3 2 0 0 0 0 4 0 0 4 0 0 1 0 0 2 0 0
 0 2 3 0 0 3 0 0 2 0 0 0 0 1 0 1 4 2 3 1 0 0 0 0 2 0]
[1 6 6 1 7 4 1 2 1 9 3 3 1 3 8 8 4 9 1 1 3 8 8 2 6 1 6 5 6 9 6 9 6 6 3 4 3
 9 7 2 7 4 8 2 5 4 9 5 4 2 1 4 9 2 7 6 2 9 4 7 7 7 3 7 7 9 4 1 8 8 9 2 5 7
 8 1 5 7 4 8 5 5 3 6 9 8 9 6 3 6 3 4 5 8 4 3 8 7 1 3]
[1 6 6 1 7 4 1 2 1 9 3 3 1 3 8 8 4 9 1 1 3 8 8 2 6 1 6 5 6 9 6 9 6 6 3 4 3
 9 7 2 7 4 8 2 5 4 9 5 4 2 1 4 9 2 7 6 2 9 4 7 7 7 3 7 7 9 4 1 8 8 9 2 5 7
 8 1 5 7 4 8 5 5 3 6 9 8 9 6 3 6 3 4 5 8 4 3 8 7 1 3]
[50, 28, 34, 50, 29, 50, 14, 15, 21, 50, 18, 44, 50, 15, 17, 50, 50, 50, 20, 50, 15, 33, 22, 16, 41, 44, 50, 50, 50, 50, 50, 50, 50, 33, 50, 36, 50, 39, 50, 50, 35, 50, 37, 39, 50, 50, 50, 50, 50, 13, 50, 43, 50, 36, 50, 12, 50, 33, 50, 50, 16, 50, 50, 50, 50, 33, 23, 50, 13, 50, 50, 50, 39, 50, 50, 18, 50, 50, 11, 31, 42, 17, 50, 41, 50, 50, 50, 50, 30, 50, 50, 13, 50, 45, 50, 22, 50, 44, 50, 30]
[0 0 0 0 0 0 0 0 0 0 0 0 0 0 0 0 0 0 0 0 0 0 0 0 0 0 0 0 0 0 0 0 0 0 0 0 0
 0 0 0 0 0 0 0 0 0 0 0 0 0 0 0 0 0 0 0 0 0 0 0 0 0 0 0 0 0 0 0 0 0 0 0 0 0
 0 0 0 0 0 0 0 0 0 0 0 0 0 0 0 0 0 0 0 0 0 0 0 0 0 0]
[1 1 1 1 1 1 1 1 1 1 1 1 1 1 1 1 1 1 1 1 1 1 1 1 1 1 1 1 1 1 1 1 1 1 1 1 1
 1 1 1 1 1 1 1 1 1 1 1 1 1 1 1 1 1 1 1 1 1 1 1 1 1 1 1 1 1 1 1 1 1 1 1 1 1
 1 1 1 1 1 1 1 1 1 1 1 1 1 1 1 1 1 1 1 1 1 1 1 1 1 1]
