[ 0  1  2  3  4  5  6  7  8  9 10 11 12 13 14 15 16 17 18 19 20 21 22 23
 24 25 26 27 28 29 30 31 32 33 34 35 36 37 38 39 40 41 42 43 44 45 46 47
 48 49 50 51 52 53 54 55 56 57 58 59 60 61 62 63 64 65 66 67 68 69 70 71
 72 73 74 75 76 77 78 79 80 81 82 83 84 85 86 87 88 89 90 91 92 93 94 95
 96 97 98 99]
[-1 -1 77  9 63 -1 -1 -1 50 85 -1 58  3 44 77 -1 22 28 88 76 -1 79 63 72
 -1 85 72 -1 61  2 -1 -1 33 -1 92 85 91 11 55 -1 73 -1 20 36 -1 -1 -1 67
 62 70 -1 46 -1 -1 -1 -1 24 -1 46 -1 -1 -1 13  1 71 -1 95 68 86 -1 94 30
 -1 -1 87 -1 -1 -1 38 -1 39 97 -1 36 86 51 50 17 96 54 -1 89 74 42 84 80
  0 -1 69 -1]
[1 0 0 1 0 1 0 1 1 0 0 1 0 1 1 0 1 0 0 1 1 0 0 1 1 1 0 0 1 1 0 0 1 1 1 1 0
 1 0 1 0 1 1 0 1 0 1 0 0 1 0 0 1 1 0 0 0 0 1 0 0 0 1 0 0 1 0 0 1 1 1 0 1 1
 1 0 1 1 0 0 0 0 1 0 1 1 1 1 0 1 0 0 0 0 0 1 1 0 1 0]
[3 0 3 0 0 3 4 3 2 0 0 0 0 0 2 1 4 0 1 2 0 1 3 2 0 4 0 0 0 2 0 2 0 0 3 0 2
 0 0 3 0 4 0 1 0 0 0 1 3 0 0 0 4 0 0 0 2 0 0 1 0 0 0 1 2 0 0 0 0 1 0 0 2 0
 1 4 3 4 0 1 1 2 0 3 4 0 0 0 0 0 2 2 3 0 0 3 4 1 0 3]
[3 0 3 0 0 3 4 3 2 0 0 0 0 0 2 1 4 0 1 2 0 1 3 2 0 4 0 0 0 2 0 2 0 0 3 0 2
 0 0 3 0 4 0 1 0 0 0 1 3 0 0 0 4 0 0 0 2 0 0 1 0 0 0 1 2 0 0 0 0 1 0 0 2 0
 1 4 3 4 0 1 1 2 0 3 4 0 0 0 0 0 2 2 3 0 0 3 4 1 0 3]
[5 1 6 6 7 8 1 9 3 9 7 8 4 4 7 9 1 5 7 5 5 3 9 5 1 9 3 5 6 1 8 7 7 9 7 3 2
 1 8 3 5 3 4 4 2 5 4 2 9 9 1 9 1 5 2 8 3 9 5 1 6 9 3 1 4 2 5 9 3 8 2 1 6 2
 5 7 3 6 7 8 1 3 7 6 3 6 8 6 3 1 7 4 6 7 6 8 6 6 6 9]
[5 1 6 6 7 8 1 9 3 9 7 8 4 4 7 9 1 5 7 5 5 3 9 5 1 9 3 5 6 1 8 7 7 9 7 3 2
 1 8 3 5 3 4 4 2 5 4 2 9 9 1 9 1 5 2 8 3 9 5 1 6 9 3 1 4 2 5 9 3 8 2 1 6 2
 5 7 3 6 7 8 1 3 7 6 3 6 8 6 3 1 7 4 6 7 6 8 6 6 6 9]
[50, 50, 50, 50, 48, 49, 40, 50, 26, 50, 22, 50, 47, 50, 13, 23, 36, 18, 33, 50, 50, 32, 36, 50, 50, 28, 36, 30, 50, 50, 17, 50, 26, 50, 38, 15, 50, 50, 50, 50, 50, 37, 37, 50, 24, 34, 50, 41, 50, 50, 41, 50, 30, 50, 50, 24, 37, 30, 44, 50, 47, 19, 11, 47, 50, 50, 35, 32, 38, 45, 21, 49, 15, 50, 50, 47, 33, 50, 21, 50, 14, 50, 48, 17, 25, 48, 50, 50, 50, 41, 50, 24, 38, 35, 24, 34, 50, 50, 50, 50]
[0 0 0 0 0 0 0 0 0 0 0 0 0 0 0 0 0 0 0 0 0 0 0 0 0 0 0 0 0 0 0 0 0 0 0 0 0
 0 0 0 0 0 0 0 0 0 0 0 0 0 0 0 0 0 0 0 0 0 0 0 0 0 0 0 0 0 0 0 0 0 0 0 0 0
 0 0 0 0 0 0 0 0 0 0 0 0 0 0 0 0 0 0 0 0 0 0 0 0 0 0]
[1 1 1 1 1 1 1 1 1 1 1 1 1 1 1 1 1 1 1 1 1 1 1 1 1 1 1 1 1 1 1 1 1 1 1 1 1
 1 1 1 1 1 1 1 1 1 1 1 1 1 1 1 1 1 1 1 1 1 1 1 1 1 1 1 1 1 1 1 1 1 1 1 1 1
 1 1 1 1 1 1 1 1 1 1 1 1 1 1 1 1 1 1 1 1 1 1 1 1 1 1]
