[ 0  1  2  3  4  5  6  7  8  9 10 11 12 13 14 15 16 17 18 19 20 21 22 23
 24 25 26 27 28 29 30 31 32 33 34 35 36 37 38 39 40 41 42 43 44 45 46 47
 48 49 50 51 52 53 54 55 56 57 58 59 60 61 62 63 64 65 66 67 68 69 70 71
 72 73 74 75 76 77 78 79 80 81 82 83 84 85 86 87 88 89 90 91 92 93 94 95
 96 97 98 99]
[69 -1 73 89 76 15 70 -1 88 30 -1 38 48 -1 76 75 -1 40 20 -1 -1 -1 -1 -1
 -1 18 80 39 45 -1 -1 56 75 -1 38 13 71 -1 86 -1 99 -1 57 -1 64 32 71 10
 31 -1 -1 77 14  1 -1 93 32 82 39 54 79 55 49 -1 -1 59 46 -1 -1  5  7 55
 36 84 16 76 -1 -1 -1 -1 29 -1 -1 21 -1 -1 63 48 49 -1 94 49 36 -1 81 -1
 10 29 91 -1]
[1 1 0 0 0 1 1 0 1 1 0 1 1 1 0 1 1 1 1 1 0 0 0 1 0 0 1 1 1 0 0 1 0 0 1 0 0
 1 1 1 1 0 0 0 0 0 0 0 1 1 0 1 0 0 0 0 1 0 0 0 1 1 0 1 0 1 0 1 0 1 1 0 1 1
 1 1 0 1 0 0 0 1 1 1 0 1 0 0 1 1 0 0 1 0 0 0 1 0 0 0]
[0 0 0 0 0 0 4 4 2 0 0 4 0 1 0 1 0 0 3 1 2 3 4 3 3 0 4 0 3 2 0 1 0 2 3 0 0
 1 2 0 2 0 3 0 2 3 0 3 2 0 3 0 1 1 0 1 4 0 0 2 0 0 0 0 2 0 0 0 0 0 0 2 3 0
 1 0 1 4 0 0 3 1 2 0 0 0 0 1 4 3 2 3 3 3 0 0 4 0 0 4]
[0 0 0 0 0 0 4 4 2 0 0 4 0 1 0 1 0 0 3 1 2 3 4 3 3 0 4 0 3 2 0 1 0 2 3 0 0
 1 2 0 2 0 3 0 2 3 0 3 2 0 3 0 1 1 0 1 4 0 0 2 0 0 0 0 2 0 0 0 0 0 0 2 3 0
 1 0 1 4 0 0 3 1 2 0 0 0 0 1 4 3 2 3 3 3 0 0 4 0 0 4]
[9 3 8 1 1 5 4 8 7 5 2 5 7 4 9 2 5 6 5 8 7 2 4 9 1 8 1 1 6 8 5 7 7 1 6 7 6
 8 4 7 8 5 5 9 2 1 2 8 1 3 7 7 5 9 5 3 4 4 2 4 8 1 8 8 1 6 7 9 5 3 6 1 4 2
 4 2 5 1 8 2 9 8 9 2 5 8 2 5 8 4 2 1 7 1 9 7 7 9 5 2]
[9 3 8 1 1 5 4 8 7 5 2 5 7 4 9 2 5 6 5 8 7 2 4 9 1 8 1 1 6 8 5 7 7 1 6 7 6
 8 4 7 8 5 5 9 2 1 2 8 1 3 7 7 5 9 5 3 4 4 2 4 8 1 8 8 1 6 7 9 5 3 6 1 4 2
 4 2 5 1 8 2 9 8 9 2 5 8 2 5 8 4 2 1 7 1 9 7 7 9 5 2]
[50, 50, 38, 33, 50, 31, 16, 11, 50, 50, 50, 25, 45, 50, 17, 50, 50, 12, 48, 27, 26, 45, 45, 44, 20, 34, 27, 50, 26, 47, 50, 49, 50, 50, 50, 50, 50, 33, 24, 32, 35, 45, 32, 50, 50, 50, 50, 26, 50, 50, 50, 45, 39, 50, 21, 50, 50, 50, 50, 50, 40, 50, 50, 13, 12, 50, 50, 50, 10, 50, 45, 30, 37, 49, 15, 34, 50, 48, 45, 50, 31, 50, 17, 50, 50, 50, 27, 18, 50, 50, 50, 44, 50, 18, 46, 50, 37, 16, 20, 50]
[0 0 0 0 0 0 0 0 0 0 0 0 0 0 0 0 0 0 0 0 0 0 0 0 0 0 0 0 0 0 0 0 0 0 0 0 0
 0 0 0 0 0 0 0 0 0 0 0 0 0 0 0 0 0 0 0 0 0 0 0 0 0 0 0 0 0 0 0 0 0 0 0 0 0
 0 0 0 0 0 0 0 0 0 0 0 0 0 0 0 0 0 0 0 0 0 0 0 0 0 0]
[1 1 1 1 1 1 1 1 1 1 1 1 1 1 1 1 1 1 1 1 1 1 1 1 1 1 1 1 1 1 1 1 1 1 1 1 1
 1 1 1 1 1 1 1 1 1 1 1 1 1 1 1 1 1 1 1 1 1 1 1 1 1 1 1 1 1 1 1 1 1 1 1 1 1
 1 1 1 1 1 1 1 1 1 1 1 1 1 1 1 1 1 1 1 1 1 1 1 1 1 1]
