[ 0  1  2  3  4  5  6  7  8  9 10 11 12 13 14 15 16 17 18 19 20 21 22 23
 24 25 26 27 28 29 30 31 32 33 34 35 36 37 38 39 40 41 42 43 44 45 46 47
 48 49 50 51 52 53 54 55 56 57 58 59 60 61 62 63 64 65 66 67 68 69 70 71
 72 73 74 75 76 77 78 79 80 81 82 83 84 85 86 87 88 89 90 91 92 93 94 95
 96 97 98 99]
[35  7 81 42 79 -1 -1 -1 94 50 -1 26  8 -1 11 47 83 87 79 51 65 -1  1 60
 68 -1 71 73 56 27 -1 -1 -1 -1 15 86 59 87 16 80 59 -1 -1 24 16 77 22 -1
  9 78 -1 -1 45 63  6  6 -1  2 64 81 -1 60 37 -1 -1 62 -1 -1 96 -1 -1 98
 36 97 -1 54 38 -1 -1 -1 84 -1 -1 41 73 69 25 81 -1 17 -1 88 -1 91 23 24
 35 86 24 23]
[0 1 0 0 1 0 1 0 0 1 1 0 1 1 1 0 0 1 1 0 1 1 0 0 1 1 1 0 1 0 0 1 1 0 0 1 0
 0 0 0 0 0 1 1 1 1 0 1 0 0 1 1 1 0 1 1 0 1 1 0 1 1 1 0 0 1 1 0 0 0 1 0 0 1
 0 0 1 0 0 1 0 0 0 0 0 1 0 1 0 1 0 1 0 1 1 1 0 0 0 1]
[2 0 2 0 1 0 0 0 0 4 1 0 0 0 4 0 1 0 0 3 2 0 1 0 0 2 1 0 2 0 1 2 2 1 2 4 0
 0 0 0 0 3 0 4 3 0 0 0 3 0 1 2 0 0 1 1 0 0 0 0 1 2 4 0 1 0 2 0 4 2 2 0 4 3
 4 2 0 0 0 3 0 0 2 0 0 0 0 0 4 1 2 0 4 1 4 0 0 0 2 0]
[2 0 2 0 1 0 0 0 0 4 1 0 0 0 4 0 1 0 0 3 2 0 1 0 0 2 1 0 2 0 1 2 2 1 2 4 0
 0 0 0 0 3 0 4 3 0 0 0 3 0 1 2 0 0 1 1 0 0 0 0 1 2 4 0 1 0 2 0 4 2 2 0 4 3
 4 2 0 0 0 3 0 0 2 0 0 0 0 0 4 1 2 0 4 1 4 0 0 0 2 0]
[3 5 4 2 1 5 1 5 9 6 3 6 4 3 6 4 1 7 4 6 3 2 4 7 5 6 5 3 7 5 2 3 1 1 4 6 6
 9 8 2 3 9 8 9 3 4 8 3 4 5 7 6 1 7 9 6 5 2 5 9 1 1 1 5 5 1 1 3 6 4 5 3 7 6
 1 8 5 3 9 3 3 9 5 7 7 2 9 7 8 8 6 3 2 6 5 4 3 1 1 8]
[3 5 4 2 1 5 1 5 9 6 3 6 4 3 6 4 1 7 4 6 3 2 4 7 5 6 5 3 7 5 2 3 1 1 4 6 6
 9 8 2 3 9 8 9 3 4 8 3 4 5 7 6 1 7 9 6 5 2 5 9 1 1 1 5 5 1 1 3 6 4 5 3 7 6
 1 8 5 3 9 3 3 9 5 7 7 2 9 7 8 8 6 3 2 6 5 4 3 1 1 8]
[50, 50, 50, 50, 50, 26, 50, 50, 39, 38, 11, 50, 50, 33, 50, 20, 50, 11, 11, 25, 27, 50, 50, 18, 47, 22, 50, 50, 42, 34, 24, 50, 50, 50, 35, 50, 50, 48, 50, 34, 50, 50, 50, 50, 28, 50, 50, 50, 27, 48, 44, 42, 50, 50, 50, 12, 50, 28, 17, 10, 50, 50, 45, 50, 50, 50, 50, 50, 50, 30, 37, 18, 18, 50, 29, 50, 47, 19, 30, 50, 20, 50, 50, 22, 47, 14, 50, 50, 24, 50, 22, 50, 37, 21, 50, 39, 50, 50, 50, 30]
[0 0 0 0 0 0 0 0 0 0 0 0 0 0 0 0 0 0 0 0 0 0 0 0 0 0 0 0 0 0 0 0 0 0 0 0 0
 0 0 0 0 0 0 0 0 0 0 0 0 0 0 0 0 0 0 0 0 0 0 0 0 0 0 0 0 0 0 0 0 0 0 0 0 0
 0 0 0 0 0 0 0 0 0 0 0 0 0 0 0 0 0 0 0 0 0 0 0 0 0 0]
[1 1 1 1 1 1 1 1 1 1 1 1 1 1 1 1 1 1 1 1 1 1 1 1 1 1 1 1 1 1 1 1 1 1 1 1 1
 1 1 1 1 1 1 1 1 1 1 1 1 1 1 1 1 1 1 1 1 1 1 1 1 1 1 1 1 1 1 1 1 1 1 1 1 1
 1 1 1 1 1 1 1 1 1 1 1 1 1 1 1 1 1 1 1 1 1 1 1 1 1 1]
