[ 0  1  2  3  4  5  6  7  8  9 10 11 12 13 14 15 16 17 18 19 20 21 22 23
 24 25 26 27 28 29 30 31 32 33 34 35 36 37 38 39 40 41 42 43 44 45 46 47
 48 49 50 51 52 53 54 55 56 57 58 59 60 61 62 63 64 65 66 67 68 69 70 71
 72 73 74 75 76 77 78 79 80 81 82 83 84 85 86 87 88 89 90 91 92 93 94 95
 96 97 98 99]
[67 -1 13 43 48 41 73 -1  9 24 63 25 93 97 -1 96 -1 33 52 -1 -1 -1 31 -1
 68 39 54 58 24 82 65 78 82 57 -1  4 44 22 -1 71 75 24 -1 -1 27 47 -1 -1
 -1  2 -1 34 97 -1 46 49 -1 -1 -1 86 90 81 73 95 29  7 14 97 45 62 50 65
 48 42 87 -1 55 -1 65 47 -1 -1  8 -1 63 -1 70 50 37 76 33 74 -1 -1 39 12
 30 28 -1 19]
[0 0 0 1 1 1 1 1 0 0 1 1 1 0 1 0 0 1 1 0 0 1 1 0 0 1 0 1 0 1 0 1 0 0 0 1 0
 0 1 0 0 1 1 1 1 1 0 1 0 1 1 1 1 1 0 0 0 0 0 0 1 0 1 0 0 0 1 1 1 1 1 1 1 0
 0 1 0 0 1 0 1 0 1 1 1 0 1 1 0 1 0 1 0 0 0 0 1 0 0 1]
[2 0 1 1 4 0 0 4 0 0 1 0 3 1 0 4 0 2 1 3 3 4 1 0 3 1 0 0 0 4 3 0 4 0 0 0 1
 3 3 0 2 0 1 2 0 3 3 0 0 1 0 0 4 3 4 4 1 1 4 0 0 3 0 2 0 3 0 0 3 3 3 0 3 0
 1 0 0 0 0 4 0 0 1 0 4 0 0 0 0 3 0 0 0 1 0 0 0 0 0 0]
[2 0 1 1 4 0 0 4 0 0 1 0 3 1 0 4 0 2 1 3 3 4 1 0 3 1 0 0 0 4 3 0 4 0 0 0 1
 3 3 0 2 0 1 2 0 3 3 0 0 1 0 0 4 3 4 4 1 1 4 0 0 3 0 2 0 3 0 0 3 3 3 0 3 0
 1 0 0 0 0 4 0 0 1 0 4 0 0 0 0 3 0 0 0 1 0 0 0 0 0 0]
[1 2 1 5 7 6 7 7 4 2 9 2 2 2 8 4 1 8 5 1 5 6 1 3 3 7 8 4 5 7 6 9 5 7 3 8 8
 4 9 5 9 3 5 6 1 6 9 5 4 8 1 7 8 2 9 4 5 8 7 9 1 1 3 8 5 4 7 5 1 1 1 8 3 8
 6 2 3 5 5 2 6 1 6 9 7 5 5 2 6 7 2 4 3 8 7 7 6 2 5 9]
[1 2 1 5 7 6 7 7 4 2 9 2 2 2 8 4 1 8 5 1 5 6 1 3 3 7 8 4 5 7 6 9 5 7 3 8 8
 4 9 5 9 3 5 6 1 6 9 5 4 8 1 7 8 2 9 4 5 8 7 9 1 1 3 8 5 4 7 5 1 1 1 8 3 8
 6 2 3 5 5 2 6 1 6 9 7 5 5 2 6 7 2 4 3 8 7 7 6 2 5 9]
[50, 50, 39, 42, 50, 50, 50, 50, 50, 11, 50, 49, 50, 50, 50, 24, 49, 26, 44, 50, 28, 16, 50, 50, 11, 30, 26, 41, 50, 15, 50, 23, 17, 50, 11, 39, 48, 50, 50, 50, 50, 50, 50, 43, 28, 36, 30, 43, 50, 38, 50, 50, 50, 41, 31, 50, 50, 33, 42, 50, 46, 50, 50, 27, 42, 38, 22, 50, 50, 50, 27, 45, 12, 31, 24, 11, 50, 50, 50, 50, 27, 50, 30, 32, 50, 42, 42, 31, 50, 50, 34, 38, 23, 50, 50, 10, 12, 50, 50, 50]
[0 0 0 0 0 0 0 0 0 0 0 0 0 0 0 0 0 0 0 0 0 0 0 0 0 0 0 0 0 0 0 0 0 0 0 0 0
 0 0 0 0 0 0 0 0 0 0 0 0 0 0 0 0 0 0 0 0 0 0 0 0 0 0 0 0 0 0 0 0 0 0 0 0 0
 0 0 0 0 0 0 0 0 0 0 0 0 0 0 0 0 0 0 0 0 0 0 0 0 0 0]
[1 1 1 1 1 1 1 1 1 1 1 1 1 1 1 1 1 1 1 1 1 1 1 1 1 1 1 1 1 1 1 1 1 1 1 1 1
 1 1 1 1 1 1 1 1 1 1 1 1 1 1 1 1 1 1 1 1 1 1 1 1 1 1 1 1 1 1 1 1 1 1 1 1 1
 1 1 1 1 1 1 1 1 1 1 1 1 1 1 1 1 1 1 1 1 1 1 1 1 1 1]
