[ 0  1  2  3  4  5  6  7  8  9 10 11 12 13 14 15 16 17 18 19 20 21 22 23
 24 25 26 27 28 29 30 31 32 33 34 35 36 37 38 39 40 41 42 43 44 45 46 47
 48 49 50 51 52 53 54 55 56 57 58 59 60 61 62 63 64 65 66 67 68 69 70 71
 72 73 74 75 76 77 78 79 80 81 82 83 84 85 86 87 88 89 90 91 92 93 94 95
 96 97 98 99]
[ 4 -1 -1 77 -1  3 82 95 -1 46 94  3 77  4 90 -1 80 60 94 64 -1 -1 -1 70
 35 64  5 -1  2 59 17 -1 -1 15 -1 -1 -1 78 -1 -1 -1 -1 25 54 15 -1 -1 28
 -1 -1 71 14 -1 -1 -1 14 23 -1 99 89 72 68 -1 69 50 28 -1 -1 24 41 61 70
 68 87 75 -1 19 -1 -1 13 56 92 -1 -1 -1 -1 91 39 98 -1  3 37 -1 16 34 -1
 32 19  8 30]
[0 1 1 0 1 1 0 0 1 0 0 1 1 0 1 0 0 0 1 0 1 0 0 1 0 1 0 0 0 0 1 1 0 1 0 0 0
 0 0 0 0 1 1 1 0 0 0 1 1 0 0 1 0 1 0 1 0 0 1 0 1 1 0 1 1 1 0 0 1 0 0 0 0 1
 0 1 1 1 0 1 1 1 1 0 0 0 1 1 0 1 0 1 1 0 0 1 0 1 1 1]
[0 0 0 3 4 4 4 0 0 0 0 0 2 0 4 0 3 0 0 0 0 4 0 0 2 2 3 3 4 0 0 4 1 2 0 0 4
 1 1 1 0 0 0 0 1 3 0 0 3 1 0 2 0 0 4 2 1 4 0 3 0 3 0 0 0 0 3 3 0 0 1 1 0 3
 0 4 0 0 2 0 0 2 0 4 2 2 2 1 0 0 3 4 0 0 0 2 0 3 1 0]
[0 0 0 3 4 4 4 0 0 0 0 0 2 0 4 0 3 0 0 0 0 4 0 0 2 2 3 3 4 0 0 4 1 2 0 0 4
 1 1 1 0 0 0 0 1 3 0 0 3 1 0 2 0 0 4 2 1 4 0 3 0 3 0 0 0 0 3 3 0 0 1 1 0 3
 0 4 0 0 2 0 0 2 0 4 2 2 2 1 0 0 3 4 0 0 0 2 0 3 1 0]
[2 8 8 4 9 5 1 4 1 7 5 5 7 7 1 5 3 3 3 8 9 1 4 2 2 2 1 2 2 7 9 1 3 2 8 2 5
 4 2 5 2 9 9 6 4 7 6 1 6 9 8 9 7 7 3 4 9 1 3 3 7 2 9 7 6 8 4 2 2 7 3 2 4 6
 8 9 5 1 3 3 4 3 1 4 6 4 8 1 8 1 8 2 3 2 6 1 4 4 5 8]
[2 8 8 4 9 5 1 4 1 7 5 5 7 7 1 5 3 3 3 8 9 1 4 2 2 2 1 2 2 7 9 1 3 2 8 2 5
 4 2 5 2 9 9 6 4 7 6 1 6 9 8 9 7 7 3 4 9 1 3 3 7 2 9 7 6 8 4 2 2 7 3 2 4 6
 8 9 5 1 3 3 4 3 1 4 6 4 8 1 8 1 8 2 3 2 6 1 4 4 5 8]
[50, 50, 28, 50, 25, 23, 50, 26, 50, 12, 50, 50, 50, 50, 25, 50, 50, 45, 46, 50, 50, 21, 50, 50, 50, 44, 19, 37, 50, 50, 25, 50, 28, 19, 25, 32, 14, 50, 47, 50, 50, 21, 50, 48, 50, 14, 33, 50, 50, 50, 46, 50, 13, 50, 50, 18, 20, 50, 45, 35, 10, 21, 14, 10, 11, 50, 50, 50, 50, 50, 50, 50, 36, 43, 50, 50, 50, 50, 50, 50, 50, 50, 20, 50, 50, 44, 47, 50, 16, 43, 36, 50, 50, 50, 45, 19, 23, 43, 35, 50]
[0 0 0 0 0 0 0 0 0 0 0 0 0 0 0 0 0 0 0 0 0 0 0 0 0 0 0 0 0 0 0 0 0 0 0 0 0
 0 0 0 0 0 0 0 0 0 0 0 0 0 0 0 0 0 0 0 0 0 0 0 0 0 0 0 0 0 0 0 0 0 0 0 0 0
 0 0 0 0 0 0 0 0 0 0 0 0 0 0 0 0 0 0 0 0 0 0 0 0 0 0]
[1 1 1 1 1 1 1 1 1 1 1 1 1 1 1 1 1 1 1 1 1 1 1 1 1 1 1 1 1 1 1 1 1 1 1 1 1
 1 1 1 1 1 1 1 1 1 1 1 1 1 1 1 1 1 1 1 1 1 1 1 1 1 1 1 1 1 1 1 1 1 1 1 1 1
 1 1 1 1 1 1 1 1 1 1 1 1 1 1 1 1 1 1 1 1 1 1 1 1 1 1]
