[ 0  1  2  3  4  5  6  7  8  9 10 11 12 13 14 15 16 17 18 19 20 21 22 23
 24 25 26 27 28 29 30 31 32 33 34 35 36 37 38 39 40 41 42 43 44 45 46 47
 48 49 50 51 52 53 54 55 56 57 58 59 60 61 62 63 64 65 66 67 68 69 70 71
 72 73 74 75 76 77 78 79 80 81 82 83 84 85 86 87 88 89 90 91 92 93 94 95
 96 97 98 99]
[-1  9 53 -1 -1 97 65 -1 30 -1 38  9 27 -1 -1 42 76 -1 49 26 -1 88  9 72
 34 22 53 15 -1 31 -1 82 94  5 41 12 50 20 89 37 -1 91 49 -1 -1 82 88 19
 30 -1 -1  0 26 84 -1 -1 -1 -1 71 -1 67 72 23 -1 39 67 -1 70 -1 -1 -1 26
  9 39 28 42 -1 -1 -1 27 -1 -1 -1 -1  3 97 49  2 55 68 15 -1 -1 99  2 70
 36 -1 10 30]
[1 1 0 0 0 1 0 1 0 0 0 0 0 0 1 1 1 1 0 1 1 0 1 0 1 1 0 0 0 0 0 0 0 1 1 1 1
 0 1 1 0 1 0 1 1 1 0 1 1 1 0 0 1 1 0 1 0 0 0 0 0 0 0 1 0 1 1 0 1 0 0 0 1 0
 0 1 0 0 0 0 1 0 1 0 1 0 1 1 0 0 0 0 0 1 0 0 0 0 1 1]
[0 1 0 4 4 0 0 0 0 3 1 0 2 0 2 0 0 0 3 0 0 2 0 0 3 2 2 4 0 3 0 1 0 0 2 0 0
 2 1 1 0 0 4 0 2 4 0 3 3 0 2 2 1 0 0 2 3 1 0 4 0 1 0 1 0 0 0 0 0 0 0 3 4 4
 0 3 0 0 0 3 1 0 4 0 0 4 0 0 4 0 1 2 2 0 0 0 0 3 0 0]
[0 1 0 4 4 0 0 0 0 3 1 0 2 0 2 0 0 0 3 0 0 2 0 0 3 2 2 4 0 3 0 1 0 0 2 0 0
 2 1 1 0 0 4 0 2 4 0 3 3 0 2 2 1 0 0 2 3 1 0 4 0 1 0 1 0 0 0 0 0 0 0 3 4 4
 0 3 0 0 0 3 1 0 4 0 0 4 0 0 4 0 1 2 2 0 0 0 0 3 0 0]
[8 7 3 3 2 4 5 7 7 8 5 8 8 3 7 2 9 7 6 2 4 4 6 2 7 1 5 9 1 9 6 4 7 9 2 2 2
 9 8 3 8 2 1 1 5 4 9 5 2 8 9 2 6 5 1 4 9 5 4 7 6 9 2 3 6 4 5 6 8 8 4 8 6 5
 1 2 7 3 1 8 9 6 9 2 3 6 1 7 5 2 5 5 3 1 2 2 1 4 6 1]
[8 7 3 3 2 4 5 7 7 8 5 8 8 3 7 2 9 7 6 2 4 4 6 2 7 1 5 9 1 9 6 4 7 9 2 2 2
 9 8 3 8 2 1 1 5 4 9 5 2 8 9 2 6 5 1 4 9 5 4 7 6 9 2 3 6 4 5 6 8 8 4 8 6 5
 1 2 7 3 1 8 9 6 9 2 3 6 1 7 5 2 5 5 3 1 2 2 1 4 6 1]
[50, 13, 46, 20, 50, 50, 50, 50, 16, 41, 50, 50, 27, 50, 39, 50, 42, 50, 35, 41, 43, 37, 40, 50, 50, 14, 49, 50, 50, 26, 36, 50, 50, 39, 46, 50, 50, 42, 50, 33, 50, 50, 50, 28, 16, 42, 50, 27, 23, 50, 33, 50, 50, 50, 50, 50, 50, 11, 25, 26, 24, 50, 35, 27, 50, 50, 50, 28, 50, 50, 40, 18, 17, 50, 50, 50, 50, 35, 50, 22, 35, 50, 50, 50, 11, 22, 14, 33, 50, 50, 32, 50, 50, 48, 20, 50, 31, 50, 23, 29]
[0 0 0 0 0 0 0 0 0 0 0 0 0 0 0 0 0 0 0 0 0 0 0 0 0 0 0 0 0 0 0 0 0 0 0 0 0
 0 0 0 0 0 0 0 0 0 0 0 0 0 0 0 0 0 0 0 0 0 0 0 0 0 0 0 0 0 0 0 0 0 0 0 0 0
 0 0 0 0 0 0 0 0 0 0 0 0 0 0 0 0 0 0 0 0 0 0 0 0 0 0]
[1 1 1 1 1 1 1 1 1 1 1 1 1 1 1 1 1 1 1 1 1 1 1 1 1 1 1 1 1 1 1 1 1 1 1 1 1
 1 1 1 1 1 1 1 1 1 1 1 1 1 1 1 1 1 1 1 1 1 1 1 1 1 1 1 1 1 1 1 1 1 1 1 1 1
 1 1 1 1 1 1 1 1 1 1 1 1 1 1 1 1 1 1 1 1 1 1 1 1 1 1]
