[ 0  1  2  3  4  5  6  7  8  9 10 11 12 13 14 15 16 17 18 19 20 21 22 23
 24 25 26 27 28 29 30 31 32 33 34 35 36 37 38 39 40 41 42 43 44 45 46 47
 48 49 50 51 52 53 54 55 56 57 58 59 60 61 62 63 64 65 66 67 68 69 70 71
 72 73 74 75 76 77 78 79 80 81 82 83 84 85 86 87 88 89 90 91 92 93 94 95
 96 97 98 99]
[-1 80 57 62 -1 90 17 -1 -1 15 19 -1 36 59 -1 87 12 16 39 -1 19  2 24 -1
 -1 -1 98 33 -1 80 -1 91 -1  1 30 -1 78 29 -1 -1 22 88 -1 -1 -1 33 94 40
 21 79 81 80 15 67 84 65 -1 26 48 91 -1 26 53 -1  9 63 33  9 -1 82 10 33
 45 99 -1 60 44 -1 -1 -1 -1 -1 -1 21 14 -1 55 -1 56 24 12 54 11 -1 99 -1
 42 92 -1 -1]
[0 0 0 0 1 1 0 0 1 1 1 1 0 0 0 1 1 0 0 1 0 0 0 1 0 1 0 0 0 0 0 0 0 1 0 1 0
 0 0 1 1 1 0 1 0 1 1 0 1 0 0 1 1 0 0 1 1 1 0 0 1 0 0 1 1 0 1 0 1 1 1 0 1 0
 1 1 1 0 1 0 0 1 0 0 1 1 1 0 1 0 1 0 0 0 1 0 0 0 0 0]
[0 0 4 0 3 0 0 2 0 2 0 1 1 0 0 2 1 1 1 0 0 3 2 2 3 0 0 0 0 0 0 0 1 4 3 2 0
 0 4 0 3 3 4 0 1 2 0 1 0 3 0 0 4 0 0 0 4 1 0 0 0 4 0 2 1 0 1 3 1 0 0 2 1 3
 3 0 3 3 0 2 0 0 0 1 0 0 0 0 1 0 0 0 4 4 2 2 0 0 0 0]
[0 0 4 0 3 0 0 2 0 2 0 1 1 0 0 2 1 1 1 0 0 3 2 2 3 0 0 0 0 0 0 0 1 4 3 2 0
 0 4 0 3 3 4 0 1 2 0 1 0 3 0 0 4 0 0 0 4 1 0 0 0 4 0 2 1 0 1 3 1 0 0 2 1 3
 3 0 3 3 0 2 0 0 0 1 0 0 0 0 1 0 0 0 4 4 2 2 0 0 0 0]
[8 3 7 7 2 9 7 6 1 9 7 2 1 8 9 7 3 6 7 1 6 7 9 2 8 9 1 3 6 5 6 3 9 9 3 7 4
 5 1 1 5 6 3 1 3 5 2 3 6 7 2 7 4 1 9 6 2 1 9 2 9 7 9 7 4 8 6 1 7 1 4 7 2 1
 4 9 7 3 8 4 8 7 7 9 1 2 4 3 9 3 3 6 7 6 9 7 2 6 5 4]
[8 3 7 7 2 9 7 6 1 9 7 2 1 8 9 7 3 6 7 1 6 7 9 2 8 9 1 3 6 5 6 3 9 9 3 7 4
 5 1 1 5 6 3 1 3 5 2 3 6 7 2 7 4 1 9 6 2 1 9 2 9 7 9 7 4 8 6 1 7 1 4 7 2 1
 4 9 7 3 8 4 8 7 7 9 1 2 4 3 9 3 3 6 7 6 9 7 2 6 5 4]
[50, 50, 24, 22, 50, 39, 50, 50, 50, 50, 26, 12, 46, 50, 50, 50, 50, 50, 50, 50, 24, 34, 11, 29, 13, 50, 50, 40, 50, 50, 11, 40, 50, 47, 50, 27, 50, 50, 50, 43, 17, 37, 46, 50, 16, 50, 50, 50, 50, 13, 28, 50, 50, 32, 50, 44, 18, 50, 50, 50, 29, 50, 11, 50, 34, 50, 50, 37, 17, 14, 37, 39, 50, 15, 50, 50, 50, 12, 21, 30, 48, 37, 50, 50, 50, 42, 30, 50, 50, 50, 50, 50, 35, 36, 50, 50, 10, 50, 38, 39]
[0 0 0 0 0 0 0 0 0 0 0 0 0 0 0 0 0 0 0 0 0 0 0 0 0 0 0 0 0 0 0 0 0 0 0 0 0
 0 0 0 0 0 0 0 0 0 0 0 0 0 0 0 0 0 0 0 0 0 0 0 0 0 0 0 0 0 0 0 0 0 0 0 0 0
 0 0 0 0 0 0 0 0 0 0 0 0 0 0 0 0 0 0 0 0 0 0 0 0 0 0]
[1 1 1 1 1 1 1 1 1 1 1 1 1 1 1 1 1 1 1 1 1 1 1 1 1 1 1 1 1 1 1 1 1 1 1 1 1
 1 1 1 1 1 1 1 1 1 1 1 1 1 1 1 1 1 1 1 1 1 1 1 1 1 1 1 1 1 1 1 1 1 1 1 1 1
 1 1 1 1 1 1 1 1 1 1 1 1 1 1 1 1 1 1 1 1 1 1 1 1 1 1]
