[ 0  1  2  3  4  5  6  7  8  9 10 11 12 13 14 15 16 17 18 19 20 21 22 23
 24 25 26 27 28 29 30 31 32 33 34 35 36 37 38 39 40 41 42 43 44 45 46 47
 48 49 50 51 52 53 54 55 56 57 58 59 60 61 62 63 64 65 66 67 68 69 70 71
 72 73 74 75 76 77 78 79 80 81 82 83 84 85 86 87 88 89 90 91 92 93 94 95
 96 97 98 99]
[34 -1 -1 34 22 88 93 64 46 -1 99 -1 69 58 54 38 95 80 29 43 71 43 16  9
 45 -1 -1 54 54 -1 -1 29 -1 65 82 66 -1 42 11 -1 59 -1 73 57 38 -1 88 65
 -1 54 -1 -1 26 91 50 -1 33 -1 39 68 76 -1 81 96 55 69  5 22 56 -1 90 -1
 91 68 34 31 -1 32 84 -1 57 41 41 -1 -1 74 -1 96 90 51 74 56 62 10 -1 94
  0 60 90 11]
[1 1 1 0 1 1 1 0 0 0 1 1 1 1 1 1 1 1 1 0 1 0 0 0 1 1 1 0 1 0 0 0 0 0 1 1 0
 0 0 1 0 1 1 1 1 1 1 1 1 1 0 0 1 1 1 1 1 0 0 1 1 0 1 0 0 1 0 0 1 1 1 0 0 0
 0 0 0 0 0 1 0 0 0 1 0 1 0 0 0 1 0 1 0 0 1 0 0 1 0 0]
[3 2 1 4 3 0 2 0 0 0 2 0 0 0 0 1 0 0 3 0 0 0 0 3 2 1 0 0 1 0 0 4 0 3 0 4 2
 0 0 3 3 1 0 0 4 0 0 2 1 4 0 0 1 1 0 0 1 0 2 0 3 3 1 3 0 0 1 3 1 0 0 0 0 1
 0 0 0 2 4 0 0 0 2 3 0 2 4 2 2 4 0 0 2 2 4 1 0 0 0 0]
[3 2 1 4 3 0 2 0 0 0 2 0 0 0 0 1 0 0 3 0 0 0 0 3 2 1 0 0 1 0 0 4 0 3 0 4 2
 0 0 3 3 1 0 0 4 0 0 2 1 4 0 0 1 1 0 0 1 0 2 0 3 3 1 3 0 0 1 3 1 0 0 0 0 1
 0 0 0 2 4 0 0 0 2 3 0 2 4 2 2 4 0 0 2 2 4 1 0 0 0 0]
[5 6 3 6 4 7 1 4 5 6 6 7 7 7 2 6 5 6 7 5 6 1 5 9 8 1 3 3 7 7 3 6 2 7 9 9 8
 3 1 2 1 4 9 4 9 3 7 5 4 3 8 3 6 2 4 1 2 9 3 5 7 9 6 1 5 6 8 5 4 7 3 9 5 1
 9 3 3 2 3 8 1 4 3 9 6 1 9 1 9 5 5 4 4 9 1 1 9 5 7 4]
[5 6 3 6 4 7 1 4 5 6 6 7 7 7 2 6 5 6 7 5 6 1 5 9 8 1 3 3 7 7 3 6 2 7 9 9 8
 3 1 2 1 4 9 4 9 3 7 5 4 3 8 3 6 2 4 1 2 9 3 5 7 9 6 1 5 6 8 5 4 7 3 9 5 1
 9 3 3 2 3 8 1 4 3 9 6 1 9 1 9 5 5 4 4 9 1 1 9 5 7 4]
[50, 19, 50, 50, 50, 31, 45, 50, 11, 26, 27, 50, 39, 15, 50, 50, 11, 30, 35, 20, 45, 50, 50, 50, 50, 50, 50, 22, 50, 29, 50, 50, 20, 50, 50, 38, 50, 50, 50, 47, 50, 50, 50, 34, 23, 17, 31, 50, 50, 50, 30, 50, 10, 50, 50, 50, 14, 35, 21, 50, 24, 31, 45, 21, 50, 50, 50, 50, 50, 50, 39, 50, 50, 50, 50, 40, 17, 24, 50, 12, 12, 42, 37, 50, 50, 50, 50, 50, 46, 50, 42, 50, 50, 42, 40, 50, 17, 30, 14, 50]
[0 0 0 0 0 0 0 0 0 0 0 0 0 0 0 0 0 0 0 0 0 0 0 0 0 0 0 0 0 0 0 0 0 0 0 0 0
 0 0 0 0 0 0 0 0 0 0 0 0 0 0 0 0 0 0 0 0 0 0 0 0 0 0 0 0 0 0 0 0 0 0 0 0 0
 0 0 0 0 0 0 0 0 0 0 0 0 0 0 0 0 0 0 0 0 0 0 0 0 0 0]
[1 1 1 1 1 1 1 1 1 1 1 1 1 1 1 1 1 1 1 1 1 1 1 1 1 1 1 1 1 1 1 1 1 1 1 1 1
 1 1 1 1 1 1 1 1 1 1 1 1 1 1 1 1 1 1 1 1 1 1 1 1 1 1 1 1 1 1 1 1 1 1 1 1 1
 1 1 1 1 1 1 1 1 1 1 1 1 1 1 1 1 1 1 1 1 1 1 1 1 1 1]
