[ 0  1  2  3  4  5  6  7  8  9 10 11 12 13 14 15 16 17 18 19 20 21 22 23
 24 25 26 27 28 29 30 31 32 33 34 35 36 37 38 39 40 41 42 43 44 45 46 47
 48 49 50 51 52 53 54 55 56 57 58 59 60 61 62 63 64 65 66 67 68 69 70 71
 72 73 74 75 76 77 78 79 80 81 82 83 84 85 86 87 88 89 90 91 92 93 94 95
 96 97 98 99]
[75 63 22 15 -1 -1 62 42 38 -1 98 62 -1 97 94 -1 20 -1 84  6 -1 -1 -1 32
 11 -1 66 68 -1 51 -1 92 -1 -1 -1 -1 -1 26 -1 -1 58 66 24 36 48 51 -1 -1
 -1 -1 75 76 96 62 -1 -1 -1 -1 -1 44 -1 51 48 66 45 31 14 -1 31 42 87 -1
 48 95 93 99 -1 73 98 -1 23 -1 37 26 46 -1  5 95 21 16 19 39 93 -1 77 25
 70 12 85 -1]
[0 1 0 1 0 0 1 1 1 0 1 1 0 1 0 1 1 0 1 0 1 0 0 1 0 1 1 0 0 1 0 1 1 0 1 0 1
 1 0 1 1 1 0 0 1 1 1 1 0 1 0 0 0 0 1 1 0 0 1 0 0 1 1 0 0 0 1 1 1 0 1 1 0 0
 1 1 0 0 1 1 0 0 1 1 1 1 0 1 0 0 0 0 0 1 0 1 1 1 0 1]
[1 0 2 3 4 3 3 1 1 0 4 0 0 2 1 0 4 3 0 0 0 0 4 1 0 0 4 4 3 4 0 0 0 0 0 0 0
 4 3 0 0 0 2 4 1 0 2 0 0 0 2 1 0 3 0 4 0 1 0 2 2 3 3 0 4 0 3 2 1 4 1 2 0 0
 1 0 3 3 0 0 1 0 2 3 0 0 0 1 0 0 4 1 0 0 1 0 2 0 3 3]
[1 0 2 3 4 3 3 1 1 0 4 0 0 2 1 0 4 3 0 0 0 0 4 1 0 0 4 4 3 4 0 0 0 0 0 0 0
 4 3 0 0 0 2 4 1 0 2 0 0 0 2 1 0 3 0 4 0 1 0 2 2 3 3 0 4 0 3 2 1 4 1 2 0 0
 1 0 3 3 0 0 1 0 2 3 0 0 0 1 0 0 4 1 0 0 1 0 2 0 3 3]
[3 1 9 1 3 1 5 6 1 5 3 7 8 9 5 6 5 8 6 1 2 9 7 8 1 5 7 9 7 6 3 4 2 8 4 8 1
 2 5 1 4 2 7 8 2 7 9 8 6 5 6 3 7 1 4 7 7 4 9 7 4 8 7 3 6 8 7 1 5 5 6 2 6 5
 8 5 8 1 7 8 8 2 7 7 8 1 2 8 6 5 3 9 2 8 5 4 9 8 9 6]
[3 1 9 1 3 1 5 6 1 5 3 7 8 9 5 6 5 8 6 1 2 9 7 8 1 5 7 9 7 6 3 4 2 8 4 8 1
 2 5 1 4 2 7 8 2 7 9 8 6 5 6 3 7 1 4 7 7 4 9 7 4 8 7 3 6 8 7 1 5 5 6 2 6 5
 8 5 8 1 7 8 8 2 7 7 8 1 2 8 6 5 3 9 2 8 5 4 9 8 9 6]
[46, 10, 44, 41, 50, 39, 40, 41, 50, 49, 36, 50, 15, 45, 12, 16, 50, 33, 25, 24, 35, 50, 41, 38, 50, 37, 50, 50, 50, 50, 34, 50, 50, 50, 50, 50, 35, 13, 36, 50, 18, 25, 34, 50, 50, 50, 45, 50, 11, 50, 33, 14, 50, 50, 10, 13, 13, 50, 50, 50, 50, 21, 35, 50, 20, 50, 38, 50, 38, 50, 30, 31, 50, 50, 50, 50, 50, 50, 50, 26, 50, 50, 50, 38, 30, 27, 50, 50, 50, 50, 50, 16, 50, 20, 38, 50, 41, 50, 50, 50]
[0 0 0 0 0 0 0 0 0 0 0 0 0 0 0 0 0 0 0 0 0 0 0 0 0 0 0 0 0 0 0 0 0 0 0 0 0
 0 0 0 0 0 0 0 0 0 0 0 0 0 0 0 0 0 0 0 0 0 0 0 0 0 0 0 0 0 0 0 0 0 0 0 0 0
 0 0 0 0 0 0 0 0 0 0 0 0 0 0 0 0 0 0 0 0 0 0 0 0 0 0]
[1 1 1 1 1 1 1 1 1 1 1 1 1 1 1 1 1 1 1 1 1 1 1 1 1 1 1 1 1 1 1 1 1 1 1 1 1
 1 1 1 1 1 1 1 1 1 1 1 1 1 1 1 1 1 1 1 1 1 1 1 1 1 1 1 1 1 1 1 1 1 1 1 1 1
 1 1 1 1 1 1 1 1 1 1 1 1 1 1 1 1 1 1 1 1 1 1 1 1 1 1]
