[ 0  1  2  3  4  5  6  7  8  9 10 11 12 13 14 15 16 17 18 19 20 21 22 23
 24 25 26 27 28 29 30 31 32 33 34 35 36 37 38 39 40 41 42 43 44 45 46 47
 48 49 50 51 52 53 54 55 56 57 58 59 60 61 62 63 64 65 66 67 68 69 70 71
 72 73 74 75 76 77 78 79 80 81 82 83 84 85 86 87 88 89 90 91 92 93 94 95
 96 97 98 99]
[41 17 -1 65 79 34 80 38 90 53 -1 -1 -1 84 15 58 52  6 51 -1 52 -1 58 10
 56 -1 -1 94 25  0 11 16 61 -1 82 67 -1 35 -1 -1 15 40 -1 -1 47 74 85 11
 68 65 43 63 -1 79 38  2 -1 -1 -1 -1 96 49 -1 66 89 77 23  5 73 -1 80 95
 50 -1 87 -1 42 87 45 20 30 74 23 -1 -1 -1 12 30  8 76 93 56 -1 12 -1 -1
 33  7 74 45]
[1 0 1 0 0 0 1 1 0 0 1 0 0 0 1 0 1 0 1 1 0 1 1 0 1 0 1 1 0 0 0 1 0 0 1 0 0
 0 0 1 1 0 1 1 1 0 1 1 0 0 0 0 0 0 0 0 1 0 0 0 0 1 0 0 0 0 1 1 0 1 1 0 0 0
 1 1 1 1 1 0 1 1 1 0 0 0 0 0 0 0 1 0 1 1 1 1 0 0 1 0]
[1 0 0 0 3 3 4 0 0 0 4 0 4 3 0 1 2 2 3 3 2 3 0 0 3 0 0 4 0 0 0 0 3 0 0 0 0
 0 2 2 0 4 0 3 2 2 0 0 3 0 4 0 0 1 0 0 4 3 0 0 0 1 0 0 2 0 0 3 2 0 0 0 3 0
 3 3 1 3 3 1 0 0 3 0 1 0 3 4 0 0 0 0 0 0 0 0 3 3 0 4]
[1 0 0 0 3 3 4 0 0 0 4 0 4 3 0 1 2 2 3 3 2 3 0 0 3 0 0 4 0 0 0 0 3 0 0 0 0
 0 2 2 0 4 0 3 2 2 0 0 3 0 4 0 0 1 0 0 4 3 0 0 0 1 0 0 2 0 0 3 2 0 0 0 3 0
 3 3 1 3 3 1 0 0 3 0 1 0 3 4 0 0 0 0 0 0 0 0 3 3 0 4]
[7 3 1 2 5 6 5 6 4 1 8 5 3 3 2 8 8 1 1 8 2 8 9 2 3 3 4 3 4 9 2 7 1 6 8 4 6
 9 6 4 8 5 4 6 3 5 2 9 3 8 7 7 9 4 1 9 9 4 8 1 1 9 3 5 8 8 2 5 2 2 8 1 6 9
 8 2 4 1 8 4 6 3 3 7 6 5 3 8 7 5 9 7 8 5 2 9 3 3 5 4]
[7 3 1 2 5 6 5 6 4 1 8 5 3 3 2 8 8 1 1 8 2 8 9 2 3 3 4 3 4 9 2 7 1 6 8 4 6
 9 6 4 8 5 4 6 3 5 2 9 3 8 7 7 9 4 1 9 9 4 8 1 1 9 3 5 8 8 2 5 2 2 8 1 6 9
 8 2 4 1 8 4 6 3 3 7 6 5 3 8 7 5 9 7 8 5 2 9 3 3 5 4]
[33, 50, 50, 40, 50, 50, 22, 50, 28, 23, 50, 50, 16, 50, 25, 25, 36, 50, 11, 50, 50, 33, 50, 50, 50, 50, 50, 50, 26, 12, 42, 39, 50, 50, 21, 38, 50, 50, 23, 14, 50, 19, 46, 11, 34, 50, 50, 50, 50, 50, 50, 24, 50, 50, 49, 31, 42, 45, 32, 26, 50, 17, 50, 50, 21, 50, 50, 13, 50, 50, 38, 50, 50, 17, 31, 50, 50, 50, 50, 35, 12, 15, 50, 50, 50, 38, 46, 50, 50, 34, 23, 33, 50, 50, 11, 50, 50, 50, 50, 50]
[0 0 0 0 0 0 0 0 0 0 0 0 0 0 0 0 0 0 0 0 0 0 0 0 0 0 0 0 0 0 0 0 0 0 0 0 0
 0 0 0 0 0 0 0 0 0 0 0 0 0 0 0 0 0 0 0 0 0 0 0 0 0 0 0 0 0 0 0 0 0 0 0 0 0
 0 0 0 0 0 0 0 0 0 0 0 0 0 0 0 0 0 0 0 0 0 0 0 0 0 0]
[1 1 1 1 1 1 1 1 1 1 1 1 1 1 1 1 1 1 1 1 1 1 1 1 1 1 1 1 1 1 1 1 1 1 1 1 1
 1 1 1 1 1 1 1 1 1 1 1 1 1 1 1 1 1 1 1 1 1 1 1 1 1 1 1 1 1 1 1 1 1 1 1 1 1
 1 1 1 1 1 1 1 1 1 1 1 1 1 1 1 1 1 1 1 1 1 1 1 1 1 1]
