[ 0  1  2  3  4  5  6  7  8  9 10 11 12 13 14 15 16 17 18 19 20 21 22 23
 24 25 26 27 28 29 30 31 32 33 34 35 36 37 38 39 40 41 42 43 44 45 46 47
 48 49 50 51 52 53 54 55 56 57 58 59 60 61 62 63 64 65 66 67 68 69 70 71
 72 73 74 75 76 77 78 79 80 81 82 83 84 85 86 87 88 89 90 91 92 93 94 95
 96 97 98 99]
[88 59 57 89 46 47  5 46 -1 28 -1 30 92 39 87 37 70 50 -1  1 -1 -1 28 94
 -1 -1 55 55 46 17 -1 46 42 59 49 69 48 -1 -1 89 31 54 30 20 37 81 -1 -1
 72  2 84 -1 20 -1 15 93 -1 60 90 -1 64  8 -1 96 79 53 -1  7 21 -1 -1 21
 88 22 25 -1 91 59 97 39 95 57 12 92 -1 41 57 66 21 65 33 -1  5 -1  2 62
 -1 -1 25 -1]
[1 1 1 0 0 1 1 0 1 0 0 1 0 0 1 1 1 0 1 0 1 0 1 1 0 1 1 0 0 1 0 1 1 1 0 1 1
 0 1 0 0 0 1 1 0 0 1 1 0 0 0 1 0 1 0 1 0 0 1 1 1 1 1 0 1 1 0 0 1 0 1 1 0 0
 0 0 1 0 1 1 0 1 1 0 1 0 1 0 0 0 0 1 0 0 1 1 0 1 1 1]
[0 0 2 0 2 0 4 2 2 0 1 3 0 4 0 2 0 4 0 2 4 1 0 0 0 1 0 4 2 0 1 4 1 4 0 0 0
 2 0 1 0 4 0 1 1 2 1 0 4 3 4 4 2 0 0 0 2 0 2 2 0 3 0 3 3 4 0 4 0 0 4 0 0 4
 0 2 0 1 0 1 0 0 1 0 1 0 1 4 0 2 2 1 1 2 0 0 4 1 2 0]
[0 0 2 0 2 0 4 2 2 0 1 3 0 4 0 2 0 4 0 2 4 1 0 0 0 1 0 4 2 0 1 4 1 4 0 0 0
 2 0 1 0 4 0 1 1 2 1 0 4 3 4 4 2 0 0 0 2 0 2 2 0 3 0 3 3 4 0 4 0 0 4 0 0 4
 0 2 0 1 0 1 0 0 1 0 1 0 1 4 0 2 2 1 1 2 0 0 4 1 2 0]
[7 7 9 1 9 9 5 9 3 1 4 3 5 5 2 7 7 1 2 9 1 2 5 5 8 2 2 4 7 1 2 9 9 6 8 4 8
 3 4 3 5 6 1 6 3 7 1 2 6 9 7 7 2 4 8 3 6 3 2 4 3 7 2 2 1 6 6 7 7 2 3 9 2 3
 7 3 3 9 2 8 8 9 6 1 6 2 8 6 6 7 7 3 2 2 5 8 2 6 6 4]
[7 7 9 1 9 9 5 9 3 1 4 3 5 5 2 7 7 1 2 9 1 2 5 5 8 2 2 4 7 1 2 9 9 6 8 4 8
 3 4 3 5 6 1 6 3 7 1 2 6 9 7 7 2 4 8 3 6 3 2 4 3 7 2 2 1 6 6 7 7 2 3 9 2 3
 7 3 3 9 2 8 8 9 6 1 6 2 8 6 6 7 7 3 2 2 5 8 2 6 6 4]
[50, 29, 10, 50, 50, 25, 50, 14, 48, 50, 50, 19, 50, 50, 27, 50, 10, 50, 50, 50, 50, 50, 37, 50, 50, 50, 32, 50, 42, 38, 50, 50, 50, 11, 50, 12, 50, 47, 39, 36, 50, 50, 50, 16, 50, 16, 50, 50, 50, 50, 50, 13, 12, 32, 24, 50, 39, 50, 50, 42, 50, 50, 50, 15, 43, 32, 46, 35, 41, 50, 50, 50, 50, 30, 50, 50, 50, 24, 50, 50, 13, 49, 50, 33, 50, 38, 34, 18, 27, 39, 50, 20, 40, 22, 50, 46, 50, 50, 11, 24]
[0 0 0 0 0 0 0 0 0 0 0 0 0 0 0 0 0 0 0 0 0 0 0 0 0 0 0 0 0 0 0 0 0 0 0 0 0
 0 0 0 0 0 0 0 0 0 0 0 0 0 0 0 0 0 0 0 0 0 0 0 0 0 0 0 0 0 0 0 0 0 0 0 0 0
 0 0 0 0 0 0 0 0 0 0 0 0 0 0 0 0 0 0 0 0 0 0 0 0 0 0]
[1 1 1 1 1 1 1 1 1 1 1 1 1 1 1 1 1 1 1 1 1 1 1 1 1 1 1 1 1 1 1 1 1 1 1 1 1
 1 1 1 1 1 1 1 1 1 1 1 1 1 1 1 1 1 1 1 1 1 1 1 1 1 1 1 1 1 1 1 1 1 1 1 1 1
 1 1 1 1 1 1 1 1 1 1 1 1 1 1 1 1 1 1 1 1 1 1 1 1 1 1]
