[ 0  1  2  3  4  5  6  7  8  9 10 11 12 13 14 15 16 17 18 19 20 21 22 23
 24 25 26 27 28 29 30 31 32 33 34 35 36 37 38 39 40 41 42 43 44 45 46 47
 48 49 50 51 52 53 54 55 56 57 58 59 60 61 62 63 64 65 66 67 68 69 70 71
 72 73 74 75 76 77 78 79 80 81 82 83 84 85 86 87 88 89 90 91 92 93 94 95
 96 97 98 99]
[-1 -1 44 26 -1 73 84 -1  4 -1 24 93 80 -1 -1 -1 67 66 54 53 23 22 79 10
 45 74 89 38 37 -1 -1 54  9 98 76 40 89 -1 17 -1 63 90 -1 -1 28 48 84 16
  0 32 -1 33 79 57 -1 57 42 85 78 -1 15 46  7  4 -1 90 65 41 -1 86 -1 14
 -1 -1 64 11 35 -1 63  8 73 39 -1 -1 -1 14 85 60 -1 -1 -1 50 60 59 -1 20
 14 -1 -1 37]
[1 0 0 1 1 1 1 1 1 1 0 0 0 1 1 0 0 0 1 1 1 1 0 1 1 1 0 1 0 1 0 0 0 1 0 1 0
 1 0 0 1 0 0 0 1 1 1 0 1 1 0 0 1 1 0 1 0 1 1 1 1 0 1 0 0 0 0 1 0 0 0 0 0 0
 1 0 1 1 1 0 0 1 0 1 0 1 1 0 0 1 1 0 1 1 1 0 1 1 0 0]
[0 4 0 0 3 0 0 2 4 0 0 1 0 3 0 0 0 0 0 1 0 4 3 0 1 0 0 0 0 0 1 0 2 0 4 0 0
 4 4 4 0 2 0 0 0 0 1 1 0 0 3 2 0 0 3 0 2 3 2 2 3 4 4 2 2 0 4 0 4 1 0 0 0 0
 0 1 0 2 0 2 0 2 0 0 3 0 0 1 0 0 1 2 4 0 4 2 3 0 4 0]
[0 4 0 0 3 0 0 2 4 0 0 1 0 3 0 0 0 0 0 1 0 4 3 0 1 0 0 0 0 0 1 0 2 0 4 0 0
 4 4 4 0 2 0 0 0 0 1 1 0 0 3 2 0 0 3 0 2 3 2 2 3 4 4 2 2 0 4 0 4 1 0 0 0 0
 0 1 0 2 0 2 0 2 0 0 3 0 0 1 0 0 1 2 4 0 4 2 3 0 4 0]
[6 8 1 9 7 8 1 4 3 2 2 1 1 8 2 6 2 9 2 7 3 2 6 5 5 3 9 4 4 7 6 2 1 4 6 2 5
 6 5 4 2 6 8 4 4 7 4 9 8 3 9 1 4 1 5 7 9 3 1 5 1 2 9 8 5 7 9 5 7 1 6 3 9 5
 9 6 1 2 9 1 2 3 4 6 2 8 3 6 1 8 4 5 6 3 8 9 1 8 9 5]
[6 8 1 9 7 8 1 4 3 2 2 1 1 8 2 6 2 9 2 7 3 2 6 5 5 3 9 4 4 7 6 2 1 4 6 2 5
 6 5 4 2 6 8 4 4 7 4 9 8 3 9 1 4 1 5 7 9 3 1 5 1 2 9 8 5 7 9 5 7 1 6 3 9 5
 9 6 1 2 9 1 2 3 4 6 2 8 3 6 1 8 4 5 6 3 8 9 1 8 9 5]
[33, 38, 19, 50, 50, 45, 15, 50, 26, 10, 50, 44, 13, 45, 40, 24, 48, 45, 50, 27, 50, 27, 36, 42, 10, 39, 50, 50, 14, 50, 50, 34, 20, 50, 50, 41, 33, 28, 21, 50, 44, 50, 50, 24, 50, 50, 50, 26, 50, 50, 50, 50, 50, 18, 28, 45, 50, 49, 50, 44, 50, 50, 19, 13, 50, 50, 50, 12, 50, 50, 50, 50, 50, 50, 50, 50, 50, 24, 50, 31, 50, 48, 25, 50, 23, 50, 27, 35, 50, 28, 50, 50, 26, 50, 42, 50, 36, 50, 50, 16]
[0 0 0 0 0 0 0 0 0 0 0 0 0 0 0 0 0 0 0 0 0 0 0 0 0 0 0 0 0 0 0 0 0 0 0 0 0
 0 0 0 0 0 0 0 0 0 0 0 0 0 0 0 0 0 0 0 0 0 0 0 0 0 0 0 0 0 0 0 0 0 0 0 0 0
 0 0 0 0 0 0 0 0 0 0 0 0 0 0 0 0 0 0 0 0 0 0 0 0 0 0]
[1 1 1 1 1 1 1 1 1 1 1 1 1 1 1 1 1 1 1 1 1 1 1 1 1 1 1 1 1 1 1 1 1 1 1 1 1
 1 1 1 1 1 1 1 1 1 1 1 1 1 1 1 1 1 1 1 1 1 1 1 1 1 1 1 1 1 1 1 1 1 1 1 1 1
 1 1 1 1 1 1 1 1 1 1 1 1 1 1 1 1 1 1 1 1 1 1 1 1 1 1]
