[ 0  1  2  3  4  5  6  7  8  9 10 11 12 13 14 15 16 17 18 19 20 21 22 23
 24 25 26 27 28 29 30 31 32 33 34 35 36 37 38 39 40 41 42 43 44 45 46 47
 48 49 50 51 52 53 54 55 56 57 58 59 60 61 62 63 64 65 66 67 68 69 70 71
 72 73 74 75 76 77 78 79 80 81 82 83 84 85 86 87 88 89 90 91 92 93 94 95
 96 97 98 99]
[43 86 -1 -1 83 -1 77 -1 50 -1 46 98 44 -1  1 -1 -1 -1 74 86 52 24  5 74
 80  9 91 -1 33 -1 -1 92 90 77 26 83 -1 -1 74 -1 54 66 -1 88 78 -1 -1 36
 -1 76 29 50 85 -1 69 31  2 23 38  6 87  1 -1 64 97 -1 10 -1 -1 -1 -1 41
 53 -1 31 81 98 21 41 -1 -1 48 99 86 10 34 84 17 56 -1 50 99 -1 38  3 -1
 72 -1 -1 -1]
[1 0 1 1 1 0 0 1 1 0 0 0 0 1 1 1 1 1 0 1 0 0 0 1 1 0 0 0 1 0 1 1 1 0 0 1 0
 0 0 1 0 1 1 0 1 0 0 0 0 1 1 1 0 1 1 1 0 1 0 1 0 0 1 0 0 1 0 1 1 0 0 1 0 1
 1 0 1 1 0 0 0 0 1 1 1 0 0 0 0 0 0 1 0 0 0 1 0 0 1 1]
[1 3 0 0 4 0 0 4 0 0 0 0 0 0 1 4 2 0 2 4 3 3 0 3 0 3 3 4 1 0 0 0 0 1 1 0 0
 0 1 1 3 0 0 0 2 0 0 0 1 1 1 2 0 3 4 0 4 3 0 0 1 2 0 2 4 0 1 3 1 3 0 0 1 0
 0 0 2 2 0 1 4 4 0 1 0 2 0 4 3 0 4 0 0 4 1 2 2 2 0 2]
[1 3 0 0 4 0 0 4 0 0 0 0 0 0 1 4 2 0 2 4 3 3 0 3 0 3 3 4 1 0 0 0 0 1 1 0 0
 0 1 1 3 0 0 0 2 0 0 0 1 1 1 2 0 3 4 0 4 3 0 0 1 2 0 2 4 0 1 3 1 3 0 0 1 0
 0 0 2 2 0 1 4 4 0 1 0 2 0 4 3 0 4 0 0 4 1 2 2 2 0 2]
[2 4 6 9 9 3 7 7 1 8 7 1 8 2 7 3 7 7 7 8 3 6 5 9 1 5 1 2 6 9 4 1 7 5 1 4 5
 5 6 7 8 1 4 6 5 5 8 9 7 3 7 8 9 2 3 5 6 3 9 6 7 3 6 3 9 2 6 7 3 5 1 3 7 9
 9 5 8 3 2 6 2 4 4 4 7 2 3 4 1 5 7 8 6 7 3 3 2 4 5 2]
[2 4 6 9 9 3 7 7 1 8 7 1 8 2 7 3 7 7 7 8 3 6 5 9 1 5 1 2 6 9 4 1 7 5 1 4 5
 5 6 7 8 1 4 6 5 5 8 9 7 3 7 8 9 2 3 5 6 3 9 6 7 3 6 3 9 2 6 7 3 5 1 3 7 9
 9 5 8 3 2 6 2 4 4 4 7 2 3 4 1 5 7 8 6 7 3 3 2 4 5 2]
[17, 36, 45, 50, 50, 50, 16, 23, 12, 50, 50, 50, 50, 27, 40, 42, 27, 50, 50, 50, 14, 50, 24, 28, 50, 50, 42, 50, 41, 50, 50, 50, 50, 30, 50, 16, 50, 12, 46, 50, 39, 45, 50, 50, 49, 50, 37, 50, 16, 50, 26, 22, 50, 50, 13, 39, 50, 31, 42, 50, 38, 50, 33, 50, 50, 44, 50, 50, 26, 35, 50, 50, 50, 43, 50, 43, 50, 49, 50, 11, 46, 31, 45, 26, 50, 46, 11, 50, 16, 28, 50, 38, 33, 20, 50, 42, 50, 37, 12, 50]
[0 0 0 0 0 0 0 0 0 0 0 0 0 0 0 0 0 0 0 0 0 0 0 0 0 0 0 0 0 0 0 0 0 0 0 0 0
 0 0 0 0 0 0 0 0 0 0 0 0 0 0 0 0 0 0 0 0 0 0 0 0 0 0 0 0 0 0 0 0 0 0 0 0 0
 0 0 0 0 0 0 0 0 0 0 0 0 0 0 0 0 0 0 0 0 0 0 0 0 0 0]
[1 1 1 1 1 1 1 1 1 1 1 1 1 1 1 1 1 1 1 1 1 1 1 1 1 1 1 1 1 1 1 1 1 1 1 1 1
 1 1 1 1 1 1 1 1 1 1 1 1 1 1 1 1 1 1 1 1 1 1 1 1 1 1 1 1 1 1 1 1 1 1 1 1 1
 1 1 1 1 1 1 1 1 1 1 1 1 1 1 1 1 1 1 1 1 1 1 1 1 1 1]
