[ 0  1  2  3  4  5  6  7  8  9 10 11 12 13 14 15 16 17 18 19 20 21 22 23
 24 25 26 27 28 29 30 31 32 33 34 35 36 37 38 39 40 41 42 43 44 45 46 47
 48 49 50 51 52 53 54 55 56 57 58 59 60 61 62 63 64 65 66 67 68 69 70 71
 72 73 74 75 76 77 78 79 80 81 82 83 84 85 86 87 88 89 90 91 92 93 94 95
 96 97 98 99]
[-1 68 10 -1 -1 -1 -1 71 14 77 55 13 84  4 -1 -1 94 11 77 46 -1 80 -1 82
 51 62 30 56 -1 -1 70 82 40 54 -1 -1 10 -1 -1 98 80 25 68 28 14 82 40 92
 77  5 14 -1 73 10 84 82 83 -1  9 -1 67 -1  8 -1 -1 -1 -1 11 -1 13 88 53
 -1 39 -1 20 -1 95 68 64 89 24 -1 48 -1 32 14 44 23 -1 -1 -1 84 68 90 -1
 34 -1  4 88]
[0 1 1 1 1 0 1 0 1 1 1 0 0 0 0 1 0 1 0 0 0 0 1 1 0 0 0 0 1 1 0 0 1 1 1 0 0
 0 0 0 1 1 0 1 1 1 0 0 1 1 1 1 1 0 0 1 1 0 0 1 1 1 1 1 1 1 1 1 0 1 0 1 0 0
 1 0 0 1 0 1 0 0 1 1 1 0 1 0 1 0 0 0 1 0 0 0 0 0 0 1]
[0 4 0 2 0 1 3 1 2 0 0 0 2 0 0 1 3 1 1 0 0 0 1 0 3 0 4 1 1 0 4 1 3 0 0 4 0
 0 0 2 0 4 2 0 2 4 0 2 0 0 2 0 0 0 0 0 3 0 0 0 0 0 0 4 1 0 0 1 0 3 2 0 0 0
 2 4 0 0 0 0 0 2 0 0 0 0 0 0 2 0 0 0 0 3 0 0 0 0 2 0]
[0 4 0 2 0 1 3 1 2 0 0 0 2 0 0 1 3 1 1 0 0 0 1 0 3 0 4 1 1 0 4 1 3 0 0 4 0
 0 0 2 0 4 2 0 2 4 0 2 0 0 2 0 0 0 0 0 3 0 0 0 0 0 0 4 1 0 0 1 0 3 2 0 0 0
 2 4 0 0 0 0 0 2 0 0 0 0 0 0 2 0 0 0 0 3 0 0 0 0 2 0]
[7 3 1 3 1 6 2 2 7 9 2 3 5 7 4 8 4 3 2 9 9 9 7 6 5 9 4 6 2 6 7 9 2 5 9 2 6
 9 6 2 9 3 8 8 4 5 8 6 9 1 4 2 8 7 3 2 4 7 7 6 3 7 2 8 1 8 8 3 1 6 5 2 8 1
 7 3 9 6 7 9 4 1 4 7 4 9 9 2 4 2 6 4 3 8 2 7 4 9 7 7]
[7 3 1 3 1 6 2 2 7 9 2 3 5 7 4 8 4 3 2 9 9 9 7 6 5 9 4 6 2 6 7 9 2 5 9 2 6
 9 6 2 9 3 8 8 4 5 8 6 9 1 4 2 8 7 3 2 4 7 7 6 3 7 2 8 1 8 8 3 1 6 5 2 8 1
 7 3 9 6 7 9 4 1 4 7 4 9 9 2 4 2 6 4 3 8 2 7 4 9 7 7]
[50, 26, 22, 50, 43, 50, 16, 50, 50, 28, 50, 50, 42, 17, 50, 45, 23, 29, 38, 35, 23, 50, 50, 50, 50, 14, 42, 21, 36, 16, 50, 50, 50, 50, 19, 33, 11, 50, 38, 26, 24, 50, 50, 50, 20, 50, 43, 50, 50, 30, 35, 47, 50, 50, 50, 50, 50, 11, 50, 50, 47, 50, 50, 28, 50, 50, 50, 50, 39, 23, 49, 50, 34, 19, 22, 10, 50, 42, 50, 50, 23, 50, 16, 50, 29, 45, 50, 50, 50, 50, 48, 50, 43, 38, 48, 34, 46, 14, 50, 50]
[0 0 0 0 0 0 0 0 0 0 0 0 0 0 0 0 0 0 0 0 0 0 0 0 0 0 0 0 0 0 0 0 0 0 0 0 0
 0 0 0 0 0 0 0 0 0 0 0 0 0 0 0 0 0 0 0 0 0 0 0 0 0 0 0 0 0 0 0 0 0 0 0 0 0
 0 0 0 0 0 0 0 0 0 0 0 0 0 0 0 0 0 0 0 0 0 0 0 0 0 0]
[1 1 1 1 1 1 1 1 1 1 1 1 1 1 1 1 1 1 1 1 1 1 1 1 1 1 1 1 1 1 1 1 1 1 1 1 1
 1 1 1 1 1 1 1 1 1 1 1 1 1 1 1 1 1 1 1 1 1 1 1 1 1 1 1 1 1 1 1 1 1 1 1 1 1
 1 1 1 1 1 1 1 1 1 1 1 1 1 1 1 1 1 1 1 1 1 1 1 1 1 1]
