[ 0  1  2  3  4  5  6  7  8  9 10 11 12 13 14 15 16 17 18 19 20 21 22 23
 24 25 26 27 28 29 30 31 32 33 34 35 36 37 38 39 40 41 42 43 44 45 46 47
 48 49 50 51 52 53 54 55 56 57 58 59 60 61 62 63 64 65 66 67 68 69 70 71
 72 73 74 75 76 77 78 79 80 81 82 83 84 85 86 87 88 89 90 91 92 93 94 95
 96 97 98 99]
[-1 59 38 -1 41 49 16 -1 73 67 -1 10 -1 37 -1 47 84 72 20 -1 47 88 10 78
 91 28 -1  4 46 12 56 41 -1 59 49 46 -1 -1 -1 13 57 81 31 72 -1 25 -1  3
 -1 -1 84 -1 85 56 85 -1  5 29 -1 -1 44  8 76 25 94 -1 34 93 -1 -1 17 89
 97 23 58 46 -1 76 -1 25 -1 -1 59 -1  1 -1 88 -1  0 -1 33 48 71 -1 33 51
 -1  2 -1 -1]
[0 0 1 1 1 0 1 0 0 1 1 0 1 0 1 1 0 1 0 1 1 0 1 0 1 1 0 1 0 1 0 0 1 0 0 0 1
 0 1 0 0 1 0 1 0 1 0 1 1 1 1 1 1 1 1 1 0 0 1 0 0 1 0 0 0 1 1 1 1 0 0 0 1 1
 0 1 0 1 1 1 0 1 0 0 0 1 1 1 0 0 0 0 1 1 0 0 0 0 0 0]
[0 0 0 0 4 0 0 4 0 4 2 4 2 0 2 1 0 1 4 2 0 0 2 4 3 4 0 0 1 0 0 0 0 0 0 1 0
 4 4 0 3 0 0 1 0 0 1 4 0 1 0 0 0 2 4 4 2 0 2 0 0 0 4 0 0 4 0 3 0 3 3 4 0 3
 4 3 4 2 0 2 0 0 3 1 0 0 0 0 2 0 3 0 0 2 1 4 2 2 0 1]
[0 0 0 0 4 0 0 4 0 4 2 4 2 0 2 1 0 1 4 2 0 0 2 4 3 4 0 0 1 0 0 0 0 0 0 1 0
 4 4 0 3 0 0 1 0 0 1 4 0 1 0 0 0 2 4 4 2 0 2 0 0 0 4 0 0 4 0 3 0 3 3 4 0 3
 4 3 4 2 0 2 0 0 3 1 0 0 0 0 2 0 3 0 0 2 1 4 2 2 0 1]
[8 7 3 6 7 2 9 4 2 4 1 7 6 1 9 1 6 5 5 9 2 9 5 1 8 6 5 3 5 8 9 2 7 6 5 7 8
 2 8 9 8 6 6 9 8 1 1 9 8 8 3 6 9 8 1 8 4 4 4 7 6 5 1 7 1 9 8 2 5 4 5 2 8 9
 6 2 7 9 1 7 7 5 5 6 2 7 4 5 2 2 6 6 6 3 9 6 6 2 1 7]
[8 7 3 6 7 2 9 4 2 4 1 7 6 1 9 1 6 5 5 9 2 9 5 1 8 6 5 3 5 8 9 2 7 6 5 7 8
 2 8 9 8 6 6 9 8 1 1 9 8 8 3 6 9 8 1 8 4 4 4 7 6 5 1 7 1 9 8 2 5 4 5 2 8 9
 6 2 7 9 1 7 7 5 5 6 2 7 4 5 2 2 6 6 6 3 9 6 6 2 1 7]
[50, 50, 50, 37, 49, 50, 50, 29, 43, 50, 29, 50, 50, 16, 15, 50, 42, 50, 50, 50, 14, 13, 50, 36, 50, 30, 47, 50, 50, 50, 24, 16, 50, 34, 38, 50, 27, 50, 50, 39, 50, 45, 32, 50, 50, 50, 50, 44, 50, 19, 50, 29, 50, 50, 11, 10, 50, 12, 50, 50, 47, 50, 50, 37, 12, 40, 50, 15, 50, 50, 50, 50, 50, 41, 50, 50, 11, 18, 50, 50, 12, 29, 40, 50, 50, 50, 50, 15, 50, 29, 50, 20, 50, 22, 50, 50, 50, 50, 12, 20]
[0 0 0 0 0 0 0 0 0 0 0 0 0 0 0 0 0 0 0 0 0 0 0 0 0 0 0 0 0 0 0 0 0 0 0 0 0
 0 0 0 0 0 0 0 0 0 0 0 0 0 0 0 0 0 0 0 0 0 0 0 0 0 0 0 0 0 0 0 0 0 0 0 0 0
 0 0 0 0 0 0 0 0 0 0 0 0 0 0 0 0 0 0 0 0 0 0 0 0 0 0]
[1 1 1 1 1 1 1 1 1 1 1 1 1 1 1 1 1 1 1 1 1 1 1 1 1 1 1 1 1 1 1 1 1 1 1 1 1
 1 1 1 1 1 1 1 1 1 1 1 1 1 1 1 1 1 1 1 1 1 1 1 1 1 1 1 1 1 1 1 1 1 1 1 1 1
 1 1 1 1 1 1 1 1 1 1 1 1 1 1 1 1 1 1 1 1 1 1 1 1 1 1]
