[ 0  1  2  3  4  5  6  7  8  9 10 11 12 13 14 15 16 17 18 19 20 21 22 23
 24 25 26 27 28 29 30 31 32 33 34 35 36 37 38 39 40 41 42 43 44 45 46 47
 48 49 50 51 52 53 54 55 56 57 58 59 60 61 62 63 64 65 66 67 68 69 70 71
 72 73 74 75 76 77 78 79 80 81 82 83 84 85 86 87 88 89 90 91 92 93 94 95
 96 97 98 99]
[24 -1  0 96 28 17 98 -1 74 59 28 -1 83 87 35 87 31 -1 29 10  1 13 42 87
  6 62  8 -1 -1 19 85 59 -1 -1 -1 47 35 26  9 -1 -1 -1 21 10 82 15 -1 75
 14 91  0 23 76 -1 -1 72 27 54 61 99 -1 -1 -1 48 88  2 -1 33 57 -1 79 54
 -1 -1 -1 -1 -1 -1 70 48 71 96 19 65 21 -1 48 -1 62 -1 64 -1 17 -1 79 -1
 15 56 20 12]
[0 0 0 0 0 1 0 0 0 1 1 0 1 0 1 0 1 1 1 0 1 1 1 1 1 1 1 0 0 1 0 1 0 1 0 1 0
 0 0 0 0 1 1 0 0 0 0 0 0 1 1 0 0 1 0 0 0 1 1 1 0 1 0 0 1 1 1 1 1 0 1 1 1 0
 1 0 1 1 0 1 1 0 1 1 1 0 1 0 1 1 0 0 1 1 1 0 1 0 0 0]
[0 2 3 0 0 0 0 1 4 0 0 2 0 4 1 0 4 0 4 0 0 4 2 0 3 2 2 0 0 0 1 1 0 0 1 1 0
 0 0 0 0 0 0 4 0 1 2 4 0 1 0 0 0 0 0 2 0 0 0 3 1 0 1 2 0 4 4 4 0 2 1 0 0 0
 0 4 1 0 1 2 0 0 0 1 0 1 2 1 0 2 0 1 0 0 2 0 3 0 1 0]
[0 2 3 0 0 0 0 1 4 0 0 2 0 4 1 0 4 0 4 0 0 4 2 0 3 2 2 0 0 0 1 1 0 0 1 1 0
 0 0 0 0 0 0 4 0 1 2 4 0 1 0 0 0 0 0 2 0 0 0 3 1 0 1 2 0 4 4 4 0 2 1 0 0 0
 0 4 1 0 1 2 0 0 0 1 0 1 2 1 0 2 0 1 0 0 2 0 3 0 1 0]
[1 4 5 2 4 6 4 7 9 1 5 4 8 7 4 4 4 6 1 6 5 7 2 3 9 9 8 2 3 1 1 1 7 6 3 1 6
 8 7 7 1 1 3 4 3 6 6 1 1 6 4 9 7 8 6 9 4 6 8 9 8 3 8 7 6 3 6 6 6 7 7 6 9 8
 5 9 7 6 9 9 5 9 4 8 1 8 2 2 1 3 9 9 1 9 1 5 1 3 4 8]
[1 4 5 2 4 6 4 7 9 1 5 4 8 7 4 4 4 6 1 6 5 7 2 3 9 9 8 2 3 1 1 1 7 6 3 1 6
 8 7 7 1 1 3 4 3 6 6 1 1 6 4 9 7 8 6 9 4 6 8 9 8 3 8 7 6 3 6 6 6 7 7 6 9 8
 5 9 7 6 9 9 5 9 4 8 1 8 2 2 1 3 9 9 1 9 1 5 1 3 4 8]
[40, 50, 19, 50, 31, 14, 50, 50, 50, 50, 45, 50, 50, 39, 50, 47, 50, 44, 18, 12, 50, 50, 50, 46, 50, 20, 17, 46, 24, 50, 20, 50, 15, 15, 48, 36, 41, 50, 50, 50, 31, 48, 50, 50, 27, 50, 50, 38, 50, 40, 41, 18, 50, 44, 21, 46, 30, 50, 50, 43, 50, 50, 32, 50, 50, 33, 21, 50, 50, 50, 22, 31, 50, 39, 46, 50, 50, 47, 35, 32, 50, 30, 21, 50, 50, 27, 23, 50, 20, 26, 37, 31, 50, 42, 31, 50, 33, 32, 45, 50]
[0 0 0 0 0 0 0 0 0 0 0 0 0 0 0 0 0 0 0 0 0 0 0 0 0 0 0 0 0 0 0 0 0 0 0 0 0
 0 0 0 0 0 0 0 0 0 0 0 0 0 0 0 0 0 0 0 0 0 0 0 0 0 0 0 0 0 0 0 0 0 0 0 0 0
 0 0 0 0 0 0 0 0 0 0 0 0 0 0 0 0 0 0 0 0 0 0 0 0 0 0]
[1 1 1 1 1 1 1 1 1 1 1 1 1 1 1 1 1 1 1 1 1 1 1 1 1 1 1 1 1 1 1 1 1 1 1 1 1
 1 1 1 1 1 1 1 1 1 1 1 1 1 1 1 1 1 1 1 1 1 1 1 1 1 1 1 1 1 1 1 1 1 1 1 1 1
 1 1 1 1 1 1 1 1 1 1 1 1 1 1 1 1 1 1 1 1 1 1 1 1 1 1]
