[ 0  1  2  3  4  5  6  7  8  9 10 11 12 13 14 15 16 17 18 19 20 21 22 23
 24 25 26 27 28 29 30 31 32 33 34 35 36 37 38 39 40 41 42 43 44 45 46 47
 48 49 50 51 52 53 54 55 56 57 58 59 60 61 62 63 64 65 66 67 68 69 70 71
 72 73 74 75 76 77 78 79 80 81 82 83 84 85 86 87 88 89 90 91 92 93 94 95
 96 97 98 99]
[17 53 -1 -1 -1 -1 -1 -1 96 35 11 61 -1 31 -1 -1  3 -1 -1 -1 54 60 -1 48
 65 98 88 62 -1 24 72 34 -1 69 42 -1 -1 -1 86 -1 57 78 -1 -1 75 -1 -1 -1
 34 94 -1 -1  5  5 97 96 95  0 56 89  9 84 85 34 -1 53 22 30 -1 54 -1 11
 -1 -1 -1 50 22 51  9 78 -1 70 70 46 57 56 -1 -1 -1 69  8 40 96 67 -1 -1
 19 26 20 14]
[0 0 1 1 1 1 0 0 1 1 1 1 1 0 0 0 1 0 0 1 0 0 0 0 0 0 0 1 0 0 1 1 1 1 0 0 1
 1 0 1 0 1 1 0 0 0 0 0 1 1 1 0 1 1 0 0 1 1 0 0 0 0 0 1 1 0 1 1 0 1 1 1 1 1
 0 0 0 1 1 1 0 1 0 0 0 0 0 0 1 1 0 0 1 1 1 1 0 0 0 1]
[0 3 1 4 0 3 1 3 2 0 0 0 2 4 3 2 1 0 0 2 1 0 1 0 0 0 4 0 1 3 0 0 0 1 0 0 2
 0 1 0 0 0 1 0 0 1 0 0 1 0 0 0 0 2 4 2 0 0 0 1 3 0 3 2 0 4 2 4 0 0 4 2 3 3
 0 3 3 0 0 2 0 0 0 0 3 0 4 3 4 1 0 2 1 4 4 0 0 0 0 2]
[0 3 1 4 0 3 1 3 2 0 0 0 2 4 3 2 1 0 0 2 1 0 1 0 0 0 4 0 1 3 0 0 0 1 0 0 2
 0 1 0 0 0 1 0 0 1 0 0 1 0 0 0 0 2 4 2 0 0 0 1 3 0 3 2 0 4 2 4 0 0 4 2 3 3
 0 3 3 0 0 2 0 0 0 0 3 0 4 3 4 1 0 2 1 4 4 0 0 0 0 2]
[9 5 8 8 2 7 6 7 4 6 8 4 1 9 9 4 9 7 2 4 9 5 4 7 1 2 6 7 9 2 6 6 7 3 5 1 7
 8 9 7 3 8 5 6 4 5 8 4 1 1 7 1 3 5 5 3 6 8 9 9 2 4 8 7 2 5 6 4 2 1 6 2 3 6
 5 2 1 9 3 6 7 4 7 2 9 5 3 5 6 9 9 7 4 1 3 8 3 7 5 9]
[9 5 8 8 2 7 6 7 4 6 8 4 1 9 9 4 9 7 2 4 9 5 4 7 1 2 6 7 9 2 6 6 7 3 5 1 7
 8 9 7 3 8 5 6 4 5 8 4 1 1 7 1 3 5 5 3 6 8 9 9 2 4 8 7 2 5 6 4 2 1 6 2 3 6
 5 2 1 9 3 6 7 4 7 2 9 5 3 5 6 9 9 7 4 1 3 8 3 7 5 9]
[50, 50, 30, 33, 23, 50, 50, 25, 34, 50, 50, 15, 38, 50, 24, 14, 41, 50, 21, 48, 20, 50, 43, 35, 45, 50, 36, 44, 18, 50, 50, 50, 41, 50, 50, 50, 49, 50, 50, 50, 50, 30, 18, 50, 50, 30, 33, 50, 45, 50, 21, 43, 50, 30, 50, 36, 50, 50, 50, 50, 44, 17, 50, 27, 39, 50, 50, 50, 50, 43, 50, 33, 42, 50, 48, 42, 17, 19, 50, 25, 50, 50, 31, 23, 14, 50, 50, 50, 50, 50, 50, 21, 34, 13, 35, 41, 45, 17, 50, 17]
[0 0 0 0 0 0 0 0 0 0 0 0 0 0 0 0 0 0 0 0 0 0 0 0 0 0 0 0 0 0 0 0 0 0 0 0 0
 0 0 0 0 0 0 0 0 0 0 0 0 0 0 0 0 0 0 0 0 0 0 0 0 0 0 0 0 0 0 0 0 0 0 0 0 0
 0 0 0 0 0 0 0 0 0 0 0 0 0 0 0 0 0 0 0 0 0 0 0 0 0 0]
[1 1 1 1 1 1 1 1 1 1 1 1 1 1 1 1 1 1 1 1 1 1 1 1 1 1 1 1 1 1 1 1 1 1 1 1 1
 1 1 1 1 1 1 1 1 1 1 1 1 1 1 1 1 1 1 1 1 1 1 1 1 1 1 1 1 1 1 1 1 1 1 1 1 1
 1 1 1 1 1 1 1 1 1 1 1 1 1 1 1 1 1 1 1 1 1 1 1 1 1 1]
