[ 0  1  2  3  4  5  6  7  8  9 10 11 12 13 14 15 16 17 18 19 20 21 22 23
 24 25 26 27 28 29 30 31 32 33 34 35 36 37 38 39 40 41 42 43 44 45 46 47
 48 49 50 51 52 53 54 55 56 57 58 59 60 61 62 63 64 65 66 67 68 69 70 71
 72 73 74 75 76 77 78 79 80 81 82 83 84 85 86 87 88 89 90 91 92 93 94 95
 96 97 98 99]
[ 7 -1 65 -1 80 -1 50 -1 81 -1 34 -1 53 57 98  5 91 78 30 -1 -1 52 87  5
 69 -1 58 86 57 64 -1 -1 -1 21 78 21 67 56 78 89 -1 93 -1 -1 -1 20 98 25
 58 33 -1 77 24 15 31  4 15 55 21 27 12 -1 88 16 -1 71 17 63 -1 84 99 14
 87 67 -1 38 49 49 98 -1 76 77 28 66 60 64 67 -1 15 -1 -1 28 54 81 -1 71
  2 93 -1 46]
[1 1 0 1 0 0 0 0 0 1 0 0 0 0 1 0 1 0 0 0 1 0 1 1 0 1 0 1 1 1 1 1 1 1 1 1 0
 0 0 1 0 1 1 0 1 0 0 1 0 1 1 0 0 1 1 1 1 1 1 1 1 1 1 0 0 0 0 0 0 0 1 0 0 0
 1 0 1 1 0 1 1 0 1 1 0 1 0 0 0 1 0 0 1 1 1 1 1 1 0 1]
[3 0 0 0 1 1 0 0 4 0 2 3 0 2 0 2 3 1 4 0 4 0 4 4 4 0 4 2 4 4 0 0 0 0 0 1 2
 2 2 0 3 0 0 3 0 2 0 1 3 0 0 2 3 0 0 4 0 4 1 2 2 0 4 2 3 0 3 0 0 1 0 0 0 0
 3 0 1 4 4 4 4 3 0 3 0 0 0 0 0 3 0 0 0 0 1 0 4 0 2 3]
[3 0 0 0 1 1 0 0 4 0 2 3 0 2 0 2 3 1 4 0 4 0 4 4 4 0 4 2 4 4 0 0 0 0 0 1 2
 2 2 0 3 0 0 3 0 2 0 1 3 0 0 2 3 0 0 4 0 4 1 2 2 0 4 2 3 0 3 0 0 1 0 0 0 0
 3 0 1 4 4 4 4 3 0 3 0 0 0 0 0 3 0 0 0 0 1 0 4 0 2 3]
[4 1 9 2 6 7 1 3 9 5 4 8 6 5 9 5 2 1 4 8 2 1 9 4 5 1 2 2 3 6 2 3 8 3 7 4 8
 2 6 1 4 8 6 4 3 6 6 2 9 3 3 9 5 2 5 9 1 7 7 6 8 4 2 2 2 8 5 2 2 9 6 4 7 3
 9 4 4 7 3 4 3 6 7 5 2 2 8 9 3 9 2 3 1 1 2 6 9 3 8 7]
[4 1 9 2 6 7 1 3 9 5 4 8 6 5 9 5 2 1 4 8 2 1 9 4 5 1 2 2 3 6 2 3 8 3 7 4 8
 2 6 1 4 8 6 4 3 6 6 2 9 3 3 9 5 2 5 9 1 7 7 6 8 4 2 2 2 8 5 2 2 9 6 4 7 3
 9 4 4 7 3 4 3 6 7 5 2 2 8 9 3 9 2 3 1 1 2 6 9 3 8 7]
[32, 50, 41, 50, 50, 29, 50, 40, 23, 50, 42, 50, 50, 50, 24, 34, 50, 50, 36, 33, 20, 29, 17, 50, 37, 50, 17, 42, 50, 18, 23, 22, 33, 14, 50, 50, 50, 50, 50, 50, 50, 50, 50, 50, 21, 50, 50, 19, 50, 50, 50, 43, 44, 14, 50, 50, 50, 41, 39, 33, 36, 50, 50, 45, 42, 50, 25, 43, 50, 50, 50, 19, 38, 25, 29, 49, 50, 28, 26, 50, 50, 22, 26, 40, 40, 50, 50, 31, 50, 33, 12, 36, 50, 50, 50, 50, 50, 28, 17, 50]
[0 0 0 0 0 0 0 0 0 0 0 0 0 0 0 0 0 0 0 0 0 0 0 0 0 0 0 0 0 0 0 0 0 0 0 0 0
 0 0 0 0 0 0 0 0 0 0 0 0 0 0 0 0 0 0 0 0 0 0 0 0 0 0 0 0 0 0 0 0 0 0 0 0 0
 0 0 0 0 0 0 0 0 0 0 0 0 0 0 0 0 0 0 0 0 0 0 0 0 0 0]
[1 1 1 1 1 1 1 1 1 1 1 1 1 1 1 1 1 1 1 1 1 1 1 1 1 1 1 1 1 1 1 1 1 1 1 1 1
 1 1 1 1 1 1 1 1 1 1 1 1 1 1 1 1 1 1 1 1 1 1 1 1 1 1 1 1 1 1 1 1 1 1 1 1 1
 1 1 1 1 1 1 1 1 1 1 1 1 1 1 1 1 1 1 1 1 1 1 1 1 1 1]
