[ 0  1  2  3  4  5  6  7  8  9 10 11 12 13 14 15 16 17 18 19 20 21 22 23
 24 25 26 27 28 29 30 31 32 33 34 35 36 37 38 39 40 41 42 43 44 45 46 47
 48 49 50 51 52 53 54 55 56 57 58 59 60 61 62 63 64 65 66 67 68 69 70 71
 72 73 74 75 76 77 78 79 80 81 82 83 84 85 86 87 88 89 90 91 92 93 94 95
 96 97 98 99]
[61 -1 60 -1 -1 -1  5 -1 22 99 95 34 26  0 18 78 37 -1 88 -1 78 70 24 99
 -1 51 -1 98 -1 -1 31 45 68 -1 85  8 14 46 12 55 -1 86 50 -1 52 36 68 -1
 47 22 78 41 56 98 -1 19 76 70 55 94 -1 -1 86 -1 -1 -1 35  9 19 15 -1 77
 68 85 -1 -1 -1 66 -1 48 68 -1 -1 52 43 97 59 70 -1 -1 -1 33 70 26 83 49
 53 32 82  4]
[0 1 1 0 0 1 0 0 0 1 0 1 0 0 1 1 1 0 1 0 1 0 0 0 0 1 1 0 1 1 0 1 0 1 0 1 1
 0 0 1 1 1 1 1 1 0 1 1 1 1 0 0 1 0 0 1 0 0 1 0 0 0 1 0 0 1 0 0 1 1 0 1 1 1
 0 1 0 1 1 0 0 1 0 1 1 0 1 0 1 0 0 1 0 1 0 0 1 1 1 0]
[3 0 1 0 4 0 3 0 1 3 2 1 3 4 0 1 1 4 0 4 0 3 0 0 4 1 0 4 0 1 3 0 0 0 0 4 0
 4 0 0 1 0 2 0 0 2 0 2 0 0 0 1 0 0 2 4 4 2 0 3 0 0 0 0 0 4 0 0 2 0 1 1 0 3
 1 0 0 1 0 3 0 3 0 0 0 0 0 1 0 0 4 0 0 2 3 3 0 0 2 0]
[3 0 1 0 4 0 3 0 1 3 2 1 3 4 0 1 1 4 0 4 0 3 0 0 4 1 0 4 0 1 3 0 0 0 0 4 0
 4 0 0 1 0 2 0 0 2 0 2 0 0 0 1 0 0 2 4 4 2 0 3 0 0 0 0 0 4 0 0 2 0 1 1 0 3
 1 0 0 1 0 3 0 3 0 0 0 0 0 1 0 0 4 0 0 2 3 3 0 0 2 0]
[7 1 8 6 8 1 6 7 5 1 9 9 7 5 7 9 1 2 2 8 5 8 3 5 2 5 1 6 3 3 5 6 3 3 4 4 8
 4 9 6 6 5 3 2 6 5 1 5 4 1 3 4 6 5 3 2 9 7 4 8 9 1 5 4 1 5 7 4 8 6 5 3 7 1
 2 6 2 2 4 3 8 8 9 3 4 5 1 3 9 8 6 7 7 1 6 9 5 5 6 1]
[7 1 8 6 8 1 6 7 5 1 9 9 7 5 7 9 1 2 2 8 5 8 3 5 2 5 1 6 3 3 5 6 3 3 4 4 8
 4 9 6 6 5 3 2 6 5 1 5 4 1 3 4 6 5 3 2 9 7 4 8 9 1 5 4 1 5 7 4 8 6 5 3 7 1
 2 6 2 2 4 3 8 8 9 3 4 5 1 3 9 8 6 7 7 1 6 9 5 5 6 1]
[26, 50, 50, 26, 24, 34, 39, 50, 50, 24, 33, 50, 25, 38, 50, 32, 50, 50, 50, 23, 41, 50, 26, 50, 50, 20, 48, 50, 50, 46, 34, 24, 50, 48, 34, 15, 48, 50, 43, 50, 46, 50, 35, 28, 17, 28, 42, 19, 50, 15, 50, 50, 50, 36, 44, 50, 50, 50, 50, 31, 50, 14, 50, 33, 50, 50, 32, 50, 50, 41, 50, 20, 50, 50, 50, 33, 50, 50, 50, 32, 35, 50, 41, 50, 12, 34, 35, 16, 50, 50, 41, 50, 30, 19, 50, 29, 50, 46, 50, 15]
[0 0 0 0 0 0 0 0 0 0 0 0 0 0 0 0 0 0 0 0 0 0 0 0 0 0 0 0 0 0 0 0 0 0 0 0 0
 0 0 0 0 0 0 0 0 0 0 0 0 0 0 0 0 0 0 0 0 0 0 0 0 0 0 0 0 0 0 0 0 0 0 0 0 0
 0 0 0 0 0 0 0 0 0 0 0 0 0 0 0 0 0 0 0 0 0 0 0 0 0 0]
[1 1 1 1 1 1 1 1 1 1 1 1 1 1 1 1 1 1 1 1 1 1 1 1 1 1 1 1 1 1 1 1 1 1 1 1 1
 1 1 1 1 1 1 1 1 1 1 1 1 1 1 1 1 1 1 1 1 1 1 1 1 1 1 1 1 1 1 1 1 1 1 1 1 1
 1 1 1 1 1 1 1 1 1 1 1 1 1 1 1 1 1 1 1 1 1 1 1 1 1 1]
