[ 0  1  2  3  4  5  6  7  8  9 10 11 12 13 14 15 16 17 18 19 20 21 22 23
 24 25 26 27 28 29 30 31 32 33 34 35 36 37 38 39 40 41 42 43 44 45 46 47
 48 49 50 51 52 53 54 55 56 57 58 59 60 61 62 63 64 65 66 67 68 69 70 71
 72 73 74 75 76 77 78 79 80 81 82 83 84 85 86 87 88 89 90 91 92 93 94 95
 96 97 98 99]
[-1 33 -1 68 41 72 60 37 -1 -1 33 -1 -1 56 -1  4 99  3 -1 14 33 70 81 44
 70 60 89 62  5 15 -1 -1 33 -1 80 -1 75 78 36 -1 25 32 -1 87 63 60 83 -1
 -1 99 84 93 -1 85 82 -1 19 27  3 56 -1 59 39 -1 -1 87 -1 70 86 54 97 92
 38 -1 41  9 88 -1 80 -1 22 56 30 25 -1 -1 -1 44 97 -1 18 73 -1 22 -1  5
 69 -1 68 75]
[1 0 0 0 0 0 1 1 1 0 1 1 0 0 0 1 0 1 0 0 0 0 0 1 1 0 1 1 0 1 1 1 0 1 1 0 1
 1 1 1 1 0 1 1 0 0 0 0 0 0 1 0 0 0 0 1 1 1 1 0 1 1 1 1 0 1 0 0 0 1 0 0 1 1
 1 0 0 1 1 1 0 0 1 1 1 0 0 0 0 1 0 1 0 0 1 0 1 1 1 0]
[2 0 2 3 0 1 0 1 2 1 4 2 0 0 0 0 4 0 0 2 2 2 0 3 0 0 0 2 2 4 0 0 0 0 3 3 3
 0 0 0 0 4 0 3 0 4 3 0 0 1 0 4 0 0 4 0 0 0 1 1 0 0 1 0 0 0 4 4 0 0 3 4 3 2
 4 4 4 0 0 1 4 0 0 3 0 0 0 3 0 0 2 3 0 2 0 4 0 1 0 3]
[2 0 2 3 0 1 0 1 2 1 4 2 0 0 0 0 4 0 0 2 2 2 0 3 0 0 0 2 2 4 0 0 0 0 3 3 3
 0 0 0 0 4 0 3 0 4 3 0 0 1 0 4 0 0 4 0 0 0 1 1 0 0 1 0 0 0 4 4 0 0 3 4 3 2
 4 4 4 0 0 1 4 0 0 3 0 0 0 3 0 0 2 3 0 2 0 4 0 1 0 3]
[3 9 3 9 5 6 2 4 7 5 2 7 6 3 5 8 8 4 8 4 4 8 3 4 3 4 4 4 7 7 1 9 4 5 7 8 4
 5 1 5 3 4 4 4 4 7 4 5 6 2 8 2 2 6 4 1 7 4 9 4 4 4 1 7 7 1 9 6 2 8 2 8 5 4
 5 9 7 4 7 4 9 2 6 9 5 8 1 4 1 9 4 6 7 3 4 6 7 2 5 2]
[3 9 3 9 5 6 2 4 7 5 2 7 6 3 5 8 8 4 8 4 4 8 3 4 3 4 4 4 7 7 1 9 4 5 7 8 4
 5 1 5 3 4 4 4 4 7 4 5 6 2 8 2 2 6 4 1 7 4 9 4 4 4 1 7 7 1 9 6 2 8 2 8 5 4
 5 9 7 4 7 4 9 2 6 9 5 8 1 4 1 9 4 6 7 3 4 6 7 2 5 2]
[50, 23, 50, 39, 50, 50, 50, 44, 22, 11, 39, 50, 35, 50, 49, 50, 43, 49, 50, 50, 50, 40, 50, 50, 50, 50, 50, 48, 50, 36, 29, 28, 50, 39, 21, 26, 44, 48, 31, 10, 46, 45, 38, 49, 50, 50, 50, 50, 13, 50, 49, 50, 50, 29, 30, 10, 37, 34, 50, 45, 50, 35, 10, 33, 50, 20, 33, 47, 50, 50, 50, 31, 50, 14, 50, 31, 15, 22, 36, 10, 50, 50, 50, 50, 50, 50, 50, 15, 50, 49, 50, 24, 50, 50, 50, 32, 50, 27, 21, 16]
[0 0 0 0 0 0 0 0 0 0 0 0 0 0 0 0 0 0 0 0 0 0 0 0 0 0 0 0 0 0 0 0 0 0 0 0 0
 0 0 0 0 0 0 0 0 0 0 0 0 0 0 0 0 0 0 0 0 0 0 0 0 0 0 0 0 0 0 0 0 0 0 0 0 0
 0 0 0 0 0 0 0 0 0 0 0 0 0 0 0 0 0 0 0 0 0 0 0 0 0 0]
[1 1 1 1 1 1 1 1 1 1 1 1 1 1 1 1 1 1 1 1 1 1 1 1 1 1 1 1 1 1 1 1 1 1 1 1 1
 1 1 1 1 1 1 1 1 1 1 1 1 1 1 1 1 1 1 1 1 1 1 1 1 1 1 1 1 1 1 1 1 1 1 1 1 1
 1 1 1 1 1 1 1 1 1 1 1 1 1 1 1 1 1 1 1 1 1 1 1 1 1 1]
