[ 0  1  2  3  4  5  6  7  8  9 10 11 12 13 14 15 16 17 18 19 20 21 22 23
 24 25 26 27 28 29 30 31 32 33 34 35 36 37 38 39 40 41 42 43 44 45 46 47
 48 49 50 51 52 53 54 55 56 57 58 59 60 61 62 63 64 65 66 67 68 69 70 71
 72 73 74 75 76 77 78 79 80 81 82 83 84 85 86 87 88 89 90 91 92 93 94 95
 96 97 98 99]
[ 1 -1 16 -1 73 -1 98 43 99 36 19 28 -1 -1 -1 -1 72 94 -1 93 50 86 41 50
 -1 -1 67 17 -1 54 -1 -1 14 38 66 -1 73 25 -1  3 71 73 29 -1 -1 -1 48 32
 -1 -1 -1 92 -1 68 71 89 -1 -1 53 -1 99 17 37 -1 20 80  4 12 89 44 -1 45
 -1 -1 -1 62 21 23 -1 27 78 -1 58 60 21 -1 -1 36 -1 38 -1 50 90 -1 31 62
  9 -1 67 29]
[0 1 0 0 1 0 1 1 1 1 1 1 0 1 1 1 0 1 0 0 1 1 1 1 0 0 0 0 0 1 0 0 0 1 0 0 0
 1 0 0 1 1 0 1 0 0 1 0 0 0 1 0 0 1 1 0 0 0 0 1 1 0 0 0 1 0 1 0 0 1 1 0 1 0
 0 1 1 0 0 0 1 0 1 1 0 1 1 1 0 0 0 1 0 0 0 0 1 0 1 0]
[0 4 0 2 1 0 3 4 0 0 0 3 0 4 0 2 0 0 3 0 0 2 0 3 0 0 4 2 2 0 0 0 1 2 0 1 0
 0 2 1 0 0 4 0 0 0 0 0 0 4 0 0 2 1 1 0 0 3 0 0 2 0 0 0 0 1 4 3 0 3 0 0 3 2
 3 0 3 0 0 0 0 4 1 0 1 2 0 0 1 0 1 4 1 0 0 0 1 0 4 1]
[0 4 0 2 1 0 3 4 0 0 0 3 0 4 0 2 0 0 3 0 0 2 0 3 0 0 4 2 2 0 0 0 1 2 0 1 0
 0 2 1 0 0 4 0 0 0 0 0 0 4 0 0 2 1 1 0 0 3 0 0 2 0 0 0 0 1 4 3 0 3 0 0 3 2
 3 0 3 0 0 0 0 4 1 0 1 2 0 0 1 0 1 4 1 0 0 0 1 0 4 1]
[1 4 1 7 2 7 4 7 9 5 1 3 9 5 5 5 4 4 4 5 6 6 1 6 7 5 9 5 6 1 7 4 3 7 9 1 2
 1 6 7 9 2 7 2 4 6 4 9 4 5 4 9 7 5 2 1 6 4 2 1 6 8 8 7 2 8 7 4 8 3 6 5 5 1
 9 4 8 9 2 6 7 4 9 3 9 8 2 8 1 8 7 3 8 2 7 7 8 5 9 4]
[1 4 1 7 2 7 4 7 9 5 1 3 9 5 5 5 4 4 4 5 6 6 1 6 7 5 9 5 6 1 7 4 3 7 9 1 2
 1 6 7 9 2 7 2 4 6 4 9 4 5 4 9 7 5 2 1 6 4 2 1 6 8 8 7 2 8 7 4 8 3 6 5 5 1
 9 4 8 9 2 6 7 4 9 3 9 8 2 8 1 8 7 3 8 2 7 7 8 5 9 4]
[32, 50, 50, 50, 42, 24, 50, 11, 50, 33, 43, 50, 50, 50, 50, 50, 21, 50, 22, 21, 27, 16, 50, 26, 50, 50, 50, 50, 50, 25, 50, 46, 50, 20, 50, 23, 50, 50, 50, 50, 50, 12, 26, 24, 22, 50, 50, 24, 50, 41, 50, 46, 12, 10, 22, 50, 50, 50, 38, 25, 36, 12, 50, 50, 14, 50, 31, 39, 50, 50, 50, 50, 34, 47, 35, 50, 50, 22, 32, 50, 12, 50, 17, 48, 50, 36, 50, 50, 50, 50, 16, 38, 50, 50, 50, 50, 47, 50, 50, 50]
[0 0 0 0 0 0 0 0 0 0 0 0 0 0 0 0 0 0 0 0 0 0 0 0 0 0 0 0 0 0 0 0 0 0 0 0 0
 0 0 0 0 0 0 0 0 0 0 0 0 0 0 0 0 0 0 0 0 0 0 0 0 0 0 0 0 0 0 0 0 0 0 0 0 0
 0 0 0 0 0 0 0 0 0 0 0 0 0 0 0 0 0 0 0 0 0 0 0 0 0 0]
[1 1 1 1 1 1 1 1 1 1 1 1 1 1 1 1 1 1 1 1 1 1 1 1 1 1 1 1 1 1 1 1 1 1 1 1 1
 1 1 1 1 1 1 1 1 1 1 1 1 1 1 1 1 1 1 1 1 1 1 1 1 1 1 1 1 1 1 1 1 1 1 1 1 1
 1 1 1 1 1 1 1 1 1 1 1 1 1 1 1 1 1 1 1 1 1 1 1 1 1 1]
