[ 0  1  2  3  4  5  6  7  8  9 10 11 12 13 14 15 16 17 18 19 20 21 22 23
 24 25 26 27 28 29 30 31 32 33 34 35 36 37 38 39 40 41 42 43 44 45 46 47
 48 49 50 51 52 53 54 55 56 57 58 59 60 61 62 63 64 65 66 67 68 69 70 71
 72 73 74 75 76 77 78 79 80 81 82 83 84 85 86 87 88 89 90 91 92 93 94 95
 96 97 98 99]
[10 -1 72 82 -1 -1 -1 -1 -1 -1 -1 82 76 60 21 -1  9 -1 40 57 32 -1 43 -1
 64 -1 -1 -1  9 20 83 91 58 -1 30 -1 -1 -1 33 95 97 62 -1 -1 -1 -1 79 -1
 30 25 15 99 87  7 80 44 94 -1 -1 65 15 -1 -1 -1 -1 -1 97 94 85 62 -1 -1
 15 42 -1 27  2 -1 73 24 -1 10 99 -1 75 15 93 94 46 -1 96 14 71 85 34 33
 54 46  0  5]
[0 1 0 1 1 0 1 1 1 1 1 1 1 1 0 1 0 0 1 0 1 0 1 1 1 1 0 0 0 0 0 1 1 0 0 0 0
 0 1 0 1 0 0 1 1 0 1 0 0 0 0 0 0 1 0 1 1 1 1 1 0 1 0 0 1 0 1 1 0 0 0 1 0 1
 0 0 0 0 0 0 0 0 1 1 0 0 0 0 1 0 1 1 1 0 1 0 1 1 0 1]
[0 4 0 2 1 2 2 3 2 0 0 0 2 0 4 0 2 2 1 3 0 1 0 2 0 0 2 2 4 4 3 3 3 1 4 3 0
 2 1 2 3 4 0 0 0 4 0 3 2 0 3 2 1 3 3 0 0 0 0 0 3 1 0 2 0 0 4 2 4 3 2 4 3 1
 3 3 0 0 1 1 0 1 1 0 3 0 3 2 4 0 1 3 1 3 0 2 0 0 0 0]
[0 4 0 2 1 2 2 3 2 0 0 0 2 0 4 0 2 2 1 3 0 1 0 2 0 0 2 2 4 4 3 3 3 1 4 3 0
 2 1 2 3 4 0 0 0 4 0 3 2 0 3 2 1 3 3 0 0 0 0 0 3 1 0 2 0 0 4 2 4 3 2 4 3 1
 3 3 0 0 1 1 0 1 1 0 3 0 3 2 4 0 1 3 1 3 0 2 0 0 0 0]
[6 9 1 6 3 7 3 5 2 9 1 7 5 7 1 5 7 2 9 9 9 2 6 8 9 1 6 9 8 5 6 1 1 1 7 8 5
 4 6 5 8 2 9 4 2 2 4 9 6 9 9 7 8 5 6 8 3 1 4 8 1 9 3 2 4 6 2 3 3 7 1 5 1 4
 2 6 4 9 2 7 6 6 5 9 3 8 6 4 7 1 4 9 6 4 8 6 6 8 2 4]
[6 9 1 6 3 7 3 5 2 9 1 7 5 7 1 5 7 2 9 9 9 2 6 8 9 1 6 9 8 5 6 1 1 1 7 8 5
 4 6 5 8 2 9 4 2 2 4 9 6 9 9 7 8 5 6 8 3 1 4 8 1 9 3 2 4 6 2 3 3 7 1 5 1 4
 2 6 4 9 2 7 6 6 5 9 3 8 6 4 7 1 4 9 6 4 8 6 6 8 2 4]
[50, 50, 50, 50, 14, 50, 50, 50, 39, 24, 27, 50, 25, 50, 21, 50, 38, 50, 35, 20, 20, 45, 40, 50, 50, 50, 48, 34, 18, 13, 43, 50, 50, 50, 50, 27, 39, 50, 50, 50, 50, 50, 50, 22, 39, 50, 50, 50, 17, 50, 16, 21, 12, 28, 50, 49, 50, 18, 50, 50, 50, 50, 50, 50, 26, 44, 50, 50, 29, 10, 50, 50, 34, 50, 50, 27, 39, 50, 26, 22, 32, 47, 50, 50, 50, 47, 45, 50, 25, 50, 50, 41, 50, 26, 16, 42, 50, 16, 14, 50]
[0 0 0 0 0 0 0 0 0 0 0 0 0 0 0 0 0 0 0 0 0 0 0 0 0 0 0 0 0 0 0 0 0 0 0 0 0
 0 0 0 0 0 0 0 0 0 0 0 0 0 0 0 0 0 0 0 0 0 0 0 0 0 0 0 0 0 0 0 0 0 0 0 0 0
 0 0 0 0 0 0 0 0 0 0 0 0 0 0 0 0 0 0 0 0 0 0 0 0 0 0]
[1 1 1 1 1 1 1 1 1 1 1 1 1 1 1 1 1 1 1 1 1 1 1 1 1 1 1 1 1 1 1 1 1 1 1 1 1
 1 1 1 1 1 1 1 1 1 1 1 1 1 1 1 1 1 1 1 1 1 1 1 1 1 1 1 1 1 1 1 1 1 1 1 1 1
 1 1 1 1 1 1 1 1 1 1 1 1 1 1 1 1 1 1 1 1 1 1 1 1 1 1]
