[ 0  1  2  3  4  5  6  7  8  9 10 11 12 13 14 15 16 17 18 19 20 21 22 23
 24 25 26 27 28 29 30 31 32 33 34 35 36 37 38 39 40 41 42 43 44 45 46 47
 48 49 50 51 52 53 54 55 56 57 58 59 60 61 62 63 64 65 66 67 68 69 70 71
 72 73 74 75 76 77 78 79 80 81 82 83 84 85 86 87 88 89 90 91 92 93 94 95
 96 97 98 99]
[ 8 92 95 65 -1 74 48  5 -1 50 21 -1 44 31 47 -1 28 -1 44 89 -1 92 -1 -1
 44 -1 22 47 -1  4 10 60 57 39 11 99 -1 -1 85 95 83 -1 35 -1 47 -1 53  2
 26 -1 82 13 -1 -1 48 78 26 93 -1 -1 20 46 41 -1 -1 -1 81 94  5 10 -1 12
 -1 -1 -1 -1 44 -1 97 -1 -1  6 -1 68 27 -1 -1 24 -1 67 96 53 19  8 58 89
 69 58 40 89]
[0 0 0 0 1 0 0 0 0 0 0 0 1 1 1 0 0 0 0 1 1 0 0 1 1 1 0 1 0 1 0 0 1 1 1 1 1
 1 0 0 0 1 0 1 0 1 0 1 1 0 1 1 1 0 0 1 1 1 0 1 1 0 1 0 1 0 1 1 0 1 1 1 0 1
 0 1 0 0 0 1 1 0 1 0 1 0 0 0 1 0 0 1 1 1 0 0 1 0 1 0]
[0 0 4 4 2 0 4 0 4 0 2 0 4 0 0 0 0 0 2 0 4 0 0 0 0 0 0 0 4 4 0 2 0 4 4 4 0
 0 0 4 2 3 1 0 1 0 1 0 1 0 3 1 4 1 0 3 0 0 3 0 0 0 1 2 0 0 0 0 2 3 0 0 1 3
 4 0 0 4 0 2 4 1 0 0 0 1 2 0 0 4 1 2 4 0 3 0 0 3 0 2]
[0 0 4 4 2 0 4 0 4 0 2 0 4 0 0 0 0 0 2 0 4 0 0 0 0 0 0 0 4 4 0 2 0 4 4 4 0
 0 0 4 2 3 1 0 1 0 1 0 1 0 3 1 4 1 0 3 0 0 3 0 0 0 1 2 0 0 0 0 2 3 0 0 1 3
 4 0 0 4 0 2 4 1 0 0 0 1 2 0 0 4 1 2 4 0 3 0 0 3 0 2]
[1 7 2 4 2 3 6 8 3 7 4 5 6 1 5 2 8 7 2 2 1 8 5 9 1 4 5 4 1 9 1 9 2 5 3 2 5
 9 6 3 6 5 8 1 7 9 1 5 9 3 2 6 8 9 5 1 1 9 5 4 2 5 7 4 8 3 4 5 9 9 9 6 4 2
 6 4 5 8 2 8 2 7 6 7 2 8 3 5 8 3 2 9 9 2 1 2 6 4 8 4]
[1 7 2 4 2 3 6 8 3 7 4 5 6 1 5 2 8 7 2 2 1 8 5 9 1 4 5 4 1 9 1 9 2 5 3 2 5
 9 6 3 6 5 8 1 7 9 1 5 9 3 2 6 8 9 5 1 1 9 5 4 2 5 7 4 8 3 4 5 9 9 9 6 4 2
 6 4 5 8 2 8 2 7 6 7 2 8 3 5 8 3 2 9 9 2 1 2 6 4 8 4]
[31, 46, 50, 40, 31, 49, 50, 50, 47, 45, 16, 50, 50, 27, 17, 42, 17, 50, 50, 50, 50, 50, 25, 32, 21, 50, 50, 50, 12, 41, 39, 50, 32, 50, 50, 19, 50, 50, 50, 50, 38, 50, 40, 39, 11, 43, 10, 35, 50, 36, 43, 50, 23, 50, 50, 25, 50, 50, 44, 50, 50, 50, 50, 47, 27, 11, 15, 45, 50, 50, 32, 50, 50, 38, 50, 50, 50, 50, 24, 49, 50, 50, 44, 20, 50, 50, 50, 50, 50, 44, 14, 50, 50, 16, 39, 35, 11, 12, 11, 50]
[0 0 0 0 0 0 0 0 0 0 0 0 0 0 0 0 0 0 0 0 0 0 0 0 0 0 0 0 0 0 0 0 0 0 0 0 0
 0 0 0 0 0 0 0 0 0 0 0 0 0 0 0 0 0 0 0 0 0 0 0 0 0 0 0 0 0 0 0 0 0 0 0 0 0
 0 0 0 0 0 0 0 0 0 0 0 0 0 0 0 0 0 0 0 0 0 0 0 0 0 0]
[1 1 1 1 1 1 1 1 1 1 1 1 1 1 1 1 1 1 1 1 1 1 1 1 1 1 1 1 1 1 1 1 1 1 1 1 1
 1 1 1 1 1 1 1 1 1 1 1 1 1 1 1 1 1 1 1 1 1 1 1 1 1 1 1 1 1 1 1 1 1 1 1 1 1
 1 1 1 1 1 1 1 1 1 1 1 1 1 1 1 1 1 1 1 1 1 1 1 1 1 1]
