[ 0  1  2  3  4  5  6  7  8  9 10 11 12 13 14 15 16 17 18 19 20 21 22 23
 24 25 26 27 28 29 30 31 32 33 34 35 36 37 38 39 40 41 42 43 44 45 46 47
 48 49 50 51 52 53 54 55 56 57 58 59 60 61 62 63 64 65 66 67 68 69 70 71
 72 73 74 75 76 77 78 79 80 81 82 83 84 85 86 87 88 89 90 91 92 93 94 95
 96 97 98 99]
[-1 -1 70 73 45 -1 15 21 46 -1 97 97 46 -1 45 45 -1 41 -1 -1 44 32 77 58
 77 45 -1 14  1 38 -1 74 -1 61 68 30 87 86 60 -1 12 -1 86 -1 95 -1 66 -1
 83 56 53 -1  6 61 55 85 66 58 91 63 66 -1 -1 37 69 96 15 -1 64 10 86 46
 42 -1 19 -1 61 14 12 -1 90 66 14  1 -1 -1 38 -1 86 -1 -1 -1 64 52 -1 65
 94 57 25 -1]
[1 1 0 0 1 1 1 0 0 1 0 1 1 1 0 1 0 1 1 0 1 1 1 0 0 0 1 1 0 1 1 1 1 0 0 1 0
 0 0 0 1 0 0 0 0 0 0 1 0 1 1 0 1 0 1 0 0 0 1 0 1 1 1 1 1 0 1 1 1 0 0 0 0 1
 0 1 0 1 0 0 1 0 0 1 0 1 0 0 1 1 1 0 0 0 0 1 1 0 0 1]
[0 3 0 0 0 0 0 0 0 1 3 4 3 2 1 0 0 0 0 4 2 1 0 0 1 3 3 2 0 0 3 0 0 1 0 0 0
 1 4 0 0 0 1 0 2 4 2 4 3 1 0 0 3 0 0 0 0 0 1 3 0 0 1 0 0 2 0 2 0 4 0 0 0 3
 3 3 2 1 0 4 3 4 2 0 4 1 2 0 0 1 0 2 1 0 0 0 3 3 0 3]
[0 3 0 0 0 0 0 0 0 1 3 4 3 2 1 0 0 0 0 4 2 1 0 0 1 3 3 2 0 0 3 0 0 1 0 0 0
 1 4 0 0 0 1 0 2 4 2 4 3 1 0 0 3 0 0 0 0 0 1 3 0 0 1 0 0 2 0 2 0 4 0 0 0 3
 3 3 2 1 0 4 3 4 2 0 4 1 2 0 0 1 0 2 1 0 0 0 3 3 0 3]
[2 6 7 1 5 8 9 2 4 7 6 2 5 5 9 4 8 2 4 6 4 4 8 7 6 9 8 5 2 8 7 1 6 6 6 5 1
 2 4 9 8 1 7 6 3 3 2 4 1 3 9 3 4 8 2 8 7 9 7 4 8 8 1 9 4 5 6 8 7 6 2 7 7 3
 3 2 1 3 5 9 2 4 2 2 9 1 9 9 9 7 2 7 9 1 6 3 5 5 3 4]
[2 6 7 1 5 8 9 2 4 7 6 2 5 5 9 4 8 2 4 6 4 4 8 7 6 9 8 5 2 8 7 1 6 6 6 5 1
 2 4 9 8 1 7 6 3 3 2 4 1 3 9 3 4 8 2 8 7 9 7 4 8 8 1 9 4 5 6 8 7 6 2 7 7 3
 3 2 1 3 5 9 2 4 2 2 9 1 9 9 9 7 2 7 9 1 6 3 5 5 3 4]
[29, 24, 18, 50, 50, 16, 50, 26, 50, 50, 17, 50, 50, 50, 50, 19, 50, 29, 50, 50, 50, 50, 18, 50, 33, 50, 50, 50, 50, 50, 50, 35, 50, 28, 50, 50, 26, 44, 50, 43, 50, 18, 20, 39, 50, 50, 50, 45, 17, 50, 50, 18, 26, 42, 42, 30, 50, 24, 38, 40, 18, 27, 50, 50, 44, 50, 21, 50, 39, 25, 41, 37, 13, 50, 50, 50, 50, 50, 16, 27, 50, 50, 49, 35, 50, 29, 50, 50, 50, 50, 50, 15, 50, 50, 12, 11, 50, 37, 50, 50]
[0 0 0 0 0 0 0 0 0 0 0 0 0 0 0 0 0 0 0 0 0 0 0 0 0 0 0 0 0 0 0 0 0 0 0 0 0
 0 0 0 0 0 0 0 0 0 0 0 0 0 0 0 0 0 0 0 0 0 0 0 0 0 0 0 0 0 0 0 0 0 0 0 0 0
 0 0 0 0 0 0 0 0 0 0 0 0 0 0 0 0 0 0 0 0 0 0 0 0 0 0]
[1 1 1 1 1 1 1 1 1 1 1 1 1 1 1 1 1 1 1 1 1 1 1 1 1 1 1 1 1 1 1 1 1 1 1 1 1
 1 1 1 1 1 1 1 1 1 1 1 1 1 1 1 1 1 1 1 1 1 1 1 1 1 1 1 1 1 1 1 1 1 1 1 1 1
 1 1 1 1 1 1 1 1 1 1 1 1 1 1 1 1 1 1 1 1 1 1 1 1 1 1]
