[ 0  1  2  3  4  5  6  7  8  9 10 11 12 13 14 15 16 17 18 19 20 21 22 23
 24 25 26 27 28 29 30 31 32 33 34 35 36 37 38 39 40 41 42 43 44 45 46 47
 48 49 50 51 52 53 54 55 56 57 58 59 60 61 62 63 64 65 66 67 68 69 70 71
 72 73 74 75 76 77 78 79 80 81 82 83 84 85 86 87 88 89 90 91 92 93 94 95
 96 97 98 99]
[95 13 76 47 53 -1 -1 -1 -1 -1 88 69 -1 34 -1  9 82  1 85 74 -1 -1 62 97
 -1 96 -1  2 -1 38 -1 -1 93 -1 -1 93 -1 -1 -1 -1 -1 33 -1 -1 33 62 41 -1
 16 42 40 64 92 92 -1 -1 74 -1 72 15 -1 71 33  5 -1 55 69 -1 31 -1 36 -1
 69 71 -1  1 -1 -1 -1 20 20  3 19 81 10 -1 -1 -1 60 59 89 51  0  3 11 -1
 35 57 15 65]
[1 1 0 1 0 0 0 0 1 1 0 0 0 1 1 1 0 0 1 0 0 1 0 1 1 0 0 1 0 1 0 1 1 0 1 0 1
 1 0 0 1 0 1 1 1 0 1 1 1 0 0 0 1 1 1 1 0 0 1 1 1 1 1 0 0 1 0 0 0 0 1 1 1 0
 0 1 0 1 1 1 0 0 0 1 0 1 0 1 1 0 1 1 0 0 1 0 0 0 0 0]
[2 0 1 0 2 0 1 3 0 1 1 3 1 3 2 0 3 3 0 0 1 1 0 0 0 3 0 3 4 2 2 0 0 2 0 2 0
 0 3 2 1 0 4 2 4 4 4 2 0 4 0 0 0 2 2 3 3 0 0 3 2 3 0 4 1 2 2 1 1 0 1 0 0 0
 0 4 1 4 2 0 0 0 1 4 2 2 0 2 2 0 2 1 0 3 0 0 1 0 3 0]
[2 0 1 0 2 0 1 3 0 1 1 3 1 3 2 0 3 3 0 0 1 1 0 0 0 3 0 3 4 2 2 0 0 2 0 2 0
 0 3 2 1 0 4 2 4 4 4 2 0 4 0 0 0 2 2 3 3 0 0 3 2 3 0 4 1 2 2 1 1 0 1 0 0 0
 0 4 1 4 2 0 0 0 1 4 2 2 0 2 2 0 2 1 0 3 0 0 1 0 3 0]
[6 8 2 7 1 5 7 3 1 6 1 6 1 3 3 5 1 4 5 8 5 2 9 4 2 1 6 2 9 1 8 7 3 3 5 9 5
 4 4 8 2 8 2 3 2 5 3 3 6 8 1 5 3 2 8 5 5 5 8 3 8 5 2 9 9 5 3 2 8 1 4 1 8 7
 7 2 7 7 1 3 3 4 1 7 3 8 6 6 8 2 8 6 3 9 4 1 6 6 3 6]
[6 8 2 7 1 5 7 3 1 6 1 6 1 3 3 5 1 4 5 8 5 2 9 4 2 1 6 2 9 1 8 7 3 3 5 9 5
 4 4 8 2 8 2 3 2 5 3 3 6 8 1 5 3 2 8 5 5 5 8 3 8 5 2 9 9 5 3 2 8 1 4 1 8 7
 7 2 7 7 1 3 3 4 1 7 3 8 6 6 8 2 8 6 3 9 4 1 6 6 3 6]
[18, 31, 50, 50, 50, 50, 38, 29, 11, 27, 50, 50, 50, 50, 50, 50, 50, 50, 32, 50, 22, 30, 42, 50, 50, 25, 45, 50, 10, 50, 50, 22, 50, 50, 50, 40, 42, 50, 14, 30, 46, 29, 50, 45, 18, 31, 18, 50, 44, 50, 50, 50, 44, 50, 11, 32, 50, 50, 34, 22, 10, 50, 50, 16, 50, 50, 42, 50, 48, 50, 47, 50, 26, 50, 24, 50, 49, 19, 13, 50, 13, 18, 38, 50, 13, 50, 50, 50, 31, 21, 50, 50, 50, 50, 50, 50, 50, 50, 40, 50]
[0 0 0 0 0 0 0 0 0 0 0 0 0 0 0 0 0 0 0 0 0 0 0 0 0 0 0 0 0 0 0 0 0 0 0 0 0
 0 0 0 0 0 0 0 0 0 0 0 0 0 0 0 0 0 0 0 0 0 0 0 0 0 0 0 0 0 0 0 0 0 0 0 0 0
 0 0 0 0 0 0 0 0 0 0 0 0 0 0 0 0 0 0 0 0 0 0 0 0 0 0]
[1 1 1 1 1 1 1 1 1 1 1 1 1 1 1 1 1 1 1 1 1 1 1 1 1 1 1 1 1 1 1 1 1 1 1 1 1
 1 1 1 1 1 1 1 1 1 1 1 1 1 1 1 1 1 1 1 1 1 1 1 1 1 1 1 1 1 1 1 1 1 1 1 1 1
 1 1 1 1 1 1 1 1 1 1 1 1 1 1 1 1 1 1 1 1 1 1 1 1 1 1]
