[ 0  1  2  3  4  5  6  7  8  9 10 11 12 13 14 15 16 17 18 19 20 21 22 23
 24 25 26 27 28 29 30 31 32 33 34 35 36 37 38 39 40 41 42 43 44 45 46 47
 48 49 50 51 52 53 54 55 56 57 58 59 60 61 62 63 64 65 66 67 68 69 70 71
 72 73 74 75 76 77 78 79 80 81 82 83 84 85 86 87 88 89 90 91 92 93 94 95
 96 97 98 99]
[-1 98 60 77 -1 -1 28 -1 -1 97 65 93 20 -1 58 27 -1 74 88  9 66 96  3 54
 28 76 -1 99 -1 32 46 -1 -1 85 39 85 -1 95 -1 -1 18 -1 31 -1 98 -1  6 -1
 -1 -1 68 67 23 -1 -1 -1 51 89 80 54 17 44 -1 17 -1 69 -1 -1 -1 50 34 65
 47 -1 67 83 22 -1 70 15 32 30 -1 -1 53 -1 -1 -1 65 -1 35 -1 14 -1 46 53
 45 73  6 78]
[1 1 0 1 0 0 1 1 0 1 1 1 0 0 0 1 0 1 1 0 1 0 1 0 1 0 1 1 0 1 1 0 1 0 0 1 1
 1 1 1 0 0 0 1 1 1 1 1 0 0 1 0 0 0 0 1 0 1 1 0 1 0 0 1 1 0 0 1 0 1 0 0 1 1
 0 1 1 1 1 1 1 0 1 1 0 1 0 1 0 1 0 1 1 1 0 1 0 1 1 1]
[4 0 1 0 3 1 0 2 0 2 1 0 4 4 4 0 0 0 3 0 0 0 0 0 1 0 3 2 0 0 1 4 2 0 0 0 1
 0 0 0 4 0 3 0 0 0 2 0 3 2 4 2 1 2 2 0 2 4 0 0 0 3 0 3 1 4 0 2 3 2 0 3 0 0
 3 0 2 2 0 0 3 1 2 1 1 0 0 1 3 0 0 1 4 0 4 0 1 0 3 4]
[4 0 1 0 3 1 0 2 0 2 1 0 4 4 4 0 0 0 3 0 0 0 0 0 1 0 3 2 0 0 1 4 2 0 0 0 1
 0 0 0 4 0 3 0 0 0 2 0 3 2 4 2 1 2 2 0 2 4 0 0 0 3 0 3 1 4 0 2 3 2 0 3 0 0
 3 0 2 2 0 0 3 1 2 1 1 0 0 1 3 0 0 1 4 0 4 0 1 0 3 4]
[2 4 1 9 9 7 2 8 2 4 3 8 6 6 8 3 9 1 3 6 6 1 6 5 8 2 8 4 8 8 9 6 9 9 6 9 4
 3 7 1 9 4 2 9 4 5 7 6 8 2 7 2 9 2 9 9 5 5 8 6 8 5 6 7 7 4 6 2 7 2 1 4 1 5
 1 4 8 7 3 2 8 5 7 3 4 2 8 8 7 3 4 1 4 5 3 7 9 1 3 8]
[2 4 1 9 9 7 2 8 2 4 3 8 6 6 8 3 9 1 3 6 6 1 6 5 8 2 8 4 8 8 9 6 9 9 6 9 4
 3 7 1 9 4 2 9 4 5 7 6 8 2 7 2 9 2 9 9 5 5 8 6 8 5 6 7 7 4 6 2 7 2 1 4 1 5
 1 4 8 7 3 2 8 5 7 3 4 2 8 8 7 3 4 1 4 5 3 7 9 1 3 8]
[20, 48, 50, 50, 16, 50, 50, 43, 24, 41, 50, 23, 50, 37, 46, 50, 33, 50, 30, 50, 50, 18, 50, 50, 50, 50, 50, 50, 44, 50, 38, 50, 39, 50, 24, 50, 19, 50, 50, 50, 41, 50, 50, 34, 49, 40, 18, 50, 24, 18, 50, 47, 20, 36, 14, 50, 50, 47, 20, 50, 50, 17, 50, 50, 50, 50, 50, 50, 40, 35, 35, 50, 49, 50, 50, 32, 44, 50, 30, 40, 36, 50, 50, 50, 50, 14, 50, 18, 20, 11, 11, 29, 50, 50, 50, 32, 12, 49, 26, 19]
[0 0 0 0 0 0 0 0 0 0 0 0 0 0 0 0 0 0 0 0 0 0 0 0 0 0 0 0 0 0 0 0 0 0 0 0 0
 0 0 0 0 0 0 0 0 0 0 0 0 0 0 0 0 0 0 0 0 0 0 0 0 0 0 0 0 0 0 0 0 0 0 0 0 0
 0 0 0 0 0 0 0 0 0 0 0 0 0 0 0 0 0 0 0 0 0 0 0 0 0 0]
[1 1 1 1 1 1 1 1 1 1 1 1 1 1 1 1 1 1 1 1 1 1 1 1 1 1 1 1 1 1 1 1 1 1 1 1 1
 1 1 1 1 1 1 1 1 1 1 1 1 1 1 1 1 1 1 1 1 1 1 1 1 1 1 1 1 1 1 1 1 1 1 1 1 1
 1 1 1 1 1 1 1 1 1 1 1 1 1 1 1 1 1 1 1 1 1 1 1 1 1 1]
