[ 0  1  2  3  4  5  6  7  8  9 10 11 12 13 14 15 16 17 18 19 20 21 22 23
 24 25 26 27 28 29 30 31 32 33 34 35 36 37 38 39 40 41 42 43 44 45 46 47
 48 49 50 51 52 53 54 55 56 57 58 59 60 61 62 63 64 65 66 67 68 69 70 71
 72 73 74 75 76 77 78 79 80 81 82 83 84 85 86 87 88 89 90 91 92 93 94 95
 96 97 98 99]
[37 -1 30 -1 62 70  3 15 58 45 11 20 66 -1 44 -1 42 25 54 -1 71 -1 65 -1
 -1 73 86 31 51 20 -1 23 -1 28 -1 17 95 10 90 -1 12 61 65 77 -1 95 84  4
 66 40 -1 -1 78 63 28 -1 21  0 43 -1 26 70 65 98  7 83 -1 84 -1 96 82 -1
  3 -1 82 35 16 -1 -1 -1 87 62 -1 78 -1 -1 13  3 28 -1 65 79 -1 36 49 67
 -1 -1 95  2]
[1 0 0 0 1 1 1 0 0 0 0 0 0 0 1 1 1 1 1 0 0 0 1 0 0 1 1 1 1 0 0 1 0 0 0 1 0
 0 1 0 0 1 0 1 1 1 0 1 0 0 0 1 0 0 0 0 0 1 0 0 0 0 1 0 1 0 0 1 1 1 0 1 0 0
 0 0 1 0 1 0 1 0 0 0 1 1 1 1 1 1 1 0 1 1 0 0 1 0 0 1]
[2 0 1 2 4 0 2 1 3 1 0 1 1 2 3 0 0 4 0 0 4 2 4 3 3 0 4 1 0 0 1 0 1 3 0 4 2
 0 0 0 1 1 0 0 2 0 0 4 1 4 0 4 0 0 0 0 0 0 1 3 3 2 0 4 2 0 0 0 2 0 0 0 4 0
 1 0 0 2 3 0 0 0 0 4 3 0 0 0 0 0 0 0 0 3 1 1 0 0 0 4]
[2 0 1 2 4 0 2 1 3 1 0 1 1 2 3 0 0 4 0 0 4 2 4 3 3 0 4 1 0 0 1 0 1 3 0 4 2
 0 0 0 1 1 0 0 2 0 0 4 1 4 0 4 0 0 0 0 0 0 1 3 3 2 0 4 2 0 0 0 2 0 0 0 4 0
 1 0 0 2 3 0 0 0 0 4 3 0 0 0 0 0 0 0 0 3 1 1 0 0 0 4]
[8 4 5 7 5 7 8 4 9 7 5 6 2 4 2 6 6 6 4 6 6 4 3 4 4 9 7 3 8 5 9 4 1 5 5 3 9
 6 1 9 2 9 2 9 9 5 2 8 2 9 3 1 4 4 8 4 4 1 7 3 8 6 3 7 6 3 8 9 7 1 3 5 4 3
 3 7 6 1 4 8 4 2 1 8 8 3 8 7 9 4 6 6 7 2 2 4 9 1 2 6]
[8 4 5 7 5 7 8 4 9 7 5 6 2 4 2 6 6 6 4 6 6 4 3 4 4 9 7 3 8 5 9 4 1 5 5 3 9
 6 1 9 2 9 2 9 9 5 2 8 2 9 3 1 4 4 8 4 4 1 7 3 8 6 3 7 6 3 8 9 7 1 3 5 4 3
 3 7 6 1 4 8 4 2 1 8 8 3 8 7 9 4 6 6 7 2 2 4 9 1 2 6]
[50, 46, 16, 49, 39, 35, 32, 50, 50, 23, 50, 16, 37, 19, 50, 50, 12, 24, 50, 38, 29, 35, 50, 41, 50, 50, 16, 13, 32, 50, 29, 50, 50, 50, 50, 50, 38, 50, 39, 45, 50, 50, 37, 17, 50, 25, 33, 50, 50, 50, 16, 50, 35, 50, 50, 29, 20, 50, 50, 50, 50, 50, 50, 20, 50, 50, 50, 50, 26, 50, 31, 18, 18, 43, 33, 50, 12, 44, 28, 49, 18, 44, 48, 50, 50, 50, 32, 29, 50, 50, 36, 50, 45, 34, 50, 50, 27, 50, 50, 50]
[0 0 0 0 0 0 0 0 0 0 0 0 0 0 0 0 0 0 0 0 0 0 0 0 0 0 0 0 0 0 0 0 0 0 0 0 0
 0 0 0 0 0 0 0 0 0 0 0 0 0 0 0 0 0 0 0 0 0 0 0 0 0 0 0 0 0 0 0 0 0 0 0 0 0
 0 0 0 0 0 0 0 0 0 0 0 0 0 0 0 0 0 0 0 0 0 0 0 0 0 0]
[1 1 1 1 1 1 1 1 1 1 1 1 1 1 1 1 1 1 1 1 1 1 1 1 1 1 1 1 1 1 1 1 1 1 1 1 1
 1 1 1 1 1 1 1 1 1 1 1 1 1 1 1 1 1 1 1 1 1 1 1 1 1 1 1 1 1 1 1 1 1 1 1 1 1
 1 1 1 1 1 1 1 1 1 1 1 1 1 1 1 1 1 1 1 1 1 1 1 1 1 1]
