[ 0  1  2  3  4  5  6  7  8  9 10 11 12 13 14 15 16 17 18 19 20 21 22 23
 24 25 26 27 28 29 30 31 32 33 34 35 36 37 38 39 40 41 42 43 44 45 46 47
 48 49 50 51 52 53 54 55 56 57 58 59 60 61 62 63 64 65 66 67 68 69 70 71
 72 73 74 75 76 77 78 79 80 81 82 83 84 85 86 87 88 89 90 91 92 93 94 95
 96 97 98 99]
[19 -1 -1 -1  0 -1 81 53 -1 84 -1 -1 93 -1 -1 35 36 84  9 65 86 10 79 32
 59 61 -1 98  0 19 46 -1 95  2 87 20 -1 42 16 98 76 42  5 -1 12 -1 -1 -1
 79 92 58 86 -1 23 25 58 26 51 -1 87 -1  6 74 93 14 62 15 -1 46 40 -1 64
 22 99 40 11 63 16 68 -1 -1  3 42 65 14 -1 84 -1 28  5 -1 70 -1 21 47 98
 38 73  1 96]
[1 0 1 1 0 0 0 0 0 0 0 1 1 0 1 1 0 0 0 1 0 0 0 0 0 0 0 1 1 0 1 1 1 1 0 0 0
 1 0 1 1 0 0 1 1 0 1 0 0 1 0 1 0 0 0 0 1 1 1 0 0 1 0 1 1 1 0 1 1 1 1 0 1 0
 0 0 0 1 0 0 0 1 0 0 0 1 0 0 0 0 1 0 1 1 1 1 1 1 0 1]
[0 0 0 3 0 4 0 0 0 3 3 3 0 2 3 4 0 0 0 2 3 0 0 0 0 0 3 4 2 0 2 0 0 0 0 0 0
 1 0 1 0 3 0 3 0 0 0 0 0 0 2 0 0 0 0 0 1 0 0 0 3 2 0 0 3 0 0 0 3 0 4 0 0 1
 1 2 4 1 2 3 0 0 0 4 4 0 4 0 3 0 4 4 2 0 3 0 0 0 4 1]
[0 0 0 3 0 4 0 0 0 3 3 3 0 2 3 4 0 0 0 2 3 0 0 0 0 0 3 4 2 0 2 0 0 0 0 0 0
 1 0 1 0 3 0 3 0 0 0 0 0 0 2 0 0 0 0 0 1 0 0 0 3 2 0 0 3 0 0 0 3 0 4 0 0 1
 1 2 4 1 2 3 0 0 0 4 4 0 4 0 3 0 4 4 2 0 3 0 0 0 4 1]
[2 6 6 7 1 7 4 6 5 7 4 5 3 8 4 5 3 8 2 3 5 6 7 5 5 8 2 2 1 6 7 9 2 9 7 4 1
 8 9 4 2 6 6 1 7 6 5 7 6 5 7 9 9 1 5 7 4 1 9 8 7 2 8 2 1 5 1 5 6 4 6 9 7 2
 9 9 8 4 3 6 1 2 4 5 5 8 4 6 3 4 9 5 5 5 5 1 6 8 6 6]
[2 6 6 7 1 7 4 6 5 7 4 5 3 8 4 5 3 8 2 3 5 6 7 5 5 8 2 2 1 6 7 9 2 9 7 4 1
 8 9 4 2 6 6 1 7 6 5 7 6 5 7 9 9 1 5 7 4 1 9 8 7 2 8 2 1 5 1 5 6 4 6 9 7 2
 9 9 8 4 3 6 1 2 4 5 5 8 4 6 3 4 9 5 5 5 5 1 6 8 6 6]
[27, 50, 50, 50, 43, 50, 50, 50, 18, 50, 50, 18, 11, 29, 50, 50, 24, 23, 32, 35, 36, 49, 16, 50, 50, 50, 50, 16, 50, 50, 20, 16, 50, 19, 37, 22, 17, 50, 50, 50, 50, 21, 22, 50, 43, 50, 50, 50, 39, 41, 50, 26, 31, 50, 36, 50, 50, 50, 50, 50, 50, 50, 50, 42, 47, 18, 50, 31, 15, 50, 50, 34, 37, 34, 32, 18, 50, 50, 50, 30, 50, 50, 50, 45, 50, 50, 26, 35, 50, 50, 33, 50, 48, 50, 18, 50, 50, 22, 32, 36]
[0 0 0 0 0 0 0 0 0 0 0 0 0 0 0 0 0 0 0 0 0 0 0 0 0 0 0 0 0 0 0 0 0 0 0 0 0
 0 0 0 0 0 0 0 0 0 0 0 0 0 0 0 0 0 0 0 0 0 0 0 0 0 0 0 0 0 0 0 0 0 0 0 0 0
 0 0 0 0 0 0 0 0 0 0 0 0 0 0 0 0 0 0 0 0 0 0 0 0 0 0]
[1 1 1 1 1 1 1 1 1 1 1 1 1 1 1 1 1 1 1 1 1 1 1 1 1 1 1 1 1 1 1 1 1 1 1 1 1
 1 1 1 1 1 1 1 1 1 1 1 1 1 1 1 1 1 1 1 1 1 1 1 1 1 1 1 1 1 1 1 1 1 1 1 1 1
 1 1 1 1 1 1 1 1 1 1 1 1 1 1 1 1 1 1 1 1 1 1 1 1 1 1]
