[ 0  1  2  3  4  5  6  7  8  9 10 11 12 13 14 15 16 17 18 19 20 21 22 23
 24 25 26 27 28 29 30 31 32 33 34 35 36 37 38 39 40 41 42 43 44 45 46 47
 48 49 50 51 52 53 54 55 56 57 58 59 60 61 62 63 64 65 66 67 68 69 70 71
 72 73 74 75 76 77 78 79 80 81 82 83 84 85 86 87 88 89 90 91 92 93 94 95
 96 97 98 99]
[68 86 68 92 34 19 18 99 34 12 19 37 16 64 -1 -1  6 24 53 -1 -1 -1 -1 84
 -1  0 -1 99 48 -1 -1 -1 62  4 66 82 -1 58  1 14 -1 52 83 92 -1 63 30 -1
 84 27 86 -1 -1 -1 97 -1 90 99 36 39 73 49 49 43 -1 82 -1 18 76 47 -1 45
 -1 -1 54 61  8 74 20 12 -1 61 32 -1 88  5 24 -1 -1 -1 73 -1 33  1 -1 96
 -1 -1 59 10]
[1 1 0 0 0 1 1 1 0 1 1 1 0 1 1 0 0 0 0 1 1 1 0 0 0 0 1 0 0 0 1 1 0 1 0 1 0
 0 0 1 0 0 0 1 0 1 0 0 1 1 0 0 1 0 0 1 0 0 0 0 1 0 1 0 1 0 1 0 0 0 1 1 1 0
 0 1 1 0 0 1 0 1 1 1 1 1 0 1 1 1 1 1 1 0 1 1 0 0 1 1]
[2 0 0 0 4 0 2 0 3 4 3 0 3 0 0 0 2 0 3 2 0 4 1 1 4 0 3 4 2 0 0 0 0 4 0 1 0
 0 1 1 0 1 0 1 0 0 2 4 2 4 4 2 0 4 1 0 3 2 1 1 1 0 4 1 0 4 0 2 0 0 0 0 4 1
 2 0 3 0 0 0 2 0 0 0 0 3 4 2 0 0 0 0 1 1 0 0 3 0 0 2]
[2 0 0 0 4 0 2 0 3 4 3 0 3 0 0 0 2 0 3 2 0 4 1 1 4 0 3 4 2 0 0 0 0 4 0 1 0
 0 1 1 0 1 0 1 0 0 2 4 2 4 4 2 0 4 1 0 3 2 1 1 1 0 4 1 0 4 0 2 0 0 0 0 4 1
 2 0 3 0 0 0 2 0 0 0 0 3 4 2 0 0 0 0 1 1 0 0 3 0 0 2]
[8 9 6 6 7 6 1 1 4 5 1 2 3 9 3 4 5 3 3 7 8 7 5 9 3 8 5 2 9 5 8 8 2 3 4 8 5
 5 1 3 2 6 4 1 8 3 4 6 1 6 7 5 2 9 9 8 2 1 3 7 8 5 7 2 1 9 1 5 7 7 8 6 6 7
 6 2 8 6 5 8 2 7 7 1 1 2 7 6 5 7 4 4 4 5 7 8 1 7 7 5]
[8 9 6 6 7 6 1 1 4 5 1 2 3 9 3 4 5 3 3 7 8 7 5 9 3 8 5 2 9 5 8 8 2 3 4 8 5
 5 1 3 2 6 4 1 8 3 4 6 1 6 7 5 2 9 9 8 2 1 3 7 8 5 7 2 1 9 1 5 7 7 8 6 6 7
 6 2 8 6 5 8 2 7 7 1 1 2 7 6 5 7 4 4 4 5 7 8 1 7 7 5]
[44, 50, 33, 50, 50, 50, 15, 47, 50, 50, 46, 50, 25, 50, 50, 36, 29, 50, 50, 27, 50, 46, 50, 38, 21, 48, 50, 39, 11, 16, 50, 29, 50, 50, 50, 39, 50, 23, 42, 10, 50, 33, 50, 50, 50, 50, 50, 50, 50, 47, 21, 47, 11, 16, 50, 27, 50, 49, 50, 50, 13, 50, 30, 19, 50, 28, 49, 50, 21, 50, 33, 50, 50, 17, 40, 36, 36, 50, 28, 50, 50, 50, 50, 13, 50, 36, 50, 35, 48, 50, 28, 16, 32, 30, 50, 50, 23, 24, 50, 50]
[0 0 0 0 0 0 0 0 0 0 0 0 0 0 0 0 0 0 0 0 0 0 0 0 0 0 0 0 0 0 0 0 0 0 0 0 0
 0 0 0 0 0 0 0 0 0 0 0 0 0 0 0 0 0 0 0 0 0 0 0 0 0 0 0 0 0 0 0 0 0 0 0 0 0
 0 0 0 0 0 0 0 0 0 0 0 0 0 0 0 0 0 0 0 0 0 0 0 0 0 0]
[1 1 1 1 1 1 1 1 1 1 1 1 1 1 1 1 1 1 1 1 1 1 1 1 1 1 1 1 1 1 1 1 1 1 1 1 1
 1 1 1 1 1 1 1 1 1 1 1 1 1 1 1 1 1 1 1 1 1 1 1 1 1 1 1 1 1 1 1 1 1 1 1 1 1
 1 1 1 1 1 1 1 1 1 1 1 1 1 1 1 1 1 1 1 1 1 1 1 1 1 1]
