[ 0  1  2  3  4  5  6  7  8  9 10 11 12 13 14 15 16 17 18 19 20 21 22 23
 24 25 26 27 28 29 30 31 32 33 34 35 36 37 38 39 40 41 42 43 44 45 46 47
 48 49 50 51 52 53 54 55 56 57 58 59 60 61 62 63 64 65 66 67 68 69 70 71
 72 73 74 75 76 77 78 79 80 81 82 83 84 85 86 87 88 89 90 91 92 93 94 95
 96 97 98 99]
[-1 -1 38 -1 33 22 59 18 -1 -1 82 89 78 24 27 54 46 -1 90 -1 -1 -1 41 -1
 88 71 -1  9 70  5 89 97 31 40 58 -1 -1 -1 -1 96 34 80 -1  2 -1 -1 -1 -1
 39 -1 -1 84  3 57 46 90 -1 88 16 99 98 40 49  2 41 31 -1 77 -1 59 92 -1
 51 -1 -1 -1 98 26 82 -1  4 -1 52 88  7 -1 77 95 30 41 87 -1 18 -1 67 80
 59 81 -1 92]
[0 0 1 1 1 0 1 1 0 0 1 1 0 0 1 1 0 1 1 0 1 0 0 1 1 1 0 0 1 1 1 0 1 0 1 0 0
 0 1 1 0 1 1 1 0 0 1 1 0 0 1 0 0 1 0 0 0 0 0 0 1 1 1 1 0 1 0 0 0 1 1 0 0 1
 1 1 0 0 1 0 0 1 1 1 1 0 1 1 1 0 1 1 0 0 1 1 1 1 1 1]
[0 0 0 0 2 3 0 3 4 1 4 0 0 3 4 4 4 3 1 2 1 0 0 0 0 4 0 4 0 3 0 0 2 0 3 0 2
 0 0 1 3 0 0 0 0 0 2 0 4 0 3 0 4 1 0 1 0 0 0 1 0 0 0 0 3 4 1 1 0 1 0 2 4 0
 0 0 0 2 0 0 1 2 4 0 1 0 0 0 0 3 3 3 4 1 3 2 0 0 0 0]
[0 0 0 0 2 3 0 3 4 1 4 0 0 3 4 4 4 3 1 2 1 0 0 0 0 4 0 4 0 3 0 0 2 0 3 0 2
 0 0 1 3 0 0 0 0 0 2 0 4 0 3 0 4 1 0 1 0 0 0 1 0 0 0 0 3 4 1 1 0 1 0 2 4 0
 0 0 0 2 0 0 1 2 4 0 1 0 0 0 0 3 3 3 4 1 3 2 0 0 0 0]
[8 7 5 6 9 8 1 2 6 1 5 3 2 9 2 2 8 5 6 5 1 6 3 5 4 7 3 7 3 5 6 3 5 6 9 7 8
 6 9 5 2 2 1 1 8 7 4 6 9 1 3 6 1 5 3 6 3 5 1 2 3 2 1 1 4 9 6 6 8 2 6 6 5 9
 8 4 9 9 7 5 5 3 1 8 6 1 1 9 3 5 5 9 3 4 4 8 4 2 3 8]
[8 7 5 6 9 8 1 2 6 1 5 3 2 9 2 2 8 5 6 5 1 6 3 5 4 7 3 7 3 5 6 3 5 6 9 7 8
 6 9 5 2 2 1 1 8 7 4 6 9 1 3 6 1 5 3 6 3 5 1 2 3 2 1 1 4 9 6 6 8 2 6 6 5 9
 8 4 9 9 7 5 5 3 1 8 6 1 1 9 3 5 5 9 3 4 4 8 4 2 3 8]
[23, 50, 50, 50, 27, 15, 37, 50, 50, 50, 49, 50, 50, 50, 50, 16, 13, 18, 50, 38, 50, 45, 20, 50, 50, 50, 25, 50, 50, 50, 50, 35, 50, 39, 34, 50, 50, 46, 50, 48, 41, 50, 14, 50, 36, 43, 50, 14, 39, 24, 50, 28, 36, 50, 50, 34, 50, 31, 50, 26, 42, 31, 36, 44, 29, 21, 35, 37, 49, 50, 50, 50, 37, 44, 50, 50, 50, 37, 50, 50, 27, 50, 50, 49, 49, 29, 32, 21, 14, 50, 12, 50, 50, 50, 36, 50, 19, 36, 28, 12]
[0 0 0 0 0 0 0 0 0 0 0 0 0 0 0 0 0 0 0 0 0 0 0 0 0 0 0 0 0 0 0 0 0 0 0 0 0
 0 0 0 0 0 0 0 0 0 0 0 0 0 0 0 0 0 0 0 0 0 0 0 0 0 0 0 0 0 0 0 0 0 0 0 0 0
 0 0 0 0 0 0 0 0 0 0 0 0 0 0 0 0 0 0 0 0 0 0 0 0 0 0]
[1 1 1 1 1 1 1 1 1 1 1 1 1 1 1 1 1 1 1 1 1 1 1 1 1 1 1 1 1 1 1 1 1 1 1 1 1
 1 1 1 1 1 1 1 1 1 1 1 1 1 1 1 1 1 1 1 1 1 1 1 1 1 1 1 1 1 1 1 1 1 1 1 1 1
 1 1 1 1 1 1 1 1 1 1 1 1 1 1 1 1 1 1 1 1 1 1 1 1 1 1]
