[ 0  1  2  3  4  5  6  7  8  9 10 11 12 13 14 15 16 17 18 19 20 21 22 23
 24 25 26 27 28 29 30 31 32 33 34 35 36 37 38 39 40 41 42 43 44 45 46 47
 48 49 50 51 52 53 54 55 56 57 58 59 60 61 62 63 64 65 66 67 68 69 70 71
 72 73 74 75 76 77 78 79 80 81 82 83 84 85 86 87 88 89 90 91 92 93 94 95
 96 97 98 99]
[-1 49 74 80 -1 64 -1 25 90 28 14 -1 47 -1 82 41 38 49 -1 43 -1 14 76 80
 -1 -1 32 37 -1 87  9 -1 -1 68 -1 15  6 56 -1 -1 -1 11 -1 -1 96 -1 47 40
 23 96 58 20 -1 -1 79 -1 -1 13 20 -1 38 36 28 57  0 -1  6 79 22 -1 96 36
 -1 28 -1 79 72 44 26 77 -1 -1 77 90 57 -1  8 54 79 43 91 53 -1 26 -1 83
 -1 34 -1 93]
[0 0 1 0 1 1 0 1 1 0 1 1 0 1 0 1 0 1 1 0 1 0 0 0 1 1 1 1 0 0 1 1 0 0 1 0 0
 1 1 1 1 1 1 1 1 0 1 0 0 1 0 1 0 0 1 1 1 0 0 0 0 0 0 1 0 0 1 1 0 1 0 1 1 1
 1 0 0 1 0 0 1 1 1 0 1 1 1 1 1 1 1 0 1 1 1 0 1 0 0 1]
[0 0 0 0 0 4 1 3 2 0 2 0 2 3 1 3 0 0 0 0 3 0 3 4 1 0 1 3 3 0 4 4 1 0 2 4 0
 4 2 2 1 0 0 3 4 0 0 2 2 2 0 3 1 0 0 2 3 0 0 0 0 0 0 0 4 0 0 0 4 1 1 4 3 0
 1 0 3 2 1 0 1 0 4 0 4 3 2 0 0 0 4 1 1 2 3 0 0 0 0 0]
[0 0 0 0 0 4 1 3 2 0 2 0 2 3 1 3 0 0 0 0 3 0 3 4 1 0 1 3 3 0 4 4 1 0 2 4 0
 4 2 2 1 0 0 3 4 0 0 2 2 2 0 3 1 0 0 2 3 0 0 0 0 0 0 0 4 0 0 0 4 1 1 4 3 0
 1 0 3 2 1 0 1 0 4 0 4 3 2 0 0 0 4 1 1 2 3 0 0 0 0 0]
[6 7 8 9 9 1 1 8 4 7 3 3 2 7 7 8 7 1 5 9 2 4 2 4 3 6 3 8 4 9 1 9 8 3 6 6 2
 2 3 8 6 5 4 9 9 5 4 2 5 3 5 7 3 9 5 7 3 4 2 7 1 7 1 2 3 6 1 5 2 5 2 3 6 1
 9 3 3 8 8 5 7 9 8 9 9 2 2 7 8 2 5 7 8 5 1 2 1 4 6 9]
[6 7 8 9 9 1 1 8 4 7 3 3 2 7 7 8 7 1 5 9 2 4 2 4 3 6 3 8 4 9 1 9 8 3 6 6 2
 2 3 8 6 5 4 9 9 5 4 2 5 3 5 7 3 9 5 7 3 4 2 7 1 7 1 2 3 6 1 5 2 5 2 3 6 1
 9 3 3 8 8 5 7 9 8 9 9 2 2 7 8 2 5 7 8 5 1 2 1 4 6 9]
[50, 50, 39, 50, 50, 43, 12, 13, 50, 37, 50, 50, 50, 50, 19, 50, 36, 26, 50, 25, 43, 50, 44, 50, 17, 18, 50, 27, 16, 50, 50, 50, 47, 33, 44, 50, 50, 37, 50, 50, 16, 50, 31, 50, 48, 50, 50, 50, 38, 50, 50, 44, 33, 37, 36, 32, 50, 50, 50, 50, 19, 50, 20, 50, 39, 34, 34, 19, 29, 28, 50, 37, 50, 10, 14, 50, 24, 23, 41, 23, 17, 50, 50, 20, 48, 50, 46, 50, 50, 32, 40, 49, 50, 50, 50, 38, 50, 39, 50, 36]
[0 0 0 0 0 0 0 0 0 0 0 0 0 0 0 0 0 0 0 0 0 0 0 0 0 0 0 0 0 0 0 0 0 0 0 0 0
 0 0 0 0 0 0 0 0 0 0 0 0 0 0 0 0 0 0 0 0 0 0 0 0 0 0 0 0 0 0 0 0 0 0 0 0 0
 0 0 0 0 0 0 0 0 0 0 0 0 0 0 0 0 0 0 0 0 0 0 0 0 0 0]
[1 1 1 1 1 1 1 1 1 1 1 1 1 1 1 1 1 1 1 1 1 1 1 1 1 1 1 1 1 1 1 1 1 1 1 1 1
 1 1 1 1 1 1 1 1 1 1 1 1 1 1 1 1 1 1 1 1 1 1 1 1 1 1 1 1 1 1 1 1 1 1 1 1 1
 1 1 1 1 1 1 1 1 1 1 1 1 1 1 1 1 1 1 1 1 1 1 1 1 1 1]
