[ 0  1  2  3  4  5  6  7  8  9 10 11 12 13 14 15 16 17 18 19 20 21 22 23
 24 25 26 27 28 29 30 31 32 33 34 35 36 37 38 39 40 41 42 43 44 45 46 47
 48 49 50 51 52 53 54 55 56 57 58 59 60 61 62 63 64 65 66 67 68 69 70 71
 72 73 74 75 76 77 78 79 80 81 82 83 84 85 86 87 88 89 90 91 92 93 94 95
 96 97 98 99]
[-1 -1 62 63 38 72 -1 -1 38  3 47 77 56 -1 92 -1 -1 98 74  5 -1 -1 -1 76
 -1 29  0 25  0 -1 -1 89 91 52 -1 -1 -1 66 -1 85 63 42 -1 88 -1 74 49 54
 -1 -1 42 49 -1 50 -1 -1 91 44  8 94 43  2 -1 57 -1 -1 -1 99 14 45 36 -1
 30 12 -1 -1 69 -1 -1 64 33 -1 16 -1 33 89 74 92 39  9 -1 61 24 -1 -1 22
 80 41 99 34]
[0 0 1 0 0 0 0 1 0 0 1 1 1 1 0 0 0 0 0 0 0 1 1 1 1 0 0 0 1 1 1 1 0 0 1 0 1
 1 0 1 0 0 0 1 1 1 0 1 1 1 0 0 1 0 1 1 0 0 1 1 0 1 0 0 0 1 0 0 1 1 1 0 1 0
 0 1 0 0 1 0 1 1 0 0 1 1 1 0 0 0 1 1 0 1 0 0 0 0 0 1]
[1 0 0 2 0 2 0 0 4 0 3 3 3 3 0 2 0 4 3 0 2 0 0 0 4 4 4 0 0 3 2 2 0 4 2 0 3
 0 4 0 0 3 0 0 2 1 0 3 0 1 1 0 0 1 2 0 0 2 1 2 0 0 2 0 0 0 0 0 2 2 3 0 3 0
 0 1 3 0 0 1 0 0 4 2 0 0 0 0 3 2 2 0 2 4 0 0 2 4 0 3]
[1 0 0 2 0 2 0 0 4 0 3 3 3 3 0 2 0 4 3 0 2 0 0 0 4 4 4 0 0 3 2 2 0 4 2 0 3
 0 4 0 0 3 0 0 2 1 0 3 0 1 1 0 0 1 2 0 0 2 1 2 0 0 2 0 0 0 0 0 2 2 3 0 3 0
 0 1 3 0 0 1 0 0 4 2 0 0 0 0 3 2 2 0 2 4 0 0 2 4 0 3]
[5 1 7 6 6 8 6 1 9 9 5 4 1 2 8 2 8 5 7 7 7 4 7 9 3 8 5 6 3 5 7 8 6 2 5 5 2
 5 6 9 9 8 2 2 4 3 9 7 4 2 7 9 8 2 2 3 6 2 7 7 4 6 4 3 8 8 4 1 6 8 5 7 5 5
 3 8 1 1 4 5 3 7 9 9 7 2 1 1 2 7 1 1 6 3 9 5 3 7 9 2]
[5 1 7 6 6 8 6 1 9 9 5 4 1 2 8 2 8 5 7 7 7 4 7 9 3 8 5 6 3 5 7 8 6 2 5 5 2
 5 6 9 9 8 2 2 4 3 9 7 4 2 7 9 8 2 2 3 6 2 7 7 4 6 4 3 8 8 4 1 6 8 5 7 5 5
 3 8 1 1 4 5 3 7 9 9 7 2 1 1 2 7 1 1 6 3 9 5 3 7 9 2]
[20, 50, 50, 10, 36, 50, 50, 50, 50, 33, 25, 50, 42, 37, 50, 50, 50, 50, 50, 16, 17, 20, 50, 50, 50, 30, 50, 50, 43, 13, 14, 50, 35, 19, 25, 17, 12, 50, 50, 50, 37, 42, 50, 50, 36, 50, 50, 16, 50, 38, 22, 40, 50, 50, 37, 50, 17, 12, 15, 50, 50, 50, 50, 50, 50, 50, 50, 50, 35, 32, 50, 27, 28, 26, 38, 39, 50, 42, 50, 39, 50, 16, 33, 50, 40, 50, 42, 18, 40, 50, 50, 50, 29, 50, 50, 50, 50, 50, 50, 50]
[0 0 0 0 0 0 0 0 0 0 0 0 0 0 0 0 0 0 0 0 0 0 0 0 0 0 0 0 0 0 0 0 0 0 0 0 0
 0 0 0 0 0 0 0 0 0 0 0 0 0 0 0 0 0 0 0 0 0 0 0 0 0 0 0 0 0 0 0 0 0 0 0 0 0
 0 0 0 0 0 0 0 0 0 0 0 0 0 0 0 0 0 0 0 0 0 0 0 0 0 0]
[1 1 1 1 1 1 1 1 1 1 1 1 1 1 1 1 1 1 1 1 1 1 1 1 1 1 1 1 1 1 1 1 1 1 1 1 1
 1 1 1 1 1 1 1 1 1 1 1 1 1 1 1 1 1 1 1 1 1 1 1 1 1 1 1 1 1 1 1 1 1 1 1 1 1
 1 1 1 1 1 1 1 1 1 1 1 1 1 1 1 1 1 1 1 1 1 1 1 1 1 1]
