[ 0  1  2  3  4  5  6  7  8  9 10 11 12 13 14 15 16 17 18 19 20 21 22 23
 24 25 26 27 28 29 30 31 32 33 34 35 36 37 38 39 40 41 42 43 44 45 46 47
 48 49 50 51 52 53 54 55 56 57 58 59 60 61 62 63 64 65 66 67 68 69 70 71
 72 73 74 75 76 77 78 79 80 81 82 83 84 85 86 87 88 89 90 91 92 93 94 95
 96 97 98 99]
[-1 69 50 -1 75 41 92 -1 -1 64 -1 37 -1 -1 23 62 51 -1 95 31 79 97 -1 16
 -1 47 39 -1 91 30 -1 -1 -1 80 97 20 57 36 -1 14 91 71 73 78 10  9 57 68
 68 18 -1 87 87  3 -1 -1 31 39 93 -1 -1 33  5 83  7 -1 46 -1  6 -1 -1 66
 90 65 91 77 59 74 -1 82 -1 -1 90 37 11 64 68 48 39 93 83  9 59 19 68 53
 53 -1 -1 84]
[0 1 0 0 0 1 1 1 1 0 1 0 1 0 1 1 1 1 0 0 0 0 0 1 1 1 0 0 1 0 1 1 0 1 1 0 0
 1 0 0 0 0 0 1 0 0 0 1 0 0 1 1 1 1 0 0 0 0 1 0 1 1 0 1 0 1 1 0 1 0 1 0 1 1
 1 1 0 0 1 0 1 0 1 0 0 0 1 0 0 0 1 1 1 0 1 1 1 1 1 1]
[0 2 4 1 0 2 2 0 4 0 0 4 3 1 1 0 1 2 4 2 2 3 4 0 0 4 0 0 3 0 4 4 0 0 2 0 0
 0 1 0 0 0 2 1 0 4 0 0 0 3 0 1 3 4 0 0 1 1 0 1 2 0 0 0 0 0 3 1 0 1 0 4 0 0
 0 2 0 3 4 2 1 0 0 0 0 2 4 0 0 3 2 0 3 1 0 2 2 0 0 2]
[0 2 4 1 0 2 2 0 4 0 0 4 3 1 1 0 1 2 4 2 2 3 4 0 0 4 0 0 3 0 4 4 0 0 2 0 0
 0 1 0 0 0 2 1 0 4 0 0 0 3 0 1 3 4 0 0 1 1 0 1 2 0 0 0 0 0 3 1 0 1 0 4 0 0
 0 2 0 3 4 2 1 0 0 0 0 2 4 0 0 3 2 0 3 1 0 2 2 0 0 2]
[8 2 9 6 3 9 1 8 8 4 5 1 3 7 5 7 1 2 1 6 6 1 9 2 9 1 4 8 4 9 5 9 6 8 5 3 2
 7 4 9 9 5 4 2 3 2 1 8 9 7 8 7 2 5 4 7 4 7 4 5 6 8 8 5 8 7 8 9 6 7 9 4 4 7
 4 9 4 4 3 4 1 4 6 8 6 1 5 1 2 7 7 6 7 9 6 4 7 9 8 2]
[8 2 9 6 3 9 1 8 8 4 5 1 3 7 5 7 1 2 1 6 6 1 9 2 9 1 4 8 4 9 5 9 6 8 5 3 2
 7 4 9 9 5 4 2 3 2 1 8 9 7 8 7 2 5 4 7 4 7 4 5 6 8 8 5 8 7 8 9 6 7 9 4 4 7
 4 9 4 4 3 4 1 4 6 8 6 1 5 1 2 7 7 6 7 9 6 4 7 9 8 2]
[29, 50, 46, 50, 41, 43, 50, 40, 43, 50, 50, 50, 32, 50, 50, 30, 50, 33, 50, 50, 50, 50, 16, 47, 37, 50, 47, 50, 15, 34, 34, 49, 15, 50, 38, 47, 50, 50, 46, 26, 13, 50, 13, 21, 39, 50, 50, 50, 50, 22, 50, 32, 22, 49, 50, 49, 33, 50, 35, 50, 35, 50, 50, 38, 50, 25, 50, 50, 50, 50, 45, 39, 37, 21, 49, 50, 35, 49, 50, 21, 50, 20, 22, 50, 23, 33, 14, 50, 23, 50, 30, 18, 26, 23, 50, 14, 45, 50, 49, 50]
[0 0 0 0 0 0 0 0 0 0 0 0 0 0 0 0 0 0 0 0 0 0 0 0 0 0 0 0 0 0 0 0 0 0 0 0 0
 0 0 0 0 0 0 0 0 0 0 0 0 0 0 0 0 0 0 0 0 0 0 0 0 0 0 0 0 0 0 0 0 0 0 0 0 0
 0 0 0 0 0 0 0 0 0 0 0 0 0 0 0 0 0 0 0 0 0 0 0 0 0 0]
[1 1 1 1 1 1 1 1 1 1 1 1 1 1 1 1 1 1 1 1 1 1 1 1 1 1 1 1 1 1 1 1 1 1 1 1 1
 1 1 1 1 1 1 1 1 1 1 1 1 1 1 1 1 1 1 1 1 1 1 1 1 1 1 1 1 1 1 1 1 1 1 1 1 1
 1 1 1 1 1 1 1 1 1 1 1 1 1 1 1 1 1 1 1 1 1 1 1 1 1 1]
