[ 0  1  2  3  4  5  6  7  8  9 10 11 12 13 14 15 16 17 18 19 20 21 22 23
 24 25 26 27 28 29 30 31 32 33 34 35 36 37 38 39 40 41 42 43 44 45 46 47
 48 49 50 51 52 53 54 55 56 57 58 59 60 61 62 63 64 65 66 67 68 69 70 71
 72 73 74 75 76 77 78 79 80 81 82 83 84 85 86 87 88 89 90 91 92 93 94 95
 96 97 98 99]
[36 -1 84 68 -1 -1 44 76 25 88 85 -1 39 -1 -1  7 70 30 97 48 82  0  8 22
 28 -1 -1 48 -1 94  9 63 -1 80  9  6 26 29 39 51  6 44 18 -1  1 44 -1 -1
 34 67 -1 62  3  0 21 59 -1 -1 31 67 63 70 45 24 92 -1 84 62 74 81 53  1
 11  0 72 81 -1 16 82  5 -1  3 -1 -1 -1 -1 88 38 65 -1 36 90 43 90 -1  3
 -1 76 -1 -1]
[0 0 0 1 0 1 1 0 1 1 0 1 1 0 1 0 0 0 0 0 1 1 0 0 0 1 0 1 1 1 1 1 0 0 1 0 0
 1 0 0 0 0 1 1 1 1 0 1 1 0 1 1 0 1 1 1 0 0 0 0 1 1 0 1 1 0 0 0 1 0 0 1 0 1
 0 0 0 1 0 1 0 1 1 0 1 1 0 0 0 1 1 1 0 0 1 1 1 1 1 1]
[0 4 2 0 2 0 0 2 0 0 1 1 0 2 4 0 0 2 0 0 0 0 0 4 0 4 0 2 1 2 1 4 1 0 0 4 3
 0 2 3 0 0 2 4 2 1 3 2 0 0 0 0 0 0 4 0 0 0 1 0 2 4 0 0 0 0 3 0 4 2 0 0 2 0
 3 3 0 0 2 0 0 1 4 0 4 0 1 0 4 0 0 0 0 0 0 1 1 3 0 1]
[0 4 2 0 2 0 0 2 0 0 1 1 0 2 4 0 0 2 0 0 0 0 0 4 0 4 0 2 1 2 1 4 1 0 0 4 3
 0 2 3 0 0 2 4 2 1 3 2 0 0 0 0 0 0 4 0 0 0 1 0 2 4 0 0 0 0 3 0 4 2 0 0 2 0
 3 3 0 0 2 0 0 1 4 0 4 0 1 0 4 0 0 0 0 0 0 1 1 3 0 1]
[2 8 1 5 4 6 8 7 9 2 8 8 8 5 1 6 8 4 1 4 2 5 9 8 4 9 8 8 4 6 9 1 5 4 7 1 8
 5 8 7 3 4 1 4 4 1 4 3 3 2 4 9 6 7 5 3 1 2 4 1 2 5 8 2 2 2 2 7 1 7 6 8 1 9
 1 3 2 8 6 6 1 8 9 7 7 9 5 2 6 5 9 6 7 4 2 7 1 4 3 1]
[2 8 1 5 4 6 8 7 9 2 8 8 8 5 1 6 8 4 1 4 2 5 9 8 4 9 8 8 4 6 9 1 5 4 7 1 8
 5 8 7 3 4 1 4 4 1 4 3 3 2 4 9 6 7 5 3 1 2 4 1 2 5 8 2 2 2 2 7 1 7 6 8 1 9
 1 3 2 8 6 6 1 8 9 7 7 9 5 2 6 5 9 6 7 4 2 7 1 4 3 1]
[50, 50, 50, 50, 37, 49, 50, 30, 50, 37, 50, 50, 20, 26, 48, 50, 50, 27, 50, 43, 50, 16, 22, 50, 50, 48, 50, 23, 25, 50, 30, 50, 50, 15, 50, 50, 50, 50, 50, 50, 50, 32, 50, 17, 31, 50, 50, 36, 50, 50, 43, 19, 50, 50, 50, 50, 28, 50, 50, 27, 38, 12, 32, 50, 16, 18, 24, 15, 50, 46, 43, 50, 50, 50, 29, 12, 36, 40, 20, 50, 47, 16, 15, 37, 50, 50, 18, 50, 40, 41, 42, 47, 27, 50, 50, 50, 50, 50, 10, 50]
[0 0 0 0 0 0 0 0 0 0 0 0 0 0 0 0 0 0 0 0 0 0 0 0 0 0 0 0 0 0 0 0 0 0 0 0 0
 0 0 0 0 0 0 0 0 0 0 0 0 0 0 0 0 0 0 0 0 0 0 0 0 0 0 0 0 0 0 0 0 0 0 0 0 0
 0 0 0 0 0 0 0 0 0 0 0 0 0 0 0 0 0 0 0 0 0 0 0 0 0 0]
[1 1 1 1 1 1 1 1 1 1 1 1 1 1 1 1 1 1 1 1 1 1 1 1 1 1 1 1 1 1 1 1 1 1 1 1 1
 1 1 1 1 1 1 1 1 1 1 1 1 1 1 1 1 1 1 1 1 1 1 1 1 1 1 1 1 1 1 1 1 1 1 1 1 1
 1 1 1 1 1 1 1 1 1 1 1 1 1 1 1 1 1 1 1 1 1 1 1 1 1 1]
