[ 0  1  2  3  4  5  6  7  8  9 10 11 12 13 14 15 16 17 18 19 20 21 22 23
 24 25 26 27 28 29 30 31 32 33 34 35 36 37 38 39 40 41 42 43 44 45 46 47
 48 49 50 51 52 53 54 55 56 57 58 59 60 61 62 63 64 65 66 67 68 69 70 71
 72 73 74 75 76 77 78 79 80 81 82 83 84 85 86 87 88 89 90 91 92 93 94 95
 96 97 98 99]
[28 51 -1 58 55 77 50 -1 -1 98 65 -1 -1 -1 25  7 30 -1 -1 64 -1 49 38 59
 44 42 -1 -1 -1 73 40 83 -1  7 22 20 -1 76 96 58 18 -1 23 -1 64 85 68  2
 79 45 -1 79 -1 75 44 74 -1  1 -1 61 39 72 40 -1 82 78 -1 -1 28 -1 21 31
 92 56 99 -1 31 82 40 -1 25 -1 -1 68 41 83 -1 56 74 23 53 29 -1 87 16 -1
 26 86 -1 21]
[1 0 1 0 1 0 0 1 0 0 1 1 0 0 1 0 0 0 0 1 0 0 1 1 1 0 1 0 0 0 1 1 1 0 0 0 1
 1 1 1 0 1 0 1 0 0 0 1 0 0 1 0 1 1 0 1 0 0 1 0 0 0 0 0 0 0 1 1 1 0 0 0 0 0
 0 1 0 0 1 1 1 1 0 1 1 1 0 1 1 0 0 1 0 1 1 0 0 0 1 0]
[0 4 0 0 0 0 2 0 0 0 4 0 0 0 0 2 4 0 0 0 4 0 4 4 3 0 0 4 1 2 4 2 4 0 4 0 2
 0 2 3 0 2 0 1 0 2 2 2 0 4 3 0 0 0 2 0 4 0 2 4 1 2 0 2 4 2 0 0 0 0 4 3 3 0
 0 2 3 2 1 3 1 0 4 0 2 1 2 1 0 3 1 4 0 0 0 0 0 0 3 0]
[0 4 0 0 0 0 2 0 0 0 4 0 0 0 0 2 4 0 0 0 4 0 4 4 3 0 0 4 1 2 4 2 4 0 4 0 2
 0 2 3 0 2 0 1 0 2 2 2 0 4 3 0 0 0 2 0 4 0 2 4 1 2 0 2 4 2 0 0 0 0 4 3 3 0
 0 2 3 2 1 3 1 0 4 0 2 1 2 1 0 3 1 4 0 0 0 0 0 0 3 0]
[4 4 2 2 9 3 8 5 7 2 8 5 6 9 6 4 8 6 2 9 9 5 8 8 8 2 6 4 3 8 5 7 4 6 6 6 4
 4 7 6 3 4 4 8 8 6 8 1 1 2 3 8 5 8 1 7 6 9 7 7 5 6 5 6 6 3 5 5 3 2 5 2 4 4
 1 2 8 6 2 5 7 2 6 3 8 6 1 8 5 8 7 2 5 2 2 3 3 5 1 7]
[4 4 2 2 9 3 8 5 7 2 8 5 6 9 6 4 8 6 2 9 9 5 8 8 8 2 6 4 3 8 5 7 4 6 6 6 4
 4 7 6 3 4 4 8 8 6 8 1 1 2 3 8 5 8 1 7 6 9 7 7 5 6 5 6 6 3 5 5 3 2 5 2 4 4
 1 2 8 6 2 5 7 2 6 3 8 6 1 8 5 8 7 2 5 2 2 3 3 5 1 7]
[34, 49, 50, 11, 30, 50, 19, 50, 49, 50, 17, 50, 50, 26, 17, 40, 50, 50, 49, 34, 41, 27, 50, 18, 50, 50, 50, 50, 50, 44, 29, 44, 19, 46, 50, 50, 31, 39, 50, 50, 37, 50, 18, 50, 38, 35, 50, 50, 50, 37, 50, 50, 23, 50, 16, 18, 50, 48, 50, 50, 50, 32, 21, 50, 39, 13, 50, 50, 50, 11, 30, 50, 43, 50, 21, 31, 50, 34, 42, 50, 25, 23, 50, 50, 50, 50, 50, 45, 18, 14, 13, 50, 28, 50, 50, 42, 42, 50, 50, 50]
[0 0 0 0 0 0 0 0 0 0 0 0 0 0 0 0 0 0 0 0 0 0 0 0 0 0 0 0 0 0 0 0 0 0 0 0 0
 0 0 0 0 0 0 0 0 0 0 0 0 0 0 0 0 0 0 0 0 0 0 0 0 0 0 0 0 0 0 0 0 0 0 0 0 0
 0 0 0 0 0 0 0 0 0 0 0 0 0 0 0 0 0 0 0 0 0 0 0 0 0 0]
[1 1 1 1 1 1 1 1 1 1 1 1 1 1 1 1 1 1 1 1 1 1 1 1 1 1 1 1 1 1 1 1 1 1 1 1 1
 1 1 1 1 1 1 1 1 1 1 1 1 1 1 1 1 1 1 1 1 1 1 1 1 1 1 1 1 1 1 1 1 1 1 1 1 1
 1 1 1 1 1 1 1 1 1 1 1 1 1 1 1 1 1 1 1 1 1 1 1 1 1 1]
