[ 0  1  2  3  4  5  6  7  8  9 10 11 12 13 14 15 16 17 18 19 20 21 22 23
 24 25 26 27 28 29 30 31 32 33 34 35 36 37 38 39 40 41 42 43 44 45 46 47
 48 49 50 51 52 53 54 55 56 57 58 59 60 61 62 63 64 65 66 67 68 69 70 71
 72 73 74 75 76 77 78 79 80 81 82 83 84 85 86 87 88 89 90 91 92 93 94 95
 96 97 98 99]
[60 97 -1 -1 76 30 -1 -1 -1 22 67 62 79 14 -1 61 94 45 59 78 99 34 -1 59
 -1  8 -1 14 78 -1 61 34 -1 -1 -1 58 69 -1 -1 56 88 -1 87 99 82 82 -1 -1
 76 17 -1 64 -1 29 53 77 84 -1  2  5  5 83 -1 95 57 81 -1 72 -1 31 -1 90
 44 12 73 -1 -1 -1 37 93 76 86 -1 -1 -1 45 -1  2 -1 -1 37 80 63 35 11 98
 54 40 -1 36]
[1 1 1 1 0 1 0 1 0 0 0 0 1 0 0 0 0 0 0 1 1 0 0 0 0 0 1 0 1 0 0 1 1 1 0 0 0
 0 1 0 0 1 0 0 1 1 0 0 1 1 0 0 0 1 1 0 1 0 0 0 0 1 0 1 0 1 0 1 1 1 0 0 1 0
 0 1 1 1 1 1 0 0 1 0 1 1 0 1 0 0 1 0 0 1 0 1 1 1 0 0]
[4 4 0 0 0 3 0 3 0 0 1 3 4 0 0 0 3 0 3 4 0 0 0 0 0 0 1 1 0 1 3 0 4 0 0 4 0
 0 2 2 2 1 0 0 0 4 2 1 0 0 4 4 2 1 0 3 2 4 0 1 0 4 0 0 1 2 0 0 0 2 2 3 4 3
 0 0 0 0 0 2 0 3 0 4 0 0 2 0 0 0 0 0 0 2 3 3 2 1 0 0]
[4 4 0 0 0 3 0 3 0 0 1 3 4 0 0 0 3 0 3 4 0 0 0 0 0 0 1 1 0 1 3 0 4 0 0 4 0
 0 2 2 2 1 0 0 0 4 2 1 0 0 4 4 2 1 0 3 2 4 0 1 0 4 0 0 1 2 0 0 0 2 2 3 4 3
 0 0 0 0 0 2 0 3 0 4 0 0 2 0 0 0 0 0 0 2 3 3 2 1 0 0]
[1 4 7 4 7 5 4 7 9 5 6 3 3 3 2 5 7 7 8 5 5 1 2 9 3 3 5 2 7 9 4 8 1 6 8 4 2
 3 2 7 8 3 4 3 2 5 5 7 9 4 1 8 5 1 7 1 4 9 4 6 5 1 5 5 5 6 6 5 8 7 1 8 2 8
 3 9 6 4 2 6 8 7 7 7 1 2 1 1 8 4 2 5 4 4 8 9 8 1 1 9]
[1 4 7 4 7 5 4 7 9 5 6 3 3 3 2 5 7 7 8 5 5 1 2 9 3 3 5 2 7 9 4 8 1 6 8 4 2
 3 2 7 8 3 4 3 2 5 5 7 9 4 1 8 5 1 7 1 4 9 4 6 5 1 5 5 5 6 6 5 8 7 1 8 2 8
 3 9 6 4 2 6 8 7 7 7 1 2 1 1 8 4 2 5 4 4 8 9 8 1 1 9]
[50, 50, 24, 26, 21, 50, 34, 19, 50, 32, 50, 19, 19, 50, 50, 50, 50, 49, 17, 37, 50, 24, 26, 50, 25, 41, 50, 25, 23, 50, 31, 50, 50, 50, 14, 11, 50, 50, 50, 50, 47, 47, 50, 50, 32, 26, 36, 37, 50, 30, 50, 50, 30, 50, 50, 50, 35, 26, 36, 50, 50, 19, 50, 50, 50, 13, 46, 50, 50, 50, 24, 33, 48, 50, 50, 45, 27, 40, 50, 50, 50, 50, 50, 29, 50, 50, 33, 50, 50, 27, 39, 50, 43, 10, 33, 16, 50, 38, 38, 50]
[0 0 0 0 0 0 0 0 0 0 0 0 0 0 0 0 0 0 0 0 0 0 0 0 0 0 0 0 0 0 0 0 0 0 0 0 0
 0 0 0 0 0 0 0 0 0 0 0 0 0 0 0 0 0 0 0 0 0 0 0 0 0 0 0 0 0 0 0 0 0 0 0 0 0
 0 0 0 0 0 0 0 0 0 0 0 0 0 0 0 0 0 0 0 0 0 0 0 0 0 0]
[1 1 1 1 1 1 1 1 1 1 1 1 1 1 1 1 1 1 1 1 1 1 1 1 1 1 1 1 1 1 1 1 1 1 1 1 1
 1 1 1 1 1 1 1 1 1 1 1 1 1 1 1 1 1 1 1 1 1 1 1 1 1 1 1 1 1 1 1 1 1 1 1 1 1
 1 1 1 1 1 1 1 1 1 1 1 1 1 1 1 1 1 1 1 1 1 1 1 1 1 1]
