[ 0  1  2  3  4  5  6  7  8  9 10 11 12 13 14 15 16 17 18 19 20 21 22 23
 24 25 26 27 28 29 30 31 32 33 34 35 36 37 38 39 40 41 42 43 44 45 46 47
 48 49 50 51 52 53 54 55 56 57 58 59 60 61 62 63 64 65 66 67 68 69 70 71
 72 73 74 75 76 77 78 79 80 81 82 83 84 85 86 87 88 89 90 91 92 93 94 95
 96 97 98 99]
[-1 -1 40 -1 49 10 32 -1 -1 -1 61 -1 55  8 74 55 34  1 87 94 40 -1 -1 47
 54 98 73 84 17 -1 -1 21 43 59 23 15 37 78 -1 66 -1 50 -1 -1 24  2 -1 -1
 -1 79 -1 88 74 22 47 88 -1 95 -1 19 -1 -1 61 -1 45 23 49 -1 -1 27 39  9
 -1 -1 10  1 61 61 -1 -1 31 88 60 -1 81 24 37 65 73 -1 66 -1 -1 -1  4 61
 52 -1 38 63]
[0 0 1 0 0 1 0 1 0 0 1 0 1 0 1 1 0 0 0 1 0 0 0 1 0 1 1 1 1 1 0 0 0 0 1 0 1
 1 1 1 0 0 1 1 0 0 0 0 0 1 1 0 1 1 1 1 1 1 1 1 0 0 1 1 0 1 1 1 0 1 1 1 0 0
 0 1 0 0 0 0 0 1 1 1 1 0 0 1 0 1 0 0 1 1 1 1 0 1 0 0]
[1 0 0 0 0 2 0 3 0 0 0 0 0 4 2 0 0 2 0 3 0 4 0 0 0 0 4 4 2 4 0 0 3 1 1 3 2
 0 1 4 1 0 0 0 3 1 0 4 0 0 1 0 0 0 0 0 0 1 0 0 3 2 1 0 1 0 3 2 0 0 0 1 2 0
 0 0 0 4 4 0 1 2 3 0 0 0 0 4 2 0 0 0 0 2 0 2 0 0 4 2]
[1 0 0 0 0 2 0 3 0 0 0 0 0 4 2 0 0 2 0 3 0 4 0 0 0 0 4 4 2 4 0 0 3 1 1 3 2
 0 1 4 1 0 0 0 3 1 0 4 0 0 1 0 0 0 0 0 0 1 0 0 3 2 1 0 1 0 3 2 0 0 0 1 2 0
 0 0 0 4 4 0 1 2 3 0 0 0 0 4 2 0 0 0 0 2 0 2 0 0 4 2]
[7 9 5 1 9 5 3 9 7 5 7 4 9 4 3 2 9 8 3 3 1 8 6 5 3 2 7 4 4 7 5 2 2 5 3 9 1
 9 9 6 4 3 1 8 9 1 9 1 1 9 5 2 7 6 3 9 3 1 8 7 4 3 8 8 1 7 6 6 1 6 1 4 1 8
 1 4 1 6 8 6 8 9 7 1 5 7 1 2 6 7 4 1 4 9 5 3 8 1 7 2]
[7 9 5 1 9 5 3 9 7 5 7 4 9 4 3 2 9 8 3 3 1 8 6 5 3 2 7 4 4 7 5 2 2 5 3 9 1
 9 9 6 4 3 1 8 9 1 9 1 1 9 5 2 7 6 3 9 3 1 8 7 4 3 8 8 1 7 6 6 1 6 1 4 1 8
 1 4 1 6 8 6 8 9 7 1 5 7 1 2 6 7 4 1 4 9 5 3 8 1 7 2]
[34, 21, 50, 50, 50, 44, 25, 23, 50, 31, 46, 20, 19, 50, 22, 15, 49, 20, 50, 50, 50, 25, 50, 15, 23, 50, 50, 50, 50, 50, 15, 50, 45, 10, 50, 18, 50, 22, 42, 21, 50, 50, 11, 45, 50, 27, 35, 50, 47, 50, 11, 50, 50, 46, 50, 50, 50, 50, 50, 50, 26, 20, 50, 33, 50, 50, 15, 50, 44, 50, 50, 46, 50, 50, 50, 33, 41, 50, 50, 50, 50, 20, 22, 50, 27, 50, 50, 49, 50, 25, 18, 41, 50, 50, 50, 31, 39, 50, 43, 50]
[0 0 0 0 0 0 0 0 0 0 0 0 0 0 0 0 0 0 0 0 0 0 0 0 0 0 0 0 0 0 0 0 0 0 0 0 0
 0 0 0 0 0 0 0 0 0 0 0 0 0 0 0 0 0 0 0 0 0 0 0 0 0 0 0 0 0 0 0 0 0 0 0 0 0
 0 0 0 0 0 0 0 0 0 0 0 0 0 0 0 0 0 0 0 0 0 0 0 0 0 0]
[1 1 1 1 1 1 1 1 1 1 1 1 1 1 1 1 1 1 1 1 1 1 1 1 1 1 1 1 1 1 1 1 1 1 1 1 1
 1 1 1 1 1 1 1 1 1 1 1 1 1 1 1 1 1 1 1 1 1 1 1 1 1 1 1 1 1 1 1 1 1 1 1 1 1
 1 1 1 1 1 1 1 1 1 1 1 1 1 1 1 1 1 1 1 1 1 1 1 1 1 1]
