[ 0  1  2  3  4  5  6  7  8  9 10 11 12 13 14 15 16 17 18 19 20 21 22 23
 24 25 26 27 28 29 30 31 32 33 34 35 36 37 38 39 40 41 42 43 44 45 46 47
 48 49 50 51 52 53 54 55 56 57 58 59 60 61 62 63 64 65 66 67 68 69 70 71
 72 73 74 75 76 77 78 79 80 81 82 83 84 85 86 87 88 89 90 91 92 93 94 95
 96 97 98 99]
[-1 -1 10 58 -1 10 81 39 -1 91 26 -1 54 30 73 -1 -1 -1 63 -1 48 70 94 65
 60 79 33 83 43 37 52 52 -1 11 -1 76 64  6 -1 59 93 44 -1 14 80 76  7 -1
 -1 40 -1 -1  6  5 -1 63 -1 68 -1 56 80 48 89 12 28 14 86 -1 18 60 95 -1
 -1 66 -1 57 -1 18  7 94  8  9 62 98 38 93 20 -1 91 -1 72  5 56 12 -1 40
 -1 67 31 -1]
[1 0 1 0 0 1 1 1 0 0 0 0 0 1 0 0 0 0 1 0 0 1 1 1 0 1 1 1 0 1 0 0 0 0 1 1 0
 0 1 0 1 1 0 1 1 0 1 1 0 1 1 1 0 1 1 0 1 1 1 1 1 0 0 0 1 1 0 0 0 1 1 0 0 0
 1 0 1 1 0 0 1 0 1 1 0 0 0 1 0 1 1 1 0 0 1 0 0 1 1 0]
[0 0 0 0 0 1 4 3 2 0 2 0 0 1 4 4 2 2 0 4 4 0 0 0 0 2 2 2 2 0 2 0 0 1 2 2 0
 3 0 4 0 4 1 0 2 0 4 3 0 0 3 0 0 0 3 0 0 4 0 0 4 2 0 0 1 3 4 0 0 0 2 0 1 1
 0 3 2 0 0 0 2 4 2 3 1 0 0 1 0 0 2 0 0 0 2 4 1 0 0 2]
[0 0 0 0 0 1 4 3 2 0 2 0 0 1 4 4 2 2 0 4 4 0 0 0 0 2 2 2 2 0 2 0 0 1 2 2 0
 3 0 4 0 4 1 0 2 0 4 3 0 0 3 0 0 0 3 0 0 4 0 0 4 2 0 0 1 3 4 0 0 0 2 0 1 1
 0 3 2 0 0 0 2 4 2 3 1 0 0 1 0 0 2 0 0 0 2 4 1 0 0 2]
[5 2 4 9 7 8 4 1 2 9 9 2 9 5 5 8 4 3 6 2 1 4 7 8 1 8 9 9 2 8 6 7 8 1 1 6 4
 5 1 6 5 1 3 4 1 6 6 4 8 3 2 5 4 1 8 6 9 2 8 8 1 3 8 7 8 8 3 6 7 6 5 9 5 5
 8 3 2 7 3 8 8 7 8 3 7 5 7 1 2 3 3 2 5 7 5 5 4 3 9 1]
[5 2 4 9 7 8 4 1 2 9 9 2 9 5 5 8 4 3 6 2 1 4 7 8 1 8 9 9 2 8 6 7 8 1 1 6 4
 5 1 6 5 1 3 4 1 6 6 4 8 3 2 5 4 1 8 6 9 2 8 8 1 3 8 7 8 8 3 6 7 6 5 9 5 5
 8 3 2 7 3 8 8 7 8 3 7 5 7 1 2 3 3 2 5 7 5 5 4 3 9 1]
[44, 43, 50, 50, 40, 44, 50, 50, 34, 17, 25, 30, 50, 17, 14, 50, 50, 50, 50, 50, 32, 50, 12, 50, 50, 31, 50, 50, 50, 32, 50, 49, 17, 50, 50, 42, 12, 50, 50, 50, 50, 14, 50, 18, 50, 19, 50, 50, 50, 27, 29, 40, 50, 50, 50, 50, 47, 44, 50, 50, 11, 48, 50, 15, 50, 10, 50, 50, 29, 12, 26, 50, 40, 50, 50, 38, 44, 50, 50, 50, 50, 50, 19, 29, 50, 32, 13, 18, 28, 50, 50, 50, 50, 27, 50, 26, 50, 50, 15, 47]
[0 0 0 0 0 0 0 0 0 0 0 0 0 0 0 0 0 0 0 0 0 0 0 0 0 0 0 0 0 0 0 0 0 0 0 0 0
 0 0 0 0 0 0 0 0 0 0 0 0 0 0 0 0 0 0 0 0 0 0 0 0 0 0 0 0 0 0 0 0 0 0 0 0 0
 0 0 0 0 0 0 0 0 0 0 0 0 0 0 0 0 0 0 0 0 0 0 0 0 0 0]
[1 1 1 1 1 1 1 1 1 1 1 1 1 1 1 1 1 1 1 1 1 1 1 1 1 1 1 1 1 1 1 1 1 1 1 1 1
 1 1 1 1 1 1 1 1 1 1 1 1 1 1 1 1 1 1 1 1 1 1 1 1 1 1 1 1 1 1 1 1 1 1 1 1 1
 1 1 1 1 1 1 1 1 1 1 1 1 1 1 1 1 1 1 1 1 1 1 1 1 1 1]
