[ 0  1  2  3  4  5  6  7  8  9 10 11 12 13 14 15 16 17 18 19 20 21 22 23
 24 25 26 27 28 29 30 31 32 33 34 35 36 37 38 39 40 41 42 43 44 45 46 47
 48 49 50 51 52 53 54 55 56 57 58 59 60 61 62 63 64 65 66 67 68 69 70 71
 72 73 74 75 76 77 78 79 80 81 82 83 84 85 86 87 88 89 90 91 92 93 94 95
 96 97 98 99]
[12 17 48 61 -1 29 -1 42 97 44 -1 74 61 52  6 -1 70 -1 -1 80 91 47 -1 54
 15 21 -1 66  1 -1 10 74 -1 -1 32 -1 39 26 -1 -1 -1 -1 -1 68 88 -1 -1 58
  9 54  6 42  9 70 68 -1 31 39  2 -1 44 92 53  2 -1 74 70 -1  8  4 84 92
 29 49  5  1 53 78 -1 90 68 44 73 -1 31  8 76 -1 -1 53  1 -1 -1 82 -1 -1
 41 14 -1 64]
[1 0 1 0 1 0 1 0 1 1 0 1 0 1 1 1 1 1 0 1 0 1 0 1 1 1 1 1 0 0 0 1 0 1 1 0 1
 1 0 1 1 0 1 1 0 1 1 0 0 1 1 0 0 1 1 1 1 0 0 1 0 0 0 1 0 0 1 0 0 0 0 1 0 0
 1 0 0 1 0 0 1 0 0 0 0 0 1 0 0 1 0 1 1 0 1 1 0 1 1 1]
[0 0 0 3 0 1 0 0 4 1 2 0 2 1 0 1 0 0 0 4 2 0 2 0 0 0 0 3 2 4 0 4 2 1 0 0 0
 0 3 0 0 0 0 0 1 0 0 0 4 0 0 4 0 4 0 0 0 1 0 3 0 3 0 1 2 1 1 2 1 0 0 4 4 0
 4 3 4 4 4 1 3 0 1 0 1 0 1 2 1 3 0 0 0 2 0 0 0 4 3 0]
[0 0 0 3 0 1 0 0 4 1 2 0 2 1 0 1 0 0 0 4 2 0 2 0 0 0 0 3 2 4 0 4 2 1 0 0 0
 0 3 0 0 0 0 0 1 0 0 0 4 0 0 4 0 4 0 0 0 1 0 3 0 3 0 1 2 1 1 2 1 0 0 4 4 0
 4 3 4 4 4 1 3 0 1 0 1 0 1 2 1 3 0 0 0 2 0 0 0 4 3 0]
[6 5 7 8 1 4 7 6 8 4 9 6 9 1 9 2 2 1 8 5 3 9 1 9 1 7 1 9 4 4 5 1 8 3 5 4 9
 3 1 7 2 2 6 6 1 8 3 3 9 3 4 8 4 9 5 4 1 9 5 1 2 4 2 6 4 6 2 2 5 5 3 2 4 7
 2 2 6 8 4 4 2 3 7 6 4 1 3 1 6 9 6 7 5 7 5 3 8 6 7 1]
[6 5 7 8 1 4 7 6 8 4 9 6 9 1 9 2 2 1 8 5 3 9 1 9 1 7 1 9 4 4 5 1 8 3 5 4 9
 3 1 7 2 2 6 6 1 8 3 3 9 3 4 8 4 9 5 4 1 9 5 1 2 4 2 6 4 6 2 2 5 5 3 2 4 7
 2 2 6 8 4 4 2 3 7 6 4 1 3 1 6 9 6 7 5 7 5 3 8 6 7 1]
[26, 50, 25, 49, 50, 50, 46, 50, 35, 14, 15, 28, 20, 50, 50, 50, 11, 50, 27, 38, 20, 50, 50, 36, 50, 23, 50, 45, 30, 48, 50, 22, 50, 50, 50, 50, 50, 50, 50, 50, 50, 15, 26, 24, 37, 50, 47, 47, 30, 50, 47, 50, 44, 50, 42, 50, 11, 45, 42, 17, 23, 30, 50, 50, 50, 50, 46, 37, 48, 25, 50, 29, 50, 49, 27, 50, 39, 50, 50, 50, 50, 38, 16, 16, 50, 50, 50, 50, 26, 20, 49, 50, 19, 24, 50, 50, 50, 23, 45, 39]
[0 0 0 0 0 0 0 0 0 0 0 0 0 0 0 0 0 0 0 0 0 0 0 0 0 0 0 0 0 0 0 0 0 0 0 0 0
 0 0 0 0 0 0 0 0 0 0 0 0 0 0 0 0 0 0 0 0 0 0 0 0 0 0 0 0 0 0 0 0 0 0 0 0 0
 0 0 0 0 0 0 0 0 0 0 0 0 0 0 0 0 0 0 0 0 0 0 0 0 0 0]
[1 1 1 1 1 1 1 1 1 1 1 1 1 1 1 1 1 1 1 1 1 1 1 1 1 1 1 1 1 1 1 1 1 1 1 1 1
 1 1 1 1 1 1 1 1 1 1 1 1 1 1 1 1 1 1 1 1 1 1 1 1 1 1 1 1 1 1 1 1 1 1 1 1 1
 1 1 1 1 1 1 1 1 1 1 1 1 1 1 1 1 1 1 1 1 1 1 1 1 1 1]
