[ 0  1  2  3  4  5  6  7  8  9 10 11 12 13 14 15 16 17 18 19 20 21 22 23
 24 25 26 27 28 29 30 31 32 33 34 35 36 37 38 39 40 41 42 43 44 45 46 47
 48 49 50 51 52 53 54 55 56 57 58 59 60 61 62 63 64 65 66 67 68 69 70 71
 72 73 74 75 76 77 78 79 80 81 82 83 84 85 86 87 88 89 90 91 92 93 94 95
 96 97 98 99]
[81 64 68  0 81 -1 84 70 -1 74 77 -1 59 48 50 47 83 23 10 97 99 95 -1 28
 78 14 -1 67 93 34 40 99 -1 -1 14 -1 -1 93 73 38 53 -1 94 86 -1 99 32 18
 -1 55 87 -1 80 33 90 -1 -1 15 20 73 98 46  6 -1 39 96  1 -1 -1 63 -1 -1
 -1 24 -1 19 -1 -1 -1 -1 56 -1 51 -1 54 43 -1 -1 -1 -1 61 -1 -1 -1 -1 -1
  6  9 58 57]
[1 0 1 1 1 0 0 1 0 0 0 0 1 0 1 0 0 0 0 0 0 0 0 1 0 0 0 0 0 1 0 0 0 1 0 0 0
 1 1 0 1 1 1 0 1 0 1 1 1 0 1 1 0 1 0 0 1 0 1 0 0 0 0 0 1 1 0 0 0 1 1 0 1 0
 0 1 1 0 1 0 0 1 1 0 1 1 0 0 0 1 1 0 1 0 0 1 0 1 1 1]
[0 0 1 0 0 0 1 0 0 0 0 0 0 0 2 2 0 0 0 0 1 0 0 0 3 0 0 1 2 0 3 3 0 0 1 0 0
 0 0 0 0 3 3 0 2 3 3 0 3 2 0 3 2 0 0 0 0 0 2 0 0 0 0 0 0 2 0 3 0 4 0 0 3 4
 3 3 4 2 0 1 0 1 3 3 1 0 1 0 2 0 1 0 0 2 3 0 2 0 2 0]
[0 0 1 0 0 0 1 0 0 0 0 0 0 0 2 2 0 0 0 0 1 0 0 0 3 0 0 1 2 0 3 3 0 0 1 0 0
 0 0 0 0 3 3 0 2 3 3 0 3 2 0 3 2 0 0 0 0 0 2 0 0 0 0 0 0 2 0 3 0 4 0 0 3 4
 3 3 4 2 0 1 0 1 3 3 1 0 1 0 2 0 1 0 0 2 3 0 2 0 2 0]
[1 4 8 1 5 7 1 3 8 9 7 8 4 7 9 4 5 3 5 7 1 3 7 7 9 1 7 6 2 3 8 9 3 5 9 5 9
 1 2 7 7 1 1 3 9 9 8 4 7 8 4 2 7 9 3 8 6 8 1 1 6 4 4 6 1 5 8 7 7 3 6 5 4 9
 1 7 2 7 2 9 9 3 6 6 7 1 2 4 1 3 2 5 3 7 4 3 5 6 2 1]
[1 4 8 1 5 7 1 3 8 9 7 8 4 7 9 4 5 3 5 7 1 3 7 7 9 1 7 6 2 3 8 9 3 5 9 5 9
 1 2 7 7 1 1 3 9 9 8 4 7 8 4 2 7 9 3 8 6 8 1 1 6 4 4 6 1 5 8 7 7 3 6 5 4 9
 1 7 2 7 2 9 9 3 6 6 7 1 2 4 1 3 2 5 3 7 4 3 5 6 2 1]
[50, 50, 50, 50, 32, 50, 50, 49, 23, 50, 10, 21, 33, 50, 10, 10, 50, 50, 50, 50, 50, 50, 50, 23, 50, 50, 15, 41, 10, 50, 23, 50, 50, 50, 40, 19, 10, 13, 50, 50, 50, 50, 41, 50, 50, 19, 50, 32, 47, 21, 50, 10, 50, 37, 12, 50, 50, 50, 50, 18, 42, 18, 50, 50, 34, 50, 50, 14, 50, 49, 23, 50, 33, 26, 50, 50, 50, 50, 35, 50, 50, 50, 50, 50, 16, 40, 50, 50, 50, 50, 50, 28, 50, 50, 50, 50, 50, 23, 14, 36]
[0 0 0 0 0 0 0 0 0 0 0 0 0 0 0 0 0 0 0 0 0 0 0 0 0 0 0 0 0 0 0 0 0 0 0 0 0
 0 0 0 0 0 0 0 0 0 0 0 0 0 0 0 0 0 0 0 0 0 0 0 0 0 0 0 0 0 0 0 0 0 0 0 0 0
 0 0 0 0 0 0 0 0 0 0 0 0 0 0 0 0 0 0 0 0 0 0 0 0 0 0]
[1 1 1 1 1 1 1 1 1 1 1 1 1 1 1 1 1 1 1 1 1 1 1 1 1 1 1 1 1 1 1 1 1 1 1 1 1
 1 1 1 1 1 1 1 1 1 1 1 1 1 1 1 1 1 1 1 1 1 1 1 1 1 1 1 1 1 1 1 1 1 1 1 1 1
 1 1 1 1 1 1 1 1 1 1 1 1 1 1 1 1 1 1 1 1 1 1 1 1 1 1]
