[ 0  1  2  3  4  5  6  7  8  9 10 11 12 13 14 15 16 17 18 19 20 21 22 23
 24 25 26 27 28 29 30 31 32 33 34 35 36 37 38 39 40 41 42 43 44 45 46 47
 48 49 50 51 52 53 54 55 56 57 58 59 60 61 62 63 64 65 66 67 68 69 70 71
 72 73 74 75 76 77 78 79 80 81 82 83 84 85 86 87 88 89 90 91 92 93 94 95
 96 97 98 99]
[-1 -1 -1 -1 -1 87 42 38 81  1 29 91 65 -1 -1 95 -1 -1 -1 76  8 27  9 66
 45 59 74 95 39 57 88 36 -1 63 -1 -1 83  8 98 83 60 -1 65 57 48 -1 -1 39
 66 -1 86 -1 63  4 37 94 76 -1 -1  0 68 -1 -1 75 55 -1 -1 13 57 64 94 -1
 20 -1 -1 88 15 28  1 69 63  7 -1 67 33 -1 -1 99 -1 -1 -1  2 -1 24 40 -1
 79 77 71 31]
[0 0 0 0 0 1 0 1 0 1 0 0 0 0 0 1 1 0 0 1 0 0 1 1 0 1 0 1 1 1 0 0 1 1 1 1 0
 0 1 0 0 0 0 0 0 0 1 0 1 1 1 0 0 1 1 1 1 0 1 1 1 0 1 0 1 1 1 0 1 1 1 1 0 1
 1 0 0 1 1 0 0 0 1 0 0 0 1 1 1 1 0 1 1 1 0 0 1 0 1 0]
[0 4 3 1 4 0 0 1 0 0 0 2 0 3 0 4 0 0 0 0 2 0 1 1 3 2 3 2 0 4 0 0 0 0 1 0 3
 1 0 2 0 0 0 3 1 2 2 0 0 0 0 1 0 4 0 0 1 2 4 2 0 0 2 0 1 2 3 0 0 0 2 0 3 0
 2 2 0 0 1 3 0 0 0 2 1 4 0 0 2 3 4 2 0 4 0 0 0 0 0 0]
[0 4 3 1 4 0 0 1 0 0 0 2 0 3 0 4 0 0 0 0 2 0 1 1 3 2 3 2 0 4 0 0 0 0 1 0 3
 1 0 2 0 0 0 3 1 2 2 0 0 0 0 1 0 4 0 0 1 2 4 2 0 0 2 0 1 2 3 0 0 0 2 0 3 0
 2 2 0 0 1 3 0 0 0 2 1 4 0 0 2 3 4 2 0 4 0 0 0 0 0 0]
[4 4 9 4 1 9 4 1 8 8 9 7 7 4 3 6 9 7 9 3 4 2 2 3 3 6 3 2 1 5 6 5 2 4 7 8 5
 9 3 6 1 4 1 1 1 1 6 1 4 9 1 5 5 6 6 9 4 3 3 7 2 5 2 3 5 5 5 8 8 4 8 9 9 7
 6 8 7 5 9 4 4 2 4 3 5 4 5 8 7 6 6 9 6 7 1 6 5 1 6 8]
[4 4 9 4 1 9 4 1 8 8 9 7 7 4 3 6 9 7 9 3 4 2 2 3 3 6 3 2 1 5 6 5 2 4 7 8 5
 9 3 6 1 4 1 1 1 1 6 1 4 9 1 5 5 6 6 9 4 3 3 7 2 5 2 3 5 5 5 8 8 4 8 9 9 7
 6 8 7 5 9 4 4 2 4 3 5 4 5 8 7 6 6 9 6 7 1 6 5 1 6 8]
[50, 50, 50, 30, 50, 50, 50, 11, 50, 50, 50, 35, 17, 50, 40, 50, 26, 44, 50, 11, 36, 50, 50, 50, 50, 40, 50, 50, 50, 50, 24, 50, 50, 30, 50, 38, 17, 45, 18, 10, 50, 34, 50, 50, 50, 13, 50, 50, 17, 50, 24, 26, 12, 19, 50, 50, 50, 50, 50, 50, 19, 50, 36, 20, 10, 27, 50, 50, 50, 50, 35, 25, 31, 50, 50, 50, 50, 50, 50, 50, 29, 50, 44, 50, 34, 50, 50, 28, 50, 14, 50, 36, 50, 16, 34, 50, 24, 21, 50, 50]
[0 0 0 0 0 0 0 0 0 0 0 0 0 0 0 0 0 0 0 0 0 0 0 0 0 0 0 0 0 0 0 0 0 0 0 0 0
 0 0 0 0 0 0 0 0 0 0 0 0 0 0 0 0 0 0 0 0 0 0 0 0 0 0 0 0 0 0 0 0 0 0 0 0 0
 0 0 0 0 0 0 0 0 0 0 0 0 0 0 0 0 0 0 0 0 0 0 0 0 0 0]
[1 1 1 1 1 1 1 1 1 1 1 1 1 1 1 1 1 1 1 1 1 1 1 1 1 1 1 1 1 1 1 1 1 1 1 1 1
 1 1 1 1 1 1 1 1 1 1 1 1 1 1 1 1 1 1 1 1 1 1 1 1 1 1 1 1 1 1 1 1 1 1 1 1 1
 1 1 1 1 1 1 1 1 1 1 1 1 1 1 1 1 1 1 1 1 1 1 1 1 1 1]
