[ 0  1  2  3  4  5  6  7  8  9 10 11 12 13 14 15 16 17 18 19 20 21 22 23
 24 25 26 27 28 29 30 31 32 33 34 35 36 37 38 39 40 41 42 43 44 45 46 47
 48 49 50 51 52 53 54 55 56 57 58 59 60 61 62 63 64 65 66 67 68 69 70 71
 72 73 74 75 76 77 78 79 80 81 82 83 84 85 86 87 88 89 90 91 92 93 94 95
 96 97 98 99]
[ 4 -1 -1 -1 13 -1 50 -1 54 -1 -1 -1 -1 -1 48 61 31 97 66  9 -1 41  2  9
 -1 46 17 -1 14 -1 69 -1 -1 -1 22 14 34 24 -1 63  8 -1 -1 55 85 -1 37 70
 79  3 14 -1 63 80 48 -1 18 -1 75 -1  1 81 13 -1 -1 -1 36 43 -1 46 10 69
 -1 -1 39 53 15 -1 35 84 -1 99 -1 -1 20 -1  2 57 39 -1 51  5 14 29 92 70
 -1 -1 25 11]
[0 1 0 1 0 0 1 0 1 1 1 0 0 1 1 1 0 1 1 1 1 0 1 1 1 0 0 1 1 1 1 0 1 1 0 0 0
 1 0 0 1 0 0 1 1 1 1 1 0 0 1 0 1 1 1 1 0 1 1 0 1 0 0 1 0 1 1 0 0 1 0 0 1 1
 0 1 0 0 1 0 0 0 1 0 0 0 0 1 1 1 0 1 0 1 1 1 0 1 0 1]
[3 0 3 3 2 3 0 0 0 0 4 0 4 0 3 0 0 2 3 1 0 0 0 1 3 2 4 0 2 0 2 4 0 0 0 1 2
 0 4 2 3 2 4 0 1 4 2 2 0 0 2 0 0 3 0 2 4 4 0 4 0 4 0 0 0 3 0 0 0 2 0 0 4 1
 0 2 0 0 0 0 4 0 0 0 0 0 2 0 0 1 4 2 2 0 2 4 0 0 0 1]
[3 0 3 3 2 3 0 0 0 0 4 0 4 0 3 0 0 2 3 1 0 0 0 1 3 2 4 0 2 0 2 4 0 0 0 1 2
 0 4 2 3 2 4 0 1 4 2 2 0 0 2 0 0 3 0 2 4 4 0 4 0 4 0 0 0 3 0 0 0 2 0 0 4 1
 0 2 0 0 0 0 4 0 0 0 0 0 2 0 0 1 4 2 2 0 2 4 0 0 0 1]
[4 9 7 7 9 1 5 2 3 3 8 3 9 9 2 7 9 7 4 3 4 1 5 1 5 9 6 9 8 7 5 6 6 4 3 4 6
 8 3 3 5 1 5 7 5 5 5 9 1 2 1 8 9 9 7 3 7 1 9 2 7 3 9 8 8 6 6 8 9 3 2 6 4 5
 2 3 8 1 1 1 5 8 8 3 8 7 7 7 6 7 6 4 8 5 8 8 4 9 4 6]
[4 9 7 7 9 1 5 2 3 3 8 3 9 9 2 7 9 7 4 3 4 1 5 1 5 9 6 9 8 7 5 6 6 4 3 4 6
 8 3 3 5 1 5 7 5 5 5 9 1 2 1 8 9 9 7 3 7 1 9 2 7 3 9 8 8 6 6 8 9 3 2 6 4 5
 2 3 8 1 1 1 5 8 8 3 8 7 7 7 6 7 6 4 8 5 8 8 4 9 4 6]
[50, 50, 11, 50, 26, 50, 30, 50, 19, 16, 50, 50, 40, 50, 50, 37, 18, 41, 50, 49, 50, 31, 50, 50, 50, 50, 17, 50, 10, 42, 20, 45, 50, 28, 50, 50, 41, 50, 50, 18, 12, 50, 50, 50, 50, 50, 50, 50, 50, 38, 15, 33, 28, 50, 46, 50, 50, 50, 36, 50, 18, 50, 46, 50, 50, 24, 39, 50, 50, 50, 50, 50, 50, 47, 18, 32, 10, 34, 50, 17, 15, 39, 38, 34, 23, 50, 39, 13, 26, 50, 50, 50, 40, 37, 50, 50, 27, 50, 37, 50]
[0 0 0 0 0 0 0 0 0 0 0 0 0 0 0 0 0 0 0 0 0 0 0 0 0 0 0 0 0 0 0 0 0 0 0 0 0
 0 0 0 0 0 0 0 0 0 0 0 0 0 0 0 0 0 0 0 0 0 0 0 0 0 0 0 0 0 0 0 0 0 0 0 0 0
 0 0 0 0 0 0 0 0 0 0 0 0 0 0 0 0 0 0 0 0 0 0 0 0 0 0]
[1 1 1 1 1 1 1 1 1 1 1 1 1 1 1 1 1 1 1 1 1 1 1 1 1 1 1 1 1 1 1 1 1 1 1 1 1
 1 1 1 1 1 1 1 1 1 1 1 1 1 1 1 1 1 1 1 1 1 1 1 1 1 1 1 1 1 1 1 1 1 1 1 1 1
 1 1 1 1 1 1 1 1 1 1 1 1 1 1 1 1 1 1 1 1 1 1 1 1 1 1]
