[ 0  1  2  3  4  5  6  7  8  9 10 11 12 13 14 15 16 17 18 19 20 21 22 23
 24 25 26 27 28 29 30 31 32 33 34 35 36 37 38 39 40 41 42 43 44 45 46 47
 48 49 50 51 52 53 54 55 56 57 58 59 60 61 62 63 64 65 66 67 68 69 70 71
 72 73 74 75 76 77 78 79 80 81 82 83 84 85 86 87 88 89 90 91 92 93 94 95
 96 97 98 99]
[-1 74 92 49 13 91 11 92 82 91 87 77 86 -1 51 94 59 31 -1 52 -1 93  8 51
 10 67 54 53 43 95 69 41 45 96 -1 56  1 -1 -1 -1 -1 70 -1 13 -1 -1 96 43
 -1 79 -1 65 -1  2 51 -1 -1 31 19 90 -1 -1  9 -1 -1 49 -1 99 46 42 -1 41
  4 32 38 42 54  5 71 -1 93 50 27 85 -1 -1 -1 -1 34 -1  7 23 -1 24 -1 62
 57 45 -1 48]
[1 1 1 0 1 0 1 0 1 0 1 0 0 1 1 1 1 0 1 1 0 1 1 1 0 1 1 1 0 0 1 0 0 0 1 1 1
 0 0 0 0 0 1 1 0 0 0 1 1 0 1 0 0 1 1 0 0 0 1 1 1 0 0 0 0 1 1 1 1 0 0 1 0 0
 1 1 1 0 1 1 1 0 0 1 1 0 1 1 1 1 0 1 0 1 0 1 0 0 1 0]
[0 3 4 3 1 2 0 0 1 0 3 0 0 1 4 0 0 0 2 2 3 1 2 0 2 1 3 1 2 0 3 0 4 0 0 0 1
 0 0 2 1 3 0 2 0 1 4 0 3 0 0 0 0 0 4 1 0 4 0 4 2 2 3 0 3 4 0 1 0 2 0 0 0 0
 0 3 0 0 1 4 0 3 0 4 2 0 0 0 0 0 2 2 0 2 3 0 0 0 0 1]
[0 3 4 3 1 2 0 0 1 0 3 0 0 1 4 0 0 0 2 2 3 1 2 0 2 1 3 1 2 0 3 0 4 0 0 0 1
 0 0 2 1 3 0 2 0 1 4 0 3 0 0 0 0 0 4 1 0 4 0 4 2 2 3 0 3 4 0 1 0 2 0 0 0 0
 0 3 0 0 1 4 0 3 0 4 2 0 0 0 0 0 2 2 0 2 3 0 0 0 0 1]
[2 3 6 9 6 2 8 6 2 3 8 1 9 6 4 1 6 8 5 2 9 2 7 9 7 2 7 5 1 9 4 8 2 3 9 5 1
 2 5 7 5 2 2 4 2 7 4 1 7 1 9 7 9 7 4 9 4 2 8 7 3 2 4 7 4 1 9 4 5 4 8 2 4 6
 1 9 3 1 3 1 7 7 5 3 8 2 1 2 5 1 6 2 6 3 7 6 6 5 5 3]
[2 3 6 9 6 2 8 6 2 3 8 1 9 6 4 1 6 8 5 2 9 2 7 9 7 2 7 5 1 9 4 8 2 3 9 5 1
 2 5 7 5 2 2 4 2 7 4 1 7 1 9 7 9 7 4 9 4 2 8 7 3 2 4 7 4 1 9 4 5 4 8 2 4 6
 1 9 3 1 3 1 7 7 5 3 8 2 1 2 5 1 6 2 6 3 7 6 6 5 5 3]
[20, 12, 50, 44, 50, 27, 50, 45, 38, 50, 40, 50, 50, 44, 30, 50, 22, 27, 34, 50, 24, 28, 46, 34, 37, 50, 33, 50, 34, 47, 50, 50, 50, 46, 39, 38, 43, 50, 13, 50, 50, 50, 50, 38, 34, 24, 40, 32, 25, 50, 10, 20, 50, 50, 24, 50, 21, 26, 50, 39, 45, 38, 24, 18, 50, 50, 42, 50, 50, 50, 50, 50, 13, 50, 40, 37, 19, 48, 50, 50, 50, 45, 40, 50, 27, 50, 44, 50, 50, 50, 26, 20, 50, 33, 50, 48, 15, 50, 50, 50]
[0 0 0 0 0 0 0 0 0 0 0 0 0 0 0 0 0 0 0 0 0 0 0 0 0 0 0 0 0 0 0 0 0 0 0 0 0
 0 0 0 0 0 0 0 0 0 0 0 0 0 0 0 0 0 0 0 0 0 0 0 0 0 0 0 0 0 0 0 0 0 0 0 0 0
 0 0 0 0 0 0 0 0 0 0 0 0 0 0 0 0 0 0 0 0 0 0 0 0 0 0]
[1 1 1 1 1 1 1 1 1 1 1 1 1 1 1 1 1 1 1 1 1 1 1 1 1 1 1 1 1 1 1 1 1 1 1 1 1
 1 1 1 1 1 1 1 1 1 1 1 1 1 1 1 1 1 1 1 1 1 1 1 1 1 1 1 1 1 1 1 1 1 1 1 1 1
 1 1 1 1 1 1 1 1 1 1 1 1 1 1 1 1 1 1 1 1 1 1 1 1 1 1]
