[ 0  1  2  3  4  5  6  7  8  9 10 11 12 13 14 15 16 17 18 19 20 21 22 23
 24 25 26 27 28 29 30 31 32 33 34 35 36 37 38 39 40 41 42 43 44 45 46 47
 48 49 50 51 52 53 54 55 56 57 58 59 60 61 62 63 64 65 66 67 68 69 70 71
 72 73 74 75 76 77 78 79 80 81 82 83 84 85 86 87 88 89 90 91 92 93 94 95
 96 97 98 99]
[58 -1 -1 62 50 72 36 26 45 63 91 51 42 80 63 -1 82 32 -1 -1 25 96 -1  7
 91 78 -1 -1 36 -1 34 -1 -1 -1 94 54 97 -1 73 31 -1 98 80 -1 49 -1 -1 -1
 69 -1 49 64 36 -1  5 -1 32 91 76 86 -1 99 -1 -1 78  5 -1 15 -1 -1 69 -1
 -1 -1 16 17 -1 -1 39 43  5 57 94 48 24 -1 62 74 -1 -1 39 -1 -1 -1 40  6
  3 72 -1 -1]
[1 1 1 1 0 1 0 0 1 0 1 1 1 1 0 0 1 1 0 1 0 0 1 1 0 1 1 1 1 1 1 0 1 1 0 1 0
 0 1 0 0 1 1 1 1 1 1 0 1 1 0 0 1 1 1 1 0 0 1 1 1 1 0 0 1 0 1 0 0 1 1 0 0 0
 1 0 0 1 1 0 1 1 1 0 0 0 1 0 1 1 1 0 1 0 0 0 1 1 0 0]
[3 0 1 4 0 1 1 0 1 0 0 0 4 4 0 0 2 2 0 3 0 4 0 4 0 0 2 4 0 3 0 4 0 0 0 3 0
 0 3 4 0 1 0 1 0 2 4 2 2 4 3 0 0 3 2 0 4 0 1 3 1 3 0 0 0 1 0 0 3 0 0 2 0 0
 1 0 0 0 1 0 0 0 0 3 4 1 1 2 4 4 0 0 3 0 3 0 0 0 0 0]
[3 0 1 4 0 1 1 0 1 0 0 0 4 4 0 0 2 2 0 3 0 4 0 4 0 0 2 4 0 3 0 4 0 0 0 3 0
 0 3 4 0 1 0 1 0 2 4 2 2 4 3 0 0 3 2 0 4 0 1 3 1 3 0 0 0 1 0 0 3 0 0 2 0 0
 1 0 0 0 1 0 0 0 0 3 4 1 1 2 4 4 0 0 3 0 3 0 0 0 0 0]
[2 9 7 7 3 1 4 4 7 6 2 6 7 3 3 3 9 8 4 4 4 2 6 6 9 9 8 3 3 4 3 1 5 6 5 6 9
 2 1 4 7 8 3 4 1 9 8 2 7 1 7 9 2 2 3 3 8 9 1 8 8 1 4 8 8 1 3 8 2 2 6 1 4 6
 8 2 7 5 9 6 9 7 1 5 5 5 2 5 1 3 6 4 5 5 5 7 1 1 1 6]
[2 9 7 7 3 1 4 4 7 6 2 6 7 3 3 3 9 8 4 4 4 2 6 6 9 9 8 3 3 4 3 1 5 6 5 6 9
 2 1 4 7 8 3 4 1 9 8 2 7 1 7 9 2 2 3 3 8 9 1 8 8 1 4 8 8 1 3 8 2 2 6 1 4 6
 8 2 7 5 9 6 9 7 1 5 5 5 2 5 1 3 6 4 5 5 5 7 1 1 1 6]
[50, 42, 27, 40, 14, 50, 38, 50, 50, 50, 12, 24, 26, 31, 28, 50, 39, 35, 31, 24, 50, 48, 50, 50, 50, 39, 50, 22, 17, 50, 43, 50, 50, 18, 50, 26, 15, 21, 26, 49, 39, 46, 50, 14, 50, 50, 50, 49, 21, 50, 50, 13, 50, 50, 21, 25, 50, 50, 50, 10, 27, 23, 50, 47, 50, 35, 50, 50, 50, 50, 50, 50, 18, 50, 50, 36, 30, 50, 50, 42, 12, 50, 25, 50, 50, 50, 50, 50, 36, 42, 50, 47, 40, 50, 46, 46, 50, 40, 47, 38]
[0 0 0 0 0 0 0 0 0 0 0 0 0 0 0 0 0 0 0 0 0 0 0 0 0 0 0 0 0 0 0 0 0 0 0 0 0
 0 0 0 0 0 0 0 0 0 0 0 0 0 0 0 0 0 0 0 0 0 0 0 0 0 0 0 0 0 0 0 0 0 0 0 0 0
 0 0 0 0 0 0 0 0 0 0 0 0 0 0 0 0 0 0 0 0 0 0 0 0 0 0]
[1 1 1 1 1 1 1 1 1 1 1 1 1 1 1 1 1 1 1 1 1 1 1 1 1 1 1 1 1 1 1 1 1 1 1 1 1
 1 1 1 1 1 1 1 1 1 1 1 1 1 1 1 1 1 1 1 1 1 1 1 1 1 1 1 1 1 1 1 1 1 1 1 1 1
 1 1 1 1 1 1 1 1 1 1 1 1 1 1 1 1 1 1 1 1 1 1 1 1 1 1]
