[ 0  1  2  3  4  5  6  7  8  9 10 11 12 13 14 15 16 17 18 19 20 21 22 23
 24 25 26 27 28 29 30 31 32 33 34 35 36 37 38 39 40 41 42 43 44 45 46 47
 48 49 50 51 52 53 54 55 56 57 58 59 60 61 62 63 64 65 66 67 68 69 70 71
 72 73 74 75 76 77 78 79 80 81 82 83 84 85 86 87 88 89 90 91 92 93 94 95
 96 97 98 99]
[-1 70  7 -1 -1 -1 16 47 71 47 45 32  0 48 58 -1 -1 79  9 50 67 -1 84 53
 29 86 31 39 10 -1 -1 32 64 60 -1 25 76 99 69  7 -1  5 10 44 80 48 38 21
  1 -1 31 74 -1 18 20 -1 85 36 -1 16 -1 -1 16 -1 98 47 76 -1 72 -1  5 -1
  6 79 83 -1 30 -1 -1 -1 39 54 48 84 25 77 -1 36 21 65 30 52 -1 -1 15  0
 -1 54 89  7]
[1 0 1 0 0 1 1 0 1 0 0 1 1 0 1 1 0 1 0 1 0 0 1 0 0 0 0 0 1 1 1 1 0 1 0 1 0
 1 1 1 1 0 0 1 1 0 1 1 0 0 0 0 0 0 1 1 0 1 0 1 1 1 1 0 1 1 0 1 1 1 0 1 1 0
 0 1 0 0 0 1 1 1 0 0 1 1 0 1 1 1 0 1 0 0 1 0 1 1 1 0]
[4 0 1 4 2 2 0 2 0 1 0 1 1 0 2 4 2 3 3 1 0 0 3 0 3 3 0 0 0 0 0 0 0 1 0 2 0
 2 0 3 3 2 3 1 1 4 0 0 4 0 1 0 2 4 2 2 0 1 4 4 0 3 0 4 1 3 4 0 0 2 0 0 1 4
 0 0 0 0 0 0 0 4 0 0 2 0 0 0 2 4 1 0 3 4 0 3 4 1 2 0]
[4 0 1 4 2 2 0 2 0 1 0 1 1 0 2 4 2 3 3 1 0 0 3 0 3 3 0 0 0 0 0 0 0 1 0 2 0
 2 0 3 3 2 3 1 1 4 0 0 4 0 1 0 2 4 2 2 0 1 4 4 0 3 0 4 1 3 4 0 0 2 0 0 1 4
 0 0 0 0 0 0 0 4 0 0 2 0 0 0 2 4 1 0 3 4 0 3 4 1 2 0]
[8 3 3 4 8 2 2 7 2 2 7 8 6 9 1 8 5 4 1 6 3 9 4 6 2 1 9 9 4 4 4 5 9 2 5 5 6
 2 3 2 6 1 4 8 7 5 5 1 4 4 2 5 1 2 5 6 3 6 6 2 1 5 8 5 2 6 8 3 5 1 4 9 2 2
 1 2 6 4 7 2 1 8 3 3 1 9 6 1 8 2 4 8 2 1 6 1 3 5 5 8]
[8 3 3 4 8 2 2 7 2 2 7 8 6 9 1 8 5 4 1 6 3 9 4 6 2 1 9 9 4 4 4 5 9 2 5 5 6
 2 3 2 6 1 4 8 7 5 5 1 4 4 2 5 1 2 5 6 3 6 6 2 1 5 8 5 2 6 8 3 5 1 4 9 2 2
 1 2 6 4 7 2 1 8 3 3 1 9 6 1 8 2 4 8 2 1 6 1 3 5 5 8]
[50, 50, 50, 45, 16, 33, 50, 50, 38, 50, 35, 13, 30, 50, 50, 37, 50, 14, 50, 50, 48, 50, 38, 50, 50, 50, 50, 50, 50, 50, 43, 50, 22, 50, 35, 21, 50, 50, 50, 50, 17, 50, 43, 50, 50, 50, 50, 15, 13, 20, 50, 50, 48, 25, 13, 45, 30, 50, 15, 31, 15, 36, 50, 26, 50, 50, 50, 50, 43, 50, 10, 42, 36, 42, 15, 50, 50, 50, 43, 44, 50, 50, 28, 24, 50, 50, 50, 50, 11, 23, 50, 50, 39, 25, 16, 50, 43, 50, 15, 41]
[0 0 0 0 0 0 0 0 0 0 0 0 0 0 0 0 0 0 0 0 0 0 0 0 0 0 0 0 0 0 0 0 0 0 0 0 0
 0 0 0 0 0 0 0 0 0 0 0 0 0 0 0 0 0 0 0 0 0 0 0 0 0 0 0 0 0 0 0 0 0 0 0 0 0
 0 0 0 0 0 0 0 0 0 0 0 0 0 0 0 0 0 0 0 0 0 0 0 0 0 0]
[1 1 1 1 1 1 1 1 1 1 1 1 1 1 1 1 1 1 1 1 1 1 1 1 1 1 1 1 1 1 1 1 1 1 1 1 1
 1 1 1 1 1 1 1 1 1 1 1 1 1 1 1 1 1 1 1 1 1 1 1 1 1 1 1 1 1 1 1 1 1 1 1 1 1
 1 1 1 1 1 1 1 1 1 1 1 1 1 1 1 1 1 1 1 1 1 1 1 1 1 1]
