[ 0  1  2  3  4  5  6  7  8  9 10 11 12 13 14 15 16 17 18 19 20 21 22 23
 24 25 26 27 28 29 30 31 32 33 34 35 36 37 38 39 40 41 42 43 44 45 46 47
 48 49 50 51 52 53 54 55 56 57 58 59 60 61 62 63 64 65 66 67 68 69 70 71
 72 73 74 75 76 77 78 79 80 81 82 83 84 85 86 87 88 89 90 91 92 93 94 95
 96 97 98 99]
[18 91 -1 -1 11 83 16 77  7 -1 24 79  0 37 -1 52  1 26 24 14 81 70 82 54
 49 -1 62 45 -1 -1 93 20 -1 16 70 66 -1 58 43 78 81 28 80 10 69 -1 66 27
 47  1 80  1 56 15 -1 65 92 39 -1  1 -1 88 60 58 89 50 19 45 90 77 14 11
 -1 52 -1 53 11 15 -1  7 31 53 -1 62 44 20 96 37 54 -1 -1 41 62 59 30 54
 11 -1 87 72]
[1 1 1 0 1 0 1 1 1 0 0 0 0 0 0 1 1 1 1 1 0 0 0 1 1 0 1 1 0 0 0 1 0 1 1 0 1
 1 0 0 1 1 1 1 1 0 1 0 0 0 0 0 1 0 1 1 1 1 1 0 0 0 1 1 1 0 0 0 0 1 0 1 1 1
 0 0 1 0 1 0 1 1 0 0 0 1 1 1 0 1 0 1 0 1 0 0 1 1 0 0]
[0 0 0 2 0 0 1 0 0 3 0 0 0 0 2 1 0 1 0 0 2 1 0 2 0 4 0 2 4 0 4 4 2 0 0 1 0
 4 4 0 2 3 0 0 0 0 3 0 3 0 3 3 1 0 3 2 4 0 0 0 3 3 2 3 0 4 0 0 1 4 0 3 0 1
 1 0 3 1 0 1 3 0 1 2 3 4 2 0 0 4 0 3 2 0 3 4 0 3 2 3]
[0 0 0 2 0 0 1 0 0 3 0 0 0 0 2 1 0 1 0 0 2 1 0 2 0 4 0 2 4 0 4 4 2 0 0 1 0
 4 4 0 2 3 0 0 0 0 3 0 3 0 3 3 1 0 3 2 4 0 0 0 3 3 2 3 0 4 0 0 1 4 0 3 0 1
 1 0 3 1 0 1 3 0 1 2 3 4 2 0 0 4 0 3 2 0 3 4 0 3 2 3]
[4 3 6 9 6 2 1 1 7 7 4 8 3 8 3 6 1 3 1 6 1 5 8 2 1 6 1 2 4 7 7 4 7 8 5 6 9
 1 5 1 2 8 4 7 1 2 2 4 7 6 2 8 5 9 8 2 9 5 3 1 3 2 8 3 4 7 5 2 1 3 1 3 4 2
 4 1 6 1 6 3 5 8 9 4 4 5 7 6 9 5 7 4 6 3 5 5 8 6 5 7]
[4 3 6 9 6 2 1 1 7 7 4 8 3 8 3 6 1 3 1 6 1 5 8 2 1 6 1 2 4 7 7 4 7 8 5 6 9
 1 5 1 2 8 4 7 1 2 2 4 7 6 2 8 5 9 8 2 9 5 3 1 3 2 8 3 4 7 5 2 1 3 1 3 4 2
 4 1 6 1 6 3 5 8 9 4 4 5 7 6 9 5 7 4 6 3 5 5 8 6 5 7]
[25, 26, 15, 50, 50, 50, 43, 50, 50, 50, 50, 17, 50, 12, 25, 50, 50, 50, 50, 37, 21, 50, 50, 50, 50, 50, 50, 28, 50, 46, 45, 50, 50, 35, 50, 49, 14, 50, 50, 50, 50, 20, 38, 50, 50, 33, 50, 13, 43, 44, 50, 15, 21, 50, 12, 50, 50, 43, 50, 50, 14, 32, 12, 38, 30, 50, 50, 50, 50, 13, 50, 17, 50, 50, 50, 21, 50, 50, 50, 50, 11, 50, 50, 50, 50, 13, 16, 50, 50, 24, 32, 50, 50, 50, 27, 38, 17, 50, 25, 50]
[0 0 0 0 0 0 0 0 0 0 0 0 0 0 0 0 0 0 0 0 0 0 0 0 0 0 0 0 0 0 0 0 0 0 0 0 0
 0 0 0 0 0 0 0 0 0 0 0 0 0 0 0 0 0 0 0 0 0 0 0 0 0 0 0 0 0 0 0 0 0 0 0 0 0
 0 0 0 0 0 0 0 0 0 0 0 0 0 0 0 0 0 0 0 0 0 0 0 0 0 0]
[1 1 1 1 1 1 1 1 1 1 1 1 1 1 1 1 1 1 1 1 1 1 1 1 1 1 1 1 1 1 1 1 1 1 1 1 1
 1 1 1 1 1 1 1 1 1 1 1 1 1 1 1 1 1 1 1 1 1 1 1 1 1 1 1 1 1 1 1 1 1 1 1 1 1
 1 1 1 1 1 1 1 1 1 1 1 1 1 1 1 1 1 1 1 1 1 1 1 1 1 1]
