[ 0  1  2  3  4  5  6  7  8  9 10 11 12 13 14 15 16 17 18 19 20 21 22 23
 24 25 26 27 28 29 30 31 32 33 34 35 36 37 38 39 40 41 42 43 44 45 46 47
 48 49 50 51 52 53 54 55 56 57 58 59 60 61 62 63 64 65 66 67 68 69 70 71
 72 73 74 75 76 77 78 79 80 81 82 83 84 85 86 87 88 89 90 91 92 93 94 95
 96 97 98 99]
[94 -1 78 94 12 89 71 61 63 -1 58 -1 -1 48 -1 47 30 -1 79 18 -1 75 26 96
 -1 64  2 -1  8 -1 -1 72 -1 63 64 68 -1 -1 95 10 29 34 68  9 -1 -1 90 61
 32 -1  4 -1 -1 11 29 94 -1 -1 -1 31 48 -1 -1 25 -1 59 32 21 39  3 -1 -1
 -1 28 -1 -1 18 91 31 34 60 -1 37 22 54 90 71 -1 45 60 83 35 -1 30 -1 -1
 51 13 -1 -1]
[0 1 0 0 1 1 1 0 1 1 0 1 0 1 1 1 1 1 1 1 0 0 0 0 1 0 0 0 0 0 1 0 1 0 1 1 0
 0 0 0 1 1 1 0 1 1 0 1 1 1 1 1 0 1 0 1 1 1 1 1 1 0 1 0 0 1 1 0 1 0 0 0 1 0
 0 1 1 0 1 1 0 0 0 1 0 1 1 0 0 0 1 0 0 1 0 0 0 0 0 1]
[2 0 0 0 0 0 2 0 0 3 0 0 2 3 1 0 3 0 3 0 0 0 1 0 2 0 0 0 0 2 4 2 2 0 0 1 0
 1 2 4 0 4 2 0 3 0 1 1 4 4 3 2 4 0 0 2 0 0 0 0 0 3 2 0 3 0 0 0 3 0 2 1 0 2
 3 0 0 0 1 0 4 4 0 1 0 1 1 0 4 0 0 4 0 3 4 1 0 0 2 4]
[2 0 0 0 0 0 2 0 0 3 0 0 2 3 1 0 3 0 3 0 0 0 1 0 2 0 0 0 0 2 4 2 2 0 0 1 0
 1 2 4 0 4 2 0 3 0 1 1 4 4 3 2 4 0 0 2 0 0 0 0 0 3 2 0 3 0 0 0 3 0 2 1 0 2
 3 0 0 0 1 0 4 4 0 1 0 1 1 0 4 0 0 4 0 3 4 1 0 0 2 4]
[4 7 4 5 8 3 5 1 3 4 5 8 5 9 1 8 5 9 4 2 5 5 2 5 2 3 9 3 8 2 7 3 8 5 1 5 4
 7 2 6 4 3 4 4 6 2 8 7 3 6 2 7 5 7 8 7 7 2 6 1 3 6 2 1 1 3 9 9 7 9 8 1 3 2
 8 2 4 2 6 5 1 2 2 3 5 8 7 9 1 4 8 9 7 8 8 9 6 7 8 3]
[4 7 4 5 8 3 5 1 3 4 5 8 5 9 1 8 5 9 4 2 5 5 2 5 2 3 9 3 8 2 7 3 8 5 1 5 4
 7 2 6 4 3 4 4 6 2 8 7 3 6 2 7 5 7 8 7 7 2 6 1 3 6 2 1 1 3 9 9 7 9 8 1 3 2
 8 2 4 2 6 5 1 2 2 3 5 8 7 9 1 4 8 9 7 8 8 9 6 7 8 3]
[50, 10, 50, 41, 50, 50, 25, 14, 13, 50, 19, 45, 23, 31, 50, 50, 50, 50, 50, 50, 38, 33, 50, 50, 48, 34, 50, 50, 50, 43, 32, 50, 29, 23, 10, 33, 50, 50, 50, 14, 45, 50, 29, 16, 14, 44, 50, 40, 50, 39, 38, 50, 30, 50, 50, 28, 50, 50, 33, 50, 50, 50, 50, 32, 24, 50, 19, 10, 45, 45, 50, 24, 50, 38, 50, 50, 25, 50, 23, 36, 50, 50, 50, 13, 50, 50, 50, 42, 50, 50, 29, 50, 50, 50, 50, 50, 50, 10, 21, 50]
[0 0 0 0 0 0 0 0 0 0 0 0 0 0 0 0 0 0 0 0 0 0 0 0 0 0 0 0 0 0 0 0 0 0 0 0 0
 0 0 0 0 0 0 0 0 0 0 0 0 0 0 0 0 0 0 0 0 0 0 0 0 0 0 0 0 0 0 0 0 0 0 0 0 0
 0 0 0 0 0 0 0 0 0 0 0 0 0 0 0 0 0 0 0 0 0 0 0 0 0 0]
[1 1 1 1 1 1 1 1 1 1 1 1 1 1 1 1 1 1 1 1 1 1 1 1 1 1 1 1 1 1 1 1 1 1 1 1 1
 1 1 1 1 1 1 1 1 1 1 1 1 1 1 1 1 1 1 1 1 1 1 1 1 1 1 1 1 1 1 1 1 1 1 1 1 1
 1 1 1 1 1 1 1 1 1 1 1 1 1 1 1 1 1 1 1 1 1 1 1 1 1 1]
