[ 0  1  2  3  4  5  6  7  8  9 10 11 12 13 14 15 16 17 18 19 20 21 22 23
 24 25 26 27 28 29 30 31 32 33 34 35 36 37 38 39 40 41 42 43 44 45 46 47
 48 49 50 51 52 53 54 55 56 57 58 59 60 61 62 63 64 65 66 67 68 69 70 71
 72 73 74 75 76 77 78 79 80 81 82 83 84 85 86 87 88 89 90 91 92 93 94 95
 96 97 98 99]
[76  3 54 56 60 33 46 -1 -1 78 98 64 -1 -1 90 -1 11 -1 -1 -1 66 -1 68 84
 99  5 -1 68 -1 -1 22 67 29 -1 27 16  3 49 -1 -1 73 -1 -1 27  5 34 -1 63
  2 13 18 78 49 94 31 -1 48 62 -1 -1 -1 39 -1 28 30 44  9 -1 18 95 76 43
 90 98 34 -1 -1 -1 -1 47 51 -1 45 85 -1 30 37 34 60 -1 42 -1 85 17 22 44
 37 39 -1 -1]
[1 1 1 0 1 0 0 1 1 1 1 1 0 1 0 0 0 1 1 0 1 1 0 1 1 1 0 0 1 0 1 0 0 1 0 0 1
 1 1 1 1 1 1 1 1 1 1 0 0 0 0 0 1 1 1 1 1 1 1 1 1 0 1 0 1 1 0 0 1 1 1 1 0 0
 0 1 1 0 1 1 0 1 0 0 1 1 1 1 1 0 1 0 1 0 1 1 1 0 0 0]
[3 0 0 0 2 0 2 1 3 0 0 0 3 2 0 0 0 2 0 3 0 1 2 0 2 4 0 2 0 2 3 3 0 0 1 0 0
 3 2 4 1 4 1 0 3 3 3 0 0 0 3 2 0 0 1 1 2 1 1 0 3 4 1 0 0 0 4 4 0 0 0 3 0 1
 0 0 0 4 0 0 1 2 2 1 3 0 0 0 0 1 0 0 2 0 0 4 0 4 4 1]
[3 0 0 0 2 0 2 1 3 0 0 0 3 2 0 0 0 2 0 3 0 1 2 0 2 4 0 2 0 2 3 3 0 0 1 0 0
 3 2 4 1 4 1 0 3 3 3 0 0 0 3 2 0 0 1 1 2 1 1 0 3 4 1 0 0 0 4 4 0 0 0 3 0 1
 0 0 0 4 0 0 1 2 2 1 3 0 0 0 0 1 0 0 2 0 0 4 0 4 4 1]
[6 5 8 9 3 1 3 9 9 4 1 9 5 7 9 5 2 7 5 3 7 6 2 6 7 9 7 2 1 5 6 7 3 4 5 2 3
 8 6 5 9 3 5 5 7 5 8 8 9 4 1 2 4 9 9 3 6 9 7 9 1 1 4 2 3 9 4 8 4 5 4 4 2 7
 4 5 3 7 8 4 3 6 5 4 7 5 6 1 5 2 8 2 2 6 3 3 9 2 5 7]
[6 5 8 9 3 1 3 9 9 4 1 9 5 7 9 5 2 7 5 3 7 6 2 6 7 9 7 2 1 5 6 7 3 4 5 2 3
 8 6 5 9 3 5 5 7 5 8 8 9 4 1 2 4 9 9 3 6 9 7 9 1 1 4 2 3 9 4 8 4 5 4 4 2 7
 4 5 3 7 8 4 3 6 5 4 7 5 6 1 5 2 8 2 2 6 3 3 9 2 5 7]
[20, 50, 25, 50, 24, 50, 50, 11, 15, 43, 45, 50, 50, 50, 14, 26, 17, 34, 28, 50, 45, 50, 50, 17, 50, 37, 50, 36, 19, 50, 50, 50, 22, 50, 50, 44, 18, 50, 50, 41, 18, 50, 26, 50, 50, 50, 49, 44, 50, 20, 50, 42, 32, 50, 50, 42, 28, 32, 27, 30, 48, 50, 38, 49, 50, 50, 50, 50, 50, 50, 50, 13, 50, 10, 24, 50, 33, 50, 50, 45, 50, 28, 50, 14, 50, 50, 50, 31, 50, 50, 50, 50, 50, 26, 23, 50, 50, 50, 16, 31]
[0 0 0 0 0 0 0 0 0 0 0 0 0 0 0 0 0 0 0 0 0 0 0 0 0 0 0 0 0 0 0 0 0 0 0 0 0
 0 0 0 0 0 0 0 0 0 0 0 0 0 0 0 0 0 0 0 0 0 0 0 0 0 0 0 0 0 0 0 0 0 0 0 0 0
 0 0 0 0 0 0 0 0 0 0 0 0 0 0 0 0 0 0 0 0 0 0 0 0 0 0]
[1 1 1 1 1 1 1 1 1 1 1 1 1 1 1 1 1 1 1 1 1 1 1 1 1 1 1 1 1 1 1 1 1 1 1 1 1
 1 1 1 1 1 1 1 1 1 1 1 1 1 1 1 1 1 1 1 1 1 1 1 1 1 1 1 1 1 1 1 1 1 1 1 1 1
 1 1 1 1 1 1 1 1 1 1 1 1 1 1 1 1 1 1 1 1 1 1 1 1 1 1]
