[ 0  1  2  3  4  5  6  7  8  9 10 11 12 13 14 15 16 17 18 19 20 21 22 23
 24 25 26 27 28 29 30 31 32 33 34 35 36 37 38 39 40 41 42 43 44 45 46 47
 48 49 50 51 52 53 54 55 56 57 58 59 60 61 62 63 64 65 66 67 68 69 70 71
 72 73 74 75 76 77 78 79 80 81 82 83 84 85 86 87 88 89 90 91 92 93 94 95
 96 97 98 99]
[37 -1 -1 -1 -1 -1 38 -1 76 -1 21 -1 79 14 -1 77 -1 -1 17 69  6 83 -1 -1
 36 -1 71  4 -1 -1 -1 24 -1 13 -1 -1 13 -1 -1  3 -1 22 -1  9 -1 92 -1 57
 69 87 86 86 72 43 -1 -1 -1 40 -1 97 14 -1 -1 -1 81 99 15 63 -1 87 19 -1
 60 79 19 -1 -1  9 -1 -1 -1 -1 86 -1  7 86 84 36 16 15  7 84 64  9 95 -1
 -1 14 28 -1]
[1 0 1 1 0 1 0 0 0 1 1 0 1 1 0 1 1 1 1 0 0 1 1 0 0 0 0 1 0 1 0 0 1 0 1 1 0
 1 0 0 1 1 0 0 1 0 0 0 1 0 0 0 1 0 0 0 0 1 1 1 0 1 0 1 1 0 0 0 1 1 1 0 0 1
 1 0 0 1 0 1 0 0 0 1 0 0 0 0 0 1 1 0 0 0 1 1 1 0 0 0]
[0 0 3 0 0 0 2 3 1 0 0 0 0 0 3 1 0 0 0 0 0 4 4 4 1 1 3 2 4 0 0 0 2 0 0 0 3
 3 2 1 0 0 0 2 3 1 2 2 0 3 0 0 0 0 0 2 4 2 0 3 3 2 1 2 0 0 4 0 0 4 2 0 0 0
 4 1 0 3 3 4 0 1 4 1 4 0 1 0 1 0 0 1 3 0 0 0 0 0 3 2]
[0 0 3 0 0 0 2 3 1 0 0 0 0 0 3 1 0 0 0 0 0 4 4 4 1 1 3 2 4 0 0 0 2 0 0 0 3
 3 2 1 0 0 0 2 3 1 2 2 0 3 0 0 0 0 0 2 4 2 0 3 3 2 1 2 0 0 4 0 0 4 2 0 0 0
 4 1 0 3 3 4 0 1 4 1 4 0 1 0 1 0 0 1 3 0 0 0 0 0 3 2]
[6 3 5 3 4 4 4 7 6 8 7 3 8 5 6 9 2 7 9 5 9 2 9 2 2 8 3 6 4 1 1 2 8 7 1 8 8
 8 4 1 9 2 2 3 2 8 6 9 6 6 3 7 7 4 1 9 7 5 8 8 3 5 3 2 1 7 2 7 4 7 5 5 5 2
 5 6 6 4 8 5 3 8 1 9 4 2 9 3 6 6 3 6 2 9 5 8 7 8 4 9]
[6 3 5 3 4 4 4 7 6 8 7 3 8 5 6 9 2 7 9 5 9 2 9 2 2 8 3 6 4 1 1 2 8 7 1 8 8
 8 4 1 9 2 2 3 2 8 6 9 6 6 3 7 7 4 1 9 7 5 8 8 3 5 3 2 1 7 2 7 4 7 5 5 5 2
 5 6 6 4 8 5 3 8 1 9 4 2 9 3 6 6 3 6 2 9 5 8 7 8 4 9]
[50, 34, 12, 50, 30, 50, 41, 49, 41, 17, 50, 11, 28, 16, 50, 34, 28, 46, 10, 20, 50, 50, 37, 37, 50, 46, 38, 46, 45, 50, 50, 50, 50, 50, 50, 40, 50, 50, 29, 11, 22, 14, 21, 50, 50, 50, 50, 13, 50, 50, 50, 42, 47, 25, 50, 15, 48, 50, 26, 22, 50, 14, 50, 50, 31, 50, 30, 50, 50, 47, 35, 50, 50, 36, 50, 50, 50, 36, 34, 50, 50, 50, 19, 20, 50, 44, 50, 50, 25, 50, 21, 50, 42, 50, 50, 26, 50, 49, 50, 50]
[0 0 0 0 0 0 0 0 0 0 0 0 0 0 0 0 0 0 0 0 0 0 0 0 0 0 0 0 0 0 0 0 0 0 0 0 0
 0 0 0 0 0 0 0 0 0 0 0 0 0 0 0 0 0 0 0 0 0 0 0 0 0 0 0 0 0 0 0 0 0 0 0 0 0
 0 0 0 0 0 0 0 0 0 0 0 0 0 0 0 0 0 0 0 0 0 0 0 0 0 0]
[1 1 1 1 1 1 1 1 1 1 1 1 1 1 1 1 1 1 1 1 1 1 1 1 1 1 1 1 1 1 1 1 1 1 1 1 1
 1 1 1 1 1 1 1 1 1 1 1 1 1 1 1 1 1 1 1 1 1 1 1 1 1 1 1 1 1 1 1 1 1 1 1 1 1
 1 1 1 1 1 1 1 1 1 1 1 1 1 1 1 1 1 1 1 1 1 1 1 1 1 1]
