[ 0  1  2  3  4  5  6  7  8  9 10 11 12 13 14 15 16 17 18 19 20 21 22 23
 24 25 26 27 28 29 30 31 32 33 34 35 36 37 38 39 40 41 42 43 44 45 46 47
 48 49 50 51 52 53 54 55 56 57 58 59 60 61 62 63 64 65 66 67 68 69 70 71
 72 73 74 75 76 77 78 79 80 81 82 83 84 85 86 87 88 89 90 91 92 93 94 95
 96 97 98 99]
[98 37 30 -1 13 -1 -1  2 -1 99 58 76 14 74 -1  1 -1 -1  1 94 -1 32 -1 58
 44 -1  8 65 15 46 -1 98 43 -1 74 73 41 -1 17 91 -1 -1 -1 10 11  8 -1 25
 41 83  5 -1 -1 -1 75 42 79 -1 79 17 -1 -1 -1 19 -1 -1  4 39 30 42 38 -1
 -1 68 73 12 74 -1 76 14  8 -1 61 -1 65 -1 37 14  0 11 -1 34 72 74 61 83
 67 33 -1 74]
[1 0 1 1 0 1 1 0 1 1 0 1 0 0 0 1 0 1 0 0 1 0 1 0 1 0 1 0 1 1 1 1 1 1 0 1 0
 0 0 0 0 0 1 0 0 1 1 1 1 0 1 1 1 0 1 1 0 0 0 1 0 1 0 1 1 0 0 1 1 0 1 1 1 0
 1 0 1 1 1 1 1 1 1 0 1 1 1 0 0 0 1 0 0 1 1 1 0 0 0 0]
[4 4 0 0 0 4 1 2 1 2 0 0 0 0 0 0 3 2 0 0 4 4 3 4 1 1 1 0 4 4 0 2 0 0 0 4 4
 0 3 0 4 4 0 0 3 0 0 4 0 1 0 1 0 0 4 3 2 2 3 0 0 0 0 4 2 4 3 4 0 3 0 0 1 0
 1 0 3 0 1 2 1 4 1 0 0 4 0 0 0 2 0 2 1 2 0 0 2 0 0 1]
[4 4 0 0 0 4 1 2 1 2 0 0 0 0 0 0 3 2 0 0 4 4 3 4 1 1 1 0 4 4 0 2 0 0 0 4 4
 0 3 0 4 4 0 0 3 0 0 4 0 1 0 1 0 0 4 3 2 2 3 0 0 0 0 4 2 4 3 4 0 3 0 0 1 0
 1 0 3 0 1 2 1 4 1 0 0 4 0 0 0 2 0 2 1 2 0 0 2 0 0 1]
[2 1 5 6 4 9 2 8 8 3 3 1 7 4 6 6 5 5 2 2 5 7 1 9 1 8 9 1 6 4 2 7 2 3 1 6 6
 9 9 5 3 4 3 2 2 8 4 7 5 8 6 4 5 2 3 1 3 3 5 9 3 4 1 9 7 6 1 6 6 2 2 2 1 9
 9 3 7 3 7 3 3 9 9 4 8 4 5 5 1 4 4 9 7 4 6 3 9 4 7 8]
[2 1 5 6 4 9 2 8 8 3 3 1 7 4 6 6 5 5 2 2 5 7 1 9 1 8 9 1 6 4 2 7 2 3 1 6 6
 9 9 5 3 4 3 2 2 8 4 7 5 8 6 4 5 2 3 1 3 3 5 9 3 4 1 9 7 6 1 6 6 2 2 2 1 9
 9 3 7 3 7 3 3 9 9 4 8 4 5 5 1 4 4 9 7 4 6 3 9 4 7 8]
[50, 16, 50, 28, 27, 15, 29, 50, 22, 45, 50, 50, 43, 50, 43, 42, 50, 50, 50, 50, 50, 50, 50, 50, 49, 49, 50, 26, 50, 36, 50, 28, 50, 13, 50, 45, 50, 42, 50, 47, 44, 50, 32, 13, 41, 50, 43, 42, 50, 50, 25, 50, 15, 38, 50, 37, 50, 50, 50, 39, 11, 36, 50, 49, 10, 17, 18, 47, 42, 13, 45, 19, 29, 37, 50, 31, 13, 50, 47, 33, 50, 50, 50, 42, 50, 25, 50, 37, 50, 50, 49, 38, 46, 50, 10, 48, 50, 50, 25, 19]
[0 0 0 0 0 0 0 0 0 0 0 0 0 0 0 0 0 0 0 0 0 0 0 0 0 0 0 0 0 0 0 0 0 0 0 0 0
 0 0 0 0 0 0 0 0 0 0 0 0 0 0 0 0 0 0 0 0 0 0 0 0 0 0 0 0 0 0 0 0 0 0 0 0 0
 0 0 0 0 0 0 0 0 0 0 0 0 0 0 0 0 0 0 0 0 0 0 0 0 0 0]
[1 1 1 1 1 1 1 1 1 1 1 1 1 1 1 1 1 1 1 1 1 1 1 1 1 1 1 1 1 1 1 1 1 1 1 1 1
 1 1 1 1 1 1 1 1 1 1 1 1 1 1 1 1 1 1 1 1 1 1 1 1 1 1 1 1 1 1 1 1 1 1 1 1 1
 1 1 1 1 1 1 1 1 1 1 1 1 1 1 1 1 1 1 1 1 1 1 1 1 1 1]
