[ 0  1  2  3  4  5  6  7  8  9 10 11 12 13 14 15 16 17 18 19 20 21 22 23
 24 25 26 27 28 29 30 31 32 33 34 35 36 37 38 39 40 41 42 43 44 45 46 47
 48 49 50 51 52 53 54 55 56 57 58 59 60 61 62 63 64 65 66 67 68 69 70 71
 72 73 74 75 76 77 78 79 80 81 82 83 84 85 86 87 88 89 90 91 92 93 94 95
 96 97 98 99]
[-1 58 66 59 34 -1 -1 18 -1 23 51  1 76 -1 21 41 15 -1  2 95 -1 59 34 -1
 -1  0 -1 -1 81 -1 -1 54  2 15 -1 41 -1 -1 73 -1 -1 25 84 -1 75 57 47 -1
 45  9 40 74 59 -1 77 37 -1 24 29 -1 -1 -1 71 97 40 -1 58 78 -1 -1 91 -1
 73 93 34 -1 68 81 47 83 37 -1 -1 10 59 78 23  9 76 82 42 -1 76 -1 77 71
 -1 46 85 -1]
[1 1 0 0 1 1 0 0 0 1 0 0 1 1 0 0 1 0 0 1 1 0 0 1 1 0 1 1 0 1 1 0 1 1 0 0 0
 1 0 0 1 0 0 1 1 1 1 1 1 1 1 1 0 0 1 0 1 0 1 0 0 0 0 0 1 0 1 1 0 1 0 0 0 1
 1 0 0 0 0 0 1 1 1 0 0 1 1 0 1 0 1 0 1 1 1 1 1 1 1 0]
[1 1 0 2 4 3 0 1 0 0 1 1 2 1 0 0 0 0 4 0 2 0 2 3 0 0 3 2 1 0 2 0 1 0 0 3 0
 1 0 0 0 4 0 3 0 0 0 0 4 0 0 4 1 1 0 0 0 1 0 0 0 3 0 3 3 3 3 0 2 2 3 3 0 1
 4 3 3 0 0 2 0 0 0 3 0 3 0 2 0 3 1 1 0 0 2 1 0 0 2 3]
[1 1 0 2 4 3 0 1 0 0 1 1 2 1 0 0 0 0 4 0 2 0 2 3 0 0 3 2 1 0 2 0 1 0 0 3 0
 1 0 0 0 4 0 3 0 0 0 0 4 0 0 4 1 1 0 0 0 1 0 0 0 3 0 3 3 3 3 0 2 2 3 3 0 1
 4 3 3 0 0 2 0 0 0 3 0 3 0 2 0 3 1 1 0 0 2 1 0 0 2 3]
[4 8 3 7 7 1 7 9 2 6 7 2 5 7 7 2 1 9 9 5 3 3 4 5 5 3 1 3 3 7 1 4 5 6 2 4 6
 7 3 3 5 3 6 7 6 7 5 2 7 1 9 7 3 4 8 2 6 4 3 7 2 6 5 7 2 7 2 9 1 1 2 1 3 9
 6 6 1 9 5 2 4 6 9 1 8 7 8 4 8 7 7 2 7 3 9 4 5 6 8 5]
[4 8 3 7 7 1 7 9 2 6 7 2 5 7 7 2 1 9 9 5 3 3 4 5 5 3 1 3 3 7 1 4 5 6 2 4 6
 7 3 3 5 3 6 7 6 7 5 2 7 1 9 7 3 4 8 2 6 4 3 7 2 6 5 7 2 7 2 9 1 1 2 1 3 9
 6 6 1 9 5 2 4 6 9 1 8 7 8 4 8 7 7 2 7 3 9 4 5 6 8 5]
[50, 50, 37, 50, 25, 50, 32, 50, 39, 50, 46, 50, 50, 37, 25, 39, 18, 50, 50, 39, 45, 28, 50, 15, 50, 20, 46, 14, 50, 50, 50, 43, 13, 50, 50, 50, 38, 44, 50, 50, 17, 19, 50, 39, 50, 41, 34, 50, 50, 50, 50, 14, 50, 34, 50, 40, 36, 47, 33, 32, 19, 50, 50, 50, 15, 50, 16, 10, 48, 22, 50, 50, 50, 16, 50, 50, 50, 50, 29, 25, 42, 50, 49, 50, 50, 50, 27, 13, 42, 50, 43, 46, 23, 35, 50, 44, 42, 36, 29, 50]
[0 0 0 0 0 0 0 0 0 0 0 0 0 0 0 0 0 0 0 0 0 0 0 0 0 0 0 0 0 0 0 0 0 0 0 0 0
 0 0 0 0 0 0 0 0 0 0 0 0 0 0 0 0 0 0 0 0 0 0 0 0 0 0 0 0 0 0 0 0 0 0 0 0 0
 0 0 0 0 0 0 0 0 0 0 0 0 0 0 0 0 0 0 0 0 0 0 0 0 0 0]
[1 1 1 1 1 1 1 1 1 1 1 1 1 1 1 1 1 1 1 1 1 1 1 1 1 1 1 1 1 1 1 1 1 1 1 1 1
 1 1 1 1 1 1 1 1 1 1 1 1 1 1 1 1 1 1 1 1 1 1 1 1 1 1 1 1 1 1 1 1 1 1 1 1 1
 1 1 1 1 1 1 1 1 1 1 1 1 1 1 1 1 1 1 1 1 1 1 1 1 1 1]
