[ 0  1  2  3  4  5  6  7  8  9 10 11 12 13 14 15 16 17 18 19 20 21 22 23
 24 25 26 27 28 29 30 31 32 33 34 35 36 37 38 39 40 41 42 43 44 45 46 47
 48 49 50 51 52 53 54 55 56 57 58 59 60 61 62 63 64 65 66 67 68 69 70 71
 72 73 74 75 76 77 78 79 80 81 82 83 84 85 86 87 88 89 90 91 92 93 94 95
 96 97 98 99]
[-1 18 63 30 -1 -1 13 -1 58 14 37  8 67 82 29  3 -1 -1 -1 84 56 28 38 93
 -1 -1 79  8 -1 62 91 17 -1 -1 -1 75 92 22 -1 96 83 22 69 -1 84 41 17 -1
 10 10 -1 48  8 96 -1  7 29 22 24 36 95 -1 82 60 -1 16 -1 -1 42 -1 -1 -1
 73 -1 35 -1 95  8 31 -1 25 56 -1 -1 34 -1 64 -1  7 94 24 50 83 -1 -1 -1
 -1 26 32 -1]
[0 0 0 1 0 0 0 1 0 0 0 1 0 0 1 0 1 1 0 1 0 1 1 0 1 1 0 0 0 1 1 1 1 0 1 1 0
 1 1 1 0 0 0 1 0 1 0 0 0 1 0 0 0 0 0 1 1 0 1 1 0 0 0 1 0 0 0 0 1 1 0 1 0 0
 0 1 1 1 0 0 1 0 1 1 1 1 0 1 1 1 1 0 1 0 1 0 1 1 1 0]
[0 0 4 0 3 0 3 0 4 0 4 3 0 4 1 3 0 0 4 0 0 0 0 0 0 2 0 3 2 1 0 0 0 0 0 0 2
 0 1 0 3 2 0 0 0 0 0 4 2 0 0 0 4 4 3 3 2 0 0 4 4 1 4 2 1 0 2 0 4 0 0 0 2 2
 0 0 0 0 4 3 0 2 2 0 0 2 2 0 0 2 3 0 0 0 3 0 0 0 0 0]
[0 0 4 0 3 0 3 0 4 0 4 3 0 4 1 3 0 0 4 0 0 0 0 0 0 2 0 3 2 1 0 0 0 0 0 0 2
 0 1 0 3 2 0 0 0 0 0 4 2 0 0 0 4 4 3 3 2 0 0 4 4 1 4 2 1 0 2 0 4 0 0 0 2 2
 0 0 0 0 4 3 0 2 2 0 0 2 2 0 0 2 3 0 0 0 3 0 0 0 0 0]
[4 6 3 8 9 6 7 8 6 2 8 6 2 9 3 2 2 6 4 2 7 4 6 6 8 2 8 5 6 5 8 4 4 3 1 2 8
 2 7 5 8 8 2 4 8 9 2 5 7 4 7 2 9 1 7 8 1 5 3 9 2 6 5 6 5 2 3 1 5 7 2 2 5 9
 6 9 3 6 6 4 8 1 4 7 7 4 7 4 8 8 3 7 6 3 1 3 3 6 2 3]
[4 6 3 8 9 6 7 8 6 2 8 6 2 9 3 2 2 6 4 2 7 4 6 6 8 2 8 5 6 5 8 4 4 3 1 2 8
 2 7 5 8 8 2 4 8 9 2 5 7 4 7 2 9 1 7 8 1 5 3 9 2 6 5 6 5 2 3 1 5 7 2 2 5 9
 6 9 3 6 6 4 8 1 4 7 7 4 7 4 8 8 3 7 6 3 1 3 3 6 2 3]
[48, 16, 50, 50, 29, 23, 50, 50, 29, 50, 38, 41, 35, 50, 50, 50, 50, 50, 42, 39, 28, 33, 33, 50, 50, 50, 45, 50, 18, 35, 24, 35, 14, 50, 45, 29, 50, 24, 34, 50, 50, 23, 50, 25, 36, 50, 40, 32, 50, 39, 50, 50, 22, 20, 50, 50, 30, 39, 50, 16, 50, 39, 50, 50, 40, 49, 41, 50, 50, 34, 50, 50, 18, 50, 50, 50, 34, 11, 28, 50, 19, 50, 50, 50, 50, 25, 39, 50, 43, 50, 23, 18, 50, 38, 17, 50, 25, 50, 50, 50]
[0 0 0 0 0 0 0 0 0 0 0 0 0 0 0 0 0 0 0 0 0 0 0 0 0 0 0 0 0 0 0 0 0 0 0 0 0
 0 0 0 0 0 0 0 0 0 0 0 0 0 0 0 0 0 0 0 0 0 0 0 0 0 0 0 0 0 0 0 0 0 0 0 0 0
 0 0 0 0 0 0 0 0 0 0 0 0 0 0 0 0 0 0 0 0 0 0 0 0 0 0]
[1 1 1 1 1 1 1 1 1 1 1 1 1 1 1 1 1 1 1 1 1 1 1 1 1 1 1 1 1 1 1 1 1 1 1 1 1
 1 1 1 1 1 1 1 1 1 1 1 1 1 1 1 1 1 1 1 1 1 1 1 1 1 1 1 1 1 1 1 1 1 1 1 1 1
 1 1 1 1 1 1 1 1 1 1 1 1 1 1 1 1 1 1 1 1 1 1 1 1 1 1]
