[ 0  1  2  3  4  5  6  7  8  9 10 11 12 13 14 15 16 17 18 19 20 21 22 23
 24 25 26 27 28 29 30 31 32 33 34 35 36 37 38 39 40 41 42 43 44 45 46 47
 48 49 50 51 52 53 54 55 56 57 58 59 60 61 62 63 64 65 66 67 68 69 70 71
 72 73 74 75 76 77 78 79 80 81 82 83 84 85 86 87 88 89 90 91 92 93 94 95
 96 97 98 99]
[29 41 -1 65 -1 -1 75 -1 -1 -1 -1 -1 30 38 -1 77 18 61 -1 -1 -1 66 -1 72
  5 26 28 42 38 -1 22 64  9 13 25 76 -1 -1 -1 -1  7  4 -1 42  6 82 -1 -1
 47 46 -1 88 18 64 61 -1  4 83 66 -1 62  9 26 90 84 97 46 78 14 -1  2 67
 40 -1 96  7 -1 22 72 60 82 84 61 -1 -1 -1  4 65 62 59 77 60 22  1 86 53
 -1 -1  6 68]
[1 0 1 1 1 1 0 0 1 1 0 1 1 1 0 0 0 1 0 1 1 0 1 1 0 0 0 0 1 0 1 1 0 1 1 1 1
 0 0 0 0 1 1 1 0 0 0 1 0 0 0 1 0 1 0 1 1 0 0 0 1 1 0 0 0 0 1 0 1 0 0 1 0 1
 1 0 1 1 0 0 0 1 1 1 1 0 1 0 0 0 0 0 0 0 1 1 0 0 0 1]
[0 0 2 1 0 3 3 0 3 4 0 4 0 1 3 2 2 4 0 0 0 0 0 2 0 4 0 3 0 4 0 4 0 1 0 3 0
 2 0 4 1 2 3 1 0 0 4 0 2 0 4 1 0 1 1 3 4 1 0 1 2 2 0 1 0 3 2 1 2 4 0 1 2 0
 1 0 0 3 2 1 0 4 4 0 0 0 3 0 4 0 0 4 0 2 0 3 3 4 3 0]
[0 0 2 1 0 3 3 0 3 4 0 4 0 1 3 2 2 4 0 0 0 0 0 2 0 4 0 3 0 4 0 4 0 1 0 3 0
 2 0 4 1 2 3 1 0 0 4 0 2 0 4 1 0 1 1 3 4 1 0 1 2 2 0 1 0 3 2 1 2 4 0 1 2 0
 1 0 0 3 2 1 0 4 4 0 0 0 3 0 4 0 0 4 0 2 0 3 3 4 3 0]
[5 8 9 3 5 5 2 9 7 4 5 2 9 2 8 8 2 7 6 9 1 6 5 2 3 6 5 4 4 5 3 2 7 9 3 4 4
 6 5 8 3 9 4 8 4 4 5 8 5 8 2 1 3 6 2 4 7 8 7 4 3 6 1 3 1 2 8 8 6 7 6 6 6 1
 1 7 3 1 3 2 6 8 6 3 6 9 7 6 3 1 6 6 6 2 3 7 9 9 1 4]
[5 8 9 3 5 5 2 9 7 4 5 2 9 2 8 8 2 7 6 9 1 6 5 2 3 6 5 4 4 5 3 2 7 9 3 4 4
 6 5 8 3 9 4 8 4 4 5 8 5 8 2 1 3 6 2 4 7 8 7 4 3 6 1 3 1 2 8 8 6 7 6 6 6 1
 1 7 3 1 3 2 6 8 6 3 6 9 7 6 3 1 6 6 6 2 3 7 9 9 1 4]
[50, 50, 36, 44, 11, 50, 12, 50, 50, 50, 38, 25, 50, 40, 50, 50, 16, 50, 50, 50, 46, 50, 20, 31, 27, 22, 50, 50, 50, 35, 40, 50, 14, 28, 50, 33, 49, 18, 50, 16, 50, 48, 22, 23, 50, 50, 39, 45, 28, 16, 46, 19, 50, 50, 27, 50, 50, 50, 43, 46, 50, 26, 50, 18, 50, 50, 39, 50, 50, 50, 49, 50, 46, 22, 50, 12, 50, 50, 50, 36, 28, 50, 50, 50, 24, 17, 50, 50, 50, 50, 28, 50, 39, 50, 50, 32, 11, 20, 50, 50]
[0 0 0 0 0 0 0 0 0 0 0 0 0 0 0 0 0 0 0 0 0 0 0 0 0 0 0 0 0 0 0 0 0 0 0 0 0
 0 0 0 0 0 0 0 0 0 0 0 0 0 0 0 0 0 0 0 0 0 0 0 0 0 0 0 0 0 0 0 0 0 0 0 0 0
 0 0 0 0 0 0 0 0 0 0 0 0 0 0 0 0 0 0 0 0 0 0 0 0 0 0]
[1 1 1 1 1 1 1 1 1 1 1 1 1 1 1 1 1 1 1 1 1 1 1 1 1 1 1 1 1 1 1 1 1 1 1 1 1
 1 1 1 1 1 1 1 1 1 1 1 1 1 1 1 1 1 1 1 1 1 1 1 1 1 1 1 1 1 1 1 1 1 1 1 1 1
 1 1 1 1 1 1 1 1 1 1 1 1 1 1 1 1 1 1 1 1 1 1 1 1 1 1]
