[ 0  1  2  3  4  5  6  7  8  9 10 11 12 13 14 15 16 17 18 19 20 21 22 23
 24 25 26 27 28 29 30 31 32 33 34 35 36 37 38 39 40 41 42 43 44 45 46 47
 48 49 50 51 52 53 54 55 56 57 58 59 60 61 62 63 64 65 66 67 68 69 70 71
 72 73 74 75 76 77 78 79 80 81 82 83 84 85 86 87 88 89 90 91 92 93 94 95
 96 97 98 99]
[66 58 -1 61 99 -1 96 98 49  4 -1 -1 64 63 38 -1 12 75 72 57 71 -1 -1 59
 23 29 71 -1 -1 41 53 29 -1 52 27 -1  8  1 90 67 22  8 88 81 66 88 48  6
 -1 89 -1 73 -1 -1 97 95  9 50 -1  6 44 65 67  7 -1 -1 83 -1 36 93 -1 93
  0 29 54 67 73 23 56 42 22 36 -1 -1 -1 -1 67 -1 -1 -1 37 52 21 28 -1 73
  7  9 -1 50]
[0 0 1 1 0 1 1 1 1 1 1 1 1 1 0 0 0 0 0 1 1 1 1 1 1 0 1 0 1 0 1 0 0 1 1 1 0
 0 0 0 1 0 0 0 1 1 0 0 0 1 1 1 1 1 0 0 0 1 1 0 1 1 0 0 0 1 0 0 0 1 1 0 1 0
 0 1 0 0 1 1 1 0 1 0 1 0 0 0 0 0 1 1 1 0 0 0 0 0 0 1]
[3 3 1 0 0 0 2 0 0 4 0 1 0 0 3 1 4 0 0 0 3 2 0 4 4 0 2 3 0 3 3 2 0 0 4 4 1
 0 4 3 2 0 2 3 4 0 1 0 0 4 2 0 0 0 0 0 0 0 0 0 0 0 0 3 3 1 0 0 3 2 0 4 4 0
 2 0 3 0 2 2 3 0 1 2 0 0 0 0 2 0 0 0 3 4 3 1 2 0 2 4]
[3 3 1 0 0 0 2 0 0 4 0 1 0 0 3 1 4 0 0 0 3 2 0 4 4 0 2 3 0 3 3 2 0 0 4 4 1
 0 4 3 2 0 2 3 4 0 1 0 0 4 2 0 0 0 0 0 0 0 0 0 0 0 0 3 3 1 0 0 3 2 0 4 4 0
 2 0 3 0 2 2 3 0 1 2 0 0 0 0 2 0 0 0 3 4 3 1 2 0 2 4]
[1 9 3 6 9 3 6 9 8 5 3 6 2 1 5 2 5 7 3 3 5 9 5 3 8 4 6 1 1 2 1 8 9 8 8 5 2
 5 8 1 7 9 6 6 6 7 9 3 6 2 9 4 3 2 6 8 9 9 3 4 8 1 3 5 4 4 8 2 1 4 7 7 7 8
 2 7 7 6 1 2 7 5 1 5 5 9 5 9 8 7 2 3 2 3 9 1 4 6 9 6]
[1 9 3 6 9 3 6 9 8 5 3 6 2 1 5 2 5 7 3 3 5 9 5 3 8 4 6 1 1 2 1 8 9 8 8 5 2
 5 8 1 7 9 6 6 6 7 9 3 6 2 9 4 3 2 6 8 9 9 3 4 8 1 3 5 4 4 8 2 1 4 7 7 7 8
 2 7 7 6 1 2 7 5 1 5 5 9 5 9 8 7 2 3 2 3 9 1 4 6 9 6]
[21, 50, 50, 50, 24, 50, 33, 43, 16, 33, 20, 20, 50, 50, 23, 43, 17, 31, 50, 50, 32, 50, 32, 50, 50, 50, 50, 50, 50, 50, 37, 34, 50, 12, 50, 43, 50, 20, 50, 37, 50, 35, 50, 29, 43, 50, 43, 46, 50, 22, 50, 50, 49, 31, 40, 50, 50, 23, 23, 18, 20, 47, 50, 39, 50, 50, 45, 31, 50, 37, 50, 19, 32, 50, 19, 35, 48, 50, 50, 30, 50, 50, 50, 50, 39, 17, 50, 50, 36, 50, 37, 50, 50, 50, 43, 18, 47, 50, 28, 10]
[0 0 0 0 0 0 0 0 0 0 0 0 0 0 0 0 0 0 0 0 0 0 0 0 0 0 0 0 0 0 0 0 0 0 0 0 0
 0 0 0 0 0 0 0 0 0 0 0 0 0 0 0 0 0 0 0 0 0 0 0 0 0 0 0 0 0 0 0 0 0 0 0 0 0
 0 0 0 0 0 0 0 0 0 0 0 0 0 0 0 0 0 0 0 0 0 0 0 0 0 0]
[1 1 1 1 1 1 1 1 1 1 1 1 1 1 1 1 1 1 1 1 1 1 1 1 1 1 1 1 1 1 1 1 1 1 1 1 1
 1 1 1 1 1 1 1 1 1 1 1 1 1 1 1 1 1 1 1 1 1 1 1 1 1 1 1 1 1 1 1 1 1 1 1 1 1
 1 1 1 1 1 1 1 1 1 1 1 1 1 1 1 1 1 1 1 1 1 1 1 1 1 1]
