[ 0  1  2  3  4  5  6  7  8  9 10 11 12 13 14 15 16 17 18 19 20 21 22 23
 24 25 26 27 28 29 30 31 32 33 34 35 36 37 38 39 40 41 42 43 44 45 46 47
 48 49 50 51 52 53 54 55 56 57 58 59 60 61 62 63 64 65 66 67 68 69 70 71
 72 73 74 75 76 77 78 79 80 81 82 83 84 85 86 87 88 89 90 91 92 93 94 95
 96 97 98 99]
[-1 47 36 -1 42 90 50 48 99 18 16 -1 -1 79 85 16 -1 21 62 65 87 94 -1 -1
 95 57 -1 34 -1 -1 -1 59  3 97 45 -1 64 45 -1 -1 12 30 -1 -1 -1 -1 21 -1
 -1 13 27 -1 97 50 77 79 80 44 -1 60 96 19 -1 29 -1 70  6 -1 89 59 81 -1
 50 68 -1 22 -1 29 42 71  1 96 14 -1  0 -1 20 -1 20 72 -1 71 72 28 35 -1
 11 98 44 82]
[1 1 1 1 0 0 0 0 0 1 0 1 1 1 1 0 1 0 1 1 0 1 0 1 0 0 1 1 1 1 0 0 0 0 0 1 1
 0 1 0 1 0 1 0 0 0 1 1 0 0 0 0 1 1 0 0 1 0 0 1 1 0 1 1 1 1 0 1 1 1 1 0 1 0
 1 1 0 1 1 1 0 0 1 1 0 1 0 1 1 1 1 1 0 0 1 1 0 1 0 0]
[4 0 0 1 0 0 3 0 4 1 0 0 0 1 0 0 4 0 0 0 2 0 0 2 1 1 2 0 0 0 0 2 1 0 3 4 0
 0 4 0 0 3 0 0 1 3 1 2 0 2 0 0 1 0 3 0 0 0 4 0 2 3 0 4 1 0 3 2 2 0 4 0 0 0
 0 0 4 0 0 4 0 0 4 3 2 1 0 3 0 0 3 1 3 2 1 2 4 2 4 0]
[4 0 0 1 0 0 3 0 4 1 0 0 0 1 0 0 4 0 0 0 2 0 0 2 1 1 2 0 0 0 0 2 1 0 3 4 0
 0 4 0 0 3 0 0 1 3 1 2 0 2 0 0 1 0 3 0 0 0 4 0 2 3 0 4 1 0 3 2 2 0 4 0 0 0
 0 0 4 0 0 4 0 0 4 3 2 1 0 3 0 0 3 1 3 2 1 2 4 2 4 0]
[8 4 2 5 3 6 2 3 8 4 5 9 8 6 1 4 6 9 5 8 1 4 3 1 9 9 4 5 7 3 8 7 6 1 6 4 5
 2 7 6 5 7 4 5 7 2 4 6 1 8 7 5 4 5 6 5 9 9 3 8 8 7 1 3 2 1 3 4 1 5 7 1 9 6
 9 7 7 3 1 2 6 4 8 6 3 5 9 7 7 9 2 8 8 7 1 5 8 8 4 2]
[8 4 2 5 3 6 2 3 8 4 5 9 8 6 1 4 6 9 5 8 1 4 3 1 9 9 4 5 7 3 8 7 6 1 6 4 5
 2 7 6 5 7 4 5 7 2 4 6 1 8 7 5 4 5 6 5 9 9 3 8 8 7 1 3 2 1 3 4 1 5 7 1 9 6
 9 7 7 3 1 2 6 4 8 6 3 5 9 7 7 9 2 8 8 7 1 5 8 8 4 2]
[11, 50, 50, 28, 22, 29, 50, 50, 34, 50, 50, 34, 45, 50, 50, 47, 38, 50, 50, 50, 34, 50, 50, 21, 50, 42, 19, 39, 47, 50, 37, 28, 50, 50, 19, 50, 34, 50, 50, 50, 50, 50, 50, 50, 50, 50, 39, 26, 39, 37, 50, 36, 50, 17, 38, 50, 50, 41, 43, 50, 16, 10, 50, 39, 43, 12, 50, 25, 10, 15, 49, 18, 50, 20, 50, 41, 50, 50, 50, 50, 48, 17, 30, 50, 50, 50, 50, 50, 27, 14, 19, 50, 50, 50, 50, 45, 21, 45, 12, 50]
[0 0 0 0 0 0 0 0 0 0 0 0 0 0 0 0 0 0 0 0 0 0 0 0 0 0 0 0 0 0 0 0 0 0 0 0 0
 0 0 0 0 0 0 0 0 0 0 0 0 0 0 0 0 0 0 0 0 0 0 0 0 0 0 0 0 0 0 0 0 0 0 0 0 0
 0 0 0 0 0 0 0 0 0 0 0 0 0 0 0 0 0 0 0 0 0 0 0 0 0 0]
[1 1 1 1 1 1 1 1 1 1 1 1 1 1 1 1 1 1 1 1 1 1 1 1 1 1 1 1 1 1 1 1 1 1 1 1 1
 1 1 1 1 1 1 1 1 1 1 1 1 1 1 1 1 1 1 1 1 1 1 1 1 1 1 1 1 1 1 1 1 1 1 1 1 1
 1 1 1 1 1 1 1 1 1 1 1 1 1 1 1 1 1 1 1 1 1 1 1 1 1 1]
