[ 0  1  2  3  4  5  6  7  8  9 10 11 12 13 14 15 16 17 18 19 20 21 22 23
 24 25 26 27 28 29 30 31 32 33 34 35 36 37 38 39 40 41 42 43 44 45 46 47
 48 49 50 51 52 53 54 55 56 57 58 59 60 61 62 63 64 65 66 67 68 69 70 71
 72 73 74 75 76 77 78 79 80 81 82 83 84 85 86 87 88 89 90 91 92 93 94 95
 96 97 98 99]
[-1 39 25 -1 17 -1 -1 61 74 59 -1  2 -1 78 16 29 10 20 46 -1 75 95 -1 73
 10 -1  4 -1 32 34 34 -1 -1 -1 14 76 84 93 -1 -1 -1 32 12 44 -1 -1 36 -1
 83  7 -1 -1 68 93 26 -1  1 -1 -1 80 -1 11 10 -1 -1 67 65 38  2 42 63 51
 98 72 36 -1 49 -1 67 21 56  2 85 70 21 -1 -1  4 67 80  2 -1  8 95 26 -1
 -1 -1 24 25]
[1 1 1 1 1 0 0 0 0 1 1 0 1 0 1 1 1 0 1 1 0 0 0 1 1 1 0 0 0 0 1 0 1 1 0 1 1
 0 1 0 1 1 1 0 0 1 1 0 1 1 0 1 0 0 1 1 1 1 0 1 0 1 1 1 0 0 0 0 1 0 1 1 0 1
 1 0 0 0 1 1 0 0 1 1 0 0 0 1 1 0 0 0 1 0 0 0 1 1 1 0]
[0 0 3 2 0 0 0 2 0 1 1 0 4 1 1 0 1 0 0 1 0 0 0 0 3 0 4 0 0 0 0 2 0 0 3 2 0
 4 0 0 4 4 2 4 1 0 1 3 2 0 4 0 0 0 3 0 0 0 0 0 2 0 1 1 2 2 0 2 3 0 0 0 3 0
 0 1 2 1 1 0 0 2 3 0 4 0 3 1 0 1 0 0 1 2 0 0 3 1 0 0]
[0 0 3 2 0 0 0 2 0 1 1 0 4 1 1 0 1 0 0 1 0 0 0 0 3 0 4 0 0 0 0 2 0 0 3 2 0
 4 0 0 4 4 2 4 1 0 1 3 2 0 4 0 0 0 3 0 0 0 0 0 2 0 1 1 2 2 0 2 3 0 0 0 3 0
 0 1 2 1 1 0 0 2 3 0 4 0 3 1 0 1 0 0 1 2 0 0 3 1 0 0]
[3 6 7 9 6 7 2 3 2 7 6 9 4 4 4 8 5 1 8 5 1 6 4 8 5 1 7 2 4 5 8 8 9 2 3 6 7
 5 4 5 4 6 8 5 9 4 2 8 3 2 6 6 1 3 4 4 4 4 4 8 5 5 6 3 3 5 9 5 9 6 5 9 2 3
 1 3 1 8 2 4 5 1 2 7 9 5 6 8 5 3 5 3 9 8 8 4 4 6 1 7]
[3 6 7 9 6 7 2 3 2 7 6 9 4 4 4 8 5 1 8 5 1 6 4 8 5 1 7 2 4 5 8 8 9 2 3 6 7
 5 4 5 4 6 8 5 9 4 2 8 3 2 6 6 1 3 4 4 4 4 4 8 5 5 6 3 3 5 9 5 9 6 5 9 2 3
 1 3 1 8 2 4 5 1 2 7 9 5 6 8 5 3 5 3 9 8 8 4 4 6 1 7]
[50, 37, 31, 32, 30, 15, 50, 50, 50, 25, 10, 50, 48, 18, 50, 46, 50, 35, 49, 50, 50, 43, 42, 49, 50, 38, 47, 38, 21, 50, 50, 49, 42, 24, 50, 50, 50, 37, 50, 50, 18, 50, 50, 28, 44, 41, 26, 32, 11, 17, 16, 50, 38, 35, 50, 50, 50, 50, 16, 31, 38, 10, 50, 17, 50, 50, 24, 50, 42, 50, 50, 50, 43, 26, 50, 48, 50, 44, 50, 20, 50, 20, 50, 34, 46, 50, 50, 50, 50, 50, 21, 50, 36, 50, 31, 50, 30, 50, 20, 41]
[0 0 0 0 0 0 0 0 0 0 0 0 0 0 0 0 0 0 0 0 0 0 0 0 0 0 0 0 0 0 0 0 0 0 0 0 0
 0 0 0 0 0 0 0 0 0 0 0 0 0 0 0 0 0 0 0 0 0 0 0 0 0 0 0 0 0 0 0 0 0 0 0 0 0
 0 0 0 0 0 0 0 0 0 0 0 0 0 0 0 0 0 0 0 0 0 0 0 0 0 0]
[1 1 1 1 1 1 1 1 1 1 1 1 1 1 1 1 1 1 1 1 1 1 1 1 1 1 1 1 1 1 1 1 1 1 1 1 1
 1 1 1 1 1 1 1 1 1 1 1 1 1 1 1 1 1 1 1 1 1 1 1 1 1 1 1 1 1 1 1 1 1 1 1 1 1
 1 1 1 1 1 1 1 1 1 1 1 1 1 1 1 1 1 1 1 1 1 1 1 1 1 1]
