[ 0  1  2  3  4  5  6  7  8  9 10 11 12 13 14 15 16 17 18 19 20 21 22 23
 24 25 26 27 28 29 30 31 32 33 34 35 36 37 38 39 40 41 42 43 44 45 46 47
 48 49 50 51 52 53 54 55 56 57 58 59 60 61 62 63 64 65 66 67 68 69 70 71
 72 73 74 75 76 77 78 79 80 81 82 83 84 85 86 87 88 89 90 91 92 93 94 95
 96 97 98 99]
[-1 99 -1 94 -1 33 -1 -1 73 70 -1 17 -1  6 70 -1 56 91 -1 80 -1 68 56 79
 11 70 21 98 73  1 -1 95 -1 80 80 19 -1 10 54 72 -1 58 52 47 55 96 -1  4
 82 -1 25 95 87 44 -1 98 -1 -1 -1  8 51 30 22  5 94 97 -1 60 -1 92 62 49
 53 26 17 -1 73 55 19 -1 94 -1 21 -1 -1 -1 68 55  7 -1 -1  4 -1 49 -1 66
 76 12 89 78]
[0 1 0 0 1 1 1 1 1 1 0 0 0 1 1 1 0 0 0 1 1 0 1 0 1 1 0 1 0 1 1 1 0 0 1 0 1
 0 0 1 1 0 1 1 1 1 1 0 1 0 0 0 1 1 0 0 0 1 0 1 0 0 0 1 0 1 0 1 0 1 1 0 0 1
 0 1 0 1 1 0 1 1 0 0 0 0 1 0 0 1 0 0 1 0 1 0 1 0 0 1]
[3 0 2 0 0 0 1 0 4 2 0 2 0 0 1 4 2 0 0 4 0 2 4 2 0 2 2 0 0 0 0 0 0 0 2 0 3
 0 0 0 0 0 0 0 1 1 4 2 4 0 0 0 0 0 1 0 0 0 4 1 2 1 0 3 0 0 0 3 3 3 0 3 0 2
 4 4 1 0 0 1 0 1 0 4 0 0 3 4 0 0 0 4 3 0 0 0 4 1 1 0]
[3 0 2 0 0 0 1 0 4 2 0 2 0 0 1 4 2 0 0 4 0 2 4 2 0 2 2 0 0 0 0 0 0 0 2 0 3
 0 0 0 0 0 0 0 1 1 4 2 4 0 0 0 0 0 1 0 0 0 4 1 2 1 0 3 0 0 0 3 3 3 0 3 0 2
 4 4 1 0 0 1 0 1 0 4 0 0 3 4 0 0 0 4 3 0 0 0 4 1 1 0]
[8 6 5 2 6 1 6 7 4 4 7 4 5 7 2 8 4 2 2 6 2 2 3 1 6 1 9 3 9 7 2 7 1 1 5 7 6
 1 1 9 6 4 5 7 2 7 1 1 8 6 3 3 5 1 4 1 6 6 7 6 1 3 4 5 2 8 6 7 2 1 3 7 5 1
 4 3 4 2 3 1 8 3 5 7 3 2 4 1 2 5 8 2 5 7 7 6 4 8 3 4]
[8 6 5 2 6 1 6 7 4 4 7 4 5 7 2 8 4 2 2 6 2 2 3 1 6 1 9 3 9 7 2 7 1 1 5 7 6
 1 1 9 6 4 5 7 2 7 1 1 8 6 3 3 5 1 4 1 6 6 7 6 1 3 4 5 2 8 6 7 2 1 3 7 5 1
 4 3 4 2 3 1 8 3 5 7 3 2 4 1 2 5 8 2 5 7 7 6 4 8 3 4]
[26, 34, 50, 35, 40, 35, 22, 22, 17, 50, 33, 49, 15, 50, 46, 20, 50, 50, 50, 30, 50, 50, 33, 50, 28, 45, 50, 23, 49, 30, 50, 50, 50, 42, 50, 50, 50, 38, 50, 36, 50, 50, 50, 39, 42, 50, 43, 20, 18, 23, 41, 50, 50, 16, 13, 11, 50, 50, 50, 50, 50, 44, 24, 50, 50, 50, 50, 34, 50, 50, 50, 50, 50, 48, 50, 17, 30, 45, 50, 50, 32, 50, 50, 26, 22, 50, 50, 28, 42, 50, 50, 13, 29, 50, 50, 11, 50, 39, 27, 25]
[0 0 0 0 0 0 0 0 0 0 0 0 0 0 0 0 0 0 0 0 0 0 0 0 0 0 0 0 0 0 0 0 0 0 0 0 0
 0 0 0 0 0 0 0 0 0 0 0 0 0 0 0 0 0 0 0 0 0 0 0 0 0 0 0 0 0 0 0 0 0 0 0 0 0
 0 0 0 0 0 0 0 0 0 0 0 0 0 0 0 0 0 0 0 0 0 0 0 0 0 0]
[1 1 1 1 1 1 1 1 1 1 1 1 1 1 1 1 1 1 1 1 1 1 1 1 1 1 1 1 1 1 1 1 1 1 1 1 1
 1 1 1 1 1 1 1 1 1 1 1 1 1 1 1 1 1 1 1 1 1 1 1 1 1 1 1 1 1 1 1 1 1 1 1 1 1
 1 1 1 1 1 1 1 1 1 1 1 1 1 1 1 1 1 1 1 1 1 1 1 1 1 1]
