[ 0  1  2  3  4  5  6  7  8  9 10 11 12 13 14 15 16 17 18 19 20 21 22 23
 24 25 26 27 28 29 30 31 32 33 34 35 36 37 38 39 40 41 42 43 44 45 46 47
 48 49 50 51 52 53 54 55 56 57 58 59 60 61 62 63 64 65 66 67 68 69 70 71
 72 73 74 75 76 77 78 79 80 81 82 83 84 85 86 87 88 89 90 91 92 93 94 95
 96 97 98 99]
[39 -1 78  0 -1 20 86 11 45 68 92 69 -1 38 -1 17  8 74  6 17 64 -1 76 -1
  5 73 35 38 66 74 -1 79 22 -1 30 -1 -1 30 14 94 23 14 48 72 -1 91 26 -1
 70 23  6 -1 73 68 85 -1 51 12 62 97 -1 -1 73 -1 -1 47 -1 -1 -1 -1 -1 22
  6  2 72 13 -1 54 53 36 -1  7 -1 -1 93 39 35 -1 -1 -1 -1 63 26 -1 -1 30
 49 65 -1 -1]
[0 0 0 1 0 1 1 1 0 0 1 1 1 1 0 0 0 1 1 0 1 1 1 0 1 1 1 1 0 1 0 1 1 1 0 0 1
 1 1 1 0 0 0 0 0 1 1 0 1 1 0 1 1 1 1 1 1 1 1 0 1 0 1 0 1 1 1 1 1 0 1 1 0 0
 0 1 0 0 1 0 0 1 0 1 0 0 0 1 0 0 0 1 1 1 1 0 0 1 0 1]
[0 0 0 4 3 0 2 3 0 3 2 2 3 0 0 0 0 0 0 4 0 2 0 0 0 0 0 0 0 4 3 4 4 0 0 0 3
 3 0 4 0 1 0 0 0 0 0 0 0 3 2 1 3 1 0 4 1 0 4 4 2 4 2 0 2 0 0 0 2 0 0 4 0 0
 4 0 0 1 0 0 3 1 0 1 0 4 0 3 0 4 4 4 2 0 0 0 0 0 0 4]
[0 0 0 4 3 0 2 3 0 3 2 2 3 0 0 0 0 0 0 4 0 2 0 0 0 0 0 0 0 4 3 4 4 0 0 0 3
 3 0 4 0 1 0 0 0 0 0 0 0 3 2 1 3 1 0 4 1 0 4 4 2 4 2 0 2 0 0 0 2 0 0 4 0 0
 4 0 0 1 0 0 3 1 0 1 0 4 0 3 0 4 4 4 2 0 0 0 0 0 0 4]
[2 9 6 3 4 2 4 6 3 1 7 4 6 5 2 5 6 5 1 7 7 8 5 7 8 4 5 1 1 8 4 5 6 7 4 4 2
 7 2 8 9 5 9 3 8 1 8 4 6 8 8 7 2 8 7 3 3 1 7 2 1 1 5 2 8 4 2 5 2 2 8 6 5 3
 3 8 1 6 2 7 9 9 5 9 4 1 8 5 7 9 2 5 1 8 8 2 6 4 3 1]
[2 9 6 3 4 2 4 6 3 1 7 4 6 5 2 5 6 5 1 7 7 8 5 7 8 4 5 1 1 8 4 5 6 7 4 4 2
 7 2 8 9 5 9 3 8 1 8 4 6 8 8 7 2 8 7 3 3 1 7 2 1 1 5 2 8 4 2 5 2 2 8 6 5 3
 3 8 1 6 2 7 9 9 5 9 4 1 8 5 7 9 2 5 1 8 8 2 6 4 3 1]
[50, 50, 50, 36, 50, 10, 50, 50, 50, 50, 50, 17, 35, 50, 44, 11, 40, 26, 50, 17, 50, 15, 50, 49, 23, 32, 50, 50, 39, 50, 50, 44, 50, 50, 50, 50, 22, 38, 50, 50, 33, 50, 14, 29, 50, 11, 50, 49, 50, 50, 14, 18, 50, 37, 50, 47, 50, 50, 30, 50, 50, 50, 50, 12, 29, 23, 50, 50, 25, 50, 50, 47, 25, 50, 20, 50, 47, 50, 50, 50, 50, 12, 50, 30, 16, 50, 24, 50, 42, 50, 50, 31, 16, 50, 50, 31, 15, 50, 41, 34]
[0 0 0 0 0 0 0 0 0 0 0 0 0 0 0 0 0 0 0 0 0 0 0 0 0 0 0 0 0 0 0 0 0 0 0 0 0
 0 0 0 0 0 0 0 0 0 0 0 0 0 0 0 0 0 0 0 0 0 0 0 0 0 0 0 0 0 0 0 0 0 0 0 0 0
 0 0 0 0 0 0 0 0 0 0 0 0 0 0 0 0 0 0 0 0 0 0 0 0 0 0]
[1 1 1 1 1 1 1 1 1 1 1 1 1 1 1 1 1 1 1 1 1 1 1 1 1 1 1 1 1 1 1 1 1 1 1 1 1
 1 1 1 1 1 1 1 1 1 1 1 1 1 1 1 1 1 1 1 1 1 1 1 1 1 1 1 1 1 1 1 1 1 1 1 1 1
 1 1 1 1 1 1 1 1 1 1 1 1 1 1 1 1 1 1 1 1 1 1 1 1 1 1]
