[ 0  1  2  3  4  5  6  7  8  9 10 11 12 13 14 15 16 17 18 19 20 21 22 23
 24 25 26 27 28 29 30 31 32 33 34 35 36 37 38 39 40 41 42 43 44 45 46 47
 48 49 50 51 52 53 54 55 56 57 58 59 60 61 62 63 64 65 66 67 68 69 70 71
 72 73 74 75 76 77 78 79 80 81 82 83 84 85 86 87 88 89 90 91 92 93 94 95
 96 97 98 99]
[-1 85 -1 -1 78 -1 -1 96 67 89 76 -1 37 -1  6 85 -1 41 41 82 55 65 43 -1
  5 91 -1 -1 30 -1 85 62 -1 62 36 80 -1 36  3 -1 63 57 -1  2 90 -1 92 67
 -1 -1 -1 98 95 12 -1 -1 -1 13 -1 57 26 62 95 90 74 29 -1  5 65 21 21  7
 98 83 -1 98 19 -1 23 -1 25 77 64 -1 -1 95 16 45 57 -1 85 -1  8 -1 56 -1
 -1 99  2 -1]
[1 1 1 1 1 1 0 0 0 1 1 0 1 1 0 1 0 1 1 1 1 1 1 1 0 1 0 1 0 1 0 1 1 1 1 1 0
 1 1 1 1 1 0 0 1 0 0 0 0 0 1 0 1 0 0 1 1 0 1 0 0 0 0 1 0 0 0 1 0 0 1 0 0 0
 1 1 0 0 1 0 0 1 0 1 1 1 1 0 1 0 0 0 0 1 0 1 0 0 1 0]
[2 2 0 0 0 0 0 2 0 0 1 2 0 0 4 2 1 0 3 3 0 1 0 0 0 2 1 2 0 4 2 0 0 4 4 4 1
 0 0 0 0 1 0 0 0 4 0 2 3 0 3 0 3 2 0 0 2 2 3 2 2 1 0 0 4 0 2 0 0 3 0 4 0 1
 3 0 4 1 1 3 4 0 0 0 0 4 0 0 2 4 2 0 2 0 3 4 4 3 3 1]
[2 2 0 0 0 0 0 2 0 0 1 2 0 0 4 2 1 0 3 3 0 1 0 0 0 2 1 2 0 4 2 0 0 4 4 4 1
 0 0 0 0 1 0 0 0 4 0 2 3 0 3 0 3 2 0 0 2 2 3 2 2 1 0 0 4 0 2 0 0 3 0 4 0 1
 3 0 4 1 1 3 4 0 0 0 0 4 0 0 2 4 2 0 2 0 3 4 4 3 3 1]
[7 5 4 3 4 8 2 5 8 7 6 9 7 2 7 7 8 3 9 5 1 4 8 5 7 6 4 8 1 1 7 6 1 5 7 2 4
 7 9 9 6 6 5 4 3 7 9 3 5 8 2 1 5 4 9 6 3 5 6 2 2 5 9 4 5 3 2 2 7 9 7 8 1 5
 2 6 4 5 7 2 6 4 9 2 8 9 4 3 3 7 7 8 8 6 9 5 8 2 7 8]
[7 5 4 3 4 8 2 5 8 7 6 9 7 2 7 7 8 3 9 5 1 4 8 5 7 6 4 8 1 1 7 6 1 5 7 2 4
 7 9 9 6 6 5 4 3 7 9 3 5 8 2 1 5 4 9 6 3 5 6 2 2 5 9 4 5 3 2 2 7 9 7 8 1 5
 2 6 4 5 7 2 6 4 9 2 8 9 4 3 3 7 7 8 8 6 9 5 8 2 7 8]
[50, 50, 50, 50, 50, 35, 43, 50, 50, 30, 50, 50, 50, 30, 43, 48, 45, 11, 50, 50, 50, 50, 40, 37, 50, 27, 50, 25, 47, 29, 35, 33, 20, 39, 40, 41, 14, 17, 50, 50, 35, 50, 14, 20, 50, 50, 11, 50, 24, 48, 19, 50, 40, 23, 20, 29, 50, 50, 50, 12, 50, 50, 50, 33, 50, 50, 20, 39, 50, 38, 30, 49, 36, 50, 50, 17, 50, 50, 50, 16, 50, 50, 30, 50, 50, 50, 50, 50, 18, 26, 32, 48, 19, 50, 50, 50, 27, 50, 48, 50]
[0 0 0 0 0 0 0 0 0 0 0 0 0 0 0 0 0 0 0 0 0 0 0 0 0 0 0 0 0 0 0 0 0 0 0 0 0
 0 0 0 0 0 0 0 0 0 0 0 0 0 0 0 0 0 0 0 0 0 0 0 0 0 0 0 0 0 0 0 0 0 0 0 0 0
 0 0 0 0 0 0 0 0 0 0 0 0 0 0 0 0 0 0 0 0 0 0 0 0 0 0]
[1 1 1 1 1 1 1 1 1 1 1 1 1 1 1 1 1 1 1 1 1 1 1 1 1 1 1 1 1 1 1 1 1 1 1 1 1
 1 1 1 1 1 1 1 1 1 1 1 1 1 1 1 1 1 1 1 1 1 1 1 1 1 1 1 1 1 1 1 1 1 1 1 1 1
 1 1 1 1 1 1 1 1 1 1 1 1 1 1 1 1 1 1 1 1 1 1 1 1 1 1]
