[ 0  1  2  3  4  5  6  7  8  9 10 11 12 13 14 15 16 17 18 19 20 21 22 23
 24 25 26 27 28 29 30 31 32 33 34 35 36 37 38 39 40 41 42 43 44 45 46 47
 48 49 50 51 52 53 54 55 56 57 58 59 60 61 62 63 64 65 66 67 68 69 70 71
 72 73 74 75 76 77 78 79 80 81 82 83 84 85 86 87 88 89 90 91 92 93 94 95
 96 97 98 99]
[-1 21 34 55 61 62 22 32  6 40 64 53 -1 22 48 30 -1 56 -1 67 54 38 81 54
 -1 -1  7 40 37 42 -1 10 -1 -1 -1 43 -1 84 63 33 75 71 -1 -1 -1 -1 -1 -1
 23 90 81 93 -1 -1 13  7 18 43 78 -1  2 12 44 -1 59 79 40 -1 83 66 21 24
 71 -1  8 22 85 98 71 -1 -1 -1 -1 -1 -1 49 92 64 16 -1 77 -1 -1 83 97 38
 19 84 63 35]
[1 0 0 0 1 1 0 1 0 0 0 0 1 0 1 1 0 0 0 0 1 1 1 1 1 1 1 1 1 1 0 0 0 1 0 0 1
 0 0 1 0 1 1 0 1 0 1 0 1 1 0 1 1 0 1 1 0 0 0 1 1 1 0 0 1 0 1 0 1 0 0 0 1 0
 1 1 0 1 1 1 0 1 0 1 0 1 0 1 1 1 1 0 1 1 0 1 1 1 0 0]
[4 4 0 4 0 3 2 4 0 0 0 0 0 0 2 2 0 0 1 3 3 3 1 2 4 2 0 1 2 0 2 1 1 2 0 0 4
 0 3 2 0 0 0 4 4 0 3 2 2 1 4 2 0 4 0 4 0 2 3 0 0 3 0 3 1 2 4 0 0 2 0 1 0 3
 4 0 1 0 1 0 1 3 1 0 0 1 0 0 2 0 3 0 0 0 0 0 0 0 4 0]
[4 4 0 4 0 3 2 4 0 0 0 0 0 0 2 2 0 0 1 3 3 3 1 2 4 2 0 1 2 0 2 1 1 2 0 0 4
 0 3 2 0 0 0 4 4 0 3 2 2 1 4 2 0 4 0 4 0 2 3 0 0 3 0 3 1 2 4 0 0 2 0 1 0 3
 4 0 1 0 1 0 1 3 1 0 0 1 0 0 2 0 3 0 0 0 0 0 0 0 4 0]
[6 3 4 4 3 9 1 1 7 2 8 2 9 1 3 3 2 4 2 1 1 9 1 9 4 2 4 5 5 5 2 1 1 8 7 9 7
 6 3 7 4 7 6 2 9 3 3 8 2 1 4 2 1 4 4 8 9 2 4 6 8 8 5 4 8 8 5 1 9 4 8 8 3 9
 5 6 7 9 6 2 3 9 8 1 9 8 5 5 5 8 9 5 9 2 4 6 4 1 3 4]
[6 3 4 4 3 9 1 1 7 2 8 2 9 1 3 3 2 4 2 1 1 9 1 9 4 2 4 5 5 5 2 1 1 8 7 9 7
 6 3 7 4 7 6 2 9 3 3 8 2 1 4 2 1 4 4 8 9 2 4 6 8 8 5 4 8 8 5 1 9 4 8 8 3 9
 5 6 7 9 6 2 3 9 8 1 9 8 5 5 5 8 9 5 9 2 4 6 4 1 3 4]
[17, 50, 50, 50, 37, 50, 50, 50, 50, 50, 27, 13, 28, 40, 19, 14, 50, 50, 16, 28, 13, 29, 24, 50, 50, 50, 50, 50, 11, 50, 10, 34, 27, 50, 50, 43, 50, 50, 50, 18, 31, 26, 50, 50, 50, 50, 50, 50, 50, 32, 50, 50, 50, 50, 43, 50, 32, 50, 15, 33, 50, 50, 35, 50, 50, 38, 50, 36, 50, 21, 50, 21, 28, 34, 48, 50, 18, 48, 27, 50, 32, 50, 18, 50, 50, 50, 50, 50, 50, 35, 39, 50, 22, 50, 27, 50, 38, 50, 50, 25]
[0 0 0 0 0 0 0 0 0 0 0 0 0 0 0 0 0 0 0 0 0 0 0 0 0 0 0 0 0 0 0 0 0 0 0 0 0
 0 0 0 0 0 0 0 0 0 0 0 0 0 0 0 0 0 0 0 0 0 0 0 0 0 0 0 0 0 0 0 0 0 0 0 0 0
 0 0 0 0 0 0 0 0 0 0 0 0 0 0 0 0 0 0 0 0 0 0 0 0 0 0]
[1 1 1 1 1 1 1 1 1 1 1 1 1 1 1 1 1 1 1 1 1 1 1 1 1 1 1 1 1 1 1 1 1 1 1 1 1
 1 1 1 1 1 1 1 1 1 1 1 1 1 1 1 1 1 1 1 1 1 1 1 1 1 1 1 1 1 1 1 1 1 1 1 1 1
 1 1 1 1 1 1 1 1 1 1 1 1 1 1 1 1 1 1 1 1 1 1 1 1 1 1]
