[ 0  1  2  3  4  5  6  7  8  9 10 11 12 13 14 15 16 17 18 19 20 21 22 23
 24 25 26 27 28 29 30 31 32 33 34 35 36 37 38 39 40 41 42 43 44 45 46 47
 48 49 50 51 52 53 54 55 56 57 58 59 60 61 62 63 64 65 66 67 68 69 70 71
 72 73 74 75 76 77 78 79 80 81 82 83 84 85 86 87 88 89 90 91 92 93 94 95
 96 97 98 99]
[-1 -1 84 -1 75 -1 18 12 78 16 -1 27 47 -1 52 -1 37 99 -1 -1 66 62 55 88
 64 73 13 47 56 28 59 27 98 21 86 -1 15 55 64 -1 -1 38 -1 79 55 73 -1  3
 92 -1 27 -1 88 44 42 46 -1 32 34 -1 -1 -1 -1 37 54 30 -1 93 34 88 -1 21
 -1 38 -1  6 90 -1 90 52 -1 25 -1 60 -1 -1 25  9 -1 -1 69 47 97  2 53 32
 -1 72 -1 -1]
[0 0 1 1 1 0 1 1 0 1 1 1 0 0 0 0 1 0 1 0 0 0 1 1 0 0 0 0 1 0 1 1 1 1 0 0 0
 1 1 0 1 1 1 0 1 0 0 1 1 1 0 0 0 1 0 0 0 0 0 0 1 1 1 1 1 0 0 0 1 0 1 1 0 1
 0 1 1 1 0 0 1 1 0 1 0 1 0 0 1 1 1 1 0 1 1 0 0 1 1 0]
[1 0 3 2 4 0 1 3 1 2 0 0 0 0 4 0 3 0 0 1 0 0 0 0 4 0 0 0 0 0 2 2 0 1 4 2 0
 0 0 2 2 0 3 3 2 0 1 0 0 0 1 3 1 0 2 1 0 0 0 2 4 3 0 0 0 2 4 2 0 0 3 2 1 0
 0 1 0 0 0 0 4 3 1 4 0 0 0 0 4 3 0 1 3 0 4 0 0 1 3 3]
[1 0 3 2 4 0 1 3 1 2 0 0 0 0 4 0 3 0 0 1 0 0 0 0 4 0 0 0 0 0 2 2 0 1 4 2 0
 0 0 2 2 0 3 3 2 0 1 0 0 0 1 3 1 0 2 1 0 0 0 2 4 3 0 0 0 2 4 2 0 0 3 2 1 0
 0 1 0 0 0 0 4 3 1 4 0 0 0 0 4 3 0 1 3 0 4 0 0 1 3 3]
[6 3 7 6 7 5 1 3 3 3 4 1 3 2 7 4 7 6 2 2 8 7 8 9 6 5 3 3 4 7 7 7 7 4 3 4 7
 4 7 5 9 9 6 3 5 6 8 4 9 1 2 5 1 5 6 8 3 3 4 4 7 1 8 6 2 6 6 2 6 4 4 4 6 2
 8 7 7 4 2 2 3 4 1 9 1 4 8 2 2 7 6 3 6 7 7 3 4 3 2 9]
[6 3 7 6 7 5 1 3 3 3 4 1 3 2 7 4 7 6 2 2 8 7 8 9 6 5 3 3 4 7 7 7 7 4 3 4 7
 4 7 5 9 9 6 3 5 6 8 4 9 1 2 5 1 5 6 8 3 3 4 4 7 1 8 6 2 6 6 2 6 4 4 4 6 2
 8 7 7 4 2 2 3 4 1 9 1 4 8 2 2 7 6 3 6 7 7 3 4 3 2 9]
[49, 50, 22, 50, 42, 50, 50, 50, 50, 50, 30, 50, 48, 50, 50, 13, 50, 37, 40, 50, 50, 17, 50, 50, 50, 11, 21, 38, 36, 50, 50, 33, 25, 50, 11, 45, 50, 32, 42, 25, 14, 28, 50, 50, 50, 43, 44, 31, 50, 21, 50, 33, 50, 50, 50, 22, 50, 32, 50, 50, 50, 49, 50, 17, 39, 35, 33, 50, 50, 48, 48, 48, 50, 50, 28, 48, 15, 50, 19, 13, 34, 35, 20, 50, 50, 50, 26, 47, 31, 50, 14, 50, 32, 50, 21, 15, 50, 50, 50, 50]
[0 0 0 0 0 0 0 0 0 0 0 0 0 0 0 0 0 0 0 0 0 0 0 0 0 0 0 0 0 0 0 0 0 0 0 0 0
 0 0 0 0 0 0 0 0 0 0 0 0 0 0 0 0 0 0 0 0 0 0 0 0 0 0 0 0 0 0 0 0 0 0 0 0 0
 0 0 0 0 0 0 0 0 0 0 0 0 0 0 0 0 0 0 0 0 0 0 0 0 0 0]
[1 1 1 1 1 1 1 1 1 1 1 1 1 1 1 1 1 1 1 1 1 1 1 1 1 1 1 1 1 1 1 1 1 1 1 1 1
 1 1 1 1 1 1 1 1 1 1 1 1 1 1 1 1 1 1 1 1 1 1 1 1 1 1 1 1 1 1 1 1 1 1 1 1 1
 1 1 1 1 1 1 1 1 1 1 1 1 1 1 1 1 1 1 1 1 1 1 1 1 1 1]
