[ 0  1  2  3  4  5  6  7  8  9 10 11 12 13 14 15 16 17 18 19 20 21 22 23
 24 25 26 27 28 29 30 31 32 33 34 35 36 37 38 39 40 41 42 43 44 45 46 47
 48 49 50 51 52 53 54 55 56 57 58 59 60 61 62 63 64 65 66 67 68 69 70 71
 72 73 74 75 76 77 78 79 80 81 82 83 84 85 86 87 88 89 90 91 92 93 94 95
 96 97 98 99]
[83 -1 85 16 14 13 71 95 28 25 61 85 17 -1 25 27 97 30  5 -1 25 11 74 91
 11  3 19 75 57 -1 44 -1 -1 42 -1 40 53 -1 60 43 68 81 76 -1 -1 -1 15 99
 -1 63  8 64 69 55 96 82 46 55 80 46 -1 23 -1 -1 74 -1  9 34 -1 26 -1 49
 66 26 58 -1 10 81 90 93 -1 -1 -1 -1 68 -1 36 55 -1 54 -1 89 77 64 69 86
 36 41 -1 -1]
[0 1 0 1 1 0 0 1 0 0 0 1 1 0 0 1 1 1 0 1 1 0 0 1 1 1 1 0 0 1 1 0 1 0 0 0 0
 1 0 1 0 0 0 1 1 1 1 1 1 1 1 1 0 1 0 0 0 0 1 1 1 0 1 0 1 1 1 0 1 0 1 0 1 0
 0 0 1 0 0 0 1 0 0 1 1 0 0 1 1 1 1 0 1 1 0 1 1 1 0 1]
[2 3 3 0 3 4 0 0 2 0 1 0 0 4 0 4 3 1 3 1 0 0 4 1 1 0 0 0 0 3 0 0 0 0 0 0 1
 2 4 0 2 0 2 2 4 0 1 0 0 1 0 1 3 0 3 0 0 0 0 2 1 0 0 0 0 0 2 1 1 0 4 0 0 0
 0 0 2 0 2 2 0 3 4 3 2 3 0 2 1 0 0 2 0 0 4 0 3 0 1 0]
[2 3 3 0 3 4 0 0 2 0 1 0 0 4 0 4 3 1 3 1 0 0 4 1 1 0 0 0 0 3 0 0 0 0 0 0 1
 2 4 0 2 0 2 2 4 0 1 0 0 1 0 1 3 0 3 0 0 0 0 2 1 0 0 0 0 0 2 1 1 0 4 0 0 0
 0 0 2 0 2 2 0 3 4 3 2 3 0 2 1 0 0 2 0 0 4 0 3 0 1 0]
[5 2 2 2 3 8 6 3 2 4 5 5 3 3 2 8 4 3 3 6 1 8 5 3 3 9 6 7 3 7 5 1 7 3 6 6 6
 5 4 6 3 7 9 8 3 3 5 6 3 6 1 8 7 7 7 2 6 9 5 8 9 2 9 8 6 2 7 9 4 2 3 1 9 3
 7 4 7 1 2 5 3 5 1 5 5 6 1 6 8 8 6 6 9 1 5 2 2 7 8 3]
[5 2 2 2 3 8 6 3 2 4 5 5 3 3 2 8 4 3 3 6 1 8 5 3 3 9 6 7 3 7 5 1 7 3 6 6 6
 5 4 6 3 7 9 8 3 3 5 6 3 6 1 8 7 7 7 2 6 9 5 8 9 2 9 8 6 2 7 9 4 2 3 1 9 3
 7 4 7 1 2 5 3 5 1 5 5 6 1 6 8 8 6 6 9 1 5 2 2 7 8 3]
[50, 50, 39, 35, 29, 10, 50, 19, 50, 32, 49, 50, 50, 23, 48, 50, 50, 50, 50, 50, 23, 50, 50, 50, 43, 20, 50, 22, 50, 50, 14, 42, 50, 50, 48, 20, 35, 50, 39, 42, 33, 50, 29, 19, 17, 33, 13, 50, 50, 50, 12, 50, 50, 48, 31, 50, 50, 50, 29, 50, 50, 12, 50, 24, 45, 16, 35, 44, 50, 34, 35, 50, 50, 44, 50, 50, 22, 44, 37, 42, 50, 44, 50, 20, 50, 50, 50, 50, 10, 50, 32, 50, 50, 11, 42, 50, 50, 18, 43, 50]
[0 0 0 0 0 0 0 0 0 0 0 0 0 0 0 0 0 0 0 0 0 0 0 0 0 0 0 0 0 0 0 0 0 0 0 0 0
 0 0 0 0 0 0 0 0 0 0 0 0 0 0 0 0 0 0 0 0 0 0 0 0 0 0 0 0 0 0 0 0 0 0 0 0 0
 0 0 0 0 0 0 0 0 0 0 0 0 0 0 0 0 0 0 0 0 0 0 0 0 0 0]
[1 1 1 1 1 1 1 1 1 1 1 1 1 1 1 1 1 1 1 1 1 1 1 1 1 1 1 1 1 1 1 1 1 1 1 1 1
 1 1 1 1 1 1 1 1 1 1 1 1 1 1 1 1 1 1 1 1 1 1 1 1 1 1 1 1 1 1 1 1 1 1 1 1 1
 1 1 1 1 1 1 1 1 1 1 1 1 1 1 1 1 1 1 1 1 1 1 1 1 1 1]
