[ 0  1  2  3  4  5  6  7  8  9 10 11 12 13 14 15 16 17 18 19 20 21 22 23
 24 25 26 27 28 29 30 31 32 33 34 35 36 37 38 39 40 41 42 43 44 45 46 47
 48 49 50 51 52 53 54 55 56 57 58 59 60 61 62 63 64 65 66 67 68 69 70 71
 72 73 74 75 76 77 78 79 80 81 82 83 84 85 86 87 88 89 90 91 92 93 94 95
 96 97 98 99]
[20 76 16 -1 -1 23 -1 51 40  5 75 88  2 75  3 -1 -1 -1 83 -1 19 -1 73 -1
 17 -1 36 -1 -1 -1 82 56 -1 76 56 -1 70 -1 -1 10 -1 48 -1 63 51  8 76 -1
  7 68 -1 38 72  9 -1 40 55  6 -1 60 -1  2 31 64 -1 16 -1 -1 74 97 73 65
 16  5 71  9 -1  0 -1 90 96 -1  4  5 -1 -1 -1 -1 -1 75 82 49 81 -1  2  3
 41 -1  2 26]
[1 0 1 0 0 1 1 0 1 0 0 1 0 1 0 1 1 1 0 0 0 0 1 0 0 1 1 0 0 0 1 1 1 0 0 0 0
 0 1 0 0 1 0 1 0 0 0 1 0 0 0 0 1 0 0 1 1 1 0 1 1 1 0 1 0 0 1 1 1 1 0 0 1 0
 1 0 0 0 0 0 1 0 1 0 0 1 0 1 1 0 1 0 1 0 1 0 0 0 0 0]
[0 1 0 1 3 3 0 0 3 3 0 0 1 0 4 2 1 0 1 0 3 1 0 2 4 1 4 0 2 0 0 0 0 0 4 1 3
 4 4 0 1 0 0 1 0 0 0 0 3 0 0 0 4 0 0 0 1 3 4 1 0 3 0 0 4 0 1 0 3 3 2 0 0 0
 1 3 4 0 0 4 0 4 3 0 3 1 0 2 2 3 4 3 3 4 0 2 0 0 4 1]
[0 1 0 1 3 3 0 0 3 3 0 0 1 0 4 2 1 0 1 0 3 1 0 2 4 1 4 0 2 0 0 0 0 0 4 1 3
 4 4 0 1 0 0 1 0 0 0 0 3 0 0 0 4 0 0 0 1 3 4 1 0 3 0 0 4 0 1 0 3 3 2 0 0 0
 1 3 4 0 0 4 0 4 3 0 3 1 0 2 2 3 4 3 3 4 0 2 0 0 4 1]
[4 6 9 6 8 5 9 5 8 2 2 2 9 8 7 3 1 9 9 6 8 8 3 9 9 9 1 5 1 4 3 9 1 4 6 5 9
 1 1 8 7 4 1 4 3 1 4 1 3 4 6 2 4 6 1 8 9 1 8 1 8 3 7 9 6 1 5 3 5 2 4 1 2 2
 1 5 7 6 6 1 1 9 7 7 8 4 7 3 8 7 7 8 3 2 2 6 2 2 6 6]
[4 6 9 6 8 5 9 5 8 2 2 2 9 8 7 3 1 9 9 6 8 8 3 9 9 9 1 5 1 4 3 9 1 4 6 5 9
 1 1 8 7 4 1 4 3 1 4 1 3 4 6 2 4 6 1 8 9 1 8 1 8 3 7 9 6 1 5 3 5 2 4 1 2 2
 1 5 7 6 6 1 1 9 7 7 8 4 7 3 8 7 7 8 3 2 2 6 2 2 6 6]
[32, 44, 37, 50, 50, 50, 50, 50, 15, 11, 42, 50, 50, 50, 26, 16, 50, 10, 23, 50, 50, 50, 16, 50, 50, 48, 50, 13, 39, 31, 36, 10, 50, 43, 50, 50, 14, 50, 35, 50, 50, 42, 50, 30, 22, 50, 50, 50, 10, 50, 50, 50, 15, 19, 50, 50, 50, 50, 50, 50, 11, 50, 50, 50, 50, 50, 13, 50, 50, 50, 50, 50, 21, 32, 44, 50, 50, 50, 26, 13, 50, 16, 10, 50, 50, 50, 50, 27, 50, 11, 50, 41, 32, 24, 50, 50, 50, 50, 50, 50]
[0 0 0 0 0 0 0 0 0 0 0 0 0 0 0 0 0 0 0 0 0 0 0 0 0 0 0 0 0 0 0 0 0 0 0 0 0
 0 0 0 0 0 0 0 0 0 0 0 0 0 0 0 0 0 0 0 0 0 0 0 0 0 0 0 0 0 0 0 0 0 0 0 0 0
 0 0 0 0 0 0 0 0 0 0 0 0 0 0 0 0 0 0 0 0 0 0 0 0 0 0]
[1 1 1 1 1 1 1 1 1 1 1 1 1 1 1 1 1 1 1 1 1 1 1 1 1 1 1 1 1 1 1 1 1 1 1 1 1
 1 1 1 1 1 1 1 1 1 1 1 1 1 1 1 1 1 1 1 1 1 1 1 1 1 1 1 1 1 1 1 1 1 1 1 1 1
 1 1 1 1 1 1 1 1 1 1 1 1 1 1 1 1 1 1 1 1 1 1 1 1 1 1]
