[ 0  1  2  3  4  5  6  7  8  9 10 11 12 13 14 15 16 17 18 19 20 21 22 23
 24 25 26 27 28 29 30 31 32 33 34 35 36 37 38 39 40 41 42 43 44 45 46 47
 48 49 50 51 52 53 54 55 56 57 58 59 60 61 62 63 64 65 66 67 68 69 70 71
 72 73 74 75 76 77 78 79 80 81 82 83 84 85 86 87 88 89 90 91 92 93 94 95
 96 97 98 99]
[-1  2 33 34 79 32 88 -1 75  3 14 28 -1 19 -1 57 49 67 94 -1  6 -1 79 -1
 75 18 36 -1 99 -1 74 -1 62 -1 75 47  0  2 -1 -1 -1 -1 -1 88 59 78 -1 -1
 81 29 -1 20  8 -1 -1 82 -1  2 18  0 -1 -1  9 -1 40 82 15 -1 -1 -1 19 85
  2 -1 22 -1  1 -1 -1 39 26 77 -1 34 88 -1 31 19 52 -1 92 -1 89 44 -1 -1
 83 24 40 56]
[0 0 1 0 1 0 1 1 0 0 0 0 1 0 0 1 1 0 0 0 0 1 0 1 1 1 0 1 0 1 0 0 0 1 1 1 1
 1 0 1 0 0 0 1 1 1 1 1 1 1 1 0 1 0 0 0 0 1 1 1 0 1 1 1 0 0 0 0 1 0 0 0 1 0
 0 0 1 0 0 0 0 0 1 0 0 1 1 0 1 0 0 0 1 1 0 0 0 1 0 1]
[0 0 0 0 0 4 0 0 4 0 3 3 0 0 0 0 0 0 0 2 2 0 0 0 0 4 0 4 0 0 0 0 3 2 0 0 0
 0 4 0 2 3 1 0 3 0 1 0 0 0 3 1 0 1 4 1 0 4 0 1 1 0 0 1 3 0 0 0 0 0 0 1 0 1
 0 4 1 2 4 0 3 0 0 0 0 3 0 0 4 0 0 2 1 3 1 3 0 0 3 3]
[0 0 0 0 0 4 0 0 4 0 3 3 0 0 0 0 0 0 0 2 2 0 0 0 0 4 0 4 0 0 0 0 3 2 0 0 0
 0 4 0 2 3 1 0 3 0 1 0 0 0 3 1 0 1 4 1 0 4 0 1 1 0 0 1 3 0 0 0 0 0 0 1 0 1
 0 4 1 2 4 0 3 0 0 0 0 3 0 0 4 0 0 2 1 3 1 3 0 0 3 3]
[7 5 9 7 8 8 7 2 4 7 6 9 3 6 9 7 1 9 3 4 6 5 7 2 1 1 7 5 1 1 3 9 2 5 2 6 9
 7 7 9 4 8 6 6 4 8 2 9 4 8 3 6 5 5 4 5 8 7 8 5 9 9 7 6 2 2 3 5 1 2 9 6 7 5
 8 7 1 5 9 7 7 4 5 2 9 1 8 9 2 9 6 7 5 9 4 9 9 4 7 8]
[7 5 9 7 8 8 7 2 4 7 6 9 3 6 9 7 1 9 3 4 6 5 7 2 1 1 7 5 1 1 3 9 2 5 2 6 9
 7 7 9 4 8 6 6 4 8 2 9 4 8 3 6 5 5 4 5 8 7 8 5 9 9 7 6 2 2 3 5 1 2 9 6 7 5
 8 7 1 5 9 7 7 4 5 2 9 1 8 9 2 9 6 7 5 9 4 9 9 4 7 8]
[11, 40, 50, 50, 50, 50, 50, 27, 50, 21, 22, 50, 50, 50, 50, 50, 50, 28, 50, 50, 39, 50, 50, 50, 22, 31, 50, 11, 16, 50, 50, 44, 50, 50, 50, 45, 50, 50, 32, 33, 50, 50, 20, 25, 42, 32, 50, 16, 22, 50, 45, 31, 10, 32, 36, 50, 18, 34, 32, 50, 50, 14, 35, 41, 31, 50, 16, 50, 50, 32, 20, 39, 13, 50, 50, 32, 50, 50, 50, 31, 50, 50, 50, 27, 50, 50, 50, 29, 15, 50, 46, 50, 12, 50, 50, 50, 50, 50, 50, 50]
[0 0 0 0 0 0 0 0 0 0 0 0 0 0 0 0 0 0 0 0 0 0 0 0 0 0 0 0 0 0 0 0 0 0 0 0 0
 0 0 0 0 0 0 0 0 0 0 0 0 0 0 0 0 0 0 0 0 0 0 0 0 0 0 0 0 0 0 0 0 0 0 0 0 0
 0 0 0 0 0 0 0 0 0 0 0 0 0 0 0 0 0 0 0 0 0 0 0 0 0 0]
[1 1 1 1 1 1 1 1 1 1 1 1 1 1 1 1 1 1 1 1 1 1 1 1 1 1 1 1 1 1 1 1 1 1 1 1 1
 1 1 1 1 1 1 1 1 1 1 1 1 1 1 1 1 1 1 1 1 1 1 1 1 1 1 1 1 1 1 1 1 1 1 1 1 1
 1 1 1 1 1 1 1 1 1 1 1 1 1 1 1 1 1 1 1 1 1 1 1 1 1 1]
