[ 0  1  2  3  4  5  6  7  8  9 10 11 12 13 14 15 16 17 18 19 20 21 22 23
 24 25 26 27 28 29 30 31 32 33 34 35 36 37 38 39 40 41 42 43 44 45 46 47
 48 49 50 51 52 53 54 55 56 57 58 59 60 61 62 63 64 65 66 67 68 69 70 71
 72 73 74 75 76 77 78 79 80 81 82 83 84 85 86 87 88 89 90 91 92 93 94 95
 96 97 98 99]
[-1 87 27 66 97 25 45 -1 83 63 -1 97 47 49 10 61  5 66 -1  3 -1 36 -1 -1
 -1 -1 -1 19 -1 58 -1 74  7 61 73 -1 -1 54 -1 55 -1 99 41 96 77 36 53 -1
 -1 -1 58 29 27 -1 97 -1 -1 -1 76 76 87 49 -1 54 -1 -1 37 84 -1  6 -1 -1
 21 61 17 60 38 89 59 56 -1 38 25 52 64  6 35 80 19 49 -1 49 95 81  8 33
 25  6 -1 -1]
[0 0 0 1 0 0 0 0 1 0 0 0 0 0 1 0 0 1 1 1 1 0 1 0 1 0 0 0 0 0 0 1 1 1 1 0 0
 1 0 1 0 1 0 1 1 0 1 1 0 1 0 1 1 0 1 1 1 0 0 0 0 0 0 0 0 0 1 0 1 0 0 1 1 1
 1 1 1 1 0 1 0 0 0 0 0 0 1 1 1 0 0 1 0 0 1 0 0 1 1 1]
[0 3 1 2 3 3 0 0 0 2 4 0 2 0 3 0 0 4 0 0 0 3 1 1 0 1 0 1 0 0 4 4 1 3 1 4 0
 0 0 3 3 0 2 0 2 1 1 0 1 4 4 0 0 3 2 0 2 3 3 4 0 0 3 2 4 2 4 3 2 0 2 0 0 0
 0 0 1 1 0 0 0 1 0 0 3 3 4 2 3 0 0 0 3 0 0 4 0 2 0 0]
[0 3 1 2 3 3 0 0 0 2 4 0 2 0 3 0 0 4 0 0 0 3 1 1 0 1 0 1 0 0 4 4 1 3 1 4 0
 0 0 3 3 0 2 0 2 1 1 0 1 4 4 0 0 3 2 0 2 3 3 4 0 0 3 2 4 2 4 3 2 0 2 0 0 0
 0 0 1 1 0 0 0 1 0 0 3 3 4 2 3 0 0 0 3 0 0 4 0 2 0 0]
[1 8 6 3 8 7 3 9 7 4 8 1 1 4 7 4 6 7 3 2 9 4 2 2 2 7 3 1 8 3 4 6 1 3 9 6 5
 8 3 2 2 8 3 4 7 8 8 3 4 1 8 8 5 7 8 4 4 7 7 8 2 5 5 2 3 1 1 6 6 8 3 6 1 2
 4 6 4 4 3 4 4 9 4 2 8 3 7 5 1 6 6 5 1 4 7 4 7 7 4 3]
[1 8 6 3 8 7 3 9 7 4 8 1 1 4 7 4 6 7 3 2 9 4 2 2 2 7 3 1 8 3 4 6 1 3 9 6 5
 8 3 2 2 8 3 4 7 8 8 3 4 1 8 8 5 7 8 4 4 7 7 8 2 5 5 2 3 1 1 6 6 8 3 6 1 2
 4 6 4 4 3 4 4 9 4 2 8 3 7 5 1 6 6 5 1 4 7 4 7 7 4 3]
[31, 50, 48, 50, 50, 40, 50, 49, 42, 42, 20, 50, 12, 50, 50, 50, 31, 50, 15, 50, 26, 18, 50, 50, 50, 50, 50, 11, 50, 30, 50, 30, 31, 13, 33, 50, 50, 50, 26, 41, 50, 33, 50, 49, 29, 50, 18, 50, 46, 50, 38, 50, 50, 36, 11, 13, 42, 22, 50, 45, 12, 41, 36, 38, 10, 50, 50, 50, 50, 50, 50, 50, 50, 50, 50, 26, 50, 50, 50, 50, 50, 13, 50, 50, 24, 50, 50, 50, 13, 41, 20, 38, 50, 27, 28, 50, 12, 50, 50, 50]
[0 0 0 0 0 0 0 0 0 0 0 0 0 0 0 0 0 0 0 0 0 0 0 0 0 0 0 0 0 0 0 0 0 0 0 0 0
 0 0 0 0 0 0 0 0 0 0 0 0 0 0 0 0 0 0 0 0 0 0 0 0 0 0 0 0 0 0 0 0 0 0 0 0 0
 0 0 0 0 0 0 0 0 0 0 0 0 0 0 0 0 0 0 0 0 0 0 0 0 0 0]
[1 1 1 1 1 1 1 1 1 1 1 1 1 1 1 1 1 1 1 1 1 1 1 1 1 1 1 1 1 1 1 1 1 1 1 1 1
 1 1 1 1 1 1 1 1 1 1 1 1 1 1 1 1 1 1 1 1 1 1 1 1 1 1 1 1 1 1 1 1 1 1 1 1 1
 1 1 1 1 1 1 1 1 1 1 1 1 1 1 1 1 1 1 1 1 1 1 1 1 1 1]
