[ 0  1  2  3  4  5  6  7  8  9 10 11 12 13 14 15 16 17 18 19 20 21 22 23
 24 25 26 27 28 29 30 31 32 33 34 35 36 37 38 39 40 41 42 43 44 45 46 47
 48 49 50 51 52 53 54 55 56 57 58 59 60 61 62 63 64 65 66 67 68 69 70 71
 72 73 74 75 76 77 78 79 80 81 82 83 84 85 86 87 88 89 90 91 92 93 94 95
 96 97 98 99]
[ 1 -1 -1 -1 -1  3 -1  9 82 56 -1 63 46 -1 -1 -1 97 25 30 20 95 41 -1 -1
 92  9 63 -1 21 -1 -1 -1 70 52 -1 55 63  5 25 47 -1 -1 -1 -1  5 69 -1 21
 87 -1 31 -1 54 87 32 99 94 -1  1 24  3 -1 -1 -1 22 53 14 25 -1 99 69  5
 32 -1 86 42 42  2 11 68 -1 41 46  4 -1 36 99  9  5 -1 94 66 -1 21 -1 10
 87 -1 -1 90]
[0 0 0 0 0 1 1 0 0 0 0 1 0 1 1 0 0 1 1 0 0 1 0 0 1 0 0 1 0 1 1 1 1 1 1 1 1
 0 0 1 0 1 1 0 0 1 0 1 0 0 1 1 0 0 0 1 0 0 0 1 0 0 0 1 0 1 1 0 0 0 0 1 1 1
 1 1 1 1 0 1 1 0 1 0 0 0 1 0 1 0 0 1 1 0 1 1 0 1 0 0]
[0 3 0 0 0 0 0 0 0 2 0 2 1 4 0 0 0 3 0 4 2 0 3 2 2 3 0 3 0 0 3 4 4 0 2 0 0
 3 0 2 4 0 0 1 4 3 0 0 4 3 1 3 0 2 0 0 0 1 0 0 0 0 0 2 0 1 0 0 0 2 4 3 4 1
 4 4 0 0 0 0 0 0 0 4 3 0 0 2 0 0 3 2 1 2 1 3 0 1 3 1]
[0 3 0 0 0 0 0 0 0 2 0 2 1 4 0 0 0 3 0 4 2 0 3 2 2 3 0 3 0 0 3 4 4 0 2 0 0
 3 0 2 4 0 0 1 4 3 0 0 4 3 1 3 0 2 0 0 0 1 0 0 0 0 0 2 0 1 0 0 0 2 4 3 4 1
 4 4 0 0 0 0 0 0 0 4 3 0 0 2 0 0 3 2 1 2 1 3 0 1 3 1]
[3 6 2 4 5 8 8 7 4 9 3 7 7 7 5 3 9 3 5 6 5 5 4 8 5 8 1 7 6 9 3 7 1 2 4 4 5
 7 9 9 6 6 3 9 7 8 1 2 9 1 6 6 8 4 6 7 9 2 7 3 2 2 4 4 3 3 8 2 5 9 7 8 4 3
 9 1 4 4 8 1 4 1 4 5 1 4 5 5 4 6 9 1 1 9 6 7 5 2 1 8]
[3 6 2 4 5 8 8 7 4 9 3 7 7 7 5 3 9 3 5 6 5 5 4 8 5 8 1 7 6 9 3 7 1 2 4 4 5
 7 9 9 6 6 3 9 7 8 1 2 9 1 6 6 8 4 6 7 9 2 7 3 2 2 4 4 3 3 8 2 5 9 7 8 4 3
 9 1 4 4 8 1 4 1 4 5 1 4 5 5 4 6 9 1 1 9 6 7 5 2 1 8]
[50, 30, 35, 46, 16, 46, 42, 50, 10, 20, 50, 42, 28, 50, 50, 27, 50, 50, 48, 36, 33, 50, 50, 50, 50, 50, 50, 19, 14, 48, 50, 50, 50, 37, 17, 46, 47, 21, 50, 45, 50, 50, 50, 17, 50, 50, 50, 16, 16, 50, 50, 50, 50, 50, 50, 39, 50, 50, 47, 30, 17, 41, 50, 50, 23, 50, 50, 29, 26, 50, 50, 28, 50, 50, 50, 11, 31, 25, 18, 50, 50, 50, 25, 50, 50, 20, 22, 23, 39, 50, 50, 50, 50, 24, 29, 50, 50, 17, 34, 50]
[0 0 0 0 0 0 0 0 0 0 0 0 0 0 0 0 0 0 0 0 0 0 0 0 0 0 0 0 0 0 0 0 0 0 0 0 0
 0 0 0 0 0 0 0 0 0 0 0 0 0 0 0 0 0 0 0 0 0 0 0 0 0 0 0 0 0 0 0 0 0 0 0 0 0
 0 0 0 0 0 0 0 0 0 0 0 0 0 0 0 0 0 0 0 0 0 0 0 0 0 0]
[1 1 1 1 1 1 1 1 1 1 1 1 1 1 1 1 1 1 1 1 1 1 1 1 1 1 1 1 1 1 1 1 1 1 1 1 1
 1 1 1 1 1 1 1 1 1 1 1 1 1 1 1 1 1 1 1 1 1 1 1 1 1 1 1 1 1 1 1 1 1 1 1 1 1
 1 1 1 1 1 1 1 1 1 1 1 1 1 1 1 1 1 1 1 1 1 1 1 1 1 1]
