[ 0  1  2  3  4  5  6  7  8  9 10 11 12 13 14 15 16 17 18 19 20 21 22 23
 24 25 26 27 28 29 30 31 32 33 34 35 36 37 38 39 40 41 42 43 44 45 46 47
 48 49 50 51 52 53 54 55 56 57 58 59 60 61 62 63 64 65 66 67 68 69 70 71
 72 73 74 75 76 77 78 79 80 81 82 83 84 85 86 87 88 89 90 91 92 93 94 95
 96 97 98 99]
[-1 11 61 94 75 -1  7 19 -1  2 -1  8 -1 37 81 28 93 -1 81 34 -1 60  5 37
 30 -1 97 34 -1 -1 88 53  4 37 65 31 94 84 54 -1 82 29 67  7 -1 -1 -1 -1
 91 -1  2 13 95 33 -1 -1 39 -1 41 -1 55 82 37 -1 13 -1 -1 -1 -1 -1 38 -1
 52 97 -1 -1 11 51 -1 36 11 -1 -1 12 66 -1 30 -1 -1 30 -1 25 98 -1 73  7
 -1 48 14 54]
[0 1 1 0 1 1 0 0 0 1 1 0 1 0 1 1 1 1 0 1 0 0 0 0 1 0 1 0 0 1 1 1 1 0 0 0 0
 0 1 0 1 0 1 0 1 0 1 0 1 0 0 1 1 0 1 1 0 0 1 1 1 1 1 0 1 1 1 0 1 0 1 1 1 1
 0 1 0 1 0 1 1 0 1 0 1 1 1 0 0 1 1 0 1 0 1 0 0 0 1 0]
[0 0 4 0 2 2 3 0 0 2 4 0 0 0 0 0 0 3 0 4 0 0 0 4 1 4 2 0 1 4 3 2 1 1 0 2 0
 2 2 0 0 0 2 0 0 1 0 0 0 0 3 4 0 0 0 1 1 0 0 0 0 3 0 3 0 0 1 4 0 2 2 4 0 3
 0 3 0 3 0 0 0 0 4 0 4 0 1 0 1 3 0 2 0 2 0 2 0 2 0 3]
[0 0 4 0 2 2 3 0 0 2 4 0 0 0 0 0 0 3 0 4 0 0 0 4 1 4 2 0 1 4 3 2 1 1 0 2 0
 2 2 0 0 0 2 0 0 1 0 0 0 0 3 4 0 0 0 1 1 0 0 0 0 3 0 3 0 0 1 4 0 2 2 4 0 3
 0 3 0 3 0 0 0 0 4 0 4 0 1 0 1 3 0 2 0 2 0 2 0 2 0 3]
[7 5 9 6 8 9 1 9 7 6 9 3 7 8 7 3 6 1 3 1 9 1 6 6 4 3 7 8 5 2 1 8 4 9 6 3 3
 9 4 2 1 3 8 2 7 5 1 5 8 3 5 2 6 9 9 4 5 4 5 1 6 7 2 7 6 4 6 8 9 8 9 1 5 8
 9 9 5 8 5 8 3 9 8 1 7 9 7 6 1 5 8 3 5 5 6 4 1 9 9 5]
[7 5 9 6 8 9 1 9 7 6 9 3 7 8 7 3 6 1 3 1 9 1 6 6 4 3 7 8 5 2 1 8 4 9 6 3 3
 9 4 2 1 3 8 2 7 5 1 5 8 3 5 2 6 9 9 4 5 4 5 1 6 7 2 7 6 4 6 8 9 8 9 1 5 8
 9 9 5 8 5 8 3 9 8 1 7 9 7 6 1 5 8 3 5 5 6 4 1 9 9 5]
[50, 50, 50, 50, 50, 26, 13, 32, 17, 50, 50, 50, 50, 48, 38, 46, 50, 50, 41, 24, 50, 44, 29, 50, 22, 26, 12, 49, 50, 12, 29, 11, 50, 45, 50, 50, 50, 50, 50, 13, 23, 50, 21, 39, 50, 50, 47, 50, 45, 10, 50, 50, 50, 44, 37, 15, 38, 50, 50, 50, 26, 50, 50, 26, 21, 15, 50, 50, 38, 37, 50, 50, 49, 50, 50, 50, 47, 50, 35, 50, 41, 37, 50, 46, 50, 50, 17, 50, 50, 50, 37, 29, 50, 50, 44, 14, 14, 50, 13, 18]
[0 0 0 0 0 0 0 0 0 0 0 0 0 0 0 0 0 0 0 0 0 0 0 0 0 0 0 0 0 0 0 0 0 0 0 0 0
 0 0 0 0 0 0 0 0 0 0 0 0 0 0 0 0 0 0 0 0 0 0 0 0 0 0 0 0 0 0 0 0 0 0 0 0 0
 0 0 0 0 0 0 0 0 0 0 0 0 0 0 0 0 0 0 0 0 0 0 0 0 0 0]
[1 1 1 1 1 1 1 1 1 1 1 1 1 1 1 1 1 1 1 1 1 1 1 1 1 1 1 1 1 1 1 1 1 1 1 1 1
 1 1 1 1 1 1 1 1 1 1 1 1 1 1 1 1 1 1 1 1 1 1 1 1 1 1 1 1 1 1 1 1 1 1 1 1 1
 1 1 1 1 1 1 1 1 1 1 1 1 1 1 1 1 1 1 1 1 1 1 1 1 1 1]
