[ 0  1  2  3  4  5  6  7  8  9 10 11 12 13 14 15 16 17 18 19 20 21 22 23
 24 25 26 27 28 29 30 31 32 33 34 35 36 37 38 39 40 41 42 43 44 45 46 47
 48 49 50 51 52 53 54 55 56 57 58 59 60 61 62 63 64 65 66 67 68 69 70 71
 72 73 74 75 76 77 78 79 80 81 82 83 84 85 86 87 88 89 90 91 92 93 94 95
 96 97 98 99]
[79 84  6 60 89 -1 -1 68 -1 -1 45 -1 11 -1 -1 84 28 78 78 94 18 -1 -1 -1
  0 89 -1 30 -1 -1 18 -1 -1 12 -1 67 21 -1 20 -1 55 14 12 -1 47 27 -1 40
 -1 -1 20 -1 23 16 55 73 63 29 79 -1 94 -1 -1 -1 -1 35 96 63 56 -1  9 68
 96 -1 85 -1 -1 -1 99 42 -1 25 25 -1 79 20 78 90 -1 33 83 75 96 82 13 89
 15 -1 21 49]
[1 0 0 1 1 0 0 0 1 0 0 1 0 1 1 0 0 0 0 0 1 0 0 1 0 1 0 0 0 0 0 0 1 1 0 1 1
 1 0 1 0 1 1 0 1 1 1 1 1 0 1 1 1 0 0 0 0 0 1 0 1 0 0 1 0 1 0 0 0 1 0 0 1 1
 1 0 1 0 1 0 1 1 1 1 0 0 1 0 1 0 1 1 1 0 1 1 0 1 1 1]
[1 2 3 4 0 0 0 0 4 0 0 0 0 0 0 2 0 0 0 2 1 0 1 1 0 2 0 3 0 1 0 0 2 4 4 0 1
 3 1 0 0 3 4 4 0 3 2 0 3 0 0 0 0 3 1 0 2 3 0 0 0 0 3 2 0 1 4 3 0 3 0 4 0 0
 0 2 3 0 0 0 1 2 0 1 0 3 0 1 4 0 1 1 1 4 0 0 1 4 2 0]
[1 2 3 4 0 0 0 0 4 0 0 0 0 0 0 2 0 0 0 2 1 0 1 1 0 2 0 3 0 1 0 0 2 4 4 0 1
 3 1 0 0 3 4 4 0 3 2 0 3 0 0 0 0 3 1 0 2 3 0 0 0 0 3 2 0 1 4 3 0 3 0 4 0 0
 0 2 3 0 0 0 1 2 0 1 0 3 0 1 4 0 1 1 1 4 0 0 1 4 2 0]
[3 7 6 7 8 3 3 4 6 7 2 3 3 9 7 3 8 3 7 1 4 8 9 9 3 8 8 2 5 7 2 6 4 6 5 6 3
 9 2 3 3 2 6 4 9 5 3 6 5 6 2 9 2 1 9 4 2 7 5 3 4 6 5 4 2 6 8 5 4 8 1 4 6 5
 1 5 4 3 9 7 5 4 1 7 5 4 7 5 8 2 6 9 6 8 2 2 9 3 1 1]
[3 7 6 7 8 3 3 4 6 7 2 3 3 9 7 3 8 3 7 1 4 8 9 9 3 8 8 2 5 7 2 6 4 6 5 6 3
 9 2 3 3 2 6 4 9 5 3 6 5 6 2 9 2 1 9 4 2 7 5 3 4 6 5 4 2 6 8 5 4 8 1 4 6 5
 1 5 4 3 9 7 5 4 1 7 5 4 7 5 8 2 6 9 6 8 2 2 9 3 1 1]
[43, 25, 23, 32, 50, 22, 40, 19, 36, 50, 50, 28, 50, 50, 21, 50, 27, 50, 34, 50, 50, 24, 50, 50, 50, 40, 44, 16, 50, 50, 50, 10, 50, 50, 50, 40, 50, 11, 50, 42, 34, 33, 22, 32, 39, 16, 50, 50, 50, 50, 45, 50, 50, 30, 50, 50, 33, 50, 50, 18, 36, 16, 14, 50, 50, 50, 46, 13, 50, 28, 43, 11, 32, 50, 50, 50, 26, 50, 50, 47, 50, 50, 50, 50, 23, 50, 28, 50, 16, 50, 50, 50, 50, 50, 46, 50, 13, 50, 43, 40]
[0 0 0 0 0 0 0 0 0 0 0 0 0 0 0 0 0 0 0 0 0 0 0 0 0 0 0 0 0 0 0 0 0 0 0 0 0
 0 0 0 0 0 0 0 0 0 0 0 0 0 0 0 0 0 0 0 0 0 0 0 0 0 0 0 0 0 0 0 0 0 0 0 0 0
 0 0 0 0 0 0 0 0 0 0 0 0 0 0 0 0 0 0 0 0 0 0 0 0 0 0]
[1 1 1 1 1 1 1 1 1 1 1 1 1 1 1 1 1 1 1 1 1 1 1 1 1 1 1 1 1 1 1 1 1 1 1 1 1
 1 1 1 1 1 1 1 1 1 1 1 1 1 1 1 1 1 1 1 1 1 1 1 1 1 1 1 1 1 1 1 1 1 1 1 1 1
 1 1 1 1 1 1 1 1 1 1 1 1 1 1 1 1 1 1 1 1 1 1 1 1 1 1]
