[ 0  1  2  3  4  5  6  7  8  9 10 11 12 13 14 15 16 17 18 19 20 21 22 23
 24 25 26 27 28 29 30 31 32 33 34 35 36 37 38 39 40 41 42 43 44 45 46 47
 48 49 50 51 52 53 54 55 56 57 58 59 60 61 62 63 64 65 66 67 68 69 70 71
 72 73 74 75 76 77 78 79 80 81 82 83 84 85 86 87 88 89 90 91 92 93 94 95
 96 97 98 99]
[-1 -1 78 -1 50 16 40 -1 49 86 27 60 -1 -1 -1 -1 45 46 -1 76 45 15 36 19
 -1 83 58 11 86 24 73 78 24 -1 35 30 -1 -1 -1 99 46 -1 90 31 -1 11 -1 98
 39 -1 -1 48 59 86 91 19 55 37 61 -1 36 -1  5 11 -1 82 -1 -1 -1 85 81 42
 95 -1 49 73 -1 52 41 -1 43 -1 -1 36 39 50 -1 76 -1 10 -1 -1 70 -1 -1 81
 37 90 -1 40]
[0 0 1 0 1 1 1 0 1 1 1 1 1 0 0 0 0 1 1 0 0 1 1 1 1 0 1 0 0 0 1 0 1 0 1 0 0
 1 0 1 1 1 1 1 1 1 0 1 1 1 1 1 0 0 1 0 0 1 0 1 0 1 1 0 1 0 0 0 1 0 1 1 0 0
 1 1 1 1 0 0 0 0 1 1 1 0 1 1 0 0 0 0 0 0 0 1 1 1 1 1]
[0 4 2 4 4 2 0 2 0 2 0 0 1 4 0 2 0 1 0 0 3 2 3 0 2 4 0 2 0 0 0 1 3 0 4 2 1
 0 4 2 0 4 3 0 0 3 3 2 0 0 0 0 4 0 0 0 0 1 0 0 4 2 3 0 1 0 4 0 0 1 0 2 0 0
 0 4 0 3 3 2 4 4 3 2 2 3 3 2 0 0 0 3 2 0 2 0 2 4 3 0]
[0 4 2 4 4 2 0 2 0 2 0 0 1 4 0 2 0 1 0 0 3 2 3 0 2 4 0 2 0 0 0 1 3 0 4 2 1
 0 4 2 0 4 3 0 0 3 3 2 0 0 0 0 4 0 0 0 0 1 0 0 4 2 3 0 1 0 4 0 0 1 0 2 0 0
 0 4 0 3 3 2 4 4 3 2 2 3 3 2 0 0 0 3 2 0 2 0 2 4 3 0]
[1 2 6 8 2 9 2 8 9 2 4 5 5 7 2 3 2 6 4 4 9 5 4 9 5 6 6 7 6 7 6 4 8 8 1 3 8
 6 3 4 9 3 1 2 7 2 2 1 1 3 7 3 8 3 3 9 1 1 5 9 2 1 6 1 4 5 6 4 4 5 6 6 1 3
 6 2 8 2 2 5 3 2 6 1 2 3 8 7 9 1 1 7 9 4 1 7 9 6 4 2]
[1 2 6 8 2 9 2 8 9 2 4 5 5 7 2 3 2 6 4 4 9 5 4 9 5 6 6 7 6 7 6 4 8 8 1 3 8
 6 3 4 9 3 1 2 7 2 2 1 1 3 7 3 8 3 3 9 1 1 5 9 2 1 6 1 4 5 6 4 4 5 6 6 1 3
 6 2 8 2 2 5 3 2 6 1 2 3 8 7 9 1 1 7 9 4 1 7 9 6 4 2]
[50, 50, 33, 50, 13, 50, 35, 50, 50, 27, 40, 50, 50, 50, 16, 50, 21, 50, 50, 50, 50, 50, 50, 50, 15, 50, 50, 50, 50, 50, 50, 43, 42, 27, 50, 50, 15, 50, 50, 43, 38, 50, 13, 50, 32, 50, 10, 12, 40, 31, 50, 50, 24, 50, 50, 41, 50, 50, 50, 13, 50, 27, 50, 49, 33, 11, 50, 12, 50, 50, 50, 35, 33, 50, 14, 50, 50, 50, 50, 50, 16, 11, 50, 50, 46, 46, 50, 50, 50, 10, 28, 31, 50, 22, 24, 37, 50, 42, 18, 31]
[0 0 0 0 0 0 0 0 0 0 0 0 0 0 0 0 0 0 0 0 0 0 0 0 0 0 0 0 0 0 0 0 0 0 0 0 0
 0 0 0 0 0 0 0 0 0 0 0 0 0 0 0 0 0 0 0 0 0 0 0 0 0 0 0 0 0 0 0 0 0 0 0 0 0
 0 0 0 0 0 0 0 0 0 0 0 0 0 0 0 0 0 0 0 0 0 0 0 0 0 0]
[1 1 1 1 1 1 1 1 1 1 1 1 1 1 1 1 1 1 1 1 1 1 1 1 1 1 1 1 1 1 1 1 1 1 1 1 1
 1 1 1 1 1 1 1 1 1 1 1 1 1 1 1 1 1 1 1 1 1 1 1 1 1 1 1 1 1 1 1 1 1 1 1 1 1
 1 1 1 1 1 1 1 1 1 1 1 1 1 1 1 1 1 1 1 1 1 1 1 1 1 1]
