[ 0  1  2  3  4  5  6  7  8  9 10 11 12 13 14 15 16 17 18 19 20 21 22 23
 24 25 26 27 28 29 30 31 32 33 34 35 36 37 38 39 40 41 42 43 44 45 46 47
 48 49 50 51 52 53 54 55 56 57 58 59 60 61 62 63 64 65 66 67 68 69 70 71
 72 73 74 75 76 77 78 79 80 81 82 83 84 85 86 87 88 89 90 91 92 93 94 95
 96 97 98 99]
[-1 -1 62 27 73  1 58 12 70 29  7 80 69 10 22 35 82 -1 -1 -1 86 10 62 42
 -1 -1 24 -1 -1 84 -1 -1 -1 64 35 80 23 75 -1  3 30  4 64 67 46 -1 11 -1
 40  5 46 -1 22 -1 33 30 71 51 22 13 -1 26 80  9  1 -1 87 -1 -1 30 14 40
 21 65 55 85 62 18 -1 34 -1 -1 -1 46 -1 53 -1 76 39 30 65  3 33 79 -1 35
 46 -1 -1 64]
[1 0 1 1 0 1 0 1 1 0 0 1 0 0 1 0 0 0 1 1 1 1 1 0 0 0 0 1 0 0 1 1 0 1 1 0 0
 0 0 1 0 0 1 0 0 0 1 1 1 0 0 1 0 1 1 1 1 1 0 0 1 0 0 0 1 1 0 1 1 0 1 0 0 0
 1 1 0 1 0 0 1 1 0 0 0 1 0 0 1 0 0 1 0 1 1 1 0 1 1 0]
[4 4 2 0 0 3 0 4 0 2 0 0 0 0 0 2 0 0 1 0 4 3 1 1 2 2 0 1 0 0 3 1 0 0 4 4 3
 0 4 0 3 3 0 1 0 1 0 0 1 1 3 0 0 0 2 1 0 1 0 0 3 0 0 0 2 0 0 0 0 0 4 4 1 2
 1 0 3 3 0 0 1 2 1 0 1 4 1 3 0 4 2 0 0 0 4 3 2 1 2 0]
[4 4 2 0 0 3 0 4 0 2 0 0 0 0 0 2 0 0 1 0 4 3 1 1 2 2 0 1 0 0 3 1 0 0 4 4 3
 0 4 0 3 3 0 1 0 1 0 0 1 1 3 0 0 0 2 1 0 1 0 0 3 0 0 0 2 0 0 0 0 0 4 4 1 2
 1 0 3 3 0 0 1 2 1 0 1 4 1 3 0 4 2 0 0 0 4 3 2 1 2 0]
[8 4 9 4 4 9 9 7 6 9 7 7 7 5 1 3 6 1 5 2 4 8 3 1 7 7 5 3 4 5 3 5 8 3 6 6 5
 2 4 6 4 9 8 9 9 6 5 5 3 3 2 8 4 5 1 4 6 7 1 3 2 8 1 1 6 3 4 2 9 1 4 5 1 4
 6 5 1 7 5 6 6 1 7 8 1 3 7 6 6 5 8 7 5 6 3 2 4 1 3 1]
[8 4 9 4 4 9 9 7 6 9 7 7 7 5 1 3 6 1 5 2 4 8 3 1 7 7 5 3 4 5 3 5 8 3 6 6 5
 2 4 6 4 9 8 9 9 6 5 5 3 3 2 8 4 5 1 4 6 7 1 3 2 8 1 1 6 3 4 2 9 1 4 5 1 4
 6 5 1 7 5 6 6 1 7 8 1 3 7 6 6 5 8 7 5 6 3 2 4 1 3 1]
[50, 17, 29, 17, 50, 10, 50, 37, 50, 33, 50, 50, 20, 26, 50, 22, 50, 41, 31, 11, 31, 50, 37, 34, 50, 46, 29, 50, 50, 46, 50, 12, 50, 50, 50, 23, 27, 50, 50, 50, 18, 33, 40, 50, 50, 16, 50, 37, 50, 36, 50, 50, 25, 48, 50, 50, 39, 50, 50, 47, 50, 50, 47, 37, 14, 47, 50, 48, 21, 50, 50, 13, 30, 50, 50, 45, 14, 47, 25, 50, 38, 46, 50, 50, 37, 50, 32, 50, 50, 50, 49, 31, 18, 30, 50, 40, 50, 37, 36, 50]
[0 0 0 0 0 0 0 0 0 0 0 0 0 0 0 0 0 0 0 0 0 0 0 0 0 0 0 0 0 0 0 0 0 0 0 0 0
 0 0 0 0 0 0 0 0 0 0 0 0 0 0 0 0 0 0 0 0 0 0 0 0 0 0 0 0 0 0 0 0 0 0 0 0 0
 0 0 0 0 0 0 0 0 0 0 0 0 0 0 0 0 0 0 0 0 0 0 0 0 0 0]
[1 1 1 1 1 1 1 1 1 1 1 1 1 1 1 1 1 1 1 1 1 1 1 1 1 1 1 1 1 1 1 1 1 1 1 1 1
 1 1 1 1 1 1 1 1 1 1 1 1 1 1 1 1 1 1 1 1 1 1 1 1 1 1 1 1 1 1 1 1 1 1 1 1 1
 1 1 1 1 1 1 1 1 1 1 1 1 1 1 1 1 1 1 1 1 1 1 1 1 1 1]
