[ 0  1  2  3  4  5  6  7  8  9 10 11 12 13 14 15 16 17 18 19 20 21 22 23
 24 25 26 27 28 29 30 31 32 33 34 35 36 37 38 39 40 41 42 43 44 45 46 47
 48 49 50 51 52 53 54 55 56 57 58 59 60 61 62 63 64 65 66 67 68 69 70 71
 72 73 74 75 76 77 78 79 80 81 82 83 84 85 86 87 88 89 90 91 92 93 94 95
 96 97 98 99]
[-1 -1 -1 -1  2 65 11  9 74 75 -1 33 13 -1 -1  2 12 -1 -1 31 90 -1 11 65
 21 71 -1 -1 78 90 55 96 96  4 71  4 69 79 79 -1  3 -1 77 -1 10  0 -1 25
  2 10 55 24 28 12 83 -1 85 53 97 -1  0 -1 -1 96 41  1 49 28 23 72 -1 65
 77 15 64 31 -1 48  6 83 -1 -1 33 47 -1 57 13 -1 -1 -1 75 59 -1 13 -1 22
 -1 35 -1 34]
[0 1 0 0 0 1 0 1 1 0 0 0 1 1 0 1 1 1 1 1 1 1 1 0 0 0 0 0 0 0 1 0 1 1 1 0 1
 1 0 1 1 0 1 1 1 0 1 1 0 1 1 0 1 1 1 0 1 1 0 0 1 0 1 1 0 1 0 0 0 0 1 1 1 0
 1 1 1 0 1 1 0 0 0 0 0 1 1 1 1 1 0 0 0 1 1 0 0 1 1 0]
[0 2 0 2 4 4 0 0 3 0 2 0 0 0 0 0 1 3 0 0 1 1 0 0 0 0 0 1 0 0 1 1 0 1 1 0 1
 0 0 0 0 0 1 2 0 0 1 0 0 2 0 0 4 4 0 0 4 0 2 2 0 0 4 2 1 4 0 0 0 1 2 4 4 0
 2 3 3 1 1 2 4 0 4 3 0 0 1 3 4 0 4 0 2 4 3 2 0 4 0 2]
[0 2 0 2 4 4 0 0 3 0 2 0 0 0 0 0 1 3 0 0 1 1 0 0 0 0 0 1 0 0 1 1 0 1 1 0 1
 0 0 0 0 0 1 2 0 0 1 0 0 2 0 0 4 4 0 0 4 0 2 2 0 0 4 2 1 4 0 0 0 1 2 4 4 0
 2 3 3 1 1 2 4 0 4 3 0 0 1 3 4 0 4 0 2 4 3 2 0 4 0 2]
[1 1 3 4 1 8 8 5 3 1 9 8 7 1 8 9 5 5 2 2 7 6 3 4 2 8 1 5 2 7 6 9 6 4 1 1 2
 3 5 5 8 7 1 5 4 4 9 2 9 8 6 9 2 1 8 4 9 9 6 1 8 7 4 4 6 3 7 5 1 5 8 8 6 8
 2 1 7 6 6 3 6 5 5 9 9 5 3 1 1 3 3 8 2 4 3 7 8 2 4 7]
[1 1 3 4 1 8 8 5 3 1 9 8 7 1 8 9 5 5 2 2 7 6 3 4 2 8 1 5 2 7 6 9 6 4 1 1 2
 3 5 5 8 7 1 5 4 4 9 2 9 8 6 9 2 1 8 4 9 9 6 1 8 7 4 4 6 3 7 5 1 5 8 8 6 8
 2 1 7 6 6 3 6 5 5 9 9 5 3 1 1 3 3 8 2 4 3 7 8 2 4 7]
[50, 41, 50, 31, 44, 50, 50, 50, 20, 13, 50, 35, 13, 50, 17, 50, 42, 50, 13, 50, 50, 50, 50, 50, 50, 50, 12, 50, 35, 29, 50, 50, 48, 23, 50, 12, 50, 50, 39, 47, 11, 23, 50, 12, 22, 50, 50, 25, 50, 34, 21, 37, 50, 50, 22, 50, 50, 35, 50, 50, 29, 50, 48, 14, 20, 47, 50, 50, 50, 39, 50, 50, 12, 38, 39, 50, 50, 48, 39, 50, 50, 50, 50, 50, 50, 10, 50, 50, 30, 50, 50, 50, 21, 35, 17, 50, 26, 50, 50, 32]
[0 0 0 0 0 0 0 0 0 0 0 0 0 0 0 0 0 0 0 0 0 0 0 0 0 0 0 0 0 0 0 0 0 0 0 0 0
 0 0 0 0 0 0 0 0 0 0 0 0 0 0 0 0 0 0 0 0 0 0 0 0 0 0 0 0 0 0 0 0 0 0 0 0 0
 0 0 0 0 0 0 0 0 0 0 0 0 0 0 0 0 0 0 0 0 0 0 0 0 0 0]
[1 1 1 1 1 1 1 1 1 1 1 1 1 1 1 1 1 1 1 1 1 1 1 1 1 1 1 1 1 1 1 1 1 1 1 1 1
 1 1 1 1 1 1 1 1 1 1 1 1 1 1 1 1 1 1 1 1 1 1 1 1 1 1 1 1 1 1 1 1 1 1 1 1 1
 1 1 1 1 1 1 1 1 1 1 1 1 1 1 1 1 1 1 1 1 1 1 1 1 1 1]
