[ 0  1  2  3  4  5  6  7  8  9 10 11 12 13 14 15 16 17 18 19 20 21 22 23
 24 25 26 27 28 29 30 31 32 33 34 35 36 37 38 39 40 41 42 43 44 45 46 47
 48 49 50 51 52 53 54 55 56 57 58 59 60 61 62 63 64 65 66 67 68 69 70 71
 72 73 74 75 76 77 78 79 80 81 82 83 84 85 86 87 88 89 90 91 92 93 94 95
 96 97 98 99]
[-1 34 19 -1 -1 95 46 36 56 72 40 76 84 85  1 76 15 -1 -1 -1 -1 69 91 53
 35 71 43 -1 77 81 18 53 76 47  4 85 -1 20 20 82 95 31 23 96 90 -1 -1 -1
 70 -1 83 97 56 -1 81 15 10 96 69 -1 74 52 -1 58 81 57 85 99 12 68 80 -1
 -1 10 31 -1 48  7 67 20 -1 63 53 60 87 86 -1 41 -1 98 29 90  3 -1 23 48
 15 55 -1 61]
[0 0 1 0 0 0 0 1 1 1 0 0 1 0 0 0 1 1 0 1 1 0 1 1 0 0 0 0 1 1 1 0 1 1 1 0 1
 0 0 0 0 1 0 0 0 0 1 1 1 1 1 1 0 0 1 0 1 0 0 0 1 1 1 0 0 0 0 0 1 1 1 1 1 1
 1 1 0 0 0 1 1 0 1 0 0 1 1 1 1 0 1 1 1 0 1 1 0 0 0 1]
[0 0 3 0 2 0 2 1 0 4 0 3 3 0 0 3 0 0 0 0 1 1 3 4 0 0 1 1 0 1 3 0 0 0 0 1 0
 3 0 3 0 4 0 4 3 1 0 0 2 0 0 4 1 4 1 3 1 0 2 0 4 4 0 0 0 4 3 0 1 0 1 4 0 0
 4 1 4 1 0 2 4 0 4 4 0 4 0 0 3 2 0 4 0 0 1 0 0 1 3 3]
[0 0 3 0 2 0 2 1 0 4 0 3 3 0 0 3 0 0 0 0 1 1 3 4 0 0 1 1 0 1 3 0 0 0 0 1 0
 3 0 3 0 4 0 4 3 1 0 0 2 0 0 4 1 4 1 3 1 0 2 0 4 4 0 0 0 4 3 0 1 0 1 4 0 0
 4 1 4 1 0 2 4 0 4 4 0 4 0 0 3 2 0 4 0 0 1 0 0 1 3 3]
[6 6 9 5 3 7 5 6 9 4 8 3 5 3 8 3 8 6 5 9 3 1 4 1 7 4 3 6 8 7 1 5 9 2 8 7 5
 6 6 6 9 9 1 4 1 9 7 1 8 4 6 4 1 1 4 4 9 1 1 4 4 9 4 2 9 8 2 6 1 6 6 9 2 6
 5 5 1 3 6 7 8 9 3 3 6 1 2 1 6 1 3 8 8 8 6 3 8 9 5 1]
[6 6 9 5 3 7 5 6 9 4 8 3 5 3 8 3 8 6 5 9 3 1 4 1 7 4 3 6 8 7 1 5 9 2 8 7 5
 6 6 6 9 9 1 4 1 9 7 1 8 4 6 4 1 1 4 4 9 1 1 4 4 9 4 2 9 8 2 6 1 6 6 9 2 6
 5 5 1 3 6 7 8 9 3 3 6 1 2 1 6 1 3 8 8 8 6 3 8 9 5 1]
[50, 46, 50, 16, 43, 50, 50, 50, 22, 43, 50, 50, 50, 50, 50, 38, 24, 15, 50, 15, 19, 29, 47, 50, 50, 50, 50, 27, 50, 46, 50, 22, 28, 50, 39, 13, 50, 49, 33, 10, 50, 41, 28, 46, 50, 50, 28, 50, 30, 20, 50, 34, 50, 42, 50, 32, 50, 48, 50, 50, 27, 11, 14, 35, 50, 49, 44, 50, 50, 50, 21, 50, 50, 16, 50, 42, 50, 50, 42, 50, 50, 50, 19, 50, 50, 32, 29, 50, 45, 42, 50, 10, 50, 38, 50, 47, 50, 26, 17, 21]
[0 0 0 0 0 0 0 0 0 0 0 0 0 0 0 0 0 0 0 0 0 0 0 0 0 0 0 0 0 0 0 0 0 0 0 0 0
 0 0 0 0 0 0 0 0 0 0 0 0 0 0 0 0 0 0 0 0 0 0 0 0 0 0 0 0 0 0 0 0 0 0 0 0 0
 0 0 0 0 0 0 0 0 0 0 0 0 0 0 0 0 0 0 0 0 0 0 0 0 0 0]
[1 1 1 1 1 1 1 1 1 1 1 1 1 1 1 1 1 1 1 1 1 1 1 1 1 1 1 1 1 1 1 1 1 1 1 1 1
 1 1 1 1 1 1 1 1 1 1 1 1 1 1 1 1 1 1 1 1 1 1 1 1 1 1 1 1 1 1 1 1 1 1 1 1 1
 1 1 1 1 1 1 1 1 1 1 1 1 1 1 1 1 1 1 1 1 1 1 1 1 1 1]
