[ 0  1  2  3  4  5  6  7  8  9 10 11 12 13 14 15 16 17 18 19 20 21 22 23
 24 25 26 27 28 29 30 31 32 33 34 35 36 37 38 39 40 41 42 43 44 45 46 47
 48 49 50 51 52 53 54 55 56 57 58 59 60 61 62 63 64 65 66 67 68 69 70 71
 72 73 74 75 76 77 78 79 80 81 82 83 84 85 86 87 88 89 90 91 92 93 94 95
 96 97 98 99]
[-1 -1 87 -1 52 -1 -1 32 31 60 29 25 60 80 31 92 56 35 -1 -1 84 28 -1 -1
 18 69 -1 87  3 32 25 77 16 -1 80 76 58 75 70 -1 -1 -1 -1  7 32 -1 55 -1
 73 34 92 -1 -1 48 -1 -1 38 64 43 92 -1 -1 -1 54 -1 28 -1 25 72 84 94 -1
 -1 23 75 -1 -1 -1 14 -1 -1 -1 -1 21 -1 47 32 63 -1 60 57 -1 97  6  0 13
 88 -1 65 51]
[0 0 1 0 0 0 1 0 1 1 1 1 1 1 1 0 1 0 0 0 0 0 0 1 0 0 0 1 0 0 1 1 0 0 0 1 0
 0 0 1 1 0 0 0 1 1 0 0 1 0 1 0 0 0 1 1 0 1 1 1 0 1 1 0 1 1 1 0 0 1 0 0 1 1
 1 0 0 1 0 0 0 0 0 1 0 1 0 1 1 0 1 1 1 0 0 0 1 0 0 0]
[0 4 1 3 0 0 0 3 3 1 2 1 1 2 0 1 0 1 0 0 0 0 4 0 0 3 0 1 0 0 2 0 0 1 3 0 0
 0 3 0 0 0 3 2 0 2 0 4 1 1 3 2 0 0 0 2 2 2 2 2 0 0 4 3 2 1 1 4 1 3 1 0 4 3
 1 3 0 0 0 0 1 4 1 0 0 1 4 0 0 4 4 0 2 0 0 3 3 1 0 1]
[0 4 1 3 0 0 0 3 3 1 2 1 1 2 0 1 0 1 0 0 0 0 4 0 0 3 0 1 0 0 2 0 0 1 3 0 0
 0 3 0 0 0 3 2 0 2 0 4 1 1 3 2 0 0 0 2 2 2 2 2 0 0 4 3 2 1 1 4 1 3 1 0 4 3
 1 3 0 0 0 0 1 4 1 0 0 1 4 0 0 4 4 0 2 0 0 3 3 1 0 1]
[8 9 8 2 2 8 9 8 3 7 2 3 9 9 4 8 6 8 2 8 6 5 3 3 2 4 5 1 9 1 3 5 4 9 1 1 9
 8 5 6 3 4 6 8 9 4 6 1 3 5 8 6 2 6 1 4 5 4 8 3 9 2 5 6 8 4 3 2 4 3 1 4 5 4
 2 1 1 9 8 7 5 9 5 4 9 1 2 4 3 1 1 8 8 3 4 5 8 4 5 3]
[8 9 8 2 2 8 9 8 3 7 2 3 9 9 4 8 6 8 2 8 6 5 3 3 2 4 5 1 9 1 3 5 4 9 1 1 9
 8 5 6 3 4 6 8 9 4 6 1 3 5 8 6 2 6 1 4 5 4 8 3 9 2 5 6 8 4 3 2 4 3 1 4 5 4
 2 1 1 9 8 7 5 9 5 4 9 1 2 4 3 1 1 8 8 3 4 5 8 4 5 3]
[36, 50, 50, 20, 50, 50, 50, 36, 35, 16, 50, 32, 21, 47, 50, 32, 38, 50, 50, 33, 32, 49, 15, 50, 50, 48, 40, 44, 50, 28, 50, 10, 50, 10, 47, 27, 41, 50, 11, 50, 50, 50, 50, 20, 19, 29, 50, 34, 20, 30, 35, 30, 50, 48, 50, 30, 50, 24, 50, 21, 12, 49, 50, 50, 50, 50, 50, 50, 50, 50, 50, 26, 50, 30, 48, 50, 50, 40, 22, 21, 40, 31, 50, 50, 36, 40, 50, 47, 50, 39, 50, 50, 50, 23, 50, 21, 50, 50, 37, 50]
[0 0 0 0 0 0 0 0 0 0 0 0 0 0 0 0 0 0 0 0 0 0 0 0 0 0 0 0 0 0 0 0 0 0 0 0 0
 0 0 0 0 0 0 0 0 0 0 0 0 0 0 0 0 0 0 0 0 0 0 0 0 0 0 0 0 0 0 0 0 0 0 0 0 0
 0 0 0 0 0 0 0 0 0 0 0 0 0 0 0 0 0 0 0 0 0 0 0 0 0 0]
[1 1 1 1 1 1 1 1 1 1 1 1 1 1 1 1 1 1 1 1 1 1 1 1 1 1 1 1 1 1 1 1 1 1 1 1 1
 1 1 1 1 1 1 1 1 1 1 1 1 1 1 1 1 1 1 1 1 1 1 1 1 1 1 1 1 1 1 1 1 1 1 1 1 1
 1 1 1 1 1 1 1 1 1 1 1 1 1 1 1 1 1 1 1 1 1 1 1 1 1 1]
