[ 0  1  2  3  4  5  6  7  8  9 10 11 12 13 14 15 16 17 18 19 20 21 22 23
 24 25 26 27 28 29 30 31 32 33 34 35 36 37 38 39 40 41 42 43 44 45 46 47
 48 49 50 51 52 53 54 55 56 57 58 59 60 61 62 63 64 65 66 67 68 69 70 71
 72 73 74 75 76 77 78 79 80 81 82 83 84 85 86 87 88 89 90 91 92 93 94 95
 96 97 98 99]
[13 -1 64 57 96  6 -1  3 60 24 -1  5 -1 93 -1 -1  3 -1 91 -1 -1 -1 56 -1
 -1 33 61 -1 -1 93 -1 51  3 19 -1 74  6  5 23 -1 63 20 53 -1 34 63 -1 -1
 93 75 -1 -1 66 63 -1 -1 39 -1 84 16 72  8 -1  9 26 54 72 35 20 51  2 -1
  9  4  3 60 34 -1 -1 56 -1 33 -1 57 39 78 -1  4 -1 50 20 55 28 53  9 96
 88 -1 80 -1]
[0 0 0 1 0 0 1 0 0 1 1 0 1 0 1 0 1 1 1 1 0 0 0 1 0 1 1 1 0 0 0 1 0 0 0 0 0
 1 0 0 1 1 1 0 1 1 0 0 0 1 0 1 0 0 1 1 1 1 0 0 0 1 0 1 0 1 0 1 0 1 0 1 0 1
 1 1 1 1 1 1 0 1 0 1 0 1 1 0 1 0 1 0 1 1 0 0 0 1 1 0]
[1 2 0 0 0 4 3 4 4 0 3 3 2 0 0 0 0 2 1 2 4 0 0 1 0 1 0 0 0 2 0 0 1 0 0 1 0
 1 1 3 0 0 2 0 3 0 2 0 0 1 1 2 0 3 0 0 3 0 0 2 0 0 3 3 0 0 1 0 0 0 3 0 4 1
 0 0 4 3 0 2 0 1 0 0 0 0 4 0 1 0 0 2 2 0 0 2 0 4 3 0]
[1 2 0 0 0 4 3 4 4 0 3 3 2 0 0 0 0 2 1 2 4 0 0 1 0 1 0 0 0 2 0 0 1 0 0 1 0
 1 1 3 0 0 2 0 3 0 2 0 0 1 1 2 0 3 0 0 3 0 0 2 0 0 3 3 0 0 1 0 0 0 3 0 4 1
 0 0 4 3 0 2 0 1 0 0 0 0 4 0 1 0 0 2 2 0 0 2 0 4 3 0]
[9 4 2 1 5 3 7 8 3 1 8 1 8 1 8 6 2 2 5 9 5 4 6 3 4 1 7 3 9 4 6 6 9 4 8 3 4
 7 2 6 7 7 3 5 4 1 7 3 4 9 8 9 6 1 2 2 3 5 8 8 2 3 3 5 8 5 1 1 4 6 2 6 8 9
 2 2 4 9 1 7 9 4 9 3 9 9 7 6 3 8 6 5 6 9 4 1 6 6 5 6]
[9 4 2 1 5 3 7 8 3 1 8 1 8 1 8 6 2 2 5 9 5 4 6 3 4 1 7 3 9 4 6 6 9 4 8 3 4
 7 2 6 7 7 3 5 4 1 7 3 4 9 8 9 6 1 2 2 3 5 8 8 2 3 3 5 8 5 1 1 4 6 2 6 8 9
 2 2 4 9 1 7 9 4 9 3 9 9 7 6 3 8 6 5 6 9 4 1 6 6 5 6]
[50, 50, 42, 35, 50, 19, 38, 22, 50, 36, 40, 26, 11, 20, 50, 50, 23, 50, 39, 36, 50, 50, 50, 29, 50, 50, 23, 39, 20, 13, 50, 43, 11, 49, 50, 50, 27, 50, 48, 50, 50, 50, 50, 50, 50, 50, 50, 34, 17, 19, 50, 15, 33, 21, 50, 50, 46, 50, 39, 50, 50, 50, 50, 18, 50, 50, 38, 50, 49, 50, 50, 32, 50, 50, 32, 50, 50, 50, 37, 11, 50, 29, 48, 14, 50, 13, 50, 36, 14, 36, 21, 24, 50, 48, 50, 37, 50, 50, 50, 50]
[0 0 0 0 0 0 0 0 0 0 0 0 0 0 0 0 0 0 0 0 0 0 0 0 0 0 0 0 0 0 0 0 0 0 0 0 0
 0 0 0 0 0 0 0 0 0 0 0 0 0 0 0 0 0 0 0 0 0 0 0 0 0 0 0 0 0 0 0 0 0 0 0 0 0
 0 0 0 0 0 0 0 0 0 0 0 0 0 0 0 0 0 0 0 0 0 0 0 0 0 0]
[1 1 1 1 1 1 1 1 1 1 1 1 1 1 1 1 1 1 1 1 1 1 1 1 1 1 1 1 1 1 1 1 1 1 1 1 1
 1 1 1 1 1 1 1 1 1 1 1 1 1 1 1 1 1 1 1 1 1 1 1 1 1 1 1 1 1 1 1 1 1 1 1 1 1
 1 1 1 1 1 1 1 1 1 1 1 1 1 1 1 1 1 1 1 1 1 1 1 1 1 1]
