[ 0  1  2  3  4  5  6  7  8  9 10 11 12 13 14 15 16 17 18 19 20 21 22 23
 24 25 26 27 28 29 30 31 32 33 34 35 36 37 38 39 40 41 42 43 44 45 46 47
 48 49 50 51 52 53 54 55 56 57 58 59 60 61 62 63 64 65 66 67 68 69 70 71
 72 73 74 75 76 77 78 79 80 81 82 83 84 85 86 87 88 89 90 91 92 93 94 95
 96 97 98 99]
[91 -1 90 91 28 57 -1 93 -1 -1 -1 53 19 70 32 38 35 22  5 46 36 -1 -1 -1
 23 22 -1 -1 39 10 79 -1 60 37 -1 20 -1 94 75 -1 -1 -1 98 24  6 50 -1 -1
 -1 -1 70 -1 90 29 69 -1  5 20  0 21 96 -1 41 71  6 56 11 37 -1 46 -1 44
 -1 98 -1 10 71 -1 26 15 24 40 -1 66 24 -1 11 -1 -1 41 85 -1 -1 66 72 -1
 55 13 69 59]
[0 0 0 0 0 1 0 0 1 1 0 0 0 1 0 0 0 0 1 0 0 1 0 1 1 0 0 1 1 0 0 1 0 0 0 0 0
 1 1 0 1 1 0 1 0 1 1 0 1 1 0 0 1 1 0 1 1 0 0 1 0 0 0 1 0 1 1 0 0 0 1 0 1 0
 1 0 0 1 1 0 1 1 1 1 0 1 1 0 0 1 1 1 0 1 1 0 0 0 1 1]
[4 0 3 0 0 2 1 2 0 0 2 0 1 1 2 1 0 0 4 0 3 1 0 4 3 0 0 0 0 3 0 2 0 2 0 2 4
 0 0 0 0 0 4 0 2 0 0 1 2 4 0 0 1 0 2 1 0 0 4 3 4 4 0 1 0 3 1 0 2 0 0 0 2 0
 4 0 0 0 4 2 3 0 1 0 0 1 1 0 0 2 0 0 3 2 0 0 2 0 0 4]
[4 0 3 0 0 2 1 2 0 0 2 0 1 1 2 1 0 0 4 0 3 1 0 4 3 0 0 0 0 3 0 2 0 2 0 2 4
 0 0 0 0 0 4 0 2 0 0 1 2 4 0 0 1 0 2 1 0 0 4 3 4 4 0 1 0 3 1 0 2 0 0 0 2 0
 4 0 0 0 4 2 3 0 1 0 0 1 1 0 0 2 0 0 3 2 0 0 2 0 0 4]
[1 7 2 6 6 4 4 6 7 4 6 3 9 2 8 9 4 3 2 9 8 1 9 2 9 1 4 5 5 4 2 7 9 4 6 7 9
 3 1 3 1 3 5 6 9 6 9 3 3 4 1 1 9 8 1 8 6 8 4 1 9 8 3 1 8 1 7 4 1 6 6 8 1 9
 3 5 3 9 3 6 3 2 8 5 9 7 3 5 9 8 6 7 1 6 9 5 8 7 6 3]
[1 7 2 6 6 4 4 6 7 4 6 3 9 2 8 9 4 3 2 9 8 1 9 2 9 1 4 5 5 4 2 7 9 4 6 7 9
 3 1 3 1 3 5 6 9 6 9 3 3 4 1 1 9 8 1 8 6 8 4 1 9 8 3 1 8 1 7 4 1 6 6 8 1 9
 3 5 3 9 3 6 3 2 8 5 9 7 3 5 9 8 6 7 1 6 9 5 8 7 6 3]
[18, 50, 50, 50, 36, 35, 20, 39, 31, 50, 50, 44, 11, 44, 15, 20, 50, 14, 50, 50, 50, 50, 50, 23, 44, 16, 12, 26, 50, 40, 12, 50, 26, 50, 50, 31, 50, 39, 50, 50, 50, 50, 36, 21, 50, 11, 29, 50, 39, 25, 24, 22, 50, 50, 42, 50, 46, 50, 50, 50, 29, 50, 50, 50, 33, 46, 50, 50, 21, 50, 50, 48, 50, 50, 37, 50, 50, 19, 40, 30, 50, 40, 40, 50, 50, 50, 35, 50, 50, 44, 50, 50, 35, 38, 43, 38, 36, 43, 50, 14]
[0 0 0 0 0 0 0 0 0 0 0 0 0 0 0 0 0 0 0 0 0 0 0 0 0 0 0 0 0 0 0 0 0 0 0 0 0
 0 0 0 0 0 0 0 0 0 0 0 0 0 0 0 0 0 0 0 0 0 0 0 0 0 0 0 0 0 0 0 0 0 0 0 0 0
 0 0 0 0 0 0 0 0 0 0 0 0 0 0 0 0 0 0 0 0 0 0 0 0 0 0]
[1 1 1 1 1 1 1 1 1 1 1 1 1 1 1 1 1 1 1 1 1 1 1 1 1 1 1 1 1 1 1 1 1 1 1 1 1
 1 1 1 1 1 1 1 1 1 1 1 1 1 1 1 1 1 1 1 1 1 1 1 1 1 1 1 1 1 1 1 1 1 1 1 1 1
 1 1 1 1 1 1 1 1 1 1 1 1 1 1 1 1 1 1 1 1 1 1 1 1 1 1]
