[ 0  1  2  3  4  5  6  7  8  9 10 11 12 13 14 15 16 17 18 19 20 21 22 23
 24 25 26 27 28 29 30 31 32 33 34 35 36 37 38 39 40 41 42 43 44 45 46 47
 48 49 50 51 52 53 54 55 56 57 58 59 60 61 62 63 64 65 66 67 68 69 70 71
 72 73 74 75 76 77 78 79 80 81 82 83 84 85 86 87 88 89 90 91 92 93 94 95
 96 97 98 99]
[77 38 83 26 -1 71 -1  9 60 -1 23 44 47 58 86 16 29 18 74 -1 41  5 36 -1
 78 19 21 -1 89 -1 90 -1 63 31 66 55  9 -1 70 96 -1 29 91 87 37 99 40 21
 -1 -1 -1 85 75 72 29 96 27 67 54 54 81 17 96 -1 67 -1 -1 33  3 -1 -1 99
 65 43  7 48 27 42 -1 63 11 -1 59 33  3 83 -1 69 64 99 -1 37 -1 -1 84 -1
 66 -1 46 -1]
[0 0 0 1 1 0 0 1 0 1 1 0 1 1 1 0 1 0 0 0 0 1 0 1 1 0 0 0 0 0 0 0 0 1 0 0 0
 0 0 0 1 0 1 0 0 1 0 0 0 1 0 0 0 1 1 0 0 0 0 0 0 1 1 0 1 1 0 1 0 1 0 1 1 1
 1 1 1 1 0 0 1 1 1 0 0 0 1 0 1 0 0 0 0 0 1 0 0 1 1 0]
[4 0 0 0 0 4 0 2 0 1 3 4 4 3 0 3 0 4 0 3 4 0 0 0 3 4 3 3 0 4 2 0 3 2 0 0 1
 1 1 1 2 3 0 2 0 0 0 0 3 1 4 3 2 0 0 4 4 3 0 1 1 4 0 1 0 1 4 0 3 3 0 0 1 4
 2 0 0 2 0 3 3 0 0 0 3 0 4 4 0 0 0 0 4 3 1 3 2 0 0 0]
[4 0 0 0 0 4 0 2 0 1 3 4 4 3 0 3 0 4 0 3 4 0 0 0 3 4 3 3 0 4 2 0 3 2 0 0 1
 1 1 1 2 3 0 2 0 0 0 0 3 1 4 3 2 0 0 4 4 3 0 1 1 4 0 1 0 1 4 0 3 3 0 0 1 4
 2 0 0 2 0 3 3 0 0 0 3 0 4 4 0 0 0 0 4 3 1 3 2 0 0 0]
[9 3 3 2 4 3 2 5 7 3 1 6 2 2 1 7 7 6 9 3 8 5 5 1 5 4 8 1 1 8 6 7 9 5 8 3 4
 5 9 8 2 2 4 6 7 5 2 8 5 6 5 3 6 2 3 3 6 8 7 4 3 9 7 6 7 2 2 5 9 6 4 2 7 6
 2 8 2 3 9 6 2 9 1 8 4 2 5 9 5 9 2 6 8 9 8 4 6 2 5 2]
[9 3 3 2 4 3 2 5 7 3 1 6 2 2 1 7 7 6 9 3 8 5 5 1 5 4 8 1 1 8 6 7 9 5 8 3 4
 5 9 8 2 2 4 6 7 5 2 8 5 6 5 3 6 2 3 3 6 8 7 4 3 9 7 6 7 2 2 5 9 6 4 2 7 6
 2 8 2 3 9 6 2 9 1 8 4 2 5 9 5 9 2 6 8 9 8 4 6 2 5 2]
[28, 46, 47, 50, 38, 46, 20, 38, 41, 26, 37, 38, 50, 36, 50, 50, 42, 50, 38, 48, 50, 19, 50, 50, 50, 15, 50, 50, 50, 15, 15, 50, 50, 50, 21, 50, 50, 39, 50, 50, 50, 50, 50, 19, 50, 29, 26, 50, 50, 50, 29, 50, 31, 29, 50, 38, 50, 50, 50, 48, 50, 39, 50, 50, 50, 36, 11, 12, 50, 40, 10, 22, 50, 50, 18, 18, 17, 50, 50, 50, 20, 50, 40, 50, 19, 50, 16, 50, 17, 50, 50, 50, 44, 50, 18, 50, 38, 50, 50, 23]
[0 0 0 0 0 0 0 0 0 0 0 0 0 0 0 0 0 0 0 0 0 0 0 0 0 0 0 0 0 0 0 0 0 0 0 0 0
 0 0 0 0 0 0 0 0 0 0 0 0 0 0 0 0 0 0 0 0 0 0 0 0 0 0 0 0 0 0 0 0 0 0 0 0 0
 0 0 0 0 0 0 0 0 0 0 0 0 0 0 0 0 0 0 0 0 0 0 0 0 0 0]
[1 1 1 1 1 1 1 1 1 1 1 1 1 1 1 1 1 1 1 1 1 1 1 1 1 1 1 1 1 1 1 1 1 1 1 1 1
 1 1 1 1 1 1 1 1 1 1 1 1 1 1 1 1 1 1 1 1 1 1 1 1 1 1 1 1 1 1 1 1 1 1 1 1 1
 1 1 1 1 1 1 1 1 1 1 1 1 1 1 1 1 1 1 1 1 1 1 1 1 1 1]
