[ 0  1  2  3  4  5  6  7  8  9 10 11 12 13 14 15 16 17 18 19 20 21 22 23
 24 25 26 27 28 29 30 31 32 33 34 35 36 37 38 39 40 41 42 43 44 45 46 47
 48 49 50 51 52 53 54 55 56 57 58 59 60 61 62 63 64 65 66 67 68 69 70 71
 72 73 74 75 76 77 78 79 80 81 82 83 84 85 86 87 88 89 90 91 92 93 94 95
 96 97 98 99]
[82  8 -1 69 -1  9 -1 69 93 29 -1 36 -1 31 -1 -1 21  1 70 -1 -1 -1 68 -1
 10 22 -1 -1 -1 43  4 -1 -1 38 -1 -1 33  1 91 24 49 63  5 -1 -1 19  9 35
 67 50 -1 20 -1 -1 -1 84  2  8 -1 27 -1 -1 -1 -1 39 15 -1  3  0 -1 21 54
 -1 17  8 35 34 90 -1 34 -1 95 37  6 -1 31 -1  3 54 -1 54 -1 62 -1 37 -1
 53 -1 -1 86]
[1 0 1 1 0 0 1 1 1 1 1 0 1 0 0 1 0 1 0 0 0 1 1 1 1 1 1 0 1 0 1 1 1 0 0 1 0
 1 1 0 0 1 0 0 1 0 0 0 0 1 1 1 1 0 1 0 1 1 0 0 0 0 1 0 1 1 1 1 1 0 0 0 0 0
 0 1 1 0 0 1 0 0 1 1 0 0 0 1 1 0 1 1 0 0 0 0 0 0 1 1]
[2 0 3 1 0 0 0 3 1 3 3 0 1 0 2 1 2 4 0 0 4 0 0 0 3 0 3 1 0 0 0 0 4 0 0 4 4
 2 3 1 1 2 0 0 3 0 2 3 3 2 0 3 0 1 3 0 0 0 3 4 4 4 2 1 1 4 1 0 4 0 0 0 0 0
 4 4 1 3 0 3 2 0 0 4 0 0 1 0 3 4 2 4 3 0 1 0 0 0 1 2]
[2 0 3 1 0 0 0 3 1 3 3 0 1 0 2 1 2 4 0 0 4 0 0 0 3 0 3 1 0 0 0 0 4 0 0 4 4
 2 3 1 1 2 0 0 3 0 2 3 3 2 0 3 0 1 3 0 0 0 3 4 4 4 2 1 1 4 1 0 4 0 0 0 0 0
 4 4 1 3 0 3 2 0 0 4 0 0 1 0 3 4 2 4 3 0 1 0 0 0 1 2]
[1 9 6 1 1 1 5 6 3 2 9 9 1 1 7 8 3 4 4 5 7 8 4 8 2 3 3 6 7 7 4 5 1 3 6 5 8
 6 9 1 4 5 1 6 6 1 5 9 6 3 1 1 1 6 5 7 7 8 9 4 6 5 8 7 5 2 9 9 1 2 4 7 8 9
 7 7 1 5 2 7 9 1 8 5 5 4 2 2 3 6 2 9 4 4 4 9 9 6 7 5]
[1 9 6 1 1 1 5 6 3 2 9 9 1 1 7 8 3 4 4 5 7 8 4 8 2 3 3 6 7 7 4 5 1 3 6 5 8
 6 9 1 4 5 1 6 6 1 5 9 6 3 1 1 1 6 5 7 7 8 9 4 6 5 8 7 5 2 9 9 1 2 4 7 8 9
 7 7 1 5 2 7 9 1 8 5 5 4 2 2 3 6 2 9 4 4 4 9 9 6 7 5]
[50, 47, 28, 13, 36, 36, 43, 28, 50, 50, 50, 12, 50, 50, 49, 17, 16, 32, 32, 34, 42, 21, 42, 38, 35, 50, 28, 50, 50, 38, 46, 13, 49, 26, 42, 50, 12, 20, 44, 10, 50, 50, 26, 30, 18, 50, 50, 50, 50, 34, 15, 50, 50, 47, 41, 50, 50, 50, 50, 39, 50, 43, 36, 37, 50, 50, 33, 30, 31, 50, 50, 11, 50, 50, 50, 24, 50, 50, 40, 50, 50, 50, 23, 50, 50, 50, 50, 50, 50, 50, 49, 26, 20, 41, 50, 50, 36, 41, 50, 50]
[0 0 0 0 0 0 0 0 0 0 0 0 0 0 0 0 0 0 0 0 0 0 0 0 0 0 0 0 0 0 0 0 0 0 0 0 0
 0 0 0 0 0 0 0 0 0 0 0 0 0 0 0 0 0 0 0 0 0 0 0 0 0 0 0 0 0 0 0 0 0 0 0 0 0
 0 0 0 0 0 0 0 0 0 0 0 0 0 0 0 0 0 0 0 0 0 0 0 0 0 0]
[1 1 1 1 1 1 1 1 1 1 1 1 1 1 1 1 1 1 1 1 1 1 1 1 1 1 1 1 1 1 1 1 1 1 1 1 1
 1 1 1 1 1 1 1 1 1 1 1 1 1 1 1 1 1 1 1 1 1 1 1 1 1 1 1 1 1 1 1 1 1 1 1 1 1
 1 1 1 1 1 1 1 1 1 1 1 1 1 1 1 1 1 1 1 1 1 1 1 1 1 1]
