[ 0  1  2  3  4  5  6  7  8  9 10 11 12 13 14 15 16 17 18 19 20 21 22 23
 24 25 26 27 28 29 30 31 32 33 34 35 36 37 38 39 40 41 42 43 44 45 46 47
 48 49 50 51 52 53 54 55 56 57 58 59 60 61 62 63 64 65 66 67 68 69 70 71
 72 73 74 75 76 77 78 79 80 81 82 83 84 85 86 87 88 89 90 91 92 93 94 95
 96 97 98 99]
[-1  5 18 -1 -1 82 17 -1 -1 53 -1 -1 69 85 55 39 98  3 -1 -1 -1 96  5 -1
 66 48 -1 -1 59 -1 45 -1 -1 37 93  5 44 -1 -1 -1 -1 45 -1 -1 -1 -1 -1 -1
 -1 -1 87 -1 -1 83 -1 96 79 -1 71 -1 -1 -1 -1 58 57 -1 80 30 -1 74 -1 -1
 87 27 49 -1 -1 76 -1 25 -1 80 18 73 -1 46 -1 38 -1 21 -1 61 16 49 19 48
 66 45 44 96]
[1 0 1 0 0 0 1 0 0 0 1 1 0 1 1 0 0 1 1 1 1 0 0 1 0 0 1 1 1 1 0 1 0 0 1 1 0
 1 1 0 0 0 0 0 0 1 1 0 1 1 1 1 0 1 0 0 0 0 0 1 1 1 0 1 0 1 1 1 1 1 0 1 1 0
 0 1 0 1 1 0 1 1 0 0 1 1 0 0 0 1 0 0 0 1 1 1 1 0 1 1]
[0 2 2 1 4 1 0 3 0 0 4 2 2 1 3 4 0 3 0 3 0 0 0 0 1 4 1 0 0 4 4 2 0 3 4 0 0
 0 2 0 3 2 4 4 0 0 2 0 0 3 1 0 0 1 1 0 4 1 2 0 0 3 2 2 4 0 1 0 3 0 0 0 2 0
 3 4 4 0 4 0 0 4 2 1 4 0 2 0 0 0 2 4 2 0 3 3 0 3 0 1]
[0 2 2 1 4 1 0 3 0 0 4 2 2 1 3 4 0 3 0 3 0 0 0 0 1 4 1 0 0 4 4 2 0 3 4 0 0
 0 2 0 3 2 4 4 0 0 2 0 0 3 1 0 0 1 1 0 4 1 2 0 0 3 2 2 4 0 1 0 3 0 0 0 2 0
 3 4 4 0 4 0 0 4 2 1 4 0 2 0 0 0 2 4 2 0 3 3 0 3 0 1]
[7 4 2 3 8 1 5 5 1 9 3 6 5 9 6 5 5 4 6 4 1 4 7 6 9 9 1 3 9 2 5 6 6 7 6 1 9
 2 6 9 6 6 7 7 9 1 8 7 9 7 1 1 2 9 4 4 6 6 5 9 6 2 2 1 4 2 6 8 9 7 8 8 4 3
 8 2 3 4 9 2 1 1 5 8 4 7 6 7 8 5 1 5 7 7 4 9 1 9 2 4]
[7 4 2 3 8 1 5 5 1 9 3 6 5 9 6 5 5 4 6 4 1 4 7 6 9 9 1 3 9 2 5 6 6 7 6 1 9
 2 6 9 6 6 7 7 9 1 8 7 9 7 1 1 2 9 4 4 6 6 5 9 6 2 2 1 4 2 6 8 9 7 8 8 4 3
 8 2 3 4 9 2 1 1 5 8 4 7 6 7 8 5 1 5 7 7 4 9 1 9 2 4]
[13, 49, 37, 17, 35, 38, 50, 27, 23, 17, 23, 50, 50, 50, 50, 13, 47, 50, 50, 50, 50, 22, 20, 50, 23, 21, 50, 50, 37, 50, 37, 50, 15, 50, 50, 50, 22, 14, 23, 50, 50, 50, 50, 50, 50, 10, 31, 50, 20, 50, 50, 48, 14, 38, 50, 25, 50, 50, 46, 50, 50, 31, 44, 50, 10, 38, 34, 16, 50, 46, 50, 50, 33, 50, 50, 38, 50, 50, 50, 50, 50, 50, 50, 12, 50, 50, 41, 50, 50, 48, 50, 50, 50, 50, 25, 47, 12, 50, 20, 50]
[0 0 0 0 0 0 0 0 0 0 0 0 0 0 0 0 0 0 0 0 0 0 0 0 0 0 0 0 0 0 0 0 0 0 0 0 0
 0 0 0 0 0 0 0 0 0 0 0 0 0 0 0 0 0 0 0 0 0 0 0 0 0 0 0 0 0 0 0 0 0 0 0 0 0
 0 0 0 0 0 0 0 0 0 0 0 0 0 0 0 0 0 0 0 0 0 0 0 0 0 0]
[1 1 1 1 1 1 1 1 1 1 1 1 1 1 1 1 1 1 1 1 1 1 1 1 1 1 1 1 1 1 1 1 1 1 1 1 1
 1 1 1 1 1 1 1 1 1 1 1 1 1 1 1 1 1 1 1 1 1 1 1 1 1 1 1 1 1 1 1 1 1 1 1 1 1
 1 1 1 1 1 1 1 1 1 1 1 1 1 1 1 1 1 1 1 1 1 1 1 1 1 1]
