[ 0  1  2  3  4  5  6  7  8  9 10 11 12 13 14 15 16 17 18 19 20 21 22 23
 24 25 26 27 28 29 30 31 32 33 34 35 36 37 38 39 40 41 42 43 44 45 46 47
 48 49 50 51 52 53 54 55 56 57 58 59 60 61 62 63 64 65 66 67 68 69 70 71
 72 73 74 75 76 77 78 79 80 81 82 83 84 85 86 87 88 89 90 91 92 93 94 95
 96 97 98 99]
[55 36 20 45 85 85  2 -1 77 -1 18 88 49 84  4 57 -1 -1 30 -1 23 32 94 -1
 -1  3 -1 97 -1 82 62 -1 23 21 80 72 46 -1 -1 42 46 -1 64 -1 -1 81 59 17
 57 76 -1  0 -1 78 50 46 38 21 -1  2 82 -1 24 -1 -1 74 91 -1 41 25 44 -1
 13 22  8 50 -1 30 74 31 38 -1 31 60 -1 40 87 68 26 30 86 62 -1 -1 40 77
  0 -1 79 89]
[0 0 1 1 1 0 0 1 0 1 0 0 1 1 0 1 1 0 0 1 1 0 1 0 0 1 0 0 1 1 1 0 0 1 1 0 1
 1 0 0 1 1 0 1 1 0 0 1 1 0 0 0 1 0 1 0 1 0 0 0 0 0 1 1 1 1 1 0 1 1 1 1 0 0
 1 0 1 1 1 0 1 1 0 0 0 1 1 0 0 0 1 0 1 0 1 0 1 0 1 1]
[0 1 0 0 0 2 0 3 1 4 1 0 3 2 1 4 4 3 0 0 4 0 3 1 0 3 2 0 3 4 1 0 2 0 2 1 4
 0 0 0 0 4 0 1 0 0 3 2 4 0 0 0 0 0 0 2 0 4 0 2 3 0 0 0 0 2 1 1 1 0 4 0 1 4
 0 0 2 4 1 3 4 0 3 3 0 2 2 2 0 2 0 4 0 1 1 2 4 0 4 0]
[0 1 0 0 0 2 0 3 1 4 1 0 3 2 1 4 4 3 0 0 4 0 3 1 0 3 2 0 3 4 1 0 2 0 2 1 4
 0 0 0 0 4 0 1 0 0 3 2 4 0 0 0 0 0 0 2 0 4 0 2 3 0 0 0 0 2 1 1 1 0 4 0 1 4
 0 0 2 4 1 3 4 0 3 3 0 2 2 2 0 2 0 4 0 1 1 2 4 0 4 0]
[1 5 1 1 5 1 9 5 7 7 2 5 1 5 1 9 6 4 4 3 2 1 1 9 5 4 1 7 9 3 8 4 1 4 7 5 1
 9 1 9 6 2 4 1 4 6 1 9 7 7 3 2 4 8 8 6 2 8 4 5 9 2 5 6 5 1 5 7 4 3 6 5 2 2
 2 1 6 3 9 7 2 1 4 6 2 9 8 9 1 2 8 3 7 2 8 3 4 7 4 2]
[1 5 1 1 5 1 9 5 7 7 2 5 1 5 1 9 6 4 4 3 2 1 1 9 5 4 1 7 9 3 8 4 1 4 7 5 1
 9 1 9 6 2 4 1 4 6 1 9 7 7 3 2 4 8 8 6 2 8 4 5 9 2 5 6 5 1 5 7 4 3 6 5 2 2
 2 1 6 3 9 7 2 1 4 6 2 9 8 9 1 2 8 3 7 2 8 3 4 7 4 2]
[50, 50, 50, 36, 18, 50, 25, 27, 15, 14, 50, 50, 50, 42, 40, 50, 33, 28, 50, 50, 24, 45, 17, 23, 50, 50, 39, 40, 20, 11, 50, 14, 35, 50, 22, 50, 50, 29, 13, 50, 48, 39, 44, 50, 43, 50, 50, 29, 34, 50, 49, 50, 50, 50, 50, 42, 49, 50, 50, 50, 36, 50, 16, 50, 50, 50, 50, 45, 21, 38, 46, 10, 50, 50, 50, 47, 23, 18, 19, 50, 26, 50, 16, 50, 37, 50, 21, 50, 50, 50, 50, 36, 50, 50, 42, 50, 37, 29, 50, 50]
[0 0 0 0 0 0 0 0 0 0 0 0 0 0 0 0 0 0 0 0 0 0 0 0 0 0 0 0 0 0 0 0 0 0 0 0 0
 0 0 0 0 0 0 0 0 0 0 0 0 0 0 0 0 0 0 0 0 0 0 0 0 0 0 0 0 0 0 0 0 0 0 0 0 0
 0 0 0 0 0 0 0 0 0 0 0 0 0 0 0 0 0 0 0 0 0 0 0 0 0 0]
[1 1 1 1 1 1 1 1 1 1 1 1 1 1 1 1 1 1 1 1 1 1 1 1 1 1 1 1 1 1 1 1 1 1 1 1 1
 1 1 1 1 1 1 1 1 1 1 1 1 1 1 1 1 1 1 1 1 1 1 1 1 1 1 1 1 1 1 1 1 1 1 1 1 1
 1 1 1 1 1 1 1 1 1 1 1 1 1 1 1 1 1 1 1 1 1 1 1 1 1 1]
