[ 0  1  2  3  4  5  6  7  8  9 10 11 12 13 14 15 16 17 18 19 20 21 22 23
 24 25 26 27 28 29 30 31 32 33 34 35 36 37 38 39 40 41 42 43 44 45 46 47
 48 49 50 51 52 53 54 55 56 57 58 59 60 61 62 63 64 65 66 67 68 69 70 71
 72 73 74 75 76 77 78 79 80 81 82 83 84 85 86 87 88 89 90 91 92 93 94 95
 96 97 98 99]
[ 8 -1 -1 73 27 -1 44 -1 57 81 70 91 -1 -1 -1 99 77 81 76 -1 44 84 76 -1
 -1 -1  7 -1 -1 -1 -1 -1 34 17 40 16 97 69 57 17 91 -1 -1 49 28 84 61 44
 30 82 -1 83 -1 42 -1 42 -1 20 -1 11 -1 23 -1 -1 -1 -1 15 77 38 30 52 44
 -1 63 67 40 30 -1 51  6  8 85 62 46 55 72 -1 62 47 37 89 76 83 80 -1 56
 88 90 -1 -1]
[0 1 0 1 1 1 1 1 0 0 0 0 0 0 1 0 0 0 0 0 1 0 0 1 1 0 0 0 0 0 1 0 0 1 0 1 1
 0 0 1 0 0 1 1 0 1 0 0 1 0 1 0 1 1 0 0 0 1 0 1 0 0 1 1 1 0 1 0 0 0 1 1 0 1
 0 0 1 0 1 1 0 0 0 0 0 0 0 0 0 1 1 0 1 1 0 0 0 1 0 0]
[0 3 2 2 4 0 1 0 0 0 0 0 0 4 2 0 0 2 4 1 2 0 2 3 0 0 4 4 1 3 0 0 2 0 0 0 0
 1 1 3 4 0 3 0 0 0 2 0 0 4 4 0 0 0 4 0 1 2 2 0 0 1 0 2 0 0 2 0 2 0 1 1 0 0
 4 3 0 0 0 4 0 4 3 3 0 0 0 3 0 0 0 0 0 0 0 0 1 0 0 1]
[0 3 2 2 4 0 1 0 0 0 0 0 0 4 2 0 0 2 4 1 2 0 2 3 0 0 4 4 1 3 0 0 2 0 0 0 0
 1 1 3 4 0 3 0 0 0 2 0 0 4 4 0 0 0 4 0 1 2 2 0 0 1 0 2 0 0 2 0 2 0 1 1 0 0
 4 3 0 0 0 4 0 4 3 3 0 0 0 3 0 0 0 0 0 0 0 0 1 0 0 1]
[3 1 5 8 5 1 9 2 4 2 1 6 5 8 2 1 6 6 1 5 8 2 9 1 7 6 7 6 5 4 6 3 2 8 3 4 4
 3 9 7 4 5 4 2 1 9 2 7 2 3 9 8 5 4 4 6 6 3 8 4 4 2 2 7 9 5 5 2 7 2 8 4 7 9
 4 7 6 6 8 2 8 7 8 4 6 3 1 4 3 1 2 7 5 4 7 8 6 8 3 1]
[3 1 5 8 5 1 9 2 4 2 1 6 5 8 2 1 6 6 1 5 8 2 9 1 7 6 7 6 5 4 6 3 2 8 3 4 4
 3 9 7 4 5 4 2 1 9 2 7 2 3 9 8 5 4 4 6 6 3 8 4 4 2 2 7 9 5 5 2 7 2 8 4 7 9
 4 7 6 6 8 2 8 7 8 4 6 3 1 4 3 1 2 7 5 4 7 8 6 8 3 1]
[27, 28, 19, 50, 20, 16, 50, 43, 50, 47, 49, 50, 50, 32, 48, 50, 50, 50, 19, 40, 31, 50, 42, 50, 33, 14, 50, 10, 44, 19, 44, 48, 50, 50, 17, 50, 50, 50, 11, 34, 41, 50, 50, 35, 45, 50, 50, 50, 50, 50, 24, 15, 50, 50, 50, 50, 50, 50, 19, 50, 33, 50, 50, 20, 33, 49, 50, 26, 33, 50, 50, 50, 43, 50, 50, 50, 42, 17, 22, 50, 11, 50, 50, 50, 17, 17, 50, 50, 50, 11, 50, 50, 50, 13, 19, 37, 50, 43, 50, 50]
[0 0 0 0 0 0 0 0 0 0 0 0 0 0 0 0 0 0 0 0 0 0 0 0 0 0 0 0 0 0 0 0 0 0 0 0 0
 0 0 0 0 0 0 0 0 0 0 0 0 0 0 0 0 0 0 0 0 0 0 0 0 0 0 0 0 0 0 0 0 0 0 0 0 0
 0 0 0 0 0 0 0 0 0 0 0 0 0 0 0 0 0 0 0 0 0 0 0 0 0 0]
[1 1 1 1 1 1 1 1 1 1 1 1 1 1 1 1 1 1 1 1 1 1 1 1 1 1 1 1 1 1 1 1 1 1 1 1 1
 1 1 1 1 1 1 1 1 1 1 1 1 1 1 1 1 1 1 1 1 1 1 1 1 1 1 1 1 1 1 1 1 1 1 1 1 1
 1 1 1 1 1 1 1 1 1 1 1 1 1 1 1 1 1 1 1 1 1 1 1 1 1 1]
