[ 0  1  2  3  4  5  6  7  8  9 10 11 12 13 14 15 16 17 18 19 20 21 22 23
 24 25 26 27 28 29 30 31 32 33 34 35 36 37 38 39 40 41 42 43 44 45 46 47
 48 49 50 51 52 53 54 55 56 57 58 59 60 61 62 63 64 65 66 67 68 69 70 71
 72 73 74 75 76 77 78 79 80 81 82 83 84 85 86 87 88 89 90 91 92 93 94 95
 96 97 98 99]
[53 94 45 35 56 71 -1 72 44 -1 71 -1 90 98 36  0 69  2 80 -1 28 26 90 -1
 -1 24 28 30 42 90 16 21 87 87 15 -1 52 -1 79 43 71 50 -1 -1 36 78  4 20
 16 29 -1 62 17 -1 -1 72  2 45 -1 41 49 60 -1 66  6  4 87 19  6  7 52 30
 -1 16 -1  4 44 -1 58 -1 15 94 56 22 16 54 46 -1 -1 84 84 72 19 -1 35 15
 -1 38 -1 -1]
[0 0 1 1 0 1 1 0 0 1 1 0 1 0 0 1 1 1 1 1 0 1 0 1 1 1 0 1 1 1 1 0 0 1 0 1 0
 1 0 0 1 0 1 0 1 0 1 0 0 0 1 1 0 1 0 1 0 1 0 0 0 1 1 0 0 1 1 1 0 1 0 0 1 1
 0 0 0 0 1 1 1 0 0 0 0 0 0 0 1 0 1 1 1 0 0 0 1 1 1 0]
[0 0 0 0 2 4 0 1 0 2 0 4 0 0 0 4 0 2 3 2 4 0 0 4 3 0 0 0 1 0 0 4 0 3 0 1 0
 1 0 0 3 0 1 0 0 0 0 0 0 1 1 2 4 4 0 0 2 0 0 0 4 4 1 0 0 0 3 0 0 4 2 0 0 4
 1 4 4 0 0 0 0 0 1 2 0 0 2 4 2 0 0 0 4 0 1 0 1 2 0 0]
[0 0 0 0 2 4 0 1 0 2 0 4 0 0 0 4 0 2 3 2 4 0 0 4 3 0 0 0 1 0 0 4 0 3 0 1 0
 1 0 0 3 0 1 0 0 0 0 0 0 1 1 2 4 4 0 0 2 0 0 0 4 4 1 0 0 0 3 0 0 4 2 0 0 4
 1 4 4 0 0 0 0 0 1 2 0 0 2 4 2 0 0 0 4 0 1 0 1 2 0 0]
[1 8 7 5 4 5 9 4 9 9 2 4 3 8 8 9 2 5 3 2 1 8 5 6 1 9 9 9 9 3 3 8 2 1 2 8 1
 2 8 2 9 8 8 7 6 4 2 3 8 9 7 4 7 5 5 9 3 5 2 6 1 5 9 1 4 3 9 6 7 9 8 4 1 7
 5 5 6 1 9 4 5 3 6 9 5 3 7 1 3 4 3 3 6 9 8 8 2 7 9 8]
[1 8 7 5 4 5 9 4 9 9 2 4 3 8 8 9 2 5 3 2 1 8 5 6 1 9 9 9 9 3 3 8 2 1 2 8 1
 2 8 2 9 8 8 7 6 4 2 3 8 9 7 4 7 5 5 9 3 5 2 6 1 5 9 1 4 3 9 6 7 9 8 4 1 7
 5 5 6 1 9 4 5 3 6 9 5 3 7 1 3 4 3 3 6 9 8 8 2 7 9 8]
[50, 40, 50, 13, 44, 50, 50, 50, 50, 11, 50, 50, 41, 50, 24, 50, 14, 50, 27, 50, 10, 50, 50, 50, 12, 38, 17, 36, 50, 13, 50, 50, 50, 50, 50, 50, 50, 50, 50, 50, 50, 46, 43, 50, 44, 50, 28, 14, 15, 50, 40, 50, 50, 50, 50, 50, 10, 16, 40, 48, 11, 40, 21, 19, 50, 18, 50, 27, 16, 50, 45, 50, 50, 45, 18, 40, 27, 50, 50, 50, 50, 17, 46, 50, 50, 50, 50, 30, 50, 50, 50, 38, 40, 22, 15, 50, 50, 50, 50, 31]
[0 0 0 0 0 0 0 0 0 0 0 0 0 0 0 0 0 0 0 0 0 0 0 0 0 0 0 0 0 0 0 0 0 0 0 0 0
 0 0 0 0 0 0 0 0 0 0 0 0 0 0 0 0 0 0 0 0 0 0 0 0 0 0 0 0 0 0 0 0 0 0 0 0 0
 0 0 0 0 0 0 0 0 0 0 0 0 0 0 0 0 0 0 0 0 0 0 0 0 0 0]
[1 1 1 1 1 1 1 1 1 1 1 1 1 1 1 1 1 1 1 1 1 1 1 1 1 1 1 1 1 1 1 1 1 1 1 1 1
 1 1 1 1 1 1 1 1 1 1 1 1 1 1 1 1 1 1 1 1 1 1 1 1 1 1 1 1 1 1 1 1 1 1 1 1 1
 1 1 1 1 1 1 1 1 1 1 1 1 1 1 1 1 1 1 1 1 1 1 1 1 1 1]
