[ 0  1  2  3  4  5  6  7  8  9 10 11 12 13 14 15 16 17 18 19 20 21 22 23
 24 25 26 27 28 29 30 31 32 33 34 35 36 37 38 39 40 41 42 43 44 45 46 47
 48 49 50 51 52 53 54 55 56 57 58 59 60 61 62 63 64 65 66 67 68 69 70 71
 72 73 74 75 76 77 78 79 80 81 82 83 84 85 86 87 88 89 90 91 92 93 94 95
 96 97 98 99]
[91 37 56 81 71 10 62  5 66 -1 88 38 40 -1 79 -1 -1  7 22 54 -1 74 -1 -1
 40 -1 48 45 -1 -1 -1 -1 62 -1 73 95 72 -1 -1 -1 98 -1 -1 -1 98 -1 -1 59
 60 -1 -1 61 42  7 69 12 70 -1 -1 43 20  9 -1 -1 35 -1 -1 27 84 -1 -1  1
  5 51 32 58 87 60 -1 32  9 -1 30 90 86 -1 -1 97 -1  7 19 23 69 -1 -1 81
 -1 -1  6 24]
[0 1 1 0 1 0 1 1 0 1 1 0 0 0 1 1 1 0 1 0 1 0 0 1 0 1 0 0 1 0 1 0 1 1 0 1 1
 0 0 0 1 0 0 0 0 0 1 1 0 1 0 0 1 0 1 1 0 0 0 0 0 0 0 0 1 0 1 1 0 1 1 1 0 0
 0 1 0 1 1 0 1 0 1 0 1 0 1 0 0 0 1 0 0 1 0 0 1 0 0 1]
[1 0 0 3 0 0 1 0 4 2 3 4 0 4 4 0 0 1 2 0 0 1 0 3 0 0 0 1 3 3 0 0 0 1 0 2 3
 0 0 0 4 0 0 3 1 0 0 0 1 0 2 2 4 0 4 0 3 3 1 4 4 1 0 0 2 1 4 0 0 0 4 0 3 3
 1 2 0 0 0 0 0 4 1 0 2 0 0 2 1 0 0 0 2 0 0 1 4 0 3 2]
[1 0 0 3 0 0 1 0 4 2 3 4 0 4 4 0 0 1 2 0 0 1 0 3 0 0 0 1 3 3 0 0 0 1 0 2 3
 0 0 0 4 0 0 3 1 0 0 0 1 0 2 2 4 0 4 0 3 3 1 4 4 1 0 0 2 1 4 0 0 0 4 0 3 3
 1 2 0 0 0 0 0 4 1 0 2 0 0 2 1 0 0 0 2 0 0 1 4 0 3 2]
[9 7 1 6 4 6 7 3 2 6 2 2 3 3 1 3 8 3 6 8 6 2 9 1 2 8 2 9 3 7 6 6 8 8 3 8 4
 7 9 5 6 8 3 9 7 7 6 6 4 8 6 4 6 3 6 5 4 5 8 3 6 6 8 2 7 3 4 4 6 2 3 1 7 6
 2 9 8 8 1 7 7 5 7 3 2 2 6 4 7 7 9 5 1 2 3 8 8 5 5 7]
[9 7 1 6 4 6 7 3 2 6 2 2 3 3 1 3 8 3 6 8 6 2 9 1 2 8 2 9 3 7 6 6 8 8 3 8 4
 7 9 5 6 8 3 9 7 7 6 6 4 8 6 4 6 3 6 5 4 5 8 3 6 6 8 2 7 3 4 4 6 2 3 1 7 6
 2 9 8 8 1 7 7 5 7 3 2 2 6 4 7 7 9 5 1 2 3 8 8 5 5 7]
[50, 21, 50, 50, 50, 46, 23, 17, 50, 22, 22, 50, 13, 38, 50, 19, 16, 50, 50, 50, 39, 37, 27, 50, 37, 50, 50, 29, 50, 50, 50, 50, 50, 50, 50, 50, 33, 50, 50, 50, 50, 50, 48, 50, 50, 23, 50, 50, 50, 50, 50, 26, 16, 50, 50, 13, 28, 22, 50, 32, 31, 50, 50, 34, 37, 50, 14, 38, 50, 49, 48, 50, 26, 50, 11, 50, 50, 50, 23, 31, 15, 42, 50, 50, 25, 50, 50, 42, 50, 20, 50, 26, 50, 14, 10, 50, 50, 17, 50, 50]
[0 0 0 0 0 0 0 0 0 0 0 0 0 0 0 0 0 0 0 0 0 0 0 0 0 0 0 0 0 0 0 0 0 0 0 0 0
 0 0 0 0 0 0 0 0 0 0 0 0 0 0 0 0 0 0 0 0 0 0 0 0 0 0 0 0 0 0 0 0 0 0 0 0 0
 0 0 0 0 0 0 0 0 0 0 0 0 0 0 0 0 0 0 0 0 0 0 0 0 0 0]
[1 1 1 1 1 1 1 1 1 1 1 1 1 1 1 1 1 1 1 1 1 1 1 1 1 1 1 1 1 1 1 1 1 1 1 1 1
 1 1 1 1 1 1 1 1 1 1 1 1 1 1 1 1 1 1 1 1 1 1 1 1 1 1 1 1 1 1 1 1 1 1 1 1 1
 1 1 1 1 1 1 1 1 1 1 1 1 1 1 1 1 1 1 1 1 1 1 1 1 1 1]
