[ 0  1  2  3  4  5  6  7  8  9 10 11 12 13 14 15 16 17 18 19 20 21 22 23
 24 25 26 27 28 29 30 31 32 33 34 35 36 37 38 39 40 41 42 43 44 45 46 47
 48 49 50 51 52 53 54 55 56 57 58 59 60 61 62 63 64 65 66 67 68 69 70 71
 72 73 74 75 76 77 78 79 80 81 82 83 84 85 86 87 88 89 90 91 92 93 94 95
 96 97 98 99]
[90 -1 -1 86 -1 53 67 40 -1 37 66  5 -1 32 90  0 88 -1 19 -1 10 -1 68 31
 21 61 96 15 -1 38 28 -1 -1 18 70 -1 38 36 54 -1  6 92 -1 79 83 59 88 -1
  5 -1 91  3 -1 -1 30 93 74 28  2 26 -1 17 65 77 63 19 69 70 86 60 -1 35
 35 -1 16 31 34 37 51 88 75  1 77 15 93 38 40 65 86  0 54 72 -1 -1 61 54
 36 38 94 -1]
[0 1 1 0 1 1 1 0 1 0 1 1 0 1 0 1 0 0 1 0 0 0 1 0 0 0 1 0 0 1 0 1 1 0 0 0 1
 0 0 0 1 0 0 0 1 0 1 1 1 0 1 1 0 1 1 1 0 0 0 1 1 0 1 1 1 0 1 1 1 1 0 1 1 0
 1 1 0 1 1 1 1 0 1 1 0 1 1 1 0 0 0 1 1 1 1 1 1 0 1 0]
[0 0 0 0 0 1 1 0 1 1 0 0 2 0 1 4 0 0 0 0 4 0 0 2 0 0 0 3 3 2 0 0 0 0 0 3 3
 0 3 0 0 0 0 2 0 0 4 0 0 1 0 0 2 0 3 1 0 3 0 0 0 0 3 0 3 0 0 0 0 0 2 0 3 0
 1 0 1 0 2 0 0 2 0 2 0 1 3 0 0 1 0 4 2 2 0 0 4 2 3 0]
[0 0 0 0 0 1 1 0 1 1 0 0 2 0 1 4 0 0 0 0 4 0 0 2 0 0 0 3 3 2 0 0 0 0 0 3 3
 0 3 0 0 0 0 2 0 0 4 0 0 1 0 0 2 0 3 1 0 3 0 0 0 0 3 0 3 0 0 0 0 0 2 0 3 0
 1 0 1 0 2 0 0 2 0 2 0 1 3 0 0 1 0 4 2 2 0 0 4 2 3 0]
[7 8 9 1 8 9 2 3 4 8 2 3 4 8 5 2 9 4 2 1 8 9 1 4 6 1 8 8 5 3 4 4 8 6 8 4 3
 2 8 9 1 8 3 1 2 9 3 9 1 7 3 4 3 7 1 8 1 2 1 5 7 4 2 8 9 6 4 7 6 5 8 4 9 8
 8 8 5 2 9 3 1 8 2 8 1 5 6 3 7 4 7 6 2 5 6 1 9 3 6 4]
[7 8 9 1 8 9 2 3 4 8 2 3 4 8 5 2 9 4 2 1 8 9 1 4 6 1 8 8 5 3 4 4 8 6 8 4 3
 2 8 9 1 8 3 1 2 9 3 9 1 7 3 4 3 7 1 8 1 2 1 5 7 4 2 8 9 6 4 7 6 5 8 4 9 8
 8 8 5 2 9 3 1 8 2 8 1 5 6 3 7 4 7 6 2 5 6 1 9 3 6 4]
[50, 50, 50, 34, 43, 14, 40, 50, 50, 50, 43, 12, 50, 50, 50, 50, 45, 50, 50, 50, 33, 50, 50, 23, 47, 50, 50, 50, 50, 39, 25, 21, 40, 48, 16, 34, 18, 18, 21, 50, 26, 26, 50, 39, 50, 50, 22, 26, 23, 49, 50, 16, 50, 50, 50, 10, 50, 13, 50, 50, 19, 11, 50, 25, 33, 50, 50, 50, 50, 50, 50, 50, 28, 28, 42, 50, 50, 50, 50, 46, 24, 39, 46, 50, 32, 28, 50, 50, 21, 50, 50, 50, 19, 50, 50, 50, 16, 50, 50, 29]
[0 0 0 0 0 0 0 0 0 0 0 0 0 0 0 0 0 0 0 0 0 0 0 0 0 0 0 0 0 0 0 0 0 0 0 0 0
 0 0 0 0 0 0 0 0 0 0 0 0 0 0 0 0 0 0 0 0 0 0 0 0 0 0 0 0 0 0 0 0 0 0 0 0 0
 0 0 0 0 0 0 0 0 0 0 0 0 0 0 0 0 0 0 0 0 0 0 0 0 0 0]
[1 1 1 1 1 1 1 1 1 1 1 1 1 1 1 1 1 1 1 1 1 1 1 1 1 1 1 1 1 1 1 1 1 1 1 1 1
 1 1 1 1 1 1 1 1 1 1 1 1 1 1 1 1 1 1 1 1 1 1 1 1 1 1 1 1 1 1 1 1 1 1 1 1 1
 1 1 1 1 1 1 1 1 1 1 1 1 1 1 1 1 1 1 1 1 1 1 1 1 1 1]
