[ 0  1  2  3  4  5  6  7  8  9 10 11 12 13 14 15 16 17 18 19 20 21 22 23
 24 25 26 27 28 29 30 31 32 33 34 35 36 37 38 39 40 41 42 43 44 45 46 47
 48 49 50 51 52 53 54 55 56 57 58 59 60 61 62 63 64 65 66 67 68 69 70 71
 72 73 74 75 76 77 78 79 80 81 82 83 84 85 86 87 88 89 90 91 92 93 94 95
 96 97 98 99]
[-1 56 40 -1 76 -1 -1  4 -1 56 51 13 -1 -1 -1 44 80 66 79 37 -1 98 13 89
 -1 65 29 -1 27 -1 24 -1 23 38 -1 21 -1 -1 -1 -1 10 62 -1 58 -1 66 -1 80
 86 61 -1 -1 59 -1 67 96 27 20 96 -1  6 55 -1 68 -1 -1 -1 53 -1 81 46 -1
 93 -1 46 27 97 42 -1 72 -1  6 50 -1 -1 -1 -1 22 28 36 84 45  3 22 -1 67
 -1 -1 56 26]
[0 1 1 0 0 1 0 0 1 1 0 0 1 1 1 1 0 1 0 1 1 1 0 1 0 1 1 0 0 0 1 0 0 1 0 1 1
 0 0 0 1 1 1 1 1 1 1 0 1 0 0 1 1 1 1 0 1 1 1 1 1 1 1 0 0 1 1 1 1 0 0 0 0 0
 1 0 0 1 1 1 0 0 1 1 1 1 1 1 0 1 1 1 1 1 0 1 0 1 1 0]
[0 0 2 0 0 0 0 0 0 3 0 0 0 3 0 0 0 0 0 0 3 3 1 1 1 0 4 2 0 1 0 4 0 0 0 3 1
 3 1 0 1 1 2 1 0 0 0 0 3 3 2 0 0 0 1 0 4 3 1 0 0 4 0 2 0 2 0 4 0 0 0 0 0 2
 0 1 0 0 2 0 1 0 0 0 1 4 0 0 1 3 0 0 0 0 0 1 2 0 0 1]
[0 0 2 0 0 0 0 0 0 3 0 0 0 3 0 0 0 0 0 0 3 3 1 1 1 0 4 2 0 1 0 4 0 0 0 3 1
 3 1 0 1 1 2 1 0 0 0 0 3 3 2 0 0 0 1 0 4 3 1 0 0 4 0 2 0 2 0 4 0 0 0 0 0 2
 0 1 0 0 2 0 1 0 0 0 1 4 0 0 1 3 0 0 0 0 0 1 2 0 0 1]
[4 7 8 3 8 1 6 9 8 9 7 3 5 8 5 4 7 2 7 7 7 8 8 2 9 2 5 9 9 4 7 9 3 2 5 7 3
 4 8 1 8 3 7 3 1 4 3 2 1 6 4 6 4 4 1 2 4 8 7 9 5 4 2 8 8 1 7 4 7 3 6 9 4 7
 7 9 2 9 2 2 7 1 6 6 2 5 9 5 4 5 6 9 4 8 8 3 8 6 2 1]
[4 7 8 3 8 1 6 9 8 9 7 3 5 8 5 4 7 2 7 7 7 8 8 2 9 2 5 9 9 4 7 9 3 2 5 7 3
 4 8 1 8 3 7 3 1 4 3 2 1 6 4 6 4 4 1 2 4 8 7 9 5 4 2 8 8 1 7 4 7 3 6 9 4 7
 7 9 2 9 2 2 7 1 6 6 2 5 9 5 4 5 6 9 4 8 8 3 8 6 2 1]
[50, 46, 50, 50, 50, 49, 37, 50, 50, 50, 29, 50, 50, 25, 23, 46, 39, 12, 35, 25, 26, 41, 16, 37, 50, 17, 50, 50, 50, 50, 50, 12, 50, 50, 12, 18, 50, 34, 23, 50, 50, 10, 50, 50, 50, 42, 50, 49, 50, 50, 23, 11, 35, 34, 50, 18, 50, 20, 35, 50, 26, 50, 50, 49, 50, 40, 42, 28, 31, 37, 50, 38, 50, 50, 16, 17, 50, 39, 50, 50, 31, 50, 50, 25, 50, 50, 50, 15, 50, 50, 50, 21, 32, 49, 37, 50, 50, 50, 48, 50]
[0 0 0 0 0 0 0 0 0 0 0 0 0 0 0 0 0 0 0 0 0 0 0 0 0 0 0 0 0 0 0 0 0 0 0 0 0
 0 0 0 0 0 0 0 0 0 0 0 0 0 0 0 0 0 0 0 0 0 0 0 0 0 0 0 0 0 0 0 0 0 0 0 0 0
 0 0 0 0 0 0 0 0 0 0 0 0 0 0 0 0 0 0 0 0 0 0 0 0 0 0]
[1 1 1 1 1 1 1 1 1 1 1 1 1 1 1 1 1 1 1 1 1 1 1 1 1 1 1 1 1 1 1 1 1 1 1 1 1
 1 1 1 1 1 1 1 1 1 1 1 1 1 1 1 1 1 1 1 1 1 1 1 1 1 1 1 1 1 1 1 1 1 1 1 1 1
 1 1 1 1 1 1 1 1 1 1 1 1 1 1 1 1 1 1 1 1 1 1 1 1 1 1]
