[ 0  1  2  3  4  5  6  7  8  9 10 11 12 13 14 15 16 17 18 19 20 21 22 23
 24 25 26 27 28 29 30 31 32 33 34 35 36 37 38 39 40 41 42 43 44 45 46 47
 48 49 50 51 52 53 54 55 56 57 58 59 60 61 62 63 64 65 66 67 68 69 70 71
 72 73 74 75 76 77 78 79 80 81 82 83 84 85 86 87 88 89 90 91 92 93 94 95
 96 97 98 99]
[82 70 -1 56 62 72  4 47 -1 -1 -1 -1 77 -1 50 98 21 82 86 85 -1  2 -1 -1
 43 -1 -1 79 24 74 45 19 53 -1 31 14 98 40 -1 90 65 -1 28 41 -1 33 -1 38
 41 18 -1 18 66 -1 38 -1 47 -1 55 29 -1 -1 24 -1 -1 98 70 76 76 -1 23 54
 -1 -1 -1 68 84 -1 -1 -1 65 46 -1 -1 14 -1 70 -1 95 57 13 -1 -1 40 54 -1
 62 79 39 -1]
[0 0 0 1 1 0 0 0 0 1 0 1 1 0 0 0 0 0 1 1 0 1 0 1 0 1 1 1 0 0 1 0 1 0 1 0 0
 1 1 0 1 1 1 0 1 0 0 1 0 0 0 0 1 1 1 1 0 1 1 1 0 0 0 0 1 0 1 0 1 1 0 1 1 1
 0 1 1 1 1 1 1 1 0 0 1 1 1 0 0 1 0 1 1 1 1 1 1 1 1 1]
[3 2 0 1 3 2 0 4 0 3 3 0 0 1 0 0 3 0 0 4 0 2 2 0 0 0 2 2 0 1 0 0 3 0 0 3 3
 1 4 0 0 0 0 2 3 0 0 0 0 2 2 0 0 4 3 0 2 0 0 0 4 3 0 2 4 2 3 0 0 0 0 1 0 0
 4 1 3 0 0 0 1 0 2 1 1 0 0 3 1 0 0 0 0 0 2 3 3 2 4 3]
[3 2 0 1 3 2 0 4 0 3 3 0 0 1 0 0 3 0 0 4 0 2 2 0 0 0 2 2 0 1 0 0 3 0 0 3 3
 1 4 0 0 0 0 2 3 0 0 0 0 2 2 0 0 4 3 0 2 0 0 0 4 3 0 2 4 2 3 0 0 0 0 1 0 0
 4 1 3 0 0 0 1 0 2 1 1 0 0 3 1 0 0 0 0 0 2 3 3 2 4 3]
[5 7 5 9 1 6 1 2 1 3 8 1 7 9 3 8 1 8 2 7 9 8 8 8 8 5 4 1 5 2 3 9 8 8 4 3 6
 3 1 6 8 3 6 8 4 5 6 9 8 7 1 4 7 5 7 6 8 8 7 9 2 1 2 2 5 6 5 6 8 8 7 9 5 4
 3 2 3 4 5 1 9 1 9 6 3 6 1 5 1 7 8 2 1 4 1 7 7 8 1 1]
[5 7 5 9 1 6 1 2 1 3 8 1 7 9 3 8 1 8 2 7 9 8 8 8 8 5 4 1 5 2 3 9 8 8 4 3 6
 3 1 6 8 3 6 8 4 5 6 9 8 7 1 4 7 5 7 6 8 8 7 9 2 1 2 2 5 6 5 6 8 8 7 9 5 4
 3 2 3 4 5 1 9 1 9 6 3 6 1 5 1 7 8 2 1 4 1 7 7 8 1 1]
[14, 50, 30, 50, 40, 50, 50, 22, 19, 11, 50, 22, 50, 46, 24, 36, 37, 25, 50, 50, 50, 25, 46, 50, 23, 50, 50, 50, 50, 50, 47, 50, 14, 43, 50, 50, 12, 19, 21, 44, 50, 28, 50, 11, 20, 50, 50, 50, 35, 50, 50, 50, 50, 12, 46, 50, 27, 50, 32, 50, 18, 50, 43, 50, 29, 50, 50, 20, 50, 46, 50, 16, 25, 39, 50, 50, 46, 50, 46, 32, 38, 50, 50, 50, 50, 48, 50, 50, 50, 15, 32, 29, 50, 42, 34, 41, 30, 50, 50, 50]
[0 0 0 0 0 0 0 0 0 0 0 0 0 0 0 0 0 0 0 0 0 0 0 0 0 0 0 0 0 0 0 0 0 0 0 0 0
 0 0 0 0 0 0 0 0 0 0 0 0 0 0 0 0 0 0 0 0 0 0 0 0 0 0 0 0 0 0 0 0 0 0 0 0 0
 0 0 0 0 0 0 0 0 0 0 0 0 0 0 0 0 0 0 0 0 0 0 0 0 0 0]
[1 1 1 1 1 1 1 1 1 1 1 1 1 1 1 1 1 1 1 1 1 1 1 1 1 1 1 1 1 1 1 1 1 1 1 1 1
 1 1 1 1 1 1 1 1 1 1 1 1 1 1 1 1 1 1 1 1 1 1 1 1 1 1 1 1 1 1 1 1 1 1 1 1 1
 1 1 1 1 1 1 1 1 1 1 1 1 1 1 1 1 1 1 1 1 1 1 1 1 1 1]
