[ 0  1  2  3  4  5  6  7  8  9 10 11 12 13 14 15 16 17 18 19 20 21 22 23
 24 25 26 27 28 29 30 31 32 33 34 35 36 37 38 39 40 41 42 43 44 45 46 47
 48 49 50 51 52 53 54 55 56 57 58 59 60 61 62 63 64 65 66 67 68 69 70 71
 72 73 74 75 76 77 78 79 80 81 82 83 84 85 86 87 88 89 90 91 92 93 94 95
 96 97 98 99]
[21 19 54 39 69 39 -1 -1 87 49 48 27 -1 86  3 93 26 40 11 47 -1 -1 68 -1
 -1 -1 27  7 -1 68 32 64 29 -1 43 39 -1 -1 -1 -1 50 90 -1 -1 46 22 -1 -1
 83 91 36 23 59 -1 57  0 58 77 49 -1 -1 -1 52 -1 -1 28 65 88 40 64 83 96
 -1  0 -1 74 -1 -1 -1 23 81 64 27 -1 92 -1 74 -1 12 65 91 92 24 12 -1 -1
 -1 -1 28 -1]
[0 1 0 0 1 0 1 1 1 0 1 0 0 0 1 0 1 0 0 0 0 1 1 0 1 1 1 0 1 0 0 0 1 0 0 0 1
 0 0 1 0 1 0 1 1 0 1 1 0 0 0 1 0 0 0 1 0 0 0 0 0 1 1 1 0 1 1 1 0 0 1 1 0 0
 1 0 0 1 0 0 0 0 0 1 1 0 1 0 0 1 0 0 0 1 1 1 1 0 1 1]
[0 4 3 0 3 2 2 1 0 0 2 0 1 0 0 0 3 3 3 0 3 4 0 1 3 3 0 4 0 3 1 0 0 3 0 4 0
 4 0 0 0 0 4 1 3 0 4 0 0 0 2 1 0 0 0 2 3 1 1 1 1 0 3 3 0 2 0 3 1 0 0 2 3 2
 1 0 0 0 3 0 0 0 0 4 0 0 0 4 2 2 2 0 2 0 3 0 0 1 1 0]
[0 4 3 0 3 2 2 1 0 0 2 0 1 0 0 0 3 3 3 0 3 4 0 1 3 3 0 4 0 3 1 0 0 3 0 4 0
 4 0 0 0 0 4 1 3 0 4 0 0 0 2 1 0 0 0 2 3 1 1 1 1 0 3 3 0 2 0 3 1 0 0 2 3 2
 1 0 0 0 3 0 0 0 0 4 0 0 0 4 2 2 2 0 2 0 3 0 0 1 1 0]
[7 4 5 4 9 5 5 3 2 3 6 1 6 7 5 8 8 1 6 5 1 9 7 8 4 3 3 8 1 3 6 6 6 3 3 8 1
 1 1 9 5 4 3 1 6 8 4 5 4 2 5 5 5 1 6 7 6 1 9 4 8 8 7 4 3 1 9 4 7 1 8 2 2 8
 5 1 1 2 2 7 1 5 5 8 5 3 7 6 7 7 3 9 8 5 1 9 4 3 6 2]
[7 4 5 4 9 5 5 3 2 3 6 1 6 7 5 8 8 1 6 5 1 9 7 8 4 3 3 8 1 3 6 6 6 3 3 8 1
 1 1 9 5 4 3 1 6 8 4 5 4 2 5 5 5 1 6 7 6 1 9 4 8 8 7 4 3 1 9 4 7 1 8 2 2 8
 5 1 1 2 2 7 1 5 5 8 5 3 7 6 7 7 3 9 8 5 1 9 4 3 6 2]
[50, 50, 50, 34, 50, 50, 17, 50, 32, 50, 50, 50, 50, 29, 50, 34, 50, 15, 24, 50, 22, 50, 50, 26, 50, 50, 49, 48, 50, 50, 50, 50, 25, 50, 44, 19, 50, 41, 50, 50, 50, 50, 50, 50, 42, 50, 50, 38, 50, 13, 50, 50, 50, 50, 20, 50, 50, 50, 50, 21, 13, 50, 50, 50, 11, 35, 11, 25, 50, 17, 50, 50, 50, 19, 50, 18, 50, 13, 50, 19, 21, 22, 50, 11, 41, 50, 33, 21, 27, 50, 50, 50, 50, 45, 50, 24, 44, 13, 32, 42]
[0 0 0 0 0 0 0 0 0 0 0 0 0 0 0 0 0 0 0 0 0 0 0 0 0 0 0 0 0 0 0 0 0 0 0 0 0
 0 0 0 0 0 0 0 0 0 0 0 0 0 0 0 0 0 0 0 0 0 0 0 0 0 0 0 0 0 0 0 0 0 0 0 0 0
 0 0 0 0 0 0 0 0 0 0 0 0 0 0 0 0 0 0 0 0 0 0 0 0 0 0]
[1 1 1 1 1 1 1 1 1 1 1 1 1 1 1 1 1 1 1 1 1 1 1 1 1 1 1 1 1 1 1 1 1 1 1 1 1
 1 1 1 1 1 1 1 1 1 1 1 1 1 1 1 1 1 1 1 1 1 1 1 1 1 1 1 1 1 1 1 1 1 1 1 1 1
 1 1 1 1 1 1 1 1 1 1 1 1 1 1 1 1 1 1 1 1 1 1 1 1 1 1]
