[ 0  1  2  3  4  5  6  7  8  9 10 11 12 13 14 15 16 17 18 19 20 21 22 23
 24 25 26 27 28 29 30 31 32 33 34 35 36 37 38 39 40 41 42 43 44 45 46 47
 48 49 50 51 52 53 54 55 56 57 58 59 60 61 62 63 64 65 66 67 68 69 70 71
 72 73 74 75 76 77 78 79 80 81 82 83 84 85 86 87 88 89 90 91 92 93 94 95
 96 97 98 99]
[40 -1 97 92 -1 -1 -1 38  9 -1 99 90 91  3 25 -1 -1 -1 93 -1 74 49 84 32
 71 24 84 14 72 36 92 -1 67 -1 85 30 64 45  8 -1 -1 22 90  5 26 99 43 -1
 -1 -1 -1 13  8 68 95 -1 -1 35 78 13 -1 48 66 62 18 77 38 -1 -1 56 55 -1
 81 -1 53 -1 -1 92 -1 60 38 60  8 75 50 52 23 30 31 59 -1 -1 11 97 62 81
 -1  7 -1 -1]
[0 1 1 1 0 0 1 1 0 0 0 0 1 1 1 0 1 0 1 1 1 1 0 1 1 1 1 1 1 0 1 1 0 1 1 0 1
 1 0 0 1 1 1 1 1 1 1 0 0 1 1 1 0 1 0 1 1 0 1 0 0 0 1 1 1 0 0 0 0 0 0 1 0 1
 1 1 0 0 0 0 1 1 0 0 0 0 0 0 0 1 1 0 1 1 0 1 1 1 1 0]
[0 2 0 0 0 0 1 3 1 3 0 2 0 2 3 1 0 0 0 1 2 1 0 4 4 0 0 3 0 1 0 3 3 0 0 1 0
 0 2 0 4 4 0 2 0 3 0 0 0 2 0 4 0 4 0 1 1 3 0 4 1 0 2 3 0 0 3 0 0 0 2 4 0 0
 0 3 2 0 2 0 1 0 0 2 0 3 0 0 2 1 0 1 3 4 0 1 2 0 3 2]
[0 2 0 0 0 0 1 3 1 3 0 2 0 2 3 1 0 0 0 1 2 1 0 4 4 0 0 3 0 1 0 3 3 0 0 1 0
 0 2 0 4 4 0 2 0 3 0 0 0 2 0 4 0 4 0 1 1 3 0 4 1 0 2 3 0 0 3 0 0 0 2 4 0 0
 0 3 2 0 2 0 1 0 0 2 0 3 0 0 2 1 0 1 3 4 0 1 2 0 3 2]
[2 1 1 1 8 8 2 1 3 6 6 6 4 7 2 8 2 8 5 8 2 8 9 5 4 1 1 2 3 9 2 9 9 3 1 9 1
 8 7 7 1 3 4 4 3 8 2 7 9 6 4 3 6 9 3 5 6 5 5 6 5 6 9 5 1 2 3 3 2 7 5 6 1 4
 3 3 5 9 8 7 3 4 1 4 2 5 7 8 3 9 9 4 3 2 9 3 4 9 3 6]
[2 1 1 1 8 8 2 1 3 6 6 6 4 7 2 8 2 8 5 8 2 8 9 5 4 1 1 2 3 9 2 9 9 3 1 9 1
 8 7 7 1 3 4 4 3 8 2 7 9 6 4 3 6 9 3 5 6 5 5 6 5 6 9 5 1 2 3 3 2 7 5 6 1 4
 3 3 5 9 8 7 3 4 1 4 2 5 7 8 3 9 9 4 3 2 9 3 4 9 3 6]
[50, 13, 50, 50, 21, 50, 13, 50, 44, 50, 50, 31, 16, 19, 48, 50, 23, 50, 50, 13, 49, 50, 50, 50, 37, 50, 50, 50, 50, 24, 50, 15, 50, 45, 50, 19, 50, 50, 50, 50, 13, 50, 24, 49, 50, 31, 50, 18, 50, 50, 26, 50, 33, 50, 12, 23, 15, 50, 38, 14, 48, 48, 27, 18, 50, 31, 23, 50, 50, 50, 50, 23, 11, 50, 50, 50, 42, 42, 50, 50, 50, 50, 18, 50, 50, 50, 50, 50, 50, 50, 50, 50, 31, 28, 50, 26, 50, 45, 50, 13]
[0 0 0 0 0 0 0 0 0 0 0 0 0 0 0 0 0 0 0 0 0 0 0 0 0 0 0 0 0 0 0 0 0 0 0 0 0
 0 0 0 0 0 0 0 0 0 0 0 0 0 0 0 0 0 0 0 0 0 0 0 0 0 0 0 0 0 0 0 0 0 0 0 0 0
 0 0 0 0 0 0 0 0 0 0 0 0 0 0 0 0 0 0 0 0 0 0 0 0 0 0]
[1 1 1 1 1 1 1 1 1 1 1 1 1 1 1 1 1 1 1 1 1 1 1 1 1 1 1 1 1 1 1 1 1 1 1 1 1
 1 1 1 1 1 1 1 1 1 1 1 1 1 1 1 1 1 1 1 1 1 1 1 1 1 1 1 1 1 1 1 1 1 1 1 1 1
 1 1 1 1 1 1 1 1 1 1 1 1 1 1 1 1 1 1 1 1 1 1 1 1 1 1]
