[ 0  1  2  3  4  5  6  7  8  9 10 11 12 13 14 15 16 17 18 19 20 21 22 23
 24 25 26 27 28 29 30 31 32 33 34 35 36 37 38 39 40 41 42 43 44 45 46 47
 48 49 50 51 52 53 54 55 56 57 58 59 60 61 62 63 64 65 66 67 68 69 70 71
 72 73 74 75 76 77 78 79 80 81 82 83 84 85 86 87 88 89 90 91 92 93 94 95
 96 97 98 99]
[-1 73 52 87 -1 63 88 -1 -1 -1 79 85  0 -1 73 88 89 -1 -1 -1 -1 61 38 55
 95 -1 93 39 -1 57 -1 86 -1 78 -1 60 -1 66 48 -1 -1 -1 -1 92 -1 79 27 38
 -1 52 -1 -1 91 -1 -1 -1 93 45 -1 45 93 76 69 25 83 -1 22  8 84 -1 71 94
 98 93 13 81 -1 36 -1 87 50 62 21  5 93 49 65  4 -1 49  8  0 -1 17 -1 42
 55 27 -1 -1]
[0 0 1 0 1 0 1 1 1 1 1 1 1 1 0 1 0 0 1 1 0 1 0 1 1 0 0 1 1 1 0 1 0 0 1 1 1
 1 1 1 1 1 1 0 0 1 0 0 1 0 1 1 0 0 0 0 0 1 1 1 0 0 1 1 0 0 1 0 1 1 1 0 1 0
 1 0 0 1 0 1 0 0 1 0 0 1 1 1 1 0 0 0 0 0 0 0 1 1 1 1]
[0 1 4 0 0 0 2 0 2 2 0 2 0 0 3 1 0 3 1 0 1 0 4 2 1 2 0 0 0 0 0 0 0 0 1 0 0
 0 0 2 1 0 0 2 0 0 0 0 0 0 2 3 2 2 3 0 0 0 3 0 0 4 0 0 0 4 0 0 1 3 3 0 0 0
 1 2 0 2 0 0 0 4 0 0 3 0 0 4 0 0 4 0 0 4 0 1 4 2 2 0]
[0 1 4 0 0 0 2 0 2 2 0 2 0 0 3 1 0 3 1 0 1 0 4 2 1 2 0 0 0 0 0 0 0 0 1 0 0
 0 0 2 1 0 0 2 0 0 0 0 0 0 2 3 2 2 3 0 0 0 3 0 0 4 0 0 0 4 0 0 1 3 3 0 0 0
 1 2 0 2 0 0 0 4 0 0 3 0 0 4 0 0 4 0 0 4 0 1 4 2 2 0]
[6 4 5 8 5 9 2 1 2 5 4 8 1 8 8 8 8 8 6 9 9 1 1 8 1 9 4 9 2 8 2 4 7 7 7 4 6
 8 1 2 6 4 5 9 1 9 9 6 2 9 4 3 5 2 3 9 2 5 8 8 8 2 5 3 2 3 7 1 7 7 5 1 3 8
 8 2 5 4 7 9 2 1 9 3 4 3 1 1 2 7 8 7 2 9 4 6 4 6 5 9]
[6 4 5 8 5 9 2 1 2 5 4 8 1 8 8 8 8 8 6 9 9 1 1 8 1 9 4 9 2 8 2 4 7 7 7 4 6
 8 1 2 6 4 5 9 1 9 9 6 2 9 4 3 5 2 3 9 2 5 8 8 8 2 5 3 2 3 7 1 7 7 5 1 3 8
 8 2 5 4 7 9 2 1 9 3 4 3 1 1 2 7 8 7 2 9 4 6 4 6 5 9]
[24, 50, 50, 50, 50, 50, 23, 50, 20, 50, 39, 45, 40, 50, 50, 50, 28, 38, 50, 49, 50, 50, 50, 19, 47, 50, 11, 14, 50, 50, 48, 50, 50, 50, 50, 50, 35, 50, 46, 50, 50, 46, 22, 36, 29, 22, 39, 50, 25, 50, 50, 10, 13, 20, 50, 11, 50, 50, 50, 23, 24, 50, 50, 40, 50, 50, 32, 13, 50, 50, 35, 33, 50, 50, 50, 14, 37, 18, 50, 50, 21, 50, 50, 50, 50, 50, 50, 21, 23, 28, 50, 50, 12, 15, 50, 43, 30, 48, 41, 50]
[0 0 0 0 0 0 0 0 0 0 0 0 0 0 0 0 0 0 0 0 0 0 0 0 0 0 0 0 0 0 0 0 0 0 0 0 0
 0 0 0 0 0 0 0 0 0 0 0 0 0 0 0 0 0 0 0 0 0 0 0 0 0 0 0 0 0 0 0 0 0 0 0 0 0
 0 0 0 0 0 0 0 0 0 0 0 0 0 0 0 0 0 0 0 0 0 0 0 0 0 0]
[1 1 1 1 1 1 1 1 1 1 1 1 1 1 1 1 1 1 1 1 1 1 1 1 1 1 1 1 1 1 1 1 1 1 1 1 1
 1 1 1 1 1 1 1 1 1 1 1 1 1 1 1 1 1 1 1 1 1 1 1 1 1 1 1 1 1 1 1 1 1 1 1 1 1
 1 1 1 1 1 1 1 1 1 1 1 1 1 1 1 1 1 1 1 1 1 1 1 1 1 1]
