[ 0  1  2  3  4  5  6  7  8  9 10 11 12 13 14 15 16 17 18 19 20 21 22 23
 24 25 26 27 28 29 30 31 32 33 34 35 36 37 38 39 40 41 42 43 44 45 46 47
 48 49 50 51 52 53 54 55 56 57 58 59 60 61 62 63 64 65 66 67 68 69 70 71
 72 73 74 75 76 77 78 79 80 81 82 83 84 85 86 87 88 89 90 91 92 93 94 95
 96 97 98 99]
[51 36 19 72 -1 -1 56  6 -1  0 44 56 99 -1 92 92 96 57 73 89 59 -1 42 68
 -1 -1 -1 34 60 33 -1 -1 -1 -1 -1 32 23 18 -1 90 73 58 -1 13 -1 -1  3 -1
 -1 30 72  2 73 81 -1 -1 26 99 92 -1 14 -1 55 24 -1 19 -1 -1 -1 37 48 -1
 -1 88 -1 -1 -1 44 27 61 73 -1 34 29 -1 -1 38 62 -1 21 78 -1 56 98 69 11
 -1 71 27 68]
[1 0 1 1 1 1 1 1 1 0 1 0 1 0 0 0 0 1 0 0 0 1 0 1 1 0 1 0 1 1 0 1 1 1 0 0 0
 1 0 1 1 1 0 1 0 1 1 1 0 1 0 0 1 0 0 0 0 1 0 0 0 1 0 0 1 1 1 1 1 0 1 1 0 0
 1 0 1 1 0 1 0 1 0 1 0 1 0 1 0 0 0 1 1 1 1 1 0 1 0 0]
[0 0 0 2 4 0 4 0 0 2 0 0 0 3 0 3 0 2 3 1 4 2 0 0 0 0 1 0 1 1 3 0 0 2 4 2 3
 3 0 0 0 4 0 0 2 0 2 2 0 2 3 0 1 2 0 4 1 4 4 0 0 1 2 3 3 0 4 4 0 4 0 0 0 3
 3 0 4 1 1 0 2 4 0 0 1 2 0 1 3 0 0 0 0 4 0 1 3 0 0 0]
[0 0 0 2 4 0 4 0 0 2 0 0 0 3 0 3 0 2 3 1 4 2 0 0 0 0 1 0 1 1 3 0 0 2 4 2 3
 3 0 0 0 4 0 0 2 0 2 2 0 2 3 0 1 2 0 4 1 4 4 0 0 1 2 3 3 0 4 4 0 4 0 0 0 3
 3 0 4 1 1 0 2 4 0 0 1 2 0 1 3 0 0 0 0 4 0 1 3 0 0 0]
[4 7 1 6 2 4 8 5 7 4 3 2 9 7 1 5 6 7 8 5 8 4 8 5 2 1 1 9 6 7 2 2 6 8 3 4 8
 2 9 1 7 5 3 7 8 4 9 9 2 1 5 6 1 6 6 7 3 2 4 2 7 3 1 6 2 1 3 9 2 1 2 4 6 3
 2 1 1 7 7 2 7 9 6 3 3 1 2 7 6 1 5 9 5 9 3 5 4 8 4 6]
[4 7 1 6 2 4 8 5 7 4 3 2 9 7 1 5 6 7 8 5 8 4 8 5 2 1 1 9 6 7 2 2 6 8 3 4 8
 2 9 1 7 5 3 7 8 4 9 9 2 1 5 6 1 6 6 7 3 2 4 2 7 3 1 6 2 1 3 9 2 1 2 4 6 3
 2 1 1 7 7 2 7 9 6 3 3 1 2 7 6 1 5 9 5 9 3 5 4 8 4 6]
[50, 45, 38, 50, 42, 28, 50, 14, 50, 14, 50, 49, 13, 50, 50, 50, 32, 50, 22, 50, 50, 50, 20, 50, 50, 47, 50, 50, 50, 14, 50, 50, 50, 50, 34, 13, 50, 43, 43, 11, 50, 11, 39, 46, 30, 50, 50, 48, 50, 50, 50, 41, 50, 36, 21, 42, 50, 50, 31, 50, 48, 44, 10, 16, 50, 50, 21, 24, 50, 37, 50, 50, 48, 23, 50, 50, 24, 45, 50, 50, 11, 50, 50, 50, 50, 13, 25, 31, 46, 25, 44, 10, 33, 37, 50, 50, 50, 48, 50, 20]
[0 0 0 0 0 0 0 0 0 0 0 0 0 0 0 0 0 0 0 0 0 0 0 0 0 0 0 0 0 0 0 0 0 0 0 0 0
 0 0 0 0 0 0 0 0 0 0 0 0 0 0 0 0 0 0 0 0 0 0 0 0 0 0 0 0 0 0 0 0 0 0 0 0 0
 0 0 0 0 0 0 0 0 0 0 0 0 0 0 0 0 0 0 0 0 0 0 0 0 0 0]
[1 1 1 1 1 1 1 1 1 1 1 1 1 1 1 1 1 1 1 1 1 1 1 1 1 1 1 1 1 1 1 1 1 1 1 1 1
 1 1 1 1 1 1 1 1 1 1 1 1 1 1 1 1 1 1 1 1 1 1 1 1 1 1 1 1 1 1 1 1 1 1 1 1 1
 1 1 1 1 1 1 1 1 1 1 1 1 1 1 1 1 1 1 1 1 1 1 1 1 1 1]
