[ 0  1  2  3  4  5  6  7  8  9 10 11 12 13 14 15 16 17 18 19 20 21 22 23
 24 25 26 27 28 29 30 31 32 33 34 35 36 37 38 39 40 41 42 43 44 45 46 47
 48 49 50 51 52 53 54 55 56 57 58 59 60 61 62 63 64 65 66 67 68 69 70 71
 72 73 74 75 76 77 78 79 80 81 82 83 84 85 86 87 88 89 90 91 92 93 94 95
 96 97 98 99]
[-1 58 74 -1 66 92 92 -1 -1  6 -1 75 -1 63 -1 46 64 -1 -1 -1 94 33 -1 27
 -1 -1 62 41 -1 70 42 68 28 45 -1 48 -1 -1 68 -1 -1 -1 -1 41 -1 -1 72 74
 71 16 -1 85 64 71 97 76  9 -1 -1  2 53 -1 53 25 83 -1 71 33 33 63 -1 -1
 47  7  8 -1 -1 37 -1 -1 30 55 32 51 47 33 97  6  3 32 43 -1 90 12 42 59
 -1 -1 24 84]
[0 0 0 1 1 1 0 1 1 0 1 0 1 1 1 1 0 1 0 1 1 1 0 1 1 0 0 0 0 1 1 0 0 0 0 1 1
 1 0 0 1 1 1 1 1 0 0 1 1 0 1 1 1 0 1 0 0 0 1 1 1 1 1 0 1 1 0 0 1 1 1 0 1 1
 0 1 1 1 0 1 1 1 0 0 0 1 0 1 1 0 1 1 0 1 0 0 0 0 1 1]
[0 3 3 0 0 1 0 2 0 0 0 2 3 0 0 0 0 4 2 1 2 0 0 1 0 0 2 4 1 0 2 4 0 0 4 0 4
 0 3 0 3 0 2 0 1 4 0 2 4 0 0 1 0 2 3 0 0 0 0 0 2 3 0 0 4 0 1 0 1 2 1 2 0 4
 0 4 0 0 3 2 2 3 4 4 4 3 2 0 0 2 0 2 2 2 4 0 4 2 0 0]
[0 3 3 0 0 1 0 2 0 0 0 2 3 0 0 0 0 4 2 1 2 0 0 1 0 0 2 4 1 0 2 4 0 0 4 0 4
 0 3 0 3 0 2 0 1 4 0 2 4 0 0 1 0 2 3 0 0 0 0 0 2 3 0 0 4 0 1 0 1 2 1 2 0 4
 0 4 0 0 3 2 2 3 4 4 4 3 2 0 0 2 0 2 2 2 4 0 4 2 0 0]
[8 3 7 5 7 1 8 1 5 7 2 9 6 8 5 7 3 5 1 5 3 6 1 5 7 5 8 5 2 9 6 8 6 1 5 8 1
 2 6 4 3 8 2 5 3 1 9 4 6 3 1 7 1 1 4 1 7 3 7 3 7 7 1 5 2 6 1 2 6 8 9 7 4 3
 2 1 6 9 4 3 6 9 1 1 9 2 7 1 8 2 1 9 5 8 9 4 7 2 2 2]
[8 3 7 5 7 1 8 1 5 7 2 9 6 8 5 7 3 5 1 5 3 6 1 5 7 5 8 5 2 9 6 8 6 1 5 8 1
 2 6 4 3 8 2 5 3 1 9 4 6 3 1 7 1 1 4 1 7 3 7 3 7 7 1 5 2 6 1 2 6 8 9 7 4 3
 2 1 6 9 4 3 6 9 1 1 9 2 7 1 8 2 1 9 5 8 9 4 7 2 2 2]
[50, 23, 19, 13, 50, 50, 35, 43, 25, 50, 50, 16, 21, 50, 24, 50, 10, 12, 50, 37, 50, 50, 43, 50, 50, 48, 43, 50, 48, 33, 50, 50, 50, 50, 38, 34, 50, 50, 42, 35, 40, 50, 23, 50, 45, 50, 50, 48, 50, 50, 50, 50, 44, 16, 15, 50, 11, 50, 50, 15, 50, 40, 50, 45, 25, 32, 50, 50, 50, 50, 36, 39, 18, 27, 50, 50, 50, 21, 50, 50, 50, 50, 16, 17, 50, 14, 14, 16, 50, 50, 50, 50, 50, 50, 35, 50, 48, 50, 34, 24]
[0 0 0 0 0 0 0 0 0 0 0 0 0 0 0 0 0 0 0 0 0 0 0 0 0 0 0 0 0 0 0 0 0 0 0 0 0
 0 0 0 0 0 0 0 0 0 0 0 0 0 0 0 0 0 0 0 0 0 0 0 0 0 0 0 0 0 0 0 0 0 0 0 0 0
 0 0 0 0 0 0 0 0 0 0 0 0 0 0 0 0 0 0 0 0 0 0 0 0 0 0]
[1 1 1 1 1 1 1 1 1 1 1 1 1 1 1 1 1 1 1 1 1 1 1 1 1 1 1 1 1 1 1 1 1 1 1 1 1
 1 1 1 1 1 1 1 1 1 1 1 1 1 1 1 1 1 1 1 1 1 1 1 1 1 1 1 1 1 1 1 1 1 1 1 1 1
 1 1 1 1 1 1 1 1 1 1 1 1 1 1 1 1 1 1 1 1 1 1 1 1 1 1]
