[ 0  1  2  3  4  5  6  7  8  9 10 11 12 13 14 15 16 17 18 19 20 21 22 23
 24 25 26 27 28 29 30 31 32 33 34 35 36 37 38 39 40 41 42 43 44 45 46 47
 48 49 50 51 52 53 54 55 56 57 58 59 60 61 62 63 64 65 66 67 68 69 70 71
 72 73 74 75 76 77 78 79 80 81 82 83 84 85 86 87 88 89 90 91 92 93 94 95
 96 97 98 99]
[14 98 -1 89 42 -1 13 -1 -1 81 91 -1 -1 49 -1  8 85 -1 93 -1 -1 -1 11 88
 40 -1 43 70 46 80 54  6 -1 92  0 61 23 31 65  2 22 49 80 -1 62 67 -1 -1
  2 56 23 44 88 94 -1 21  4 -1 94 67 -1 32 -1 64 19 26 78 37 -1 20 -1 89
 50  8 25 -1 -1 14 19 15 -1 -1  4 65 30 -1 64 30  2 40 60 44 -1  5  3 -1
 37 -1  0 -1]
[0 0 1 0 0 1 1 1 1 0 1 0 0 1 0 1 0 1 0 1 1 1 0 0 1 1 0 0 1 0 1 0 0 1 0 0 0
 0 1 0 0 1 1 0 1 1 1 0 0 1 1 1 0 1 1 1 0 0 0 1 0 1 1 1 1 0 1 0 1 1 0 0 0 1
 1 0 1 1 1 1 1 0 0 1 1 1 1 0 0 1 1 1 0 1 0 0 0 0 1 1]
[3 0 3 0 0 1 0 4 0 2 0 0 4 0 2 3 0 0 0 4 0 4 0 0 3 0 0 3 1 3 0 0 1 0 0 0 0
 3 0 3 4 0 0 0 3 3 0 1 3 2 1 2 0 0 0 0 1 0 4 2 0 0 0 4 0 0 1 0 0 0 0 0 0 0
 3 0 4 3 0 1 0 0 0 2 2 4 0 1 2 0 0 4 0 4 0 0 2 0 0 3]
[3 0 3 0 0 1 0 4 0 2 0 0 4 0 2 3 0 0 0 4 0 4 0 0 3 0 0 3 1 3 0 0 1 0 0 0 0
 3 0 3 4 0 0 0 3 3 0 1 3 2 1 2 0 0 0 0 1 0 4 2 0 0 0 4 0 0 1 0 0 0 0 0 0 0
 3 0 4 3 0 1 0 0 0 2 2 4 0 1 2 0 0 4 0 4 0 0 2 0 0 3]
[6 4 4 2 2 6 4 3 5 7 1 5 3 2 1 6 9 3 9 1 1 3 8 2 8 5 1 6 7 7 4 6 7 4 9 1 7
 2 3 4 8 5 6 8 6 2 9 2 3 2 9 2 8 2 3 3 6 4 1 7 5 1 8 6 2 9 1 6 3 9 2 6 2 2
 4 3 6 9 7 4 7 7 6 3 5 1 6 3 1 5 3 1 1 2 6 5 2 2 3 9]
[6 4 4 2 2 6 4 3 5 7 1 5 3 2 1 6 9 3 9 1 1 3 8 2 8 5 1 6 7 7 4 6 7 4 9 1 7
 2 3 4 8 5 6 8 6 2 9 2 3 2 9 2 8 2 3 3 6 4 1 7 5 1 8 6 2 9 1 6 3 9 2 6 2 2
 4 3 6 9 7 4 7 7 6 3 5 1 6 3 1 5 3 1 1 2 6 5 2 2 3 9]
[19, 19, 11, 24, 36, 48, 50, 25, 49, 38, 46, 50, 50, 14, 40, 50, 50, 35, 50, 43, 22, 38, 50, 34, 28, 38, 42, 47, 28, 50, 15, 50, 32, 49, 50, 45, 50, 45, 38, 50, 33, 49, 23, 48, 32, 50, 32, 50, 30, 50, 50, 37, 50, 20, 15, 50, 50, 47, 36, 43, 50, 19, 50, 50, 29, 50, 50, 50, 50, 36, 33, 50, 50, 50, 50, 50, 36, 19, 50, 19, 50, 50, 50, 36, 18, 50, 21, 44, 43, 50, 47, 39, 22, 23, 39, 50, 50, 50, 44, 40]
[0 0 0 0 0 0 0 0 0 0 0 0 0 0 0 0 0 0 0 0 0 0 0 0 0 0 0 0 0 0 0 0 0 0 0 0 0
 0 0 0 0 0 0 0 0 0 0 0 0 0 0 0 0 0 0 0 0 0 0 0 0 0 0 0 0 0 0 0 0 0 0 0 0 0
 0 0 0 0 0 0 0 0 0 0 0 0 0 0 0 0 0 0 0 0 0 0 0 0 0 0]
[1 1 1 1 1 1 1 1 1 1 1 1 1 1 1 1 1 1 1 1 1 1 1 1 1 1 1 1 1 1 1 1 1 1 1 1 1
 1 1 1 1 1 1 1 1 1 1 1 1 1 1 1 1 1 1 1 1 1 1 1 1 1 1 1 1 1 1 1 1 1 1 1 1 1
 1 1 1 1 1 1 1 1 1 1 1 1 1 1 1 1 1 1 1 1 1 1 1 1 1 1]
