[ 0  1  2  3  4  5  6  7  8  9 10 11 12 13 14 15 16 17 18 19 20 21 22 23
 24 25 26 27 28 29 30 31 32 33 34 35 36 37 38 39 40 41 42 43 44 45 46 47
 48 49 50 51 52 53 54 55 56 57 58 59 60 61 62 63 64 65 66 67 68 69 70 71
 72 73 74 75 76 77 78 79 80 81 82 83 84 85 86 87 88 89 90 91 92 93 94 95
 96 97 98 99]
[19 81 -1 91 90  9  7 69 40 54 59 66 89 57 20 -1 32  1 -1 -1 62 39 61 -1
 49 13 86 91 38 -1 69 48 39 -1 -1 -1 48 -1 -1 99 56 36 57 24 66 74 22  1
 60 73 19  3 34 18 48 -1 53 30 92 39 -1 48 48 83 -1 79 70 27 37 82 19 -1
 -1 -1 93 -1 87 -1 14 15 68 -1 45 10 83 41 38 -1 73 76 17 -1 -1 -1 -1 -1
 73 27 90 53]
[0 0 0 0 1 1 1 0 0 0 1 0 0 1 0 0 0 1 1 0 0 1 1 0 1 0 0 0 1 0 0 0 0 0 1 1 0
 0 0 0 0 0 0 1 0 1 1 0 1 1 0 0 1 0 1 1 1 1 1 0 1 0 0 1 0 1 0 0 1 1 1 1 1 0
 0 1 0 1 1 0 0 1 1 1 1 1 1 1 0 1 0 1 1 1 1 0 0 1 1 0]
[0 0 2 0 1 0 4 0 2 2 0 0 3 0 0 0 2 4 1 0 0 4 4 2 1 0 4 1 0 1 0 2 2 0 1 0 0
 0 2 3 3 0 0 4 3 3 1 0 4 0 1 3 4 0 4 0 0 0 0 4 2 4 3 0 0 4 3 4 4 0 0 3 0 0
 4 3 0 4 3 2 0 4 3 0 0 0 3 2 0 2 0 0 3 0 0 0 3 0 4 0]
[0 0 2 0 1 0 4 0 2 2 0 0 3 0 0 0 2 4 1 0 0 4 4 2 1 0 4 1 0 1 0 2 2 0 1 0 0
 0 2 3 3 0 0 4 3 3 1 0 4 0 1 3 4 0 4 0 0 0 0 4 2 4 3 0 0 4 3 4 4 0 0 3 0 0
 4 3 0 4 3 2 0 4 3 0 0 0 3 2 0 2 0 0 3 0 0 0 3 0 4 0]
[2 1 8 1 5 7 8 5 3 3 9 2 4 5 7 8 6 2 3 1 5 4 7 9 6 6 1 1 9 2 5 7 1 2 5 6 4
 7 6 7 8 6 5 9 9 2 4 1 3 7 4 9 2 2 7 4 8 6 7 8 5 6 2 4 2 2 8 1 8 2 1 9 2 5
 5 5 1 5 2 7 5 5 9 3 3 5 6 8 2 4 4 7 6 4 8 3 8 8 2 7]
[2 1 8 1 5 7 8 5 3 3 9 2 4 5 7 8 6 2 3 1 5 4 7 9 6 6 1 1 9 2 5 7 1 2 5 6 4
 7 6 7 8 6 5 9 9 2 4 1 3 7 4 9 2 2 7 4 8 6 7 8 5 6 2 4 2 2 8 1 8 2 1 9 2 5
 5 5 1 5 2 7 5 5 9 3 3 5 6 8 2 4 4 7 6 4 8 3 8 8 2 7]
[50, 50, 50, 50, 37, 16, 11, 19, 50, 24, 50, 50, 50, 17, 43, 50, 22, 36, 50, 50, 50, 50, 48, 14, 48, 32, 50, 50, 50, 24, 50, 50, 12, 50, 50, 46, 50, 50, 50, 12, 37, 11, 30, 50, 50, 50, 47, 50, 42, 50, 29, 50, 50, 50, 36, 50, 50, 32, 50, 50, 29, 39, 50, 15, 10, 26, 18, 50, 14, 50, 50, 31, 23, 50, 25, 50, 50, 50, 50, 37, 27, 15, 23, 50, 50, 50, 50, 50, 44, 50, 31, 48, 11, 13, 50, 50, 46, 50, 50, 50]
[0 0 0 0 0 0 0 0 0 0 0 0 0 0 0 0 0 0 0 0 0 0 0 0 0 0 0 0 0 0 0 0 0 0 0 0 0
 0 0 0 0 0 0 0 0 0 0 0 0 0 0 0 0 0 0 0 0 0 0 0 0 0 0 0 0 0 0 0 0 0 0 0 0 0
 0 0 0 0 0 0 0 0 0 0 0 0 0 0 0 0 0 0 0 0 0 0 0 0 0 0]
[1 1 1 1 1 1 1 1 1 1 1 1 1 1 1 1 1 1 1 1 1 1 1 1 1 1 1 1 1 1 1 1 1 1 1 1 1
 1 1 1 1 1 1 1 1 1 1 1 1 1 1 1 1 1 1 1 1 1 1 1 1 1 1 1 1 1 1 1 1 1 1 1 1 1
 1 1 1 1 1 1 1 1 1 1 1 1 1 1 1 1 1 1 1 1 1 1 1 1 1 1]
