[ 0  1  2  3  4  5  6  7  8  9 10 11 12 13 14 15 16 17 18 19 20 21 22 23
 24 25 26 27 28 29 30 31 32 33 34 35 36 37 38 39 40 41 42 43 44 45 46 47
 48 49 50 51 52 53 54 55 56 57 58 59 60 61 62 63 64 65 66 67 68 69 70 71
 72 73 74 75 76 77 78 79 80 81 82 83 84 85 86 87 88 89 90 91 92 93 94 95
 96 97 98 99]
[92 -1 87  4 84 32 -1 25  6 32 93 -1 42 -1 75 45 51 -1 -1 98 79 40 -1 11
 35 69 70 -1 83 10 -1 -1 29 81 35 61 -1  0 -1 30 -1 -1 54 86 -1 54 -1 41
 62  3 92 -1 -1 -1 -1 -1 23 -1 -1 -1 98 56 88 88 -1 47 -1 37 13 -1 20 -1
 34 55 -1 -1  8  1 -1 76 -1 -1 89 -1 -1 -1 16 68 -1 -1 93 35 -1 35 -1 26
 87  5 67 -1]
[1 0 1 1 0 0 0 0 1 0 1 1 0 0 1 1 1 0 0 0 1 1 1 0 0 0 0 1 1 1 1 0 0 0 0 1 1
 0 0 1 1 1 1 1 0 1 1 0 0 1 1 1 1 0 1 1 1 1 1 1 0 1 1 0 0 0 0 0 1 1 0 1 0 0
 1 1 1 1 1 0 0 0 1 0 1 0 1 0 1 0 1 0 1 1 0 1 1 1 0 0]
[4 0 0 0 0 4 0 0 0 1 0 0 3 3 0 0 4 3 2 1 0 0 0 3 0 3 1 3 0 0 4 0 3 4 1 2 0
 1 0 4 0 0 1 0 1 0 1 0 0 3 3 1 2 0 1 1 1 3 1 2 0 1 0 0 4 0 1 4 0 0 1 4 1 0
 2 3 2 1 1 3 2 0 1 0 1 0 0 0 0 3 1 0 3 0 0 4 2 0 0 0]
[4 0 0 0 0 4 0 0 0 1 0 0 3 3 0 0 4 3 2 1 0 0 0 3 0 3 1 3 0 0 4 0 3 4 1 2 0
 1 0 4 0 0 1 0 1 0 1 0 0 3 3 1 2 0 1 1 1 3 1 2 0 1 0 0 4 0 1 4 0 0 1 4 1 0
 2 3 2 1 1 3 2 0 1 0 1 0 0 0 0 3 1 0 3 0 0 4 2 0 0 0]
[4 4 4 9 2 4 1 7 3 1 9 3 1 6 5 1 7 5 3 4 4 6 4 6 3 8 5 3 5 4 1 1 9 4 4 5 3
 3 9 7 2 4 5 4 7 4 3 2 9 9 7 5 9 8 9 4 9 1 5 2 5 8 7 3 8 1 9 8 3 7 7 7 3 6
 2 4 5 1 8 5 3 8 3 8 8 1 2 4 5 3 6 2 2 1 3 8 6 4 4 2]
[4 4 4 9 2 4 1 7 3 1 9 3 1 6 5 1 7 5 3 4 4 6 4 6 3 8 5 3 5 4 1 1 9 4 4 5 3
 3 9 7 2 4 5 4 7 4 3 2 9 9 7 5 9 8 9 4 9 1 5 2 5 8 7 3 8 1 9 8 3 7 7 7 3 6
 2 4 5 1 8 5 3 8 3 8 8 1 2 4 5 3 6 2 2 1 3 8 6 4 4 2]
[50, 50, 50, 31, 21, 50, 44, 50, 19, 35, 50, 14, 50, 50, 50, 34, 25, 50, 23, 27, 50, 50, 50, 50, 50, 20, 24, 44, 50, 44, 33, 50, 50, 50, 50, 27, 45, 33, 45, 50, 49, 50, 16, 24, 14, 50, 50, 50, 31, 50, 50, 20, 50, 20, 50, 35, 50, 50, 13, 50, 38, 50, 17, 50, 15, 50, 50, 50, 50, 50, 23, 50, 50, 50, 13, 50, 40, 24, 50, 36, 50, 50, 26, 45, 50, 10, 33, 16, 50, 11, 26, 50, 50, 50, 25, 50, 50, 50, 42, 50]
[0 0 0 0 0 0 0 0 0 0 0 0 0 0 0 0 0 0 0 0 0 0 0 0 0 0 0 0 0 0 0 0 0 0 0 0 0
 0 0 0 0 0 0 0 0 0 0 0 0 0 0 0 0 0 0 0 0 0 0 0 0 0 0 0 0 0 0 0 0 0 0 0 0 0
 0 0 0 0 0 0 0 0 0 0 0 0 0 0 0 0 0 0 0 0 0 0 0 0 0 0]
[1 1 1 1 1 1 1 1 1 1 1 1 1 1 1 1 1 1 1 1 1 1 1 1 1 1 1 1 1 1 1 1 1 1 1 1 1
 1 1 1 1 1 1 1 1 1 1 1 1 1 1 1 1 1 1 1 1 1 1 1 1 1 1 1 1 1 1 1 1 1 1 1 1 1
 1 1 1 1 1 1 1 1 1 1 1 1 1 1 1 1 1 1 1 1 1 1 1 1 1 1]
