[ 0  1  2  3  4  5  6  7  8  9 10 11 12 13 14 15 16 17 18 19 20 21 22 23
 24 25 26 27 28 29 30 31 32 33 34 35 36 37 38 39 40 41 42 43 44 45 46 47
 48 49 50 51 52 53 54 55 56 57 58 59 60 61 62 63 64 65 66 67 68 69 70 71
 72 73 74 75 76 77 78 79 80 81 82 83 84 85 86 87 88 89 90 91 92 93 94 95
 96 97 98 99]
[62 77 92 28 98 50 50 -1 91 57 33 13 32 54 66 52 -1 24 27  2 40 70 11 26
 -1 39 74 -1 75 36 45 68 26 -1 48 -1 63 83 -1 84 -1 -1 87 62 17 -1 52 65
 98 -1  4 60 -1 -1 37 -1 74 -1 52 32  1 -1 91 -1 -1 -1 22 -1 79 46 -1 95
 -1 20 24 63 -1 47  2 73 49 -1 60 85 20  5 -1 -1 59 56 -1 -1 -1 -1 -1 -1
 57 76 47  6]
[0 0 1 0 0 1 1 1 1 1 1 1 1 0 0 0 0 1 1 0 1 1 0 1 0 0 1 1 1 1 1 1 0 1 0 0 1
 1 1 1 0 0 0 1 0 1 1 0 0 1 1 1 0 1 0 0 0 1 1 1 0 1 1 0 1 0 0 0 0 0 1 0 1 0
 1 0 0 1 1 1 1 0 0 1 1 0 0 0 1 1 0 1 0 1 0 0 0 1 1 0]
[0 1 0 1 0 0 0 2 4 3 0 0 1 2 1 0 1 2 3 0 0 0 0 0 3 1 2 1 0 0 4 3 4 3 2 0 4
 2 1 0 4 1 3 0 0 2 1 2 0 1 0 4 0 2 0 0 4 4 4 2 0 0 1 4 2 2 0 0 2 3 0 2 0 3
 3 2 0 2 0 0 3 0 2 4 0 1 4 4 0 0 4 0 2 0 3 4 4 0 0 1]
[0 1 0 1 0 0 0 2 4 3 0 0 1 2 1 0 1 2 3 0 0 0 0 0 3 1 2 1 0 0 4 3 4 3 2 0 4
 2 1 0 4 1 3 0 0 2 1 2 0 1 0 4 0 2 0 0 4 4 4 2 0 0 1 4 2 2 0 0 2 3 0 2 0 3
 3 2 0 2 0 0 3 0 2 4 0 1 4 4 0 0 4 0 2 0 3 4 4 0 0 1]
[4 8 9 5 7 1 6 5 6 7 3 8 4 3 2 1 8 4 4 9 2 2 9 9 9 8 4 2 8 7 3 2 4 3 4 3 5
 5 2 3 7 5 3 4 6 6 5 9 2 8 6 9 2 2 2 5 3 2 2 1 9 5 4 6 1 6 2 4 9 9 3 5 3 8
 6 5 4 7 9 1 1 5 4 3 8 8 3 5 4 1 5 8 5 5 8 5 1 4 4 1]
[4 8 9 5 7 1 6 5 6 7 3 8 4 3 2 1 8 4 4 9 2 2 9 9 9 8 4 2 8 7 3 2 4 3 4 3 5
 5 2 3 7 5 3 4 6 6 5 9 2 8 6 9 2 2 2 5 3 2 2 1 9 5 4 6 1 6 2 4 9 9 3 5 3 8
 6 5 4 7 9 1 1 5 4 3 8 8 3 5 4 1 5 8 5 5 8 5 1 4 4 1]
[25, 50, 30, 50, 13, 50, 50, 47, 50, 50, 50, 50, 28, 26, 50, 17, 50, 50, 18, 37, 40, 27, 50, 50, 50, 31, 39, 50, 22, 50, 20, 49, 50, 19, 50, 50, 25, 46, 50, 48, 50, 50, 11, 50, 11, 40, 29, 50, 50, 50, 34, 50, 50, 31, 50, 15, 50, 37, 50, 24, 10, 50, 34, 37, 50, 50, 33, 15, 50, 22, 50, 50, 50, 35, 50, 50, 50, 29, 33, 50, 37, 50, 50, 16, 50, 42, 50, 15, 50, 50, 27, 43, 23, 50, 50, 34, 26, 50, 50, 50]
[0 0 0 0 0 0 0 0 0 0 0 0 0 0 0 0 0 0 0 0 0 0 0 0 0 0 0 0 0 0 0 0 0 0 0 0 0
 0 0 0 0 0 0 0 0 0 0 0 0 0 0 0 0 0 0 0 0 0 0 0 0 0 0 0 0 0 0 0 0 0 0 0 0 0
 0 0 0 0 0 0 0 0 0 0 0 0 0 0 0 0 0 0 0 0 0 0 0 0 0 0]
[1 1 1 1 1 1 1 1 1 1 1 1 1 1 1 1 1 1 1 1 1 1 1 1 1 1 1 1 1 1 1 1 1 1 1 1 1
 1 1 1 1 1 1 1 1 1 1 1 1 1 1 1 1 1 1 1 1 1 1 1 1 1 1 1 1 1 1 1 1 1 1 1 1 1
 1 1 1 1 1 1 1 1 1 1 1 1 1 1 1 1 1 1 1 1 1 1 1 1 1 1]
