[ 0  1  2  3  4  5  6  7  8  9 10 11 12 13 14 15 16 17 18 19 20 21 22 23
 24 25 26 27 28 29 30 31 32 33 34 35 36 37 38 39 40 41 42 43 44 45 46 47
 48 49 50 51 52 53 54 55 56 57 58 59 60 61 62 63 64 65 66 67 68 69 70 71
 72 73 74 75 76 77 78 79 80 81 82 83 84 85 86 87 88 89 90 91 92 93 94 95
 96 97 98 99]
[89 55 14 -1 75 -1 -1 -1 -1 -1 45 -1 88 17 23  3  5 82 48 79 65 -1 56 -1
 43 72 28 -1  2 94  8 40 44 -1  8 -1 -1 -1 54 98 57 25 37 -1 21 82 12 -1
 -1 85 42 -1 -1 99 73 45 26 -1 84 -1 78 -1 -1 21 59 63 -1 -1 63 -1 15 -1
 -1 39 10 41  8 -1  2 53 60 -1 71  6 -1 -1 36 13 74 97 -1 -1 74 96 81 53
 36 80 23 69]
[0 1 1 1 1 0 1 0 0 1 1 1 0 1 0 0 0 0 1 0 0 1 1 0 1 0 1 0 1 0 0 1 1 0 0 0 1
 0 1 0 0 1 0 0 1 1 1 1 0 1 0 1 1 1 0 1 1 0 1 0 1 1 0 1 0 0 1 1 1 1 1 1 0 0
 1 0 0 1 1 1 0 1 0 1 0 0 0 0 0 1 1 1 1 0 1 1 1 0 0 0]
[0 1 0 0 0 4 0 0 0 4 2 0 2 0 0 0 4 0 0 0 0 2 0 4 0 0 0 2 0 0 0 0 4 1 0 0 3
 4 3 3 0 0 0 1 1 0 0 3 4 4 0 0 0 0 0 1 0 4 1 3 3 0 0 0 1 2 0 0 0 0 3 4 1 0
 3 0 4 1 3 2 0 4 2 0 2 2 2 3 0 0 1 0 4 0 0 1 0 0 0 0]
[0 1 0 0 0 4 0 0 0 4 2 0 2 0 0 0 4 0 0 0 0 2 0 4 0 0 0 2 0 0 0 0 4 1 0 0 3
 4 3 3 0 0 0 1 1 0 0 3 4 4 0 0 0 0 0 1 0 4 1 3 3 0 0 0 1 2 0 0 0 0 3 4 1 0
 3 0 4 1 3 2 0 4 2 0 2 2 2 3 0 0 1 0 4 0 0 1 0 0 0 0]
[3 4 9 8 8 8 9 3 5 8 9 5 6 1 5 6 6 9 5 1 6 4 8 2 1 7 2 3 1 6 3 5 2 6 1 6 1
 3 4 2 1 1 7 1 3 9 3 1 5 7 6 2 3 5 5 2 7 9 4 2 1 5 8 8 6 3 4 8 9 5 1 8 1 6
 5 4 8 8 6 5 8 9 6 8 2 5 8 9 4 1 1 2 6 5 9 2 7 5 7 8]
[3 4 9 8 8 8 9 3 5 8 9 5 6 1 5 6 6 9 5 1 6 4 8 2 1 7 2 3 1 6 3 5 2 6 1 6 1
 3 4 2 1 1 7 1 3 9 3 1 5 7 6 2 3 5 5 2 7 9 4 2 1 5 8 8 6 3 4 8 9 5 1 8 1 6
 5 4 8 8 6 5 8 9 6 8 2 5 8 9 4 1 1 2 6 5 9 2 7 5 7 8]
[34, 50, 40, 50, 50, 41, 36, 50, 12, 50, 50, 41, 50, 50, 48, 50, 43, 50, 50, 50, 50, 32, 37, 48, 50, 12, 48, 50, 19, 33, 50, 48, 50, 50, 34, 50, 50, 50, 29, 50, 50, 50, 44, 17, 33, 11, 42, 50, 11, 15, 50, 16, 50, 50, 31, 50, 50, 50, 49, 50, 50, 44, 50, 50, 49, 14, 33, 50, 50, 50, 19, 12, 50, 50, 23, 47, 37, 46, 50, 41, 47, 12, 41, 26, 28, 50, 49, 22, 47, 50, 26, 10, 11, 42, 26, 38, 39, 24, 43, 50]
[0 0 0 0 0 0 0 0 0 0 0 0 0 0 0 0 0 0 0 0 0 0 0 0 0 0 0 0 0 0 0 0 0 0 0 0 0
 0 0 0 0 0 0 0 0 0 0 0 0 0 0 0 0 0 0 0 0 0 0 0 0 0 0 0 0 0 0 0 0 0 0 0 0 0
 0 0 0 0 0 0 0 0 0 0 0 0 0 0 0 0 0 0 0 0 0 0 0 0 0 0]
[1 1 1 1 1 1 1 1 1 1 1 1 1 1 1 1 1 1 1 1 1 1 1 1 1 1 1 1 1 1 1 1 1 1 1 1 1
 1 1 1 1 1 1 1 1 1 1 1 1 1 1 1 1 1 1 1 1 1 1 1 1 1 1 1 1 1 1 1 1 1 1 1 1 1
 1 1 1 1 1 1 1 1 1 1 1 1 1 1 1 1 1 1 1 1 1 1 1 1 1 1]
