[ 0  1  2  3  4  5  6  7  8  9 10 11 12 13 14 15 16 17 18 19 20 21 22 23
 24 25 26 27 28 29 30 31 32 33 34 35 36 37 38 39 40 41 42 43 44 45 46 47
 48 49 50 51 52 53 54 55 56 57 58 59 60 61 62 63 64 65 66 67 68 69 70 71
 72 73 74 75 76 77 78 79 80 81 82 83 84 85 86 87 88 89 90 91 92 93 94 95
 96 97 98 99]
[-1 27 58 25 94 -1  7 -1 -1 19 -1 -1 -1 -1 98 92 46 19 -1 36 34 69 41 -1
 17 -1 -1 99 -1 84 76 95 86 -1  2 71 27  2 93 83  0 47 41 -1 -1 54  2 -1
 94 51 14 83 54 -1 42 39 88 43 47 63 97 18 76 -1 -1 -1 60 28  8 63 -1 -1
 90 -1 -1 -1 -1 98 -1 -1 58 34 31 82 58 -1 92 -1 78  9 79  0 -1 12 95 -1
 88 80 -1 40]
[0 0 0 1 0 1 0 1 0 0 1 1 1 1 1 0 1 1 1 0 1 0 1 0 0 1 0 0 0 1 1 0 0 0 0 1 0
 0 1 0 1 1 0 1 0 0 0 0 0 1 0 0 0 0 0 1 0 1 1 0 1 1 1 0 0 1 1 1 0 0 1 0 0 0
 0 1 1 1 1 1 1 0 1 1 1 1 0 1 1 1 0 0 1 1 1 0 0 1 0 0]
[4 0 4 0 0 2 2 0 0 0 1 1 4 2 1 0 0 4 1 1 0 3 3 0 0 0 3 0 4 0 0 1 2 4 4 2 0
 2 0 3 0 3 3 0 0 3 4 0 3 0 0 2 0 0 3 0 0 1 3 0 0 0 0 2 0 1 1 1 1 3 0 0 2 0
 0 0 3 4 3 1 3 0 3 1 0 0 0 1 1 0 3 0 1 0 0 0 0 0 1 2]
[4 0 4 0 0 2 2 0 0 0 1 1 4 2 1 0 0 4 1 1 0 3 3 0 0 0 3 0 4 0 0 1 2 4 4 2 0
 2 0 3 0 3 3 0 0 3 4 0 3 0 0 2 0 0 3 0 0 1 3 0 0 0 0 2 0 1 1 1 1 3 0 0 2 0
 0 0 3 4 3 1 3 0 3 1 0 0 0 1 1 0 3 0 1 0 0 0 0 0 1 2]
[2 7 8 9 8 5 5 2 6 6 9 8 8 9 7 7 9 6 5 6 2 2 7 7 3 7 2 1 6 3 4 8 2 2 8 5 6
 4 7 9 4 9 6 6 5 4 1 8 7 9 6 2 3 8 5 9 7 4 7 3 2 6 5 4 2 3 5 2 4 2 4 9 1 9
 9 9 1 4 5 7 5 7 3 9 8 8 2 1 1 7 6 1 7 1 8 6 3 9 6 4]
[2 7 8 9 8 5 5 2 6 6 9 8 8 9 7 7 9 6 5 6 2 2 7 7 3 7 2 1 6 3 4 8 2 2 8 5 6
 4 7 9 4 9 6 6 5 4 1 8 7 9 6 2 3 8 5 9 7 4 7 3 2 6 5 4 2 3 5 2 4 2 4 9 1 9
 9 9 1 4 5 7 5 7 3 9 8 8 2 1 1 7 6 1 7 1 8 6 3 9 6 4]
[50, 50, 46, 34, 12, 36, 19, 29, 50, 50, 28, 50, 50, 50, 50, 22, 50, 50, 50, 30, 17, 50, 50, 34, 24, 50, 40, 16, 50, 50, 50, 50, 50, 50, 48, 50, 18, 10, 50, 50, 50, 50, 50, 37, 17, 29, 50, 37, 46, 45, 18, 50, 16, 20, 34, 45, 50, 27, 50, 41, 32, 50, 14, 22, 44, 38, 50, 50, 17, 16, 22, 50, 50, 49, 37, 50, 50, 42, 49, 50, 50, 29, 50, 50, 50, 50, 27, 50, 50, 30, 36, 50, 50, 13, 29, 29, 50, 50, 50, 50]
[0 0 0 0 0 0 0 0 0 0 0 0 0 0 0 0 0 0 0 0 0 0 0 0 0 0 0 0 0 0 0 0 0 0 0 0 0
 0 0 0 0 0 0 0 0 0 0 0 0 0 0 0 0 0 0 0 0 0 0 0 0 0 0 0 0 0 0 0 0 0 0 0 0 0
 0 0 0 0 0 0 0 0 0 0 0 0 0 0 0 0 0 0 0 0 0 0 0 0 0 0]
[1 1 1 1 1 1 1 1 1 1 1 1 1 1 1 1 1 1 1 1 1 1 1 1 1 1 1 1 1 1 1 1 1 1 1 1 1
 1 1 1 1 1 1 1 1 1 1 1 1 1 1 1 1 1 1 1 1 1 1 1 1 1 1 1 1 1 1 1 1 1 1 1 1 1
 1 1 1 1 1 1 1 1 1 1 1 1 1 1 1 1 1 1 1 1 1 1 1 1 1 1]
