[ 0  1  2  3  4  5  6  7  8  9 10 11 12 13 14 15 16 17 18 19 20 21 22 23
 24 25 26 27 28 29 30 31 32 33 34 35 36 37 38 39 40 41 42 43 44 45 46 47
 48 49 50 51 52 53 54 55 56 57 58 59 60 61 62 63 64 65 66 67 68 69 70 71
 72 73 74 75 76 77 78 79 80 81 82 83 84 85 86 87 88 89 90 91 92 93 94 95
 96 97 98 99]
[77 -1 11 -1  3 -1 -1 -1 -1 17 -1 31 73 91 36  1 57 -1 91 54 59 -1 99 87
 -1 38 31  7 68 27 56 60 -1 82 35 20 -1 61  3 -1 -1 63 86 -1 57 -1 -1  4
 22 25 54 29 50 38 49 77 -1  5  0 99 21 -1 -1 -1 30 94 71 -1 -1 15 63 22
 39 -1 75 30 -1 22 -1 -1 68 -1 12 35 -1 41 -1 -1 -1 76 11 83 42 64 10 73
 24 -1 83 33]
[1 0 0 1 1 1 1 1 0 1 1 1 1 0 1 0 0 1 0 1 1 1 1 1 0 0 1 1 0 1 0 0 1 1 1 1 1
 1 0 0 0 1 1 1 0 0 1 1 0 0 1 1 1 0 1 0 0 1 1 1 0 1 1 0 1 0 1 0 1 0 1 0 1 0
 0 1 1 1 1 1 1 1 0 0 1 0 0 1 0 0 1 0 1 0 0 1 1 0 1 0]
[2 3 0 0 0 2 3 3 0 2 2 0 3 4 4 0 2 4 0 4 0 4 3 4 4 0 0 0 1 3 0 3 0 0 0 2 1
 1 4 4 0 3 0 2 0 3 2 0 4 4 0 0 0 1 0 0 2 1 0 0 0 2 2 0 0 3 0 0 2 4 0 2 0 0
 0 0 2 4 2 4 0 0 0 4 3 1 1 1 3 0 0 0 0 4 0 0 3 0 0 0]
[2 3 0 0 0 2 3 3 0 2 2 0 3 4 4 0 2 4 0 4 0 4 3 4 4 0 0 0 1 3 0 3 0 0 0 2 1
 1 4 4 0 3 0 2 0 3 2 0 4 4 0 0 0 1 0 0 2 1 0 0 0 2 2 0 0 3 0 0 2 4 0 2 0 0
 0 0 2 4 2 4 0 0 0 4 3 1 1 1 3 0 0 0 0 4 0 0 3 0 0 0]
[6 5 3 7 5 1 1 4 2 9 6 9 6 9 5 3 6 3 1 4 9 2 7 4 6 3 9 3 8 2 4 1 1 6 9 3 9
 2 3 5 9 4 1 6 2 5 9 8 2 4 6 3 9 3 8 1 3 4 5 8 2 6 3 9 1 3 2 9 9 4 4 9 3 4
 3 6 9 9 8 4 7 5 4 5 5 4 9 4 4 9 3 1 7 5 3 8 7 4 8 9]
[6 5 3 7 5 1 1 4 2 9 6 9 6 9 5 3 6 3 1 4 9 2 7 4 6 3 9 3 8 2 4 1 1 6 9 3 9
 2 3 5 9 4 1 6 2 5 9 8 2 4 6 3 9 3 8 1 3 4 5 8 2 6 3 9 1 3 2 9 9 4 4 9 3 4
 3 6 9 9 8 4 7 5 4 5 5 4 9 4 4 9 3 1 7 5 3 8 7 4 8 9]
[50, 50, 50, 49, 50, 50, 50, 47, 50, 16, 50, 50, 50, 37, 50, 50, 33, 50, 50, 24, 16, 50, 14, 38, 50, 36, 48, 18, 23, 50, 50, 33, 30, 50, 50, 50, 50, 50, 50, 50, 50, 50, 50, 50, 50, 42, 50, 50, 37, 32, 45, 50, 50, 38, 15, 50, 10, 14, 50, 50, 14, 16, 27, 50, 17, 18, 22, 13, 49, 16, 13, 50, 50, 34, 50, 50, 50, 50, 16, 30, 44, 50, 50, 50, 50, 50, 39, 25, 31, 36, 37, 34, 33, 50, 50, 19, 22, 50, 50, 50]
[0 0 0 0 0 0 0 0 0 0 0 0 0 0 0 0 0 0 0 0 0 0 0 0 0 0 0 0 0 0 0 0 0 0 0 0 0
 0 0 0 0 0 0 0 0 0 0 0 0 0 0 0 0 0 0 0 0 0 0 0 0 0 0 0 0 0 0 0 0 0 0 0 0 0
 0 0 0 0 0 0 0 0 0 0 0 0 0 0 0 0 0 0 0 0 0 0 0 0 0 0]
[1 1 1 1 1 1 1 1 1 1 1 1 1 1 1 1 1 1 1 1 1 1 1 1 1 1 1 1 1 1 1 1 1 1 1 1 1
 1 1 1 1 1 1 1 1 1 1 1 1 1 1 1 1 1 1 1 1 1 1 1 1 1 1 1 1 1 1 1 1 1 1 1 1 1
 1 1 1 1 1 1 1 1 1 1 1 1 1 1 1 1 1 1 1 1 1 1 1 1 1 1]
