[ 0  1  2  3  4  5  6  7  8  9 10 11 12 13 14 15 16 17 18 19 20 21 22 23
 24 25 26 27 28 29 30 31 32 33 34 35 36 37 38 39 40 41 42 43 44 45 46 47
 48 49 50 51 52 53 54 55 56 57 58 59 60 61 62 63 64 65 66 67 68 69 70 71
 72 73 74 75 76 77 78 79 80 81 82 83 84 85 86 87 88 89 90 91 92 93 94 95
 96 97 98 99]
[30 78 99 -1 -1 -1 16 -1 84 38 -1  1 -1 -1 -1 -1  2 53 25 -1 93 89 -1 -1
 73 28 14 28 -1 69 72 70 15 -1 23 -1 84 48 98 44 -1 74 -1 99 34 36 38 65
 65 -1 87 -1 -1 -1 -1 -1 37 63 -1 77 16 -1 73 -1 93 -1  4 -1 -1 -1 40 -1
 -1 93 99 24 12 -1 69 23 71 53 -1  5 -1 -1 14 67 31 -1 56 60 -1 89 82 -1
 64 82 -1 -1]
[0 0 0 0 0 0 0 0 0 0 1 1 1 0 0 1 1 0 0 1 0 1 0 0 1 0 1 0 0 0 0 1 1 0 1 1 1
 1 1 0 1 0 0 0 1 1 0 1 1 0 1 1 1 1 1 1 1 0 1 1 0 1 1 1 1 1 0 1 0 0 0 0 1 1
 1 0 0 1 0 1 0 1 1 1 0 1 0 0 0 0 1 0 0 0 1 0 1 0 1 1]
[3 3 0 0 0 4 3 0 0 4 0 0 0 0 0 1 0 0 1 0 1 0 2 0 2 3 4 0 0 0 3 3 0 4 0 3 1
 0 0 1 0 0 3 3 4 0 4 2 3 3 0 0 2 4 1 1 0 2 0 1 0 0 4 4 0 0 3 2 0 0 4 4 3 0
 1 0 3 0 1 3 0 0 0 4 1 1 3 3 1 4 2 0 1 1 0 0 0 4 0 0]
[3 3 0 0 0 4 3 0 0 4 0 0 0 0 0 1 0 0 1 0 1 0 2 0 2 3 4 0 0 0 3 3 0 4 0 3 1
 0 0 1 0 0 3 3 4 0 4 2 3 3 0 0 2 4 1 1 0 2 0 1 0 0 4 4 0 0 3 2 0 0 4 4 3 0
 1 0 3 0 1 3 0 0 0 4 1 1 3 3 1 4 2 0 1 1 0 0 0 4 0 0]
[7 4 5 6 5 6 1 2 1 8 6 7 8 4 2 9 7 8 8 3 8 3 7 2 3 3 1 9 3 9 5 3 9 5 7 6 6
 4 3 3 8 4 5 3 7 3 3 8 4 2 9 2 6 2 5 1 6 5 6 7 5 7 5 2 4 6 8 5 3 9 1 3 9 6
 8 4 8 1 6 8 7 3 7 6 4 4 6 8 2 1 5 5 4 8 5 1 9 6 3 7]
[7 4 5 6 5 6 1 2 1 8 6 7 8 4 2 9 7 8 8 3 8 3 7 2 3 3 1 9 3 9 5 3 9 5 7 6 6
 4 3 3 8 4 5 3 7 3 3 8 4 2 9 2 6 2 5 1 6 5 6 7 5 7 5 2 4 6 8 5 3 9 1 3 9 6
 8 4 8 1 6 8 7 3 7 6 4 4 6 8 2 1 5 5 4 8 5 1 9 6 3 7]
[50, 44, 50, 23, 50, 50, 21, 18, 20, 50, 50, 50, 50, 50, 50, 23, 50, 22, 50, 50, 50, 50, 50, 50, 49, 29, 50, 50, 27, 16, 23, 31, 50, 42, 50, 18, 24, 10, 50, 24, 15, 50, 50, 27, 18, 38, 38, 45, 31, 50, 50, 43, 16, 50, 50, 38, 50, 50, 25, 33, 50, 50, 46, 50, 24, 45, 23, 50, 29, 43, 50, 50, 24, 50, 50, 50, 32, 50, 22, 50, 50, 43, 50, 50, 17, 50, 33, 50, 50, 40, 36, 23, 44, 32, 32, 50, 33, 50, 50, 48]
[0 0 0 0 0 0 0 0 0 0 0 0 0 0 0 0 0 0 0 0 0 0 0 0 0 0 0 0 0 0 0 0 0 0 0 0 0
 0 0 0 0 0 0 0 0 0 0 0 0 0 0 0 0 0 0 0 0 0 0 0 0 0 0 0 0 0 0 0 0 0 0 0 0 0
 0 0 0 0 0 0 0 0 0 0 0 0 0 0 0 0 0 0 0 0 0 0 0 0 0 0]
[1 1 1 1 1 1 1 1 1 1 1 1 1 1 1 1 1 1 1 1 1 1 1 1 1 1 1 1 1 1 1 1 1 1 1 1 1
 1 1 1 1 1 1 1 1 1 1 1 1 1 1 1 1 1 1 1 1 1 1 1 1 1 1 1 1 1 1 1 1 1 1 1 1 1
 1 1 1 1 1 1 1 1 1 1 1 1 1 1 1 1 1 1 1 1 1 1 1 1 1 1]
