[ 0  1  2  3  4  5  6  7  8  9 10 11 12 13 14 15 16 17 18 19 20 21 22 23
 24 25 26 27 28 29 30 31 32 33 34 35 36 37 38 39 40 41 42 43 44 45 46 47
 48 49 50 51 52 53 54 55 56 57 58 59 60 61 62 63 64 65 66 67 68 69 70 71
 72 73 74 75 76 77 78 79 80 81 82 83 84 85 86 87 88 89 90 91 92 93 94 95
 96 97 98 99]
[23 44 96 74 50 -1 25 27 50 15 78 -1 54 34 -1 -1 65  9 98 30 -1 17 59 -1
 -1 90 -1 -1 44 27 45 30 38 29 67 -1 74 35 -1 71 -1 -1 -1 -1 41 66 59 -1
 -1  6 11 23 -1 -1 44 73  0 -1 93 -1 -1 45 85 88 -1 -1 -1 -1 -1 40 47 65
 93 -1 -1 30 78  4 52 11 47 80 18 -1 86 75 43 -1 -1 86 76 -1  2 -1 50 -1
 89  0 87 -1]
[1 0 1 1 1 1 0 1 1 0 0 0 0 1 0 1 1 1 0 1 1 1 1 1 1 0 0 0 0 0 0 1 0 1 0 1 1
 0 1 0 1 0 1 1 0 0 0 0 1 1 1 0 1 1 0 0 1 0 0 0 1 0 0 1 0 0 1 1 0 0 0 1 1 0
 1 0 1 1 1 1 1 1 1 0 1 0 1 1 0 1 0 1 0 0 1 1 1 1 1 1]
[4 0 0 0 1 0 0 0 1 0 1 0 1 1 0 0 0 0 0 0 4 3 0 0 1 0 3 0 4 0 0 0 0 0 2 3 2
 0 3 0 0 4 0 2 0 4 4 3 0 2 2 0 0 4 4 2 4 3 2 0 1 4 2 0 0 1 3 0 0 0 1 2 0 0
 2 2 0 4 0 3 0 3 2 0 1 0 0 0 3 2 2 3 4 0 4 0 4 0 0 3]
[4 0 0 0 1 0 0 0 1 0 1 0 1 1 0 0 0 0 0 0 4 3 0 0 1 0 3 0 4 0 0 0 0 0 2 3 2
 0 3 0 0 4 0 2 0 4 4 3 0 2 2 0 0 4 4 2 4 3 2 0 1 4 2 0 0 1 3 0 0 0 1 2 0 0
 2 2 0 4 0 3 0 3 2 0 1 0 0 0 3 2 2 3 4 0 4 0 4 0 0 3]
[6 6 6 1 9 8 8 6 5 8 3 6 5 2 7 9 7 6 6 4 6 9 5 7 6 7 4 8 5 3 1 9 7 7 2 6 1
 1 6 2 2 3 1 9 1 2 1 3 6 7 3 8 1 1 8 4 5 3 3 6 4 6 4 6 6 1 3 4 2 8 9 2 3 9
 2 9 1 9 1 4 7 7 2 8 9 2 1 9 9 9 1 9 2 9 1 7 7 6 9 2]
[6 6 6 1 9 8 8 6 5 8 3 6 5 2 7 9 7 6 6 4 6 9 5 7 6 7 4 8 5 3 1 9 7 7 2 6 1
 1 6 2 2 3 1 9 1 2 1 3 6 7 3 8 1 1 8 4 5 3 3 6 4 6 4 6 6 1 3 4 2 8 9 2 3 9
 2 9 1 9 1 4 7 7 2 8 9 2 1 9 9 9 1 9 2 9 1 7 7 6 9 2]
[17, 50, 29, 36, 50, 50, 33, 50, 45, 34, 50, 50, 50, 27, 50, 50, 33, 50, 50, 50, 50, 50, 15, 50, 11, 45, 45, 50, 50, 50, 36, 50, 50, 24, 27, 43, 46, 12, 11, 50, 18, 45, 50, 50, 50, 16, 50, 50, 18, 50, 15, 50, 50, 30, 16, 50, 50, 50, 10, 50, 48, 50, 43, 35, 16, 50, 50, 50, 50, 50, 50, 50, 34, 44, 50, 50, 33, 50, 50, 19, 50, 14, 50, 50, 10, 50, 30, 50, 29, 13, 33, 19, 50, 50, 25, 50, 50, 18, 50, 50]
[0 0 0 0 0 0 0 0 0 0 0 0 0 0 0 0 0 0 0 0 0 0 0 0 0 0 0 0 0 0 0 0 0 0 0 0 0
 0 0 0 0 0 0 0 0 0 0 0 0 0 0 0 0 0 0 0 0 0 0 0 0 0 0 0 0 0 0 0 0 0 0 0 0 0
 0 0 0 0 0 0 0 0 0 0 0 0 0 0 0 0 0 0 0 0 0 0 0 0 0 0]
[1 1 1 1 1 1 1 1 1 1 1 1 1 1 1 1 1 1 1 1 1 1 1 1 1 1 1 1 1 1 1 1 1 1 1 1 1
 1 1 1 1 1 1 1 1 1 1 1 1 1 1 1 1 1 1 1 1 1 1 1 1 1 1 1 1 1 1 1 1 1 1 1 1 1
 1 1 1 1 1 1 1 1 1 1 1 1 1 1 1 1 1 1 1 1 1 1 1 1 1 1]
