[ 0  1  2  3  4  5  6  7  8  9 10 11 12 13 14 15 16 17 18 19 20 21 22 23
 24 25 26 27 28 29 30 31 32 33 34 35 36 37 38 39 40 41 42 43 44 45 46 47
 48 49 50 51 52 53 54 55 56 57 58 59 60 61 62 63 64 65 66 67 68 69 70 71
 72 73 74 75 76 77 78 79 80 81 82 83 84 85 86 87 88 89 90 91 92 93 94 95
 96 97 98 99]
[ 3 54 12 89 76 95 -1 -1  5 -1 21 48  5 10 82  2 55 -1 79 -1  0 26 19 31
 -1 20 -1 -1 58 50 79 94 78 49 55 90 -1 60 51 99 -1 74 -1 94 76 56 58 76
 39 99 -1 28 -1 48 30 -1 -1 77 15 39 -1 88 36 -1 -1 74 29 -1 -1 78 22 -1
 24 -1 -1 45 19 70 -1 -1 -1 60 80 40 50 95 75 37 -1 -1 70 35 -1 71 -1 -1
 17 -1 38 27]
[0 1 1 1 0 1 1 1 0 0 1 1 0 1 1 0 1 1 0 1 0 1 0 1 1 1 0 1 1 1 0 0 0 0 1 1 0
 0 1 0 0 0 1 1 0 0 0 0 0 1 0 0 1 1 1 1 0 1 1 0 0 0 1 0 1 1 0 1 0 1 1 0 1 1
 0 1 0 1 1 0 0 1 1 1 1 1 1 1 1 1 0 1 0 0 0 0 0 0 1 0]
[0 3 2 4 4 0 4 0 0 0 0 2 0 1 0 4 0 0 0 1 4 0 0 0 0 4 0 2 0 2 0 4 1 0 3 0 0
 0 4 0 4 0 0 0 0 0 2 0 0 3 0 0 0 4 0 2 3 0 1 4 0 3 4 4 3 0 0 1 0 2 3 0 4 2
 0 4 4 1 3 0 4 3 1 0 0 3 0 0 0 0 2 0 0 0 0 0 4 0 3 0]
[0 3 2 4 4 0 4 0 0 0 0 2 0 1 0 4 0 0 0 1 4 0 0 0 0 4 0 2 0 2 0 4 1 0 3 0 0
 0 4 0 4 0 0 0 0 0 2 0 0 3 0 0 0 4 0 2 3 0 1 4 0 3 4 4 3 0 0 1 0 2 3 0 4 2
 0 4 4 1 3 0 4 3 1 0 0 3 0 0 0 0 2 0 0 0 0 0 4 0 3 0]
[3 1 5 4 5 6 5 6 3 2 8 8 1 9 8 8 8 9 1 2 1 6 9 9 3 1 1 2 3 8 4 3 9 6 9 4 3
 3 1 8 6 9 4 6 7 9 6 4 4 9 8 8 8 8 6 5 7 1 9 8 2 1 6 4 6 2 3 2 1 1 9 5 4 8
 2 2 5 4 1 5 4 3 6 2 2 8 9 2 2 7 1 4 1 1 5 2 9 1 2 4]
[3 1 5 4 5 6 5 6 3 2 8 8 1 9 8 8 8 9 1 2 1 6 9 9 3 1 1 2 3 8 4 3 9 6 9 4 3
 3 1 8 6 9 4 6 7 9 6 4 4 9 8 8 8 8 6 5 7 1 9 8 2 1 6 4 6 2 3 2 1 1 9 5 4 8
 2 2 5 4 1 5 4 3 6 2 2 8 9 2 2 7 1 4 1 1 5 2 9 1 2 4]
[13, 50, 50, 35, 50, 36, 15, 16, 50, 50, 20, 50, 19, 50, 29, 32, 30, 50, 50, 50, 50, 37, 27, 50, 50, 48, 18, 18, 50, 50, 26, 22, 50, 50, 17, 33, 50, 35, 40, 26, 43, 50, 50, 50, 50, 50, 50, 50, 50, 50, 50, 50, 41, 49, 25, 50, 50, 34, 50, 50, 12, 10, 38, 50, 50, 27, 50, 32, 35, 50, 27, 50, 50, 50, 44, 27, 50, 50, 50, 50, 18, 14, 18, 50, 33, 48, 50, 11, 50, 50, 50, 50, 50, 50, 43, 50, 40, 50, 25, 14]
[0 0 0 0 0 0 0 0 0 0 0 0 0 0 0 0 0 0 0 0 0 0 0 0 0 0 0 0 0 0 0 0 0 0 0 0 0
 0 0 0 0 0 0 0 0 0 0 0 0 0 0 0 0 0 0 0 0 0 0 0 0 0 0 0 0 0 0 0 0 0 0 0 0 0
 0 0 0 0 0 0 0 0 0 0 0 0 0 0 0 0 0 0 0 0 0 0 0 0 0 0]
[1 1 1 1 1 1 1 1 1 1 1 1 1 1 1 1 1 1 1 1 1 1 1 1 1 1 1 1 1 1 1 1 1 1 1 1 1
 1 1 1 1 1 1 1 1 1 1 1 1 1 1 1 1 1 1 1 1 1 1 1 1 1 1 1 1 1 1 1 1 1 1 1 1 1
 1 1 1 1 1 1 1 1 1 1 1 1 1 1 1 1 1 1 1 1 1 1 1 1 1 1]
