[ 0  1  2  3  4  5  6  7  8  9 10 11 12 13 14 15 16 17 18 19 20 21 22 23
 24 25 26 27 28 29 30 31 32 33 34 35 36 37 38 39 40 41 42 43 44 45 46 47
 48 49 50 51 52 53 54 55 56 57 58 59 60 61 62 63 64 65 66 67 68 69 70 71
 72 73 74 75 76 77 78 79 80 81 82 83 84 85 86 87 88 89 90 91 92 93 94 95
 96 97 98 99]
[-1 49 91 34  8 -1  9 -1 23 89 69 38 32 41 44 55 83 27 -1 -1 -1 -1 57 99
 98 -1 32 13 53  5 -1 49 -1 14 57 55 68 20 27  0 30 -1 81 73 73 -1  7 24
 -1 98 97 87 -1 98 -1 91 50 -1 -1 72 17 77 -1 39 -1 -1 32 72 89 19 72 -1
 -1 -1 96 48 47 58 -1 -1  1 -1 68 40 25 37 -1 14 19 75 -1 32 -1 -1 41 69
 42 35 -1 50]
[1 1 1 0 1 0 1 1 1 0 1 0 0 1 1 0 0 1 0 0 1 0 1 1 0 1 1 0 1 1 0 1 0 0 1 0 0
 0 0 0 0 1 1 0 1 1 1 1 0 1 0 1 0 1 0 1 1 1 1 0 0 1 0 0 0 0 0 0 1 1 0 1 0 0
 0 0 1 1 0 1 1 0 0 0 1 0 0 1 0 0 1 1 1 0 0 1 0 1 0 0]
[2 0 2 3 0 0 0 1 1 0 0 0 0 0 3 3 2 1 3 0 1 4 0 2 0 0 0 0 1 0 0 0 2 0 0 2 0
 0 0 4 0 0 0 0 4 1 0 0 2 2 0 1 4 3 0 3 0 0 4 3 3 0 2 0 4 1 0 0 0 0 0 0 3 0
 0 0 0 2 0 0 0 4 4 0 0 0 1 0 0 0 2 2 0 4 2 0 2 0 0 0]
[2 0 2 3 0 0 0 1 1 0 0 0 0 0 3 3 2 1 3 0 1 4 0 2 0 0 0 0 1 0 0 0 2 0 0 2 0
 0 0 4 0 0 0 0 4 1 0 0 2 2 0 1 4 3 0 3 0 0 4 3 3 0 2 0 4 1 0 0 0 0 0 0 3 0
 0 0 0 2 0 0 0 4 4 0 0 0 1 0 0 0 2 2 0 4 2 0 2 0 0 0]
[6 5 5 9 3 9 2 2 7 7 7 2 6 2 8 6 5 3 7 5 2 5 5 1 6 3 2 8 9 6 9 6 6 6 9 7 5
 4 1 4 2 9 1 4 9 4 8 7 5 2 5 1 7 6 4 1 2 9 4 1 7 2 8 1 3 8 9 7 8 1 6 1 9 2
 7 9 4 3 7 7 6 2 8 5 8 2 8 6 5 1 1 3 6 3 4 7 8 3 1 9]
[6 5 5 9 3 9 2 2 7 7 7 2 6 2 8 6 5 3 7 5 2 5 5 1 6 3 2 8 9 6 9 6 6 6 9 7 5
 4 1 4 2 9 1 4 9 4 8 7 5 2 5 1 7 6 4 1 2 9 4 1 7 2 8 1 3 8 9 7 8 1 6 1 9 2
 7 9 4 3 7 7 6 2 8 5 8 2 8 6 5 1 1 3 6 3 4 7 8 3 1 9]
[10, 50, 35, 43, 50, 50, 50, 50, 50, 40, 50, 50, 24, 50, 12, 32, 50, 23, 50, 50, 50, 17, 50, 50, 29, 38, 50, 42, 22, 33, 50, 50, 28, 50, 16, 15, 10, 32, 13, 38, 50, 21, 50, 50, 50, 50, 19, 50, 29, 50, 50, 50, 15, 30, 50, 50, 14, 47, 50, 38, 50, 48, 20, 50, 11, 50, 50, 50, 16, 50, 23, 47, 50, 50, 50, 38, 50, 50, 18, 50, 10, 50, 50, 21, 50, 50, 18, 50, 50, 50, 29, 50, 50, 50, 44, 50, 42, 50, 50, 50]
[0 0 0 0 0 0 0 0 0 0 0 0 0 0 0 0 0 0 0 0 0 0 0 0 0 0 0 0 0 0 0 0 0 0 0 0 0
 0 0 0 0 0 0 0 0 0 0 0 0 0 0 0 0 0 0 0 0 0 0 0 0 0 0 0 0 0 0 0 0 0 0 0 0 0
 0 0 0 0 0 0 0 0 0 0 0 0 0 0 0 0 0 0 0 0 0 0 0 0 0 0]
[1 1 1 1 1 1 1 1 1 1 1 1 1 1 1 1 1 1 1 1 1 1 1 1 1 1 1 1 1 1 1 1 1 1 1 1 1
 1 1 1 1 1 1 1 1 1 1 1 1 1 1 1 1 1 1 1 1 1 1 1 1 1 1 1 1 1 1 1 1 1 1 1 1 1
 1 1 1 1 1 1 1 1 1 1 1 1 1 1 1 1 1 1 1 1 1 1 1 1 1 1]
