[ 0  1  2  3  4  5  6  7  8  9 10 11 12 13 14 15 16 17 18 19 20 21 22 23
 24 25 26 27 28 29 30 31 32 33 34 35 36 37 38 39 40 41 42 43 44 45 46 47
 48 49 50 51 52 53 54 55 56 57 58 59 60 61 62 63 64 65 66 67 68 69 70 71
 72 73 74 75 76 77 78 79 80 81 82 83 84 85 86 87 88 89 90 91 92 93 94 95
 96 97 98 99]
[-1 91  5 -1 -1 49 -1 -1 67 -1 44 64 74 -1 -1 85 -1 87 -1 -1 58  4 57 56
 25 53 -1 58 -1 -1 91 -1 50 66 91 58 95 81 -1 98 -1 -1 60 53 77 85  7 16
 90 33 -1  9 62 -1 -1 74 -1 26 95 10 21 44 -1 -1 -1 70 40 87 90  1 -1 33
 -1 43 41 82 73  7 57 83 36 34 52 -1  3 32 -1  2 -1 45 -1  7 54 82 -1 -1
 -1 96 -1 -1]
[0 1 1 1 1 1 1 0 1 0 1 0 0 0 0 1 0 0 1 1 0 0 1 0 0 0 0 0 1 1 1 1 1 1 1 0 1
 0 0 1 0 0 1 0 0 0 0 1 0 0 0 1 0 1 0 1 1 0 0 1 0 1 1 0 1 0 0 1 1 0 1 0 1 0
 0 1 0 1 0 0 0 0 0 1 0 1 0 1 1 1 0 1 1 0 0 0 0 0 0 1]
[0 1 1 0 3 4 2 0 2 1 0 0 1 2 1 3 3 0 0 0 0 4 0 0 0 1 0 0 0 0 0 2 0 1 3 2 0
 0 2 3 4 1 0 3 0 2 0 0 3 0 0 0 0 2 3 0 1 0 0 2 0 0 0 0 0 4 2 0 3 0 1 3 0 0
 4 0 1 1 2 4 1 4 0 0 1 1 0 1 4 0 0 1 1 3 0 0 0 0 0 1]
[0 1 1 0 3 4 2 0 2 1 0 0 1 2 1 3 3 0 0 0 0 4 0 0 0 1 0 0 0 0 0 2 0 1 3 2 0
 0 2 3 4 1 0 3 0 2 0 0 3 0 0 0 0 2 3 0 1 0 0 2 0 0 0 0 0 4 2 0 3 0 1 3 0 0
 4 0 1 1 2 4 1 4 0 0 1 1 0 1 4 0 0 1 1 3 0 0 0 0 0 1]
[6 4 1 9 3 4 1 1 2 5 9 5 4 3 6 5 3 5 7 3 6 3 6 7 4 5 2 2 9 1 5 7 9 1 6 4 7
 2 3 8 5 2 7 9 6 6 9 6 7 8 8 3 9 7 3 3 3 1 3 1 4 3 6 7 7 3 4 2 6 2 1 2 7 4
 3 2 8 7 5 2 3 3 4 3 5 7 9 1 3 2 5 9 1 3 9 2 6 7 9 6]
[6 4 1 9 3 4 1 1 2 5 9 5 4 3 6 5 3 5 7 3 6 3 6 7 4 5 2 2 9 1 5 7 9 1 6 4 7
 2 3 8 5 2 7 9 6 6 9 6 7 8 8 3 9 7 3 3 3 1 3 1 4 3 6 7 7 3 4 2 6 2 1 2 7 4
 3 2 8 7 5 2 3 3 4 3 5 7 9 1 3 2 5 9 1 3 9 2 6 7 9 6]
[50, 50, 13, 50, 50, 50, 50, 50, 50, 50, 50, 50, 50, 50, 50, 50, 50, 50, 50, 50, 50, 50, 50, 44, 50, 50, 50, 19, 27, 28, 10, 34, 28, 50, 26, 10, 25, 50, 41, 42, 50, 50, 50, 50, 28, 33, 19, 50, 36, 50, 45, 50, 30, 50, 50, 18, 50, 50, 20, 32, 30, 50, 50, 50, 50, 35, 14, 50, 41, 21, 15, 50, 45, 50, 29, 49, 50, 34, 36, 31, 50, 14, 17, 50, 40, 50, 50, 50, 28, 12, 12, 21, 16, 50, 45, 50, 38, 50, 46, 23]
[0 0 0 0 0 0 0 0 0 0 0 0 0 0 0 0 0 0 0 0 0 0 0 0 0 0 0 0 0 0 0 0 0 0 0 0 0
 0 0 0 0 0 0 0 0 0 0 0 0 0 0 0 0 0 0 0 0 0 0 0 0 0 0 0 0 0 0 0 0 0 0 0 0 0
 0 0 0 0 0 0 0 0 0 0 0 0 0 0 0 0 0 0 0 0 0 0 0 0 0 0]
[1 1 1 1 1 1 1 1 1 1 1 1 1 1 1 1 1 1 1 1 1 1 1 1 1 1 1 1 1 1 1 1 1 1 1 1 1
 1 1 1 1 1 1 1 1 1 1 1 1 1 1 1 1 1 1 1 1 1 1 1 1 1 1 1 1 1 1 1 1 1 1 1 1 1
 1 1 1 1 1 1 1 1 1 1 1 1 1 1 1 1 1 1 1 1 1 1 1 1 1 1]
