[ 0  1  2  3  4  5  6  7  8  9 10 11 12 13 14 15 16 17 18 19 20 21 22 23
 24 25 26 27 28 29 30 31 32 33 34 35 36 37 38 39 40 41 42 43 44 45 46 47
 48 49 50 51 52 53 54 55 56 57 58 59 60 61 62 63 64 65 66 67 68 69 70 71
 72 73 74 75 76 77 78 79 80 81 82 83 84 85 86 87 88 89 90 91 92 93 94 95
 96 97 98 99]
[42 -1 -1 92 -1 44 80 50 50 -1 84 -1 -1 45 80 55 34 -1 33 67 96 75 -1 33
 -1 69 97 23  4 44 27 -1 38 70 -1 62 56 -1 93 -1 -1 59 65 37 69 51 15 12
 17 -1 -1 -1 -1 -1 -1 -1 89 89 -1 84  1 -1 76 76 34 -1 -1 -1 40 46 -1 56
 -1 36 -1 38 -1 98  4 -1 -1 -1 -1  4  9 -1 59 68 53 -1 97 -1 58 -1 -1 -1
 -1 68 72 -1]
[0 0 1 0 1 0 0 1 1 0 1 0 1 1 0 1 1 0 0 1 1 0 0 0 1 0 0 0 1 0 1 0 1 0 0 1 1
 1 1 1 0 0 1 1 1 1 1 0 1 1 1 0 0 0 1 1 0 1 0 0 0 1 1 0 0 1 0 1 1 0 0 0 1 1
 1 1 1 0 0 0 1 0 1 0 0 1 1 0 1 0 0 0 0 0 0 1 1 0 0 0]
[1 0 1 1 1 0 0 1 2 2 0 0 2 0 0 0 0 4 0 2 0 0 2 4 2 1 0 0 3 0 0 4 2 4 2 1 2
 0 4 2 4 1 1 1 1 4 1 0 3 1 3 2 2 4 0 3 3 4 0 0 3 0 1 0 0 0 0 0 2 0 0 1 0 0
 1 0 0 3 0 0 0 2 4 0 0 0 1 3 0 0 3 0 0 0 3 0 1 4 0 0]
[1 0 1 1 1 0 0 1 2 2 0 0 2 0 0 0 0 4 0 2 0 0 2 4 2 1 0 0 3 0 0 4 2 4 2 1 2
 0 4 2 4 1 1 1 1 4 1 0 3 1 3 2 2 4 0 3 3 4 0 0 3 0 1 0 0 0 0 0 2 0 0 1 0 0
 1 0 0 3 0 0 0 2 4 0 0 0 1 3 0 0 3 0 0 0 3 0 1 4 0 0]
[1 8 5 6 8 8 6 1 4 3 7 8 8 6 8 5 4 3 6 4 3 8 4 3 6 2 7 8 6 7 1 1 3 4 5 7 9
 8 5 9 9 6 1 7 7 1 6 1 8 4 8 5 7 9 1 6 3 8 3 3 9 6 1 9 4 3 9 4 7 6 3 7 1 4
 1 1 9 8 4 5 3 7 9 8 6 1 2 5 6 9 3 2 7 4 5 8 9 3 5 4]
[1 8 5 6 8 8 6 1 4 3 7 8 8 6 8 5 4 3 6 4 3 8 4 3 6 2 7 8 6 7 1 1 3 4 5 7 9
 8 5 9 9 6 1 7 7 1 6 1 8 4 8 5 7 9 1 6 3 8 3 3 9 6 1 9 4 3 9 4 7 6 3 7 1 4
 1 1 9 8 4 5 3 7 9 8 6 1 2 5 6 9 3 2 7 4 5 8 9 3 5 4]
[50, 31, 50, 50, 10, 19, 50, 31, 43, 50, 17, 33, 50, 50, 21, 50, 50, 47, 50, 50, 20, 28, 50, 50, 10, 50, 50, 50, 36, 11, 50, 27, 11, 50, 42, 50, 37, 26, 22, 10, 20, 46, 34, 31, 50, 20, 50, 23, 50, 50, 50, 34, 50, 49, 50, 50, 50, 40, 50, 50, 39, 50, 50, 13, 32, 50, 37, 50, 50, 50, 50, 47, 10, 50, 50, 24, 50, 50, 50, 10, 50, 50, 46, 50, 15, 50, 50, 29, 50, 25, 45, 50, 50, 17, 40, 50, 42, 50, 50, 50]
[0 0 0 0 0 0 0 0 0 0 0 0 0 0 0 0 0 0 0 0 0 0 0 0 0 0 0 0 0 0 0 0 0 0 0 0 0
 0 0 0 0 0 0 0 0 0 0 0 0 0 0 0 0 0 0 0 0 0 0 0 0 0 0 0 0 0 0 0 0 0 0 0 0 0
 0 0 0 0 0 0 0 0 0 0 0 0 0 0 0 0 0 0 0 0 0 0 0 0 0 0]
[1 1 1 1 1 1 1 1 1 1 1 1 1 1 1 1 1 1 1 1 1 1 1 1 1 1 1 1 1 1 1 1 1 1 1 1 1
 1 1 1 1 1 1 1 1 1 1 1 1 1 1 1 1 1 1 1 1 1 1 1 1 1 1 1 1 1 1 1 1 1 1 1 1 1
 1 1 1 1 1 1 1 1 1 1 1 1 1 1 1 1 1 1 1 1 1 1 1 1 1 1]
