[ 0  1  2  3  4  5  6  7  8  9 10 11 12 13 14 15 16 17 18 19 20 21 22 23
 24 25 26 27 28 29 30 31 32 33 34 35 36 37 38 39 40 41 42 43 44 45 46 47
 48 49 50 51 52 53 54 55 56 57 58 59 60 61 62 63 64 65 66 67 68 69 70 71
 72 73 74 75 76 77 78 79 80 81 82 83 84 85 86 87 88 89 90 91 92 93 94 95
 96 97 98 99]
[83 -1 20 86 80 87 67 83 39 48 47 28 47 80 17 68 83 -1 39 48 96 76 -1 49
 88 32 -1 -1  1 81 -1 84 66  3  9  0 -1 58 49 -1 71 37 15 15 79 -1 -1 82
 -1 -1 13 -1 44 10 -1 70 81 -1 95 55 68 37  0 -1 82 85 13 66 -1 86 34 99
 76 -1 -1 88 44 -1 91 93 -1 38 83 -1 -1 -1 -1 -1 68 68 39 33  0  5 10 53
 -1  0 -1 49]
[0 1 1 0 0 0 0 1 0 1 0 1 1 0 0 0 0 0 1 1 1 1 0 0 1 0 0 1 0 1 1 0 0 0 1 1 1
 1 0 0 1 0 1 1 0 1 1 0 1 1 0 0 1 0 0 0 0 1 0 0 1 1 1 0 0 0 1 1 0 1 0 0 1 1
 0 0 0 1 1 0 1 1 1 1 0 0 1 0 0 1 0 1 0 1 0 1 0 1 1 1]
[1 3 4 0 0 0 0 1 4 2 0 3 3 0 0 0 3 0 0 0 0 3 1 0 3 2 2 0 1 0 3 3 0 3 0 1 0
 0 0 0 0 1 4 0 2 2 0 0 0 0 0 0 2 4 0 0 4 3 1 3 0 4 0 4 4 1 0 0 2 0 0 3 0 0
 3 0 0 4 0 0 2 4 1 0 3 0 0 1 4 0 1 0 1 0 0 0 3 0 0 3]
[1 3 4 0 0 0 0 1 4 2 0 3 3 0 0 0 3 0 0 0 0 3 1 0 3 2 2 0 1 0 3 3 0 3 0 1 0
 0 0 0 0 1 4 0 2 2 0 0 0 0 0 0 2 4 0 0 4 3 1 3 0 4 0 4 4 1 0 0 2 0 0 3 0 0
 3 0 0 4 0 0 2 4 1 0 3 0 0 1 4 0 1 0 1 0 0 0 3 0 0 3]
[8 6 8 5 6 3 5 9 5 1 9 6 8 5 4 1 9 4 4 5 1 9 9 8 3 7 6 7 2 8 3 2 7 9 9 3 4
 9 4 3 4 6 4 2 9 2 4 6 1 2 9 9 8 8 2 4 9 4 2 6 6 7 8 3 3 4 5 7 4 6 1 2 3 5
 3 1 8 9 6 4 1 2 9 4 4 2 9 1 3 8 8 7 2 7 9 2 9 8 8 9]
[8 6 8 5 6 3 5 9 5 1 9 6 8 5 4 1 9 4 4 5 1 9 9 8 3 7 6 7 2 8 3 2 7 9 9 3 4
 9 4 3 4 6 4 2 9 2 4 6 1 2 9 9 8 8 2 4 9 4 2 6 6 7 8 3 3 4 5 7 4 6 1 2 3 5
 3 1 8 9 6 4 1 2 9 4 4 2 9 1 3 8 8 7 2 7 9 2 9 8 8 9]
[37, 50, 26, 50, 48, 50, 50, 13, 50, 50, 19, 41, 50, 31, 48, 47, 50, 50, 39, 50, 33, 37, 44, 50, 45, 50, 34, 50, 31, 50, 49, 24, 19, 50, 17, 48, 50, 50, 10, 50, 50, 50, 34, 50, 48, 50, 50, 39, 23, 25, 50, 28, 50, 13, 50, 33, 39, 11, 39, 22, 50, 21, 50, 28, 47, 50, 37, 37, 36, 43, 50, 50, 25, 50, 25, 35, 50, 50, 33, 50, 50, 38, 50, 50, 24, 50, 50, 50, 32, 32, 47, 29, 50, 50, 50, 14, 42, 17, 50, 14]
[0 0 0 0 0 0 0 0 0 0 0 0 0 0 0 0 0 0 0 0 0 0 0 0 0 0 0 0 0 0 0 0 0 0 0 0 0
 0 0 0 0 0 0 0 0 0 0 0 0 0 0 0 0 0 0 0 0 0 0 0 0 0 0 0 0 0 0 0 0 0 0 0 0 0
 0 0 0 0 0 0 0 0 0 0 0 0 0 0 0 0 0 0 0 0 0 0 0 0 0 0]
[1 1 1 1 1 1 1 1 1 1 1 1 1 1 1 1 1 1 1 1 1 1 1 1 1 1 1 1 1 1 1 1 1 1 1 1 1
 1 1 1 1 1 1 1 1 1 1 1 1 1 1 1 1 1 1 1 1 1 1 1 1 1 1 1 1 1 1 1 1 1 1 1 1 1
 1 1 1 1 1 1 1 1 1 1 1 1 1 1 1 1 1 1 1 1 1 1 1 1 1 1]
