[ 0  1  2  3  4  5  6  7  8  9 10 11 12 13 14 15 16 17 18 19 20 21 22 23
 24 25 26 27 28 29 30 31 32 33 34 35 36 37 38 39 40 41 42 43 44 45 46 47
 48 49 50 51 52 53 54 55 56 57 58 59 60 61 62 63 64 65 66 67 68 69 70 71
 72 73 74 75 76 77 78 79 80 81 82 83 84 85 86 87 88 89 90 91 92 93 94 95
 96 97 98 99]
[-1 37 -1 66  7 -1 -1 86 49 30 69 -1 24 80 -1 -1 30 -1 79 80 -1 -1 52 15
 88 21 84 20 97 51  3 -1 -1 12  7 -1 -1 75 -1 42 96 64 91 -1 92 76 -1 -1
 -1 45 -1 -1 98 13 -1 16 -1 -1 74 58  4 74 54 79 -1 20 -1 -1 26 88 -1 -1
 59 27 -1  0 -1 17 -1 -1 33  9 43 17 -1 54 42 55  1 98 89 85 26 -1 92 -1
  4 -1 -1 -1]
[0 0 0 1 1 0 0 0 0 0 0 1 1 1 0 1 1 1 1 1 1 1 1 0 0 1 1 0 1 0 0 0 0 0 1 1 1
 1 1 0 0 1 0 1 1 0 0 0 0 1 1 1 0 0 1 1 0 0 0 0 1 0 0 1 0 1 1 0 1 1 1 1 0 1
 1 0 1 0 1 1 1 1 1 0 0 1 0 1 0 1 0 1 0 1 0 1 0 1 1 1]
[0 0 3 2 3 3 3 0 1 1 4 0 2 4 1 0 0 1 0 4 1 0 0 0 0 4 4 0 1 0 0 3 2 0 2 4 4
 4 2 0 0 1 0 0 0 0 4 1 0 0 0 0 0 2 0 0 4 1 2 3 0 0 3 2 2 1 2 0 3 0 1 0 2 4
 1 0 3 0 1 3 3 2 0 0 4 0 0 0 1 2 0 0 2 2 0 0 0 3 0 1]
[0 0 3 2 3 3 3 0 1 1 4 0 2 4 1 0 0 1 0 4 1 0 0 0 0 4 4 0 1 0 0 3 2 0 2 4 4
 4 2 0 0 1 0 0 0 0 4 1 0 0 0 0 0 2 0 0 4 1 2 3 0 0 3 2 2 1 2 0 3 0 1 0 2 4
 1 0 3 0 1 3 3 2 0 0 4 0 0 0 1 2 0 0 2 2 0 0 0 3 0 1]
[6 3 3 4 7 3 4 9 7 5 9 5 8 7 3 9 6 3 8 3 4 1 5 6 5 8 3 4 3 9 5 6 1 5 7 9 7
 3 1 4 5 8 5 2 1 2 4 9 4 2 8 9 1 1 1 8 9 7 7 2 4 9 5 6 6 7 1 7 7 9 6 7 6 7
 8 6 7 2 6 6 4 1 5 6 7 1 1 2 9 4 4 8 8 5 1 5 7 9 8 3]
[6 3 3 4 7 3 4 9 7 5 9 5 8 7 3 9 6 3 8 3 4 1 5 6 5 8 3 4 3 9 5 6 1 5 7 9 7
 3 1 4 5 8 5 2 1 2 4 9 4 2 8 9 1 1 1 8 9 7 7 2 4 9 5 6 6 7 1 7 7 9 6 7 6 7
 8 6 7 2 6 6 4 1 5 6 7 1 1 2 9 4 4 8 8 5 1 5 7 9 8 3]
[50, 50, 39, 14, 50, 50, 33, 33, 50, 20, 26, 50, 50, 46, 50, 50, 50, 50, 15, 50, 50, 44, 50, 11, 16, 34, 14, 50, 27, 45, 50, 50, 50, 50, 50, 50, 39, 50, 29, 18, 13, 20, 16, 49, 50, 19, 50, 42, 50, 14, 50, 38, 50, 50, 32, 29, 37, 32, 50, 50, 50, 50, 50, 34, 42, 45, 50, 44, 12, 17, 50, 26, 50, 44, 50, 50, 49, 50, 32, 13, 50, 50, 50, 39, 50, 50, 26, 50, 27, 50, 50, 50, 50, 50, 17, 15, 42, 42, 40, 50]
[0 0 0 0 0 0 0 0 0 0 0 0 0 0 0 0 0 0 0 0 0 0 0 0 0 0 0 0 0 0 0 0 0 0 0 0 0
 0 0 0 0 0 0 0 0 0 0 0 0 0 0 0 0 0 0 0 0 0 0 0 0 0 0 0 0 0 0 0 0 0 0 0 0 0
 0 0 0 0 0 0 0 0 0 0 0 0 0 0 0 0 0 0 0 0 0 0 0 0 0 0]
[1 1 1 1 1 1 1 1 1 1 1 1 1 1 1 1 1 1 1 1 1 1 1 1 1 1 1 1 1 1 1 1 1 1 1 1 1
 1 1 1 1 1 1 1 1 1 1 1 1 1 1 1 1 1 1 1 1 1 1 1 1 1 1 1 1 1 1 1 1 1 1 1 1 1
 1 1 1 1 1 1 1 1 1 1 1 1 1 1 1 1 1 1 1 1 1 1 1 1 1 1]
