[ 0  1  2  3  4  5  6  7  8  9 10 11 12 13 14 15 16 17 18 19 20 21 22 23
 24 25 26 27 28 29 30 31 32 33 34 35 36 37 38 39 40 41 42 43 44 45 46 47
 48 49 50 51 52 53 54 55 56 57 58 59 60 61 62 63 64 65 66 67 68 69 70 71
 72 73 74 75 76 77 78 79 80 81 82 83 84 85 86 87 88 89 90 91 92 93 94 95
 96 97 98 99]
[-1 -1 30 87 -1 -1 -1 78 29 -1 -1 56 75 -1 85 34 -1 -1 -1 -1  8 33 35 -1
 86 -1 -1 54 97 10 45 58 -1 53 -1 79 78 -1 -1 -1 -1  7 -1 -1 12 68 87 50
 89 25 -1 63 91 -1 67 21 -1 41 -1 35 72 -1 26 71 63 -1 96 -1  8 51 -1 -1
 71 -1 54 -1 -1 35 63 -1 -1 -1 97 -1 63 -1 89 -1 80 40 -1 -1 19  0 20 -1
 43 -1 24 62]
[0 0 0 1 0 1 0 0 1 1 1 0 0 1 0 1 0 1 0 1 0 0 1 0 0 1 1 0 0 1 0 0 0 0 0 0 1
 0 1 1 1 1 1 1 1 1 0 1 0 1 0 1 1 0 1 0 1 0 0 0 0 1 1 1 0 1 1 0 1 0 1 1 0 0
 0 1 0 0 1 1 1 1 1 0 0 0 0 0 1 1 0 1 0 0 1 0 1 0 1 0]
[2 0 0 0 0 1 1 4 3 1 3 2 0 0 1 3 0 4 0 4 0 1 0 4 2 4 0 0 0 0 2 0 3 0 0 0 0
 4 0 1 1 4 0 0 0 0 2 0 4 3 4 3 1 0 0 0 0 3 2 0 0 3 0 0 2 0 0 0 4 3 3 0 2 0
 4 0 0 1 2 3 0 1 0 0 0 0 2 2 0 1 1 0 0 0 0 3 0 1 0 0]
[2 0 0 0 0 1 1 4 3 1 3 2 0 0 1 3 0 4 0 4 0 1 0 4 2 4 0 0 0 0 2 0 3 0 0 0 0
 4 0 1 1 4 0 0 0 0 2 0 4 3 4 3 1 0 0 0 0 3 2 0 0 3 0 0 2 0 0 0 4 3 3 0 2 0
 4 0 0 1 2 3 0 1 0 0 0 0 2 2 0 1 1 0 0 0 0 3 0 1 0 0]
[8 6 8 8 8 6 3 2 2 4 7 1 7 7 7 6 5 2 1 8 9 5 9 7 6 7 7 1 7 8 4 8 8 1 2 6 9
 2 5 1 7 5 6 2 2 1 8 1 3 8 4 1 6 7 3 5 9 1 8 4 4 3 8 2 6 3 4 3 7 3 3 2 5 3
 7 6 5 6 9 8 4 3 9 4 5 6 7 7 2 5 4 6 4 5 3 7 8 6 3 5]
[8 6 8 8 8 6 3 2 2 4 7 1 7 7 7 6 5 2 1 8 9 5 9 7 6 7 7 1 7 8 4 8 8 1 2 6 9
 2 5 1 7 5 6 2 2 1 8 1 3 8 4 1 6 7 3 5 9 1 8 4 4 3 8 2 6 3 4 3 7 3 3 2 5 3
 7 6 5 6 9 8 4 3 9 4 5 6 7 7 2 5 4 6 4 5 3 7 8 6 3 5]
[36, 50, 19, 50, 15, 50, 50, 50, 43, 10, 23, 44, 33, 40, 50, 14, 50, 50, 50, 41, 15, 50, 13, 29, 16, 50, 50, 50, 50, 50, 42, 50, 37, 33, 50, 50, 23, 50, 50, 16, 48, 50, 50, 50, 22, 50, 50, 50, 50, 50, 13, 20, 40, 17, 50, 41, 50, 50, 45, 36, 50, 50, 50, 50, 41, 48, 46, 12, 50, 13, 10, 27, 50, 44, 23, 50, 50, 50, 27, 35, 20, 50, 37, 26, 50, 25, 50, 50, 50, 50, 17, 32, 50, 50, 50, 50, 43, 50, 50, 50]
[0 0 0 0 0 0 0 0 0 0 0 0 0 0 0 0 0 0 0 0 0 0 0 0 0 0 0 0 0 0 0 0 0 0 0 0 0
 0 0 0 0 0 0 0 0 0 0 0 0 0 0 0 0 0 0 0 0 0 0 0 0 0 0 0 0 0 0 0 0 0 0 0 0 0
 0 0 0 0 0 0 0 0 0 0 0 0 0 0 0 0 0 0 0 0 0 0 0 0 0 0]
[1 1 1 1 1 1 1 1 1 1 1 1 1 1 1 1 1 1 1 1 1 1 1 1 1 1 1 1 1 1 1 1 1 1 1 1 1
 1 1 1 1 1 1 1 1 1 1 1 1 1 1 1 1 1 1 1 1 1 1 1 1 1 1 1 1 1 1 1 1 1 1 1 1 1
 1 1 1 1 1 1 1 1 1 1 1 1 1 1 1 1 1 1 1 1 1 1 1 1 1 1]
