[ 0  1  2  3  4  5  6  7  8  9 10 11 12 13 14 15 16 17 18 19 20 21 22 23
 24 25 26 27 28 29 30 31 32 33 34 35 36 37 38 39 40 41 42 43 44 45 46 47
 48 49 50 51 52 53 54 55 56 57 58 59 60 61 62 63 64 65 66 67 68 69 70 71
 72 73 74 75 76 77 78 79 80 81 82 83 84 85 86 87 88 89 90 91 92 93 94 95
 96 97 98 99]
[28 63 20 32 -1 43 63 33 34 -1  7 -1 67 -1 -1  1 73 -1 92 -1 85 -1 -1 -1
 35 29 -1 -1 -1 70 25 15  4 56 -1 -1 -1  8 -1 -1 21 97 -1 20 24 86 -1 -1
 -1 86 14 27 84 77 -1 57  2 -1 33 96 46 40 -1 -1 59 85 27 92 77 99 -1 26
 12 68 18  1 -1 -1  7 99 92 95 -1 -1 77 42 12 73  3 73 16 20 -1 17 27 51
 -1 -1 82 76]
[0 1 0 0 1 0 0 1 1 1 0 1 1 0 0 1 0 0 0 0 0 0 0 0 1 1 0 1 0 0 0 0 0 0 0 1 0
 0 0 0 1 1 0 0 1 1 1 0 1 0 1 1 1 0 0 0 1 1 1 0 0 1 0 0 0 1 1 1 1 1 1 1 1 0
 0 0 0 0 1 1 1 0 0 0 0 0 0 1 1 1 1 1 1 1 1 1 1 0 0 0]
[0 0 4 0 0 0 3 4 4 0 0 1 0 1 0 0 3 0 4 0 0 4 2 0 2 0 0 0 0 0 0 0 0 3 0 0 1
 0 4 4 0 0 0 0 0 0 0 0 3 0 2 0 0 2 3 0 3 2 2 0 0 0 4 0 4 0 0 0 0 0 0 0 0 3
 0 0 2 0 1 0 3 4 0 3 0 0 0 0 0 0 3 3 0 0 2 0 2 2 4 4]
[0 0 4 0 0 0 3 4 4 0 0 1 0 1 0 0 3 0 4 0 0 4 2 0 2 0 0 0 0 0 0 0 0 3 0 0 1
 0 4 4 0 0 0 0 0 0 0 0 3 0 2 0 0 2 3 0 3 2 2 0 0 0 4 0 4 0 0 0 0 0 0 0 0 3
 0 0 2 0 1 0 3 4 0 3 0 0 0 0 0 0 3 3 0 0 2 0 2 2 4 4]
[3 3 8 8 6 1 2 4 2 6 7 7 9 8 4 1 3 7 5 5 4 8 4 2 7 5 7 6 5 7 1 2 3 7 3 6 7
 5 3 4 6 5 8 4 5 6 8 1 7 7 1 9 2 7 9 2 7 5 6 7 1 9 8 6 2 4 7 1 2 1 9 3 4 3
 9 9 6 4 5 3 1 8 4 1 5 8 9 1 6 6 3 4 5 8 5 2 1 9 4 1]
[3 3 8 8 6 1 2 4 2 6 7 7 9 8 4 1 3 7 5 5 4 8 4 2 7 5 7 6 5 7 1 2 3 7 3 6 7
 5 3 4 6 5 8 4 5 6 8 1 7 7 1 9 2 7 9 2 7 5 6 7 1 9 8 6 2 4 7 1 2 1 9 3 4 3
 9 9 6 4 5 3 1 8 4 1 5 8 9 1 6 6 3 4 5 8 5 2 1 9 4 1]
[28, 29, 50, 50, 41, 50, 50, 50, 50, 50, 50, 38, 42, 50, 27, 50, 19, 50, 45, 34, 50, 50, 38, 50, 50, 50, 39, 50, 18, 50, 40, 50, 37, 42, 42, 50, 50, 50, 50, 44, 11, 50, 29, 43, 13, 50, 27, 14, 46, 50, 50, 50, 50, 33, 33, 50, 18, 30, 50, 50, 31, 12, 49, 25, 35, 50, 32, 41, 26, 41, 23, 29, 44, 50, 50, 17, 46, 50, 19, 50, 50, 50, 45, 50, 14, 20, 50, 50, 50, 19, 27, 32, 19, 43, 50, 50, 49, 12, 50, 50]
[0 0 0 0 0 0 0 0 0 0 0 0 0 0 0 0 0 0 0 0 0 0 0 0 0 0 0 0 0 0 0 0 0 0 0 0 0
 0 0 0 0 0 0 0 0 0 0 0 0 0 0 0 0 0 0 0 0 0 0 0 0 0 0 0 0 0 0 0 0 0 0 0 0 0
 0 0 0 0 0 0 0 0 0 0 0 0 0 0 0 0 0 0 0 0 0 0 0 0 0 0]
[1 1 1 1 1 1 1 1 1 1 1 1 1 1 1 1 1 1 1 1 1 1 1 1 1 1 1 1 1 1 1 1 1 1 1 1 1
 1 1 1 1 1 1 1 1 1 1 1 1 1 1 1 1 1 1 1 1 1 1 1 1 1 1 1 1 1 1 1 1 1 1 1 1 1
 1 1 1 1 1 1 1 1 1 1 1 1 1 1 1 1 1 1 1 1 1 1 1 1 1 1]
