[ 0  1  2  3  4  5  6  7  8  9 10 11 12 13 14 15 16 17 18 19 20 21 22 23
 24 25 26 27 28 29 30 31 32 33 34 35 36 37 38 39 40 41 42 43 44 45 46 47
 48 49 50 51 52 53 54 55 56 57 58 59 60 61 62 63 64 65 66 67 68 69 70 71
 72 73 74 75 76 77 78 79 80 81 82 83 84 85 86 87 88 89 90 91 92 93 94 95
 96 97 98 99]
[14 -1 -1 53 -1 97 92 -1 -1 77 99 66 92 27 -1 13 72 37 80 -1 60 81 -1 -1
 78 -1 -1 61 29 -1 73 -1 35 49 20 55 -1 -1 56 11  3 13 57 64 -1  3 17  5
 -1 10 -1 46 38 56 29  7 39 -1 -1 50 91 67 -1 76 73 49 -1 38 -1 38 42 35
 11 87 34 81 62 62 -1 14 13 12 22 18 -1 29 -1 -1 -1 -1 16 99 95 -1 59 -1
 -1 13 -1 71]
[0 1 1 1 1 1 1 0 1 0 0 0 1 0 1 0 1 0 0 1 0 1 0 0 0 1 1 1 1 0 0 1 1 1 0 0 1
 1 1 1 1 0 0 1 0 1 1 0 1 0 1 1 0 1 0 1 1 0 1 0 0 0 0 0 0 0 1 1 0 1 1 0 0 1
 1 0 1 0 1 0 1 0 1 1 1 0 1 0 1 0 1 1 1 1 0 0 1 1 1 0]
[0 1 0 1 0 0 4 0 0 0 0 2 0 0 1 0 3 1 0 0 0 3 2 4 1 0 3 2 3 0 0 1 4 2 0 2 0
 0 2 0 1 0 4 1 0 0 4 2 2 3 0 0 4 2 0 0 0 0 0 0 0 0 0 2 1 3 0 0 0 0 4 0 0 0
 2 0 3 0 1 0 3 0 0 2 0 0 0 0 0 0 2 0 0 1 2 3 0 0 0 0]
[0 1 0 1 0 0 4 0 0 0 0 2 0 0 1 0 3 1 0 0 0 3 2 4 1 0 3 2 3 0 0 1 4 2 0 2 0
 0 2 0 1 0 4 1 0 0 4 2 2 3 0 0 4 2 0 0 0 0 0 0 0 0 0 2 1 3 0 0 0 0 4 0 0 0
 2 0 3 0 1 0 3 0 0 2 0 0 0 0 0 0 2 0 0 1 2 3 0 0 0 0]
[8 3 3 5 8 8 8 3 1 9 9 7 5 7 6 9 3 2 6 9 6 8 7 9 9 9 9 5 4 8 5 4 5 1 3 5 2
 7 6 8 4 2 3 4 2 9 3 3 3 9 8 5 3 1 6 9 7 9 2 9 5 5 1 8 1 8 9 6 1 7 5 2 9 2
 3 1 3 3 3 4 5 9 1 4 4 5 3 7 4 7 6 4 9 9 8 5 6 2 3 2]
[8 3 3 5 8 8 8 3 1 9 9 7 5 7 6 9 3 2 6 9 6 8 7 9 9 9 9 5 4 8 5 4 5 1 3 5 2
 7 6 8 4 2 3 4 2 9 3 3 3 9 8 5 3 1 6 9 7 9 2 9 5 5 1 8 1 8 9 6 1 7 5 2 9 2
 3 1 3 3 3 4 5 9 1 4 4 5 3 7 4 7 6 4 9 9 8 5 6 2 3 2]
[50, 50, 18, 50, 28, 35, 50, 21, 39, 15, 18, 50, 50, 25, 50, 50, 32, 47, 33, 50, 33, 30, 50, 50, 35, 50, 38, 50, 12, 50, 50, 50, 22, 50, 50, 29, 50, 49, 41, 50, 13, 50, 36, 50, 50, 26, 50, 34, 50, 14, 27, 50, 50, 50, 28, 50, 50, 50, 50, 50, 19, 39, 50, 50, 50, 50, 28, 50, 17, 50, 50, 20, 50, 14, 44, 23, 50, 50, 50, 50, 50, 29, 50, 50, 48, 16, 41, 33, 11, 50, 23, 10, 38, 50, 50, 50, 50, 19, 50, 50]
[0 0 0 0 0 0 0 0 0 0 0 0 0 0 0 0 0 0 0 0 0 0 0 0 0 0 0 0 0 0 0 0 0 0 0 0 0
 0 0 0 0 0 0 0 0 0 0 0 0 0 0 0 0 0 0 0 0 0 0 0 0 0 0 0 0 0 0 0 0 0 0 0 0 0
 0 0 0 0 0 0 0 0 0 0 0 0 0 0 0 0 0 0 0 0 0 0 0 0 0 0]
[1 1 1 1 1 1 1 1 1 1 1 1 1 1 1 1 1 1 1 1 1 1 1 1 1 1 1 1 1 1 1 1 1 1 1 1 1
 1 1 1 1 1 1 1 1 1 1 1 1 1 1 1 1 1 1 1 1 1 1 1 1 1 1 1 1 1 1 1 1 1 1 1 1 1
 1 1 1 1 1 1 1 1 1 1 1 1 1 1 1 1 1 1 1 1 1 1 1 1 1 1]
