[ 0  1  2  3  4  5  6  7  8  9 10 11 12 13 14 15 16 17 18 19 20 21 22 23
 24 25 26 27 28 29 30 31 32 33 34 35 36 37 38 39 40 41 42 43 44 45 46 47
 48 49 50 51 52 53 54 55 56 57 58 59 60 61 62 63 64 65 66 67 68 69 70 71
 72 73 74 75 76 77 78 79 80 81 82 83 84 85 86 87 88 89 90 91 92 93 94 95
 96 97 98 99]
[96 -1  5 -1 -1 -1 -1 90 70 98 -1 49 40 78 -1 43 -1 29 63 -1 -1 -1 -1 17
 -1  4 20 -1 -1 52 -1 78 98 -1 42 80 79 -1 99 -1 -1 24 22  8 -1 85 49  6
 44 15 -1 76 90 92  6 78 80 -1 -1 -1 -1  2 -1 94 -1 -1 -1 46 -1  1 50 42
 39 -1 16 11 18 66 29 -1 -1 -1 73 -1 31 -1 -1 74 -1 48 -1 -1 -1 71 -1 47
 50 -1 25 -1]
[0 1 0 1 0 0 1 0 0 1 0 0 1 1 0 1 1 0 1 1 0 0 0 0 1 1 0 0 1 0 0 1 1 0 0 1 0
 0 0 0 0 1 0 0 0 1 1 0 1 1 0 0 1 1 0 0 0 0 0 0 0 1 1 1 1 1 0 0 1 1 0 1 1 0
 0 1 0 1 0 1 1 1 0 1 1 1 1 0 0 1 0 0 0 0 0 0 0 0 0 0]
[1 3 1 0 2 4 0 4 4 4 2 2 2 0 4 1 2 0 2 3 0 0 0 0 0 2 2 4 2 4 2 0 0 0 1 2 3
 0 0 0 4 0 0 0 0 0 0 0 0 0 3 0 2 1 0 0 0 1 0 0 0 0 0 4 0 2 0 0 1 3 0 1 0 1
 3 4 3 0 0 0 1 4 0 0 1 0 0 0 4 4 0 1 2 2 0 1 3 2 0 4]
[1 3 1 0 2 4 0 4 4 4 2 2 2 0 4 1 2 0 2 3 0 0 0 0 0 2 2 4 2 4 2 0 0 0 1 2 3
 0 0 0 4 0 0 0 0 0 0 0 0 0 3 0 2 1 0 0 0 1 0 0 0 0 0 4 0 2 0 0 1 3 0 1 0 1
 3 4 3 0 0 0 1 4 0 0 1 0 0 0 4 4 0 1 2 2 0 1 3 2 0 4]
[6 2 6 4 1 1 6 3 3 7 1 6 7 1 8 2 2 8 6 9 7 6 5 8 6 3 1 2 5 2 7 4 5 1 4 6 2
 4 4 9 4 9 8 7 8 1 6 4 1 2 6 2 9 7 7 9 9 9 5 6 2 1 8 2 1 3 9 1 4 9 6 3 6 2
 7 8 2 6 2 6 5 9 7 1 5 1 1 1 3 7 9 5 6 4 3 6 5 7 1 2]
[6 2 6 4 1 1 6 3 3 7 1 6 7 1 8 2 2 8 6 9 7 6 5 8 6 3 1 2 5 2 7 4 5 1 4 6 2
 4 4 9 4 9 8 7 8 1 6 4 1 2 6 2 9 7 7 9 9 9 5 6 2 1 8 2 1 3 9 1 4 9 6 3 6 2
 7 8 2 6 2 6 5 9 7 1 5 1 1 1 3 7 9 5 6 4 3 6 5 7 1 2]
[36, 50, 36, 27, 50, 50, 39, 16, 29, 50, 50, 34, 37, 34, 50, 36, 50, 50, 50, 50, 50, 50, 50, 50, 50, 24, 10, 14, 10, 48, 17, 35, 27, 50, 50, 50, 15, 50, 50, 50, 50, 50, 41, 50, 38, 50, 50, 46, 15, 50, 43, 36, 16, 26, 36, 50, 50, 12, 40, 50, 32, 13, 50, 19, 21, 50, 37, 33, 37, 50, 50, 50, 50, 15, 50, 50, 50, 50, 50, 50, 43, 29, 29, 37, 37, 50, 50, 41, 50, 50, 27, 50, 50, 29, 35, 43, 38, 32, 50, 50]
[0 0 0 0 0 0 0 0 0 0 0 0 0 0 0 0 0 0 0 0 0 0 0 0 0 0 0 0 0 0 0 0 0 0 0 0 0
 0 0 0 0 0 0 0 0 0 0 0 0 0 0 0 0 0 0 0 0 0 0 0 0 0 0 0 0 0 0 0 0 0 0 0 0 0
 0 0 0 0 0 0 0 0 0 0 0 0 0 0 0 0 0 0 0 0 0 0 0 0 0 0]
[1 1 1 1 1 1 1 1 1 1 1 1 1 1 1 1 1 1 1 1 1 1 1 1 1 1 1 1 1 1 1 1 1 1 1 1 1
 1 1 1 1 1 1 1 1 1 1 1 1 1 1 1 1 1 1 1 1 1 1 1 1 1 1 1 1 1 1 1 1 1 1 1 1 1
 1 1 1 1 1 1 1 1 1 1 1 1 1 1 1 1 1 1 1 1 1 1 1 1 1 1]
