[ 0  1  2  3  4  5  6  7  8  9 10 11 12 13 14 15 16 17 18 19 20 21 22 23
 24 25 26 27 28 29 30 31 32 33 34 35 36 37 38 39 40 41 42 43 44 45 46 47
 48 49 50 51 52 53 54 55 56 57 58 59 60 61 62 63 64 65 66 67 68 69 70 71
 72 73 74 75 76 77 78 79 80 81 82 83 84 85 86 87 88 89 90 91 92 93 94 95
 96 97 98 99]
[66  0 25 38 -1 -1 -1 28 56  5 -1 54 -1 -1 93 86 -1 -1 35 31 48 -1 89 71
 51 64 77 68 41 94 81  4 21 -1 78 -1 48 49 16 37 18 27 33 -1 -1 50 63 92
 -1 34 65 13 -1 -1 21 -1 -1  8  4 20 -1 69 -1 18 -1 -1 11 11 -1 -1 30 -1
 38 83 64 84 -1 -1 -1 92  0 43 -1 -1 68 76  1 51 87 56 27 49 69 89 -1 21
 27 74 -1 -1]
[1 0 0 0 1 1 1 1 1 0 0 0 0 0 1 0 0 1 0 0 0 0 1 1 1 0 0 0 0 1 0 0 1 1 1 1 0
 1 1 0 1 0 0 1 0 1 1 1 1 1 1 1 1 0 1 0 0 1 0 1 0 0 1 1 1 0 0 0 0 0 0 1 1 1
 0 1 1 1 1 1 0 1 1 0 0 0 1 1 1 0 0 0 1 0 0 1 1 1 1 0]
[3 0 0 1 0 3 2 0 1 0 0 0 3 2 1 0 1 4 0 0 0 0 4 1 1 0 0 4 2 0 0 0 0 2 2 1 4
 0 1 1 4 2 0 4 0 1 0 4 1 0 1 1 2 0 4 0 0 0 2 0 0 0 3 2 1 3 0 1 3 4 4 0 1 0
 0 0 0 0 1 0 0 4 1 3 4 0 3 0 0 2 1 2 0 0 0 0 3 1 2 0]
[3 0 0 1 0 3 2 0 1 0 0 0 3 2 1 0 1 4 0 0 0 0 4 1 1 0 0 4 2 0 0 0 0 2 2 1 4
 0 1 1 4 2 0 4 0 1 0 4 1 0 1 1 2 0 4 0 0 0 2 0 0 0 3 2 1 3 0 1 3 4 4 0 1 0
 0 0 0 0 1 0 0 4 1 3 4 0 3 0 0 2 1 2 0 0 0 0 3 1 2 0]
[9 8 5 8 5 5 4 9 4 8 9 7 7 7 4 1 6 7 2 3 1 8 8 4 9 4 7 3 2 6 5 4 9 2 1 9 7
 7 6 6 5 6 2 7 3 3 2 5 4 2 2 7 2 3 7 9 2 1 2 3 4 7 7 1 9 9 3 4 4 5 4 9 2 6
 1 1 7 5 1 5 5 2 8 3 9 3 4 2 3 3 9 4 2 3 4 7 8 1 8 8]
[9 8 5 8 5 5 4 9 4 8 9 7 7 7 4 1 6 7 2 3 1 8 8 4 9 4 7 3 2 6 5 4 9 2 1 9 7
 7 6 6 5 6 2 7 3 3 2 5 4 2 2 7 2 3 7 9 2 1 2 3 4 7 7 1 9 9 3 4 4 5 4 9 2 6
 1 1 7 5 1 5 5 2 8 3 9 3 4 2 3 3 9 4 2 3 4 7 8 1 8 8]
[47, 30, 27, 30, 50, 46, 50, 10, 50, 50, 50, 50, 38, 50, 16, 50, 35, 32, 46, 50, 24, 50, 50, 47, 50, 50, 50, 19, 36, 37, 50, 46, 48, 46, 50, 50, 50, 24, 43, 40, 50, 50, 38, 27, 50, 50, 50, 24, 18, 22, 27, 50, 41, 40, 50, 50, 25, 50, 11, 45, 31, 23, 24, 50, 50, 50, 28, 28, 37, 50, 46, 50, 34, 32, 35, 50, 15, 50, 43, 49, 28, 50, 50, 35, 43, 42, 30, 43, 50, 49, 50, 39, 37, 46, 42, 50, 19, 50, 11, 26]
[0 0 0 0 0 0 0 0 0 0 0 0 0 0 0 0 0 0 0 0 0 0 0 0 0 0 0 0 0 0 0 0 0 0 0 0 0
 0 0 0 0 0 0 0 0 0 0 0 0 0 0 0 0 0 0 0 0 0 0 0 0 0 0 0 0 0 0 0 0 0 0 0 0 0
 0 0 0 0 0 0 0 0 0 0 0 0 0 0 0 0 0 0 0 0 0 0 0 0 0 0]
[1 1 1 1 1 1 1 1 1 1 1 1 1 1 1 1 1 1 1 1 1 1 1 1 1 1 1 1 1 1 1 1 1 1 1 1 1
 1 1 1 1 1 1 1 1 1 1 1 1 1 1 1 1 1 1 1 1 1 1 1 1 1 1 1 1 1 1 1 1 1 1 1 1 1
 1 1 1 1 1 1 1 1 1 1 1 1 1 1 1 1 1 1 1 1 1 1 1 1 1 1]
