[ 0  1  2  3  4  5  6  7  8  9 10 11 12 13 14 15 16 17 18 19 20 21 22 23
 24 25 26 27 28 29 30 31 32 33 34 35 36 37 38 39 40 41 42 43 44 45 46 47
 48 49 50 51 52 53 54 55 56 57 58 59 60 61 62 63 64 65 66 67 68 69 70 71
 72 73 74 75 76 77 78 79 80 81 82 83 84 85 86 87 88 89 90 91 92 93 94 95
 96 97 98 99]
[38 18 75 87 -1 -1  4 99 40 37 36 66 -1 16 37 86 -1 -1 -1 31 83 98 45 89
 -1  1 71 37 -1  9 13 54 57 47  1 86 -1 30 28 23 73 -1 62 -1 84 25 95 -1
 78 -1 -1 99 29 -1 91 -1 33  9 52  3 41 87 48 -1 -1 -1 84 40 -1 -1 -1  5
 59 42 81 92 -1 -1 70  5 61 40  9 -1 86 72  6 41 35  2 -1 -1 -1 27 86 97
  9 79 -1 -1]
[0 0 1 1 0 1 0 1 0 1 0 0 1 1 1 1 1 0 1 1 1 0 0 1 1 0 1 0 0 1 1 1 1 1 0 0 0
 1 1 1 1 1 0 0 1 1 0 0 1 0 0 1 1 0 1 1 0 0 0 1 1 0 0 1 1 0 1 0 1 0 1 0 0 1
 1 0 0 0 0 0 0 1 0 0 1 0 0 1 1 1 0 0 1 0 0 0 0 1 0 1]
[0 1 4 0 0 4 2 0 0 0 2 0 4 0 0 0 0 0 2 3 0 1 1 1 0 3 3 0 0 1 0 4 2 2 1 0 0
 1 0 1 2 0 0 1 2 0 4 1 1 0 0 0 0 3 3 0 0 1 2 0 2 0 0 0 0 0 3 0 4 3 0 1 0 0
 0 4 3 1 0 0 4 2 2 1 3 4 0 3 0 3 1 0 0 4 0 0 1 1 0 0]
[0 1 4 0 0 4 2 0 0 0 2 0 4 0 0 0 0 0 2 3 0 1 1 1 0 3 3 0 0 1 0 4 2 2 1 0 0
 1 0 1 2 0 0 1 2 0 4 1 1 0 0 0 0 3 3 0 0 1 2 0 2 0 0 0 0 0 3 0 4 3 0 1 0 0
 0 4 3 1 0 0 4 2 2 1 3 4 0 3 0 3 1 0 0 4 0 0 1 1 0 0]
[4 1 8 2 7 3 9 6 5 2 2 9 9 6 6 7 3 8 3 6 6 9 7 2 2 1 2 8 6 8 1 9 9 3 3 8 5
 7 4 4 8 8 8 1 8 7 4 7 9 7 1 5 9 2 5 3 1 7 3 1 4 2 4 4 4 9 7 1 7 1 4 3 8 1
 8 1 4 9 3 3 1 5 2 7 6 6 5 2 3 7 9 8 2 7 4 8 7 8 6 4]
[4 1 8 2 7 3 9 6 5 2 2 9 9 6 6 7 3 8 3 6 6 9 7 2 2 1 2 8 6 8 1 9 9 3 3 8 5
 7 4 4 8 8 8 1 8 7 4 7 9 7 1 5 9 2 5 3 1 7 3 1 4 2 4 4 4 9 7 1 7 1 4 3 8 1
 8 1 4 9 3 3 1 5 2 7 6 6 5 2 3 7 9 8 2 7 4 8 7 8 6 4]
[50, 50, 50, 50, 17, 50, 31, 50, 50, 11, 31, 16, 50, 50, 50, 46, 50, 50, 50, 50, 50, 13, 16, 50, 18, 15, 50, 16, 50, 24, 34, 11, 38, 22, 50, 39, 50, 44, 31, 50, 50, 36, 32, 50, 45, 22, 50, 25, 17, 11, 50, 24, 50, 50, 11, 50, 50, 50, 50, 45, 10, 50, 50, 50, 12, 50, 50, 50, 50, 14, 50, 50, 50, 50, 50, 50, 30, 50, 42, 50, 50, 15, 35, 40, 47, 19, 50, 18, 50, 27, 50, 50, 50, 50, 50, 50, 50, 50, 50, 50]
[0 0 0 0 0 0 0 0 0 0 0 0 0 0 0 0 0 0 0 0 0 0 0 0 0 0 0 0 0 0 0 0 0 0 0 0 0
 0 0 0 0 0 0 0 0 0 0 0 0 0 0 0 0 0 0 0 0 0 0 0 0 0 0 0 0 0 0 0 0 0 0 0 0 0
 0 0 0 0 0 0 0 0 0 0 0 0 0 0 0 0 0 0 0 0 0 0 0 0 0 0]
[1 1 1 1 1 1 1 1 1 1 1 1 1 1 1 1 1 1 1 1 1 1 1 1 1 1 1 1 1 1 1 1 1 1 1 1 1
 1 1 1 1 1 1 1 1 1 1 1 1 1 1 1 1 1 1 1 1 1 1 1 1 1 1 1 1 1 1 1 1 1 1 1 1 1
 1 1 1 1 1 1 1 1 1 1 1 1 1 1 1 1 1 1 1 1 1 1 1 1 1 1]
