[ 0  1  2  3  4  5  6  7  8  9 10 11 12 13 14 15 16 17 18 19 20 21 22 23
 24 25 26 27 28 29 30 31 32 33 34 35 36 37 38 39 40 41 42 43 44 45 46 47
 48 49 50 51 52 53 54 55 56 57 58 59 60 61 62 63 64 65 66 67 68 69 70 71
 72 73 74 75 76 77 78 79 80 81 82 83 84 85 86 87 88 89 90 91 92 93 94 95
 96 97 98 99]
[77 -1 10 81 -1 -1 -1 -1 90 21 -1 60 37 -1 92 34 85 57 -1 -1 -1 89 19 49
 54 44 -1 79 17  5 21 28 40 -1 80 -1 26 57 -1 -1 -1 99 -1 -1 -1 -1 74  2
 64 33  4 64 21  1 62 50 24 49 10 53 38 38 83 61 89 -1 97 80 -1 -1 -1 80
 -1 55 53 51 -1 98 18  0 41 80 65  7 66 59 92 -1 54 25 47 77 -1 -1 43 17
 87 -1 -1 -1]
[1 1 0 0 1 1 1 1 1 0 1 0 0 1 1 1 1 1 1 0 0 0 0 0 0 0 1 1 0 0 0 0 0 1 0 0 1
 0 0 0 0 0 1 0 1 0 1 0 1 0 0 1 0 1 1 0 0 1 0 1 0 0 0 0 0 0 1 0 1 1 0 0 1 0
 1 1 0 0 1 1 0 1 1 1 0 1 1 0 1 1 0 1 1 1 1 0 0 1 1 0]
[0 0 4 4 1 3 0 0 1 3 0 0 3 3 4 0 2 0 0 2 3 0 1 3 2 0 3 0 0 3 0 1 1 0 1 2 0
 0 0 3 0 1 2 4 1 0 1 1 0 4 3 4 0 1 0 3 4 2 0 3 0 2 3 0 1 0 0 0 1 0 2 2 4 2
 0 0 4 0 0 1 4 0 4 0 1 1 4 0 4 3 4 0 0 4 0 4 0 4 0 4]
[0 0 4 4 1 3 0 0 1 3 0 0 3 3 4 0 2 0 0 2 3 0 1 3 2 0 3 0 0 3 0 1 1 0 1 2 0
 0 0 3 0 1 2 4 1 0 1 1 0 4 3 4 0 1 0 3 4 2 0 3 0 2 3 0 1 0 0 0 1 0 2 2 4 2
 0 0 4 0 0 1 4 0 4 0 1 1 4 0 4 3 4 0 0 4 0 4 0 4 0 4]
[4 3 3 5 2 5 8 1 7 7 6 2 5 6 3 3 6 9 6 4 2 1 7 4 8 3 1 3 2 8 7 7 3 7 8 3 3
 6 2 9 7 9 9 3 7 5 4 4 1 7 3 3 7 8 8 4 6 9 2 4 6 7 4 8 7 2 6 4 8 9 9 6 3 6
 2 4 8 2 8 4 4 7 5 9 1 3 2 3 7 7 4 8 1 2 2 1 2 8 4 1]
[4 3 3 5 2 5 8 1 7 7 6 2 5 6 3 3 6 9 6 4 2 1 7 4 8 3 1 3 2 8 7 7 3 7 8 3 3
 6 2 9 7 9 9 3 7 5 4 4 1 7 3 3 7 8 8 4 6 9 2 4 6 7 4 8 7 2 6 4 8 9 9 6 3 6
 2 4 8 2 8 4 4 7 5 9 1 3 2 3 7 7 4 8 1 2 2 1 2 8 4 1]
[50, 50, 44, 42, 41, 15, 50, 12, 50, 29, 18, 38, 15, 39, 50, 50, 50, 50, 15, 38, 50, 47, 48, 50, 41, 50, 50, 25, 50, 50, 50, 38, 50, 50, 44, 50, 50, 50, 50, 50, 47, 26, 12, 19, 35, 50, 26, 50, 12, 33, 50, 50, 50, 12, 40, 50, 21, 50, 12, 38, 22, 50, 50, 50, 26, 50, 50, 50, 49, 50, 50, 32, 50, 50, 50, 29, 50, 40, 44, 36, 50, 50, 37, 40, 26, 19, 50, 50, 23, 50, 50, 27, 15, 17, 30, 16, 50, 50, 50, 50]
[0 0 0 0 0 0 0 0 0 0 0 0 0 0 0 0 0 0 0 0 0 0 0 0 0 0 0 0 0 0 0 0 0 0 0 0 0
 0 0 0 0 0 0 0 0 0 0 0 0 0 0 0 0 0 0 0 0 0 0 0 0 0 0 0 0 0 0 0 0 0 0 0 0 0
 0 0 0 0 0 0 0 0 0 0 0 0 0 0 0 0 0 0 0 0 0 0 0 0 0 0]
[1 1 1 1 1 1 1 1 1 1 1 1 1 1 1 1 1 1 1 1 1 1 1 1 1 1 1 1 1 1 1 1 1 1 1 1 1
 1 1 1 1 1 1 1 1 1 1 1 1 1 1 1 1 1 1 1 1 1 1 1 1 1 1 1 1 1 1 1 1 1 1 1 1 1
 1 1 1 1 1 1 1 1 1 1 1 1 1 1 1 1 1 1 1 1 1 1 1 1 1 1]
