[ 0  1  2  3  4  5  6  7  8  9 10 11 12 13 14 15 16 17 18 19 20 21 22 23
 24 25 26 27 28 29 30 31 32 33 34 35 36 37 38 39 40 41 42 43 44 45 46 47
 48 49 50 51 52 53 54 55 56 57 58 59 60 61 62 63 64 65 66 67 68 69 70 71
 72 73 74 75 76 77 78 79 80 81 82 83 84 85 86 87 88 89 90 91 92 93 94 95
 96 97 98 99]
[-1 -1 -1 33  0 81  2 -1 82 72 65 67 -1 -1 90 18 60 18 77 96 53 55 10 98
 -1 -1  7 -1 79 52 -1 89 16 72 -1 -1 50 -1 95 42 31 12 32 65 50 -1  7 -1
 -1 48 -1 37 59 -1 89 19 95 82 73 -1 98 89 51 -1 -1 81 21 76 -1 74 34 -1
 16 12 79 15 -1 42  7 44 -1 11 -1  4 11 44 -1 17 56 -1 -1 -1 -1 68  3 82
 -1 29 69 -1]
[1 1 1 0 1 1 1 1 1 1 1 1 1 1 0 0 0 1 1 0 1 0 0 1 1 0 0 1 0 0 1 0 0 0 0 0 1
 1 0 0 1 0 1 1 0 0 0 1 1 0 0 1 0 1 0 1 1 1 1 0 1 0 1 0 1 0 0 0 1 0 0 0 1 0
 1 1 1 0 0 1 1 1 1 0 1 0 0 1 0 0 1 0 1 0 1 0 0 0 0 0]
[3 0 2 4 2 0 1 0 0 0 0 1 3 0 0 0 2 2 2 0 2 4 0 2 4 3 0 1 0 0 0 0 0 0 1 0 0
 0 1 0 3 0 0 4 1 2 0 0 0 4 0 4 2 4 2 1 4 0 4 0 0 2 0 3 4 0 0 0 1 0 2 3 0 2
 0 4 0 0 0 2 0 0 4 1 0 1 0 3 0 4 0 0 3 0 0 4 0 0 0 0]
[3 0 2 4 2 0 1 0 0 0 0 1 3 0 0 0 2 2 2 0 2 4 0 2 4 3 0 1 0 0 0 0 0 0 1 0 0
 0 1 0 3 0 0 4 1 2 0 0 0 4 0 4 2 4 2 1 4 0 4 0 0 2 0 3 4 0 0 0 1 0 2 3 0 2
 0 4 0 0 0 2 0 0 4 1 0 1 0 3 0 4 0 0 3 0 0 4 0 0 0 0]
[8 4 7 9 1 7 9 9 6 8 5 1 2 8 6 3 9 3 9 4 7 9 6 2 7 2 6 9 4 3 1 1 8 7 1 3 7
 3 4 7 4 5 2 4 4 5 6 7 1 7 8 7 7 8 2 6 2 2 5 7 8 8 1 3 1 2 2 1 3 6 2 9 1 1
 8 8 5 7 3 3 2 1 7 5 2 2 8 2 3 2 2 2 1 5 4 3 4 3 4 5]
[8 4 7 9 1 7 9 9 6 8 5 1 2 8 6 3 9 3 9 4 7 9 6 2 7 2 6 9 4 3 1 1 8 7 1 3 7
 3 4 7 4 5 2 4 4 5 6 7 1 7 8 7 7 8 2 6 2 2 5 7 8 8 1 3 1 2 2 1 3 6 2 9 1 1
 8 8 5 7 3 3 2 1 7 5 2 2 8 2 3 2 2 2 1 5 4 3 4 3 4 5]
[50, 15, 19, 30, 15, 50, 50, 33, 50, 45, 34, 14, 25, 38, 17, 50, 50, 25, 16, 46, 33, 50, 49, 33, 50, 50, 31, 37, 50, 20, 50, 15, 32, 39, 24, 37, 50, 37, 50, 50, 32, 50, 50, 16, 12, 50, 50, 50, 50, 29, 50, 38, 50, 26, 44, 50, 47, 50, 50, 50, 50, 50, 44, 50, 31, 39, 13, 50, 50, 31, 37, 50, 50, 50, 50, 48, 50, 26, 41, 46, 50, 50, 50, 32, 50, 50, 50, 36, 50, 50, 23, 33, 50, 43, 50, 15, 50, 50, 28, 31]
[0 0 0 0 0 0 0 0 0 0 0 0 0 0 0 0 0 0 0 0 0 0 0 0 0 0 0 0 0 0 0 0 0 0 0 0 0
 0 0 0 0 0 0 0 0 0 0 0 0 0 0 0 0 0 0 0 0 0 0 0 0 0 0 0 0 0 0 0 0 0 0 0 0 0
 0 0 0 0 0 0 0 0 0 0 0 0 0 0 0 0 0 0 0 0 0 0 0 0 0 0]
[1 1 1 1 1 1 1 1 1 1 1 1 1 1 1 1 1 1 1 1 1 1 1 1 1 1 1 1 1 1 1 1 1 1 1 1 1
 1 1 1 1 1 1 1 1 1 1 1 1 1 1 1 1 1 1 1 1 1 1 1 1 1 1 1 1 1 1 1 1 1 1 1 1 1
 1 1 1 1 1 1 1 1 1 1 1 1 1 1 1 1 1 1 1 1 1 1 1 1 1 1]
