[ 0  1  2  3  4  5  6  7  8  9 10 11 12 13 14 15 16 17 18 19 20 21 22 23
 24 25 26 27 28 29 30 31 32 33 34 35 36 37 38 39 40 41 42 43 44 45 46 47
 48 49 50 51 52 53 54 55 56 57 58 59 60 61 62 63 64 65 66 67 68 69 70 71
 72 73 74 75 76 77 78 79 80 81 82 83 84 85 86 87 88 89 90 91 92 93 94 95
 96 97 98 99]
[-1 56 -1 32 16 -1 -1 22 15 22 44 -1 -1 -1 -1 -1 -1 -1 24 45 49  0 71 -1
 46 10 56 80 -1 -1 -1  4  8 94 12 -1  5 -1 -1 66 56 -1 24 -1 93 -1 -1 -1
 -1 48 77 33 16 44 87 -1 -1 60 51 55 -1 -1  6 -1 69 -1 88 -1 -1 14 -1 62
 53 -1 -1 -1 63 79 -1 23 78 27 59 67 45  5 95 39 -1 -1 -1 25 36  6 68 -1
 42 55 -1 62]
[0 1 0 1 0 1 1 1 0 1 1 0 1 0 0 0 1 0 0 0 1 1 0 0 1 0 1 0 1 0 1 1 0 0 1 1 1
 0 0 1 1 0 0 1 0 1 0 0 0 0 1 0 0 1 1 1 0 1 0 1 0 1 1 1 0 0 1 1 0 1 0 0 0 0
 0 1 0 1 0 1 1 1 0 1 1 0 1 0 1 1 0 1 0 1 1 0 0 1 0 1]
[3 4 0 2 0 0 0 2 4 0 2 0 0 0 3 4 1 0 0 1 0 3 0 0 2 0 0 1 3 2 1 0 0 2 4 0 0
 0 2 0 0 1 0 0 2 0 3 4 2 4 0 1 1 0 0 2 1 0 4 0 2 0 0 4 0 2 0 0 2 0 0 3 0 1
 4 0 0 3 4 0 2 0 0 0 3 0 0 0 0 2 0 3 4 0 0 0 4 2 2 2]
[3 4 0 2 0 0 0 2 4 0 2 0 0 0 3 4 1 0 0 1 0 3 0 0 2 0 0 1 3 2 1 0 0 2 4 0 0
 0 2 0 0 1 0 0 2 0 3 4 2 4 0 1 1 0 0 2 1 0 4 0 2 0 0 4 0 2 0 0 2 0 0 3 0 1
 4 0 0 3 4 0 2 0 0 0 3 0 0 0 0 2 0 3 4 0 0 0 4 2 2 2]
[5 2 2 2 8 1 4 3 2 4 9 3 3 4 6 1 8 9 4 3 7 2 5 6 9 6 7 6 2 6 9 3 9 3 6 2 5
 5 6 9 6 2 1 4 2 8 1 8 7 6 6 7 9 4 2 3 8 1 3 8 1 2 1 6 5 6 1 2 1 2 8 9 2 4
 3 2 1 8 1 7 7 6 6 8 2 9 1 6 4 4 1 9 9 1 2 7 8 8 5 2]
[5 2 2 2 8 1 4 3 2 4 9 3 3 4 6 1 8 9 4 3 7 2 5 6 9 6 7 6 2 6 9 3 9 3 6 2 5
 5 6 9 6 2 1 4 2 8 1 8 7 6 6 7 9 4 2 3 8 1 3 8 1 2 1 6 5 6 1 2 1 2 8 9 2 4
 3 2 1 8 1 7 7 6 6 8 2 9 1 6 4 4 1 9 9 1 2 7 8 8 5 2]
[34, 50, 50, 22, 50, 22, 50, 50, 15, 35, 21, 50, 36, 50, 50, 28, 50, 50, 50, 38, 50, 50, 50, 33, 26, 49, 50, 26, 50, 41, 29, 50, 28, 50, 50, 50, 26, 32, 50, 50, 50, 50, 50, 50, 42, 50, 50, 13, 50, 50, 50, 32, 22, 50, 50, 50, 50, 24, 33, 22, 35, 50, 38, 19, 35, 50, 50, 32, 50, 34, 11, 50, 43, 23, 22, 50, 50, 50, 50, 50, 50, 50, 10, 50, 29, 24, 13, 14, 50, 46, 50, 47, 15, 37, 44, 50, 50, 34, 17, 49]
[0 0 0 0 0 0 0 0 0 0 0 0 0 0 0 0 0 0 0 0 0 0 0 0 0 0 0 0 0 0 0 0 0 0 0 0 0
 0 0 0 0 0 0 0 0 0 0 0 0 0 0 0 0 0 0 0 0 0 0 0 0 0 0 0 0 0 0 0 0 0 0 0 0 0
 0 0 0 0 0 0 0 0 0 0 0 0 0 0 0 0 0 0 0 0 0 0 0 0 0 0]
[1 1 1 1 1 1 1 1 1 1 1 1 1 1 1 1 1 1 1 1 1 1 1 1 1 1 1 1 1 1 1 1 1 1 1 1 1
 1 1 1 1 1 1 1 1 1 1 1 1 1 1 1 1 1 1 1 1 1 1 1 1 1 1 1 1 1 1 1 1 1 1 1 1 1
 1 1 1 1 1 1 1 1 1 1 1 1 1 1 1 1 1 1 1 1 1 1 1 1 1 1]
