[ 0  1  2  3  4  5  6  7  8  9 10 11 12 13 14 15 16 17 18 19 20 21 22 23
 24 25 26 27 28 29 30 31 32 33 34 35 36 37 38 39 40 41 42 43 44 45 46 47
 48 49 50 51 52 53 54 55 56 57 58 59 60 61 62 63 64 65 66 67 68 69 70 71
 72 73 74 75 76 77 78 79 80 81 82 83 84 85 86 87 88 89 90 91 92 93 94 95
 96 97 98 99]
[-1 -1 28 -1 38 49 62 58 75  6 33 51 97 16 90 55 34 72 57 -1 -1 -1 88 -1
 19 49 68  9 -1 -1 -1 48 -1 65  4 95 84 -1 72 -1 21 87 67 49 46 12 68 -1
 51 46 -1 19 94 36  4 -1 83 -1 -1 42 54 84 -1  0 19 93 -1 86 -1 68 -1 75
 64  9 48 51 -1 24 10 -1 -1 72 -1 86 86 66 25 -1 29 53 -1 83 -1 63 -1 96
 41 -1 89 -1]
[0 0 0 0 0 0 1 1 0 1 0 0 0 0 0 0 0 1 0 1 1 1 1 0 0 0 0 1 0 1 0 0 1 1 0 1 1
 0 1 0 1 1 0 0 1 0 1 0 0 1 0 0 1 1 0 1 0 0 1 0 1 0 1 0 1 0 1 1 1 0 1 0 0 1
 1 0 0 0 0 1 1 1 1 1 0 0 1 1 1 0 0 1 1 0 1 0 0 0 0 1]
[0 0 1 4 1 1 3 4 0 0 1 0 1 0 3 1 4 0 1 0 0 3 0 0 2 0 0 0 0 1 0 3 0 0 4 1 2
 0 1 2 0 0 0 1 2 3 0 0 0 0 2 1 0 0 0 3 1 4 3 0 2 2 2 1 0 0 4 4 1 2 0 0 4 2
 0 0 3 0 2 2 0 0 0 0 1 0 1 3 0 0 1 0 2 0 1 0 2 0 0 2]
[0 0 1 4 1 1 3 4 0 0 1 0 1 0 3 1 4 0 1 0 0 3 0 0 2 0 0 0 0 1 0 3 0 0 4 1 2
 0 1 2 0 0 0 1 2 3 0 0 0 0 2 1 0 0 0 3 1 4 3 0 2 2 2 1 0 0 4 4 1 2 0 0 4 2
 0 0 3 0 2 2 0 0 0 0 1 0 1 3 0 0 1 0 2 0 1 0 2 0 0 2]
[4 2 3 3 8 9 5 3 6 2 2 9 4 6 4 6 2 5 2 4 8 1 9 2 9 1 6 2 8 4 6 7 3 1 7 3 1
 5 8 9 6 8 2 5 2 2 2 4 3 3 4 8 7 6 5 4 1 1 1 1 6 1 1 8 1 2 3 7 7 2 7 6 5 3
 3 5 4 5 1 4 8 2 2 7 8 5 6 4 2 4 9 1 6 1 6 1 8 5 3 8]
[4 2 3 3 8 9 5 3 6 2 2 9 4 6 4 6 2 5 2 4 8 1 9 2 9 1 6 2 8 4 6 7 3 1 7 3 1
 5 8 9 6 8 2 5 2 2 2 4 3 3 4 8 7 6 5 4 1 1 1 1 6 1 1 8 1 2 3 7 7 2 7 6 5 3
 3 5 4 5 1 4 8 2 2 7 8 5 6 4 2 4 9 1 6 1 6 1 8 5 3 8]
[50, 50, 50, 46, 20, 22, 42, 50, 50, 14, 50, 35, 50, 45, 50, 50, 19, 25, 50, 41, 50, 50, 50, 22, 24, 45, 18, 50, 50, 50, 11, 40, 50, 50, 45, 50, 46, 20, 10, 28, 17, 50, 50, 46, 39, 47, 50, 50, 50, 31, 37, 29, 24, 50, 50, 25, 50, 50, 30, 34, 50, 50, 50, 25, 50, 46, 50, 11, 18, 48, 19, 15, 49, 50, 50, 50, 30, 50, 28, 37, 50, 38, 39, 50, 50, 50, 46, 47, 31, 43, 42, 50, 50, 50, 30, 14, 50, 31, 40, 46]
[0 0 0 0 0 0 0 0 0 0 0 0 0 0 0 0 0 0 0 0 0 0 0 0 0 0 0 0 0 0 0 0 0 0 0 0 0
 0 0 0 0 0 0 0 0 0 0 0 0 0 0 0 0 0 0 0 0 0 0 0 0 0 0 0 0 0 0 0 0 0 0 0 0 0
 0 0 0 0 0 0 0 0 0 0 0 0 0 0 0 0 0 0 0 0 0 0 0 0 0 0]
[1 1 1 1 1 1 1 1 1 1 1 1 1 1 1 1 1 1 1 1 1 1 1 1 1 1 1 1 1 1 1 1 1 1 1 1 1
 1 1 1 1 1 1 1 1 1 1 1 1 1 1 1 1 1 1 1 1 1 1 1 1 1 1 1 1 1 1 1 1 1 1 1 1 1
 1 1 1 1 1 1 1 1 1 1 1 1 1 1 1 1 1 1 1 1 1 1 1 1 1 1]
