[ 0  1  2  3  4  5  6  7  8  9 10 11 12 13 14 15 16 17 18 19 20 21 22 23
 24 25 26 27 28 29 30 31 32 33 34 35 36 37 38 39 40 41 42 43 44 45 46 47
 48 49 50 51 52 53 54 55 56 57 58 59 60 61 62 63 64 65 66 67 68 69 70 71
 72 73 74 75 76 77 78 79 80 81 82 83 84 85 86 87 88 89 90 91 92 93 94 95
 96 97 98 99]
[ 7 67 -1 -1 93 -1 -1 -1 36 -1 29 -1 33 74 81 -1 -1 77 -1 27 -1 -1 80 30
 72 -1  5 16 34 67 53  8 11 82 -1 87 20 13 94 31 25 56 43 -1 -1 63 -1 27
 36 -1 71 -1 73 -1 75 -1 15 50 40 -1 73 -1 -1 69 76 46 -1 27 65 85 34 84
  3 -1 -1 77 82 -1 32 -1 -1 47 51 58 -1 -1 -1 98 -1 41 91 -1 59 16 16 -1
 18 -1 74 -1]
[0 0 0 1 0 1 0 1 0 0 1 0 0 0 1 1 1 0 0 0 0 0 1 1 0 1 1 1 0 0 0 0 1 1 1 1 0
 1 0 0 0 0 0 0 0 0 0 1 1 0 1 1 1 1 1 0 0 1 0 1 0 1 0 1 0 0 0 1 1 0 1 0 0 0
 1 1 1 0 1 0 0 1 0 1 0 0 1 1 0 0 1 1 0 1 1 1 0 1 1 1]
[0 0 2 3 2 2 3 3 0 3 0 2 3 2 0 0 0 0 0 3 0 0 2 0 4 0 1 2 2 4 0 0 4 0 2 0 1
 0 0 3 3 2 0 4 0 0 4 3 4 0 3 3 0 0 3 2 0 0 0 0 1 1 0 0 0 2 0 2 0 0 2 3 3 3
 0 4 1 4 0 0 2 2 0 0 0 0 1 0 0 3 4 1 0 0 1 0 0 3 1 0]
[0 0 2 3 2 2 3 3 0 3 0 2 3 2 0 0 0 0 0 3 0 0 2 0 4 0 1 2 2 4 0 0 4 0 2 0 1
 0 0 3 3 2 0 4 0 0 4 3 4 0 3 3 0 0 3 2 0 0 0 0 1 1 0 0 0 2 0 2 0 0 2 3 3 3
 0 4 1 4 0 0 2 2 0 0 0 0 1 0 0 3 4 1 0 0 1 0 0 3 1 0]
[9 3 3 8 4 3 3 3 4 6 7 6 7 5 4 4 8 8 6 8 6 5 2 1 8 2 9 6 2 4 7 5 7 8 8 4 3
 5 1 3 3 9 1 6 8 3 4 2 3 4 7 3 9 3 3 6 9 7 4 3 8 4 8 4 3 1 7 8 9 4 1 9 6 1
 2 7 3 1 4 5 3 5 3 2 2 1 3 1 4 8 5 6 2 1 9 9 2 8 6 3]
[9 3 3 8 4 3 3 3 4 6 7 6 7 5 4 4 8 8 6 8 6 5 2 1 8 2 9 6 2 4 7 5 7 8 8 4 3
 5 1 3 3 9 1 6 8 3 4 2 3 4 7 3 9 3 3 6 9 7 4 3 8 4 8 4 3 1 7 8 9 4 1 9 6 1
 2 7 3 1 4 5 3 5 3 2 2 1 3 1 4 8 5 6 2 1 9 9 2 8 6 3]
[50, 50, 13, 50, 31, 50, 25, 50, 19, 50, 50, 50, 50, 28, 16, 50, 25, 50, 27, 33, 50, 50, 50, 44, 50, 33, 50, 50, 50, 33, 50, 15, 11, 17, 50, 50, 50, 50, 50, 50, 50, 45, 50, 50, 50, 25, 45, 24, 27, 46, 50, 37, 50, 12, 50, 38, 39, 10, 31, 50, 50, 19, 50, 44, 50, 50, 36, 40, 35, 37, 33, 41, 30, 50, 50, 50, 50, 33, 49, 37, 31, 50, 50, 36, 37, 50, 30, 25, 40, 50, 44, 31, 50, 50, 24, 21, 50, 50, 32, 16]
[0 0 0 0 0 0 0 0 0 0 0 0 0 0 0 0 0 0 0 0 0 0 0 0 0 0 0 0 0 0 0 0 0 0 0 0 0
 0 0 0 0 0 0 0 0 0 0 0 0 0 0 0 0 0 0 0 0 0 0 0 0 0 0 0 0 0 0 0 0 0 0 0 0 0
 0 0 0 0 0 0 0 0 0 0 0 0 0 0 0 0 0 0 0 0 0 0 0 0 0 0]
[1 1 1 1 1 1 1 1 1 1 1 1 1 1 1 1 1 1 1 1 1 1 1 1 1 1 1 1 1 1 1 1 1 1 1 1 1
 1 1 1 1 1 1 1 1 1 1 1 1 1 1 1 1 1 1 1 1 1 1 1 1 1 1 1 1 1 1 1 1 1 1 1 1 1
 1 1 1 1 1 1 1 1 1 1 1 1 1 1 1 1 1 1 1 1 1 1 1 1 1 1]
