[ 0  1  2  3  4  5  6  7  8  9 10 11 12 13 14 15 16 17 18 19 20 21 22 23
 24 25 26 27 28 29 30 31 32 33 34 35 36 37 38 39 40 41 42 43 44 45 46 47
 48 49 50 51 52 53 54 55 56 57 58 59 60 61 62 63 64 65 66 67 68 69 70 71
 72 73 74 75 76 77 78 79 80 81 82 83 84 85 86 87 88 89 90 91 92 93 94 95
 96 97 98 99]
[99 73 29 -1 14 75 37 21  3 32 -1 -1 -1 89 69  3 13 -1 -1 24  8 88 -1 -1
 95 39 41 14 -1 -1 -1 -1 96 -1 53 -1 -1 -1 15 77 -1 -1 -1 -1 14 14 43 67
 -1 82 38 61 69 44 96 -1 72 70 81 11 -1 70 73 15 10 77 32 80 -1 -1 -1 62
 58 49  5 13 63 51 -1 -1 93 50 -1 40 83 15  1 73 76 -1 50  0 58  7 -1 43
  6 -1 12 20]
[1 0 0 0 0 1 1 1 0 1 1 0 1 0 1 0 0 1 1 1 0 1 0 0 0 0 1 0 0 1 0 0 1 1 0 1 0
 0 1 0 0 1 1 1 0 1 0 1 1 1 0 1 1 0 1 0 0 1 0 0 1 1 0 0 0 0 0 0 1 1 1 0 1 1
 0 0 0 1 1 1 1 1 1 1 0 1 0 1 1 0 0 0 1 0 1 0 0 0 0 0]
[4 0 0 1 2 1 0 3 0 4 3 0 0 1 2 0 0 2 3 0 4 4 4 0 0 0 0 0 0 2 3 1 4 0 0 2 3
 0 1 1 0 0 1 0 2 4 0 2 3 3 0 4 4 0 0 0 3 3 0 4 0 2 0 1 0 0 0 1 0 2 4 0 2 4
 4 0 3 0 0 0 2 0 0 1 0 4 3 4 0 4 1 2 3 0 0 3 4 0 1 0]
[4 0 0 1 2 1 0 3 0 4 3 0 0 1 2 0 0 2 3 0 4 4 4 0 0 0 0 0 0 2 3 1 4 0 0 2 3
 0 1 1 0 0 1 0 2 4 0 2 3 3 0 4 4 0 0 0 3 3 0 4 0 2 0 1 0 0 0 1 0 2 4 0 2 4
 4 0 3 0 0 0 2 0 0 1 0 4 3 4 0 4 1 2 3 0 0 3 4 0 1 0]
[5 8 7 4 4 4 7 1 4 1 7 3 4 6 2 6 2 3 6 4 2 9 2 2 6 6 6 5 4 4 9 9 6 6 2 9 1
 4 6 9 9 6 4 9 6 1 5 9 3 9 8 1 5 4 2 3 5 7 7 9 2 2 7 7 7 1 7 1 5 6 4 6 3 4
 8 5 6 7 2 5 3 3 2 9 6 3 8 4 4 6 3 8 2 4 1 3 5 8 6 1]
[5 8 7 4 4 4 7 1 4 1 7 3 4 6 2 6 2 3 6 4 2 9 2 2 6 6 6 5 4 4 9 9 6 6 2 9 1
 4 6 9 9 6 4 9 6 1 5 9 3 9 8 1 5 4 2 3 5 7 7 9 2 2 7 7 7 1 7 1 5 6 4 6 3 4
 8 5 6 7 2 5 3 3 2 9 6 3 8 4 4 6 3 8 2 4 1 3 5 8 6 1]
[50, 50, 50, 16, 10, 50, 50, 12, 50, 48, 28, 50, 50, 48, 50, 42, 50, 38, 11, 23, 34, 25, 50, 50, 33, 50, 50, 18, 50, 11, 50, 50, 50, 50, 34, 14, 17, 50, 27, 43, 50, 35, 50, 20, 10, 29, 50, 49, 50, 50, 46, 48, 38, 50, 50, 50, 50, 33, 24, 10, 39, 50, 50, 50, 50, 50, 48, 50, 50, 38, 43, 50, 27, 50, 46, 47, 50, 50, 50, 50, 50, 13, 14, 15, 23, 43, 34, 35, 49, 50, 50, 28, 50, 50, 11, 50, 50, 23, 50, 50]
[0 0 0 0 0 0 0 0 0 0 0 0 0 0 0 0 0 0 0 0 0 0 0 0 0 0 0 0 0 0 0 0 0 0 0 0 0
 0 0 0 0 0 0 0 0 0 0 0 0 0 0 0 0 0 0 0 0 0 0 0 0 0 0 0 0 0 0 0 0 0 0 0 0 0
 0 0 0 0 0 0 0 0 0 0 0 0 0 0 0 0 0 0 0 0 0 0 0 0 0 0]
[1 1 1 1 1 1 1 1 1 1 1 1 1 1 1 1 1 1 1 1 1 1 1 1 1 1 1 1 1 1 1 1 1 1 1 1 1
 1 1 1 1 1 1 1 1 1 1 1 1 1 1 1 1 1 1 1 1 1 1 1 1 1 1 1 1 1 1 1 1 1 1 1 1 1
 1 1 1 1 1 1 1 1 1 1 1 1 1 1 1 1 1 1 1 1 1 1 1 1 1 1]
