[ 0  1  2  3  4  5  6  7  8  9 10 11 12 13 14 15 16 17 18 19 20 21 22 23
 24 25 26 27 28 29 30 31 32 33 34 35 36 37 38 39 40 41 42 43 44 45 46 47
 48 49 50 51 52 53 54 55 56 57 58 59 60 61 62 63 64 65 66 67 68 69 70 71
 72 73 74 75 76 77 78 79 80 81 82 83 84 85 86 87 88 89 90 91 92 93 94 95
 96 97 98 99]
[-1 -1 58 -1 78 47 -1 26 32 -1 75 -1 -1 -1 18 11 -1 51 69 -1 -1 23 75 89
  3 96 22 48 -1 15 24 -1 98 71 -1  8 -1 40  3 57 60 73 -1  6 20 16 48 56
 -1 -1 -1 74 84 82 -1 -1 68 90 22 11 76 66 84 -1 26 -1 70 -1  1  7 -1 10
 97 43 -1 24 11 75 27 35 59 78 39 39 94 32 73  1 -1 -1 -1  2 -1 17 -1 -1
 -1 -1 -1 -1]
[1 0 1 1 0 1 1 0 0 1 0 1 1 0 1 1 0 1 1 0 1 0 1 1 1 1 0 0 0 0 1 1 1 0 0 0 0
 1 1 1 0 0 1 0 1 0 0 0 0 1 0 0 1 1 0 0 0 1 1 0 0 1 1 1 1 0 1 1 1 1 0 0 0 0
 0 0 0 1 0 1 1 0 1 0 1 1 0 1 0 0 1 0 0 0 0 0 1 1 0 0]
[2 4 0 3 3 4 0 0 0 1 0 4 0 4 3 0 0 0 0 3 0 3 0 0 0 0 0 3 0 0 0 1 0 1 0 0 4
 4 0 0 0 3 0 0 2 4 3 0 1 3 4 0 0 0 0 0 2 0 3 2 0 2 3 3 1 0 2 0 1 0 0 3 4 1
 0 0 2 2 4 4 1 0 0 3 3 0 0 0 4 4 3 3 0 0 0 0 0 4 0 0]
[2 4 0 3 3 4 0 0 0 1 0 4 0 4 3 0 0 0 0 3 0 3 0 0 0 0 0 3 0 0 0 1 0 1 0 0 4
 4 0 0 0 3 0 0 2 4 3 0 1 3 4 0 0 0 0 0 2 0 3 2 0 2 3 3 1 0 2 0 1 0 0 3 4 1
 0 0 2 2 4 4 1 0 0 3 3 0 0 0 4 4 3 3 0 0 0 0 0 4 0 0]
[8 5 3 1 9 5 9 9 8 3 4 4 5 8 4 5 5 7 9 1 1 6 6 3 2 3 6 2 6 1 5 5 8 1 3 6 7
 1 9 4 2 3 3 5 8 3 1 7 9 2 8 9 1 2 2 4 9 1 6 7 2 5 8 5 8 5 5 5 1 4 8 2 1 3
 4 9 1 2 6 3 7 9 4 9 8 1 2 4 7 6 1 9 2 8 5 7 4 6 8 5]
[8 5 3 1 9 5 9 9 8 3 4 4 5 8 4 5 5 7 9 1 1 6 6 3 2 3 6 2 6 1 5 5 8 1 3 6 7
 1 9 4 2 3 3 5 8 3 1 7 9 2 8 9 1 2 2 4 9 1 6 7 2 5 8 5 8 5 5 5 1 4 8 2 1 3
 4 9 1 2 6 3 7 9 4 9 8 1 2 4 7 6 1 9 2 8 5 7 4 6 8 5]
[50, 50, 20, 15, 50, 50, 13, 50, 34, 50, 18, 50, 30, 33, 49, 50, 50, 50, 50, 33, 50, 50, 22, 50, 50, 50, 50, 50, 28, 50, 50, 16, 45, 25, 50, 50, 50, 50, 19, 17, 50, 50, 23, 50, 13, 50, 19, 11, 14, 50, 25, 50, 50, 17, 50, 50, 15, 38, 24, 34, 50, 21, 10, 50, 50, 50, 50, 50, 50, 50, 50, 50, 50, 50, 50, 22, 38, 11, 50, 50, 34, 23, 50, 50, 50, 50, 50, 50, 50, 47, 50, 50, 50, 50, 37, 21, 50, 50, 18, 18]
[0 0 0 0 0 0 0 0 0 0 0 0 0 0 0 0 0 0 0 0 0 0 0 0 0 0 0 0 0 0 0 0 0 0 0 0 0
 0 0 0 0 0 0 0 0 0 0 0 0 0 0 0 0 0 0 0 0 0 0 0 0 0 0 0 0 0 0 0 0 0 0 0 0 0
 0 0 0 0 0 0 0 0 0 0 0 0 0 0 0 0 0 0 0 0 0 0 0 0 0 0]
[1 1 1 1 1 1 1 1 1 1 1 1 1 1 1 1 1 1 1 1 1 1 1 1 1 1 1 1 1 1 1 1 1 1 1 1 1
 1 1 1 1 1 1 1 1 1 1 1 1 1 1 1 1 1 1 1 1 1 1 1 1 1 1 1 1 1 1 1 1 1 1 1 1 1
 1 1 1 1 1 1 1 1 1 1 1 1 1 1 1 1 1 1 1 1 1 1 1 1 1 1]
