[ 0  1  2  3  4  5  6  7  8  9 10 11 12 13 14 15 16 17 18 19 20 21 22 23
 24 25 26 27 28 29 30 31 32 33 34 35 36 37 38 39 40 41 42 43 44 45 46 47
 48 49 50 51 52 53 54 55 56 57 58 59 60 61 62 63 64 65 66 67 68 69 70 71
 72 73 74 75 76 77 78 79 80 81 82 83 84 85 86 87 88 89 90 91 92 93 94 95
 96 97 98 99]
[27 77 -1 33 34 31 77 83 30  3 25 -1 98 74 -1 24 54 -1 -1 64 -1 37 -1 -1
  9 30 -1 39 -1 -1 13 -1 12 -1 69 -1 67 49 26 -1 99 -1 -1 12 12 19  4 -1
 44 -1 -1 42 14 -1 40 84 40 23 20 -1  0  4 -1 -1 32 45 77 30 53 -1 12 75
 11 -1 53 -1 47 -1 66 97 62 -1 -1 10 62 41 48 34 68 74 -1 -1 97 60 66 22
 -1 -1 42 70]
[0 1 0 0 0 0 0 0 1 0 0 0 1 1 0 1 1 0 0 0 1 1 1 1 0 0 1 1 1 1 0 1 1 1 1 0 0
 1 0 1 0 1 1 0 1 0 1 0 0 0 0 0 0 0 1 1 0 1 0 1 1 0 1 0 0 1 0 1 1 0 0 0 1 0
 1 0 0 1 0 1 0 1 1 1 0 0 1 1 1 0 1 0 1 1 1 0 1 1 0 0]
[0 0 0 3 0 4 2 2 0 4 0 0 0 4 3 0 2 0 0 4 0 1 3 0 3 0 0 0 0 0 2 2 0 3 0 0 1
 2 3 0 0 3 4 2 3 4 0 4 4 1 0 0 0 0 3 0 4 2 0 3 4 0 0 2 1 0 2 2 3 0 0 0 0 1
 2 1 0 0 0 1 2 1 0 4 2 3 0 4 3 0 2 0 0 3 2 4 3 4 1 1]
[0 0 0 3 0 4 2 2 0 4 0 0 0 4 3 0 2 0 0 4 0 1 3 0 3 0 0 0 0 0 2 2 0 3 0 0 1
 2 3 0 0 3 4 2 3 4 0 4 4 1 0 0 0 0 3 0 4 2 0 3 4 0 0 2 1 0 2 2 3 0 0 0 0 1
 2 1 0 0 0 1 2 1 0 4 2 3 0 4 3 0 2 0 0 3 2 4 3 4 1 1]
[4 1 6 7 1 1 3 9 6 4 3 3 5 6 2 4 8 4 8 9 1 6 8 2 1 9 6 6 5 4 6 9 4 9 9 9 9
 5 4 7 3 7 7 4 1 5 6 8 4 6 3 5 1 5 1 5 1 2 9 4 6 9 3 2 5 9 1 8 4 4 3 8 5 6
 8 6 8 5 1 5 5 2 4 5 6 9 2 6 3 9 8 5 3 1 8 3 8 7 5 6]
[4 1 6 7 1 1 3 9 6 4 3 3 5 6 2 4 8 4 8 9 1 6 8 2 1 9 6 6 5 4 6 9 4 9 9 9 9
 5 4 7 3 7 7 4 1 5 6 8 4 6 3 5 1 5 1 5 1 2 9 4 6 9 3 2 5 9 1 8 4 4 3 8 5 6
 8 6 8 5 1 5 5 2 4 5 6 9 2 6 3 9 8 5 3 1 8 3 8 7 5 6]
[23, 50, 39, 46, 50, 50, 16, 32, 37, 45, 13, 13, 18, 44, 50, 50, 50, 50, 34, 49, 50, 50, 50, 47, 47, 33, 50, 50, 50, 50, 50, 50, 11, 10, 50, 17, 50, 31, 48, 40, 25, 50, 50, 50, 27, 50, 42, 50, 50, 50, 50, 50, 50, 47, 25, 50, 10, 50, 28, 50, 15, 50, 26, 40, 32, 42, 16, 32, 50, 12, 33, 38, 25, 50, 28, 35, 50, 38, 50, 50, 50, 50, 26, 46, 50, 50, 50, 50, 50, 50, 32, 50, 41, 42, 14, 50, 50, 12, 50, 28]
[0 0 0 0 0 0 0 0 0 0 0 0 0 0 0 0 0 0 0 0 0 0 0 0 0 0 0 0 0 0 0 0 0 0 0 0 0
 0 0 0 0 0 0 0 0 0 0 0 0 0 0 0 0 0 0 0 0 0 0 0 0 0 0 0 0 0 0 0 0 0 0 0 0 0
 0 0 0 0 0 0 0 0 0 0 0 0 0 0 0 0 0 0 0 0 0 0 0 0 0 0]
[1 1 1 1 1 1 1 1 1 1 1 1 1 1 1 1 1 1 1 1 1 1 1 1 1 1 1 1 1 1 1 1 1 1 1 1 1
 1 1 1 1 1 1 1 1 1 1 1 1 1 1 1 1 1 1 1 1 1 1 1 1 1 1 1 1 1 1 1 1 1 1 1 1 1
 1 1 1 1 1 1 1 1 1 1 1 1 1 1 1 1 1 1 1 1 1 1 1 1 1 1]
