[ 0  1  2  3  4  5  6  7  8  9 10 11 12 13 14 15 16 17 18 19 20 21 22 23
 24 25 26 27 28 29 30 31 32 33 34 35 36 37 38 39 40 41 42 43 44 45 46 47
 48 49 50 51 52 53 54 55 56 57 58 59 60 61 62 63 64 65 66 67 68 69 70 71
 72 73 74 75 76 77 78 79 80 81 82 83 84 85 86 87 88 89 90 91 92 93 94 95
 96 97 98 99]
[28 49 82  0 18 87 -1 60 -1 -1 44 83 -1 15 15 -1 -1 40 69  4 63 45 49  0
 92 76 70 65 -1 11 68 -1 -1 94  7 -1 46 -1 -1 76 80  6 50 -1 -1 43 40 83
 -1 47 -1 -1 -1 65 62 -1 22 90  8 75 46 -1 -1  0 66 14 92 -1 -1 89 59 56
 19 -1 41 30 -1 81 91  7 53 63 91 -1 50  4 75  9 40 -1 21  5 -1 66 87 21
 -1 32 51 -1]
[0 0 1 1 0 0 0 1 0 0 1 0 1 1 0 1 0 0 0 1 1 0 1 0 1 1 1 1 1 1 0 1 0 1 1 0 1
 1 1 0 1 0 0 1 1 0 1 0 1 0 0 1 1 1 1 1 1 0 0 1 0 1 0 1 1 0 0 0 0 0 0 1 0 1
 1 1 1 1 1 0 1 0 1 1 0 0 0 0 1 1 1 0 0 0 0 1 0 0 0 0]
[1 2 1 0 1 3 4 0 0 0 2 0 3 3 3 0 0 0 0 0 0 0 0 4 2 0 4 2 4 4 0 0 0 1 0 2 3
 0 4 4 2 3 3 0 0 0 4 0 1 3 1 0 0 0 3 1 0 4 0 0 0 0 3 0 0 4 0 3 4 0 3 4 0 0
 0 0 4 0 0 3 2 3 3 0 0 3 0 0 0 0 4 0 2 0 0 0 0 4 0 0]
[1 2 1 0 1 3 4 0 0 0 2 0 3 3 3 0 0 0 0 0 0 0 0 4 2 0 4 2 4 4 0 0 0 1 0 2 3
 0 4 4 2 3 3 0 0 0 4 0 1 3 1 0 0 0 3 1 0 4 0 0 0 0 3 0 0 4 0 3 4 0 3 4 0 0
 0 0 4 0 0 3 2 3 3 0 0 3 0 0 0 0 4 0 2 0 0 0 0 4 0 0]
[3 2 6 8 7 2 6 7 8 8 1 2 7 3 5 2 5 9 5 2 5 6 9 8 6 7 4 4 6 8 3 7 9 6 5 8 6
 7 2 7 6 3 1 4 8 3 7 1 1 8 7 3 8 9 8 9 1 8 1 2 6 3 3 6 9 3 4 3 6 9 8 7 5 8
 3 6 5 5 5 3 8 7 4 9 3 1 5 6 4 9 3 9 3 2 1 9 7 7 6 7]
[3 2 6 8 7 2 6 7 8 8 1 2 7 3 5 2 5 9 5 2 5 6 9 8 6 7 4 4 6 8 3 7 9 6 5 8 6
 7 2 7 6 3 1 4 8 3 7 1 1 8 7 3 8 9 8 9 1 8 1 2 6 3 3 6 9 3 4 3 6 9 8 7 5 8
 3 6 5 5 5 3 8 7 4 9 3 1 5 6 4 9 3 9 3 2 1 9 7 7 6 7]
[13, 29, 50, 50, 50, 50, 27, 20, 50, 23, 24, 20, 50, 50, 50, 50, 50, 10, 26, 50, 28, 50, 50, 50, 14, 50, 50, 50, 11, 50, 50, 13, 18, 39, 50, 50, 50, 50, 30, 50, 50, 14, 50, 50, 50, 29, 50, 50, 28, 50, 50, 50, 50, 18, 50, 43, 44, 10, 50, 50, 50, 21, 44, 31, 50, 45, 28, 14, 50, 50, 26, 30, 50, 12, 48, 50, 50, 50, 50, 43, 37, 50, 50, 50, 50, 50, 10, 24, 50, 20, 50, 15, 41, 30, 50, 50, 50, 50, 50, 50]
[0 0 0 0 0 0 0 0 0 0 0 0 0 0 0 0 0 0 0 0 0 0 0 0 0 0 0 0 0 0 0 0 0 0 0 0 0
 0 0 0 0 0 0 0 0 0 0 0 0 0 0 0 0 0 0 0 0 0 0 0 0 0 0 0 0 0 0 0 0 0 0 0 0 0
 0 0 0 0 0 0 0 0 0 0 0 0 0 0 0 0 0 0 0 0 0 0 0 0 0 0]
[1 1 1 1 1 1 1 1 1 1 1 1 1 1 1 1 1 1 1 1 1 1 1 1 1 1 1 1 1 1 1 1 1 1 1 1 1
 1 1 1 1 1 1 1 1 1 1 1 1 1 1 1 1 1 1 1 1 1 1 1 1 1 1 1 1 1 1 1 1 1 1 1 1 1
 1 1 1 1 1 1 1 1 1 1 1 1 1 1 1 1 1 1 1 1 1 1 1 1 1 1]
