[ 0  1  2  3  4  5  6  7  8  9 10 11 12 13 14 15 16 17 18 19 20 21 22 23
 24 25 26 27 28 29 30 31 32 33 34 35 36 37 38 39 40 41 42 43 44 45 46 47
 48 49 50 51 52 53 54 55 56 57 58 59 60 61 62 63 64 65 66 67 68 69 70 71
 72 73 74 75 76 77 78 79 80 81 82 83 84 85 86 87 88 89 90 91 92 93 94 95
 96 97 98 99]
[38 41 56 61 -1 92 19 -1 33 99 70 39 -1 15 54 -1 43 -1 -1 -1 63 83 23 89
 -1 12 -1 83 -1 19 -1 47 70  4 25 94 -1 39  3  5 79 -1 16 84 45 -1 32 54
 43 -1  2 -1 -1 -1 94 78 -1 -1 -1 45 81 -1 -1 79 87 -1 17 -1 -1 -1 27 72
 -1 21 -1 98 -1 -1 93 28 -1  1 44 -1 90 44 30 -1 84 79 80 89  9 30 -1 88
 29 -1 70 -1]
[0 1 1 0 0 0 0 0 0 1 0 0 0 1 0 1 1 0 1 1 0 0 0 1 1 1 1 1 0 1 1 0 1 0 1 1 1
 1 0 0 1 0 0 0 0 1 1 0 1 0 1 1 0 0 1 1 1 1 1 1 0 0 1 1 1 1 1 1 0 1 0 1 0 1
 1 1 1 0 0 0 0 0 1 0 1 0 0 1 1 0 1 1 1 1 0 0 0 0 1 1]
[0 0 3 0 0 0 4 1 1 2 0 4 0 3 3 0 0 0 3 0 1 3 0 4 0 0 2 1 4 0 0 0 2 3 0 2 0
 0 4 4 1 1 0 2 1 2 0 1 4 0 1 2 1 0 0 1 3 1 3 4 0 4 2 1 0 0 3 0 0 0 0 0 2 0
 0 4 0 1 4 3 2 4 1 0 0 0 0 2 1 0 4 2 4 1 0 0 1 2 0 1]
[0 0 3 0 0 0 4 1 1 2 0 4 0 3 3 0 0 0 3 0 1 3 0 4 0 0 2 1 4 0 0 0 2 3 0 2 0
 0 4 4 1 1 0 2 1 2 0 1 4 0 1 2 1 0 0 1 3 1 3 4 0 4 2 1 0 0 3 0 0 0 0 0 2 0
 0 4 0 1 4 3 2 4 1 0 0 0 0 2 1 0 4 2 4 1 0 0 1 2 0 1]
[5 5 8 1 1 9 3 7 9 1 4 6 9 8 4 1 1 7 3 4 9 9 1 2 4 7 9 3 5 2 6 4 6 4 4 4 8
 3 7 6 5 4 5 5 5 6 9 1 3 7 6 4 6 1 6 3 8 5 9 3 5 2 8 6 9 6 3 6 6 1 4 1 4 6
 3 6 9 5 8 6 3 2 8 9 6 4 7 4 7 9 9 3 9 9 4 4 5 9 5 6]
[5 5 8 1 1 9 3 7 9 1 4 6 9 8 4 1 1 7 3 4 9 9 1 2 4 7 9 3 5 2 6 4 6 4 4 4 8
 3 7 6 5 4 5 5 5 6 9 1 3 7 6 4 6 1 6 3 8 5 9 3 5 2 8 6 9 6 3 6 6 1 4 1 4 6
 3 6 9 5 8 6 3 2 8 9 6 4 7 4 7 9 9 3 9 9 4 4 5 9 5 6]
[21, 11, 16, 39, 50, 42, 47, 31, 43, 35, 17, 50, 21, 50, 50, 50, 34, 50, 50, 50, 50, 50, 39, 31, 50, 50, 50, 50, 20, 28, 50, 50, 50, 42, 46, 49, 10, 34, 22, 38, 36, 50, 28, 50, 14, 50, 31, 37, 50, 44, 45, 19, 50, 38, 50, 50, 20, 48, 21, 42, 50, 17, 39, 21, 50, 50, 50, 50, 42, 50, 50, 50, 33, 50, 50, 50, 50, 50, 39, 50, 15, 13, 45, 50, 25, 50, 29, 50, 50, 50, 40, 22, 20, 41, 50, 50, 49, 50, 50, 21]
[0 0 0 0 0 0 0 0 0 0 0 0 0 0 0 0 0 0 0 0 0 0 0 0 0 0 0 0 0 0 0 0 0 0 0 0 0
 0 0 0 0 0 0 0 0 0 0 0 0 0 0 0 0 0 0 0 0 0 0 0 0 0 0 0 0 0 0 0 0 0 0 0 0 0
 0 0 0 0 0 0 0 0 0 0 0 0 0 0 0 0 0 0 0 0 0 0 0 0 0 0]
[1 1 1 1 1 1 1 1 1 1 1 1 1 1 1 1 1 1 1 1 1 1 1 1 1 1 1 1 1 1 1 1 1 1 1 1 1
 1 1 1 1 1 1 1 1 1 1 1 1 1 1 1 1 1 1 1 1 1 1 1 1 1 1 1 1 1 1 1 1 1 1 1 1 1
 1 1 1 1 1 1 1 1 1 1 1 1 1 1 1 1 1 1 1 1 1 1 1 1 1 1]
