[ 0  1  2  3  4  5  6  7  8  9 10 11 12 13 14 15 16 17 18 19 20 21 22 23
 24 25 26 27 28 29 30 31 32 33 34 35 36 37 38 39 40 41 42 43 44 45 46 47
 48 49 50 51 52 53 54 55 56 57 58 59 60 61 62 63 64 65 66 67 68 69 70 71
 72 73 74 75 76 77 78 79 80 81 82 83 84 85 86 87 88 89 90 91 92 93 94 95
 96 97 98 99]
[51 96 -1 37 94 74 31 17 70 -1 -1 74 61 53 -1 16 -1 64 63 72 -1 78 36  6
 -1 38 78 52 19 44 78 29 47 -1 76 42 48 81 71 -1 59 20 -1 -1 35 22 60 98
 -1 14 -1 22 -1 77 -1  5 -1 22 -1 36  6 94 -1 34 74 -1 82 -1  2  1 -1 -1
 -1 83 -1 36 93 57 -1 77 24 40 52 99 96 43 -1 34 12 -1 -1 84 -1 39 97 70
 60 -1 81 -1]
[0 1 0 0 0 1 0 0 1 0 0 0 0 1 1 0 1 1 1 0 1 0 1 1 1 1 1 1 0 0 0 1 1 1 0 0 0
 1 0 0 1 0 0 1 1 1 0 1 0 0 1 1 0 0 0 0 1 0 0 0 1 1 1 1 1 0 0 0 1 1 1 1 1 1
 1 1 0 0 0 1 1 0 0 1 1 0 0 1 0 0 0 1 1 0 1 0 0 1 0 0]
[4 1 0 2 0 0 3 1 3 0 0 1 0 0 4 0 0 4 1 3 4 0 0 2 2 3 0 1 0 0 0 0 3 2 0 0 0
 0 3 0 3 0 0 2 1 4 0 1 4 0 0 3 1 3 2 0 2 0 2 3 0 0 0 0 0 0 3 4 1 4 3 0 0 4
 3 0 2 0 0 0 0 0 2 4 2 1 0 0 0 1 3 0 3 0 4 2 4 2 4 1]
[4 1 0 2 0 0 3 1 3 0 0 1 0 0 4 0 0 4 1 3 4 0 0 2 2 3 0 1 0 0 0 0 3 2 0 0 0
 0 3 0 3 0 0 2 1 4 0 1 4 0 0 3 1 3 2 0 2 0 2 3 0 0 0 0 0 0 3 4 1 4 3 0 0 4
 3 0 2 0 0 0 0 0 2 4 2 1 0 0 0 1 3 0 3 0 4 2 4 2 4 1]
[6 6 9 6 5 6 4 6 4 1 1 1 8 8 2 4 8 1 2 9 1 9 1 7 4 8 1 6 3 9 8 7 7 5 7 6 3
 6 2 5 3 3 6 4 7 4 4 9 6 6 8 9 1 8 1 9 8 1 6 1 7 5 3 4 7 8 3 3 6 9 1 5 5 6
 6 1 9 5 4 8 8 3 6 8 5 6 4 9 9 5 4 9 8 9 6 8 5 6 7 9]
[6 6 9 6 5 6 4 6 4 1 1 1 8 8 2 4 8 1 2 9 1 9 1 7 4 8 1 6 3 9 8 7 7 5 7 6 3
 6 2 5 3 3 6 4 7 4 4 9 6 6 8 9 1 8 1 9 8 1 6 1 7 5 3 4 7 8 3 3 6 9 1 5 5 6
 6 1 9 5 4 8 8 3 6 8 5 6 4 9 9 5 4 9 8 9 6 8 5 6 7 9]
[45, 40, 50, 50, 42, 50, 26, 41, 36, 50, 50, 47, 25, 26, 50, 45, 22, 44, 46, 21, 19, 50, 37, 27, 50, 50, 50, 50, 50, 50, 50, 15, 50, 26, 50, 18, 33, 27, 35, 48, 50, 41, 19, 50, 50, 49, 36, 31, 40, 50, 50, 47, 13, 34, 50, 50, 50, 15, 50, 50, 50, 50, 50, 50, 30, 48, 49, 50, 50, 50, 50, 11, 50, 33, 50, 38, 15, 50, 50, 33, 15, 15, 24, 50, 14, 34, 50, 21, 42, 13, 50, 35, 50, 42, 50, 50, 50, 50, 22, 50]
[0 0 0 0 0 0 0 0 0 0 0 0 0 0 0 0 0 0 0 0 0 0 0 0 0 0 0 0 0 0 0 0 0 0 0 0 0
 0 0 0 0 0 0 0 0 0 0 0 0 0 0 0 0 0 0 0 0 0 0 0 0 0 0 0 0 0 0 0 0 0 0 0 0 0
 0 0 0 0 0 0 0 0 0 0 0 0 0 0 0 0 0 0 0 0 0 0 0 0 0 0]
[1 1 1 1 1 1 1 1 1 1 1 1 1 1 1 1 1 1 1 1 1 1 1 1 1 1 1 1 1 1 1 1 1 1 1 1 1
 1 1 1 1 1 1 1 1 1 1 1 1 1 1 1 1 1 1 1 1 1 1 1 1 1 1 1 1 1 1 1 1 1 1 1 1 1
 1 1 1 1 1 1 1 1 1 1 1 1 1 1 1 1 1 1 1 1 1 1 1 1 1 1]
