[ 0  1  2  3  4  5  6  7  8  9 10 11 12 13 14 15 16 17 18 19 20 21 22 23
 24 25 26 27 28 29 30 31 32 33 34 35 36 37 38 39 40 41 42 43 44 45 46 47
 48 49 50 51 52 53 54 55 56 57 58 59 60 61 62 63 64 65 66 67 68 69 70 71
 72 73 74 75 76 77 78 79 80 81 82 83 84 85 86 87 88 89 90 91 92 93 94 95
 96 97 98 99]
[92 78 -1 98  7 77 93 -1 -1 82 -1 -1 32 71 63 71 -1 24  8 65 82 -1 34 85
 -1 82 86 -1 80 21 70 -1 45 95  1 79 -1 80 -1 20 11 44 79 64 75 -1 88 32
 -1 99 76 72 -1 -1 -1 -1 -1 -1 91 -1 -1 17 -1 -1 31 57 -1 -1 22 79 32 64
 43 51 -1 12 -1 -1 -1 45 -1 85 12 45 95 50 93 -1 59 90 32 62 81 79 80  4
 48 60 92 66]
[0 0 0 1 1 1 1 1 1 0 0 0 1 0 0 0 0 0 1 1 0 0 1 1 0 0 0 1 0 1 0 1 1 0 1 0 0
 1 1 0 1 1 0 0 0 1 1 1 1 0 1 0 1 0 1 1 0 0 1 0 0 1 1 0 1 0 1 0 0 1 1 1 1 1
 1 0 1 1 0 1 0 0 0 0 0 0 1 0 1 1 1 1 1 1 0 1 0 1 1 0]
[2 0 0 0 0 3 0 2 4 1 0 0 0 2 2 0 4 3 0 0 0 0 0 4 1 3 3 0 0 4 2 2 1 3 2 0 0
 1 0 0 0 0 2 4 0 0 0 0 4 0 3 2 3 3 2 0 2 0 0 1 0 0 0 0 1 4 3 2 1 1 0 0 4 3
 0 0 0 4 0 0 0 2 0 0 3 1 0 0 1 0 0 4 2 0 3 2 0 0 0 0]
[2 0 0 0 0 3 0 2 4 1 0 0 0 2 2 0 4 3 0 0 0 0 0 4 1 3 3 0 0 4 2 2 1 3 2 0 0
 1 0 0 0 0 2 4 0 0 0 0 4 0 3 2 3 3 2 0 2 0 0 1 0 0 0 0 1 4 3 2 1 1 0 0 4 3
 0 0 0 4 0 0 0 2 0 0 3 1 0 0 1 0 0 4 2 0 3 2 0 0 0 0]
[6 5 3 4 5 4 3 6 4 6 5 1 4 5 1 6 4 4 4 8 5 8 4 9 6 1 9 6 7 2 3 4 8 7 4 7 1
 7 7 4 4 4 8 7 8 1 4 8 6 1 4 7 9 3 2 1 5 6 7 2 6 4 9 8 4 6 1 5 5 6 9 4 9 7
 6 1 5 3 4 1 5 3 2 1 9 2 4 3 1 3 2 3 7 6 9 6 5 9 4 1]
[6 5 3 4 5 4 3 6 4 6 5 1 4 5 1 6 4 4 4 8 5 8 4 9 6 1 9 6 7 2 3 4 8 7 4 7 1
 7 7 4 4 4 8 7 8 1 4 8 6 1 4 7 9 3 2 1 5 6 7 2 6 4 9 8 4 6 1 5 5 6 9 4 9 7
 6 1 5 3 4 1 5 3 2 1 9 2 4 3 1 3 2 3 7 6 9 6 5 9 4 1]
[38, 10, 40, 50, 44, 50, 32, 29, 50, 46, 28, 46, 50, 10, 50, 35, 45, 50, 50, 41, 47, 26, 50, 50, 29, 19, 45, 26, 50, 50, 50, 12, 50, 50, 50, 50, 32, 26, 50, 29, 14, 50, 50, 50, 31, 50, 19, 31, 43, 50, 50, 50, 31, 50, 50, 50, 50, 18, 28, 50, 42, 24, 46, 50, 23, 50, 48, 39, 50, 33, 50, 40, 50, 14, 50, 50, 50, 50, 50, 23, 37, 50, 39, 50, 50, 50, 43, 13, 50, 50, 13, 27, 17, 50, 32, 50, 19, 47, 47, 34]
[0 0 0 0 0 0 0 0 0 0 0 0 0 0 0 0 0 0 0 0 0 0 0 0 0 0 0 0 0 0 0 0 0 0 0 0 0
 0 0 0 0 0 0 0 0 0 0 0 0 0 0 0 0 0 0 0 0 0 0 0 0 0 0 0 0 0 0 0 0 0 0 0 0 0
 0 0 0 0 0 0 0 0 0 0 0 0 0 0 0 0 0 0 0 0 0 0 0 0 0 0]
[1 1 1 1 1 1 1 1 1 1 1 1 1 1 1 1 1 1 1 1 1 1 1 1 1 1 1 1 1 1 1 1 1 1 1 1 1
 1 1 1 1 1 1 1 1 1 1 1 1 1 1 1 1 1 1 1 1 1 1 1 1 1 1 1 1 1 1 1 1 1 1 1 1 1
 1 1 1 1 1 1 1 1 1 1 1 1 1 1 1 1 1 1 1 1 1 1 1 1 1 1]
