[ 0  1  2  3  4  5  6  7  8  9 10 11 12 13 14 15 16 17 18 19 20 21 22 23
 24 25 26 27 28 29 30 31 32 33 34 35 36 37 38 39 40 41 42 43 44 45 46 47
 48 49 50 51 52 53 54 55 56 57 58 59 60 61 62 63 64 65 66 67 68 69 70 71
 72 73 74 75 76 77 78 79 80 81 82 83 84 85 86 87 88 89 90 91 92 93 94 95
 96 97 98 99]
[-1 78 58 62 25 62 34 -1 46 65 27  5  0 88 43 73 92 -1  5 81 11 -1 58 41
 -1 -1 -1 -1 -1 24 -1 62 16 98 22 89 -1 54 27  3 83 33 24 83 -1 -1 66 36
 -1 37 -1 -1  8 41 10 -1 85 80 -1 64 21 32 16 71 19 61 93 13 -1  7 -1 91
 40 34 62 -1 92 34 -1 -1 62 44 36 22 23 81  2 58 53 58 78 99 84 74 -1 -1
 61 51  1 -1]
[1 1 1 0 0 0 1 0 0 1 0 1 1 1 1 1 0 1 0 1 1 1 0 1 0 0 1 1 0 0 1 0 0 0 0 0 0
 0 0 1 1 1 0 1 1 1 0 1 0 1 1 1 1 0 1 0 0 1 0 1 0 0 1 1 1 1 1 1 1 0 1 0 1 1
 1 1 0 0 0 0 1 1 1 0 0 1 0 1 1 1 1 1 1 1 0 0 1 0 1 1]
[4 1 3 3 0 0 4 0 4 3 0 0 1 0 2 3 0 4 0 3 0 4 4 0 0 1 0 4 0 0 1 0 3 0 0 0 2
 0 0 0 4 0 3 4 4 0 3 4 0 2 4 4 0 0 0 0 3 0 4 2 3 0 0 0 0 0 3 0 0 3 0 0 0 3
 4 4 3 2 0 3 1 3 2 2 0 0 0 3 0 0 0 1 0 0 0 0 2 4 4 3]
[4 1 3 3 0 0 4 0 4 3 0 0 1 0 2 3 0 4 0 3 0 4 4 0 0 1 0 4 0 0 1 0 3 0 0 0 2
 0 0 0 4 0 3 4 4 0 3 4 0 2 4 4 0 0 0 0 3 0 4 2 3 0 0 0 0 0 3 0 0 3 0 0 0 3
 4 4 3 2 0 3 1 3 2 2 0 0 0 3 0 0 0 1 0 0 0 0 2 4 4 3]
[7 1 5 1 4 2 2 4 4 4 2 8 2 2 4 7 3 9 1 2 1 7 5 1 2 9 7 9 7 2 6 1 8 5 4 2 6
 9 2 9 6 2 4 9 7 6 4 7 3 9 3 5 1 2 1 9 8 4 9 4 2 4 6 6 7 6 7 8 8 3 1 2 8 9
 9 7 7 2 5 4 7 4 4 3 2 4 9 4 1 4 9 8 8 7 4 8 9 8 1 3]
[7 1 5 1 4 2 2 4 4 4 2 8 2 2 4 7 3 9 1 2 1 7 5 1 2 9 7 9 7 2 6 1 8 5 4 2 6
 9 2 9 6 2 4 9 7 6 4 7 3 9 3 5 1 2 1 9 8 4 9 4 2 4 6 6 7 6 7 8 8 3 1 2 8 9
 9 7 7 2 5 4 7 4 4 3 2 4 9 4 1 4 9 8 8 7 4 8 9 8 1 3]
[33, 50, 50, 50, 36, 28, 18, 50, 50, 50, 43, 21, 12, 50, 50, 50, 20, 50, 50, 50, 25, 50, 50, 50, 50, 50, 12, 47, 48, 50, 10, 13, 50, 50, 38, 50, 25, 50, 24, 50, 50, 48, 39, 50, 50, 50, 50, 17, 50, 31, 50, 10, 49, 41, 50, 47, 50, 19, 50, 50, 50, 50, 43, 29, 50, 11, 50, 25, 50, 36, 23, 50, 17, 19, 28, 50, 50, 23, 50, 50, 12, 45, 50, 50, 50, 50, 17, 50, 13, 26, 50, 50, 17, 50, 50, 50, 25, 50, 37, 50]
[0 0 0 0 0 0 0 0 0 0 0 0 0 0 0 0 0 0 0 0 0 0 0 0 0 0 0 0 0 0 0 0 0 0 0 0 0
 0 0 0 0 0 0 0 0 0 0 0 0 0 0 0 0 0 0 0 0 0 0 0 0 0 0 0 0 0 0 0 0 0 0 0 0 0
 0 0 0 0 0 0 0 0 0 0 0 0 0 0 0 0 0 0 0 0 0 0 0 0 0 0]
[1 1 1 1 1 1 1 1 1 1 1 1 1 1 1 1 1 1 1 1 1 1 1 1 1 1 1 1 1 1 1 1 1 1 1 1 1
 1 1 1 1 1 1 1 1 1 1 1 1 1 1 1 1 1 1 1 1 1 1 1 1 1 1 1 1 1 1 1 1 1 1 1 1 1
 1 1 1 1 1 1 1 1 1 1 1 1 1 1 1 1 1 1 1 1 1 1 1 1 1 1]
