[ 0  1  2  3  4  5  6  7  8  9 10 11 12 13 14 15 16 17 18 19 20 21 22 23
 24 25 26 27 28 29 30 31 32 33 34 35 36 37 38 39 40 41 42 43 44 45 46 47
 48 49 50 51 52 53 54 55 56 57 58 59 60 61 62 63 64 65 66 67 68 69 70 71
 72 73 74 75 76 77 78 79 80 81 82 83 84 85 86 87 88 89 90 91 92 93 94 95
 96 97 98 99]
[-1 54 91 -1 -1 78 94 -1 38 33 67 40 -1 35 71  2  7 -1  8 21 81 15 99 -1
 -1 43 24 -1 79 57 -1 98 31 48 -1 -1 93 23 20 33 -1 16 -1 94 94 88 15 81
 70 -1 -1  7 34 83 57 78 21 84 -1  3 29 32 96  1 -1 -1 21  2 -1 -1 28 27
 35 35 62 56 -1 57 34 75 99 89 -1 15  0 36 51 13 35 -1 27 -1 -1 98 -1 69
 69 -1 -1 62]
[0 0 0 1 0 1 1 0 0 1 1 0 1 1 1 1 0 0 0 1 0 0 1 0 1 0 1 0 1 1 1 0 1 0 1 0 0
 0 0 1 1 1 1 1 1 1 0 1 1 1 0 1 0 1 0 0 1 1 1 0 1 0 0 0 0 1 0 1 0 1 1 0 0 0
 0 1 0 1 0 0 0 0 1 1 1 0 1 0 1 1 1 0 1 1 1 1 1 1 1 1]
[0 0 0 0 1 0 1 0 0 3 0 0 0 2 2 2 2 0 3 0 0 0 0 2 0 0 0 3 0 4 0 2 0 0 0 0 0
 0 0 0 1 0 0 0 0 0 1 3 0 2 3 0 2 1 0 4 4 0 0 0 0 1 0 0 0 4 1 0 0 1 0 4 4 1
 0 3 0 0 3 4 0 1 1 0 0 2 3 2 4 2 3 0 2 0 0 4 3 1 0 2]
[0 0 0 0 1 0 1 0 0 3 0 0 0 2 2 2 2 0 3 0 0 0 0 2 0 0 0 3 0 4 0 2 0 0 0 0 0
 0 0 0 1 0 0 0 0 0 1 3 0 2 3 0 2 1 0 4 4 0 0 0 0 1 0 0 0 4 1 0 0 1 0 4 4 1
 0 3 0 0 3 4 0 1 1 0 0 2 3 2 4 2 3 0 2 0 0 4 3 1 0 2]
[1 5 7 7 9 8 6 2 5 6 2 4 2 6 4 3 7 4 8 4 2 7 6 2 4 7 5 8 7 7 6 5 8 6 3 3 4
 5 6 2 5 4 9 8 5 9 3 7 5 3 4 3 4 4 3 9 7 4 2 8 3 1 8 5 3 3 4 7 5 8 5 7 5 4
 9 9 7 9 5 7 1 1 7 8 8 5 9 9 4 8 5 9 9 6 6 6 2 2 3 1]
[1 5 7 7 9 8 6 2 5 6 2 4 2 6 4 3 7 4 8 4 2 7 6 2 4 7 5 8 7 7 6 5 8 6 3 3 4
 5 6 2 5 4 9 8 5 9 3 7 5 3 4 3 4 4 3 9 7 4 2 8 3 1 8 5 3 3 4 7 5 8 5 7 5 4
 9 9 7 9 5 7 1 1 7 8 8 5 9 9 4 8 5 9 9 6 6 6 2 2 3 1]
[50, 50, 50, 50, 49, 34, 50, 43, 50, 50, 27, 21, 40, 50, 50, 50, 20, 50, 50, 23, 31, 46, 12, 32, 32, 42, 50, 50, 25, 50, 50, 19, 50, 26, 19, 10, 26, 18, 50, 50, 48, 17, 16, 50, 50, 19, 50, 50, 50, 50, 50, 15, 50, 50, 50, 50, 50, 50, 50, 30, 31, 42, 15, 50, 37, 50, 48, 14, 50, 50, 12, 50, 50, 14, 50, 50, 50, 43, 20, 50, 50, 50, 45, 24, 19, 50, 50, 50, 50, 34, 50, 50, 50, 50, 50, 50, 10, 50, 22, 30]
[0 0 0 0 0 0 0 0 0 0 0 0 0 0 0 0 0 0 0 0 0 0 0 0 0 0 0 0 0 0 0 0 0 0 0 0 0
 0 0 0 0 0 0 0 0 0 0 0 0 0 0 0 0 0 0 0 0 0 0 0 0 0 0 0 0 0 0 0 0 0 0 0 0 0
 0 0 0 0 0 0 0 0 0 0 0 0 0 0 0 0 0 0 0 0 0 0 0 0 0 0]
[1 1 1 1 1 1 1 1 1 1 1 1 1 1 1 1 1 1 1 1 1 1 1 1 1 1 1 1 1 1 1 1 1 1 1 1 1
 1 1 1 1 1 1 1 1 1 1 1 1 1 1 1 1 1 1 1 1 1 1 1 1 1 1 1 1 1 1 1 1 1 1 1 1 1
 1 1 1 1 1 1 1 1 1 1 1 1 1 1 1 1 1 1 1 1 1 1 1 1 1 1]
