[ 0  1  2  3  4  5  6  7  8  9 10 11 12 13 14 15 16 17 18 19 20 21 22 23
 24 25 26 27 28 29 30 31 32 33 34 35 36 37 38 39 40 41 42 43 44 45 46 47
 48 49 50 51 52 53 54 55 56 57 58 59 60 61 62 63 64 65 66 67 68 69 70 71
 72 73 74 75 76 77 78 79 80 81 82 83 84 85 86 87 88 89 90 91 92 93 94 95
 96 97 98 99]
[ 2 93 -1 98 57 -1 27 36 -1 39 75 45 -1 76 25 -1 10 72 31 10 -1  1 61 -1
  6 -1 58 -1 -1 49 -1 15 -1 17 23 43 -1 22 -1 40 22 22 -1 -1 50  6 56 58
 42  5 -1 34 32 85 35 83 91 -1 85 88 44 -1 90 10 56 -1 68 -1 42 41 -1 -1
 71 71 53 -1  9 -1 -1 99 90 46 45 70 38  6 83 16 24 36 -1  7 -1  0 -1 53
 64 -1 84 37]
[1 0 0 0 0 0 0 0 0 0 0 0 0 0 1 1 0 1 1 0 0 0 0 1 0 0 0 0 1 1 0 1 0 1 0 1 1
 0 1 0 1 0 1 1 0 0 1 1 1 0 1 1 1 0 1 1 0 1 0 0 1 1 0 0 1 0 1 0 0 0 1 0 1 1
 1 0 0 1 1 1 0 0 1 1 1 0 0 1 1 1 0 0 0 1 1 0 0 1 1 0]
[4 0 0 3 3 4 1 0 0 2 2 0 1 2 4 0 3 0 0 0 2 0 2 2 1 2 4 0 4 3 0 3 0 0 4 0 0
 3 0 1 1 0 0 1 0 0 0 0 0 0 0 4 0 4 0 3 0 0 4 0 0 1 4 0 3 1 4 3 3 0 2 0 0 0
 1 3 0 0 4 0 3 2 0 3 0 0 0 0 0 1 1 0 0 0 1 4 2 3 0 4]
[4 0 0 3 3 4 1 0 0 2 2 0 1 2 4 0 3 0 0 0 2 0 2 2 1 2 4 0 4 3 0 3 0 0 4 0 0
 3 0 1 1 0 0 1 0 0 0 0 0 0 0 4 0 4 0 3 0 0 4 0 0 1 4 0 3 1 4 3 3 0 2 0 0 0
 1 3 0 0 4 0 3 2 0 3 0 0 0 0 0 1 1 0 0 0 1 4 2 3 0 4]
[5 6 7 5 1 4 7 2 7 2 1 6 8 5 4 7 1 7 1 8 1 6 3 4 6 5 7 7 6 1 1 5 7 4 4 9 8
 2 2 8 1 9 4 3 4 9 9 9 3 6 7 9 7 5 5 8 3 3 2 5 4 6 4 1 5 8 5 8 2 1 6 1 2 3
 4 6 2 2 1 2 5 9 5 7 2 6 3 2 1 5 9 5 4 9 9 1 3 9 2 4]
[5 6 7 5 1 4 7 2 7 2 1 6 8 5 4 7 1 7 1 8 1 6 3 4 6 5 7 7 6 1 1 5 7 4 4 9 8
 2 2 8 1 9 4 3 4 9 9 9 3 6 7 9 7 5 5 8 3 3 2 5 4 6 4 1 5 8 5 8 2 1 6 1 2 3
 4 6 2 2 1 2 5 9 5 7 2 6 3 2 1 5 9 5 4 9 9 1 3 9 2 4]
[28, 50, 50, 21, 50, 50, 42, 26, 43, 50, 50, 50, 50, 30, 11, 46, 41, 23, 50, 50, 50, 17, 50, 39, 50, 48, 50, 26, 50, 43, 50, 34, 35, 50, 44, 50, 50, 26, 22, 46, 36, 49, 50, 20, 50, 28, 50, 50, 50, 14, 10, 35, 10, 50, 45, 50, 50, 50, 40, 50, 50, 50, 50, 50, 50, 50, 50, 50, 39, 50, 28, 50, 12, 37, 34, 10, 50, 22, 50, 50, 37, 20, 50, 20, 50, 41, 50, 50, 50, 10, 32, 27, 24, 24, 50, 36, 47, 22, 50, 50]
[0 0 0 0 0 0 0 0 0 0 0 0 0 0 0 0 0 0 0 0 0 0 0 0 0 0 0 0 0 0 0 0 0 0 0 0 0
 0 0 0 0 0 0 0 0 0 0 0 0 0 0 0 0 0 0 0 0 0 0 0 0 0 0 0 0 0 0 0 0 0 0 0 0 0
 0 0 0 0 0 0 0 0 0 0 0 0 0 0 0 0 0 0 0 0 0 0 0 0 0 0]
[1 1 1 1 1 1 1 1 1 1 1 1 1 1 1 1 1 1 1 1 1 1 1 1 1 1 1 1 1 1 1 1 1 1 1 1 1
 1 1 1 1 1 1 1 1 1 1 1 1 1 1 1 1 1 1 1 1 1 1 1 1 1 1 1 1 1 1 1 1 1 1 1 1 1
 1 1 1 1 1 1 1 1 1 1 1 1 1 1 1 1 1 1 1 1 1 1 1 1 1 1]
