[ 0  1  2  3  4  5  6  7  8  9 10 11 12 13 14 15 16 17 18 19 20 21 22 23
 24 25 26 27 28 29 30 31 32 33 34 35 36 37 38 39 40 41 42 43 44 45 46 47
 48 49 50 51 52 53 54 55 56 57 58 59 60 61 62 63 64 65 66 67 68 69 70 71
 72 73 74 75 76 77 78 79 80 81 82 83 84 85 86 87 88 89 90 91 92 93 94 95
 96 97 98 99]
[24 35 -1 56 -1 95 30 -1 31 17 57 -1 -1 -1 -1 -1 56 -1 -1 -1 -1 72 99 99
 -1 -1 -1 23 -1 17 27 79 -1 56 40 85 17 62 49 90  6 80 -1 14 -1 81 58 32
 47  6 48 84 -1 28 -1 59 88 19 92 37 75 10 -1 78 -1 48 33 38  9 -1 18 27
 29 32 -1 -1 -1 -1  6 67 -1 11 64 -1 83 -1 19 80 -1 27 -1 78 -1 -1  8 24
 84 -1 37 -1]
[1 1 1 1 0 0 1 1 0 0 1 0 1 0 1 1 0 0 1 0 0 0 1 0 0 0 1 1 0 0 1 1 0 0 1 1 0
 0 0 0 0 0 1 1 0 0 1 1 1 0 1 1 1 1 1 0 1 0 1 0 1 1 1 1 1 1 1 1 1 1 0 1 1 0
 1 1 0 0 0 0 1 1 0 1 0 0 0 0 0 0 0 1 0 1 0 1 0 1 0 0]
[0 0 3 4 2 3 1 2 0 0 0 0 3 1 1 0 0 4 3 4 2 1 0 0 0 0 0 0 0 0 0 2 3 0 4 3 3
 0 0 2 0 2 2 1 4 1 0 3 3 2 3 0 1 0 3 2 4 0 0 3 3 0 3 1 0 0 0 4 1 0 0 0 0 0
 0 3 0 0 0 0 0 2 0 0 1 3 0 3 0 0 3 4 2 0 0 0 2 1 0 2]
[0 0 3 4 2 3 1 2 0 0 0 0 3 1 1 0 0 4 3 4 2 1 0 0 0 0 0 0 0 0 0 2 3 0 4 3 3
 0 0 2 0 2 2 1 4 1 0 3 3 2 3 0 1 0 3 2 4 0 0 3 3 0 3 1 0 0 0 4 1 0 0 0 0 0
 0 3 0 0 0 0 0 2 0 0 1 3 0 3 0 0 3 4 2 0 0 0 2 1 0 2]
[6 7 1 4 6 3 4 1 6 6 9 6 8 1 5 9 7 7 1 5 4 6 4 5 9 9 1 4 8 6 2 4 5 6 9 4 4
 2 8 1 6 1 1 1 4 5 9 2 4 6 5 5 4 2 8 7 5 7 4 4 4 4 4 5 3 9 1 5 3 7 4 2 5 8
 5 2 2 3 3 5 6 1 5 8 5 3 3 1 7 8 3 6 5 1 4 3 7 7 6 1]
[6 7 1 4 6 3 4 1 6 6 9 6 8 1 5 9 7 7 1 5 4 6 4 5 9 9 1 4 8 6 2 4 5 6 9 4 4
 2 8 1 6 1 1 1 4 5 9 2 4 6 5 5 4 2 8 7 5 7 4 4 4 4 4 5 3 9 1 5 3 7 4 2 5 8
 5 2 2 3 3 5 6 1 5 8 5 3 3 1 7 8 3 6 5 1 4 3 7 7 6 1]
[50, 50, 18, 42, 41, 39, 50, 37, 31, 50, 50, 29, 50, 18, 50, 46, 50, 34, 36, 14, 50, 37, 39, 11, 17, 50, 50, 16, 21, 50, 12, 44, 22, 46, 22, 24, 25, 50, 50, 50, 35, 50, 50, 50, 50, 41, 48, 47, 15, 50, 44, 47, 50, 50, 30, 50, 49, 34, 50, 30, 50, 42, 37, 50, 27, 50, 50, 50, 50, 14, 43, 50, 45, 50, 50, 50, 50, 50, 15, 50, 50, 50, 49, 50, 21, 50, 29, 42, 50, 50, 28, 50, 42, 50, 10, 26, 14, 50, 25, 50]
[0 0 0 0 0 0 0 0 0 0 0 0 0 0 0 0 0 0 0 0 0 0 0 0 0 0 0 0 0 0 0 0 0 0 0 0 0
 0 0 0 0 0 0 0 0 0 0 0 0 0 0 0 0 0 0 0 0 0 0 0 0 0 0 0 0 0 0 0 0 0 0 0 0 0
 0 0 0 0 0 0 0 0 0 0 0 0 0 0 0 0 0 0 0 0 0 0 0 0 0 0]
[1 1 1 1 1 1 1 1 1 1 1 1 1 1 1 1 1 1 1 1 1 1 1 1 1 1 1 1 1 1 1 1 1 1 1 1 1
 1 1 1 1 1 1 1 1 1 1 1 1 1 1 1 1 1 1 1 1 1 1 1 1 1 1 1 1 1 1 1 1 1 1 1 1 1
 1 1 1 1 1 1 1 1 1 1 1 1 1 1 1 1 1 1 1 1 1 1 1 1 1 1]
