[ 0  1  2  3  4  5  6  7  8  9 10 11 12 13 14 15 16 17 18 19 20 21 22 23
 24 25 26 27 28 29 30 31 32 33 34 35 36 37 38 39 40 41 42 43 44 45 46 47
 48 49 50 51 52 53 54 55 56 57 58 59 60 61 62 63 64 65 66 67 68 69 70 71
 72 73 74 75 76 77 78 79 80 81 82 83 84 85 86 87 88 89 90 91 92 93 94 95
 96 97 98 99]
[-1 10 88 77 98 73 24 -1 75 14 91 23 -1 89 25 29 95 16 22 47 -1 77 60 -1
 31 -1 15 16 -1 -1 27 -1 82 -1 60 73 -1  2 -1 -1 70 86 41 68  6 96 49 60
 55 54 84 89 90 96 -1 -1 -1 -1 74 63 -1  6 -1 -1 18 29 80 49 67 -1 63 15
 -1 -1 -1 34 -1 -1 64 35 12 67 -1 56  0 99 59 47 -1  2 34 -1 67 88 32 81
 13 45 -1 -1]
[0 0 1 0 1 1 1 1 0 0 1 0 1 0 1 0 0 1 1 1 0 0 1 1 0 1 0 1 0 0 0 1 1 1 1 0 1
 1 1 1 1 1 0 1 1 1 1 0 0 0 1 0 0 1 0 1 0 0 1 1 0 0 0 1 1 0 0 0 1 0 0 0 0 1
 0 0 1 1 1 1 0 1 0 1 0 1 1 1 1 0 0 0 0 0 1 0 1 1 0 1]
[0 0 0 0 0 0 1 0 1 3 1 1 0 1 0 0 4 4 2 0 3 0 0 2 2 0 4 0 3 0 0 0 3 0 0 4 3
 4 0 1 2 0 0 0 1 2 4 0 4 3 0 3 1 3 0 2 0 3 1 0 0 4 0 0 0 0 0 3 2 2 4 0 2 0
 4 0 3 2 0 3 0 4 0 0 1 3 4 2 4 0 3 4 2 0 0 0 1 0 2 0]
[0 0 0 0 0 0 1 0 1 3 1 1 0 1 0 0 4 4 2 0 3 0 0 2 2 0 4 0 3 0 0 0 3 0 0 4 3
 4 0 1 2 0 0 0 1 2 4 0 4 3 0 3 1 3 0 2 0 3 1 0 0 4 0 0 0 0 0 3 2 2 4 0 2 0
 4 0 3 2 0 3 0 4 0 0 1 3 4 2 4 0 3 4 2 0 0 0 1 0 2 0]
[8 3 6 4 3 5 7 7 6 4 4 1 9 1 6 6 3 2 4 2 2 4 2 1 6 1 6 8 1 1 5 9 8 2 6 6 6
 2 5 3 7 3 1 2 8 6 9 4 2 6 1 2 2 3 9 9 1 8 4 2 1 4 1 9 1 3 6 9 5 5 1 9 5 6
 4 5 2 7 7 3 3 3 5 1 3 6 9 1 8 9 4 8 9 5 5 9 5 5 4 5]
[8 3 6 4 3 5 7 7 6 4 4 1 9 1 6 6 3 2 4 2 2 4 2 1 6 1 6 8 1 1 5 9 8 2 6 6 6
 2 5 3 7 3 1 2 8 6 9 4 2 6 1 2 2 3 9 9 1 8 4 2 1 4 1 9 1 3 6 9 5 5 1 9 5 6
 4 5 2 7 7 3 3 3 5 1 3 6 9 1 8 9 4 8 9 5 5 9 5 5 4 5]
[22, 42, 50, 25, 50, 21, 48, 18, 50, 50, 50, 19, 50, 50, 50, 50, 50, 50, 50, 50, 44, 50, 23, 50, 32, 20, 50, 37, 50, 21, 50, 49, 50, 18, 50, 33, 50, 50, 50, 50, 50, 40, 12, 50, 50, 18, 31, 50, 14, 22, 50, 27, 36, 33, 26, 50, 38, 15, 50, 50, 30, 10, 21, 33, 50, 50, 50, 50, 50, 50, 50, 38, 49, 50, 44, 50, 50, 34, 50, 50, 40, 21, 38, 11, 50, 50, 50, 46, 14, 50, 50, 13, 50, 13, 31, 50, 49, 50, 31, 50]
[0 0 0 0 0 0 0 0 0 0 0 0 0 0 0 0 0 0 0 0 0 0 0 0 0 0 0 0 0 0 0 0 0 0 0 0 0
 0 0 0 0 0 0 0 0 0 0 0 0 0 0 0 0 0 0 0 0 0 0 0 0 0 0 0 0 0 0 0 0 0 0 0 0 0
 0 0 0 0 0 0 0 0 0 0 0 0 0 0 0 0 0 0 0 0 0 0 0 0 0 0]
[1 1 1 1 1 1 1 1 1 1 1 1 1 1 1 1 1 1 1 1 1 1 1 1 1 1 1 1 1 1 1 1 1 1 1 1 1
 1 1 1 1 1 1 1 1 1 1 1 1 1 1 1 1 1 1 1 1 1 1 1 1 1 1 1 1 1 1 1 1 1 1 1 1 1
 1 1 1 1 1 1 1 1 1 1 1 1 1 1 1 1 1 1 1 1 1 1 1 1 1 1]
