[ 0  1  2  3  4  5  6  7  8  9 10 11 12 13 14 15 16 17 18 19 20 21 22 23
 24 25 26 27 28 29 30 31 32 33 34 35 36 37 38 39 40 41 42 43 44 45 46 47
 48 49 50 51 52 53 54 55 56 57 58 59 60 61 62 63 64 65 66 67 68 69 70 71
 72 73 74 75 76 77 78 79 80 81 82 83 84 85 86 87 88 89 90 91 92 93 94 95
 96 97 98 99]
[57  5 34 20 81 58 -1 -1 41 -1 34 48 -1 24 54 76 28  7 26 -1 -1 39 39 57
 58 13 91 -1 30 59 -1 71  9 44 -1 90 -1 -1 -1 62 59 -1 20 -1 -1  5 -1 85
 -1 67 86 -1 99 22 -1 -1 68 39 48 54 -1 -1 74 -1 22 95 -1 -1 78 98 79 93
 -1 88 44 29 -1 60 -1 -1 17 89 75 16 -1 -1 55 18 -1 79 -1 97 41 57 -1 45
 -1  5 79 89]
[0 1 1 0 1 1 0 0 0 0 1 0 0 1 0 0 0 1 0 0 0 1 1 1 0 1 1 1 0 1 0 1 1 0 0 0 0
 1 0 0 0 0 0 1 0 0 1 0 1 0 0 1 1 1 1 0 1 1 1 0 0 0 1 1 1 0 1 1 0 0 0 1 1 1
 1 0 1 0 0 1 1 0 1 1 0 0 0 0 0 0 1 1 0 0 1 0 0 1 0 0]
[3 0 1 1 0 2 0 0 1 0 0 4 2 1 0 1 0 2 0 0 0 1 3 4 1 2 0 1 4 0 2 0 3 1 0 0 0
 0 2 0 0 0 0 1 0 0 0 0 0 3 4 2 0 1 0 3 0 4 0 0 0 3 0 0 3 0 0 0 1 0 0 3 2 0
 2 0 0 0 0 0 4 2 0 3 0 3 4 0 0 2 2 3 0 1 3 3 0 0 0 4]
[3 0 1 1 0 2 0 0 1 0 0 4 2 1 0 1 0 2 0 0 0 1 3 4 1 2 0 1 4 0 2 0 3 1 0 0 0
 0 2 0 0 0 0 1 0 0 0 0 0 3 4 2 0 1 0 3 0 4 0 0 0 3 0 0 3 0 0 0 1 0 0 3 2 0
 2 0 0 0 0 0 4 2 0 3 0 3 4 0 0 2 2 3 0 1 3 3 0 0 0 4]
[4 2 1 1 4 7 9 9 8 7 2 3 6 4 7 3 4 9 7 7 1 1 7 8 5 6 5 3 2 9 5 7 2 6 2 5 8
 5 8 4 3 3 9 5 6 4 2 7 4 9 4 6 2 5 6 6 5 5 8 6 9 7 4 9 1 6 9 9 7 8 5 9 8 8
 9 6 2 3 8 5 2 6 8 3 8 1 6 7 3 1 7 6 6 5 8 6 7 3 7 7]
[4 2 1 1 4 7 9 9 8 7 2 3 6 4 7 3 4 9 7 7 1 1 7 8 5 6 5 3 2 9 5 7 2 6 2 5 8
 5 8 4 3 3 9 5 6 4 2 7 4 9 4 6 2 5 6 6 5 5 8 6 9 7 4 9 1 6 9 9 7 8 5 9 8 8
 9 6 2 3 8 5 2 6 8 3 8 1 6 7 3 1 7 6 6 5 8 6 7 3 7 7]
[50, 50, 48, 50, 50, 17, 47, 16, 50, 31, 17, 19, 50, 34, 50, 37, 43, 50, 50, 50, 50, 46, 50, 50, 50, 50, 50, 35, 22, 50, 36, 47, 50, 38, 50, 23, 22, 47, 50, 39, 50, 50, 50, 43, 50, 33, 10, 50, 50, 50, 49, 29, 26, 48, 50, 50, 42, 24, 24, 10, 50, 24, 50, 23, 50, 50, 19, 50, 50, 50, 33, 50, 50, 29, 34, 50, 30, 50, 11, 24, 17, 50, 50, 33, 47, 27, 50, 13, 50, 34, 41, 31, 50, 50, 50, 29, 32, 48, 19, 50]
[0 0 0 0 0 0 0 0 0 0 0 0 0 0 0 0 0 0 0 0 0 0 0 0 0 0 0 0 0 0 0 0 0 0 0 0 0
 0 0 0 0 0 0 0 0 0 0 0 0 0 0 0 0 0 0 0 0 0 0 0 0 0 0 0 0 0 0 0 0 0 0 0 0 0
 0 0 0 0 0 0 0 0 0 0 0 0 0 0 0 0 0 0 0 0 0 0 0 0 0 0]
[1 1 1 1 1 1 1 1 1 1 1 1 1 1 1 1 1 1 1 1 1 1 1 1 1 1 1 1 1 1 1 1 1 1 1 1 1
 1 1 1 1 1 1 1 1 1 1 1 1 1 1 1 1 1 1 1 1 1 1 1 1 1 1 1 1 1 1 1 1 1 1 1 1 1
 1 1 1 1 1 1 1 1 1 1 1 1 1 1 1 1 1 1 1 1 1 1 1 1 1 1]
