[ 0  1  2  3  4  5  6  7  8  9 10 11 12 13 14 15 16 17 18 19 20 21 22 23
 24 25 26 27 28 29 30 31 32 33 34 35 36 37 38 39 40 41 42 43 44 45 46 47
 48 49 50 51 52 53 54 55 56 57 58 59 60 61 62 63 64 65 66 67 68 69 70 71
 72 73 74 75 76 77 78 79 80 81 82 83 84 85 86 87 88 89 90 91 92 93 94 95
 96 97 98 99]
[33 -1 94 -1 81 81 38 51 58 -1 -1 31 84 80 -1 84 -1 -1 14 -1 42 -1 49 84
 45 -1 -1 25 79 17 -1 91 85 69 -1 -1 96 21 -1 64 -1 -1 41 94 -1 49 13 67
 28 -1 84 -1 -1 83 67 26 -1 94 80 56 43 -1 -1 -1 -1 -1 16 -1 -1 37 53 55
 33 42 92 50 42  4 40 -1 -1 -1 -1 -1 -1  9 44 57 20 10  4 -1 88  1 50 14
 -1 63 66 23]
[1 0 1 0 1 1 1 0 1 1 1 1 1 0 0 0 1 0 0 0 0 1 1 0 1 0 0 0 1 1 1 1 1 0 1 0 1
 0 1 0 1 0 0 1 0 0 0 1 0 0 1 0 0 1 1 1 0 0 1 1 0 0 1 0 1 0 1 1 1 1 0 0 1 0
 0 1 0 1 1 1 0 1 0 1 1 0 1 0 0 0 0 1 0 0 0 1 0 1 1 0]
[4 3 2 1 0 0 0 0 0 0 3 0 0 0 4 4 0 2 3 3 0 0 0 0 0 0 0 2 4 0 0 0 3 0 1 0 0
 2 0 2 0 0 2 0 1 0 3 1 4 0 3 0 0 0 0 4 0 2 1 0 0 0 0 0 1 0 3 0 0 3 1 2 1 0
 0 0 0 0 0 3 0 3 0 2 1 0 2 3 0 3 3 0 1 3 0 0 0 2 1 0]
[4 3 2 1 0 0 0 0 0 0 3 0 0 0 4 4 0 2 3 3 0 0 0 0 0 0 0 2 4 0 0 0 3 0 1 0 0
 2 0 2 0 0 2 0 1 0 3 1 4 0 3 0 0 0 0 4 0 2 1 0 0 0 0 0 1 0 3 0 0 3 1 2 1 0
 0 0 0 0 0 3 0 3 0 2 1 0 2 3 0 3 3 0 1 3 0 0 0 2 1 0]
[6 8 1 3 1 6 8 3 9 2 7 8 9 1 3 6 1 7 6 9 6 3 3 9 7 1 1 1 4 8 5 5 6 9 9 8 2
 6 6 6 4 1 7 9 9 5 4 2 3 5 2 8 6 6 9 1 6 1 5 5 2 2 8 3 4 5 1 9 6 1 9 2 4 6
 2 4 5 1 4 5 3 3 5 5 1 9 6 8 5 2 8 4 1 3 6 5 5 8 8 3]
[6 8 1 3 1 6 8 3 9 2 7 8 9 1 3 6 1 7 6 9 6 3 3 9 7 1 1 1 4 8 5 5 6 9 9 8 2
 6 6 6 4 1 7 9 9 5 4 2 3 5 2 8 6 6 9 1 6 1 5 5 2 2 8 3 4 5 1 9 6 1 9 2 4 6
 2 4 5 1 4 5 3 3 5 5 1 9 6 8 5 2 8 4 1 3 6 5 5 8 8 3]
[50, 50, 31, 50, 18, 20, 50, 33, 23, 50, 19, 39, 27, 27, 50, 41, 50, 50, 28, 50, 40, 10, 50, 50, 50, 40, 50, 46, 21, 50, 50, 50, 36, 43, 39, 31, 50, 50, 50, 19, 32, 50, 13, 28, 26, 50, 50, 50, 50, 42, 50, 37, 41, 14, 50, 36, 44, 31, 50, 50, 50, 50, 50, 50, 50, 10, 10, 16, 50, 50, 50, 50, 33, 47, 50, 32, 22, 21, 50, 50, 50, 50, 50, 44, 45, 39, 45, 14, 50, 37, 50, 18, 40, 41, 13, 50, 48, 50, 50, 50]
[0 0 0 0 0 0 0 0 0 0 0 0 0 0 0 0 0 0 0 0 0 0 0 0 0 0 0 0 0 0 0 0 0 0 0 0 0
 0 0 0 0 0 0 0 0 0 0 0 0 0 0 0 0 0 0 0 0 0 0 0 0 0 0 0 0 0 0 0 0 0 0 0 0 0
 0 0 0 0 0 0 0 0 0 0 0 0 0 0 0 0 0 0 0 0 0 0 0 0 0 0]
[1 1 1 1 1 1 1 1 1 1 1 1 1 1 1 1 1 1 1 1 1 1 1 1 1 1 1 1 1 1 1 1 1 1 1 1 1
 1 1 1 1 1 1 1 1 1 1 1 1 1 1 1 1 1 1 1 1 1 1 1 1 1 1 1 1 1 1 1 1 1 1 1 1 1
 1 1 1 1 1 1 1 1 1 1 1 1 1 1 1 1 1 1 1 1 1 1 1 1 1 1]
