[ 0  1  2  3  4  5  6  7  8  9 10 11 12 13 14 15 16 17 18 19 20 21 22 23
 24 25 26 27 28 29 30 31 32 33 34 35 36 37 38 39 40 41 42 43 44 45 46 47
 48 49 50 51 52 53 54 55 56 57 58 59 60 61 62 63 64 65 66 67 68 69 70 71
 72 73 74 75 76 77 78 79 80 81 82 83 84 85 86 87 88 89 90 91 92 93 94 95
 96 97 98 99]
[39 11 -1 67 -1 86 47 -1 88 53 48 -1 34  3 -1 34 39 67  1 86 30 -1 -1 34
 13 59 -1 -1 49  7 -1 -1 98 -1 67 -1  2 -1 -1 30 36 47 -1 81 52 33 15 37
  9 37 77 55 88 14  4 79 -1  0 -1 -1 77 -1 26 48  9 -1 46  6 60 -1 -1 30
 -1 -1  8 20 -1 54 -1 -1 16 -1 73 -1 -1 -1 25  5 50 26 -1 86 33 -1 96 -1
 54 36 79 -1]
[0 0 0 0 0 0 1 0 0 1 1 1 1 1 1 0 0 1 0 0 0 0 0 0 0 0 0 1 1 1 1 1 0 1 0 1 1
 0 1 1 1 0 1 0 0 1 0 0 0 1 1 1 0 1 0 0 1 0 0 0 0 1 0 0 1 1 0 1 1 1 1 1 1 0
 1 0 0 0 1 1 0 1 0 1 0 0 0 0 1 0 1 1 0 0 0 1 0 1 0 1]
[0 0 0 0 0 0 0 1 3 0 0 3 2 0 0 0 1 0 3 2 1 0 2 2 0 0 0 0 3 0 4 0 4 4 2 3 1
 1 0 0 0 1 2 4 0 1 2 0 1 3 3 2 4 1 1 0 4 1 1 0 0 2 4 4 0 0 1 0 3 4 0 0 0 3
 3 0 0 2 0 2 1 0 4 3 0 1 0 2 0 3 3 2 4 0 0 1 0 0 0 0]
[0 0 0 0 0 0 0 1 3 0 0 3 2 0 0 0 1 0 3 2 1 0 2 2 0 0 0 0 3 0 4 0 4 4 2 3 1
 1 0 0 0 1 2 4 0 1 2 0 1 3 3 2 4 1 1 0 4 1 1 0 0 2 4 4 0 0 1 0 3 4 0 0 0 3
 3 0 0 2 0 2 1 0 4 3 0 1 0 2 0 3 3 2 4 0 0 1 0 0 0 0]
[1 2 5 5 3 9 9 6 6 5 4 9 4 7 9 8 1 9 3 7 8 2 7 7 7 1 8 5 6 1 7 4 7 2 8 8 8
 9 5 1 4 5 4 5 4 9 5 7 8 7 8 3 8 2 7 5 4 5 6 2 6 9 7 4 7 7 2 8 9 2 9 4 7 4
 8 3 7 1 7 6 5 9 7 2 5 1 4 8 9 4 9 3 5 9 2 2 2 2 3 5]
[1 2 5 5 3 9 9 6 6 5 4 9 4 7 9 8 1 9 3 7 8 2 7 7 7 1 8 5 6 1 7 4 7 2 8 8 8
 9 5 1 4 5 4 5 4 9 5 7 8 7 8 3 8 2 7 5 4 5 6 2 6 9 7 4 7 7 2 8 9 2 9 4 7 4
 8 3 7 1 7 6 5 9 7 2 5 1 4 8 9 4 9 3 5 9 2 2 2 2 3 5]
[50, 50, 50, 50, 50, 49, 50, 27, 36, 50, 50, 50, 28, 44, 11, 50, 40, 43, 50, 28, 44, 50, 11, 50, 49, 50, 50, 10, 50, 50, 31, 15, 50, 50, 50, 50, 27, 50, 50, 50, 11, 50, 50, 50, 50, 50, 22, 22, 50, 35, 50, 50, 31, 30, 50, 21, 17, 50, 26, 13, 44, 20, 16, 50, 50, 46, 12, 50, 50, 50, 18, 45, 38, 50, 12, 50, 33, 42, 50, 50, 43, 44, 26, 50, 50, 15, 50, 50, 24, 50, 50, 50, 50, 13, 50, 50, 50, 10, 28, 50]
[0 0 0 0 0 0 0 0 0 0 0 0 0 0 0 0 0 0 0 0 0 0 0 0 0 0 0 0 0 0 0 0 0 0 0 0 0
 0 0 0 0 0 0 0 0 0 0 0 0 0 0 0 0 0 0 0 0 0 0 0 0 0 0 0 0 0 0 0 0 0 0 0 0 0
 0 0 0 0 0 0 0 0 0 0 0 0 0 0 0 0 0 0 0 0 0 0 0 0 0 0]
[1 1 1 1 1 1 1 1 1 1 1 1 1 1 1 1 1 1 1 1 1 1 1 1 1 1 1 1 1 1 1 1 1 1 1 1 1
 1 1 1 1 1 1 1 1 1 1 1 1 1 1 1 1 1 1 1 1 1 1 1 1 1 1 1 1 1 1 1 1 1 1 1 1 1
 1 1 1 1 1 1 1 1 1 1 1 1 1 1 1 1 1 1 1 1 1 1 1 1 1 1]
