[ 0  1  2  3  4  5  6  7  8  9 10 11 12 13 14 15 16 17 18 19 20 21 22 23
 24 25 26 27 28 29 30 31 32 33 34 35 36 37 38 39 40 41 42 43 44 45 46 47
 48 49 50 51 52 53 54 55 56 57 58 59 60 61 62 63 64 65 66 67 68 69 70 71
 72 73 74 75 76 77 78 79 80 81 82 83 84 85 86 87 88 89 90 91 92 93 94 95
 96 97 98 99]
[-1 67 60 51 -1 96 44 19 -1 87 29 71 64 -1 12 -1 60  9 51 31 24 12 13 72
 68 48 -1 29 64 52 35 91 -1 91 56 -1 -1 63 31 -1 55 79 -1  6  1 -1 97 14
  9 -1 17 -1 -1 -1 -1 -1 -1 -1 -1 -1 -1 41 77 -1 48 72 97 -1 43 95 -1 12
 95 -1 76 -1 -1 59 54 -1 58 -1 -1 78 -1 91 -1 -1 -1 31 36 54 -1 82 47 -1
  7 29 50 73]
[1 1 1 0 0 0 1 1 0 0 0 1 0 0 1 1 0 0 0 0 0 0 0 1 1 1 0 0 0 0 1 0 1 0 1 0 1
 0 1 0 0 1 1 1 0 1 0 0 0 1 0 1 0 1 1 0 1 0 0 0 1 0 1 0 0 0 1 1 0 1 1 1 0 1
 0 0 1 0 0 1 0 0 1 0 0 1 0 1 1 1 0 0 1 0 1 0 1 0 0 0]
[2 1 0 0 0 4 4 0 0 0 1 3 0 0 0 0 0 0 0 1 0 0 0 1 3 0 4 2 2 0 2 0 1 0 0 3 0
 0 3 4 3 0 0 0 1 2 0 0 3 0 2 3 4 3 0 0 0 4 2 0 1 0 0 3 2 0 3 4 0 2 0 3 0 0
 3 0 3 2 2 1 0 0 0 0 0 4 0 0 2 4 0 4 1 0 1 0 2 3 0 1]
[2 1 0 0 0 4 4 0 0 0 1 3 0 0 0 0 0 0 0 1 0 0 0 1 3 0 4 2 2 0 2 0 1 0 0 3 0
 0 3 4 3 0 0 0 1 2 0 0 3 0 2 3 4 3 0 0 0 4 2 0 1 0 0 3 2 0 3 4 0 2 0 3 0 0
 3 0 3 2 2 1 0 0 0 0 0 4 0 0 2 4 0 4 1 0 1 0 2 3 0 1]
[4 6 6 6 7 9 9 6 8 5 2 8 2 2 5 2 2 8 4 3 6 8 4 1 3 9 7 4 7 3 7 1 1 6 7 6 9
 8 4 6 4 3 1 3 8 7 5 5 2 5 1 4 3 8 8 3 4 5 5 5 9 6 1 4 9 1 1 5 1 5 1 7 4 9
 7 1 5 6 4 6 1 7 2 4 3 5 1 1 5 2 5 9 5 8 6 3 1 2 4 4]
[4 6 6 6 7 9 9 6 8 5 2 8 2 2 5 2 2 8 4 3 6 8 4 1 3 9 7 4 7 3 7 1 1 6 7 6 9
 8 4 6 4 3 1 3 8 7 5 5 2 5 1 4 3 8 8 3 4 5 5 5 9 6 1 4 9 1 1 5 1 5 1 7 4 9
 7 1 5 6 4 6 1 7 2 4 3 5 1 1 5 2 5 9 5 8 6 3 1 2 4 4]
[50, 50, 50, 50, 35, 24, 45, 19, 14, 46, 50, 50, 50, 17, 33, 50, 50, 50, 11, 18, 50, 47, 50, 47, 10, 19, 12, 50, 50, 50, 50, 35, 18, 50, 10, 50, 44, 32, 50, 50, 16, 40, 50, 50, 17, 50, 39, 28, 15, 50, 50, 40, 50, 50, 40, 50, 46, 30, 36, 50, 23, 29, 50, 40, 11, 48, 39, 19, 50, 50, 50, 47, 50, 31, 46, 50, 50, 38, 50, 50, 50, 41, 29, 48, 50, 21, 49, 50, 40, 23, 27, 50, 36, 50, 50, 50, 50, 32, 50, 50]
[0 0 0 0 0 0 0 0 0 0 0 0 0 0 0 0 0 0 0 0 0 0 0 0 0 0 0 0 0 0 0 0 0 0 0 0 0
 0 0 0 0 0 0 0 0 0 0 0 0 0 0 0 0 0 0 0 0 0 0 0 0 0 0 0 0 0 0 0 0 0 0 0 0 0
 0 0 0 0 0 0 0 0 0 0 0 0 0 0 0 0 0 0 0 0 0 0 0 0 0 0]
[1 1 1 1 1 1 1 1 1 1 1 1 1 1 1 1 1 1 1 1 1 1 1 1 1 1 1 1 1 1 1 1 1 1 1 1 1
 1 1 1 1 1 1 1 1 1 1 1 1 1 1 1 1 1 1 1 1 1 1 1 1 1 1 1 1 1 1 1 1 1 1 1 1 1
 1 1 1 1 1 1 1 1 1 1 1 1 1 1 1 1 1 1 1 1 1 1 1 1 1 1]
