[ 0  1  2  3  4  5  6  7  8  9 10 11 12 13 14 15 16 17 18 19 20 21 22 23
 24 25 26 27 28 29 30 31 32 33 34 35 36 37 38 39 40 41 42 43 44 45 46 47
 48 49 50 51 52 53 54 55 56 57 58 59 60 61 62 63 64 65 66 67 68 69 70 71
 72 73 74 75 76 77 78 79 80 81 82 83 84 85 86 87 88 89 90 91 92 93 94 95
 96 97 98 99]
[-1 -1 62 41 -1 -1 97 -1 -1 -1 36 -1 48 -1 59 23 53 79 60 -1 10 27 85 96
 22 96 57 69 -1 -1 -1 -1 -1 -1 -1 85 -1 17 -1 -1 51 54 76 -1 -1 -1 18  6
 47 40 53 17 90 -1 -1 89 93 71 -1 54 -1 56 -1 76 -1 85 -1 59 -1 -1 29 28
 12 -1 69 57 30 61 18  6 -1 -1 42 97  2 77 -1 39 68 -1 59 -1 21 67 -1 19
 55  7 73 24]
[1 1 0 1 1 0 0 1 1 0 0 1 1 1 0 0 1 0 1 0 0 1 1 1 1 0 0 1 1 0 1 0 0 0 0 1 0
 0 0 1 0 0 1 0 0 0 0 1 0 1 1 1 1 1 1 1 0 1 0 1 1 1 0 1 1 1 1 1 1 0 0 0 1 1
 1 1 1 0 0 1 0 0 1 0 1 0 1 0 0 1 1 1 1 1 1 0 0 1 1 1]
[3 4 3 0 0 2 3 0 3 3 0 0 0 1 0 4 4 0 3 2 0 0 2 0 1 0 0 0 1 1 3 0 0 1 0 0 2
 1 0 2 0 1 0 0 0 4 0 0 0 1 0 0 3 1 3 0 0 0 4 0 0 1 0 0 0 0 0 0 3 0 0 4 1 2
 0 0 4 4 0 1 0 0 1 0 0 3 0 0 0 0 1 0 0 0 0 3 0 1 4 0]
[3 4 3 0 0 2 3 0 3 3 0 0 0 1 0 4 4 0 3 2 0 0 2 0 1 0 0 0 1 1 3 0 0 1 0 0 2
 1 0 2 0 1 0 0 0 4 0 0 0 1 0 0 3 1 3 0 0 0 4 0 0 1 0 0 0 0 0 0 3 0 0 4 1 2
 0 0 4 4 0 1 0 0 1 0 0 3 0 0 0 0 1 0 0 0 0 3 0 1 4 0]
[1 7 5 4 2 4 6 8 6 6 8 5 8 5 2 2 5 7 9 6 4 5 8 1 4 4 9 9 3 8 6 2 8 7 2 1 3
 8 2 4 6 4 6 2 1 5 2 2 1 8 2 2 7 7 5 1 6 3 4 8 5 7 7 5 5 8 6 8 8 2 2 5 8 6
 2 9 8 6 3 1 4 2 5 2 9 2 6 4 1 7 5 2 6 1 4 3 9 2 1 7]
[1 7 5 4 2 4 6 8 6 6 8 5 8 5 2 2 5 7 9 6 4 5 8 1 4 4 9 9 3 8 6 2 8 7 2 1 3
 8 2 4 6 4 6 2 1 5 2 2 1 8 2 2 7 7 5 1 6 3 4 8 5 7 7 5 5 8 6 8 8 2 2 5 8 6
 2 9 8 6 3 1 4 2 5 2 9 2 6 4 1 7 5 2 6 1 4 3 9 2 1 7]
[50, 42, 13, 44, 50, 50, 36, 50, 50, 50, 27, 50, 50, 50, 46, 50, 36, 24, 50, 33, 31, 50, 50, 33, 42, 50, 12, 38, 40, 50, 45, 50, 50, 50, 21, 44, 50, 50, 38, 37, 50, 50, 19, 14, 48, 50, 15, 50, 50, 50, 14, 50, 17, 14, 50, 10, 50, 43, 50, 22, 47, 16, 50, 50, 45, 50, 50, 50, 19, 43, 50, 50, 35, 50, 31, 18, 50, 50, 37, 26, 32, 15, 34, 50, 29, 50, 44, 29, 39, 50, 50, 50, 50, 21, 32, 50, 50, 10, 50, 50]
[0 0 0 0 0 0 0 0 0 0 0 0 0 0 0 0 0 0 0 0 0 0 0 0 0 0 0 0 0 0 0 0 0 0 0 0 0
 0 0 0 0 0 0 0 0 0 0 0 0 0 0 0 0 0 0 0 0 0 0 0 0 0 0 0 0 0 0 0 0 0 0 0 0 0
 0 0 0 0 0 0 0 0 0 0 0 0 0 0 0 0 0 0 0 0 0 0 0 0 0 0]
[1 1 1 1 1 1 1 1 1 1 1 1 1 1 1 1 1 1 1 1 1 1 1 1 1 1 1 1 1 1 1 1 1 1 1 1 1
 1 1 1 1 1 1 1 1 1 1 1 1 1 1 1 1 1 1 1 1 1 1 1 1 1 1 1 1 1 1 1 1 1 1 1 1 1
 1 1 1 1 1 1 1 1 1 1 1 1 1 1 1 1 1 1 1 1 1 1 1 1 1 1]
