[ 0  1  2  3  4  5  6  7  8  9 10 11 12 13 14 15 16 17 18 19 20 21 22 23
 24 25 26 27 28 29 30 31 32 33 34 35 36 37 38 39 40 41 42 43 44 45 46 47
 48 49 50 51 52 53 54 55 56 57 58 59 60 61 62 63 64 65 66 67 68 69 70 71
 72 73 74 75 76 77 78 79 80 81 82 83 84 85 86 87 88 89 90 91 92 93 94 95
 96 97 98 99]
[46 -1 -1 -1 11 64 79 64 99 99 -1 81 37 -1 -1 86 -1 64 67 69 18 -1 44 -1
 -1  3 72 -1 92 -1 40 72 37 41 -1 84 -1 -1 35 47 -1 -1 83 -1 18 12 34 -1
 56 36 39 61 -1 80 96  1 42 -1 67 47 -1 -1 -1  8 88 -1 27 -1 -1 -1 69  4
 54 74 26 72 20 -1 46 -1 -1 26 19 96 -1 99 83 72 41 76 64 -1 13 78 14 37
 -1 47 94 55]
[0 0 1 0 0 0 1 1 0 0 0 1 0 0 0 0 1 1 1 1 0 0 1 1 1 1 1 0 1 0 1 1 0 1 0 1 0
 1 0 1 1 1 1 0 0 1 0 0 0 0 1 0 0 0 0 1 0 1 0 0 0 0 1 1 0 0 0 1 0 1 0 0 1 0
 1 0 0 1 0 0 1 0 0 1 0 0 1 1 0 0 1 0 1 0 1 0 1 1 1 1]
[0 3 4 0 0 0 3 1 0 0 0 2 0 0 4 0 3 0 1 2 0 4 4 0 4 0 2 0 4 0 1 1 0 0 0 3 0
 0 3 0 0 0 0 0 0 3 0 3 0 0 2 0 0 0 0 0 4 4 0 2 2 1 0 4 0 2 3 0 3 0 2 0 2 1
 0 4 4 4 0 0 1 0 1 4 2 0 3 0 1 0 1 0 0 1 0 0 2 0 2 0]
[0 3 4 0 0 0 3 1 0 0 0 2 0 0 4 0 3 0 1 2 0 4 4 0 4 0 2 0 4 0 1 1 0 0 0 3 0
 0 3 0 0 0 0 0 0 3 0 3 0 0 2 0 0 0 0 0 4 4 0 2 2 1 0 4 0 2 3 0 3 0 2 0 2 1
 0 4 4 4 0 0 1 0 1 4 2 0 3 0 1 0 1 0 0 1 0 0 2 0 2 0]
[4 3 4 5 2 1 9 9 7 8 4 4 5 8 5 5 7 8 3 5 8 4 2 1 3 9 9 2 9 8 2 5 8 9 2 8 6
 1 5 9 2 8 6 1 6 6 1 7 3 1 5 6 3 8 9 4 1 5 4 5 8 6 2 2 6 9 9 5 6 8 4 3 2 4
 7 4 4 7 1 4 9 7 4 5 2 6 4 2 5 8 7 4 4 1 1 9 5 9 7 7]
[4 3 4 5 2 1 9 9 7 8 4 4 5 8 5 5 7 8 3 5 8 4 2 1 3 9 9 2 9 8 2 5 8 9 2 8 6
 1 5 9 2 8 6 1 6 6 1 7 3 1 5 6 3 8 9 4 1 5 4 5 8 6 2 2 6 9 9 5 6 8 4 3 2 4
 7 4 4 7 1 4 9 7 4 5 2 6 4 2 5 8 7 4 4 1 1 9 5 9 7 7]
[50, 50, 24, 14, 50, 50, 27, 48, 20, 49, 48, 50, 50, 24, 17, 14, 50, 35, 50, 12, 50, 32, 50, 50, 50, 50, 50, 50, 50, 50, 50, 50, 37, 40, 50, 50, 50, 17, 22, 50, 50, 14, 25, 50, 50, 44, 28, 50, 49, 50, 50, 47, 16, 50, 40, 50, 31, 39, 16, 39, 20, 28, 50, 50, 40, 50, 41, 50, 30, 50, 32, 50, 17, 45, 49, 50, 34, 50, 50, 44, 37, 49, 22, 50, 24, 12, 50, 27, 35, 50, 50, 50, 47, 37, 19, 22, 48, 50, 50, 23]
[0 0 0 0 0 0 0 0 0 0 0 0 0 0 0 0 0 0 0 0 0 0 0 0 0 0 0 0 0 0 0 0 0 0 0 0 0
 0 0 0 0 0 0 0 0 0 0 0 0 0 0 0 0 0 0 0 0 0 0 0 0 0 0 0 0 0 0 0 0 0 0 0 0 0
 0 0 0 0 0 0 0 0 0 0 0 0 0 0 0 0 0 0 0 0 0 0 0 0 0 0]
[1 1 1 1 1 1 1 1 1 1 1 1 1 1 1 1 1 1 1 1 1 1 1 1 1 1 1 1 1 1 1 1 1 1 1 1 1
 1 1 1 1 1 1 1 1 1 1 1 1 1 1 1 1 1 1 1 1 1 1 1 1 1 1 1 1 1 1 1 1 1 1 1 1 1
 1 1 1 1 1 1 1 1 1 1 1 1 1 1 1 1 1 1 1 1 1 1 1 1 1 1]
