[ 0  1  2  3  4  5  6  7  8  9 10 11 12 13 14 15 16 17 18 19 20 21 22 23
 24 25 26 27 28 29 30 31 32 33 34 35 36 37 38 39 40 41 42 43 44 45 46 47
 48 49 50 51 52 53 54 55 56 57 58 59 60 61 62 63 64 65 66 67 68 69 70 71
 72 73 74 75 76 77 78 79 80 81 82 83 84 85 86 87 88 89 90 91 92 93 94 95
 96 97 98 99]
[87 -1 84 29 69 10 52 94 -1 29 -1 55 11 70 -1 78 17 96 -1 -1 58 -1 10 83
 -1 36 -1  7 25 21  0 -1 64 36 50 82 52 -1 -1 -1 39 -1 51 -1 81 -1 48 76
  5 81 -1 -1 -1 52 79  3 -1 13 98 92 46 -1 -1 66 52 25 25 -1 64 -1 81 -1
 11 16 -1 -1 -1 -1 48 80 88 42 -1 25 12 92 49  8 -1 46 46  5 -1 -1  1 -1
 32 -1 -1 -1]
[1 1 1 0 0 1 0 0 0 1 1 0 0 0 0 1 0 0 0 1 1 0 1 0 0 0 1 1 1 0 0 1 0 0 1 0 1
 1 0 1 1 0 1 0 1 0 0 1 1 0 1 1 0 0 1 1 0 0 1 0 0 1 0 0 0 0 1 1 1 1 0 0 0 0
 1 0 1 0 1 0 0 0 1 1 1 0 1 0 1 1 1 0 0 1 0 0 1 0 0 0]
[0 0 0 0 0 4 0 3 4 0 2 2 0 0 0 1 3 4 3 0 0 0 0 0 0 0 2 0 0 0 1 0 4 2 0 1 4
 4 0 1 0 4 4 0 2 0 0 0 2 0 4 0 4 0 0 0 0 4 4 0 4 4 0 2 2 3 2 3 4 0 2 2 2 0
 0 2 0 1 0 0 0 0 0 0 0 0 0 2 0 0 0 1 0 0 1 2 0 1 4 0]
[0 0 0 0 0 4 0 3 4 0 2 2 0 0 0 1 3 4 3 0 0 0 0 0 0 0 2 0 0 0 1 0 4 2 0 1 4
 4 0 1 0 4 4 0 2 0 0 0 2 0 4 0 4 0 0 0 0 4 4 0 4 4 0 2 2 3 2 3 4 0 2 2 2 0
 0 2 0 1 0 0 0 0 0 0 0 0 0 2 0 0 0 1 0 0 1 2 0 1 4 0]
[1 8 7 4 2 6 5 8 9 8 1 4 2 4 2 2 4 9 2 6 4 9 7 6 8 1 8 8 3 7 8 1 1 1 8 4 7
 6 3 4 4 5 4 4 7 3 3 3 2 8 5 6 3 1 4 8 2 1 9 1 1 7 5 2 6 7 7 1 3 7 4 2 1 2
 2 8 8 9 7 6 5 1 2 2 8 2 1 3 1 8 1 2 6 5 6 5 2 5 2 8]
[1 8 7 4 2 6 5 8 9 8 1 4 2 4 2 2 4 9 2 6 4 9 7 6 8 1 8 8 3 7 8 1 1 1 8 4 7
 6 3 4 4 5 4 4 7 3 3 3 2 8 5 6 3 1 4 8 2 1 9 1 1 7 5 2 6 7 7 1 3 7 4 2 1 2
 2 8 8 9 7 6 5 1 2 2 8 2 1 3 1 8 1 2 6 5 6 5 2 5 2 8]
[50, 50, 16, 33, 50, 26, 50, 50, 22, 45, 13, 44, 50, 50, 41, 50, 23, 27, 50, 13, 28, 50, 50, 34, 47, 36, 50, 46, 34, 50, 50, 50, 50, 45, 50, 50, 35, 50, 50, 39, 22, 50, 33, 32, 50, 41, 50, 50, 41, 14, 50, 50, 17, 50, 50, 19, 16, 30, 44, 22, 50, 32, 50, 41, 29, 16, 27, 50, 50, 26, 13, 50, 50, 50, 50, 50, 23, 50, 50, 50, 16, 50, 34, 31, 50, 50, 28, 32, 50, 39, 22, 50, 36, 50, 50, 50, 50, 50, 50, 27]
[0 0 0 0 0 0 0 0 0 0 0 0 0 0 0 0 0 0 0 0 0 0 0 0 0 0 0 0 0 0 0 0 0 0 0 0 0
 0 0 0 0 0 0 0 0 0 0 0 0 0 0 0 0 0 0 0 0 0 0 0 0 0 0 0 0 0 0 0 0 0 0 0 0 0
 0 0 0 0 0 0 0 0 0 0 0 0 0 0 0 0 0 0 0 0 0 0 0 0 0 0]
[1 1 1 1 1 1 1 1 1 1 1 1 1 1 1 1 1 1 1 1 1 1 1 1 1 1 1 1 1 1 1 1 1 1 1 1 1
 1 1 1 1 1 1 1 1 1 1 1 1 1 1 1 1 1 1 1 1 1 1 1 1 1 1 1 1 1 1 1 1 1 1 1 1 1
 1 1 1 1 1 1 1 1 1 1 1 1 1 1 1 1 1 1 1 1 1 1 1 1 1 1]
