[ 0  1  2  3  4  5  6  7  8  9 10 11 12 13 14 15 16 17 18 19 20 21 22 23
 24 25 26 27 28 29 30 31 32 33 34 35 36 37 38 39 40 41 42 43 44 45 46 47
 48 49 50 51 52 53 54 55 56 57 58 59 60 61 62 63 64 65 66 67 68 69 70 71
 72 73 74 75 76 77 78 79 80 81 82 83 84 85 86 87 88 89 90 91 92 93 94 95
 96 97 98 99]
[-1 -1 33 48 68 47 -1 85 13 74 80 -1 75 -1 -1 -1 -1 43  9 37 -1 30  7 -1
  1 -1 -1 -1 21  2 41 47 57 20 65 82 48 -1 70 14 -1 -1 83  9 19 85 79 93
 73 17 17 -1 -1 19 34 66 63 91 36 24 16 52 80 37 16 -1 27 29 67 -1 69 -1
 -1 -1 -1 -1 20 -1 -1 73 -1 -1 -1  4 39 99 63 15 35 29 31  1 -1 -1 45 64
 50 71 69 -1]
[0 0 1 1 1 0 0 1 0 0 1 0 0 1 0 0 0 0 0 1 0 0 0 1 0 0 1 1 0 1 1 0 1 0 0 1 1
 1 1 0 1 1 0 1 0 1 1 0 1 0 1 0 0 1 0 1 0 1 0 0 0 1 0 0 1 1 1 1 1 0 0 0 0 0
 1 1 0 0 1 0 1 1 1 1 1 1 0 1 1 1 1 0 1 0 1 1 1 1 0 0]
[1 1 0 0 0 0 0 4 0 0 0 0 0 3 0 0 0 0 1 0 2 2 1 2 0 0 2 3 0 1 1 0 0 2 2 0 0
 0 1 2 2 2 0 0 4 1 4 0 0 0 4 1 2 1 3 4 4 0 0 1 1 3 0 0 0 0 4 0 0 2 3 1 0 1
 4 0 0 0 3 3 0 2 0 1 1 4 0 2 0 1 0 3 0 0 4 1 0 1 4 1]
[1 1 0 0 0 0 0 4 0 0 0 0 0 3 0 0 0 0 1 0 2 2 1 2 0 0 2 3 0 1 1 0 0 2 2 0 0
 0 1 2 2 2 0 0 4 1 4 0 0 0 4 1 2 1 3 4 4 0 0 1 1 3 0 0 0 0 4 0 0 2 3 1 0 1
 4 0 0 0 3 3 0 2 0 1 1 4 0 2 0 1 0 3 0 0 4 1 0 1 4 1]
[1 9 1 9 8 2 5 5 1 9 2 3 3 7 3 6 6 9 8 8 3 4 1 1 5 6 2 3 9 3 7 8 5 7 6 4 8
 8 9 8 6 3 5 7 9 8 3 3 4 6 8 9 4 3 6 3 8 4 6 9 8 9 5 4 5 6 1 4 7 1 1 9 7 7
 7 9 6 5 4 4 9 4 5 8 2 6 7 4 6 2 5 3 6 5 2 5 4 2 9 9]
[1 9 1 9 8 2 5 5 1 9 2 3 3 7 3 6 6 9 8 8 3 4 1 1 5 6 2 3 9 3 7 8 5 7 6 4 8
 8 9 8 6 3 5 7 9 8 3 3 4 6 8 9 4 3 6 3 8 4 6 9 8 9 5 4 5 6 1 4 7 1 1 9 7 7
 7 9 6 5 4 4 9 4 5 8 2 6 7 4 6 2 5 3 6 5 2 5 4 2 9 9]
[50, 50, 50, 45, 21, 27, 31, 42, 50, 50, 28, 50, 15, 32, 34, 50, 42, 50, 22, 50, 28, 29, 50, 49, 50, 10, 50, 28, 36, 45, 14, 20, 42, 50, 50, 44, 50, 27, 50, 50, 50, 14, 31, 30, 12, 43, 50, 28, 47, 33, 30, 50, 45, 50, 50, 50, 17, 44, 50, 39, 29, 50, 30, 22, 50, 33, 41, 50, 50, 50, 50, 50, 50, 48, 16, 44, 50, 36, 40, 34, 33, 50, 44, 50, 21, 50, 36, 50, 27, 23, 50, 21, 50, 50, 50, 50, 48, 50, 50, 50]
[0 0 0 0 0 0 0 0 0 0 0 0 0 0 0 0 0 0 0 0 0 0 0 0 0 0 0 0 0 0 0 0 0 0 0 0 0
 0 0 0 0 0 0 0 0 0 0 0 0 0 0 0 0 0 0 0 0 0 0 0 0 0 0 0 0 0 0 0 0 0 0 0 0 0
 0 0 0 0 0 0 0 0 0 0 0 0 0 0 0 0 0 0 0 0 0 0 0 0 0 0]
[1 1 1 1 1 1 1 1 1 1 1 1 1 1 1 1 1 1 1 1 1 1 1 1 1 1 1 1 1 1 1 1 1 1 1 1 1
 1 1 1 1 1 1 1 1 1 1 1 1 1 1 1 1 1 1 1 1 1 1 1 1 1 1 1 1 1 1 1 1 1 1 1 1 1
 1 1 1 1 1 1 1 1 1 1 1 1 1 1 1 1 1 1 1 1 1 1 1 1 1 1]
