[ 0  1  2  3  4  5  6  7  8  9 10 11 12 13 14 15 16 17 18 19 20 21 22 23
 24 25 26 27 28 29 30 31 32 33 34 35 36 37 38 39 40 41 42 43 44 45 46 47
 48 49 50 51 52 53 54 55 56 57 58 59 60 61 62 63 64 65 66 67 68 69 70 71
 72 73 74 75 76 77 78 79 80 81 82 83 84 85 86 87 88 89 90 91 92 93 94 95
 96 97 98 99]
[69 47 -1 98 92 -1 -1 -1 12 61 -1 39 83 43 -1 72 35  0 -1 48 -1 50 -1 -1
 -1 58 71 40 72 -1 28 91 94 66 80 19 90 -1 86 14 99  9 -1 18 -1 -1 -1 64
 -1 88 42 36 88 -1 28 33 -1 37 12  1 -1 -1 -1 47 68 39 35 -1 92 98 12 -1
 55 76 -1 43 90 85 -1 37  0 74 67 81 31 35 -1 -1 -1 94 -1  3 97 40 -1 -1
 -1 28  8 39]
[0 1 1 1 0 1 0 0 1 0 1 0 1 1 1 1 1 0 1 1 1 1 1 0 0 0 1 1 0 1 0 1 1 0 1 0 1
 1 0 1 1 1 1 1 1 1 1 1 1 1 0 1 1 1 0 0 1 0 0 0 0 0 0 0 0 0 1 0 0 1 0 0 1 0
 0 0 0 0 1 0 0 0 0 1 1 1 0 1 0 0 0 0 1 1 0 0 0 0 0 1]
[0 0 4 0 2 0 0 2 0 0 3 0 0 3 3 2 4 0 0 1 0 0 0 2 0 0 2 3 0 3 2 0 0 3 0 0 3
 3 0 3 2 1 3 3 4 4 2 0 3 1 0 0 0 4 0 4 0 2 1 0 0 4 4 3 3 3 0 2 0 0 2 0 1 0
 1 1 4 0 0 0 3 0 3 2 0 0 1 0 2 0 1 1 4 0 3 0 0 0 4 0]
[0 0 4 0 2 0 0 2 0 0 3 0 0 3 3 2 4 0 0 1 0 0 0 2 0 0 2 3 0 3 2 0 0 3 0 0 3
 3 0 3 2 1 3 3 4 4 2 0 3 1 0 0 0 4 0 4 0 2 1 0 0 4 4 3 3 3 0 2 0 0 2 0 1 0
 1 1 4 0 0 0 3 0 3 2 0 0 1 0 2 0 1 1 4 0 3 0 0 0 4 0]
[9 2 6 9 9 4 1 2 6 6 4 1 5 2 2 3 4 5 8 4 8 3 1 1 6 6 2 6 5 4 4 5 6 1 8 8 9
 7 3 4 3 7 5 5 6 5 1 5 1 3 2 1 8 5 9 4 3 6 6 1 8 9 7 6 8 9 7 9 2 1 7 7 6 1
 8 7 6 5 4 3 4 8 9 1 4 9 4 2 8 3 6 1 7 3 6 2 5 5 5 2]
[9 2 6 9 9 4 1 2 6 6 4 1 5 2 2 3 4 5 8 4 8 3 1 1 6 6 2 6 5 4 4 5 6 1 8 8 9
 7 3 4 3 7 5 5 6 5 1 5 1 3 2 1 8 5 9 4 3 6 6 1 8 9 7 6 8 9 7 9 2 1 7 7 6 1
 8 7 6 5 4 3 4 8 9 1 4 9 4 2 8 3 6 1 7 3 6 2 5 5 5 2]
[39, 50, 22, 50, 10, 50, 31, 50, 13, 50, 50, 50, 26, 50, 20, 50, 10, 50, 50, 50, 50, 50, 50, 30, 11, 50, 50, 20, 29, 50, 50, 50, 49, 50, 20, 19, 15, 50, 22, 50, 50, 50, 50, 13, 43, 50, 50, 14, 31, 50, 50, 14, 50, 50, 50, 50, 50, 50, 10, 50, 35, 50, 48, 47, 50, 50, 50, 50, 36, 50, 12, 22, 17, 50, 50, 50, 50, 50, 50, 14, 50, 29, 50, 50, 50, 50, 50, 50, 50, 21, 50, 27, 50, 50, 33, 17, 23, 42, 50, 16]
[0 0 0 0 0 0 0 0 0 0 0 0 0 0 0 0 0 0 0 0 0 0 0 0 0 0 0 0 0 0 0 0 0 0 0 0 0
 0 0 0 0 0 0 0 0 0 0 0 0 0 0 0 0 0 0 0 0 0 0 0 0 0 0 0 0 0 0 0 0 0 0 0 0 0
 0 0 0 0 0 0 0 0 0 0 0 0 0 0 0 0 0 0 0 0 0 0 0 0 0 0]
[1 1 1 1 1 1 1 1 1 1 1 1 1 1 1 1 1 1 1 1 1 1 1 1 1 1 1 1 1 1 1 1 1 1 1 1 1
 1 1 1 1 1 1 1 1 1 1 1 1 1 1 1 1 1 1 1 1 1 1 1 1 1 1 1 1 1 1 1 1 1 1 1 1 1
 1 1 1 1 1 1 1 1 1 1 1 1 1 1 1 1 1 1 1 1 1 1 1 1 1 1]
