[ 0  1  2  3  4  5  6  7  8  9 10 11 12 13 14 15 16 17 18 19 20 21 22 23
 24 25 26 27 28 29 30 31 32 33 34 35 36 37 38 39 40 41 42 43 44 45 46 47
 48 49 50 51 52 53 54 55 56 57 58 59 60 61 62 63 64 65 66 67 68 69 70 71
 72 73 74 75 76 77 78 79 80 81 82 83 84 85 86 87 88 89 90 91 92 93 94 95
 96 97 98 99]
[-1 -1 -1 -1 -1 93 97 41 35 -1 19 -1 67 -1 -1 51 -1 -1 85 56 27 76 64 61
 -1 98 14  9 15 -1 -1 -1 93 -1 83 -1 11 -1 98 27 14 29 44 45 33 19 81 75
 -1 86 38 59 -1 -1 -1 48 92 -1 22 -1 72 45 35 78 -1 -1 -1 -1 -1  1 -1 -1
 -1 -1 -1 17 37 -1 -1 57 22 -1 25 57 22 -1 94 28 -1 50 79 -1  4 58 -1 -1
 -1 -1 35 75]
[1 0 0 0 0 0 0 0 0 1 0 0 0 1 0 0 0 1 0 0 0 0 1 1 1 1 1 1 1 1 1 1 0 0 0 0 1
 0 0 1 1 0 0 1 1 0 1 1 1 0 0 0 0 0 1 0 1 1 0 0 1 0 1 1 1 0 1 1 1 0 0 1 0 1
 0 1 0 0 1 0 1 0 1 0 1 1 1 0 1 1 1 1 0 0 0 0 1 1 1 0]
[0 0 2 2 0 2 3 3 3 0 0 0 4 0 0 1 0 2 0 0 2 3 2 4 0 0 2 2 0 3 2 1 4 0 0 1 3
 0 3 2 2 0 0 3 0 0 0 4 0 0 2 0 3 1 0 1 1 4 0 3 0 0 0 0 0 2 2 2 1 0 0 2 3 0
 1 0 0 0 1 4 0 3 0 0 1 0 1 3 3 0 2 0 0 4 0 0 0 0 0 1]
[0 0 2 2 0 2 3 3 3 0 0 0 4 0 0 1 0 2 0 0 2 3 2 4 0 0 2 2 0 3 2 1 4 0 0 1 3
 0 3 2 2 0 0 3 0 0 0 4 0 0 2 0 3 1 0 1 1 4 0 3 0 0 0 0 0 2 2 2 1 0 0 2 3 0
 1 0 0 0 1 4 0 3 0 0 1 0 1 3 3 0 2 0 0 4 0 0 0 0 0 1]
[6 8 9 3 7 3 3 4 8 5 1 7 7 4 6 6 5 9 6 6 2 6 3 1 1 7 2 4 7 8 8 5 7 3 2 7 5
 8 1 8 2 9 2 7 7 7 9 3 5 5 5 5 6 1 3 5 2 5 9 2 9 3 5 1 8 7 4 2 6 7 9 3 3 5
 3 2 2 1 5 5 4 8 7 5 4 9 6 3 1 1 9 4 2 4 9 1 3 7 9 7]
[6 8 9 3 7 3 3 4 8 5 1 7 7 4 6 6 5 9 6 6 2 6 3 1 1 7 2 4 7 8 8 5 7 3 2 7 5
 8 1 8 2 9 2 7 7 7 9 3 5 5 5 5 6 1 3 5 2 5 9 2 9 3 5 1 8 7 4 2 6 7 9 3 3 5
 3 2 2 1 5 5 4 8 7 5 4 9 6 3 1 1 9 4 2 4 9 1 3 7 9 7]
[36, 50, 13, 30, 50, 37, 50, 47, 22, 50, 46, 50, 12, 40, 47, 21, 46, 15, 50, 50, 21, 25, 50, 32, 50, 44, 25, 50, 39, 30, 50, 50, 36, 37, 50, 50, 26, 50, 50, 50, 49, 25, 50, 50, 12, 50, 50, 15, 50, 50, 50, 22, 11, 50, 50, 50, 50, 50, 50, 50, 25, 50, 50, 12, 50, 50, 36, 36, 26, 22, 37, 45, 50, 29, 28, 12, 44, 50, 50, 50, 38, 43, 50, 50, 21, 14, 50, 50, 40, 41, 50, 13, 50, 50, 50, 50, 50, 46, 50, 31]
[0 0 0 0 0 0 0 0 0 0 0 0 0 0 0 0 0 0 0 0 0 0 0 0 0 0 0 0 0 0 0 0 0 0 0 0 0
 0 0 0 0 0 0 0 0 0 0 0 0 0 0 0 0 0 0 0 0 0 0 0 0 0 0 0 0 0 0 0 0 0 0 0 0 0
 0 0 0 0 0 0 0 0 0 0 0 0 0 0 0 0 0 0 0 0 0 0 0 0 0 0]
[1 1 1 1 1 1 1 1 1 1 1 1 1 1 1 1 1 1 1 1 1 1 1 1 1 1 1 1 1 1 1 1 1 1 1 1 1
 1 1 1 1 1 1 1 1 1 1 1 1 1 1 1 1 1 1 1 1 1 1 1 1 1 1 1 1 1 1 1 1 1 1 1 1 1
 1 1 1 1 1 1 1 1 1 1 1 1 1 1 1 1 1 1 1 1 1 1 1 1 1 1]
