[ 0  1  2  3  4  5  6  7  8  9 10 11 12 13 14 15 16 17 18 19 20 21 22 23
 24 25 26 27 28 29 30 31 32 33 34 35 36 37 38 39 40 41 42 43 44 45 46 47
 48 49 50 51 52 53 54 55 56 57 58 59 60 61 62 63 64 65 66 67 68 69 70 71
 72 73 74 75 76 77 78 79 80 81 82 83 84 85 86 87 88 89 90 91 92 93 94 95
 96 97 98 99]
[76 39 -1 -1 -1  1 89 -1 -1 -1 24 45 -1  2 36 43 52 65 93 -1 97 23 70 97
 38 13 82 -1 32 48 -1 42  9 -1 70 38 16 36 86 13 -1 27 -1 -1 -1 80 -1 65
  6 -1 -1 -1 -1 96  0 -1 66 -1 -1 78 39 -1 -1  1 -1 58 59 92 73 36 53 -1
 12 27 -1 70 88 -1 65  5 -1 -1 -1 25 -1 60 42 -1 -1 90 -1 81 90 60 32 90
 -1 -1 42 -1]
[1 1 0 1 1 0 1 1 0 1 0 1 0 0 0 1 0 1 0 0 1 1 0 1 1 1 0 1 1 0 1 1 0 0 1 1 0
 1 0 1 1 1 0 0 1 1 0 1 1 1 0 1 1 0 1 0 0 1 0 0 0 0 0 0 0 1 1 1 1 0 0 1 0 0
 1 0 1 0 1 0 0 0 1 0 0 0 0 1 0 1 1 1 1 0 1 0 1 0 1 1]
[1 1 0 0 0 0 2 4 1 0 0 0 0 3 0 0 0 0 3 4 3 0 2 0 0 0 4 1 0 0 0 3 0 2 2 0 0
 1 0 2 3 0 0 0 0 4 2 1 0 4 0 0 3 0 3 0 3 0 0 0 4 4 0 0 0 1 2 0 3 4 2 0 0 1
 2 0 3 0 0 1 0 0 0 2 0 0 0 2 3 0 1 0 2 0 0 4 2 0 2 0]
[1 1 0 0 0 0 2 4 1 0 0 0 0 3 0 0 0 0 3 4 3 0 2 0 0 0 4 1 0 0 0 3 0 2 2 0 0
 1 0 2 3 0 0 0 0 4 2 1 0 4 0 0 3 0 3 0 3 0 0 0 4 4 0 0 0 1 2 0 3 4 2 0 0 1
 2 0 3 0 0 1 0 0 0 2 0 0 0 2 3 0 1 0 2 0 0 4 2 0 2 0]
[7 4 1 4 6 7 9 1 2 2 3 4 8 6 8 2 2 5 6 5 6 8 6 8 9 5 3 8 3 5 9 6 4 4 6 4 6
 3 3 5 3 7 5 1 7 8 6 6 8 8 6 1 9 5 7 1 5 1 2 7 8 3 2 3 9 2 1 6 8 3 8 4 4 7
 4 5 4 6 6 6 9 8 3 2 1 9 9 1 7 9 1 8 1 2 6 1 3 8 9 4]
[7 4 1 4 6 7 9 1 2 2 3 4 8 6 8 2 2 5 6 5 6 8 6 8 9 5 3 8 3 5 9 6 4 4 6 4 6
 3 3 5 3 7 5 1 7 8 6 6 8 8 6 1 9 5 7 1 5 1 2 7 8 3 2 3 9 2 1 6 8 3 8 4 4 7
 4 5 4 6 6 6 9 8 3 2 1 9 9 1 7 9 1 8 1 2 6 1 3 8 9 4]
[45, 38, 42, 32, 50, 50, 36, 50, 50, 50, 25, 15, 50, 10, 21, 50, 38, 50, 50, 45, 49, 30, 41, 36, 50, 50, 50, 50, 14, 50, 40, 12, 50, 50, 50, 50, 50, 50, 11, 42, 42, 50, 50, 18, 50, 36, 50, 14, 50, 50, 50, 50, 42, 50, 50, 38, 50, 37, 21, 50, 50, 37, 48, 50, 50, 37, 26, 50, 28, 17, 50, 50, 50, 46, 50, 50, 13, 11, 19, 33, 39, 50, 48, 22, 19, 39, 50, 41, 49, 35, 41, 50, 21, 50, 23, 25, 50, 40, 44, 29]
[0 0 0 0 0 0 0 0 0 0 0 0 0 0 0 0 0 0 0 0 0 0 0 0 0 0 0 0 0 0 0 0 0 0 0 0 0
 0 0 0 0 0 0 0 0 0 0 0 0 0 0 0 0 0 0 0 0 0 0 0 0 0 0 0 0 0 0 0 0 0 0 0 0 0
 0 0 0 0 0 0 0 0 0 0 0 0 0 0 0 0 0 0 0 0 0 0 0 0 0 0]
[1 1 1 1 1 1 1 1 1 1 1 1 1 1 1 1 1 1 1 1 1 1 1 1 1 1 1 1 1 1 1 1 1 1 1 1 1
 1 1 1 1 1 1 1 1 1 1 1 1 1 1 1 1 1 1 1 1 1 1 1 1 1 1 1 1 1 1 1 1 1 1 1 1 1
 1 1 1 1 1 1 1 1 1 1 1 1 1 1 1 1 1 1 1 1 1 1 1 1 1 1]
