[ 0  1  2  3  4  5  6  7  8  9 10 11 12 13 14 15 16 17 18 19 20 21 22 23
 24 25 26 27 28 29 30 31 32 33 34 35 36 37 38 39 40 41 42 43 44 45 46 47
 48 49 50 51 52 53 54 55 56 57 58 59 60 61 62 63 64 65 66 67 68 69 70 71
 72 73 74 75 76 77 78 79 80 81 82 83 84 85 86 87 88 89 90 91 92 93 94 95
 96 97 98 99]
[17  3 24  7 -1 -1 -1 -1 13 74 -1 -1 88 -1 -1 60 -1 -1 -1 -1 69 53 48 -1
 48 44 -1 94 22 -1 40 39 59 17  7 20 -1 74 19 -1 -1 -1 -1 73 18 78  6 59
 44 83 55  0 13 -1 50 29 72 19 22 88 23 82 34 68 61 -1 11 50 28 84 30 -1
 -1 -1 22 -1 -1 -1 67  8 78 94 -1 -1 11 76 26 39 35 52  6 -1 -1 -1 18 -1
 -1 53 65  9]
[0 0 0 0 1 1 0 1 0 1 0 1 1 1 0 1 0 0 0 0 1 0 0 0 0 0 0 1 1 0 0 1 1 1 0 0 0
 1 0 0 1 0 0 0 0 1 1 1 1 1 0 1 1 1 1 0 0 0 1 1 0 0 1 1 1 0 0 0 1 1 0 1 1 0
 1 0 0 0 0 1 0 1 1 0 1 0 0 0 1 1 1 0 0 1 0 1 0 1 0 0]
[3 2 4 0 0 0 0 0 2 0 1 4 3 0 0 0 2 0 2 3 0 0 0 2 0 0 0 1 0 0 1 4 2 4 0 0 4
 1 2 2 3 2 0 4 4 0 4 2 0 2 2 3 0 2 2 2 3 0 0 0 0 0 0 1 0 0 1 0 0 0 0 2 3 0
 0 0 2 2 4 2 0 2 0 4 3 1 4 4 4 2 3 3 0 4 4 0 4 0 0 0]
[3 2 4 0 0 0 0 0 2 0 1 4 3 0 0 0 2 0 2 3 0 0 0 2 0 0 0 1 0 0 1 4 2 4 0 0 4
 1 2 2 3 2 0 4 4 0 4 2 0 2 2 3 0 2 2 2 3 0 0 0 0 0 0 1 0 0 1 0 0 0 0 2 3 0
 0 0 2 2 4 2 0 2 0 4 3 1 4 4 4 2 3 3 0 4 4 0 4 0 0 0]
[7 3 2 4 8 6 9 7 2 9 4 9 3 6 9 9 6 6 2 5 3 6 9 7 9 3 4 3 5 7 5 3 9 7 5 1 6
 3 7 5 5 4 2 2 8 4 4 6 7 6 4 3 9 3 6 5 4 8 6 3 8 7 5 5 8 1 1 8 4 3 8 9 6 6
 8 3 8 8 6 3 8 3 3 1 8 9 7 7 5 7 8 7 7 7 1 6 1 2 5 3]
[7 3 2 4 8 6 9 7 2 9 4 9 3 6 9 9 6 6 2 5 3 6 9 7 9 3 4 3 5 7 5 3 9 7 5 1 6
 3 7 5 5 4 2 2 8 4 4 6 7 6 4 3 9 3 6 5 4 8 6 3 8 7 5 5 8 1 1 8 4 3 8 9 6 6
 8 3 8 8 6 3 8 3 3 1 8 9 7 7 5 7 8 7 7 7 1 6 1 2 5 3]
[50, 16, 22, 25, 50, 50, 49, 10, 50, 35, 50, 37, 50, 39, 50, 26, 17, 28, 50, 20, 50, 50, 13, 39, 43, 50, 20, 50, 50, 37, 45, 50, 50, 49, 50, 50, 50, 44, 50, 50, 17, 50, 50, 50, 50, 50, 50, 45, 50, 11, 50, 50, 50, 24, 21, 50, 50, 20, 31, 49, 50, 31, 24, 17, 50, 13, 49, 18, 50, 50, 50, 35, 10, 50, 26, 50, 50, 50, 50, 50, 31, 12, 50, 19, 21, 50, 27, 50, 50, 50, 45, 50, 50, 47, 50, 50, 50, 27, 16, 50]
[0 0 0 0 0 0 0 0 0 0 0 0 0 0 0 0 0 0 0 0 0 0 0 0 0 0 0 0 0 0 0 0 0 0 0 0 0
 0 0 0 0 0 0 0 0 0 0 0 0 0 0 0 0 0 0 0 0 0 0 0 0 0 0 0 0 0 0 0 0 0 0 0 0 0
 0 0 0 0 0 0 0 0 0 0 0 0 0 0 0 0 0 0 0 0 0 0 0 0 0 0]
[1 1 1 1 1 1 1 1 1 1 1 1 1 1 1 1 1 1 1 1 1 1 1 1 1 1 1 1 1 1 1 1 1 1 1 1 1
 1 1 1 1 1 1 1 1 1 1 1 1 1 1 1 1 1 1 1 1 1 1 1 1 1 1 1 1 1 1 1 1 1 1 1 1 1
 1 1 1 1 1 1 1 1 1 1 1 1 1 1 1 1 1 1 1 1 1 1 1 1 1 1]
