[ 0  1  2  3  4  5  6  7  8  9 10 11 12 13 14 15 16 17 18 19 20 21 22 23
 24 25 26 27 28 29 30 31 32 33 34 35 36 37 38 39 40 41 42 43 44 45 46 47
 48 49 50 51 52 53 54 55 56 57 58 59 60 61 62 63 64 65 66 67 68 69 70 71
 72 73 74 75 76 77 78 79 80 81 82 83 84 85 86 87 88 89 90 91 92 93 94 95
 96 97 98 99]
[60 96 85 -1  6 14 18 -1 86  6 84 -1 54 -1 -1 -1 85 -1 60 97 -1 -1 -1 -1
 20 98 -1 -1 -1 24 62 44 -1 89 84 94 55 -1 41 33 15 90 71 88 -1 -1 34 33
 94 -1 16  5 48 81 18 60 77 25 23 95 44 -1  0 -1 60 24  0 35 -1 40 -1 99
 -1 91 24 -1 92  7 72  3 28 70 -1 -1 74 62 88 58 12 58 63 29 25 90 -1 -1
 -1 -1 11 64]
[1 0 1 1 0 0 1 0 0 1 0 0 0 0 1 0 0 1 0 0 0 0 0 0 0 1 1 0 0 0 0 1 1 1 1 1 1
 1 0 1 0 1 1 0 0 1 0 1 0 1 0 1 1 0 1 1 1 1 1 0 1 0 0 0 0 1 0 1 0 1 0 1 1 1
 0 1 1 1 0 0 0 1 1 1 0 0 1 1 1 1 0 0 1 0 0 0 0 0 0 0]
[0 1 2 0 3 0 0 4 0 0 0 2 4 0 0 4 4 0 0 4 2 0 1 0 1 2 0 0 0 0 0 2 0 0 2 0 4
 0 0 0 0 1 2 2 3 2 4 0 3 0 1 2 0 3 0 1 0 0 1 2 4 1 1 3 3 2 0 0 4 1 0 0 0 2
 0 3 4 0 1 4 0 3 2 0 0 4 3 0 4 2 3 0 0 0 0 0 4 0 1 2]
[0 1 2 0 3 0 0 4 0 0 0 2 4 0 0 4 4 0 0 4 2 0 1 0 1 2 0 0 0 0 0 2 0 0 2 0 4
 0 0 0 0 1 2 2 3 2 4 0 3 0 1 2 0 3 0 1 0 0 1 2 4 1 1 3 3 2 0 0 4 1 0 0 0 2
 0 3 4 0 1 4 0 3 2 0 0 4 3 0 4 2 3 0 0 0 0 0 4 0 1 2]
[5 7 4 4 1 8 7 5 7 6 4 7 4 4 9 5 4 9 3 4 7 8 9 2 2 2 4 5 7 5 6 8 5 4 8 8 7
 9 6 7 9 9 9 7 7 8 6 9 4 9 5 9 8 9 3 8 3 1 5 7 5 9 1 1 2 4 1 8 5 2 5 6 8 2
 6 1 7 7 7 3 8 2 7 6 3 2 3 1 7 5 5 5 8 6 9 6 8 4 9 8]
[5 7 4 4 1 8 7 5 7 6 4 7 4 4 9 5 4 9 3 4 7 8 9 2 2 2 4 5 7 5 6 8 5 4 8 8 7
 9 6 7 9 9 9 7 7 8 6 9 4 9 5 9 8 9 3 8 3 1 5 7 5 9 1 1 2 4 1 8 5 2 5 6 8 2
 6 1 7 7 7 3 8 2 7 6 3 2 3 1 7 5 5 5 8 6 9 6 8 4 9 8]
[48, 50, 50, 30, 50, 50, 50, 21, 46, 23, 32, 50, 50, 35, 50, 50, 50, 47, 47, 50, 44, 50, 50, 31, 50, 50, 48, 50, 17, 50, 50, 50, 50, 25, 11, 13, 50, 14, 50, 50, 39, 50, 50, 23, 36, 50, 20, 50, 50, 50, 50, 18, 38, 20, 15, 50, 18, 13, 50, 50, 50, 32, 36, 50, 49, 50, 50, 16, 50, 15, 50, 30, 13, 50, 50, 50, 37, 50, 42, 19, 27, 35, 27, 50, 30, 50, 17, 50, 50, 50, 50, 32, 41, 28, 50, 50, 26, 26, 50, 50]
[0 0 0 0 0 0 0 0 0 0 0 0 0 0 0 0 0 0 0 0 0 0 0 0 0 0 0 0 0 0 0 0 0 0 0 0 0
 0 0 0 0 0 0 0 0 0 0 0 0 0 0 0 0 0 0 0 0 0 0 0 0 0 0 0 0 0 0 0 0 0 0 0 0 0
 0 0 0 0 0 0 0 0 0 0 0 0 0 0 0 0 0 0 0 0 0 0 0 0 0 0]
[1 1 1 1 1 1 1 1 1 1 1 1 1 1 1 1 1 1 1 1 1 1 1 1 1 1 1 1 1 1 1 1 1 1 1 1 1
 1 1 1 1 1 1 1 1 1 1 1 1 1 1 1 1 1 1 1 1 1 1 1 1 1 1 1 1 1 1 1 1 1 1 1 1 1
 1 1 1 1 1 1 1 1 1 1 1 1 1 1 1 1 1 1 1 1 1 1 1 1 1 1]
