[ 0  1  2  3  4  5  6  7  8  9 10 11 12 13 14 15 16 17 18 19 20 21 22 23
 24 25 26 27 28 29 30 31 32 33 34 35 36 37 38 39 40 41 42 43 44 45 46 47
 48 49 50 51 52 53 54 55 56 57 58 59 60 61 62 63 64 65 66 67 68 69 70 71
 72 73 74 75 76 77 78 79 80 81 82 83 84 85 86 87 88 89 90 91 92 93 94 95
 96 97 98 99]
[14  5 59 -1 75 42 84 -1 -1 82 31 24 -1  0 92 60 -1 67 33 43 -1 48 -1 -1
 30 14 11 56 -1 28 59  0 77 36 -1 -1 -1 48 30  0 -1 -1 17 -1 -1 37 35 94
 -1 19 35 79 -1 -1 39 88 48 -1 -1 68 68 28 -1 17 56 68 58 72 96 -1 -1  9
 -1 -1 94 -1 90 -1 -1 94 87 38 28 96 17 31 68 -1  4 68 -1 82 52 45 34 83
 -1 44 -1 21]
[1 1 1 1 1 1 0 1 0 0 0 0 1 0 0 1 1 1 1 1 1 0 1 0 1 1 0 1 1 1 0 1 0 1 0 1 0
 0 0 1 1 1 1 1 0 1 0 0 0 0 1 0 0 1 0 0 1 1 0 0 0 0 0 0 1 1 0 0 1 1 0 1 0 0
 1 0 1 1 1 0 1 0 0 1 1 0 0 0 0 1 1 0 0 0 1 0 1 1 0 1]
[0 3 3 0 0 3 1 1 0 1 0 0 0 0 0 3 2 2 0 0 0 2 4 0 3 3 1 0 0 0 3 0 0 0 0 0 0
 0 0 0 0 3 1 0 4 0 0 2 0 0 3 2 3 0 3 0 4 2 2 0 0 0 0 0 0 2 1 0 3 3 0 1 0 0
 4 4 0 0 4 2 0 0 2 1 0 0 0 3 0 0 0 3 4 2 0 4 3 4 0 1]
[0 3 3 0 0 3 1 1 0 1 0 0 0 0 0 3 2 2 0 0 0 2 4 0 3 3 1 0 0 0 3 0 0 0 0 0 0
 0 0 0 0 3 1 0 4 0 0 2 0 0 3 2 3 0 3 0 4 2 2 0 0 0 0 0 0 2 1 0 3 3 0 1 0 0
 4 4 0 0 4 2 0 0 2 1 0 0 0 3 0 0 0 3 4 2 0 4 3 4 0 1]
[9 8 7 2 1 7 6 2 5 9 7 1 2 2 5 4 7 8 8 5 2 2 1 8 8 3 6 3 1 2 5 5 2 7 2 7 5
 5 8 2 6 6 9 3 8 7 7 9 6 7 5 7 7 3 2 3 2 9 6 7 2 2 4 8 3 9 1 8 5 6 2 1 3 9
 4 9 7 6 3 7 5 3 8 4 9 5 9 3 3 5 5 4 5 2 4 7 3 6 4 9]
[9 8 7 2 1 7 6 2 5 9 7 1 2 2 5 4 7 8 8 5 2 2 1 8 8 3 6 3 1 2 5 5 2 7 2 7 5
 5 8 2 6 6 9 3 8 7 7 9 6 7 5 7 7 3 2 3 2 9 6 7 2 2 4 8 3 9 1 8 5 6 2 1 3 9
 4 9 7 6 3 7 5 3 8 4 9 5 9 3 3 5 5 4 5 2 4 7 3 6 4 9]
[50, 50, 29, 50, 50, 47, 50, 32, 42, 32, 39, 50, 50, 47, 50, 43, 50, 50, 11, 50, 50, 35, 29, 50, 50, 50, 50, 16, 26, 50, 13, 45, 35, 50, 17, 50, 50, 26, 18, 38, 50, 42, 50, 11, 50, 19, 21, 50, 50, 45, 50, 24, 50, 20, 28, 36, 50, 28, 50, 21, 49, 19, 50, 50, 50, 50, 30, 48, 50, 50, 49, 50, 22, 47, 50, 50, 32, 16, 22, 50, 36, 50, 50, 11, 50, 21, 38, 36, 20, 48, 50, 50, 44, 40, 50, 50, 50, 41, 16, 50]
[0 0 0 0 0 0 0 0 0 0 0 0 0 0 0 0 0 0 0 0 0 0 0 0 0 0 0 0 0 0 0 0 0 0 0 0 0
 0 0 0 0 0 0 0 0 0 0 0 0 0 0 0 0 0 0 0 0 0 0 0 0 0 0 0 0 0 0 0 0 0 0 0 0 0
 0 0 0 0 0 0 0 0 0 0 0 0 0 0 0 0 0 0 0 0 0 0 0 0 0 0]
[1 1 1 1 1 1 1 1 1 1 1 1 1 1 1 1 1 1 1 1 1 1 1 1 1 1 1 1 1 1 1 1 1 1 1 1 1
 1 1 1 1 1 1 1 1 1 1 1 1 1 1 1 1 1 1 1 1 1 1 1 1 1 1 1 1 1 1 1 1 1 1 1 1 1
 1 1 1 1 1 1 1 1 1 1 1 1 1 1 1 1 1 1 1 1 1 1 1 1 1 1]
