[ 0  1  2  3  4  5  6  7  8  9 10 11 12 13 14 15 16 17 18 19 20 21 22 23
 24 25 26 27 28 29 30 31 32 33 34 35 36 37 38 39 40 41 42 43 44 45 46 47
 48 49 50 51 52 53 54 55 56 57 58 59 60 61 62 63 64 65 66 67 68 69 70 71
 72 73 74 75 76 77 78 79 80 81 82 83 84 85 86 87 88 89 90 91 92 93 94 95
 96 97 98 99]
[76 85 51 56 -1 29 12 55 90 -1 96 -1 -1 38 62 90 30 80 52 88  0 93 30  8
 -1 17 85 98 23 55 -1 -1 -1 74 -1 -1 19 74 30 82 -1  8 11 17 -1 24 96 36
 76 35 -1 -1 47 61 60 68 -1 -1 54 -1 25 -1 45 58 31 -1  0 78 73 -1 34 80
 -1 -1 47 70 -1 37 85 70 70 -1 56 -1 64 53 -1 -1 -1 -1 95 -1 90 -1 65  7
 25 80 84 94]
[1 0 0 1 0 0 0 1 0 1 0 1 0 0 1 1 0 1 0 1 1 0 1 1 1 1 0 0 1 0 0 0 1 1 0 0 1
 0 1 1 1 0 0 0 1 0 0 0 0 0 1 0 1 0 0 0 0 0 1 1 1 1 1 1 0 1 1 1 0 1 0 1 1 0
 0 1 1 0 1 1 1 0 1 1 1 1 0 1 0 1 0 0 0 0 0 0 1 1 1 1]
[2 0 1 3 1 0 0 3 0 0 0 0 4 0 0 0 2 0 0 2 3 1 2 0 0 0 4 1 3 0 0 4 2 1 3 0 3
 2 2 1 0 3 0 1 0 2 0 0 2 0 0 0 0 3 4 2 0 1 0 0 1 3 0 1 4 0 0 2 4 0 3 0 0 0
 0 1 0 4 4 3 3 0 4 2 0 0 0 2 0 0 0 3 3 3 1 3 0 0 4 0]
[2 0 1 3 1 0 0 3 0 0 0 0 4 0 0 0 2 0 0 2 3 1 2 0 0 0 4 1 3 0 0 4 2 1 3 0 3
 2 2 1 0 3 0 1 0 2 0 0 2 0 0 0 0 3 4 2 0 1 0 0 1 3 0 1 4 0 0 2 4 0 3 0 0 0
 0 1 0 4 4 3 3 0 4 2 0 0 0 2 0 0 0 3 3 3 1 3 0 0 4 0]
[4 8 9 7 9 5 4 9 4 8 5 1 1 6 3 5 7 1 2 6 6 7 6 6 1 4 7 1 6 5 3 1 3 6 8 8 4
 4 9 3 2 8 1 9 9 6 2 1 1 5 3 6 5 9 8 9 2 4 7 9 8 4 4 4 6 4 7 3 6 6 4 7 9 5
 7 7 5 3 4 7 3 5 5 4 7 8 2 9 7 8 9 9 4 6 5 7 7 5 9 8]
[4 8 9 7 9 5 4 9 4 8 5 1 1 6 3 5 7 1 2 6 6 7 6 6 1 4 7 1 6 5 3 1 3 6 8 8 4
 4 9 3 2 8 1 9 9 6 2 1 1 5 3 6 5 9 8 9 2 4 7 9 8 4 4 4 6 4 7 3 6 6 4 7 9 5
 7 7 5 3 4 7 3 5 5 4 7 8 2 9 7 8 9 9 4 6 5 7 7 5 9 8]
[24, 13, 10, 42, 18, 33, 50, 50, 41, 50, 50, 24, 14, 27, 21, 42, 50, 50, 26, 31, 16, 50, 12, 50, 50, 50, 49, 50, 24, 21, 44, 50, 50, 50, 50, 32, 50, 50, 46, 50, 19, 40, 50, 26, 50, 50, 50, 50, 25, 50, 50, 21, 36, 50, 50, 50, 50, 50, 20, 46, 50, 50, 50, 49, 50, 50, 50, 49, 50, 50, 50, 44, 50, 31, 50, 10, 17, 50, 50, 50, 10, 40, 50, 42, 50, 50, 50, 48, 38, 22, 36, 17, 50, 50, 50, 27, 45, 17, 36, 29]
[0 0 0 0 0 0 0 0 0 0 0 0 0 0 0 0 0 0 0 0 0 0 0 0 0 0 0 0 0 0 0 0 0 0 0 0 0
 0 0 0 0 0 0 0 0 0 0 0 0 0 0 0 0 0 0 0 0 0 0 0 0 0 0 0 0 0 0 0 0 0 0 0 0 0
 0 0 0 0 0 0 0 0 0 0 0 0 0 0 0 0 0 0 0 0 0 0 0 0 0 0]
[1 1 1 1 1 1 1 1 1 1 1 1 1 1 1 1 1 1 1 1 1 1 1 1 1 1 1 1 1 1 1 1 1 1 1 1 1
 1 1 1 1 1 1 1 1 1 1 1 1 1 1 1 1 1 1 1 1 1 1 1 1 1 1 1 1 1 1 1 1 1 1 1 1 1
 1 1 1 1 1 1 1 1 1 1 1 1 1 1 1 1 1 1 1 1 1 1 1 1 1 1]
