[ 0  1  2  3  4  5  6  7  8  9 10 11 12 13 14 15 16 17 18 19 20 21 22 23
 24 25 26 27 28 29 30 31 32 33 34 35 36 37 38 39 40 41 42 43 44 45 46 47
 48 49 50 51 52 53 54 55 56 57 58 59 60 61 62 63 64 65 66 67 68 69 70 71
 72 73 74 75 76 77 78 79 80 81 82 83 84 85 86 87 88 89 90 91 92 93 94 95
 96 97 98 99]
[16 -1 -1 39 65 21 -1 -1 90 22 94 -1 -1 -1 93 31 -1 54 83 56 -1 89 91 -1
 -1  3 -1 -1  9 30 44  9 -1 -1 45 -1 24 -1 72 -1 47 65 98 -1 63  4 96 42
 -1 -1 79 84 -1 -1 -1 -1 -1  5 47 92 -1 -1 97  6 46  0 71 82 61 -1 81 -1
 -1 77 57 38 28 13 -1 68 -1 49 -1 82 67 -1 94 49 99 31 82 -1 -1 47 22  2
 17 98 67  0]
[1 0 0 1 0 0 0 1 0 1 1 1 1 1 1 1 0 1 1 1 0 0 0 0 1 1 1 0 0 1 0 1 1 1 0 0 0
 1 1 1 1 0 0 0 0 0 0 0 1 1 1 1 0 0 1 0 0 0 1 0 0 0 1 1 1 1 1 0 0 0 0 1 1 0
 1 1 0 0 0 0 1 1 1 0 1 1 0 0 0 0 1 0 0 1 1 0 0 1 0 0]
[0 2 0 0 0 0 4 0 3 0 1 0 2 2 4 0 2 4 0 0 0 0 0 0 0 4 3 3 0 0 0 2 4 0 0 0 0
 0 4 0 0 0 4 4 0 0 3 0 3 2 3 1 0 0 0 2 0 4 0 0 1 4 4 0 2 0 1 0 1 3 1 0 2 0
 0 3 1 2 0 4 2 0 1 3 0 0 0 2 1 1 3 4 4 0 0 0 0 2 0 0]
[0 2 0 0 0 0 4 0 3 0 1 0 2 2 4 0 2 4 0 0 0 0 0 0 0 4 3 3 0 0 0 2 4 0 0 0 0
 0 4 0 0 0 4 4 0 0 3 0 3 2 3 1 0 0 0 2 0 4 0 0 1 4 4 0 2 0 1 0 1 3 1 0 2 0
 0 3 1 2 0 4 2 0 1 3 0 0 0 2 1 1 3 4 4 0 0 0 0 2 0 0]
[8 8 8 6 9 6 3 3 7 5 6 4 8 7 4 6 2 7 1 2 3 5 3 7 5 6 9 5 3 7 5 8 9 8 3 3 2
 5 2 8 4 6 4 7 2 3 9 5 8 1 8 9 9 2 6 5 8 3 4 9 7 4 1 2 4 6 5 9 5 5 8 1 9 4
 5 3 3 5 4 2 2 4 5 3 8 1 7 9 3 3 5 5 2 2 4 1 5 3 3 3]
[8 8 8 6 9 6 3 3 7 5 6 4 8 7 4 6 2 7 1 2 3 5 3 7 5 6 9 5 3 7 5 8 9 8 3 3 2
 5 2 8 4 6 4 7 2 3 9 5 8 1 8 9 9 2 6 5 8 3 4 9 7 4 1 2 4 6 5 9 5 5 8 1 9 4
 5 3 3 5 4 2 2 4 5 3 8 1 7 9 3 3 5 5 2 2 4 1 5 3 3 3]
[16, 44, 42, 10, 50, 33, 15, 23, 48, 50, 10, 13, 50, 50, 50, 48, 39, 23, 49, 14, 50, 50, 50, 38, 50, 27, 50, 37, 37, 49, 19, 43, 50, 45, 49, 50, 50, 44, 39, 48, 17, 32, 50, 50, 50, 50, 16, 10, 20, 50, 44, 38, 50, 44, 50, 42, 30, 35, 50, 32, 50, 50, 22, 50, 45, 50, 42, 29, 50, 50, 50, 50, 25, 50, 40, 24, 50, 42, 11, 50, 50, 26, 50, 50, 50, 43, 50, 25, 50, 36, 42, 50, 50, 41, 50, 50, 13, 50, 50, 32]
[0 0 0 0 0 0 0 0 0 0 0 0 0 0 0 0 0 0 0 0 0 0 0 0 0 0 0 0 0 0 0 0 0 0 0 0 0
 0 0 0 0 0 0 0 0 0 0 0 0 0 0 0 0 0 0 0 0 0 0 0 0 0 0 0 0 0 0 0 0 0 0 0 0 0
 0 0 0 0 0 0 0 0 0 0 0 0 0 0 0 0 0 0 0 0 0 0 0 0 0 0]
[1 1 1 1 1 1 1 1 1 1 1 1 1 1 1 1 1 1 1 1 1 1 1 1 1 1 1 1 1 1 1 1 1 1 1 1 1
 1 1 1 1 1 1 1 1 1 1 1 1 1 1 1 1 1 1 1 1 1 1 1 1 1 1 1 1 1 1 1 1 1 1 1 1 1
 1 1 1 1 1 1 1 1 1 1 1 1 1 1 1 1 1 1 1 1 1 1 1 1 1 1]
