[ 0  1  2  3  4  5  6  7  8  9 10 11 12 13 14 15 16 17 18 19 20 21 22 23
 24 25 26 27 28 29 30 31 32 33 34 35 36 37 38 39 40 41 42 43 44 45 46 47
 48 49 50 51 52 53 54 55 56 57 58 59 60 61 62 63 64 65 66 67 68 69 70 71
 72 73 74 75 76 77 78 79 80 81 82 83 84 85 86 87 88 89 90 91 92 93 94 95
 96 97 98 99]
[74 99 35 12 -1 -1 61 33 -1 86 19  7 46 42 69 64 71 -1 31 88 -1 -1 21 94
 47 18 -1  5 33 36 34  2 93 69 -1  3 -1  0 56 -1  5 13 -1 -1 98  8 65 59
 -1 10 89 -1  9 -1 82 -1 76 -1 74 58  3 21 -1 11 86 95 -1 -1 94 97  6 -1
 -1 95 35 71 -1 -1 -1 -1 -1 -1 49 93 -1 45 71 63 -1 80  2 -1 70 61 43 -1
 30 -1 53 -1]
[1 0 0 1 0 0 1 0 1 0 1 0 0 1 1 0 0 0 0 1 0 0 1 0 0 0 0 1 1 1 0 0 0 0 0 1 1
 1 1 0 1 1 0 1 1 1 0 1 0 1 1 0 1 0 1 0 0 0 0 1 1 1 0 0 0 0 1 1 1 1 0 0 1 0
 1 0 0 0 1 0 1 0 1 0 0 1 1 0 1 0 0 0 0 0 0 0 0 1 0 0]
[3 1 2 0 0 4 0 0 4 2 1 0 0 0 0 4 4 0 0 0 0 3 0 1 0 4 0 0 0 2 3 0 2 0 0 3 0
 0 0 0 0 1 3 4 0 2 2 3 4 4 2 2 0 3 0 0 1 0 1 4 0 3 2 2 2 0 3 0 3 3 4 0 4 0
 1 0 1 3 0 3 0 0 3 0 1 0 4 4 4 0 0 0 2 0 0 1 0 0 4 4]
[3 1 2 0 0 4 0 0 4 2 1 0 0 0 0 4 4 0 0 0 0 3 0 1 0 4 0 0 0 2 3 0 2 0 0 3 0
 0 0 0 0 1 3 4 0 2 2 3 4 4 2 2 0 3 0 0 1 0 1 4 0 3 2 2 2 0 3 0 3 3 4 0 4 0
 1 0 1 3 0 3 0 0 3 0 1 0 4 4 4 0 0 0 2 0 0 1 0 0 4 4]
[4 4 9 1 5 8 9 7 3 4 9 6 1 9 8 3 2 2 4 6 2 2 7 7 3 5 9 1 5 6 9 5 7 2 8 8 2
 8 2 5 8 4 3 8 9 1 3 3 9 2 7 8 5 9 6 3 3 1 7 2 2 4 3 2 2 2 3 5 6 8 8 9 1 2
 6 9 4 8 6 6 3 5 6 2 2 7 4 3 4 5 9 5 3 7 6 2 6 6 4 2]
[4 4 9 1 5 8 9 7 3 4 9 6 1 9 8 3 2 2 4 6 2 2 7 7 3 5 9 1 5 6 9 5 7 2 8 8 2
 8 2 5 8 4 3 8 9 1 3 3 9 2 7 8 5 9 6 3 3 1 7 2 2 4 3 2 2 2 3 5 6 8 8 9 1 2
 6 9 4 8 6 6 3 5 6 2 2 7 4 3 4 5 9 5 3 7 6 2 6 6 4 2]
[50, 31, 14, 11, 36, 50, 24, 50, 50, 46, 50, 50, 50, 24, 50, 49, 48, 50, 25, 50, 21, 50, 10, 38, 40, 47, 50, 50, 50, 33, 50, 50, 50, 50, 44, 14, 50, 19, 26, 50, 50, 19, 28, 31, 29, 50, 50, 20, 50, 50, 20, 50, 50, 30, 50, 17, 50, 50, 50, 11, 33, 50, 33, 32, 14, 50, 50, 38, 50, 50, 28, 50, 50, 39, 50, 50, 50, 21, 42, 17, 50, 50, 50, 50, 50, 24, 50, 50, 17, 34, 50, 50, 50, 50, 18, 23, 50, 46, 50, 36]
[0 0 0 0 0 0 0 0 0 0 0 0 0 0 0 0 0 0 0 0 0 0 0 0 0 0 0 0 0 0 0 0 0 0 0 0 0
 0 0 0 0 0 0 0 0 0 0 0 0 0 0 0 0 0 0 0 0 0 0 0 0 0 0 0 0 0 0 0 0 0 0 0 0 0
 0 0 0 0 0 0 0 0 0 0 0 0 0 0 0 0 0 0 0 0 0 0 0 0 0 0]
[1 1 1 1 1 1 1 1 1 1 1 1 1 1 1 1 1 1 1 1 1 1 1 1 1 1 1 1 1 1 1 1 1 1 1 1 1
 1 1 1 1 1 1 1 1 1 1 1 1 1 1 1 1 1 1 1 1 1 1 1 1 1 1 1 1 1 1 1 1 1 1 1 1 1
 1 1 1 1 1 1 1 1 1 1 1 1 1 1 1 1 1 1 1 1 1 1 1 1 1 1]
