[ 0  1  2  3  4  5  6  7  8  9 10 11 12 13 14 15 16 17 18 19 20 21 22 23
 24 25 26 27 28 29 30 31 32 33 34 35 36 37 38 39 40 41 42 43 44 45 46 47
 48 49 50 51 52 53 54 55 56 57 58 59 60 61 62 63 64 65 66 67 68 69 70 71
 72 73 74 75 76 77 78 79 80 81 82 83 84 85 86 87 88 89 90 91 92 93 94 95
 96 97 98 99]
[98 63 -1 54 90 36  2 -1 58  3 76 62 89 -1 92 85  4 37 47 44 47 92 -1 75
 -1 -1 69 55 18 22 -1 79 -1 -1 30 -1 33 77 42 15 -1 28 90 36 96 25 49 97
 -1 -1 24  6 98 52 -1 -1 -1 -1 -1 64 41 -1 48 52 -1 -1 87 42 53 47 21 60
 19 70 32 70 -1 41 93 50  0 88 -1  6  6 22  3 -1 22 -1 15 35 19 -1 17 81
 -1 74 15 55]
[0 1 1 1 1 0 1 1 1 0 0 0 0 0 1 1 1 0 1 0 0 0 1 0 0 0 0 0 0 0 1 1 1 0 1 1 0
 0 1 1 0 0 1 0 0 0 0 0 1 0 0 0 0 1 0 1 1 1 1 1 0 0 1 1 1 0 1 1 0 0 1 0 1 1
 1 1 1 0 0 0 0 1 0 1 1 0 1 0 1 1 1 0 1 1 1 1 1 1 0 1]
[1 0 1 1 1 3 0 0 4 1 1 3 1 0 1 0 0 3 3 2 4 3 0 2 0 0 0 0 4 2 0 3 0 3 0 4 0
 0 3 0 3 4 1 1 4 1 4 0 0 3 3 0 0 2 4 0 0 3 0 0 0 0 0 3 4 0 2 1 3 0 0 2 0 0
 3 0 4 3 4 2 0 3 0 4 0 3 0 0 2 2 0 0 4 0 0 1 0 0 0 4]
[1 0 1 1 1 3 0 0 4 1 1 3 1 0 1 0 0 3 3 2 4 3 0 2 0 0 0 0 4 2 0 3 0 3 0 4 0
 0 3 0 3 4 1 1 4 1 4 0 0 3 3 0 0 2 4 0 0 3 0 0 0 0 0 3 4 0 2 1 3 0 0 2 0 0
 3 0 4 3 4 2 0 3 0 4 0 3 0 0 2 2 0 0 4 0 0 1 0 0 0 4]
[8 3 8 8 7 9 4 3 2 9 9 6 9 2 1 4 7 8 3 6 9 4 2 7 2 1 1 8 8 7 2 2 9 4 2 8 3
 9 3 2 7 2 2 6 4 8 9 8 4 5 3 2 7 7 8 3 5 2 7 3 1 3 1 7 1 7 4 9 2 7 8 9 2 9
 8 2 8 6 9 2 2 9 2 1 7 8 6 3 4 1 6 8 4 2 6 5 1 3 7 3]
[8 3 8 8 7 9 4 3 2 9 9 6 9 2 1 4 7 8 3 6 9 4 2 7 2 1 1 8 8 7 2 2 9 4 2 8 3
 9 3 2 7 2 2 6 4 8 9 8 4 5 3 2 7 7 8 3 5 2 7 3 1 3 1 7 1 7 4 9 2 7 8 9 2 9
 8 2 8 6 9 2 2 9 2 1 7 8 6 3 4 1 6 8 4 2 6 5 1 3 7 3]
[50, 10, 44, 50, 50, 35, 50, 22, 32, 49, 35, 22, 50, 17, 48, 11, 37, 50, 50, 30, 49, 50, 50, 50, 50, 43, 50, 42, 34, 45, 50, 50, 50, 15, 50, 34, 50, 50, 50, 15, 50, 50, 50, 44, 50, 47, 35, 50, 50, 50, 34, 13, 26, 50, 50, 50, 50, 47, 27, 34, 50, 43, 50, 50, 50, 17, 50, 25, 50, 50, 22, 16, 11, 42, 30, 23, 50, 12, 50, 50, 50, 32, 21, 50, 11, 50, 50, 50, 31, 50, 50, 50, 50, 49, 18, 12, 13, 50, 46, 50]
[0 0 0 0 0 0 0 0 0 0 0 0 0 0 0 0 0 0 0 0 0 0 0 0 0 0 0 0 0 0 0 0 0 0 0 0 0
 0 0 0 0 0 0 0 0 0 0 0 0 0 0 0 0 0 0 0 0 0 0 0 0 0 0 0 0 0 0 0 0 0 0 0 0 0
 0 0 0 0 0 0 0 0 0 0 0 0 0 0 0 0 0 0 0 0 0 0 0 0 0 0]
[1 1 1 1 1 1 1 1 1 1 1 1 1 1 1 1 1 1 1 1 1 1 1 1 1 1 1 1 1 1 1 1 1 1 1 1 1
 1 1 1 1 1 1 1 1 1 1 1 1 1 1 1 1 1 1 1 1 1 1 1 1 1 1 1 1 1 1 1 1 1 1 1 1 1
 1 1 1 1 1 1 1 1 1 1 1 1 1 1 1 1 1 1 1 1 1 1 1 1 1 1]
