[ 0  1  2  3  4  5  6  7  8  9 10 11 12 13 14 15 16 17 18 19 20 21 22 23
 24 25 26 27 28 29 30 31 32 33 34 35 36 37 38 39 40 41 42 43 44 45 46 47
 48 49 50 51 52 53 54 55 56 57 58 59 60 61 62 63 64 65 66 67 68 69 70 71
 72 73 74 75 76 77 78 79 80 81 82 83 84 85 86 87 88 89 90 91 92 93 94 95
 96 97 98 99]
[83 -1 -1 88 -1 -1  2 81  0 11 44 95 -1  8 41 16 50 76 -1 40 21 -1 75 73
 25 89 -1 42 -1 23 -1 17 55 -1 -1 86 16 90 -1 14 27 -1 -1 -1  3 -1 -1 -1
 43 34 96 -1 -1 -1 56  0  8 22 53 54 80 58 43  4 -1 22  1 27 58 95 39 56
 47 56 24 -1 62 27 72 -1  9 44 81 -1 -1 87 50 -1 -1 39 36 15 -1 -1 81 86
 22 -1 -1  0]
[1 0 0 0 1 0 0 1 1 1 1 1 1 1 1 0 0 1 1 0 1 1 1 1 0 0 1 1 0 1 0 0 0 1 0 0 0
 1 1 1 1 1 1 1 0 1 1 0 1 0 1 1 0 0 0 1 0 0 0 1 0 0 0 0 1 0 1 1 1 0 1 0 1 1
 1 1 0 0 1 0 1 0 0 0 1 1 0 0 1 1 1 0 1 0 0 0 0 1 1 1]
[2 0 2 0 0 1 0 0 0 2 0 4 0 0 2 0 0 0 0 0 3 0 0 0 0 0 2 0 4 0 3 0 0 3 0 0 0
 2 3 4 0 2 2 0 4 0 4 4 0 3 0 0 2 0 0 0 3 2 4 3 1 0 3 0 0 1 0 0 0 0 3 4 0 0
 0 0 0 0 1 3 3 0 0 1 1 0 0 3 0 0 4 4 2 1 0 4 0 0 4 1]
[2 0 2 0 0 1 0 0 0 2 0 4 0 0 2 0 0 0 0 0 3 0 0 0 0 0 2 0 4 0 3 0 0 3 0 0 0
 2 3 4 0 2 2 0 4 0 4 4 0 3 0 0 2 0 0 0 3 2 4 3 1 0 3 0 0 1 0 0 0 0 3 4 0 0
 0 0 0 0 1 3 3 0 0 1 1 0 0 3 0 0 4 4 2 1 0 4 0 0 4 1]
[5 9 2 6 2 6 9 7 3 8 6 7 1 1 1 4 4 1 1 3 8 7 8 3 2 1 8 3 2 8 9 7 9 1 5 6 9
 3 3 6 5 1 5 2 3 3 3 5 8 7 3 1 1 3 6 2 1 3 8 6 8 2 6 3 9 3 6 5 8 1 6 4 6 2
 4 6 2 4 9 6 6 2 5 3 1 5 2 7 6 6 3 8 9 3 3 5 8 7 6 3]
[5 9 2 6 2 6 9 7 3 8 6 7 1 1 1 4 4 1 1 3 8 7 8 3 2 1 8 3 2 8 9 7 9 1 5 6 9
 3 3 6 5 1 5 2 3 3 3 5 8 7 3 1 1 3 6 2 1 3 8 6 8 2 6 3 9 3 6 5 8 1 6 4 6 2
 4 6 2 4 9 6 6 2 5 3 1 5 2 7 6 6 3 8 9 3 3 5 8 7 6 3]
[50, 50, 41, 34, 42, 50, 49, 25, 50, 50, 50, 47, 50, 50, 42, 50, 50, 31, 50, 36, 50, 23, 50, 29, 34, 50, 10, 50, 50, 41, 13, 27, 50, 38, 16, 50, 36, 50, 43, 50, 50, 50, 22, 50, 50, 30, 50, 37, 50, 48, 14, 42, 48, 50, 47, 50, 50, 20, 50, 50, 50, 50, 50, 50, 50, 32, 50, 12, 50, 11, 20, 50, 31, 37, 50, 21, 44, 38, 48, 50, 31, 32, 23, 50, 40, 50, 50, 33, 50, 23, 50, 10, 13, 50, 47, 18, 50, 12, 14, 45]
[0 0 0 0 0 0 0 0 0 0 0 0 0 0 0 0 0 0 0 0 0 0 0 0 0 0 0 0 0 0 0 0 0 0 0 0 0
 0 0 0 0 0 0 0 0 0 0 0 0 0 0 0 0 0 0 0 0 0 0 0 0 0 0 0 0 0 0 0 0 0 0 0 0 0
 0 0 0 0 0 0 0 0 0 0 0 0 0 0 0 0 0 0 0 0 0 0 0 0 0 0]
[1 1 1 1 1 1 1 1 1 1 1 1 1 1 1 1 1 1 1 1 1 1 1 1 1 1 1 1 1 1 1 1 1 1 1 1 1
 1 1 1 1 1 1 1 1 1 1 1 1 1 1 1 1 1 1 1 1 1 1 1 1 1 1 1 1 1 1 1 1 1 1 1 1 1
 1 1 1 1 1 1 1 1 1 1 1 1 1 1 1 1 1 1 1 1 1 1 1 1 1 1]
