[ 0  1  2  3  4  5  6  7  8  9 10 11 12 13 14 15 16 17 18 19 20 21 22 23
 24 25 26 27 28 29 30 31 32 33 34 35 36 37 38 39 40 41 42 43 44 45 46 47
 48 49 50 51 52 53 54 55 56 57 58 59 60 61 62 63 64 65 66 67 68 69 70 71
 72 73 74 75 76 77 78 79 80 81 82 83 84 85 86 87 88 89 90 91 92 93 94 95
 96 97 98 99]
[26 25 74  2 -1 93 -1 34 25 76 -1 83 98 96 -1  6 -1 26 39 -1 71 -1 -1 82
 37 50 55 85 66 -1 56 -1 44 73 78 10 62 -1 80 76 -1 -1  9 47 20 12 91 71
 -1 -1 24 74 -1 -1 -1 27 49 -1 18 30 -1 45 -1 -1 -1  0 60 -1 83 -1  7 19
 -1 -1 15 55  3  8 -1 -1 74 -1 55 63 -1 49 18 10  0 -1 -1 -1 16 52 31 -1
 78 47  8 -1]
[1 1 0 1 0 0 1 1 1 1 1 1 0 0 0 0 0 1 0 0 0 1 0 1 1 1 1 1 1 0 0 1 0 1 0 0 1
 1 1 0 0 0 1 0 0 0 0 0 0 1 0 0 1 0 1 1 0 0 0 1 0 0 0 0 0 1 1 1 1 1 0 1 1 1
 0 1 1 0 0 0 1 0 0 1 0 1 0 0 0 1 1 1 1 0 0 0 1 1 1 1]
[0 0 0 1 2 1 0 3 0 0 2 1 1 3 0 1 0 0 3 1 2 0 1 4 0 2 4 2 2 0 2 0 0 0 2 1 0
 0 0 3 1 2 0 0 0 0 3 0 0 0 0 2 1 0 4 0 3 4 0 1 0 0 2 0 3 0 4 0 3 0 0 2 4 3
 4 0 0 4 3 3 0 0 3 0 0 1 4 0 0 0 3 2 2 4 0 4 0 0 4 0]
[0 0 0 1 2 1 0 3 0 0 2 1 1 3 0 1 0 0 3 1 2 0 1 4 0 2 4 2 2 0 2 0 0 0 2 1 0
 0 0 3 1 2 0 0 0 0 3 0 0 0 0 2 1 0 4 0 3 4 0 1 0 0 2 0 3 0 4 0 3 0 0 2 4 3
 4 0 0 4 3 3 0 0 3 0 0 1 4 0 0 0 3 2 2 4 0 4 0 0 4 0]
[4 6 6 3 3 1 9 8 1 5 1 7 4 1 5 8 3 2 1 5 6 7 6 4 9 9 9 3 3 6 5 1 9 6 6 7 8
 8 2 9 3 2 9 2 4 1 3 7 4 5 9 7 5 9 3 3 1 5 6 5 7 9 3 6 1 3 2 4 2 7 8 3 4 9
 9 9 8 2 2 6 1 6 9 4 2 6 6 2 7 3 1 9 7 9 4 3 2 4 3 1]
[4 6 6 3 3 1 9 8 1 5 1 7 4 1 5 8 3 2 1 5 6 7 6 4 9 9 9 3 3 6 5 1 9 6 6 7 8
 8 2 9 3 2 9 2 4 1 3 7 4 5 9 7 5 9 3 3 1 5 6 5 7 9 3 6 1 3 2 4 2 7 8 3 4 9
 9 9 8 2 2 6 1 6 9 4 2 6 6 2 7 3 1 9 7 9 4 3 2 4 3 1]
[50, 50, 50, 50, 43, 50, 18, 12, 21, 37, 50, 30, 50, 50, 50, 17, 50, 18, 50, 50, 50, 50, 50, 39, 21, 35, 18, 50, 23, 39, 16, 24, 50, 19, 30, 43, 50, 50, 14, 33, 15, 36, 16, 49, 42, 50, 46, 50, 36, 49, 50, 50, 50, 15, 50, 50, 50, 43, 50, 40, 50, 50, 50, 50, 50, 23, 49, 50, 50, 50, 21, 27, 50, 23, 50, 50, 50, 49, 50, 50, 12, 50, 30, 50, 50, 10, 38, 41, 16, 50, 46, 19, 50, 50, 50, 50, 48, 50, 43, 18]
[0 0 0 0 0 0 0 0 0 0 0 0 0 0 0 0 0 0 0 0 0 0 0 0 0 0 0 0 0 0 0 0 0 0 0 0 0
 0 0 0 0 0 0 0 0 0 0 0 0 0 0 0 0 0 0 0 0 0 0 0 0 0 0 0 0 0 0 0 0 0 0 0 0 0
 0 0 0 0 0 0 0 0 0 0 0 0 0 0 0 0 0 0 0 0 0 0 0 0 0 0]
[1 1 1 1 1 1 1 1 1 1 1 1 1 1 1 1 1 1 1 1 1 1 1 1 1 1 1 1 1 1 1 1 1 1 1 1 1
 1 1 1 1 1 1 1 1 1 1 1 1 1 1 1 1 1 1 1 1 1 1 1 1 1 1 1 1 1 1 1 1 1 1 1 1 1
 1 1 1 1 1 1 1 1 1 1 1 1 1 1 1 1 1 1 1 1 1 1 1 1 1 1]
