[ 0  1  2  3  4  5  6  7  8  9 10 11 12 13 14 15 16 17 18 19 20 21 22 23
 24 25 26 27 28 29 30 31 32 33 34 35 36 37 38 39 40 41 42 43 44 45 46 47
 48 49 50 51 52 53 54 55 56 57 58 59 60 61 62 63 64 65 66 67 68 69 70 71
 72 73 74 75 76 77 78 79 80 81 82 83 84 85 86 87 88 89 90 91 92 93 94 95
 96 97 98 99]
[-1 72 -1 -1 41 -1  7 -1 72 69 -1 67 89 -1 -1 -1 -1 -1 93 88 80 77 -1 24
 -1 -1 77  3 47 23 34 50 37 63 22 -1 23 43 48 -1 -1 96 20 -1  4  4 64 -1
 34 -1 37 52 83 -1 70 -1 -1 92 57 48 18 -1 -1  7 33 37 82 42 78 -1 44 -1
 -1  3 54 50 35 -1 19 71 78 -1 79 93 98 -1 -1 98 -1  1 93 77 72 94 -1 35
 71 83 32  4]
[0 0 0 0 0 0 0 1 0 0 0 1 0 1 0 1 1 1 1 1 1 0 0 0 0 1 1 0 1 0 1 0 0 0 1 1 0
 1 1 0 0 0 1 1 0 1 1 0 1 1 0 1 1 1 0 1 1 1 1 1 0 1 1 1 0 1 0 1 0 0 0 1 1 1
 1 0 0 0 0 0 1 1 1 1 1 0 1 0 1 0 0 1 0 1 1 0 1 1 0 0]
[0 0 4 0 4 3 0 3 4 0 4 4 0 0 4 4 0 0 0 2 1 0 0 2 0 3 2 0 4 0 1 0 0 2 3 4 0
 0 0 4 0 0 1 2 2 0 0 3 2 2 3 3 0 0 3 0 0 4 0 4 1 0 0 4 0 0 0 0 4 4 2 0 2 4
 0 3 0 1 2 0 4 0 0 4 4 4 1 0 0 1 0 0 2 0 0 1 0 2 4 0]
[0 0 4 0 4 3 0 3 4 0 4 4 0 0 4 4 0 0 0 2 1 0 0 2 0 3 2 0 4 0 1 0 0 2 3 4 0
 0 0 4 0 0 1 2 2 0 0 3 2 2 3 3 0 0 3 0 0 4 0 4 1 0 0 4 0 0 0 0 4 4 2 0 2 4
 0 3 0 1 2 0 4 0 0 4 4 4 1 0 0 1 0 0 2 0 0 1 0 2 4 0]
[9 2 1 5 2 3 7 7 3 9 7 7 3 2 7 9 9 4 7 2 2 2 5 7 6 5 3 1 6 7 1 5 3 1 8 8 8
 1 6 9 6 5 8 4 9 2 3 1 1 2 3 9 1 3 2 5 6 8 2 5 1 9 8 8 8 9 6 9 1 3 9 4 5 6
 1 9 8 8 5 2 4 9 2 1 1 7 9 8 1 8 5 7 7 7 1 3 3 1 8 9]
[9 2 1 5 2 3 7 7 3 9 7 7 3 2 7 9 9 4 7 2 2 2 5 7 6 5 3 1 6 7 1 5 3 1 8 8 8
 1 6 9 6 5 8 4 9 2 3 1 1 2 3 9 1 3 2 5 6 8 2 5 1 9 8 8 8 9 6 9 1 3 9 4 5 6
 1 9 8 8 5 2 4 9 2 1 1 7 9 8 1 8 5 7 7 7 1 3 3 1 8 9]
[50, 50, 50, 50, 50, 50, 50, 50, 50, 22, 42, 50, 12, 25, 50, 34, 50, 50, 50, 50, 42, 39, 45, 14, 50, 33, 50, 10, 50, 25, 50, 50, 50, 14, 29, 31, 41, 13, 40, 50, 50, 50, 16, 50, 33, 50, 41, 43, 34, 50, 50, 32, 13, 50, 50, 20, 50, 50, 46, 50, 50, 50, 21, 20, 21, 36, 40, 20, 50, 50, 50, 50, 15, 11, 50, 50, 36, 50, 18, 42, 50, 50, 50, 50, 10, 50, 14, 50, 41, 50, 27, 50, 50, 29, 50, 50, 37, 25, 48, 50]
[0 0 0 0 0 0 0 0 0 0 0 0 0 0 0 0 0 0 0 0 0 0 0 0 0 0 0 0 0 0 0 0 0 0 0 0 0
 0 0 0 0 0 0 0 0 0 0 0 0 0 0 0 0 0 0 0 0 0 0 0 0 0 0 0 0 0 0 0 0 0 0 0 0 0
 0 0 0 0 0 0 0 0 0 0 0 0 0 0 0 0 0 0 0 0 0 0 0 0 0 0]
[1 1 1 1 1 1 1 1 1 1 1 1 1 1 1 1 1 1 1 1 1 1 1 1 1 1 1 1 1 1 1 1 1 1 1 1 1
 1 1 1 1 1 1 1 1 1 1 1 1 1 1 1 1 1 1 1 1 1 1 1 1 1 1 1 1 1 1 1 1 1 1 1 1 1
 1 1 1 1 1 1 1 1 1 1 1 1 1 1 1 1 1 1 1 1 1 1 1 1 1 1]
