[ 0  1  2  3  4  5  6  7  8  9 10 11 12 13 14 15 16 17 18 19 20 21 22 23
 24 25 26 27 28 29 30 31 32 33 34 35 36 37 38 39 40 41 42 43 44 45 46 47
 48 49 50 51 52 53 54 55 56 57 58 59 60 61 62 63 64 65 66 67 68 69 70 71
 72 73 74 75 76 77 78 79 80 81 82 83 84 85 86 87 88 89 90 91 92 93 94 95
 96 97 98 99]
[41 -1 -1 -1 -1 53  0 -1 35 56 97 76 -1 -1 34 64 92 43 -1 10 23 -1  2 -1
 -1 34  7 92 -1 -1 22 15  8 75 22 22 -1 44 99 -1 29  4 45 18 89 18 36 -1
 34 94  8 52 -1 31 98 64 -1  9 -1 -1 79 40 89 54 -1 -1 98 -1 25  8 59 51
 64 -1 51 -1 98 38 -1 76 23 -1 63 -1  8  0 67 -1 10 -1  8 90 61 -1 -1 40
 50 -1 88 26]
[1 0 0 0 1 0 1 0 1 1 1 0 1 1 0 1 1 1 0 1 0 0 0 0 0 1 0 1 0 0 0 1 1 0 0 0 1
 1 1 1 1 0 1 1 0 0 0 0 0 0 1 1 0 0 0 1 1 1 0 0 1 0 1 1 0 0 1 0 0 0 0 1 1 0
 0 1 1 1 0 1 0 0 1 0 1 1 1 0 0 0 1 0 1 1 1 0 0 1 1 1]
[0 2 0 0 2 0 1 0 1 0 0 4 2 0 0 1 1 3 4 1 0 0 3 0 0 0 1 0 4 0 2 2 3 3 0 0 2
 0 4 0 0 2 0 1 2 0 0 0 2 2 0 0 0 0 1 1 3 4 4 0 1 4 3 2 0 2 0 4 0 4 1 1 0 0
 1 0 2 1 0 3 3 0 2 0 0 0 4 0 0 4 4 0 0 0 0 1 4 0 0 0]
[0 2 0 0 2 0 1 0 1 0 0 4 2 0 0 1 1 3 4 1 0 0 3 0 0 0 1 0 4 0 2 2 3 3 0 0 2
 0 4 0 0 2 0 1 2 0 0 0 2 2 0 0 0 0 1 1 3 4 4 0 1 4 3 2 0 2 0 4 0 4 1 1 0 0
 1 0 2 1 0 3 3 0 2 0 0 0 4 0 0 4 4 0 0 0 0 1 4 0 0 0]
[4 4 7 6 1 2 7 3 2 8 4 7 6 5 7 7 1 8 7 6 5 9 6 6 6 1 7 1 9 2 4 8 4 7 6 2 8
 2 6 5 9 9 8 9 6 5 2 7 6 7 8 5 8 3 8 3 5 5 9 3 8 2 6 8 9 6 8 9 9 3 3 5 9 1
 9 2 1 3 6 2 3 9 2 9 2 4 3 8 6 9 5 6 5 8 3 3 7 9 7 3]
[4 4 7 6 1 2 7 3 2 8 4 7 6 5 7 7 1 8 7 6 5 9 6 6 6 1 7 1 9 2 4 8 4 7 6 2 8
 2 6 5 9 9 8 9 6 5 2 7 6 7 8 5 8 3 8 3 5 5 9 3 8 2 6 8 9 6 8 9 9 3 3 5 9 1
 9 2 1 3 6 2 3 9 2 9 2 4 3 8 6 9 5 6 5 8 3 3 7 9 7 3]
[25, 50, 50, 41, 50, 50, 50, 25, 50, 33, 50, 50, 50, 50, 50, 50, 50, 50, 29, 23, 50, 42, 50, 50, 50, 50, 50, 50, 50, 50, 33, 50, 50, 13, 19, 50, 50, 28, 33, 50, 50, 50, 50, 31, 48, 34, 50, 33, 24, 13, 50, 50, 50, 40, 15, 39, 50, 50, 50, 50, 24, 28, 50, 12, 50, 50, 16, 32, 20, 24, 50, 23, 11, 38, 50, 21, 48, 50, 47, 10, 50, 50, 14, 30, 50, 50, 20, 50, 50, 19, 40, 25, 50, 50, 14, 49, 50, 50, 50, 14]
[0 0 0 0 0 0 0 0 0 0 0 0 0 0 0 0 0 0 0 0 0 0 0 0 0 0 0 0 0 0 0 0 0 0 0 0 0
 0 0 0 0 0 0 0 0 0 0 0 0 0 0 0 0 0 0 0 0 0 0 0 0 0 0 0 0 0 0 0 0 0 0 0 0 0
 0 0 0 0 0 0 0 0 0 0 0 0 0 0 0 0 0 0 0 0 0 0 0 0 0 0]
[1 1 1 1 1 1 1 1 1 1 1 1 1 1 1 1 1 1 1 1 1 1 1 1 1 1 1 1 1 1 1 1 1 1 1 1 1
 1 1 1 1 1 1 1 1 1 1 1 1 1 1 1 1 1 1 1 1 1 1 1 1 1 1 1 1 1 1 1 1 1 1 1 1 1
 1 1 1 1 1 1 1 1 1 1 1 1 1 1 1 1 1 1 1 1 1 1 1 1 1 1]
