[ 0  1  2  3  4  5  6  7  8  9 10 11 12 13 14 15 16 17 18 19 20 21 22 23
 24 25 26 27 28 29 30 31 32 33 34 35 36 37 38 39 40 41 42 43 44 45 46 47
 48 49 50 51 52 53 54 55 56 57 58 59 60 61 62 63 64 65 66 67 68 69 70 71
 72 73 74 75 76 77 78 79 80 81 82 83 84 85 86 87 88 89 90 91 92 93 94 95
 96 97 98 99]
[32 54 38 53 66 -1 86 -1 -1 20 69 -1 74 14 44 -1 53 38 52 26 38 98 -1 30
 -1 45 -1 42 20 58 12 50 60 -1  4 -1 -1  5 -1 71 39  8 13 -1 18 -1 -1 -1
 -1 -1 49 10 -1  6 68 74 77 -1 -1 56 -1 82 77 94 24 -1 95 -1 -1 -1 93 95
 64 23 88 32 54 -1 99 76 41 85 92 76 45  5 72 -1 57 -1 99 -1 -1 54 90 -1
 77 75 -1 28]
[1 0 1 0 0 1 1 0 1 1 0 1 0 1 1 0 1 0 0 1 0 1 0 0 0 1 0 0 0 0 0 0 1 0 1 1 0
 1 1 0 1 1 0 0 1 0 0 1 0 0 0 0 1 1 0 0 1 0 0 0 0 0 0 0 0 1 1 1 1 1 0 1 0 1
 0 0 0 1 1 0 1 1 0 1 0 1 1 0 1 0 0 0 1 1 0 1 0 0 0 0]
[0 4 1 0 0 0 0 0 0 4 0 4 4 0 2 3 1 1 0 3 2 4 0 0 2 0 4 0 0 0 3 0 0 0 0 0 0
 4 1 0 1 4 4 4 0 0 4 1 0 3 1 0 0 4 2 0 0 0 0 0 0 0 4 0 0 0 4 3 0 4 4 3 0 0
 0 2 0 1 0 4 1 0 0 3 0 0 3 0 0 3 0 2 4 0 0 4 0 0 1 3]
[0 4 1 0 0 0 0 0 0 4 0 4 4 0 2 3 1 1 0 3 2 4 0 0 2 0 4 0 0 0 3 0 0 0 0 0 0
 4 1 0 1 4 4 4 0 0 4 1 0 3 1 0 0 4 2 0 0 0 0 0 0 0 4 0 0 0 4 3 0 4 4 3 0 0
 0 2 0 1 0 4 1 0 0 3 0 0 3 0 0 3 0 2 4 0 0 4 0 0 1 3]
[3 6 2 8 8 6 8 7 7 4 9 5 9 5 9 1 6 2 8 2 4 4 4 6 5 1 1 5 8 1 2 2 3 7 8 9 2
 8 6 3 4 9 6 5 2 1 8 1 8 3 8 7 9 2 9 4 4 5 3 2 6 4 9 4 8 1 3 2 9 3 8 3 7 8
 3 3 4 7 1 5 1 2 9 7 1 4 6 9 5 8 1 7 3 3 9 7 5 9 6 5]
[3 6 2 8 8 6 8 7 7 4 9 5 9 5 9 1 6 2 8 2 4 4 4 6 5 1 1 5 8 1 2 2 3 7 8 9 2
 8 6 3 4 9 6 5 2 1 8 1 8 3 8 7 9 2 9 4 4 5 3 2 6 4 9 4 8 1 3 2 9 3 8 3 7 8
 3 3 4 7 1 5 1 2 9 7 1 4 6 9 5 8 1 7 3 3 9 7 5 9 6 5]
[18, 21, 28, 50, 40, 50, 50, 46, 50, 50, 18, 50, 20, 50, 50, 50, 50, 50, 32, 47, 50, 50, 23, 29, 38, 50, 50, 50, 32, 29, 21, 50, 41, 36, 38, 21, 50, 21, 50, 50, 13, 11, 30, 50, 50, 13, 50, 44, 50, 49, 50, 50, 50, 50, 41, 50, 50, 50, 50, 40, 50, 11, 50, 36, 14, 50, 50, 50, 50, 42, 16, 50, 50, 13, 21, 50, 39, 50, 50, 15, 50, 50, 50, 50, 50, 23, 50, 22, 41, 16, 36, 50, 11, 43, 50, 37, 24, 50, 50, 50]
[0 0 0 0 0 0 0 0 0 0 0 0 0 0 0 0 0 0 0 0 0 0 0 0 0 0 0 0 0 0 0 0 0 0 0 0 0
 0 0 0 0 0 0 0 0 0 0 0 0 0 0 0 0 0 0 0 0 0 0 0 0 0 0 0 0 0 0 0 0 0 0 0 0 0
 0 0 0 0 0 0 0 0 0 0 0 0 0 0 0 0 0 0 0 0 0 0 0 0 0 0]
[1 1 1 1 1 1 1 1 1 1 1 1 1 1 1 1 1 1 1 1 1 1 1 1 1 1 1 1 1 1 1 1 1 1 1 1 1
 1 1 1 1 1 1 1 1 1 1 1 1 1 1 1 1 1 1 1 1 1 1 1 1 1 1 1 1 1 1 1 1 1 1 1 1 1
 1 1 1 1 1 1 1 1 1 1 1 1 1 1 1 1 1 1 1 1 1 1 1 1 1 1]
