[ 0  1  2  3  4  5  6  7  8  9 10 11 12 13 14 15 16 17 18 19 20 21 22 23
 24 25 26 27 28 29 30 31 32 33 34 35 36 37 38 39 40 41 42 43 44 45 46 47
 48 49 50 51 52 53 54 55 56 57 58 59 60 61 62 63 64 65 66 67 68 69 70 71
 72 73 74 75 76 77 78 79 80 81 82 83 84 85 86 87 88 89 90 91 92 93 94 95
 96 97 98 99]
[15 -1 65 -1 73 62 23 66 11 36 50 51 79  3 88 -1  9 87 45 -1 -1 -1 63 -1
 92 82 -1 72 -1  6 17 -1 80  4 22 90 -1 -1 41 17 -1 -1 50 64 50 73 -1 57
 74 55 70 -1 35 25 -1 69 -1 48 95 14 -1 -1 -1  2 32 -1 99 43 80 51 51 -1
 51 -1 61 51 98 -1 50 92 31  4 -1 45 57 76 66 -1 -1 79 84 94 23 64 97  7
 18 -1 19 -1]
[1 1 1 1 1 1 0 1 1 0 1 0 1 0 0 0 1 1 1 1 1 1 1 1 1 0 1 0 0 1 1 0 0 1 0 1 1
 1 1 1 0 0 0 1 0 1 1 1 1 0 1 0 1 1 1 0 0 1 0 1 0 0 0 0 1 0 0 1 1 1 1 1 1 0
 0 1 0 1 0 1 0 1 0 1 1 1 0 0 0 0 1 1 0 1 0 0 1 0 1 1]
[0 0 0 4 4 3 2 0 4 3 0 0 3 0 4 4 2 0 1 4 4 3 0 4 0 2 4 0 0 1 0 4 0 4 4 0 2
 1 0 0 0 3 2 3 0 0 0 2 4 0 0 0 1 0 3 3 0 3 4 0 1 0 0 1 1 1 2 0 1 1 4 2 3 0
 3 2 4 3 2 4 0 0 2 2 0 0 0 4 1 0 0 1 3 3 2 0 0 2 0 4]
[0 0 0 4 4 3 2 0 4 3 0 0 3 0 4 4 2 0 1 4 4 3 0 4 0 2 4 0 0 1 0 4 0 4 4 0 2
 1 0 0 0 3 2 3 0 0 0 2 4 0 0 0 1 0 3 3 0 3 4 0 1 0 0 1 1 1 2 0 1 1 4 2 3 0
 3 2 4 3 2 4 0 0 2 2 0 0 0 4 1 0 0 1 3 3 2 0 0 2 0 4]
[9 2 3 8 6 2 7 6 3 5 1 3 2 1 9 4 7 6 7 6 5 2 6 7 4 8 2 8 6 9 8 6 5 7 9 2 5
 4 7 1 8 2 6 2 5 8 4 3 9 7 6 1 7 4 8 3 9 4 5 8 2 8 3 8 9 3 5 6 5 7 4 7 5 5
 4 2 9 5 8 6 8 2 9 6 2 5 9 8 3 1 6 3 4 4 6 7 8 2 2 5]
[9 2 3 8 6 2 7 6 3 5 1 3 2 1 9 4 7 6 7 6 5 2 6 7 4 8 2 8 6 9 8 6 5 7 9 2 5
 4 7 1 8 2 6 2 5 8 4 3 9 7 6 1 7 4 8 3 9 4 5 8 2 8 3 8 9 3 5 6 5 7 4 7 5 5
 4 2 9 5 8 6 8 2 9 6 2 5 9 8 3 1 6 3 4 4 6 7 8 2 2 5]
[50, 50, 50, 13, 23, 45, 50, 50, 50, 15, 50, 50, 24, 50, 34, 50, 39, 50, 37, 19, 50, 50, 50, 14, 50, 50, 21, 50, 13, 50, 50, 35, 50, 50, 50, 31, 50, 27, 50, 44, 24, 50, 50, 50, 50, 50, 50, 50, 47, 13, 50, 46, 31, 17, 30, 50, 16, 50, 29, 50, 50, 25, 13, 22, 50, 50, 50, 50, 16, 50, 23, 18, 50, 50, 16, 50, 50, 15, 33, 13, 50, 30, 50, 18, 50, 12, 50, 50, 50, 50, 49, 50, 27, 50, 50, 50, 50, 38, 46, 49]
[0 0 0 0 0 0 0 0 0 0 0 0 0 0 0 0 0 0 0 0 0 0 0 0 0 0 0 0 0 0 0 0 0 0 0 0 0
 0 0 0 0 0 0 0 0 0 0 0 0 0 0 0 0 0 0 0 0 0 0 0 0 0 0 0 0 0 0 0 0 0 0 0 0 0
 0 0 0 0 0 0 0 0 0 0 0 0 0 0 0 0 0 0 0 0 0 0 0 0 0 0]
[1 1 1 1 1 1 1 1 1 1 1 1 1 1 1 1 1 1 1 1 1 1 1 1 1 1 1 1 1 1 1 1 1 1 1 1 1
 1 1 1 1 1 1 1 1 1 1 1 1 1 1 1 1 1 1 1 1 1 1 1 1 1 1 1 1 1 1 1 1 1 1 1 1 1
 1 1 1 1 1 1 1 1 1 1 1 1 1 1 1 1 1 1 1 1 1 1 1 1 1 1]
