[ 0  1  2  3  4  5  6  7  8  9 10 11 12 13 14 15 16 17 18 19 20 21 22 23
 24 25 26 27 28 29 30 31 32 33 34 35 36 37 38 39 40 41 42 43 44 45 46 47
 48 49 50 51 52 53 54 55 56 57 58 59 60 61 62 63 64 65 66 67 68 69 70 71
 72 73 74 75 76 77 78 79 80 81 82 83 84 85 86 87 88 89 90 91 92 93 94 95
 96 97 98 99]
[-1 -1 -1 83 93 83 -1 99 40 -1 -1 -1 -1 33 65 28 -1 26 -1 -1 52 24 21 -1
 93 69 -1 -1 58 -1 -1 10 11 92 86 99 52 -1 -1 52 -1 15 13 -1 68 -1 -1 30
 65 -1 59 83 -1 -1 -1 80 -1 58 48 -1 23 44 -1 43 -1 34  5 -1 54  9 10 77
 83 -1 -1 -1 40  4 40 -1 91 82 -1 -1  2 51 82 21 -1 90 93  7 47 74 56 77
 -1 18  6 -1]
[1 1 0 0 0 0 0 1 1 0 0 0 0 1 0 1 1 0 0 1 0 0 0 1 0 1 0 1 0 0 0 0 0 0 1 1 0
 0 1 1 1 1 1 0 0 0 0 0 0 0 1 1 0 1 0 1 1 1 0 1 1 0 1 1 0 0 0 1 1 0 0 1 1 1
 1 0 0 1 0 0 1 1 0 1 0 0 1 1 0 0 0 0 1 0 0 1 1 0 0 1]
[0 0 0 1 2 0 3 0 0 2 3 0 0 0 2 0 4 1 0 0 4 0 1 4 3 0 2 3 0 0 0 3 3 1 1 0 0
 4 1 0 0 3 0 1 2 0 1 0 1 0 0 0 0 0 0 0 0 4 0 2 0 0 4 0 0 0 4 4 0 0 4 0 0 0
 3 2 0 1 1 0 4 3 4 0 0 2 0 0 1 4 1 4 3 1 0 3 4 0 0 0]
[0 0 0 1 2 0 3 0 0 2 3 0 0 0 2 0 4 1 0 0 4 0 1 4 3 0 2 3 0 0 0 3 3 1 1 0 0
 4 1 0 0 3 0 1 2 0 1 0 1 0 0 0 0 0 0 0 0 4 0 2 0 0 4 0 0 0 4 4 0 0 4 0 0 0
 3 2 0 1 1 0 4 3 4 0 0 2 0 0 1 4 1 4 3 1 0 3 4 0 0 0]
[5 4 7 4 8 6 7 5 2 2 2 1 8 6 6 7 9 6 1 4 4 6 7 9 3 6 8 3 1 3 7 6 6 2 4 6 8
 8 6 2 3 7 5 8 2 9 6 1 4 2 2 6 1 1 4 5 1 6 6 4 9 4 7 2 5 8 6 7 7 8 8 9 8 9
 5 9 9 4 3 2 9 2 7 7 8 9 6 3 3 5 9 8 3 1 5 1 6 9 8 1]
[5 4 7 4 8 6 7 5 2 2 2 1 8 6 6 7 9 6 1 4 4 6 7 9 3 6 8 3 1 3 7 6 6 2 4 6 8
 8 6 2 3 7 5 8 2 9 6 1 4 2 2 6 1 1 4 5 1 6 6 4 9 4 7 2 5 8 6 7 7 8 8 9 8 9
 5 9 9 4 3 2 9 2 7 7 8 9 6 3 3 5 9 8 3 1 5 1 6 9 8 1]
[50, 44, 50, 50, 50, 50, 30, 50, 21, 39, 50, 49, 42, 42, 14, 50, 50, 36, 49, 42, 41, 50, 23, 50, 19, 38, 35, 13, 19, 47, 50, 38, 36, 28, 50, 50, 50, 10, 46, 50, 50, 30, 50, 32, 14, 50, 24, 50, 27, 36, 31, 50, 37, 50, 29, 42, 37, 48, 23, 40, 39, 17, 50, 44, 26, 50, 50, 30, 50, 50, 19, 50, 49, 46, 45, 21, 47, 50, 50, 12, 47, 30, 33, 50, 26, 50, 42, 50, 18, 15, 50, 50, 50, 50, 50, 50, 50, 43, 50, 50]
[0 0 0 0 0 0 0 0 0 0 0 0 0 0 0 0 0 0 0 0 0 0 0 0 0 0 0 0 0 0 0 0 0 0 0 0 0
 0 0 0 0 0 0 0 0 0 0 0 0 0 0 0 0 0 0 0 0 0 0 0 0 0 0 0 0 0 0 0 0 0 0 0 0 0
 0 0 0 0 0 0 0 0 0 0 0 0 0 0 0 0 0 0 0 0 0 0 0 0 0 0]
[1 1 1 1 1 1 1 1 1 1 1 1 1 1 1 1 1 1 1 1 1 1 1 1 1 1 1 1 1 1 1 1 1 1 1 1 1
 1 1 1 1 1 1 1 1 1 1 1 1 1 1 1 1 1 1 1 1 1 1 1 1 1 1 1 1 1 1 1 1 1 1 1 1 1
 1 1 1 1 1 1 1 1 1 1 1 1 1 1 1 1 1 1 1 1 1 1 1 1 1 1]
