[ 0  1  2  3  4  5  6  7  8  9 10 11 12 13 14 15 16 17 18 19 20 21 22 23
 24 25 26 27 28 29 30 31 32 33 34 35 36 37 38 39 40 41 42 43 44 45 46 47
 48 49 50 51 52 53 54 55 56 57 58 59 60 61 62 63 64 65 66 67 68 69 70 71
 72 73 74 75 76 77 78 79 80 81 82 83 84 85 86 87 88 89 90 91 92 93 94 95
 96 97 98 99]
[72 -1 -1 48 -1 37 45 53  1 97 44 13 11 38 60  5 62 -1 -1 44  0 49 -1 88
 -1 -1 35 79 -1 -1 -1 73 -1 53 36 46  0 38 42 84 -1 85 87 -1 50 23 -1 35
 87 -1 58 -1 -1 63 72 45 45 -1 -1 76 -1 -1 13 16 24 -1 67 -1 -1 95 18 44
 84 -1 92 -1 -1 10 10 -1 61  2 -1 -1 98 57 16 39 52 70 24 -1 59 -1 -1 -1
 85 -1 92 -1]
[0 0 0 1 0 1 0 0 1 0 1 1 0 1 1 0 1 1 1 1 1 0 0 1 0 1 0 0 1 0 1 1 0 1 0 1 1
 0 1 0 1 0 0 1 1 1 1 1 0 0 0 1 0 0 0 1 0 0 0 1 0 0 0 0 0 0 0 0 1 1 0 0 0 0
 0 1 0 0 1 1 1 0 0 0 0 1 1 1 1 0 1 0 1 0 1 1 1 1 1 0]
[3 1 1 1 4 2 0 4 0 3 0 3 4 3 4 2 0 1 0 0 3 0 0 0 4 1 0 0 4 0 3 1 3 1 0 3 2
 2 0 0 1 0 0 2 4 0 0 0 1 0 0 4 0 2 0 0 0 2 2 0 0 0 0 0 2 0 2 0 1 1 2 0 3 0
 2 0 2 0 0 4 4 1 1 0 1 3 1 0 0 4 4 0 0 4 0 0 0 0 0 2]
[3 1 1 1 4 2 0 4 0 3 0 3 4 3 4 2 0 1 0 0 3 0 0 0 4 1 0 0 4 0 3 1 3 1 0 3 2
 2 0 0 1 0 0 2 4 0 0 0 1 0 0 4 0 2 0 0 0 2 2 0 0 0 0 0 2 0 2 0 1 1 2 0 3 0
 2 0 2 0 0 4 4 1 1 0 1 3 1 0 0 4 4 0 0 4 0 0 0 0 0 2]
[1 8 9 4 6 3 2 9 4 5 7 5 9 7 4 3 5 7 5 5 6 9 7 7 1 8 2 2 7 9 1 1 5 7 1 5 7
 7 1 4 8 6 5 5 9 5 3 3 9 4 3 9 5 7 6 5 7 1 1 1 2 7 8 8 5 9 6 3 7 8 8 8 4 1
 1 5 4 3 7 4 8 1 5 5 7 9 6 3 6 6 2 2 3 7 5 9 2 3 2 6]
[1 8 9 4 6 3 2 9 4 5 7 5 9 7 4 3 5 7 5 5 6 9 7 7 1 8 2 2 7 9 1 1 5 7 1 5 7
 7 1 4 8 6 5 5 9 5 3 3 9 4 3 9 5 7 6 5 7 1 1 1 2 7 8 8 5 9 6 3 7 8 8 8 4 1
 1 5 4 3 7 4 8 1 5 5 7 9 6 3 6 6 2 2 3 7 5 9 2 3 2 6]
[50, 38, 50, 50, 50, 50, 50, 50, 26, 24, 29, 50, 30, 50, 50, 50, 39, 17, 50, 50, 50, 50, 30, 39, 50, 22, 50, 37, 25, 39, 33, 33, 12, 43, 50, 50, 25, 50, 44, 50, 50, 50, 42, 50, 50, 22, 50, 50, 27, 50, 50, 50, 47, 50, 50, 26, 50, 38, 26, 50, 47, 50, 47, 46, 39, 24, 50, 16, 50, 30, 44, 16, 50, 23, 22, 36, 50, 50, 12, 21, 29, 39, 41, 50, 50, 41, 45, 47, 50, 27, 29, 27, 50, 11, 50, 25, 35, 18, 50, 50]
[0 0 0 0 0 0 0 0 0 0 0 0 0 0 0 0 0 0 0 0 0 0 0 0 0 0 0 0 0 0 0 0 0 0 0 0 0
 0 0 0 0 0 0 0 0 0 0 0 0 0 0 0 0 0 0 0 0 0 0 0 0 0 0 0 0 0 0 0 0 0 0 0 0 0
 0 0 0 0 0 0 0 0 0 0 0 0 0 0 0 0 0 0 0 0 0 0 0 0 0 0]
[1 1 1 1 1 1 1 1 1 1 1 1 1 1 1 1 1 1 1 1 1 1 1 1 1 1 1 1 1 1 1 1 1 1 1 1 1
 1 1 1 1 1 1 1 1 1 1 1 1 1 1 1 1 1 1 1 1 1 1 1 1 1 1 1 1 1 1 1 1 1 1 1 1 1
 1 1 1 1 1 1 1 1 1 1 1 1 1 1 1 1 1 1 1 1 1 1 1 1 1 1]
