[ 0  1  2  3  4  5  6  7  8  9 10 11 12 13 14 15 16 17 18 19 20 21 22 23
 24 25 26 27 28 29 30 31 32 33 34 35 36 37 38 39 40 41 42 43 44 45 46 47
 48 49 50 51 52 53 54 55 56 57 58 59 60 61 62 63 64 65 66 67 68 69 70 71
 72 73 74 75 76 77 78 79 80 81 82 83 84 85 86 87 88 89 90 91 92 93 94 95
 96 97 98 99]
[81 54 48 -1 -1 -1 12 93 -1 87 45 -1 70 -1 59 -1 -1 95 -1 90 -1 -1 -1 -1
 55 -1 50 52 30 47 -1 22 55 88 83 62 -1  0 33 -1 46 38 78 -1 41 59 -1 19
 15 -1 81 10 30 30 -1 47 -1 97 -1 66 -1  1 75 -1 96 27 -1 64 -1 -1 30 88
 95 42 -1 47 63 -1 -1 70 -1 19 -1 -1 55 -1 47 -1 18 -1 41 -1 99 77 -1 84
 23 37 -1 65]
[0 1 1 0 0 0 0 1 1 0 1 1 0 0 1 0 1 1 0 1 0 1 0 1 0 0 1 0 1 1 1 0 0 1 0 1 1
 0 0 1 1 1 1 1 1 1 1 0 1 0 1 1 0 0 1 1 0 1 0 1 0 1 1 1 1 0 1 1 1 0 0 1 1 1
 0 1 0 0 0 0 1 0 0 0 0 0 0 1 0 1 0 1 1 0 1 1 1 1 0 0]
[2 1 2 0 1 0 4 3 2 0 0 0 4 0 0 0 1 3 0 0 4 1 4 4 0 4 0 0 0 0 1 0 0 2 4 2 4
 0 0 0 0 0 1 0 3 4 1 0 0 4 0 0 0 0 0 0 2 3 0 4 0 0 0 3 0 4 4 0 4 0 0 0 0 2
 0 0 1 0 0 0 2 4 2 0 0 3 1 0 0 1 1 4 0 4 4 0 0 4 4 0]
[2 1 2 0 1 0 4 3 2 0 0 0 4 0 0 0 1 3 0 0 4 1 4 4 0 4 0 0 0 0 1 0 0 2 4 2 4
 0 0 0 0 0 1 0 3 4 1 0 0 4 0 0 0 0 0 0 2 3 0 4 0 0 0 3 0 4 4 0 4 0 0 0 0 2
 0 0 1 0 0 0 2 4 2 0 0 3 1 0 0 1 1 4 0 4 4 0 0 4 4 0]
[9 7 5 7 8 3 6 8 5 7 5 1 2 6 1 2 2 3 7 8 4 6 6 7 9 3 6 5 5 9 5 3 3 3 8 5 2
 7 4 7 9 3 7 7 6 6 4 1 1 2 3 2 1 1 4 2 4 9 7 5 7 6 6 6 5 1 4 5 5 3 7 5 5 1
 7 4 2 5 4 3 8 8 8 7 6 6 3 5 7 4 7 7 6 6 8 9 2 8 6 9]
[9 7 5 7 8 3 6 8 5 7 5 1 2 6 1 2 2 3 7 8 4 6 6 7 9 3 6 5 5 9 5 3 3 3 8 5 2
 7 4 7 9 3 7 7 6 6 4 1 1 2 3 2 1 1 4 2 4 9 7 5 7 6 6 6 5 1 4 5 5 3 7 5 5 1
 7 4 2 5 4 3 8 8 8 7 6 6 3 5 7 4 7 7 6 6 8 9 2 8 6 9]
[17, 30, 42, 50, 50, 50, 27, 47, 50, 33, 50, 17, 12, 11, 50, 42, 50, 50, 50, 47, 50, 50, 34, 50, 34, 50, 31, 50, 50, 49, 38, 50, 50, 30, 34, 50, 41, 47, 35, 44, 50, 50, 50, 16, 50, 41, 50, 50, 19, 34, 39, 50, 50, 12, 50, 30, 50, 10, 50, 50, 27, 14, 48, 27, 50, 50, 25, 12, 25, 50, 50, 49, 50, 50, 35, 30, 50, 50, 50, 50, 50, 50, 23, 49, 16, 32, 42, 16, 50, 50, 50, 50, 41, 32, 11, 50, 50, 17, 49, 37]
[0 0 0 0 0 0 0 0 0 0 0 0 0 0 0 0 0 0 0 0 0 0 0 0 0 0 0 0 0 0 0 0 0 0 0 0 0
 0 0 0 0 0 0 0 0 0 0 0 0 0 0 0 0 0 0 0 0 0 0 0 0 0 0 0 0 0 0 0 0 0 0 0 0 0
 0 0 0 0 0 0 0 0 0 0 0 0 0 0 0 0 0 0 0 0 0 0 0 0 0 0]
[1 1 1 1 1 1 1 1 1 1 1 1 1 1 1 1 1 1 1 1 1 1 1 1 1 1 1 1 1 1 1 1 1 1 1 1 1
 1 1 1 1 1 1 1 1 1 1 1 1 1 1 1 1 1 1 1 1 1 1 1 1 1 1 1 1 1 1 1 1 1 1 1 1 1
 1 1 1 1 1 1 1 1 1 1 1 1 1 1 1 1 1 1 1 1 1 1 1 1 1 1]
