[ 0  1  2  3  4  5  6  7  8  9 10 11 12 13 14 15 16 17 18 19 20 21 22 23
 24 25 26 27 28 29 30 31 32 33 34 35 36 37 38 39 40 41 42 43 44 45 46 47
 48 49 50 51 52 53 54 55 56 57 58 59 60 61 62 63 64 65 66 67 68 69 70 71
 72 73 74 75 76 77 78 79 80 81 82 83 84 85 86 87 88 89 90 91 92 93 94 95
 96 97 98 99]
[-1 -1 83 78 -1 -1 95 -1 49 48 20  6 27  7 25 -1 52 75 -1 51 78 99  8 -1
 62 -1 -1 -1 11 -1 32 -1 97 89 17 10 -1 60 42 -1 50 62  4 42 12 84 43 34
 84 60 92 20 10 11 91 71 -1 -1 -1 -1 16 -1 18 -1 -1 23 92 82 -1 26 19 15
 -1 -1 99 46 -1 -1 -1 15 -1 -1 -1 32 42 15 -1 79 59 50 19 -1 11 59 62 63
 73 26 -1 86]
[1 1 0 1 1 1 1 1 1 1 1 0 0 1 0 1 1 0 0 1 1 0 0 1 0 0 1 0 1 1 0 1 0 1 1 1 1
 1 1 0 0 0 0 0 1 1 0 1 0 0 0 0 1 1 0 1 1 0 1 0 1 0 0 0 0 0 0 0 0 1 1 1 1 1
 1 1 0 1 0 1 1 0 0 0 1 0 0 1 0 0 0 1 1 0 0 0 0 0 1 0]
[1 2 0 4 0 3 4 0 0 0 0 0 2 2 0 2 0 2 3 3 3 2 2 0 0 0 0 3 1 0 0 4 0 1 0 0 0
 4 0 0 2 1 0 4 1 1 0 0 0 0 0 3 1 0 1 2 3 0 0 0 3 1 0 2 4 0 0 0 0 1 0 1 3 0
 0 2 1 4 4 1 0 0 0 0 0 0 2 3 2 4 2 0 0 0 4 0 2 0 3 1]
[1 2 0 4 0 3 4 0 0 0 0 0 2 2 0 2 0 2 3 3 3 2 2 0 0 0 0 3 1 0 0 4 0 1 0 0 0
 4 0 0 2 1 0 4 1 1 0 0 0 0 0 3 1 0 1 2 3 0 0 0 3 1 0 2 4 0 0 0 0 1 0 1 3 0
 0 2 1 4 4 1 0 0 0 0 0 0 2 3 2 4 2 0 0 0 4 0 2 0 3 1]
[3 4 6 3 3 1 4 7 6 1 4 9 7 6 5 1 3 5 1 3 8 2 6 8 6 1 9 1 3 8 4 1 3 8 6 7 7
 1 2 1 2 6 2 8 5 2 9 3 9 6 6 9 6 8 9 4 9 7 3 3 9 2 5 7 2 1 2 2 8 8 8 5 3 2
 6 2 8 9 1 6 5 4 7 6 6 1 1 7 9 9 7 7 5 8 1 5 2 5 4 1]
[3 4 6 3 3 1 4 7 6 1 4 9 7 6 5 1 3 5 1 3 8 2 6 8 6 1 9 1 3 8 4 1 3 8 6 7 7
 1 2 1 2 6 2 8 5 2 9 3 9 6 6 9 6 8 9 4 9 7 3 3 9 2 5 7 2 1 2 2 8 8 8 5 3 2
 6 2 8 9 1 6 5 4 7 6 6 1 1 7 9 9 7 7 5 8 1 5 2 5 4 1]
[48, 50, 21, 50, 27, 13, 50, 16, 50, 50, 26, 15, 26, 50, 50, 20, 38, 50, 18, 50, 50, 14, 49, 50, 50, 50, 50, 33, 50, 50, 46, 50, 28, 40, 50, 50, 49, 50, 50, 50, 26, 28, 50, 10, 17, 36, 50, 50, 50, 46, 50, 50, 37, 50, 42, 22, 15, 17, 50, 50, 39, 50, 50, 50, 17, 50, 50, 50, 50, 28, 50, 50, 50, 50, 25, 31, 25, 50, 28, 50, 50, 50, 31, 32, 50, 50, 45, 19, 26, 50, 17, 47, 26, 50, 15, 26, 50, 50, 50, 50]
[0 0 0 0 0 0 0 0 0 0 0 0 0 0 0 0 0 0 0 0 0 0 0 0 0 0 0 0 0 0 0 0 0 0 0 0 0
 0 0 0 0 0 0 0 0 0 0 0 0 0 0 0 0 0 0 0 0 0 0 0 0 0 0 0 0 0 0 0 0 0 0 0 0 0
 0 0 0 0 0 0 0 0 0 0 0 0 0 0 0 0 0 0 0 0 0 0 0 0 0 0]
[1 1 1 1 1 1 1 1 1 1 1 1 1 1 1 1 1 1 1 1 1 1 1 1 1 1 1 1 1 1 1 1 1 1 1 1 1
 1 1 1 1 1 1 1 1 1 1 1 1 1 1 1 1 1 1 1 1 1 1 1 1 1 1 1 1 1 1 1 1 1 1 1 1 1
 1 1 1 1 1 1 1 1 1 1 1 1 1 1 1 1 1 1 1 1 1 1 1 1 1 1]
