[ 0  1  2  3  4  5  6  7  8  9 10 11 12 13 14 15 16 17 18 19 20 21 22 23
 24 25 26 27 28 29 30 31 32 33 34 35 36 37 38 39 40 41 42 43 44 45 46 47
 48 49 50 51 52 53 54 55 56 57 58 59 60 61 62 63 64 65 66 67 68 69 70 71
 72 73 74 75 76 77 78 79 80 81 82 83 84 85 86 87 88 89 90 91 92 93 94 95
 96 97 98 99]
[84 98 -1 41 27 78 11 70 -1 37 52 -1 23 -1 -1 82 -1 -1 42 42 -1 14 71 46
  7 90 -1 -1 71 21 -1 54 -1 -1 50 -1 58 11 -1 84 -1 25 24 -1 29 64 21 -1
 16 -1 -1 -1 92 -1  2  5 72 -1 49 -1 80 82 -1 29 96  9  2 37 72 -1  8 51
 -1 17 32 40 -1 21 70 98 98 68 -1 20 76  9 19 -1 94 64 -1 -1 -1 -1 71 30
 -1 40 20  1]
[0 0 0 1 1 0 1 0 1 0 1 1 0 0 1 1 1 1 0 0 0 0 1 1 0 0 0 1 1 0 1 1 0 0 0 1 1
 0 0 0 1 1 1 0 1 1 1 1 1 1 1 0 1 0 1 0 1 1 1 0 1 0 1 0 0 1 0 0 1 0 0 1 1 0
 1 0 1 0 1 0 0 0 1 0 0 0 0 0 1 0 1 1 1 1 1 0 1 0 0 1]
[0 0 0 0 0 1 0 0 0 0 2 0 0 0 0 0 3 4 0 0 2 3 0 0 0 4 0 0 0 0 1 4 3 3 4 0 0
 0 0 2 3 3 2 0 0 0 3 1 0 1 0 3 4 0 4 0 1 3 0 4 2 4 0 0 0 3 3 1 0 2 1 0 2 0
 0 0 4 4 0 0 2 0 1 0 4 0 0 0 3 0 0 2 1 0 4 3 0 2 0 0]
[0 0 0 0 0 1 0 0 0 0 2 0 0 0 0 0 3 4 0 0 2 3 0 0 0 4 0 0 0 0 1 4 3 3 4 0 0
 0 0 2 3 3 2 0 0 0 3 1 0 1 0 3 4 0 4 0 1 3 0 4 2 4 0 0 0 3 3 1 0 2 1 0 2 0
 0 0 4 4 0 0 2 0 1 0 4 0 0 0 3 0 0 2 1 0 4 3 0 2 0 0]
[9 8 4 6 3 2 2 3 6 1 5 9 1 4 3 6 6 9 2 2 7 4 3 3 7 7 6 7 2 6 7 9 2 4 1 4 7
 2 9 7 6 6 7 2 5 9 7 7 5 1 5 2 6 7 8 7 3 9 4 5 9 4 1 7 3 3 9 5 9 4 6 4 3 3
 8 1 8 1 1 7 4 5 2 1 6 3 8 6 9 2 6 6 7 6 5 9 9 5 8 6]
[9 8 4 6 3 2 2 3 6 1 5 9 1 4 3 6 6 9 2 2 7 4 3 3 7 7 6 7 2 6 7 9 2 4 1 4 7
 2 9 7 6 6 7 2 5 9 7 7 5 1 5 2 6 7 8 7 3 9 4 5 9 4 1 7 3 3 9 5 9 4 6 4 3 3
 8 1 8 1 1 7 4 5 2 1 6 3 8 6 9 2 6 6 7 6 5 9 9 5 8 6]
[50, 50, 38, 12, 50, 44, 19, 30, 38, 23, 50, 50, 28, 34, 40, 50, 26, 50, 50, 50, 50, 13, 42, 50, 50, 12, 21, 50, 13, 50, 50, 50, 45, 50, 39, 50, 36, 50, 12, 50, 50, 50, 43, 50, 40, 20, 28, 50, 21, 50, 38, 38, 30, 50, 50, 50, 36, 34, 48, 50, 50, 50, 21, 50, 31, 24, 49, 50, 44, 46, 50, 50, 48, 50, 35, 15, 50, 50, 50, 24, 50, 13, 50, 24, 50, 50, 28, 47, 50, 50, 50, 45, 14, 42, 35, 30, 45, 22, 50, 27]
[0 0 0 0 0 0 0 0 0 0 0 0 0 0 0 0 0 0 0 0 0 0 0 0 0 0 0 0 0 0 0 0 0 0 0 0 0
 0 0 0 0 0 0 0 0 0 0 0 0 0 0 0 0 0 0 0 0 0 0 0 0 0 0 0 0 0 0 0 0 0 0 0 0 0
 0 0 0 0 0 0 0 0 0 0 0 0 0 0 0 0 0 0 0 0 0 0 0 0 0 0]
[1 1 1 1 1 1 1 1 1 1 1 1 1 1 1 1 1 1 1 1 1 1 1 1 1 1 1 1 1 1 1 1 1 1 1 1 1
 1 1 1 1 1 1 1 1 1 1 1 1 1 1 1 1 1 1 1 1 1 1 1 1 1 1 1 1 1 1 1 1 1 1 1 1 1
 1 1 1 1 1 1 1 1 1 1 1 1 1 1 1 1 1 1 1 1 1 1 1 1 1 1]
