[ 0  1  2  3  4  5  6  7  8  9 10 11 12 13 14 15 16 17 18 19 20 21 22 23
 24 25 26 27 28 29 30 31 32 33 34 35 36 37 38 39 40 41 42 43 44 45 46 47
 48 49 50 51 52 53 54 55 56 57 58 59 60 61 62 63 64 65 66 67 68 69 70 71
 72 73 74 75 76 77 78 79 80 81 82 83 84 85 86 87 88 89 90 91 92 93 94 95
 96 97 98 99]
[71 76 68 20 68 -1 10 -1  4 22 39 -1 -1 90 49 62 -1 76 -1 73 -1 39 -1 -1
 47 96 -1 -1 70 -1 -1 28  8 -1 48 98 75 63 -1 48 98 11 67  5  8 -1 67 -1
 -1 -1 52 75 -1 -1  7 33 89  2 21  6 -1 -1 77  6 -1 -1 27 73 93 53 18 -1
 64 68 -1 -1  0 -1 90 -1 -1 27 52 -1 38 75 93 61 26 36 14 -1 71 -1 20  1
 -1 -1 -1 -1]
[1 0 1 1 0 0 1 1 1 1 0 1 0 0 0 1 0 1 1 1 0 0 0 0 0 0 0 1 1 1 1 0 1 1 1 0 0
 1 0 0 0 1 0 0 0 1 0 0 1 0 0 1 1 1 0 0 1 1 0 1 1 1 1 0 1 0 1 1 0 1 1 1 0 0
 0 1 1 0 1 1 1 1 0 1 1 0 0 1 1 1 1 0 1 0 1 1 1 1 1 0]
[4 0 0 2 1 4 4 4 0 0 4 3 0 0 0 0 0 3 3 4 2 0 0 0 0 2 1 3 0 0 0 0 2 3 0 3 4
 0 4 4 0 4 4 1 3 3 0 2 0 2 0 0 3 4 3 1 1 3 3 0 2 2 0 0 0 4 0 0 0 3 3 2 0 1
 0 2 0 3 0 3 0 2 0 1 1 0 0 0 0 0 0 0 4 2 4 4 0 3 4 1]
[4 0 0 2 1 4 4 4 0 0 4 3 0 0 0 0 0 3 3 4 2 0 0 0 0 2 1 3 0 0 0 0 2 3 0 3 4
 0 4 4 0 4 4 1 3 3 0 2 0 2 0 0 3 4 3 1 1 3 3 0 2 2 0 0 0 4 0 0 0 3 3 2 0 1
 0 2 0 3 0 3 0 2 0 1 1 0 0 0 0 0 0 0 4 2 4 4 0 3 4 1]
[3 9 2 6 4 2 6 7 1 4 7 7 2 2 8 1 7 2 5 8 6 1 1 5 1 8 9 1 8 5 7 9 9 2 2 5 3
 1 8 8 4 4 6 7 4 1 6 7 9 1 7 3 3 8 9 7 5 4 8 2 4 5 4 2 9 8 1 7 4 3 4 1 4 4
 1 3 4 2 5 8 1 5 5 6 9 8 9 5 2 2 6 2 4 6 9 3 6 9 2 1]
[3 9 2 6 4 2 6 7 1 4 7 7 2 2 8 1 7 2 5 8 6 1 1 5 1 8 9 1 8 5 7 9 9 2 2 5 3
 1 8 8 4 4 6 7 4 1 6 7 9 1 7 3 3 8 9 7 5 4 8 2 4 5 4 2 9 8 1 7 4 3 4 1 4 4
 1 3 4 2 5 8 1 5 5 6 9 8 9 5 2 2 6 2 4 6 9 3 6 9 2 1]
[19, 17, 27, 50, 50, 50, 31, 50, 29, 39, 50, 50, 32, 14, 27, 50, 16, 48, 50, 13, 32, 49, 17, 50, 28, 12, 50, 38, 50, 12, 36, 33, 23, 12, 29, 42, 50, 50, 50, 24, 50, 50, 49, 50, 50, 44, 50, 50, 50, 33, 21, 18, 46, 50, 33, 44, 49, 50, 50, 26, 50, 50, 50, 18, 50, 50, 50, 50, 50, 50, 37, 23, 50, 28, 50, 50, 47, 50, 22, 50, 30, 50, 50, 50, 31, 50, 50, 50, 42, 39, 50, 28, 50, 42, 50, 39, 50, 50, 12, 50]
[0 0 0 0 0 0 0 0 0 0 0 0 0 0 0 0 0 0 0 0 0 0 0 0 0 0 0 0 0 0 0 0 0 0 0 0 0
 0 0 0 0 0 0 0 0 0 0 0 0 0 0 0 0 0 0 0 0 0 0 0 0 0 0 0 0 0 0 0 0 0 0 0 0 0
 0 0 0 0 0 0 0 0 0 0 0 0 0 0 0 0 0 0 0 0 0 0 0 0 0 0]
[1 1 1 1 1 1 1 1 1 1 1 1 1 1 1 1 1 1 1 1 1 1 1 1 1 1 1 1 1 1 1 1 1 1 1 1 1
 1 1 1 1 1 1 1 1 1 1 1 1 1 1 1 1 1 1 1 1 1 1 1 1 1 1 1 1 1 1 1 1 1 1 1 1 1
 1 1 1 1 1 1 1 1 1 1 1 1 1 1 1 1 1 1 1 1 1 1 1 1 1 1]
