[ 0  1  2  3  4  5  6  7  8  9 10 11 12 13 14 15 16 17 18 19 20 21 22 23
 24 25 26 27 28 29 30 31 32 33 34 35 36 37 38 39 40 41 42 43 44 45 46 47
 48 49 50 51 52 53 54 55 56 57 58 59 60 61 62 63 64 65 66 67 68 69 70 71
 72 73 74 75 76 77 78 79 80 81 82 83 84 85 86 87 88 89 90 91 92 93 94 95
 96 97 98 99]
[-1 -1 42  5 62 28 -1 -1 46 20 60  2 -1 52 19 55 99 15 13 -1 -1 91 74 -1
 31 -1 69 -1 50 -1 -1 14 61 25 55 -1 -1 -1 46 -1 -1 -1 -1 86 -1 33 78 37
 18 65 10 -1 25 62 58  8 11  9 61 -1 86 -1 -1 -1 -1 77 26 -1  7 -1 21 57
  1  2 35 25 33 -1 -1 -1 -1 47 -1 -1 96 42 30 18 48 -1 40 18 84 87 -1 42
 48 40 60 -1]
[1 1 0 0 0 1 1 0 0 0 1 1 1 0 0 0 1 1 1 0 1 1 0 1 0 0 1 1 0 0 0 1 1 1 0 1 0
 1 0 0 1 0 0 1 0 0 1 1 0 1 1 0 0 0 0 0 0 1 1 0 1 0 1 0 0 1 1 1 1 0 0 0 1 1
 1 1 0 1 0 1 0 1 0 0 1 1 1 1 1 0 1 1 1 0 0 0 0 1 0 0]
[0 0 0 4 1 2 4 3 0 0 0 0 0 1 0 1 0 4 1 0 4 0 0 0 4 2 3 3 0 1 1 0 0 2 1 3 0
 0 0 0 0 0 4 1 0 0 3 0 0 0 0 0 0 3 0 0 1 0 0 2 4 0 0 0 3 0 0 3 1 4 2 2 0 2
 3 0 0 0 2 0 0 0 0 2 1 0 1 4 4 0 2 0 4 0 0 0 0 4 0 0]
[0 0 0 4 1 2 4 3 0 0 0 0 0 1 0 1 0 4 1 0 4 0 0 0 4 2 3 3 0 1 1 0 0 2 1 3 0
 0 0 0 0 0 4 1 0 0 3 0 0 0 0 0 0 3 0 0 1 0 0 2 4 0 0 0 3 0 0 3 1 4 2 2 0 2
 3 0 0 0 2 0 0 0 0 2 1 0 1 4 4 0 2 0 4 0 0 0 0 4 0 0]
[7 3 8 8 8 5 6 3 7 2 9 6 2 4 5 7 8 1 2 6 3 9 6 7 8 4 8 6 8 1 3 2 6 4 8 5 2
 5 7 7 2 5 8 7 6 5 7 5 1 2 2 3 4 9 1 3 8 2 6 5 8 3 7 5 4 3 9 7 1 8 1 8 2 6
 9 2 9 4 4 2 4 4 9 4 4 8 7 2 8 6 1 1 8 9 9 4 5 2 2 8]
[7 3 8 8 8 5 6 3 7 2 9 6 2 4 5 7 8 1 2 6 3 9 6 7 8 4 8 6 8 1 3 2 6 4 8 5 2
 5 7 7 2 5 8 7 6 5 7 5 1 2 2 3 4 9 1 3 8 2 6 5 8 3 7 5 4 3 9 7 1 8 1 8 2 6
 9 2 9 4 4 2 4 4 9 4 4 8 7 2 8 6 1 1 8 9 9 4 5 2 2 8]
[50, 50, 45, 50, 28, 12, 15, 50, 50, 46, 50, 50, 50, 16, 39, 42, 50, 50, 49, 50, 50, 48, 43, 50, 22, 25, 29, 50, 50, 50, 50, 37, 50, 16, 50, 45, 50, 50, 47, 50, 24, 13, 50, 50, 50, 50, 31, 43, 48, 16, 50, 31, 22, 26, 50, 31, 27, 47, 39, 27, 50, 20, 50, 50, 43, 50, 50, 36, 50, 36, 31, 38, 28, 50, 50, 16, 15, 50, 24, 17, 14, 50, 50, 50, 50, 35, 50, 50, 50, 50, 16, 50, 50, 47, 28, 50, 29, 37, 23, 38]
[0 0 0 0 0 0 0 0 0 0 0 0 0 0 0 0 0 0 0 0 0 0 0 0 0 0 0 0 0 0 0 0 0 0 0 0 0
 0 0 0 0 0 0 0 0 0 0 0 0 0 0 0 0 0 0 0 0 0 0 0 0 0 0 0 0 0 0 0 0 0 0 0 0 0
 0 0 0 0 0 0 0 0 0 0 0 0 0 0 0 0 0 0 0 0 0 0 0 0 0 0]
[1 1 1 1 1 1 1 1 1 1 1 1 1 1 1 1 1 1 1 1 1 1 1 1 1 1 1 1 1 1 1 1 1 1 1 1 1
 1 1 1 1 1 1 1 1 1 1 1 1 1 1 1 1 1 1 1 1 1 1 1 1 1 1 1 1 1 1 1 1 1 1 1 1 1
 1 1 1 1 1 1 1 1 1 1 1 1 1 1 1 1 1 1 1 1 1 1 1 1 1 1]
