[ 0  1  2  3  4  5  6  7  8  9 10 11 12 13 14 15 16 17 18 19 20 21 22 23
 24 25 26 27 28 29 30 31 32 33 34 35 36 37 38 39 40 41 42 43 44 45 46 47
 48 49 50 51 52 53 54 55 56 57 58 59 60 61 62 63 64 65 66 67 68 69 70 71
 72 73 74 75 76 77 78 79 80 81 82 83 84 85 86 87 88 89 90 91 92 93 94 95
 96 97 98 99]
[24 -1 -1 67 62 61 68 -1 76 94 -1  4 24 -1 39 59 15 -1 -1 -1 -1 -1  0  0
 18 -1 19  6 84 79  2 29 -1 95 -1 -1 -1 -1 -1  7 49 -1 -1 -1 85 -1 -1  9
  6 -1 -1  9  8 36  6 81 22 71 13 75 -1 91 -1 42 16 -1 -1 75 15 21 -1 68
 56 59 -1 82 90 12 85 53  7 56 20 -1  2 -1 59 76 79  2  9 39  0 31 38 17
 -1 54 -1 50]
[1 0 1 1 1 1 1 1 0 0 0 1 1 0 1 1 0 1 0 1 0 0 1 1 1 0 0 0 1 1 0 0 1 0 1 1 0
 1 1 0 1 0 0 0 0 1 1 1 1 1 1 0 0 0 1 0 1 0 0 0 0 1 0 1 1 0 1 0 1 1 0 1 1 1
 1 1 0 0 1 1 1 1 0 1 1 0 1 0 1 0 1 0 0 0 1 0 0 1 0 0]
[1 0 4 0 0 0 1 0 1 3 1 0 3 0 4 2 0 0 2 0 0 0 3 0 0 0 4 3 0 0 0 2 2 1 4 4 4
 0 4 0 4 0 0 1 0 4 0 0 1 3 1 2 4 2 1 0 1 4 1 1 1 3 0 2 0 0 2 1 1 1 0 0 1 0
 2 3 2 0 4 0 3 0 4 0 3 2 0 0 3 0 4 3 3 4 3 1 0 0 0 0]
[1 0 4 0 0 0 1 0 1 3 1 0 3 0 4 2 0 0 2 0 0 0 3 0 0 0 4 3 0 0 0 2 2 1 4 4 4
 0 4 0 4 0 0 1 0 4 0 0 1 3 1 2 4 2 1 0 1 4 1 1 1 3 0 2 0 0 2 1 1 1 0 0 1 0
 2 3 2 0 4 0 3 0 4 0 3 2 0 0 3 0 4 3 3 4 3 1 0 0 0 0]
[5 3 2 5 1 3 7 4 4 1 6 7 9 5 6 2 1 4 6 3 4 5 4 5 7 6 3 5 8 4 6 6 8 1 5 8 8
 4 9 4 5 8 8 7 7 4 8 8 6 8 1 4 2 7 7 1 1 8 1 3 7 4 7 2 7 6 1 1 8 5 8 3 8 6
 2 7 7 8 5 7 8 7 6 7 9 7 7 2 6 5 7 4 3 3 7 2 2 4 8 5]
[5 3 2 5 1 3 7 4 4 1 6 7 9 5 6 2 1 4 6 3 4 5 4 5 7 6 3 5 8 4 6 6 8 1 5 8 8
 4 9 4 5 8 8 7 7 4 8 8 6 8 1 4 2 7 7 1 1 8 1 3 7 4 7 2 7 6 1 1 8 5 8 3 8 6
 2 7 7 8 5 7 8 7 6 7 9 7 7 2 6 5 7 4 3 3 7 2 2 4 8 5]
[50, 26, 24, 25, 50, 16, 31, 50, 50, 50, 17, 50, 22, 20, 50, 50, 50, 22, 30, 48, 50, 50, 50, 50, 50, 19, 50, 50, 50, 22, 21, 50, 50, 50, 50, 23, 50, 50, 15, 50, 37, 19, 50, 36, 50, 34, 22, 50, 48, 50, 16, 23, 50, 39, 50, 16, 50, 50, 29, 45, 44, 50, 23, 50, 23, 21, 50, 50, 21, 34, 13, 24, 50, 50, 39, 50, 50, 39, 50, 50, 50, 50, 50, 17, 50, 50, 22, 42, 50, 50, 46, 50, 40, 50, 50, 50, 38, 23, 46, 50]
[0 0 0 0 0 0 0 0 0 0 0 0 0 0 0 0 0 0 0 0 0 0 0 0 0 0 0 0 0 0 0 0 0 0 0 0 0
 0 0 0 0 0 0 0 0 0 0 0 0 0 0 0 0 0 0 0 0 0 0 0 0 0 0 0 0 0 0 0 0 0 0 0 0 0
 0 0 0 0 0 0 0 0 0 0 0 0 0 0 0 0 0 0 0 0 0 0 0 0 0 0]
[1 1 1 1 1 1 1 1 1 1 1 1 1 1 1 1 1 1 1 1 1 1 1 1 1 1 1 1 1 1 1 1 1 1 1 1 1
 1 1 1 1 1 1 1 1 1 1 1 1 1 1 1 1 1 1 1 1 1 1 1 1 1 1 1 1 1 1 1 1 1 1 1 1 1
 1 1 1 1 1 1 1 1 1 1 1 1 1 1 1 1 1 1 1 1 1 1 1 1 1 1]
