[ 0  1  2  3  4  5  6  7  8  9 10 11 12 13 14 15 16 17 18 19 20 21 22 23
 24 25 26 27 28 29 30 31 32 33 34 35 36 37 38 39 40 41 42 43 44 45 46 47
 48 49 50 51 52 53 54 55 56 57 58 59 60 61 62 63 64 65 66 67 68 69 70 71
 72 73 74 75 76 77 78 79 80 81 82 83 84 85 86 87 88 89 90 91 92 93 94 95
 96 97 98 99]
[78 51 67  7 -1 -1 27 -1 65 16 49 74 -1 -1  7 -1 81 -1 74 21 88 23 57 -1
 -1  8 97 60 -1 61 83 12 16 82 63 -1 -1 -1 -1 -1 97 -1 -1 86 92 -1 40 90
 15 73 -1 77 -1 -1 -1 -1 -1 28 85 -1 64 63 -1 41 -1 29 59 29 67 54 -1 52
 22 -1 61 36 89 -1 -1 -1 19 75  6 11 68 42 88 -1 -1 68 97 34 69 53 -1 45
 82 14 -1 29]
[1 0 0 0 1 1 1 0 0 1 0 0 0 0 1 1 0 1 0 1 0 1 1 1 0 1 1 0 0 1 0 0 1 1 1 1 0
 0 0 0 1 1 1 0 0 0 1 0 0 1 0 1 0 1 0 1 0 0 0 1 1 0 1 1 0 0 1 0 0 0 0 1 1 0
 1 1 1 1 0 1 1 1 0 1 1 1 1 1 1 0 1 0 1 1 0 1 0 0 0 1]
[0 0 4 0 4 0 0 0 2 1 4 1 0 1 0 2 4 4 3 4 0 0 1 0 1 4 4 0 0 3 2 0 0 0 0 1 0
 4 1 0 0 3 3 2 0 4 2 2 4 0 4 2 0 1 4 1 0 0 0 0 0 2 0 3 0 0 0 0 3 1 2 0 0 0
 4 0 0 4 1 0 0 0 3 0 4 4 0 2 0 2 2 0 0 0 1 1 0 4 0 0]
[0 0 4 0 4 0 0 0 2 1 4 1 0 1 0 2 4 4 3 4 0 0 1 0 1 4 4 0 0 3 2 0 0 0 0 1 0
 4 1 0 0 3 3 2 0 4 2 2 4 0 4 2 0 1 4 1 0 0 0 0 0 2 0 3 0 0 0 0 3 1 2 0 0 0
 4 0 0 4 1 0 0 0 3 0 4 4 0 2 0 2 2 0 0 0 1 1 0 4 0 0]
[8 6 6 6 7 1 4 1 7 3 6 4 1 3 9 9 5 2 6 8 4 5 4 4 7 8 7 3 6 4 8 5 9 8 9 1 1
 7 8 4 3 4 3 2 1 4 4 9 8 2 1 6 6 3 7 6 4 7 4 6 2 2 6 1 2 8 7 2 5 8 9 5 3 7
 6 1 4 1 6 5 2 1 4 7 6 8 6 1 5 3 8 9 8 7 6 9 9 6 2 9]
[8 6 6 6 7 1 4 1 7 3 6 4 1 3 9 9 5 2 6 8 4 5 4 4 7 8 7 3 6 4 8 5 9 8 9 1 1
 7 8 4 3 4 3 2 1 4 4 9 8 2 1 6 6 3 7 6 4 7 4 6 2 2 6 1 2 8 7 2 5 8 9 5 3 7
 6 1 4 1 6 5 2 1 4 7 6 8 6 1 5 3 8 9 8 7 6 9 9 6 2 9]
[30, 50, 50, 50, 50, 44, 50, 23, 10, 25, 24, 31, 35, 50, 50, 50, 50, 50, 16, 50, 19, 38, 50, 50, 50, 50, 50, 50, 26, 50, 50, 50, 25, 17, 19, 35, 40, 50, 50, 36, 50, 15, 32, 12, 33, 50, 50, 42, 50, 26, 50, 22, 38, 50, 22, 23, 50, 50, 50, 44, 50, 50, 50, 50, 50, 50, 50, 50, 30, 31, 50, 50, 15, 50, 13, 50, 42, 36, 35, 50, 24, 35, 15, 24, 46, 50, 44, 50, 50, 14, 49, 50, 50, 50, 50, 50, 50, 17, 40, 38]
[0 0 0 0 0 0 0 0 0 0 0 0 0 0 0 0 0 0 0 0 0 0 0 0 0 0 0 0 0 0 0 0 0 0 0 0 0
 0 0 0 0 0 0 0 0 0 0 0 0 0 0 0 0 0 0 0 0 0 0 0 0 0 0 0 0 0 0 0 0 0 0 0 0 0
 0 0 0 0 0 0 0 0 0 0 0 0 0 0 0 0 0 0 0 0 0 0 0 0 0 0]
[1 1 1 1 1 1 1 1 1 1 1 1 1 1 1 1 1 1 1 1 1 1 1 1 1 1 1 1 1 1 1 1 1 1 1 1 1
 1 1 1 1 1 1 1 1 1 1 1 1 1 1 1 1 1 1 1 1 1 1 1 1 1 1 1 1 1 1 1 1 1 1 1 1 1
 1 1 1 1 1 1 1 1 1 1 1 1 1 1 1 1 1 1 1 1 1 1 1 1 1 1]
