[ 0  1  2  3  4  5  6  7  8  9 10 11 12 13 14 15 16 17 18 19 20 21 22 23
 24 25 26 27 28 29 30 31 32 33 34 35 36 37 38 39 40 41 42 43 44 45 46 47
 48 49 50 51 52 53 54 55 56 57 58 59 60 61 62 63 64 65 66 67 68 69 70 71
 72 73 74 75 76 77 78 79 80 81 82 83 84 85 86 87 88 89 90 91 92 93 94 95
 96 97 98 99]
[-1  8 -1 21 62 -1 75 16 77 98 -1 59 -1 -1 26 -1 59 18 79 65 24 55 -1 99
 92 -1  2 -1 10 95 34 -1 -1 -1 97 39 -1 75 92 -1 68 75 82 65 19 63 49 31
 -1 12 -1  9  0 75 39 74 30 73 -1 56 84 36 -1 -1 67 -1  0 -1 -1 52 -1 13
 26 76 -1 54 43 -1 -1 49 92 -1 -1 95 -1 50 11 90  7 40 77 81 -1 -1  9 81
 33 81 44 -1]
[1 0 0 1 1 0 0 1 0 1 0 1 0 0 1 1 0 1 0 0 0 0 0 1 0 0 0 1 0 1 1 0 0 1 0 0 0
 0 1 1 0 0 1 1 0 0 1 1 1 0 0 1 1 1 1 0 1 0 0 1 1 0 1 1 1 0 0 0 1 1 0 0 1 1
 1 0 0 1 1 1 0 1 1 0 0 0 0 1 0 1 0 0 1 1 1 1 1 1 1 0]
[1 0 0 3 1 4 1 1 0 2 0 1 2 2 1 0 2 0 0 2 0 0 2 0 0 0 0 0 0 4 0 0 0 3 1 0 3
 0 3 0 3 1 2 0 1 2 0 0 0 0 4 1 3 0 0 2 3 0 1 0 0 4 1 0 1 0 2 0 0 1 0 1 0 0
 0 0 4 3 3 2 0 0 2 1 1 2 0 3 0 0 1 0 0 0 2 0 3 2 0 1]
[1 0 0 3 1 4 1 1 0 2 0 1 2 2 1 0 2 0 0 2 0 0 2 0 0 0 0 0 0 4 0 0 0 3 1 0 3
 0 3 0 3 1 2 0 1 2 0 0 0 0 4 1 3 0 0 2 3 0 1 0 0 4 1 0 1 0 2 0 0 1 0 1 0 0
 0 0 4 3 3 2 0 0 2 1 1 2 0 3 0 0 1 0 0 0 2 0 3 2 0 1]
[6 5 3 5 3 2 8 2 1 7 4 7 7 4 1 1 4 6 5 9 6 9 6 9 1 6 8 4 8 8 8 5 2 6 5 8 4
 6 8 1 4 6 3 3 7 8 7 1 9 3 9 4 7 6 8 1 4 4 3 4 6 8 2 6 6 9 6 3 5 9 2 1 4 3
 9 7 9 7 6 1 8 5 1 5 5 4 9 7 1 6 8 3 8 1 2 2 7 3 3 3]
[6 5 3 5 3 2 8 2 1 7 4 7 7 4 1 1 4 6 5 9 6 9 6 9 1 6 8 4 8 8 8 5 2 6 5 8 4
 6 8 1 4 6 3 3 7 8 7 1 9 3 9 4 7 6 8 1 4 4 3 4 6 8 2 6 6 9 6 3 5 9 2 1 4 3
 9 7 9 7 6 1 8 5 1 5 5 4 9 7 1 6 8 3 8 1 2 2 7 3 3 3]
[46, 43, 50, 50, 46, 50, 27, 44, 36, 42, 16, 50, 50, 50, 40, 50, 19, 38, 26, 50, 50, 50, 14, 46, 50, 50, 44, 12, 47, 41, 50, 13, 46, 34, 22, 50, 41, 50, 37, 48, 50, 50, 50, 50, 32, 50, 20, 50, 50, 11, 46, 44, 50, 50, 17, 27, 35, 50, 50, 50, 27, 28, 50, 48, 50, 16, 50, 38, 50, 50, 25, 26, 50, 44, 50, 50, 25, 50, 50, 50, 50, 50, 34, 33, 32, 37, 23, 16, 50, 16, 20, 31, 50, 38, 37, 50, 50, 50, 28, 28]
[0 0 0 0 0 0 0 0 0 0 0 0 0 0 0 0 0 0 0 0 0 0 0 0 0 0 0 0 0 0 0 0 0 0 0 0 0
 0 0 0 0 0 0 0 0 0 0 0 0 0 0 0 0 0 0 0 0 0 0 0 0 0 0 0 0 0 0 0 0 0 0 0 0 0
 0 0 0 0 0 0 0 0 0 0 0 0 0 0 0 0 0 0 0 0 0 0 0 0 0 0]
[1 1 1 1 1 1 1 1 1 1 1 1 1 1 1 1 1 1 1 1 1 1 1 1 1 1 1 1 1 1 1 1 1 1 1 1 1
 1 1 1 1 1 1 1 1 1 1 1 1 1 1 1 1 1 1 1 1 1 1 1 1 1 1 1 1 1 1 1 1 1 1 1 1 1
 1 1 1 1 1 1 1 1 1 1 1 1 1 1 1 1 1 1 1 1 1 1 1 1 1 1]
