[ 0  1  2  3  4  5  6  7  8  9 10 11 12 13 14 15 16 17 18 19 20 21 22 23
 24 25 26 27 28 29 30 31 32 33 34 35 36 37 38 39 40 41 42 43 44 45 46 47
 48 49 50 51 52 53 54 55 56 57 58 59 60 61 62 63 64 65 66 67 68 69 70 71
 72 73 74 75 76 77 78 79 80 81 82 83 84 85 86 87 88 89 90 91 92 93 94 95
 96 97 98 99]
[-1 -1 -1 -1 -1 -1 -1 -1 76 -1 70 24 40 24 76 -1 46 -1 -1 87 73 27 -1 25
 82 55 27 22 -1 42 76 -1 -1 -1 -1 -1 -1 15 -1 95 47 98 17  2 11 86 -1 29
  0 50 26 -1 35 31 51  9 22 99 94 98  9 40 41 -1 27 17 -1 -1 -1  0 31 78
 10 46 78 -1 -1 53 91 37 -1 69 35 98 51 86 -1 -1 -1 70 -1 68 81 92 52 -1
 74 -1 46 -1]
[0 0 1 0 0 1 1 1 1 0 1 1 0 1 0 0 0 1 1 1 0 0 0 1 0 1 0 0 0 0 1 0 1 1 0 0 0
 0 1 1 0 1 1 0 1 1 0 0 0 0 0 1 0 1 1 1 0 1 1 1 1 1 0 1 0 0 0 1 0 0 1 1 0 1
 1 1 0 1 0 0 1 0 0 1 0 0 0 1 1 0 0 1 1 1 1 1 1 0 1 1]
[3 0 3 4 0 2 0 0 0 2 0 0 0 0 1 2 0 4 1 0 0 0 0 1 3 4 0 4 4 0 3 2 0 0 2 2 0
 3 2 0 2 0 0 0 0 2 1 0 0 1 0 0 3 0 4 2 3 2 2 0 3 0 1 1 2 4 0 0 4 1 0 2 0 0
 2 0 1 1 3 4 4 0 3 1 3 1 2 0 3 4 0 0 3 0 0 1 0 0 4 2]
[3 0 3 4 0 2 0 0 0 2 0 0 0 0 1 2 0 4 1 0 0 0 0 1 3 4 0 4 4 0 3 2 0 0 2 2 0
 3 2 0 2 0 0 0 0 2 1 0 0 1 0 0 3 0 4 2 3 2 2 0 3 0 1 1 2 4 0 0 4 1 0 2 0 0
 2 0 1 1 3 4 4 0 3 1 3 1 2 0 3 4 0 0 3 0 0 1 0 0 4 2]
[5 4 9 6 5 8 1 1 8 1 8 5 3 7 4 7 4 5 4 4 3 8 9 5 9 5 6 4 8 1 1 8 9 2 6 5 7
 6 7 3 3 4 1 5 4 4 6 4 4 2 4 4 4 2 5 5 1 8 8 8 9 5 6 9 1 8 4 2 4 8 9 9 4 2
 2 6 3 5 3 2 1 7 1 1 4 3 4 4 4 8 9 4 4 3 2 5 9 2 9 1]
[5 4 9 6 5 8 1 1 8 1 8 5 3 7 4 7 4 5 4 4 3 8 9 5 9 5 6 4 8 1 1 8 9 2 6 5 7
 6 7 3 3 4 1 5 4 4 6 4 4 2 4 4 4 2 5 5 1 8 8 8 9 5 6 9 1 8 4 2 4 8 9 9 4 2
 2 6 3 5 3 2 1 7 1 1 4 3 4 4 4 8 9 4 4 3 2 5 9 2 9 1]
[50, 50, 27, 50, 50, 27, 18, 40, 14, 18, 13, 50, 47, 50, 20, 50, 50, 44, 50, 50, 50, 36, 50, 43, 44, 15, 50, 50, 50, 13, 50, 43, 50, 27, 50, 50, 50, 50, 12, 10, 47, 12, 47, 50, 28, 16, 50, 50, 10, 50, 10, 40, 38, 50, 50, 50, 47, 50, 50, 50, 50, 50, 50, 18, 50, 50, 13, 50, 50, 13, 50, 50, 10, 50, 50, 50, 11, 50, 45, 50, 50, 50, 50, 30, 50, 14, 50, 48, 50, 24, 50, 50, 49, 19, 50, 45, 33, 48, 50, 24]
[0 0 0 0 0 0 0 0 0 0 0 0 0 0 0 0 0 0 0 0 0 0 0 0 0 0 0 0 0 0 0 0 0 0 0 0 0
 0 0 0 0 0 0 0 0 0 0 0 0 0 0 0 0 0 0 0 0 0 0 0 0 0 0 0 0 0 0 0 0 0 0 0 0 0
 0 0 0 0 0 0 0 0 0 0 0 0 0 0 0 0 0 0 0 0 0 0 0 0 0 0]
[1 1 1 1 1 1 1 1 1 1 1 1 1 1 1 1 1 1 1 1 1 1 1 1 1 1 1 1 1 1 1 1 1 1 1 1 1
 1 1 1 1 1 1 1 1 1 1 1 1 1 1 1 1 1 1 1 1 1 1 1 1 1 1 1 1 1 1 1 1 1 1 1 1 1
 1 1 1 1 1 1 1 1 1 1 1 1 1 1 1 1 1 1 1 1 1 1 1 1 1 1]
