[ 0  1  2  3  4  5  6  7  8  9 10 11 12 13 14 15 16 17 18 19 20 21 22 23
 24 25 26 27 28 29 30 31 32 33 34 35 36 37 38 39 40 41 42 43 44 45 46 47
 48 49 50 51 52 53 54 55 56 57 58 59 60 61 62 63 64 65 66 67 68 69 70 71
 72 73 74 75 76 77 78 79 80 81 82 83 84 85 86 87 88 89 90 91 92 93 94 95
 96 97 98 99]
[-1 84 79 -1 -1 86 62 -1 29 60 80 91 -1 73 -1  9 75 -1 -1 84 84 -1 29 86
 97 -1 35 -1 64 11 -1 24 19 58 44 43 14 62 -1  1 -1 98 -1 19 22 92 39 -1
 61 -1 15 88 75 -1 51 -1 94 -1 57 -1 58 94 -1 -1  3 47 -1 57 42 30 -1 37
 58 -1 -1 -1 34 -1 -1 90 79 68 -1  2 -1 36 -1 40 21 32 -1  5 -1 -1 21 -1
 89 57 55 43]
[0 1 1 0 1 1 0 1 0 1 0 1 0 1 1 0 0 0 1 1 0 0 1 1 1 0 1 0 1 0 1 0 1 0 1 1 1
 1 1 1 1 1 0 1 1 1 0 1 0 1 0 1 0 1 0 1 0 0 0 0 0 0 0 1 0 1 0 1 1 0 0 0 1 0
 1 0 1 0 1 0 1 1 1 0 1 0 1 0 1 1 0 1 0 1 1 1 1 0 0 1]
[3 0 0 1 1 0 0 0 0 0 4 0 0 0 3 0 0 0 3 0 2 0 1 3 1 1 0 3 0 3 0 2 3 1 4 4 1
 0 4 0 2 0 3 0 0 0 0 0 4 0 1 0 1 0 4 2 2 0 0 0 3 4 1 4 0 0 0 0 0 0 1 4 4 0
 0 3 2 2 0 0 3 2 0 4 0 4 0 0 2 3 0 0 0 1 3 0 0 2 4 0]
[3 0 0 1 1 0 0 0 0 0 4 0 0 0 3 0 0 0 3 0 2 0 1 3 1 1 0 3 0 3 0 2 3 1 4 4 1
 0 4 0 2 0 3 0 0 0 0 0 4 0 1 0 1 0 4 2 2 0 0 0 3 4 1 4 0 0 0 0 0 0 1 4 4 0
 0 3 2 2 0 0 3 2 0 4 0 4 0 0 2 3 0 0 0 1 3 0 0 2 4 0]
[5 5 5 1 5 1 3 9 5 6 9 7 2 1 8 7 9 9 9 8 1 7 5 1 6 6 8 8 9 9 8 5 5 6 9 1 5
 7 5 9 2 2 4 5 1 7 4 6 7 4 1 5 3 6 6 8 9 1 7 2 9 5 9 1 4 5 6 4 4 1 6 8 2 9
 2 3 8 7 7 4 8 8 7 2 6 9 9 5 2 3 2 2 6 9 9 9 4 5 5 4]
[5 5 5 1 5 1 3 9 5 6 9 7 2 1 8 7 9 9 9 8 1 7 5 1 6 6 8 8 9 9 8 5 5 6 9 1 5
 7 5 9 2 2 4 5 1 7 4 6 7 4 1 5 3 6 6 8 9 1 7 2 9 5 9 1 4 5 6 4 4 1 6 8 2 9
 2 3 8 7 7 4 8 8 7 2 6 9 9 5 2 3 2 2 6 9 9 9 4 5 5 4]
[35, 50, 50, 34, 13, 40, 15, 50, 48, 27, 50, 50, 50, 50, 22, 50, 17, 41, 50, 50, 50, 50, 50, 50, 16, 50, 22, 50, 50, 50, 50, 50, 50, 50, 28, 49, 50, 50, 50, 50, 50, 11, 50, 35, 20, 50, 50, 50, 23, 18, 33, 46, 50, 41, 37, 50, 27, 30, 33, 29, 19, 50, 37, 50, 50, 14, 11, 50, 50, 29, 50, 50, 50, 50, 50, 28, 35, 15, 36, 23, 50, 50, 50, 20, 24, 13, 47, 50, 19, 50, 50, 50, 50, 50, 50, 30, 50, 26, 50, 34]
[0 0 0 0 0 0 0 0 0 0 0 0 0 0 0 0 0 0 0 0 0 0 0 0 0 0 0 0 0 0 0 0 0 0 0 0 0
 0 0 0 0 0 0 0 0 0 0 0 0 0 0 0 0 0 0 0 0 0 0 0 0 0 0 0 0 0 0 0 0 0 0 0 0 0
 0 0 0 0 0 0 0 0 0 0 0 0 0 0 0 0 0 0 0 0 0 0 0 0 0 0]
[1 1 1 1 1 1 1 1 1 1 1 1 1 1 1 1 1 1 1 1 1 1 1 1 1 1 1 1 1 1 1 1 1 1 1 1 1
 1 1 1 1 1 1 1 1 1 1 1 1 1 1 1 1 1 1 1 1 1 1 1 1 1 1 1 1 1 1 1 1 1 1 1 1 1
 1 1 1 1 1 1 1 1 1 1 1 1 1 1 1 1 1 1 1 1 1 1 1 1 1 1]
