[ 0  1  2  3  4  5  6  7  8  9 10 11 12 13 14 15 16 17 18 19 20 21 22 23
 24 25 26 27 28 29 30 31 32 33 34 35 36 37 38 39 40 41 42 43 44 45 46 47
 48 49 50 51 52 53 54 55 56 57 58 59 60 61 62 63 64 65 66 67 68 69 70 71
 72 73 74 75 76 77 78 79 80 81 82 83 84 85 86 87 88 89 90 91 92 93 94 95
 96 97 98 99]
[69 71 92  5 -1 13 86 64 -1 21 35 -1 42 81 65 10 64 -1  7 85  9 -1 -1 -1
 -1 -1 70 23 -1 40 84 42 20  6  6 75 -1 -1 -1 -1 -1  8 92 20  6 33 -1 66
  4 -1 78 54 53 14 -1 59 -1  9 95  1 -1 -1 -1 42 73 33 -1 -1 74 98 31 -1
 -1 -1 15 27 -1 -1 53 16 -1 55 -1 60 57 10 15 77 64 -1 41 43 24 91 47 -1
 64 -1 -1 60]
[1 1 0 0 1 1 1 0 0 0 0 0 0 0 1 1 0 1 1 0 0 1 1 0 0 1 1 1 1 1 0 1 1 0 0 0 1
 1 1 0 0 0 1 1 1 0 0 1 0 1 0 0 1 1 0 0 1 1 0 0 0 0 1 0 0 1 0 1 1 1 0 0 0 0
 0 0 1 0 0 0 0 0 1 0 0 1 0 0 1 0 1 0 0 0 1 1 1 1 0 0]
[0 2 0 1 0 0 0 0 0 2 0 0 2 0 2 0 2 2 0 4 0 0 1 4 2 0 3 2 1 3 0 2 0 0 0 0 0
 0 3 4 0 2 0 0 4 1 0 0 0 0 0 0 0 0 0 0 1 4 1 4 1 0 0 0 0 4 4 0 2 1 0 3 0 1
 0 0 0 0 0 1 1 0 1 0 0 2 0 4 3 0 0 0 0 4 0 1 0 0 0 4]
[0 2 0 1 0 0 0 0 0 2 0 0 2 0 2 0 2 2 0 4 0 0 1 4 2 0 3 2 1 3 0 2 0 0 0 0 0
 0 3 4 0 2 0 0 4 1 0 0 0 0 0 0 0 0 0 0 1 4 1 4 1 0 0 0 0 4 4 0 2 1 0 3 0 1
 0 0 0 0 0 1 1 0 1 0 0 2 0 4 3 0 0 0 0 4 0 1 0 0 0 4]
[3 8 1 6 8 9 3 1 7 8 8 7 9 8 8 4 7 3 9 8 2 9 9 2 9 4 3 4 2 8 9 7 1 2 6 6 5
 1 8 6 8 3 1 5 4 6 6 3 8 1 2 6 2 6 6 1 9 6 9 6 3 6 6 1 1 5 2 6 4 4 8 8 2 5
 5 7 5 3 4 4 8 7 3 6 1 5 5 8 4 7 4 4 3 7 9 7 3 1 6 1]
[3 8 1 6 8 9 3 1 7 8 8 7 9 8 8 4 7 3 9 8 2 9 9 2 9 4 3 4 2 8 9 7 1 2 6 6 5
 1 8 6 8 3 1 5 4 6 6 3 8 1 2 6 2 6 6 1 9 6 9 6 3 6 6 1 1 5 2 6 4 4 8 8 2 5
 5 7 5 3 4 4 8 7 3 6 1 5 5 8 4 7 4 4 3 7 9 7 3 1 6 1]
[35, 10, 50, 50, 50, 50, 50, 50, 38, 14, 50, 50, 50, 50, 50, 35, 50, 17, 50, 30, 50, 50, 50, 50, 50, 40, 33, 50, 34, 50, 18, 37, 35, 19, 27, 19, 50, 17, 50, 10, 50, 23, 50, 34, 50, 50, 50, 50, 50, 50, 33, 15, 50, 50, 40, 50, 50, 23, 50, 49, 50, 50, 50, 50, 50, 50, 50, 30, 24, 21, 31, 50, 39, 49, 14, 50, 20, 16, 50, 33, 27, 50, 47, 15, 50, 50, 40, 26, 37, 50, 24, 14, 50, 50, 50, 50, 28, 42, 50, 38]
[0 0 0 0 0 0 0 0 0 0 0 0 0 0 0 0 0 0 0 0 0 0 0 0 0 0 0 0 0 0 0 0 0 0 0 0 0
 0 0 0 0 0 0 0 0 0 0 0 0 0 0 0 0 0 0 0 0 0 0 0 0 0 0 0 0 0 0 0 0 0 0 0 0 0
 0 0 0 0 0 0 0 0 0 0 0 0 0 0 0 0 0 0 0 0 0 0 0 0 0 0]
[1 1 1 1 1 1 1 1 1 1 1 1 1 1 1 1 1 1 1 1 1 1 1 1 1 1 1 1 1 1 1 1 1 1 1 1 1
 1 1 1 1 1 1 1 1 1 1 1 1 1 1 1 1 1 1 1 1 1 1 1 1 1 1 1 1 1 1 1 1 1 1 1 1 1
 1 1 1 1 1 1 1 1 1 1 1 1 1 1 1 1 1 1 1 1 1 1 1 1 1 1]
