[ 0  1  2  3  4  5  6  7  8  9 10 11 12 13 14 15 16 17 18 19 20 21 22 23
 24 25 26 27 28 29 30 31 32 33 34 35 36 37 38 39 40 41 42 43 44 45 46 47
 48 49 50 51 52 53 54 55 56 57 58 59 60 61 62 63 64 65 66 67 68 69 70 71
 72 73 74 75 76 77 78 79 80 81 82 83 84 85 86 87 88 89 90 91 92 93 94 95
 96 97 98 99]
[50 23 -1 -1 -1 95 63 89 -1 99 -1 45 37 52 77 -1 -1 57 -1 75  0 -1 -1 14
  5 30 -1 36 -1 -1 33 -1 -1 64 43 88 -1 98 -1 92 59 22 -1 47 47 -1 -1 97
 -1 36 -1  8 44 -1 26  0 -1 98 -1 73 -1 -1 -1 10 50 71  0 33 64 -1 77 69
 -1 26 -1 -1 16 85 46 29 50 -1 28 61 34 89 80 27 26 -1 -1 23 17  7 -1 54
 89  8 72 38]
[1 0 1 1 1 0 0 0 0 0 1 0 1 1 1 0 1 0 0 0 1 0 0 0 0 0 1 0 0 1 0 0 0 1 0 1 0
 0 0 1 0 0 0 0 0 0 0 0 0 1 1 1 0 0 0 0 0 1 0 1 1 0 1 1 1 0 0 1 0 0 0 1 1 0
 1 0 0 0 0 1 1 1 1 1 0 0 1 0 0 0 1 0 1 1 1 1 0 1 1 1]
[2 3 0 1 0 2 0 0 0 0 1 1 3 0 4 0 2 2 0 3 0 1 1 1 1 1 4 0 0 1 2 1 2 0 3 3 0
 1 0 4 2 1 1 3 0 0 1 4 0 0 2 3 4 1 4 1 0 1 0 0 4 3 2 1 3 0 4 0 4 1 0 4 0 1
 0 3 3 4 3 0 0 0 4 0 3 2 2 2 3 0 0 0 0 0 1 0 0 3 0 0]
[2 3 0 1 0 2 0 0 0 0 1 1 3 0 4 0 2 2 0 3 0 1 1 1 1 1 4 0 0 1 2 1 2 0 3 3 0
 1 0 4 2 1 1 3 0 0 1 4 0 0 2 3 4 1 4 1 0 1 0 0 4 3 2 1 3 0 4 0 4 1 0 4 0 1
 0 3 3 4 3 0 0 0 4 0 3 2 2 2 3 0 0 0 0 0 1 0 0 3 0 0]
[4 9 9 9 9 8 1 4 5 2 7 8 5 8 5 5 6 8 1 8 9 9 5 5 7 1 4 2 9 6 8 4 3 7 2 8 9
 9 2 8 4 6 8 5 9 9 3 5 9 1 3 4 1 1 4 5 1 5 5 3 1 6 6 6 9 6 5 1 6 8 4 8 2 4
 4 7 2 5 3 4 4 3 2 7 1 9 2 7 8 6 6 2 3 1 8 9 2 7 7 7]
[4 9 9 9 9 8 1 4 5 2 7 8 5 8 5 5 6 8 1 8 9 9 5 5 7 1 4 2 9 6 8 4 3 7 2 8 9
 9 2 8 4 6 8 5 9 9 3 5 9 1 3 4 1 1 4 5 1 5 5 3 1 6 6 6 9 6 5 1 6 8 4 8 2 4
 4 7 2 5 3 4 4 3 2 7 1 9 2 7 8 6 6 2 3 1 8 9 2 7 7 7]
[46, 47, 10, 12, 50, 50, 10, 43, 50, 50, 31, 50, 46, 29, 22, 50, 27, 22, 50, 29, 42, 50, 39, 50, 50, 50, 28, 50, 29, 46, 16, 29, 50, 50, 43, 50, 13, 36, 50, 26, 50, 50, 26, 41, 33, 50, 50, 33, 50, 50, 50, 44, 28, 50, 50, 32, 50, 50, 50, 50, 50, 49, 50, 17, 23, 44, 50, 50, 12, 34, 27, 50, 50, 13, 50, 42, 21, 50, 48, 50, 50, 50, 50, 26, 13, 46, 14, 48, 50, 50, 50, 30, 49, 50, 37, 23, 50, 50, 26, 50]
[0 0 0 0 0 0 0 0 0 0 0 0 0 0 0 0 0 0 0 0 0 0 0 0 0 0 0 0 0 0 0 0 0 0 0 0 0
 0 0 0 0 0 0 0 0 0 0 0 0 0 0 0 0 0 0 0 0 0 0 0 0 0 0 0 0 0 0 0 0 0 0 0 0 0
 0 0 0 0 0 0 0 0 0 0 0 0 0 0 0 0 0 0 0 0 0 0 0 0 0 0]
[1 1 1 1 1 1 1 1 1 1 1 1 1 1 1 1 1 1 1 1 1 1 1 1 1 1 1 1 1 1 1 1 1 1 1 1 1
 1 1 1 1 1 1 1 1 1 1 1 1 1 1 1 1 1 1 1 1 1 1 1 1 1 1 1 1 1 1 1 1 1 1 1 1 1
 1 1 1 1 1 1 1 1 1 1 1 1 1 1 1 1 1 1 1 1 1 1 1 1 1 1]
