[ 0  1  2  3  4  5  6  7  8  9 10 11 12 13 14 15 16 17 18 19 20 21 22 23
 24 25 26 27 28 29 30 31 32 33 34 35 36 37 38 39 40 41 42 43 44 45 46 47
 48 49 50 51 52 53 54 55 56 57 58 59 60 61 62 63 64 65 66 67 68 69 70 71
 72 73 74 75 76 77 78 79 80 81 82 83 84 85 86 87 88 89 90 91 92 93 94 95
 96 97 98 99]
[-1 45 22 74 70 82 85 -1 71 63 56 12 44 -1 -1 75 -1 31 30 53 93 -1 15 -1
 75 47 66 36 -1  0 62 86 47 43 -1 10 -1 -1  9 86  7 -1 63 24 97 -1 -1  0
 78 47 98 91 -1 -1 -1 44 62 56 75 -1 -1 39 -1 31 20 42 49  7 33 50 99 54
 49 69 -1 -1  3 -1 67 -1 13 -1 31 -1 -1 23 -1 44 67 -1 65 83 -1 -1 71 16
 32 15 37 76]
[0 0 0 1 0 1 0 1 1 1 1 0 0 1 0 0 1 1 0 1 0 0 1 1 1 0 1 0 0 1 0 0 1 0 1 1 0
 0 0 0 0 0 0 0 0 0 0 1 1 1 0 1 0 0 1 1 0 0 0 0 1 1 1 1 0 1 0 1 0 1 1 1 0 0
 0 1 0 0 0 0 0 0 1 0 0 1 1 1 0 0 1 1 0 1 0 0 0 0 1 1]
[4 4 2 0 0 0 0 0 3 4 3 0 3 3 4 0 0 4 0 1 4 1 0 0 0 0 0 2 0 0 4 2 3 4 1 0 0
 0 0 0 0 2 2 1 3 0 3 3 0 2 0 1 3 0 0 0 1 1 0 1 3 4 2 4 0 3 0 0 3 0 1 0 1 0
 0 2 0 0 2 1 0 0 0 1 0 4 4 4 0 0 1 3 3 0 4 0 1 0 0 0]
[4 4 2 0 0 0 0 0 3 4 3 0 3 3 4 0 0 4 0 1 4 1 0 0 0 0 0 2 0 0 4 2 3 4 1 0 0
 0 0 0 0 2 2 1 3 0 3 3 0 2 0 1 3 0 0 0 1 1 0 1 3 4 2 4 0 3 0 0 3 0 1 0 1 0
 0 2 0 0 2 1 0 0 0 1 0 4 4 4 0 0 1 3 3 0 4 0 1 0 0 0]
[5 1 1 6 8 2 3 2 6 8 6 8 7 2 2 8 5 5 2 1 6 1 3 9 9 1 3 6 9 2 6 8 9 6 8 5 8
 4 7 3 6 3 5 4 6 5 8 6 9 2 5 4 4 5 2 8 2 9 4 1 4 7 8 6 2 8 5 2 2 8 3 1 9 3
 3 5 6 7 5 3 7 4 3 7 4 5 4 9 4 3 3 9 2 1 5 7 5 7 9 1]
[5 1 1 6 8 2 3 2 6 8 6 8 7 2 2 8 5 5 2 1 6 1 3 9 9 1 3 6 9 2 6 8 9 6 8 5 8
 4 7 3 6 3 5 4 6 5 8 6 9 2 5 4 4 5 2 8 2 9 4 1 4 7 8 6 2 8 5 2 2 8 3 1 9 3
 3 5 6 7 5 3 7 4 3 7 4 5 4 9 4 3 3 9 2 1 5 7 5 7 9 1]
[42, 50, 50, 50, 11, 24, 50, 50, 28, 50, 50, 50, 13, 50, 50, 29, 50, 29, 19, 50, 50, 50, 11, 50, 43, 25, 24, 27, 11, 16, 50, 50, 21, 50, 50, 50, 50, 47, 50, 50, 27, 48, 50, 46, 34, 50, 50, 50, 37, 41, 50, 19, 33, 39, 50, 50, 50, 19, 50, 50, 29, 50, 27, 50, 50, 29, 45, 50, 50, 50, 50, 25, 50, 37, 50, 50, 50, 41, 30, 50, 21, 31, 11, 50, 50, 45, 31, 29, 50, 50, 10, 18, 50, 22, 50, 50, 36, 43, 48, 29]
[0 0 0 0 0 0 0 0 0 0 0 0 0 0 0 0 0 0 0 0 0 0 0 0 0 0 0 0 0 0 0 0 0 0 0 0 0
 0 0 0 0 0 0 0 0 0 0 0 0 0 0 0 0 0 0 0 0 0 0 0 0 0 0 0 0 0 0 0 0 0 0 0 0 0
 0 0 0 0 0 0 0 0 0 0 0 0 0 0 0 0 0 0 0 0 0 0 0 0 0 0]
[1 1 1 1 1 1 1 1 1 1 1 1 1 1 1 1 1 1 1 1 1 1 1 1 1 1 1 1 1 1 1 1 1 1 1 1 1
 1 1 1 1 1 1 1 1 1 1 1 1 1 1 1 1 1 1 1 1 1 1 1 1 1 1 1 1 1 1 1 1 1 1 1 1 1
 1 1 1 1 1 1 1 1 1 1 1 1 1 1 1 1 1 1 1 1 1 1 1 1 1 1]
