[ 0  1  2  3  4  5  6  7  8  9 10 11 12 13 14 15 16 17 18 19 20 21 22 23
 24 25 26 27 28 29 30 31 32 33 34 35 36 37 38 39 40 41 42 43 44 45 46 47
 48 49 50 51 52 53 54 55 56 57 58 59 60 61 62 63 64 65 66 67 68 69 70 71
 72 73 74 75 76 77 78 79 80 81 82 83 84 85 86 87 88 89 90 91 92 93 94 95
 96 97 98 99]
[18 -1 -1 -1 72 88 74 -1 -1 -1 47 44 -1 19 30 -1 30 -1 56 -1 53 31 71 -1
 -1 43 -1 29 -1  2 67 -1 67 14 47 -1 28  6 -1 43 26 -1 -1 76 -1 -1 87 -1
 17 46 -1 63 47 82 -1 67 36 75 -1 51 21 84 -1 -1 -1 96 51 44 78 -1 -1 -1
 80 18 15 -1 84 96  6 -1 -1 -1 15 97 24 47 -1 32 99 67 60 11 -1 72 25 -1
 -1 71 63 -1]
[0 0 1 1 0 1 0 1 1 0 0 0 1 1 1 0 1 1 1 1 1 1 1 0 1 0 1 1 0 1 1 0 1 1 0 0 0
 0 0 1 0 1 1 1 1 0 1 0 0 0 0 0 1 0 1 1 0 1 1 1 0 1 0 0 0 1 1 1 1 0 0 0 1 0
 1 0 1 0 1 1 1 0 0 1 0 1 0 0 1 0 0 0 1 0 0 1 1 0 1 0]
[2 3 0 0 3 3 2 0 4 0 0 0 0 0 0 2 0 0 4 0 2 0 0 2 0 0 0 1 4 0 0 0 3 2 4 2 2
 0 4 0 4 3 1 0 0 0 0 1 3 0 2 2 1 1 1 2 0 0 0 2 0 2 0 4 0 4 0 3 3 2 0 0 2 3
 2 1 0 0 0 0 3 0 2 0 0 2 3 0 0 2 3 2 2 0 0 1 0 4 0 4]
[2 3 0 0 3 3 2 0 4 0 0 0 0 0 0 2 0 0 4 0 2 0 0 2 0 0 0 1 4 0 0 0 3 2 4 2 2
 0 4 0 4 3 1 0 0 0 0 1 3 0 2 2 1 1 1 2 0 0 0 2 0 2 0 4 0 4 0 3 3 2 0 0 2 3
 2 1 0 0 0 0 3 0 2 0 0 2 3 0 0 2 3 2 2 0 0 1 0 4 0 4]
[2 7 3 2 2 2 7 9 2 8 8 6 5 9 9 3 1 2 8 9 5 5 9 7 9 9 8 7 4 9 4 3 6 4 7 7 8
 9 4 8 2 4 3 9 2 3 1 2 6 6 4 4 7 8 5 8 7 4 2 4 2 4 1 5 5 5 3 4 3 6 6 2 4 9
 1 1 5 5 8 7 3 9 3 7 2 6 9 4 4 8 6 3 9 9 5 2 8 1 1 4]
[2 7 3 2 2 2 7 9 2 8 8 6 5 9 9 3 1 2 8 9 5 5 9 7 9 9 8 7 4 9 4 3 6 4 7 7 8
 9 4 8 2 4 3 9 2 3 1 2 6 6 4 4 7 8 5 8 7 4 2 4 2 4 1 5 5 5 3 4 3 6 6 2 4 9
 1 1 5 5 8 7 3 9 3 7 2 6 9 4 4 8 6 3 9 9 5 2 8 1 1 4]
[50, 47, 19, 33, 49, 50, 35, 50, 50, 39, 50, 50, 50, 45, 28, 50, 36, 50, 34, 22, 39, 36, 33, 50, 10, 50, 46, 10, 50, 50, 11, 50, 50, 21, 50, 39, 50, 28, 24, 50, 48, 50, 50, 50, 13, 34, 50, 50, 14, 23, 23, 50, 50, 48, 50, 50, 50, 13, 50, 23, 50, 50, 50, 42, 39, 50, 30, 50, 20, 41, 50, 14, 43, 50, 16, 50, 50, 30, 50, 49, 21, 50, 50, 45, 50, 50, 50, 29, 28, 50, 50, 17, 26, 23, 43, 50, 50, 45, 26, 50]
[0 0 0 0 0 0 0 0 0 0 0 0 0 0 0 0 0 0 0 0 0 0 0 0 0 0 0 0 0 0 0 0 0 0 0 0 0
 0 0 0 0 0 0 0 0 0 0 0 0 0 0 0 0 0 0 0 0 0 0 0 0 0 0 0 0 0 0 0 0 0 0 0 0 0
 0 0 0 0 0 0 0 0 0 0 0 0 0 0 0 0 0 0 0 0 0 0 0 0 0 0]
[1 1 1 1 1 1 1 1 1 1 1 1 1 1 1 1 1 1 1 1 1 1 1 1 1 1 1 1 1 1 1 1 1 1 1 1 1
 1 1 1 1 1 1 1 1 1 1 1 1 1 1 1 1 1 1 1 1 1 1 1 1 1 1 1 1 1 1 1 1 1 1 1 1 1
 1 1 1 1 1 1 1 1 1 1 1 1 1 1 1 1 1 1 1 1 1 1 1 1 1 1]
