[ 0  1  2  3  4  5  6  7  8  9 10 11 12 13 14 15 16 17 18 19 20 21 22 23
 24 25 26 27 28 29 30 31 32 33 34 35 36 37 38 39 40 41 42 43 44 45 46 47
 48 49 50 51 52 53 54 55 56 57 58 59 60 61 62 63 64 65 66 67 68 69 70 71
 72 73 74 75 76 77 78 79 80 81 82 83 84 85 86 87 88 89 90 91 92 93 94 95
 96 97 98 99]
[80 -1 19 -1 52 66 53 41 85 -1 -1 84  0 15 73 62 22 -1 -1 -1  2 87  4 -1
 10 14  8 67 92 20 -1 82 86 95 13 27 -1 55 97 63 62 95 30 -1 -1 60  0  2
 57 -1 54 -1 54 27 23 19 77  5 62 -1 49 -1 43 -1 -1 39 91 57 -1 68 35 36
 71 -1 -1 -1 23 34 -1 24 45 -1 -1 96 -1 84 -1 91  7 37 71 93 -1 97 78 89
 33 71 -1 72]
[0 0 0 1 1 1 1 1 0 1 1 0 1 0 1 1 1 1 0 1 0 1 0 1 1 1 1 0 0 0 0 0 0 1 1 1 0
 1 1 1 0 1 1 1 1 0 0 0 1 1 0 1 0 1 1 1 1 1 0 1 0 0 1 0 1 0 0 1 0 0 0 1 0 1
 1 1 1 0 1 0 1 1 0 1 1 0 0 0 0 0 0 1 0 1 1 0 0 1 0 1]
[0 0 4 0 4 0 0 1 3 0 0 0 1 4 0 2 2 4 0 1 3 0 0 3 1 4 1 0 0 0 0 4 0 2 4 3 1
 0 2 0 0 0 0 2 4 0 1 4 0 0 2 2 3 3 1 0 0 0 0 0 2 0 0 1 2 0 3 2 0 3 0 2 3 0
 2 0 0 3 0 0 0 4 3 0 3 0 0 0 3 4 0 0 2 0 4 2 1 0 4 0]
[0 0 4 0 4 0 0 1 3 0 0 0 1 4 0 2 2 4 0 1 3 0 0 3 1 4 1 0 0 0 0 4 0 2 4 3 1
 0 2 0 0 0 0 2 4 0 1 4 0 0 2 2 3 3 1 0 0 0 0 0 2 0 0 1 2 0 3 2 0 3 0 2 3 0
 2 0 0 3 0 0 0 4 3 0 3 0 0 0 3 4 0 0 2 0 4 2 1 0 4 0]
[1 4 6 4 4 1 8 6 3 6 1 6 6 3 5 3 8 1 8 2 6 7 4 4 5 3 5 9 7 2 5 2 7 3 4 7 4
 7 2 4 9 5 9 5 8 3 2 1 5 7 8 1 8 2 9 5 6 5 8 7 1 3 2 3 2 5 1 7 9 2 9 1 8 9
 5 6 5 2 7 3 4 7 1 9 8 4 4 6 6 1 8 2 4 1 8 9 5 5 2 7]
[1 4 6 4 4 1 8 6 3 6 1 6 6 3 5 3 8 1 8 2 6 7 4 4 5 3 5 9 7 2 5 2 7 3 4 7 4
 7 2 4 9 5 9 5 8 3 2 1 5 7 8 1 8 2 9 5 6 5 8 7 1 3 2 3 2 5 1 7 9 2 9 1 8 9
 5 6 5 2 7 3 4 7 1 9 8 4 4 6 6 1 8 2 4 1 8 9 5 5 2 7]
[50, 50, 50, 50, 50, 10, 50, 50, 50, 38, 50, 49, 40, 43, 48, 10, 50, 50, 50, 14, 50, 10, 50, 50, 11, 19, 50, 50, 37, 50, 50, 35, 50, 41, 50, 50, 50, 38, 22, 24, 24, 50, 44, 50, 50, 12, 10, 22, 23, 20, 23, 50, 50, 35, 48, 50, 50, 13, 11, 50, 15, 41, 50, 50, 32, 47, 50, 50, 45, 50, 50, 50, 50, 33, 50, 50, 42, 18, 50, 50, 50, 50, 50, 50, 50, 50, 50, 49, 35, 41, 26, 31, 50, 50, 40, 21, 50, 15, 20, 25]
[0 0 0 0 0 0 0 0 0 0 0 0 0 0 0 0 0 0 0 0 0 0 0 0 0 0 0 0 0 0 0 0 0 0 0 0 0
 0 0 0 0 0 0 0 0 0 0 0 0 0 0 0 0 0 0 0 0 0 0 0 0 0 0 0 0 0 0 0 0 0 0 0 0 0
 0 0 0 0 0 0 0 0 0 0 0 0 0 0 0 0 0 0 0 0 0 0 0 0 0 0]
[1 1 1 1 1 1 1 1 1 1 1 1 1 1 1 1 1 1 1 1 1 1 1 1 1 1 1 1 1 1 1 1 1 1 1 1 1
 1 1 1 1 1 1 1 1 1 1 1 1 1 1 1 1 1 1 1 1 1 1 1 1 1 1 1 1 1 1 1 1 1 1 1 1 1
 1 1 1 1 1 1 1 1 1 1 1 1 1 1 1 1 1 1 1 1 1 1 1 1 1 1]
