[ 0  1  2  3  4  5  6  7  8  9 10 11 12 13 14 15 16 17 18 19 20 21 22 23
 24 25 26 27 28 29 30 31 32 33 34 35 36 37 38 39 40 41 42 43 44 45 46 47
 48 49 50 51 52 53 54 55 56 57 58 59 60 61 62 63 64 65 66 67 68 69 70 71
 72 73 74 75 76 77 78 79 80 81 82 83 84 85 86 87 88 89 90 91 92 93 94 95
 96 97 98 99]
[-1 45 -1 -1 -1 -1 88 74 87 -1 20 -1 18 57 -1 40 59 15 -1  6 -1 -1 -1 76
 72 75  7 74 42  1 -1 -1 24 43 87 -1 34 -1 92 -1 12 -1 29 61 81 95 -1 -1
 -1 61 95 -1 92 -1 88 81 37 46 -1 -1 14 -1 -1 -1 33 18 78 -1 -1 -1 -1 61
  0 -1 66 41 -1 -1 23 19 69 27 40 -1 42 -1 -1 30 17 67 84 26 25 83 -1 -1
 72 31 -1 53]
[0 1 0 1 1 1 0 1 1 0 0 0 1 0 1 1 1 1 0 0 0 1 1 1 0 1 0 1 0 0 1 1 0 0 0 1 1
 0 1 1 0 0 0 0 0 0 1 1 1 0 1 1 0 0 0 1 0 1 1 1 0 0 1 1 0 0 0 1 1 1 0 0 0 1
 0 0 1 0 0 1 1 1 1 0 0 1 0 1 1 0 0 1 1 0 0 1 0 0 0 0]
[1 4 2 0 4 4 1 2 0 4 1 0 4 4 2 0 0 4 2 1 0 0 0 2 2 0 0 0 0 0 0 0 0 1 4 4 3
 4 1 0 0 0 0 0 0 0 1 0 1 0 2 2 2 1 2 4 1 4 0 0 0 0 3 2 4 1 3 0 3 0 0 0 3 0
 0 0 0 0 4 0 0 0 0 0 3 0 0 2 3 0 0 1 0 1 0 0 1 0 2 3]
[1 4 2 0 4 4 1 2 0 4 1 0 4 4 2 0 0 4 2 1 0 0 0 2 2 0 0 0 0 0 0 0 0 1 4 4 3
 4 1 0 0 0 0 0 0 0 1 0 1 0 2 2 2 1 2 4 1 4 0 0 0 0 3 2 4 1 3 0 3 0 0 0 3 0
 0 0 0 0 4 0 0 0 0 0 3 0 0 2 3 0 0 1 0 1 0 0 1 0 2 3]
[6 2 3 1 9 6 1 4 7 8 9 6 8 5 4 7 8 6 9 9 2 5 9 2 5 3 6 8 6 3 4 2 3 9 6 1 4
 8 1 9 9 8 4 6 5 1 5 4 3 2 8 7 9 5 9 9 4 5 4 9 6 1 3 1 7 5 5 5 6 1 2 2 1 4
 3 5 6 4 4 1 6 6 8 8 1 7 4 7 3 7 5 5 2 7 5 7 9 1 6 3]
[6 2 3 1 9 6 1 4 7 8 9 6 8 5 4 7 8 6 9 9 2 5 9 2 5 3 6 8 6 3 4 2 3 9 6 1 4
 8 1 9 9 8 4 6 5 1 5 4 3 2 8 7 9 5 9 9 4 5 4 9 6 1 3 1 7 5 5 5 6 1 2 2 1 4
 3 5 6 4 4 1 6 6 8 8 1 7 4 7 3 7 5 5 2 7 5 7 9 1 6 3]
[38, 29, 39, 27, 47, 50, 50, 46, 16, 28, 16, 50, 50, 50, 23, 50, 50, 50, 14, 50, 32, 50, 23, 50, 50, 50, 47, 23, 47, 11, 50, 24, 46, 50, 46, 33, 50, 12, 50, 16, 50, 33, 42, 25, 50, 50, 50, 20, 50, 35, 31, 50, 50, 24, 50, 38, 50, 37, 50, 32, 50, 12, 50, 49, 50, 50, 50, 50, 50, 50, 50, 47, 50, 45, 50, 50, 12, 18, 38, 46, 50, 50, 23, 41, 50, 50, 15, 50, 10, 50, 27, 50, 43, 50, 38, 23, 50, 50, 13, 50]
[0 0 0 0 0 0 0 0 0 0 0 0 0 0 0 0 0 0 0 0 0 0 0 0 0 0 0 0 0 0 0 0 0 0 0 0 0
 0 0 0 0 0 0 0 0 0 0 0 0 0 0 0 0 0 0 0 0 0 0 0 0 0 0 0 0 0 0 0 0 0 0 0 0 0
 0 0 0 0 0 0 0 0 0 0 0 0 0 0 0 0 0 0 0 0 0 0 0 0 0 0]
[1 1 1 1 1 1 1 1 1 1 1 1 1 1 1 1 1 1 1 1 1 1 1 1 1 1 1 1 1 1 1 1 1 1 1 1 1
 1 1 1 1 1 1 1 1 1 1 1 1 1 1 1 1 1 1 1 1 1 1 1 1 1 1 1 1 1 1 1 1 1 1 1 1 1
 1 1 1 1 1 1 1 1 1 1 1 1 1 1 1 1 1 1 1 1 1 1 1 1 1 1]
