[ 0  1  2  3  4  5  6  7  8  9 10 11 12 13 14 15 16 17 18 19 20 21 22 23
 24 25 26 27 28 29 30 31 32 33 34 35 36 37 38 39 40 41 42 43 44 45 46 47
 48 49 50 51 52 53 54 55 56 57 58 59 60 61 62 63 64 65 66 67 68 69 70 71
 72 73 74 75 76 77 78 79 80 81 82 83 84 85 86 87 88 89 90 91 92 93 94 95
 96 97 98 99]
[-1 -1 -1 81 -1 41 -1 55 -1 62 -1 93 -1 76 73 64 24 77 66 25 59 37 -1 92
  5 68 48 14 -1 17 -1 -1 -1 -1 -1 -1 63 28 16 14 -1 99 -1 85 36 16 -1 -1
 49 45 -1 30 -1 -1 51 25 58 80 16 39 -1 -1 18 -1 -1 69 -1 -1 -1 -1 21 46
 63 81 90  0 32 -1 15 68 26 18 -1 -1 21 39 -1 88 -1 65 31 34 -1 64 -1 -1
 45 81 -1 51]
[1 1 0 1 1 0 1 1 0 1 1 0 0 0 1 0 1 1 0 1 0 1 1 1 0 1 1 1 1 0 0 1 1 1 1 1 1
 1 1 0 0 1 1 1 1 0 1 0 0 0 1 1 0 0 0 0 1 1 1 0 0 1 1 0 1 1 1 0 1 0 1 0 1 1
 1 1 0 0 0 0 1 1 1 0 0 0 0 0 1 0 1 1 1 1 1 1 1 1 0 1]
[2 0 0 0 3 0 1 0 4 1 4 0 1 3 4 0 3 0 0 3 2 0 0 4 3 1 2 3 3 0 0 1 3 0 1 0 2
 2 0 0 3 0 1 0 0 0 2 0 4 0 2 1 3 3 0 4 3 3 3 0 4 0 0 3 0 3 0 0 4 3 0 0 0 0
 3 0 3 0 0 3 3 3 0 1 1 1 3 3 4 3 3 2 4 2 2 0 4 0 0 4]
[2 0 0 0 3 0 1 0 4 1 4 0 1 3 4 0 3 0 0 3 2 0 0 4 3 1 2 3 3 0 0 1 3 0 1 0 2
 2 0 0 3 0 1 0 0 0 2 0 4 0 2 1 3 3 0 4 3 3 3 0 4 0 0 3 0 3 0 0 4 3 0 0 0 0
 3 0 3 0 0 3 3 3 0 1 1 1 3 3 4 3 3 2 4 2 2 0 4 0 0 4]
[5 9 7 6 8 4 3 7 9 7 9 9 3 1 6 2 9 3 5 9 1 6 7 8 2 7 8 4 2 4 3 7 5 5 8 3 7
 4 7 5 8 2 1 6 8 6 5 4 7 8 2 3 5 8 4 1 6 7 6 7 3 4 2 6 1 9 1 8 7 3 2 2 3 7
 9 9 3 5 4 3 9 2 1 2 4 5 9 3 4 3 2 9 5 8 8 9 9 3 9 1]
[5 9 7 6 8 4 3 7 9 7 9 9 3 1 6 2 9 3 5 9 1 6 7 8 2 7 8 4 2 4 3 7 5 5 8 3 7
 4 7 5 8 2 1 6 8 6 5 4 7 8 2 3 5 8 4 1 6 7 6 7 3 4 2 6 1 9 1 8 7 3 2 2 3 7
 9 9 3 5 4 3 9 2 1 2 4 5 9 3 4 3 2 9 5 8 8 9 9 3 9 1]
[34, 50, 15, 17, 34, 28, 50, 10, 50, 49, 50, 50, 43, 50, 16, 50, 49, 49, 25, 50, 50, 16, 50, 50, 50, 50, 50, 36, 50, 35, 21, 50, 47, 42, 50, 42, 34, 35, 26, 20, 50, 31, 40, 28, 50, 50, 49, 40, 28, 50, 50, 50, 46, 28, 50, 50, 50, 50, 35, 50, 13, 50, 50, 12, 50, 50, 10, 50, 40, 50, 27, 49, 50, 50, 21, 43, 50, 50, 40, 23, 44, 45, 30, 25, 50, 50, 50, 28, 50, 50, 36, 13, 34, 50, 32, 50, 50, 37, 34, 16]
[0 0 0 0 0 0 0 0 0 0 0 0 0 0 0 0 0 0 0 0 0 0 0 0 0 0 0 0 0 0 0 0 0 0 0 0 0
 0 0 0 0 0 0 0 0 0 0 0 0 0 0 0 0 0 0 0 0 0 0 0 0 0 0 0 0 0 0 0 0 0 0 0 0 0
 0 0 0 0 0 0 0 0 0 0 0 0 0 0 0 0 0 0 0 0 0 0 0 0 0 0]
[1 1 1 1 1 1 1 1 1 1 1 1 1 1 1 1 1 1 1 1 1 1 1 1 1 1 1 1 1 1 1 1 1 1 1 1 1
 1 1 1 1 1 1 1 1 1 1 1 1 1 1 1 1 1 1 1 1 1 1 1 1 1 1 1 1 1 1 1 1 1 1 1 1 1
 1 1 1 1 1 1 1 1 1 1 1 1 1 1 1 1 1 1 1 1 1 1 1 1 1 1]
