[ 0  1  2  3  4  5  6  7  8  9 10 11 12 13 14 15 16 17 18 19 20 21 22 23
 24 25 26 27 28 29 30 31 32 33 34 35 36 37 38 39 40 41 42 43 44 45 46 47
 48 49 50 51 52 53 54 55 56 57 58 59 60 61 62 63 64 65 66 67 68 69 70 71
 72 73 74 75 76 77 78 79 80 81 82 83 84 85 86 87 88 89 90 91 92 93 94 95
 96 97 98 99]
[20 55 15 50 42 10 -1 -1 -1 -1 42 -1  2 90 44 77 63 -1 70 90 -1 23 83 -1
 -1 38 65 -1 89 -1 -1  6 52 28 72 -1 -1 22 56 -1 -1 24 29 68 -1 64 -1 75
 24 25 71 -1 49 52 43 28  9 73 60 -1  1 11 -1 15 94 33 13 -1 44 -1 60 14
  7 -1 -1 62 -1 -1 44 -1 -1 -1 95 12 88 -1 76 36 97 51 -1 59 21 -1 -1 37
 88 94 -1 83]
[1 1 1 1 1 1 1 1 1 0 1 1 0 1 1 1 1 1 1 1 0 0 0 0 1 1 1 0 1 0 1 0 1 0 1 0 0
 1 1 1 0 0 0 1 0 0 0 0 0 1 1 0 0 0 1 1 0 0 0 0 1 1 1 1 0 0 0 0 0 1 0 0 0 1
 0 1 1 0 1 0 0 0 1 0 0 0 0 0 1 0 1 1 1 0 1 0 0 0 1 1]
[3 0 0 1 0 2 2 4 0 4 4 1 0 1 4 3 0 4 1 3 0 0 0 1 0 0 0 1 3 2 0 4 2 3 0 1 0
 0 0 0 1 1 0 4 0 0 1 0 3 1 0 1 0 3 3 3 4 3 0 0 3 3 4 2 0 4 0 3 0 3 4 4 1 1
 0 1 1 2 0 0 1 0 0 0 0 0 0 0 3 0 2 0 1 0 0 0 4 0 0 4]
[3 0 0 1 0 2 2 4 0 4 4 1 0 1 4 3 0 4 1 3 0 0 0 1 0 0 0 1 3 2 0 4 2 3 0 1 0
 0 0 0 1 1 0 4 0 0 1 0 3 1 0 1 0 3 3 3 4 3 0 0 3 3 4 2 0 4 0 3 0 3 4 4 1 1
 0 1 1 2 0 0 1 0 0 0 0 0 0 0 3 0 2 0 1 0 0 0 4 0 0 4]
[9 5 4 1 5 1 3 9 8 4 4 1 8 1 2 8 3 3 1 2 9 6 8 8 1 7 4 1 1 5 7 1 8 1 5 6 4
 8 8 8 2 5 9 7 9 1 2 1 9 7 8 3 9 1 3 4 9 5 7 3 2 4 3 4 4 6 4 9 4 4 9 9 8 9
 7 6 4 8 9 6 9 6 3 9 9 3 3 5 5 6 8 5 3 4 1 4 6 2 4 2]
[9 5 4 1 5 1 3 9 8 4 4 1 8 1 2 8 3 3 1 2 9 6 8 8 1 7 4 1 1 5 7 1 8 1 5 6 4
 8 8 8 2 5 9 7 9 1 2 1 9 7 8 3 9 1 3 4 9 5 7 3 2 4 3 4 4 6 4 9 4 4 9 9 8 9
 7 6 4 8 9 6 9 6 3 9 9 3 3 5 5 6 8 5 3 4 1 4 6 2 4 2]
[35, 50, 10, 50, 50, 29, 25, 46, 23, 50, 50, 22, 12, 50, 50, 50, 32, 35, 50, 50, 46, 50, 50, 50, 50, 50, 22, 48, 16, 50, 50, 31, 26, 50, 50, 41, 50, 12, 18, 19, 50, 29, 50, 21, 49, 24, 50, 37, 20, 50, 50, 20, 50, 50, 50, 22, 44, 50, 50, 50, 50, 38, 50, 11, 46, 50, 24, 50, 33, 50, 12, 50, 50, 12, 45, 50, 19, 46, 50, 43, 50, 50, 50, 46, 40, 50, 50, 43, 28, 32, 27, 50, 50, 23, 50, 50, 50, 22, 50, 46]
[0 0 0 0 0 0 0 0 0 0 0 0 0 0 0 0 0 0 0 0 0 0 0 0 0 0 0 0 0 0 0 0 0 0 0 0 0
 0 0 0 0 0 0 0 0 0 0 0 0 0 0 0 0 0 0 0 0 0 0 0 0 0 0 0 0 0 0 0 0 0 0 0 0 0
 0 0 0 0 0 0 0 0 0 0 0 0 0 0 0 0 0 0 0 0 0 0 0 0 0 0]
[1 1 1 1 1 1 1 1 1 1 1 1 1 1 1 1 1 1 1 1 1 1 1 1 1 1 1 1 1 1 1 1 1 1 1 1 1
 1 1 1 1 1 1 1 1 1 1 1 1 1 1 1 1 1 1 1 1 1 1 1 1 1 1 1 1 1 1 1 1 1 1 1 1 1
 1 1 1 1 1 1 1 1 1 1 1 1 1 1 1 1 1 1 1 1 1 1 1 1 1 1]
