[ 0  1  2  3  4  5  6  7  8  9 10 11 12 13 14 15 16 17 18 19 20 21 22 23
 24 25 26 27 28 29 30 31 32 33 34 35 36 37 38 39 40 41 42 43 44 45 46 47
 48 49 50 51 52 53 54 55 56 57 58 59 60 61 62 63 64 65 66 67 68 69 70 71
 72 73 74 75 76 77 78 79 80 81 82 83 84 85 86 87 88 89 90 91 92 93 94 95
 96 97 98 99]
[66 38 92 42 -1 -1  0 -1  5 44 -1 -1  9 -1 -1 55 -1 -1 46 -1 35 23 52 45
 59 41 43 12 46 43 53 88 30 81 -1 19 92 55 -1 82 -1  4 89 68 -1 24 -1 -1
 25  3 44 -1  6 86 -1  5 84 95 28 94 -1  8 99 32 -1  6 42 14 -1 73 -1 59
 80 83 69 -1 72 91 -1 -1 87 90 42 27 83 64 -1 -1 34 -1 70 27 15 -1 29 73
 68 -1 86 -1]
[0 1 1 0 1 0 0 1 1 0 1 0 0 1 1 1 1 1 0 1 1 1 0 0 0 0 0 1 1 1 1 1 0 1 1 1 1
 0 0 0 1 0 0 1 1 1 1 1 1 1 0 0 1 1 0 0 1 1 1 0 1 0 0 1 1 1 0 1 1 1 1 1 1 0
 1 1 1 0 0 0 1 1 1 0 0 1 1 0 0 1 0 1 1 0 1 0 0 1 1 1]
[0 0 0 2 3 2 1 0 0 0 0 0 0 3 3 0 0 3 0 1 3 0 0 4 2 3 2 0 0 0 1 0 4 3 0 4 0
 3 1 3 2 4 3 4 2 4 0 0 0 4 0 0 0 2 0 0 2 0 3 1 1 0 3 0 2 3 3 0 0 2 1 0 0 0
 1 2 3 0 3 4 0 4 0 4 4 0 0 4 0 1 0 4 3 2 1 3 0 2 0 0]
[0 0 0 2 3 2 1 0 0 0 0 0 0 3 3 0 0 3 0 1 3 0 0 4 2 3 2 0 0 0 1 0 4 3 0 4 0
 3 1 3 2 4 3 4 2 4 0 0 0 4 0 0 0 2 0 0 2 0 3 1 1 0 3 0 2 3 3 0 0 2 1 0 0 0
 1 2 3 0 3 4 0 4 0 4 4 0 0 4 0 1 0 4 3 2 1 3 0 2 0 0]
[3 6 8 9 7 7 5 2 5 4 2 1 4 6 3 6 2 6 7 4 3 6 8 4 5 7 9 7 4 1 4 9 6 2 6 7 1
 4 1 7 8 9 2 8 8 3 6 5 4 7 3 2 6 3 3 7 6 7 3 7 6 8 2 7 7 5 8 5 8 4 5 7 1 6
 4 8 2 9 2 4 8 2 7 2 7 9 9 7 6 9 7 2 4 8 8 3 5 7 7 8]
[3 6 8 9 7 7 5 2 5 4 2 1 4 6 3 6 2 6 7 4 3 6 8 4 5 7 9 7 4 1 4 9 6 2 6 7 1
 4 1 7 8 9 2 8 8 3 6 5 4 7 3 2 6 3 3 7 6 7 3 7 6 8 2 7 7 5 8 5 8 4 5 7 1 6
 4 8 2 9 2 4 8 2 7 2 7 9 9 7 6 9 7 2 4 8 8 3 5 7 7 8]
[50, 20, 15, 50, 20, 50, 50, 13, 50, 50, 26, 50, 50, 50, 39, 31, 50, 50, 50, 50, 50, 50, 45, 13, 50, 12, 50, 11, 29, 43, 50, 24, 50, 50, 50, 50, 37, 50, 50, 10, 32, 50, 41, 50, 50, 18, 50, 19, 50, 50, 50, 19, 44, 11, 50, 50, 37, 49, 45, 38, 40, 50, 35, 50, 19, 50, 33, 29, 50, 12, 50, 50, 50, 50, 50, 45, 42, 50, 11, 24, 50, 50, 50, 31, 10, 23, 29, 50, 50, 28, 50, 50, 50, 50, 50, 50, 33, 49, 50, 16]
[0 0 0 0 0 0 0 0 0 0 0 0 0 0 0 0 0 0 0 0 0 0 0 0 0 0 0 0 0 0 0 0 0 0 0 0 0
 0 0 0 0 0 0 0 0 0 0 0 0 0 0 0 0 0 0 0 0 0 0 0 0 0 0 0 0 0 0 0 0 0 0 0 0 0
 0 0 0 0 0 0 0 0 0 0 0 0 0 0 0 0 0 0 0 0 0 0 0 0 0 0]
[1 1 1 1 1 1 1 1 1 1 1 1 1 1 1 1 1 1 1 1 1 1 1 1 1 1 1 1 1 1 1 1 1 1 1 1 1
 1 1 1 1 1 1 1 1 1 1 1 1 1 1 1 1 1 1 1 1 1 1 1 1 1 1 1 1 1 1 1 1 1 1 1 1 1
 1 1 1 1 1 1 1 1 1 1 1 1 1 1 1 1 1 1 1 1 1 1 1 1 1 1]
