[ 0  1  2  3  4  5  6  7  8  9 10 11 12 13 14 15 16 17 18 19 20 21 22 23
 24 25 26 27 28 29 30 31 32 33 34 35 36 37 38 39 40 41 42 43 44 45 46 47
 48 49 50 51 52 53 54 55 56 57 58 59 60 61 62 63 64 65 66 67 68 69 70 71
 72 73 74 75 76 77 78 79 80 81 82 83 84 85 86 87 88 89 90 91 92 93 94 95
 96 97 98 99]
[84 75 -1 86 -1 90 13 -1 -1  4 -1 36 19 36 88 -1 79 60  9 -1 87 -1 98 76
 51 35 -1 -1 40 -1 92 78 -1 95 28 97 34 -1 -1 61 -1 26 -1 12 -1 -1 48 19
 14 73 82 61 83 54 68 -1  9 29 -1 -1 31 20 55 52 41 -1 -1 83 -1 -1  8 69
 -1 -1 -1 -1 -1 -1 -1 96 27 99 -1 20 -1  6 21 57 12  8  2 37 86 40  9 64
 -1  5 58 18]
[1 1 1 1 0 0 0 1 0 1 0 0 1 0 1 1 1 0 1 1 1 1 1 0 1 0 1 0 1 0 0 1 0 1 0 1 1
 1 0 1 1 1 0 0 0 1 0 1 0 0 0 0 1 1 0 0 1 1 1 0 1 0 1 1 1 0 1 0 1 0 0 0 0 0
 1 0 0 1 1 1 0 1 1 0 0 0 0 0 1 0 1 1 0 0 1 0 1 0 0 0]
[2 0 0 3 1 2 0 0 0 2 0 0 0 0 3 2 0 4 2 2 2 0 0 0 2 0 1 0 0 1 0 1 0 4 0 2 3
 3 0 0 2 0 4 1 0 4 0 3 4 0 3 0 2 0 0 0 1 3 4 0 4 0 0 0 0 4 0 0 2 0 0 0 4 0
 1 0 3 2 0 3 0 2 1 0 0 0 1 0 0 0 4 3 0 2 4 0 2 0 0 1]
[2 0 0 3 1 2 0 0 0 2 0 0 0 0 3 2 0 4 2 2 2 0 0 0 2 0 1 0 0 1 0 1 0 4 0 2 3
 3 0 0 2 0 4 1 0 4 0 3 4 0 3 0 2 0 0 0 1 3 4 0 4 0 0 0 0 4 0 0 2 0 0 0 4 0
 1 0 3 2 0 3 0 2 1 0 0 0 1 0 0 0 4 3 0 2 4 0 2 0 0 1]
[6 6 7 8 9 4 1 6 1 2 9 3 9 3 2 7 7 7 8 2 1 4 7 4 3 9 7 9 7 3 4 2 3 6 7 1 4
 3 3 1 7 6 3 3 2 9 7 9 5 4 2 3 1 8 1 7 9 3 3 1 3 7 9 8 2 9 4 9 5 8 8 1 1 9
 1 2 1 5 9 1 8 7 7 8 2 1 7 7 3 9 2 4 2 3 3 8 1 1 3 2]
[6 6 7 8 9 4 1 6 1 2 9 3 9 3 2 7 7 7 8 2 1 4 7 4 3 9 7 9 7 3 4 2 3 6 7 1 4
 3 3 1 7 6 3 3 2 9 7 9 5 4 2 3 1 8 1 7 9 3 3 1 3 7 9 8 2 9 4 9 5 8 8 1 1 9
 1 2 1 5 9 1 8 7 7 8 2 1 7 7 3 9 2 4 2 3 3 8 1 1 3 2]
[25, 14, 50, 14, 50, 50, 50, 44, 25, 50, 50, 44, 50, 36, 44, 31, 41, 50, 37, 36, 28, 21, 10, 50, 50, 50, 44, 41, 10, 37, 17, 25, 50, 50, 50, 50, 50, 14, 50, 16, 50, 38, 50, 45, 50, 50, 50, 50, 21, 50, 49, 50, 50, 50, 43, 50, 25, 50, 10, 10, 25, 50, 50, 50, 50, 50, 50, 50, 26, 50, 50, 50, 50, 23, 17, 50, 14, 50, 22, 32, 50, 50, 16, 31, 50, 50, 50, 50, 50, 43, 50, 50, 50, 50, 13, 27, 50, 47, 39, 30]
[0 0 0 0 0 0 0 0 0 0 0 0 0 0 0 0 0 0 0 0 0 0 0 0 0 0 0 0 0 0 0 0 0 0 0 0 0
 0 0 0 0 0 0 0 0 0 0 0 0 0 0 0 0 0 0 0 0 0 0 0 0 0 0 0 0 0 0 0 0 0 0 0 0 0
 0 0 0 0 0 0 0 0 0 0 0 0 0 0 0 0 0 0 0 0 0 0 0 0 0 0]
[1 1 1 1 1 1 1 1 1 1 1 1 1 1 1 1 1 1 1 1 1 1 1 1 1 1 1 1 1 1 1 1 1 1 1 1 1
 1 1 1 1 1 1 1 1 1 1 1 1 1 1 1 1 1 1 1 1 1 1 1 1 1 1 1 1 1 1 1 1 1 1 1 1 1
 1 1 1 1 1 1 1 1 1 1 1 1 1 1 1 1 1 1 1 1 1 1 1 1 1 1]
