[ 0  1  2  3  4  5  6  7  8  9 10 11 12 13 14 15 16 17 18 19 20 21 22 23
 24 25 26 27 28 29 30 31 32 33 34 35 36 37 38 39 40 41 42 43 44 45 46 47
 48 49 50 51 52 53 54 55 56 57 58 59 60 61 62 63 64 65 66 67 68 69 70 71
 72 73 74 75 76 77 78 79 80 81 82 83 84 85 86 87 88 89 90 91 92 93 94 95
 96 97 98 99]
[84 80 61 66 62 64 45 -1 -1 -1 70 24 31 -1 -1 60 -1 12 57 10 74 -1 64 15
 75 -1 28 -1 -1 -1  6 -1 29 28 -1 -1 85  9 32 67 70 -1 58 53 98 -1 38 52
 -1 32  1 -1 25 72 66 17 57 65 87 86 27 87 71 69 33 33 51 -1  9 28 97 -1
 -1 67 40 -1 14 85 18  3 53  6 -1 81 51 62 49  9 -1 35 83  9 57 94 42 30
 93 -1 45 -1]
[1 0 0 1 1 0 1 0 0 0 1 1 1 1 1 1 0 0 0 1 1 1 1 0 1 1 0 1 0 0 0 0 0 0 1 0 1
 1 0 1 0 0 1 1 1 0 1 1 0 0 1 1 0 1 0 1 0 1 1 1 0 1 1 1 1 1 0 0 1 0 1 0 1 1
 0 1 0 0 0 0 0 0 0 1 0 1 1 0 1 1 0 1 1 1 1 1 0 1 1 0]
[2 3 1 3 0 3 3 3 1 0 0 1 2 0 2 0 0 0 0 3 1 0 2 0 0 0 3 2 0 0 3 0 0 4 2 2 0
 2 4 4 3 0 3 2 2 4 2 2 3 0 0 3 0 2 3 3 0 0 0 0 0 1 0 1 4 4 4 3 1 2 4 0 2 0
 3 3 3 0 0 0 0 0 3 0 2 0 2 0 3 0 4 0 0 1 0 0 4 0 3 0]
[2 3 1 3 0 3 3 3 1 0 0 1 2 0 2 0 0 0 0 3 1 0 2 0 0 0 3 2 0 0 3 0 0 4 2 2 0
 2 4 4 3 0 3 2 2 4 2 2 3 0 0 3 0 2 3 3 0 0 0 0 0 1 0 1 4 4 4 3 1 2 4 0 2 0
 3 3 3 0 0 0 0 0 3 0 2 0 2 0 3 0 4 0 0 1 0 0 4 0 3 0]
[7 9 3 6 4 3 4 5 7 3 7 5 3 3 2 2 9 6 7 4 2 8 5 8 9 8 7 3 3 2 9 7 2 6 5 5 7
 3 8 1 4 1 2 3 6 7 4 1 1 4 5 8 7 4 5 4 7 2 5 6 9 8 7 2 9 2 3 3 7 4 5 8 3 7
 1 8 2 1 9 2 2 9 9 3 2 2 5 8 9 2 3 4 8 8 9 6 5 9 2 5]
[7 9 3 6 4 3 4 5 7 3 7 5 3 3 2 2 9 6 7 4 2 8 5 8 9 8 7 3 3 2 9 7 2 6 5 5 7
 3 8 1 4 1 2 3 6 7 4 1 1 4 5 8 7 4 5 4 7 2 5 6 9 8 7 2 9 2 3 3 7 4 5 8 3 7
 1 8 2 1 9 2 2 9 9 3 2 2 5 8 9 2 3 4 8 8 9 6 5 9 2 5]
[50, 16, 50, 21, 46, 50, 37, 22, 28, 49, 10, 50, 50, 50, 50, 34, 38, 50, 50, 50, 50, 50, 50, 50, 50, 50, 37, 50, 29, 45, 50, 48, 14, 50, 50, 39, 20, 50, 50, 15, 24, 44, 50, 26, 50, 47, 45, 50, 41, 16, 50, 41, 25, 41, 50, 50, 17, 48, 22, 37, 44, 33, 22, 50, 47, 50, 48, 41, 37, 50, 23, 50, 24, 41, 34, 15, 50, 19, 40, 33, 50, 15, 50, 21, 50, 50, 50, 39, 46, 33, 50, 28, 20, 50, 25, 50, 50, 50, 50, 50]
[0 0 0 0 0 0 0 0 0 0 0 0 0 0 0 0 0 0 0 0 0 0 0 0 0 0 0 0 0 0 0 0 0 0 0 0 0
 0 0 0 0 0 0 0 0 0 0 0 0 0 0 0 0 0 0 0 0 0 0 0 0 0 0 0 0 0 0 0 0 0 0 0 0 0
 0 0 0 0 0 0 0 0 0 0 0 0 0 0 0 0 0 0 0 0 0 0 0 0 0 0]
[1 1 1 1 1 1 1 1 1 1 1 1 1 1 1 1 1 1 1 1 1 1 1 1 1 1 1 1 1 1 1 1 1 1 1 1 1
 1 1 1 1 1 1 1 1 1 1 1 1 1 1 1 1 1 1 1 1 1 1 1 1 1 1 1 1 1 1 1 1 1 1 1 1 1
 1 1 1 1 1 1 1 1 1 1 1 1 1 1 1 1 1 1 1 1 1 1 1 1 1 1]
