[ 0  1  2  3  4  5  6  7  8  9 10 11 12 13 14 15 16 17 18 19 20 21 22 23
 24 25 26 27 28 29 30 31 32 33 34 35 36 37 38 39 40 41 42 43 44 45 46 47
 48 49 50 51 52 53 54 55 56 57 58 59 60 61 62 63 64 65 66 67 68 69 70 71
 72 73 74 75 76 77 78 79 80 81 82 83 84 85 86 87 88 89 90 91 92 93 94 95
 96 97 98 99]
[35 38 17 -1 65  9  4 73 69 15  1 19 49 -1 -1 14  3 39 99 -1 38 92 86 27
 74 12 22 -1 -1 21 -1 36 -1 51 18 23 40 51 -1 16 -1 17 56 -1 -1 39 -1 98
 18  1 88 40 53  0 -1 -1 35 78 -1 -1 -1 94 -1 75 99 -1 14 12 -1 67 49 37
 30 46 18 -1  4 67 85 55 90 41 70 55 -1 72 75 -1 13 68 85 11 -1 -1 91 -1
 59 90 57 47]
[0 1 0 0 1 1 1 1 1 1 0 1 1 0 1 1 1 0 0 1 0 0 0 0 1 0 0 1 1 1 1 1 0 1 0 1 0
 1 1 1 0 1 0 1 1 0 1 0 1 1 0 1 1 0 0 0 1 1 0 0 1 1 1 1 1 1 0 0 1 0 1 0 1 0
 0 1 0 0 0 1 0 1 1 1 0 1 1 0 1 0 1 1 1 0 0 1 0 1 0 0]
[0 0 2 2 4 1 2 4 0 0 2 0 3 0 4 0 4 2 4 2 0 4 1 0 3 0 0 0 4 2 0 0 0 0 3 2 0
 1 0 0 1 4 0 0 3 1 0 1 0 3 2 0 0 0 1 0 2 2 3 0 0 2 4 1 0 0 4 2 3 2 2 0 0 4
 3 0 3 0 0 0 0 0 2 0 1 0 0 3 0 0 0 3 0 0 0 1 0 0 1 0]
[0 0 2 2 4 1 2 4 0 0 2 0 3 0 4 0 4 2 4 2 0 4 1 0 3 0 0 0 4 2 0 0 0 0 3 2 0
 1 0 0 1 4 0 0 3 1 0 1 0 3 2 0 0 0 1 0 2 2 3 0 0 2 4 1 0 0 4 2 3 2 2 0 0 4
 3 0 3 0 0 0 0 0 2 0 1 0 0 3 0 0 0 3 0 0 0 1 0 0 1 0]
[2 4 5 9 1 8 3 1 3 6 5 8 7 4 8 9 2 2 6 2 8 7 3 3 8 9 8 5 2 3 9 2 7 4 8 6 9
 3 3 9 6 6 5 5 1 3 1 3 7 7 1 5 7 8 4 1 4 3 9 9 7 7 2 2 2 5 8 3 1 6 8 9 4 1
 7 5 4 5 5 2 9 9 3 1 5 9 8 6 8 7 9 7 1 5 9 9 7 8 9 7]
[2 4 5 9 1 8 3 1 3 6 5 8 7 4 8 9 2 2 6 2 8 7 3 3 8 9 8 5 2 3 9 2 7 4 8 6 9
 3 3 9 6 6 5 5 1 3 1 3 7 7 1 5 7 8 4 1 4 3 9 9 7 7 2 2 2 5 8 3 1 6 8 9 4 1
 7 5 4 5 5 2 9 9 3 1 5 9 8 6 8 7 9 7 1 5 9 9 7 8 9 7]
[26, 50, 50, 10, 21, 50, 22, 16, 47, 50, 45, 50, 50, 14, 32, 50, 50, 50, 45, 50, 16, 50, 19, 25, 50, 50, 50, 50, 50, 40, 31, 50, 33, 50, 50, 24, 50, 50, 34, 50, 50, 50, 50, 50, 16, 47, 35, 34, 21, 50, 50, 47, 50, 35, 50, 50, 12, 30, 50, 48, 50, 12, 50, 31, 16, 11, 50, 50, 50, 50, 50, 33, 50, 30, 26, 10, 50, 50, 28, 50, 50, 50, 50, 50, 28, 50, 13, 50, 25, 47, 16, 50, 14, 50, 35, 50, 50, 50, 50, 50]
[0 0 0 0 0 0 0 0 0 0 0 0 0 0 0 0 0 0 0 0 0 0 0 0 0 0 0 0 0 0 0 0 0 0 0 0 0
 0 0 0 0 0 0 0 0 0 0 0 0 0 0 0 0 0 0 0 0 0 0 0 0 0 0 0 0 0 0 0 0 0 0 0 0 0
 0 0 0 0 0 0 0 0 0 0 0 0 0 0 0 0 0 0 0 0 0 0 0 0 0 0]
[1 1 1 1 1 1 1 1 1 1 1 1 1 1 1 1 1 1 1 1 1 1 1 1 1 1 1 1 1 1 1 1 1 1 1 1 1
 1 1 1 1 1 1 1 1 1 1 1 1 1 1 1 1 1 1 1 1 1 1 1 1 1 1 1 1 1 1 1 1 1 1 1 1 1
 1 1 1 1 1 1 1 1 1 1 1 1 1 1 1 1 1 1 1 1 1 1 1 1 1 1]
