[ 0  1  2  3  4  5  6  7  8  9 10 11 12 13 14 15 16 17 18 19 20 21 22 23
 24 25 26 27 28 29 30 31 32 33 34 35 36 37 38 39 40 41 42 43 44 45 46 47
 48 49 50 51 52 53 54 55 56 57 58 59 60 61 62 63 64 65 66 67 68 69 70 71
 72 73 74 75 76 77 78 79 80 81 82 83 84 85 86 87 88 89 90 91 92 93 94 95
 96 97 98 99]
[54 22 -1 59  0 97 51 28 37 47  4 21 -1 -1 59 -1 -1 41 -1 -1 41 29 -1 63
 -1 -1 -1 59 -1 22 -1  5 26 56 71 15 25 15 22 12 -1 64 -1 17 83 -1 53 20
 -1 40  9 65 12 -1  6 -1  0 -1 -1 -1 47 71 29 -1 25 63 24 -1 21 64  9 -1
  2 84 -1 38 51 -1 -1 74 48 92 72 17 90 21 -1 42  3  7 38  5 -1 -1 -1 38
 95 61  3 -1]
[1 0 0 0 1 0 1 1 0 0 0 1 0 0 0 1 1 1 0 0 0 1 0 1 1 1 0 1 1 1 0 1 1 1 1 0 0
 0 1 1 0 0 1 0 0 0 1 0 0 1 1 0 1 0 1 0 0 1 0 0 1 0 0 1 0 0 1 0 1 0 1 0 1 0
 0 1 1 1 1 1 1 0 1 0 1 1 1 1 0 1 0 1 0 1 1 0 0 0 0 1]
[0 4 0 4 4 2 0 4 0 0 4 0 0 1 0 0 3 0 2 0 0 0 0 0 2 2 0 0 4 0 2 0 0 0 0 0 0
 1 2 0 4 0 0 0 1 3 4 0 0 1 0 0 1 0 0 0 0 0 0 0 0 0 0 0 4 0 1 2 4 0 3 2 0 2
 4 0 2 4 0 4 2 0 3 3 3 0 4 2 0 0 0 3 1 0 2 1 2 0 0 1]
[0 4 0 4 4 2 0 4 0 0 4 0 0 1 0 0 3 0 2 0 0 0 0 0 2 2 0 0 4 0 2 0 0 0 0 0 0
 1 2 0 4 0 0 0 1 3 4 0 0 1 0 0 1 0 0 0 0 0 0 0 0 0 0 0 4 0 1 2 4 0 3 2 0 2
 4 0 2 4 0 4 2 0 3 3 3 0 4 2 0 0 0 3 1 0 2 1 2 0 0 1]
[6 7 7 9 7 7 5 4 1 2 6 4 5 5 5 1 6 6 4 2 5 8 7 8 2 8 1 1 5 3 9 8 9 9 5 5 9
 3 1 5 3 3 9 3 5 5 6 6 9 3 6 3 4 8 8 5 9 7 5 1 6 2 1 6 9 5 2 4 4 3 3 9 4 4
 2 5 5 7 3 2 9 4 6 2 4 7 9 5 8 4 1 8 8 1 5 4 9 1 5 3]
[6 7 7 9 7 7 5 4 1 2 6 4 5 5 5 1 6 6 4 2 5 8 7 8 2 8 1 1 5 3 9 8 9 9 5 5 9
 3 1 5 3 3 9 3 5 5 6 6 9 3 6 3 4 8 8 5 9 7 5 1 6 2 1 6 9 5 2 4 4 3 3 9 4 4
 2 5 5 7 3 2 9 4 6 2 4 7 9 5 8 4 1 8 8 1 5 4 9 1 5 3]
[50, 26, 15, 48, 36, 19, 50, 14, 29, 37, 50, 50, 44, 18, 50, 40, 50, 14, 50, 25, 50, 50, 33, 25, 50, 50, 50, 50, 50, 50, 50, 16, 50, 33, 37, 28, 50, 24, 18, 50, 50, 40, 30, 12, 50, 48, 50, 27, 31, 27, 47, 50, 50, 50, 50, 50, 16, 50, 45, 10, 50, 50, 50, 39, 50, 50, 46, 47, 10, 33, 34, 47, 50, 50, 40, 50, 50, 50, 20, 50, 32, 50, 50, 50, 50, 41, 34, 50, 50, 50, 36, 50, 42, 50, 26, 50, 31, 20, 49, 11]
[0 0 0 0 0 0 0 0 0 0 0 0 0 0 0 0 0 0 0 0 0 0 0 0 0 0 0 0 0 0 0 0 0 0 0 0 0
 0 0 0 0 0 0 0 0 0 0 0 0 0 0 0 0 0 0 0 0 0 0 0 0 0 0 0 0 0 0 0 0 0 0 0 0 0
 0 0 0 0 0 0 0 0 0 0 0 0 0 0 0 0 0 0 0 0 0 0 0 0 0 0]
[1 1 1 1 1 1 1 1 1 1 1 1 1 1 1 1 1 1 1 1 1 1 1 1 1 1 1 1 1 1 1 1 1 1 1 1 1
 1 1 1 1 1 1 1 1 1 1 1 1 1 1 1 1 1 1 1 1 1 1 1 1 1 1 1 1 1 1 1 1 1 1 1 1 1
 1 1 1 1 1 1 1 1 1 1 1 1 1 1 1 1 1 1 1 1 1 1 1 1 1 1]
