[ 0  1  2  3  4  5  6  7  8  9 10 11 12 13 14 15 16 17 18 19 20 21 22 23
 24 25 26 27 28 29 30 31 32 33 34 35 36 37 38 39 40 41 42 43 44 45 46 47
 48 49 50 51 52 53 54 55 56 57 58 59 60 61 62 63 64 65 66 67 68 69 70 71
 72 73 74 75 76 77 78 79 80 81 82 83 84 85 86 87 88 89 90 91 92 93 94 95
 96 97 98 99]
[54 47 25 15 55 81 62 -1  2 -1 62 29 80 78 -1 26 63 73  6 43 68  3 -1  1
 -1 -1 44 50 82 59 87 -1 71  5 49 -1 89 97 15  0 46 20  0 -1 -1 61 -1  7
 15 24 -1 -1 -1 -1  1 -1  2 -1 53 -1 68 -1  7  4 53 30 20 78 22 -1 78 53
 51 57 67 -1 50 25 -1  4 97 -1 51 10  6 24 99 -1 72 -1 15 64  8 -1 -1 36
 -1 95 -1 14]
[0 1 0 0 0 0 1 1 1 1 1 0 1 1 1 0 0 0 0 1 0 1 1 0 0 1 1 1 1 0 1 1 0 0 0 1 1
 0 0 1 0 1 0 0 1 1 0 1 0 1 0 1 0 0 1 0 0 0 0 1 0 1 1 1 1 1 1 1 0 1 1 0 0 1
 0 0 1 0 1 1 1 0 1 1 1 1 0 0 1 1 1 0 1 0 1 1 0 0 0 1]
[0 0 4 0 0 3 0 4 2 1 1 0 4 0 3 2 0 1 1 0 1 4 0 0 2 0 0 0 0 0 0 0 2 0 3 4 2
 0 4 0 2 2 0 0 0 4 0 2 0 0 1 0 4 0 4 4 0 3 2 0 2 0 2 1 0 0 1 3 2 0 2 0 4 0
 4 0 0 0 4 2 0 3 0 0 0 2 0 2 3 0 1 3 3 0 0 3 0 0 0 1]
[0 0 4 0 0 3 0 4 2 1 1 0 4 0 3 2 0 1 1 0 1 4 0 0 2 0 0 0 0 0 0 0 2 0 3 4 2
 0 4 0 2 2 0 0 0 4 0 2 0 0 1 0 4 0 4 4 0 3 2 0 2 0 2 1 0 0 1 3 2 0 2 0 4 0
 4 0 0 0 4 2 0 3 0 0 0 2 0 2 3 0 1 3 3 0 0 3 0 0 0 1]
[1 7 5 6 2 2 7 7 2 1 6 1 1 5 5 4 6 4 1 6 8 7 8 7 7 2 2 1 1 1 8 3 1 1 9 7 7
 3 3 5 1 6 9 1 3 2 2 2 5 3 8 7 6 7 2 7 9 5 1 3 1 9 3 5 5 9 4 9 4 9 9 7 3 1
 9 5 3 2 5 5 1 8 9 9 8 1 1 4 2 2 1 9 7 6 3 9 2 5 4 9]
[1 7 5 6 2 2 7 7 2 1 6 1 1 5 5 4 6 4 1 6 8 7 8 7 7 2 2 1 1 1 8 3 1 1 9 7 7
 3 3 5 1 6 9 1 3 2 2 2 5 3 8 7 6 7 2 7 9 5 1 3 1 9 3 5 5 9 4 9 4 9 9 7 3 1
 9 5 3 2 5 5 1 8 9 9 8 1 1 4 2 2 1 9 7 6 3 9 2 5 4 9]
[45, 35, 50, 50, 50, 22, 50, 50, 50, 41, 46, 19, 50, 50, 50, 50, 50, 50, 15, 23, 50, 50, 50, 47, 32, 50, 39, 50, 50, 30, 50, 50, 12, 50, 50, 40, 50, 11, 50, 50, 50, 48, 50, 50, 11, 25, 13, 15, 12, 50, 50, 34, 33, 37, 50, 36, 38, 50, 50, 10, 44, 50, 15, 32, 34, 44, 37, 50, 11, 41, 50, 50, 39, 50, 45, 50, 50, 50, 50, 40, 25, 50, 29, 24, 10, 39, 41, 21, 50, 24, 50, 33, 50, 50, 50, 50, 50, 15, 49, 39]
[0 0 0 0 0 0 0 0 0 0 0 0 0 0 0 0 0 0 0 0 0 0 0 0 0 0 0 0 0 0 0 0 0 0 0 0 0
 0 0 0 0 0 0 0 0 0 0 0 0 0 0 0 0 0 0 0 0 0 0 0 0 0 0 0 0 0 0 0 0 0 0 0 0 0
 0 0 0 0 0 0 0 0 0 0 0 0 0 0 0 0 0 0 0 0 0 0 0 0 0 0]
[1 1 1 1 1 1 1 1 1 1 1 1 1 1 1 1 1 1 1 1 1 1 1 1 1 1 1 1 1 1 1 1 1 1 1 1 1
 1 1 1 1 1 1 1 1 1 1 1 1 1 1 1 1 1 1 1 1 1 1 1 1 1 1 1 1 1 1 1 1 1 1 1 1 1
 1 1 1 1 1 1 1 1 1 1 1 1 1 1 1 1 1 1 1 1 1 1 1 1 1 1]
