[ 0  1  2  3  4  5  6  7  8  9 10 11 12 13 14 15 16 17 18 19 20 21 22 23
 24 25 26 27 28 29 30 31 32 33 34 35 36 37 38 39 40 41 42 43 44 45 46 47
 48 49 50 51 52 53 54 55 56 57 58 59 60 61 62 63 64 65 66 67 68 69 70 71
 72 73 74 75 76 77 78 79 80 81 82 83 84 85 86 87 88 89 90 91 92 93 94 95
 96 97 98 99]
[ 4 86 -1 40 -1 -1 -1 79  1 -1 37 -1 83 28 80 -1 -1 -1 85 84  6 80 18 85
 93 80 36 60 96 99 -1 -1 -1 -1 -1 94 -1 91 -1 -1 98 82 -1 47 19 82 -1 -1
 80 -1 58 64 61 -1 27 -1 -1 26 28 57 80 -1 -1 -1 18 49 -1 78 13 -1 42 72
 79 -1 65 -1 -1 14 -1 53 -1 77 34 -1 24  0 -1 36 60 40 -1 35 99 -1 77 64
 -1 15 -1 -1]
[1 0 1 1 0 1 1 0 0 1 0 1 0 0 0 0 1 1 1 1 0 1 1 1 0 1 1 0 0 0 1 1 1 0 0 1 1
 0 0 0 1 0 1 1 0 0 0 0 0 0 1 1 1 1 0 0 0 1 0 0 1 0 0 0 0 0 1 1 0 1 1 0 0 1
 1 0 1 1 1 0 1 0 1 0 0 1 0 1 0 1 0 1 1 0 0 0 1 1 1 1]
[0 0 0 0 1 1 0 1 0 0 3 2 0 0 3 4 0 4 0 0 0 2 0 0 2 4 0 0 1 0 1 1 1 0 0 0 3
 0 3 1 0 0 1 0 3 0 1 1 4 0 2 3 1 0 2 0 0 0 0 1 3 3 1 4 2 0 2 0 1 1 2 4 0 0
 0 4 2 0 0 0 1 3 2 0 0 1 1 0 0 0 3 2 1 2 1 1 0 3 0 4]
[0 0 0 0 1 1 0 1 0 0 3 2 0 0 3 4 0 4 0 0 0 2 0 0 2 4 0 0 1 0 1 1 1 0 0 0 3
 0 3 1 0 0 1 0 3 0 1 1 4 0 2 3 1 0 2 0 0 0 0 1 3 3 1 4 2 0 2 0 1 1 2 4 0 0
 0 4 2 0 0 0 1 3 2 0 0 1 1 0 0 0 3 2 1 2 1 1 0 3 0 4]
[7 7 1 6 9 4 5 7 4 5 2 8 1 8 2 1 7 1 7 9 8 4 6 7 6 5 7 5 7 7 5 3 3 4 6 6 5
 2 3 5 7 8 7 9 4 1 7 2 5 9 9 7 5 7 2 6 7 6 1 1 3 9 8 3 7 7 3 4 3 7 5 6 7 7
 2 1 2 4 5 1 5 4 3 2 7 7 2 3 1 9 7 3 6 2 7 2 7 2 6 5]
[7 7 1 6 9 4 5 7 4 5 2 8 1 8 2 1 7 1 7 9 8 4 6 7 6 5 7 5 7 7 5 3 3 4 6 6 5
 2 3 5 7 8 7 9 4 1 7 2 5 9 9 7 5 7 2 6 7 6 1 1 3 9 8 3 7 7 3 4 3 7 5 6 7 7
 2 1 2 4 5 1 5 4 3 2 7 7 2 3 1 9 7 3 6 2 7 2 7 2 6 5]
[37, 12, 50, 50, 50, 45, 50, 50, 43, 50, 50, 50, 50, 11, 50, 14, 31, 50, 16, 50, 25, 39, 50, 31, 38, 50, 27, 50, 50, 29, 26, 50, 50, 14, 50, 36, 50, 50, 10, 19, 50, 49, 40, 50, 36, 50, 49, 19, 50, 11, 39, 50, 40, 13, 27, 28, 12, 50, 26, 50, 50, 32, 50, 37, 34, 50, 35, 50, 50, 10, 50, 43, 41, 44, 33, 50, 50, 23, 28, 50, 50, 50, 50, 50, 44, 18, 46, 50, 50, 50, 28, 50, 50, 43, 50, 44, 50, 25, 50, 50]
[0 0 0 0 0 0 0 0 0 0 0 0 0 0 0 0 0 0 0 0 0 0 0 0 0 0 0 0 0 0 0 0 0 0 0 0 0
 0 0 0 0 0 0 0 0 0 0 0 0 0 0 0 0 0 0 0 0 0 0 0 0 0 0 0 0 0 0 0 0 0 0 0 0 0
 0 0 0 0 0 0 0 0 0 0 0 0 0 0 0 0 0 0 0 0 0 0 0 0 0 0]
[1 1 1 1 1 1 1 1 1 1 1 1 1 1 1 1 1 1 1 1 1 1 1 1 1 1 1 1 1 1 1 1 1 1 1 1 1
 1 1 1 1 1 1 1 1 1 1 1 1 1 1 1 1 1 1 1 1 1 1 1 1 1 1 1 1 1 1 1 1 1 1 1 1 1
 1 1 1 1 1 1 1 1 1 1 1 1 1 1 1 1 1 1 1 1 1 1 1 1 1 1]
