[ 0  1  2  3  4  5  6  7  8  9 10 11 12 13 14 15 16 17 18 19 20 21 22 23
 24 25 26 27 28 29 30 31 32 33 34 35 36 37 38 39 40 41 42 43 44 45 46 47
 48 49 50 51 52 53 54 55 56 57 58 59 60 61 62 63 64 65 66 67 68 69 70 71
 72 73 74 75 76 77 78 79 80 81 82 83 84 85 86 87 88 89 90 91 92 93 94 95
 96 97 98 99]
[-1 56 71 -1 15 -1 98 -1 -1 20 -1 -1 15 71 -1 80 63 -1 -1 92 -1 -1 75 64
 -1 -1 10 31 54 -1 47 36 57 29 80 -1 28 55 -1 48 70 -1 12 -1  0 82 33  0
 -1 14 -1 -1 88 61 64 -1 57 -1 -1 65 10 16 81 32 38 -1 24 -1 25 53 -1 -1
 51 -1 82 65 -1 -1 -1 51 18 -1 -1 -1 -1 37 19  6 -1  1 91  0 39 -1  7 43
 -1 -1 -1 42]
[1 1 1 0 1 0 1 1 0 1 1 1 1 0 1 1 1 0 0 1 0 0 0 0 1 0 0 0 1 1 1 1 1 1 1 0 0
 1 1 0 1 0 1 0 0 0 1 0 1 1 1 0 1 1 0 1 0 1 1 1 0 1 0 0 1 0 1 1 1 0 1 1 0 1
 0 1 1 0 1 1 0 1 0 0 1 0 1 0 1 1 1 1 1 0 0 0 0 1 1 1]
[0 2 1 0 0 4 0 2 3 3 1 0 0 4 0 2 2 0 1 4 3 0 4 0 0 0 2 0 0 1 2 0 0 4 1 0 2
 0 0 0 2 0 0 0 2 3 0 3 0 4 0 0 0 0 0 2 0 3 0 4 4 3 0 0 0 3 4 0 0 0 3 0 3 0
 0 0 2 0 0 0 1 1 0 2 0 0 0 4 4 3 0 1 0 3 1 2 0 0 0 1]
[0 2 1 0 0 4 0 2 3 3 1 0 0 4 0 2 2 0 1 4 3 0 4 0 0 0 2 0 0 1 2 0 0 4 1 0 2
 0 0 0 2 0 0 0 2 3 0 3 0 4 0 0 0 0 0 2 0 3 0 4 4 3 0 0 0 3 4 0 0 0 3 0 3 0
 0 0 2 0 0 0 1 1 0 2 0 0 0 4 4 3 0 1 0 3 1 2 0 0 0 1]
[9 3 3 8 8 3 5 7 2 5 1 4 4 1 3 3 1 6 2 1 4 3 2 5 8 8 9 3 8 8 9 2 1 8 4 2 2
 4 7 5 5 4 9 5 5 7 5 4 8 9 3 1 5 6 3 1 6 1 3 8 2 4 9 9 6 9 5 3 6 5 7 1 6 6
 4 5 9 9 1 4 3 5 8 2 4 6 6 7 8 4 9 4 2 4 7 9 4 4 2 8]
[9 3 3 8 8 3 5 7 2 5 1 4 4 1 3 3 1 6 2 1 4 3 2 5 8 8 9 3 8 8 9 2 1 8 4 2 2
 4 7 5 5 4 9 5 5 7 5 4 8 9 3 1 5 6 3 1 6 1 3 8 2 4 9 9 6 9 5 3 6 5 7 1 6 6
 4 5 9 9 1 4 3 5 8 2 4 6 6 7 8 4 9 4 2 4 7 9 4 4 2 8]
[50, 32, 42, 50, 46, 11, 50, 25, 50, 50, 50, 50, 40, 50, 33, 50, 18, 38, 22, 50, 39, 50, 26, 50, 25, 50, 13, 29, 50, 44, 36, 47, 50, 40, 50, 50, 50, 27, 37, 14, 50, 14, 12, 23, 20, 50, 48, 50, 50, 19, 11, 50, 42, 32, 50, 45, 50, 45, 50, 50, 50, 41, 50, 50, 12, 50, 50, 50, 21, 41, 29, 50, 50, 24, 50, 50, 50, 50, 50, 50, 50, 43, 43, 50, 50, 50, 45, 39, 35, 37, 50, 35, 50, 31, 50, 10, 39, 20, 50, 10]
[0 0 0 0 0 0 0 0 0 0 0 0 0 0 0 0 0 0 0 0 0 0 0 0 0 0 0 0 0 0 0 0 0 0 0 0 0
 0 0 0 0 0 0 0 0 0 0 0 0 0 0 0 0 0 0 0 0 0 0 0 0 0 0 0 0 0 0 0 0 0 0 0 0 0
 0 0 0 0 0 0 0 0 0 0 0 0 0 0 0 0 0 0 0 0 0 0 0 0 0 0]
[1 1 1 1 1 1 1 1 1 1 1 1 1 1 1 1 1 1 1 1 1 1 1 1 1 1 1 1 1 1 1 1 1 1 1 1 1
 1 1 1 1 1 1 1 1 1 1 1 1 1 1 1 1 1 1 1 1 1 1 1 1 1 1 1 1 1 1 1 1 1 1 1 1 1
 1 1 1 1 1 1 1 1 1 1 1 1 1 1 1 1 1 1 1 1 1 1 1 1 1 1]
