[ 0  1  2  3  4  5  6  7  8  9 10 11 12 13 14 15 16 17 18 19 20 21 22 23
 24 25 26 27 28 29 30 31 32 33 34 35 36 37 38 39 40 41 42 43 44 45 46 47
 48 49 50 51 52 53 54 55 56 57 58 59 60 61 62 63 64 65 66 67 68 69 70 71
 72 73 74 75 76 77 78 79 80 81 82 83 84 85 86 87 88 89 90 91 92 93 94 95
 96 97 98 99]
[34 38 -1 -1  0 -1 -1 38 -1 76 34 -1 -1 93 -1 -1 -1 -1  2 65 18 69 -1 -1
 71 -1 51 -1 -1 59 14 98 63 -1 64 44 38 -1 34 -1 -1 59 62 69 28 39 -1 58
 -1 -1 -1 -1 95 89 36 74 52 55 10 73 95 31 -1 50 -1 96  5 35 -1 35 54 97
 30 -1 90 30  4 28 77 -1 17 -1 44 -1  7 -1 -1 30 66 -1 92 20 31 86  5 68
 11 23 13 86]
[1 0 1 1 0 1 0 1 1 1 0 1 1 0 0 1 0 0 1 1 1 0 0 0 1 1 1 1 0 1 1 0 0 0 1 1 1
 1 0 0 0 1 1 1 1 0 0 0 1 1 1 0 1 1 1 1 0 0 0 0 0 0 1 1 1 1 0 1 1 0 0 1 0 1
 1 0 0 0 0 0 1 0 1 1 1 0 1 0 0 1 0 1 1 1 1 1 0 0 0 0]
[1 1 3 0 0 0 0 0 1 0 1 3 4 0 3 2 0 1 2 4 0 2 2 4 0 0 2 4 0 0 0 0 4 4 1 0 1
 0 4 2 1 0 2 0 4 1 3 0 1 0 0 0 2 1 0 0 0 0 0 4 4 2 2 0 0 0 4 3 0 1 0 0 4 1
 0 2 0 0 2 1 1 0 0 3 4 0 2 4 4 0 0 0 0 0 2 3 1 4 0 4]
[1 1 3 0 0 0 0 0 1 0 1 3 4 0 3 2 0 1 2 4 0 2 2 4 0 0 2 4 0 0 0 0 4 4 1 0 1
 0 4 2 1 0 2 0 4 1 3 0 1 0 0 0 2 1 0 0 0 0 0 4 4 2 2 0 0 0 4 3 0 1 0 0 4 1
 0 2 0 0 2 1 1 0 0 3 4 0 2 4 4 0 0 0 0 0 2 3 1 4 0 4]
[4 7 9 8 6 9 2 2 2 3 8 5 1 6 2 2 3 9 2 8 8 1 5 4 7 1 7 3 8 6 7 6 7 1 5 4 4
 7 3 6 4 4 3 1 1 5 4 8 3 7 7 1 8 5 6 8 1 2 5 7 1 4 8 9 9 6 2 5 7 4 6 8 3 8
 4 5 1 6 4 8 6 4 3 6 8 8 3 8 9 2 3 5 9 2 8 4 2 3 1 5]
[4 7 9 8 6 9 2 2 2 3 8 5 1 6 2 2 3 9 2 8 8 1 5 4 7 1 7 3 8 6 7 6 7 1 5 4 4
 7 3 6 4 4 3 1 1 5 4 8 3 7 7 1 8 5 6 8 1 2 5 7 1 4 8 9 9 6 2 5 7 4 6 8 3 8
 4 5 1 6 4 8 6 4 3 6 8 8 3 8 9 2 3 5 9 2 8 4 2 3 1 5]
[50, 50, 50, 50, 50, 50, 50, 36, 50, 50, 50, 35, 50, 32, 41, 23, 46, 34, 50, 16, 15, 50, 18, 20, 50, 50, 50, 50, 50, 50, 24, 24, 50, 23, 48, 50, 50, 50, 13, 17, 50, 19, 12, 50, 43, 50, 50, 14, 12, 33, 50, 20, 19, 50, 50, 50, 50, 50, 50, 50, 45, 50, 50, 50, 50, 48, 47, 40, 50, 50, 37, 35, 24, 50, 50, 26, 50, 14, 50, 29, 46, 35, 23, 50, 46, 12, 43, 38, 20, 50, 50, 50, 41, 50, 47, 37, 50, 19, 11, 50]
[0 0 0 0 0 0 0 0 0 0 0 0 0 0 0 0 0 0 0 0 0 0 0 0 0 0 0 0 0 0 0 0 0 0 0 0 0
 0 0 0 0 0 0 0 0 0 0 0 0 0 0 0 0 0 0 0 0 0 0 0 0 0 0 0 0 0 0 0 0 0 0 0 0 0
 0 0 0 0 0 0 0 0 0 0 0 0 0 0 0 0 0 0 0 0 0 0 0 0 0 0]
[1 1 1 1 1 1 1 1 1 1 1 1 1 1 1 1 1 1 1 1 1 1 1 1 1 1 1 1 1 1 1 1 1 1 1 1 1
 1 1 1 1 1 1 1 1 1 1 1 1 1 1 1 1 1 1 1 1 1 1 1 1 1 1 1 1 1 1 1 1 1 1 1 1 1
 1 1 1 1 1 1 1 1 1 1 1 1 1 1 1 1 1 1 1 1 1 1 1 1 1 1]
