[ 0  1  2  3  4  5  6  7  8  9 10 11 12 13 14 15 16 17 18 19 20 21 22 23
 24 25 26 27 28 29 30 31 32 33 34 35 36 37 38 39 40 41 42 43 44 45 46 47
 48 49 50 51 52 53 54 55 56 57 58 59 60 61 62 63 64 65 66 67 68 69 70 71
 72 73 74 75 76 77 78 79 80 81 82 83 84 85 86 87 88 89 90 91 92 93 94 95
 96 97 98 99]
[-1 16 -1 50 24 49 35 86 -1 48 82 -1 -1 37 36 -1 21 -1 -1 13 24 82 -1 -1
 -1 17 -1 -1 64 -1 80 58 49 46 15 -1 35 88 35 27 32 -1 86 95 16 -1 -1 77
 -1 -1 -1 64 10 -1 -1 49 11 47 -1 30 87 46 93 92 -1 -1 -1 46  1 79 74 73
 -1 -1 41 66 -1 76 -1 11 -1 96 -1 41 94 12 -1 71 81 -1 25 66 50 -1 37 -1
 -1 30 -1 87]
[0 1 0 0 1 0 1 1 0 0 1 1 1 1 0 0 0 0 1 1 0 0 1 1 0 0 0 1 0 1 0 0 1 1 1 1 0
 1 0 0 1 0 0 0 1 1 1 1 1 1 1 1 0 0 0 1 1 1 1 0 1 1 0 1 0 0 1 1 1 1 1 1 1 0
 1 0 0 1 1 1 0 1 1 0 0 1 1 1 0 1 0 0 1 1 0 1 1 0 1 1]
[0 0 0 2 0 0 2 4 0 0 3 2 0 2 0 0 0 2 0 0 1 4 3 0 0 0 3 0 0 0 0 1 0 0 0 0 1
 0 0 0 4 4 1 0 0 0 1 0 0 4 0 4 3 0 2 3 2 0 0 4 1 0 4 0 4 1 1 0 4 3 0 0 0 2
 0 1 2 1 3 2 0 4 0 4 4 3 4 1 2 4 1 2 0 3 0 0 0 2 3 0]
[0 0 0 2 0 0 2 4 0 0 3 2 0 2 0 0 0 2 0 0 1 4 3 0 0 0 3 0 0 0 0 1 0 0 0 0 1
 0 0 0 4 4 1 0 0 0 1 0 0 4 0 4 3 0 2 3 2 0 0 4 1 0 4 0 4 1 1 0 4 3 0 0 0 2
 0 1 2 1 3 2 0 4 0 4 4 3 4 1 2 4 1 2 0 3 0 0 0 2 3 0]
[4 8 5 8 5 2 4 6 9 5 8 9 5 8 1 2 5 7 1 1 3 6 9 3 8 7 9 9 1 9 6 3 5 8 3 1 8
 1 1 9 2 8 9 4 6 1 2 2 6 9 2 8 7 5 1 5 7 6 2 5 6 1 1 3 5 9 2 9 9 4 3 1 5 2
 5 5 2 3 1 5 9 9 2 7 4 5 8 7 9 1 8 3 7 5 7 6 4 1 8 6]
[4 8 5 8 5 2 4 6 9 5 8 9 5 8 1 2 5 7 1 1 3 6 9 3 8 7 9 9 1 9 6 3 5 8 3 1 8
 1 1 9 2 8 9 4 6 1 2 2 6 9 2 8 7 5 1 5 7 6 2 5 6 1 1 3 5 9 2 9 9 4 3 1 5 2
 5 5 2 3 1 5 9 9 2 7 4 5 8 7 9 1 8 3 7 5 7 6 4 1 8 6]
[31, 37, 50, 50, 12, 50, 50, 50, 42, 50, 50, 15, 50, 50, 50, 50, 36, 50, 43, 50, 50, 50, 29, 41, 16, 50, 40, 50, 30, 23, 50, 50, 50, 50, 39, 50, 40, 50, 31, 18, 10, 50, 50, 50, 15, 17, 29, 50, 45, 50, 24, 50, 50, 44, 42, 50, 37, 50, 50, 50, 41, 19, 50, 19, 50, 50, 50, 29, 27, 47, 45, 31, 30, 50, 50, 35, 50, 50, 33, 49, 10, 15, 50, 50, 41, 30, 50, 19, 50, 11, 39, 21, 50, 41, 12, 50, 50, 20, 50, 50]
[0 0 0 0 0 0 0 0 0 0 0 0 0 0 0 0 0 0 0 0 0 0 0 0 0 0 0 0 0 0 0 0 0 0 0 0 0
 0 0 0 0 0 0 0 0 0 0 0 0 0 0 0 0 0 0 0 0 0 0 0 0 0 0 0 0 0 0 0 0 0 0 0 0 0
 0 0 0 0 0 0 0 0 0 0 0 0 0 0 0 0 0 0 0 0 0 0 0 0 0 0]
[1 1 1 1 1 1 1 1 1 1 1 1 1 1 1 1 1 1 1 1 1 1 1 1 1 1 1 1 1 1 1 1 1 1 1 1 1
 1 1 1 1 1 1 1 1 1 1 1 1 1 1 1 1 1 1 1 1 1 1 1 1 1 1 1 1 1 1 1 1 1 1 1 1 1
 1 1 1 1 1 1 1 1 1 1 1 1 1 1 1 1 1 1 1 1 1 1 1 1 1 1]
