[ 0  1  2  3  4  5  6  7  8  9 10 11 12 13 14 15 16 17 18 19 20 21 22 23
 24 25 26 27 28 29 30 31 32 33 34 35 36 37 38 39 40 41 42 43 44 45 46 47
 48 49 50 51 52 53 54 55 56 57 58 59 60 61 62 63 64 65 66 67 68 69 70 71
 72 73 74 75 76 77 78 79 80 81 82 83 84 85 86 87 88 89 90 91 92 93 94 95
 96 97 98 99]
[99 18 56 -1 -1 45 23 60 -1 -1 78 71 21 55 38 99 41 59 63 42 62 24 67 13
 28 34 -1 -1 59 99 44 -1 -1 85 74 -1 72 -1 41 -1 -1 71  5 27 12 -1 40  9
 56 -1 19 29 70 64 69 -1 -1 49 76 -1 39 52 -1 -1 41 12 -1 -1 59 81 -1  3
 90 97 81 56 -1 -1 -1 35 35 -1 10 -1 88 -1 -1 53 68 41 -1 36 -1 67 -1 81
 89 76 -1 -1]
[0 1 0 1 1 0 0 0 0 0 0 1 0 0 1 0 0 0 0 1 1 0 1 1 1 1 1 0 1 1 0 0 1 0 0 1 1
 1 1 1 0 1 0 1 1 0 1 0 0 1 1 1 0 0 0 0 1 1 0 1 0 0 1 0 1 1 1 1 0 1 1 0 1 0
 1 1 0 0 1 0 0 1 0 0 1 0 0 0 0 0 1 1 0 1 0 1 0 1 0 1]
[3 3 2 1 0 4 0 0 4 2 0 0 0 0 3 0 2 2 3 3 0 0 0 0 4 0 2 0 4 0 0 2 0 2 4 1 3
 2 4 0 1 0 1 0 3 0 3 0 0 0 0 0 1 1 3 0 0 0 0 0 0 4 0 0 0 0 0 0 1 0 2 0 1 0
 1 0 3 0 1 0 0 2 2 0 0 0 0 0 0 2 0 0 2 2 0 3 1 0 4 0]
[3 3 2 1 0 4 0 0 4 2 0 0 0 0 3 0 2 2 3 3 0 0 0 0 4 0 2 0 4 0 0 2 0 2 4 1 3
 2 4 0 1 0 1 0 3 0 3 0 0 0 0 0 1 1 3 0 0 0 0 0 0 4 0 0 0 0 0 0 1 0 2 0 1 0
 1 0 3 0 1 0 0 2 2 0 0 0 0 0 0 2 0 0 2 2 0 3 1 0 4 0]
[6 7 1 1 2 9 3 6 2 8 3 2 7 4 5 7 8 1 8 7 3 4 6 2 4 6 2 2 6 1 5 4 1 4 4 6 6
 4 3 1 1 7 3 6 3 3 3 1 2 5 7 6 3 6 9 1 7 5 3 9 6 8 3 3 8 5 2 5 1 5 3 4 4 4
 6 9 9 9 2 3 1 4 3 4 8 8 3 4 3 2 7 9 5 8 3 5 1 9 9 7]
[6 7 1 1 2 9 3 6 2 8 3 2 7 4 5 7 8 1 8 7 3 4 6 2 4 6 2 2 6 1 5 4 1 4 4 6 6
 4 3 1 1 7 3 6 3 3 3 1 2 5 7 6 3 6 9 1 7 5 3 9 6 8 3 3 8 5 2 5 1 5 3 4 4 4
 6 9 9 9 2 3 1 4 3 4 8 8 3 4 3 2 7 9 5 8 3 5 1 9 9 7]
[30, 23, 45, 50, 50, 50, 50, 41, 40, 16, 50, 50, 16, 35, 50, 50, 50, 50, 50, 48, 46, 50, 47, 50, 50, 50, 15, 15, 50, 50, 38, 35, 27, 50, 50, 17, 30, 50, 50, 14, 26, 26, 50, 50, 50, 27, 50, 50, 47, 50, 50, 35, 50, 28, 10, 50, 10, 35, 50, 50, 10, 50, 13, 20, 50, 50, 50, 36, 50, 50, 50, 50, 50, 50, 50, 16, 50, 21, 50, 50, 22, 22, 50, 13, 38, 29, 50, 50, 14, 45, 50, 20, 50, 50, 50, 50, 50, 21, 50, 38]
[0 0 0 0 0 0 0 0 0 0 0 0 0 0 0 0 0 0 0 0 0 0 0 0 0 0 0 0 0 0 0 0 0 0 0 0 0
 0 0 0 0 0 0 0 0 0 0 0 0 0 0 0 0 0 0 0 0 0 0 0 0 0 0 0 0 0 0 0 0 0 0 0 0 0
 0 0 0 0 0 0 0 0 0 0 0 0 0 0 0 0 0 0 0 0 0 0 0 0 0 0]
[1 1 1 1 1 1 1 1 1 1 1 1 1 1 1 1 1 1 1 1 1 1 1 1 1 1 1 1 1 1 1 1 1 1 1 1 1
 1 1 1 1 1 1 1 1 1 1 1 1 1 1 1 1 1 1 1 1 1 1 1 1 1 1 1 1 1 1 1 1 1 1 1 1 1
 1 1 1 1 1 1 1 1 1 1 1 1 1 1 1 1 1 1 1 1 1 1 1 1 1 1]
