[ 0  1  2  3  4  5  6  7  8  9 10 11 12 13 14 15 16 17 18 19 20 21 22 23
 24 25 26 27 28 29 30 31 32 33 34 35 36 37 38 39 40 41 42 43 44 45 46 47
 48 49 50 51 52 53 54 55 56 57 58 59 60 61 62 63 64 65 66 67 68 69 70 71
 72 73 74 75 76 77 78 79 80 81 82 83 84 85 86 87 88 89 90 91 92 93 94 95
 96 97 98 99]
[92 -1 78 -1 -1 -1 -1  2 93 16 84 56 -1 -1 81 99 33 -1 93 87 77  6 -1 -1
 -1 -1  6 57 25 -1 12 -1 80 22 -1 -1 34 -1 -1 -1 53 -1 64 -1 18 -1  5 15
 70 84 40 12 85 18 11 -1 53 30 79 53 57 26 -1  8 -1 98 -1 -1 51 70 39 91
 12 -1 -1 43 -1 95 -1 23 -1 94  3 23 61 -1 -1 61 -1 -1 35 83 -1  3 23 -1
 54 15 19 60]
[0 0 0 0 0 0 1 0 0 1 0 1 1 1 1 0 0 0 1 0 0 1 1 0 0 1 0 0 1 0 1 1 1 0 0 1 0
 0 1 0 0 1 0 1 1 0 0 1 0 0 1 1 0 1 1 1 0 1 0 0 0 1 0 0 1 0 1 0 0 1 0 1 0 0
 1 1 0 1 0 1 1 0 1 0 1 0 0 1 0 0 0 1 1 1 0 1 0 1 0 1]
[3 0 1 0 0 0 4 3 0 4 3 3 1 1 3 2 2 0 0 2 0 1 0 0 4 1 1 1 0 4 3 3 1 1 0 0 0
 4 0 4 3 2 2 0 2 4 3 0 3 0 0 0 2 3 0 4 3 0 3 0 4 2 0 0 3 0 0 3 3 1 4 4 4 0
 0 1 0 0 4 2 3 0 0 1 0 4 0 0 0 0 2 0 0 0 1 0 3 4 1 3]
[3 0 1 0 0 0 4 3 0 4 3 3 1 1 3 2 2 0 0 2 0 1 0 0 4 1 1 1 0 4 3 3 1 1 0 0 0
 4 0 4 3 2 2 0 2 4 3 0 3 0 0 0 2 3 0 4 3 0 3 0 4 2 0 0 3 0 0 3 3 1 4 4 4 0
 0 1 0 0 4 2 3 0 0 1 0 4 0 0 0 0 2 0 0 0 1 0 3 4 1 3]
[5 7 6 8 4 9 4 8 1 3 2 3 8 5 9 8 8 8 3 7 8 9 7 4 7 6 8 7 2 6 7 6 7 8 2 4 2
 7 2 2 5 8 1 8 1 6 3 6 6 1 4 9 1 4 2 6 9 1 8 9 9 6 8 9 3 7 8 5 2 5 3 7 3 5
 1 3 1 2 8 8 5 9 8 2 1 4 8 8 2 3 3 5 2 4 8 2 4 6 2 6]
[5 7 6 8 4 9 4 8 1 3 2 3 8 5 9 8 8 8 3 7 8 9 7 4 7 6 8 7 2 6 7 6 7 8 2 4 2
 7 2 2 5 8 1 8 1 6 3 6 6 1 4 9 1 4 2 6 9 1 8 9 9 6 8 9 3 7 8 5 2 5 3 7 3 5
 1 3 1 2 8 8 5 9 8 2 1 4 8 8 2 3 3 5 2 4 8 2 4 6 2 6]
[50, 50, 50, 50, 22, 25, 23, 14, 29, 50, 45, 33, 27, 50, 37, 43, 50, 10, 43, 50, 41, 28, 50, 50, 50, 48, 50, 50, 48, 22, 50, 48, 50, 42, 50, 29, 46, 19, 50, 50, 48, 50, 50, 21, 50, 43, 50, 50, 50, 50, 50, 50, 50, 50, 50, 50, 49, 50, 40, 17, 13, 26, 35, 13, 12, 22, 18, 32, 50, 13, 50, 46, 50, 50, 12, 50, 45, 35, 50, 20, 40, 31, 28, 50, 50, 50, 42, 50, 45, 50, 50, 50, 26, 50, 30, 16, 50, 50, 50, 10]
[0 0 0 0 0 0 0 0 0 0 0 0 0 0 0 0 0 0 0 0 0 0 0 0 0 0 0 0 0 0 0 0 0 0 0 0 0
 0 0 0 0 0 0 0 0 0 0 0 0 0 0 0 0 0 0 0 0 0 0 0 0 0 0 0 0 0 0 0 0 0 0 0 0 0
 0 0 0 0 0 0 0 0 0 0 0 0 0 0 0 0 0 0 0 0 0 0 0 0 0 0]
[1 1 1 1 1 1 1 1 1 1 1 1 1 1 1 1 1 1 1 1 1 1 1 1 1 1 1 1 1 1 1 1 1 1 1 1 1
 1 1 1 1 1 1 1 1 1 1 1 1 1 1 1 1 1 1 1 1 1 1 1 1 1 1 1 1 1 1 1 1 1 1 1 1 1
 1 1 1 1 1 1 1 1 1 1 1 1 1 1 1 1 1 1 1 1 1 1 1 1 1 1]
