[ 0  1  2  3  4  5  6  7  8  9 10 11 12 13 14 15 16 17 18 19 20 21 22 23
 24 25 26 27 28 29 30 31 32 33 34 35 36 37 38 39 40 41 42 43 44 45 46 47
 48 49 50 51 52 53 54 55 56 57 58 59 60 61 62 63 64 65 66 67 68 69 70 71
 72 73 74 75 76 77 78 79 80 81 82 83 84 85 86 87 88 89 90 91 92 93 94 95
 96 97 98 99]
[-1 -1 65 43 -1 60 21 29 59 79 38 64 24 -1 64 -1 -1 20 -1 81 -1 47 -1 -1
 50 83 55 94 -1 -1 48 25  8 -1 50 84 -1 93 -1 -1 67 56 73 49 -1 -1 -1 99
 49  5 -1 84 -1 -1 -1 93 -1 -1 -1 47 26 83 28  0 79 55 96 78 49 47 23 13
 63 28 20 66 94 46 -1 95 -1 17 94 67 70 -1 23 -1 -1 74 86 14 71 -1 41 86
 80 -1 -1 -1]
[0 0 0 0 0 0 0 0 1 1 0 1 0 0 0 0 1 0 0 0 0 0 0 0 0 1 0 0 0 0 1 0 1 1 0 1 1
 1 0 1 1 0 1 0 1 1 1 1 1 0 1 1 0 1 0 0 0 1 0 1 0 1 0 0 1 0 0 0 0 1 1 1 0 0
 1 1 0 0 1 1 0 1 1 0 0 0 0 0 1 1 0 0 0 1 0 0 0 1 1 0]
[4 0 4 2 0 0 0 4 0 3 0 0 0 4 1 0 0 4 0 4 0 4 0 0 1 2 0 0 2 0 1 2 4 1 1 0 1
 0 0 1 0 4 2 3 2 0 4 4 1 1 0 0 4 4 3 1 1 1 1 2 3 1 2 0 2 3 4 2 4 0 4 3 4 0
 2 3 3 4 0 0 1 1 0 4 0 1 0 0 2 0 2 0 0 2 0 0 0 3 4 0]
[4 0 4 2 0 0 0 4 0 3 0 0 0 4 1 0 0 4 0 4 0 4 0 0 1 2 0 0 2 0 1 2 4 1 1 0 1
 0 0 1 0 4 2 3 2 0 4 4 1 1 0 0 4 4 3 1 1 1 1 2 3 1 2 0 2 3 4 2 4 0 4 3 4 0
 2 3 3 4 0 0 1 1 0 4 0 1 0 0 2 0 2 0 0 2 0 0 0 3 4 0]
[1 5 2 8 4 5 5 4 1 1 5 9 6 4 4 2 3 5 9 2 6 4 2 6 1 3 6 1 9 1 7 1 9 4 3 2 2
 8 5 5 6 8 5 7 9 7 9 4 7 1 6 4 3 2 6 7 9 2 7 1 3 2 8 3 7 5 5 1 2 8 8 7 3 2
 3 6 6 4 7 8 2 1 8 5 3 2 5 1 9 6 4 4 1 1 2 4 6 5 6 7]
[1 5 2 8 4 5 5 4 1 1 5 9 6 4 4 2 3 5 9 2 6 4 2 6 1 3 6 1 9 1 7 1 9 4 3 2 2
 8 5 5 6 8 5 7 9 7 9 4 7 1 6 4 3 2 6 7 9 2 7 1 3 2 8 3 7 5 5 1 2 8 8 7 3 2
 3 6 6 4 7 8 2 1 8 5 3 2 5 1 9 6 4 4 1 1 2 4 6 5 6 7]
[50, 50, 17, 35, 24, 17, 19, 46, 50, 50, 50, 45, 50, 50, 15, 50, 50, 50, 35, 31, 50, 50, 14, 50, 50, 50, 40, 26, 50, 50, 50, 50, 30, 50, 50, 50, 31, 21, 19, 50, 50, 32, 50, 23, 48, 50, 21, 50, 13, 50, 50, 43, 36, 50, 50, 42, 50, 32, 50, 50, 45, 20, 50, 49, 28, 49, 50, 27, 16, 50, 50, 37, 50, 50, 50, 47, 31, 19, 28, 50, 50, 45, 23, 23, 25, 45, 33, 36, 13, 50, 50, 25, 50, 50, 50, 50, 28, 50, 22, 31]
[0 0 0 0 0 0 0 0 0 0 0 0 0 0 0 0 0 0 0 0 0 0 0 0 0 0 0 0 0 0 0 0 0 0 0 0 0
 0 0 0 0 0 0 0 0 0 0 0 0 0 0 0 0 0 0 0 0 0 0 0 0 0 0 0 0 0 0 0 0 0 0 0 0 0
 0 0 0 0 0 0 0 0 0 0 0 0 0 0 0 0 0 0 0 0 0 0 0 0 0 0]
[1 1 1 1 1 1 1 1 1 1 1 1 1 1 1 1 1 1 1 1 1 1 1 1 1 1 1 1 1 1 1 1 1 1 1 1 1
 1 1 1 1 1 1 1 1 1 1 1 1 1 1 1 1 1 1 1 1 1 1 1 1 1 1 1 1 1 1 1 1 1 1 1 1 1
 1 1 1 1 1 1 1 1 1 1 1 1 1 1 1 1 1 1 1 1 1 1 1 1 1 1]
