[ 0  1  2  3  4  5  6  7  8  9 10 11 12 13 14 15 16 17 18 19 20 21 22 23
 24 25 26 27 28 29 30 31 32 33 34 35 36 37 38 39 40 41 42 43 44 45 46 47
 48 49 50 51 52 53 54 55 56 57 58 59 60 61 62 63 64 65 66 67 68 69 70 71
 72 73 74 75 76 77 78 79 80 81 82 83 84 85 86 87 88 89 90 91 92 93 94 95
 96 97 98 99]
[-1 -1 -1 -1 -1 21 79 80 -1 86 -1 69 88 71 53 67 -1 -1 -1 82 70 -1 17  0
  9 90 35 76 72 14 32 -1 -1 29 39 84 76  4 66 60 77 -1 44 -1 -1 17 -1 32
  7 -1  1 65 17 74 55 70 43 84 99 12 71 -1 84 -1  2 -1 60  7 -1 15 -1 -1
 33 -1  1 28 20 -1 59 26 25 11 -1 51 -1 93 45 43 84 77 53 49 -1 87 29 41
 34 98 94 39]
[0 1 0 1 0 1 1 0 0 0 1 1 1 0 1 1 1 1 1 1 1 1 0 0 0 0 1 0 0 1 1 0 1 0 0 1 0
 0 1 0 0 0 1 0 0 1 1 0 1 0 1 0 0 1 1 1 0 0 1 1 1 0 1 1 0 1 0 0 1 1 1 1 1 0
 0 0 1 1 1 0 0 0 0 1 1 1 1 1 1 1 0 1 0 1 1 0 0 0 0 0]
[0 0 0 0 3 0 2 1 0 1 3 0 2 1 1 3 4 1 3 0 0 0 3 3 0 1 1 0 1 0 0 0 2 2 0 2 3
 0 0 0 0 0 1 0 3 1 2 3 2 4 0 3 1 0 3 0 0 0 1 0 3 0 1 4 0 1 4 1 0 0 0 4 2 2
 0 0 0 0 3 0 1 3 0 0 4 0 0 0 3 0 2 0 0 0 0 0 0 0 0 1]
[0 0 0 0 3 0 2 1 0 1 3 0 2 1 1 3 4 1 3 0 0 0 3 3 0 1 1 0 1 0 0 0 2 2 0 2 3
 0 0 0 0 0 1 0 3 1 2 3 2 4 0 3 1 0 3 0 0 0 1 0 3 0 1 4 0 1 4 1 0 0 0 4 2 2
 0 0 0 0 3 0 1 3 0 0 4 0 0 0 3 0 2 0 0 0 0 0 0 0 0 1]
[4 6 7 6 7 2 8 6 1 3 8 4 3 4 7 5 2 7 5 6 2 6 1 3 3 3 2 5 3 6 9 5 4 4 6 4 2
 7 9 3 7 1 1 4 5 9 9 1 8 9 4 8 8 6 6 4 8 4 2 2 4 9 9 2 1 6 8 8 4 1 5 2 7 5
 8 6 7 5 9 3 2 5 5 4 5 3 1 7 6 7 4 3 3 9 2 4 3 9 2 9]
[4 6 7 6 7 2 8 6 1 3 8 4 3 4 7 5 2 7 5 6 2 6 1 3 3 3 2 5 3 6 9 5 4 4 6 4 2
 7 9 3 7 1 1 4 5 9 9 1 8 9 4 8 8 6 6 4 8 4 2 2 4 9 9 2 1 6 8 8 4 1 5 2 7 5
 8 6 7 5 9 3 2 5 5 4 5 3 1 7 6 7 4 3 3 9 2 4 3 9 2 9]
[27, 50, 23, 31, 50, 50, 50, 50, 50, 50, 28, 50, 46, 14, 37, 50, 15, 50, 35, 25, 25, 50, 50, 50, 44, 50, 50, 50, 50, 50, 49, 50, 21, 38, 13, 19, 22, 36, 35, 34, 50, 50, 50, 13, 50, 50, 46, 32, 31, 50, 30, 50, 50, 50, 20, 50, 17, 50, 50, 50, 50, 10, 19, 48, 50, 50, 50, 11, 50, 29, 50, 43, 50, 22, 48, 48, 50, 50, 50, 50, 50, 50, 50, 50, 50, 50, 25, 47, 29, 16, 28, 15, 50, 50, 23, 30, 13, 50, 50, 40]
[0 0 0 0 0 0 0 0 0 0 0 0 0 0 0 0 0 0 0 0 0 0 0 0 0 0 0 0 0 0 0 0 0 0 0 0 0
 0 0 0 0 0 0 0 0 0 0 0 0 0 0 0 0 0 0 0 0 0 0 0 0 0 0 0 0 0 0 0 0 0 0 0 0 0
 0 0 0 0 0 0 0 0 0 0 0 0 0 0 0 0 0 0 0 0 0 0 0 0 0 0]
[1 1 1 1 1 1 1 1 1 1 1 1 1 1 1 1 1 1 1 1 1 1 1 1 1 1 1 1 1 1 1 1 1 1 1 1 1
 1 1 1 1 1 1 1 1 1 1 1 1 1 1 1 1 1 1 1 1 1 1 1 1 1 1 1 1 1 1 1 1 1 1 1 1 1
 1 1 1 1 1 1 1 1 1 1 1 1 1 1 1 1 1 1 1 1 1 1 1 1 1 1]
