[ 0  1  2  3  4  5  6  7  8  9 10 11 12 13 14 15 16 17 18 19 20 21 22 23
 24 25 26 27 28 29 30 31 32 33 34 35 36 37 38 39 40 41 42 43 44 45 46 47
 48 49 50 51 52 53 54 55 56 57 58 59 60 61 62 63 64 65 66 67 68 69 70 71
 72 73 74 75 76 77 78 79 80 81 82 83 84 85 86 87 88 89 90 91 92 93 94 95
 96 97 98 99]
[-1 -1 75 -1 59 -1 21 -1 65 -1 21 32 56 -1 -1 38 -1 -1 -1 -1 -1 68 80 46
 19  1 58 -1 -1 81 -1 50 57 69 -1 95 54  8 19 80 32 59 85 79  0 51 -1 27
 -1  6 -1 -1 16 -1 79 66 29 24 92 -1 -1 95 -1 50 61  0 57 -1 33 22 -1 21
 14 15 83 73 -1 -1 29 -1 -1 -1 56  7 -1 57 -1 -1 29 57 10 53  7 50  7 69
 -1 -1 93 -1]
[0 0 1 0 1 1 1 0 0 0 1 1 0 1 0 1 1 0 1 0 0 0 1 0 0 1 0 1 0 1 0 0 0 1 1 1 0
 1 0 0 0 0 1 1 0 0 1 0 1 0 0 1 1 0 1 1 1 0 0 0 1 1 1 0 1 0 1 1 0 1 0 1 0 0
 1 0 0 1 1 1 0 0 1 1 0 0 1 0 1 0 0 0 0 0 0 0 0 0 1 1]
[1 1 4 0 0 2 0 0 4 2 1 1 0 0 0 1 0 3 3 0 2 1 2 0 0 2 3 4 2 0 0 0 0 0 0 2 0
 0 4 2 2 0 0 1 4 0 0 3 0 3 0 0 4 0 0 0 0 2 0 3 2 0 1 0 4 0 1 1 0 1 0 0 1 0
 0 4 0 1 0 0 0 2 0 0 1 2 0 4 2 4 3 0 1 3 0 2 2 0 0 3]
[1 1 4 0 0 2 0 0 4 2 1 1 0 0 0 1 0 3 3 0 2 1 2 0 0 2 3 4 2 0 0 0 0 0 0 2 0
 0 4 2 2 0 0 1 4 0 0 3 0 3 0 0 4 0 0 0 0 2 0 3 2 0 1 0 4 0 1 1 0 1 0 0 1 0
 0 4 0 1 0 0 0 2 0 0 1 2 0 4 2 4 3 0 1 3 0 2 2 0 0 3]
[6 5 4 4 2 9 3 5 8 5 2 7 1 2 2 5 9 7 7 5 8 5 1 9 4 1 2 2 8 6 4 8 6 8 1 3 6
 9 3 4 5 2 7 6 5 6 1 6 4 2 6 3 1 7 4 3 5 5 2 5 9 9 9 6 8 5 6 1 8 5 5 8 4 1
 5 1 5 1 1 1 2 5 5 1 9 4 4 3 1 8 7 3 4 9 4 6 7 8 5 7]
[6 5 4 4 2 9 3 5 8 5 2 7 1 2 2 5 9 7 7 5 8 5 1 9 4 1 2 2 8 6 4 8 6 8 1 3 6
 9 3 4 5 2 7 6 5 6 1 6 4 2 6 3 1 7 4 3 5 5 2 5 9 9 9 6 8 5 6 1 8 5 5 8 4 1
 5 1 5 1 1 1 2 5 5 1 9 4 4 3 1 8 7 3 4 9 4 6 7 8 5 7]
[27, 47, 48, 49, 50, 50, 47, 50, 50, 46, 50, 50, 21, 30, 34, 50, 23, 50, 28, 44, 35, 50, 46, 31, 48, 28, 50, 50, 42, 50, 41, 36, 17, 17, 49, 31, 50, 50, 50, 50, 17, 50, 40, 29, 38, 41, 50, 26, 42, 26, 48, 50, 41, 18, 50, 35, 50, 50, 50, 29, 50, 48, 21, 50, 50, 50, 50, 24, 50, 32, 26, 50, 27, 17, 50, 23, 26, 50, 25, 50, 19, 50, 50, 50, 50, 33, 31, 50, 44, 23, 21, 50, 48, 50, 12, 50, 23, 40, 50, 42]
[0 0 0 0 0 0 0 0 0 0 0 0 0 0 0 0 0 0 0 0 0 0 0 0 0 0 0 0 0 0 0 0 0 0 0 0 0
 0 0 0 0 0 0 0 0 0 0 0 0 0 0 0 0 0 0 0 0 0 0 0 0 0 0 0 0 0 0 0 0 0 0 0 0 0
 0 0 0 0 0 0 0 0 0 0 0 0 0 0 0 0 0 0 0 0 0 0 0 0 0 0]
[1 1 1 1 1 1 1 1 1 1 1 1 1 1 1 1 1 1 1 1 1 1 1 1 1 1 1 1 1 1 1 1 1 1 1 1 1
 1 1 1 1 1 1 1 1 1 1 1 1 1 1 1 1 1 1 1 1 1 1 1 1 1 1 1 1 1 1 1 1 1 1 1 1 1
 1 1 1 1 1 1 1 1 1 1 1 1 1 1 1 1 1 1 1 1 1 1 1 1 1 1]
