[ 0  1  2  3  4  5  6  7  8  9 10 11 12 13 14 15 16 17 18 19 20 21 22 23
 24 25 26 27 28 29 30 31 32 33 34 35 36 37 38 39 40 41 42 43 44 45 46 47
 48 49 50 51 52 53 54 55 56 57 58 59 60 61 62 63 64 65 66 67 68 69 70 71
 72 73 74 75 76 77 78 79 80 81 82 83 84 85 86 87 88 89 90 91 92 93 94 95
 96 97 98 99]
[-1 84 83 -1 79  7  9 -1 58  2 13 20 36 93 15 72 -1 41 76 45 62 78 14 -1
 -1 -1 25 84 72 58 -1 -1 40 49 51 -1 11 38 -1 -1 21 -1 -1 46 -1 -1 -1 -1
 29 88 92 -1 -1 -1 49 90 -1 59 91 11 -1 -1 90 65 98 53 46 60 -1 56 -1 -1
 44 21 82 91 28 -1 87 -1 -1 43 83 -1 -1 -1 54 -1 93 66 -1 11 -1 38 75 64
 43 37 -1 77]
[1 1 0 0 1 1 0 1 1 1 1 1 1 0 1 1 0 1 1 1 0 1 0 1 1 0 0 0 1 1 1 1 0 0 1 1 1
 0 0 1 1 0 1 0 1 1 0 0 1 0 0 0 1 0 1 1 1 1 1 0 1 1 1 0 1 0 0 1 0 0 0 0 0 0
 0 0 1 1 1 1 0 1 1 1 1 1 1 1 1 0 1 1 0 0 0 0 1 1 1 1]
[3 0 0 1 0 4 0 3 1 0 0 0 4 2 0 0 2 4 1 1 0 0 3 0 0 0 0 0 0 2 0 0 0 0 0 0 1
 0 4 2 0 0 2 0 0 0 3 1 0 4 4 0 1 0 0 1 0 0 3 0 1 3 0 0 0 1 2 4 0 4 0 0 4 2
 0 3 3 0 0 0 0 0 1 0 0 0 0 0 2 0 0 0 0 0 2 4 3 2 0 0]
[3 0 0 1 0 4 0 3 1 0 0 0 4 2 0 0 2 4 1 1 0 0 3 0 0 0 0 0 0 2 0 0 0 0 0 0 1
 0 4 2 0 0 2 0 0 0 3 1 0 4 4 0 1 0 0 1 0 0 3 0 1 3 0 0 0 1 2 4 0 4 0 0 4 2
 0 3 3 0 0 0 0 0 1 0 0 0 0 0 2 0 0 0 0 0 2 4 3 2 0 0]
[1 1 8 4 3 4 2 5 9 7 4 2 9 1 9 6 2 5 3 5 9 6 2 1 6 9 3 6 2 8 8 6 1 1 3 3 5
 7 2 5 1 3 6 5 7 5 4 5 7 6 7 3 4 2 3 7 5 9 8 2 7 8 5 4 5 7 2 6 1 4 5 3 9 2
 9 4 3 9 6 9 3 9 4 2 2 1 4 8 1 2 3 7 7 2 7 4 8 8 4 6]
[1 1 8 4 3 4 2 5 9 7 4 2 9 1 9 6 2 5 3 5 9 6 2 1 6 9 3 6 2 8 8 6 1 1 3 3 5
 7 2 5 1 3 6 5 7 5 4 5 7 6 7 3 4 2 3 7 5 9 8 2 7 8 5 4 5 7 2 6 1 4 5 3 9 2
 9 4 3 9 6 9 3 9 4 2 2 1 4 8 1 2 3 7 7 2 7 4 8 8 4 6]
[18, 50, 50, 50, 50, 50, 18, 26, 50, 14, 21, 50, 50, 50, 38, 50, 50, 50, 50, 16, 26, 38, 50, 32, 12, 50, 50, 50, 13, 50, 45, 50, 50, 50, 29, 50, 46, 50, 50, 50, 29, 50, 45, 44, 50, 50, 20, 30, 50, 47, 28, 50, 50, 50, 50, 17, 48, 50, 22, 50, 38, 27, 50, 46, 21, 50, 39, 25, 27, 12, 13, 50, 46, 28, 47, 50, 25, 11, 20, 27, 50, 50, 50, 50, 42, 50, 50, 50, 50, 50, 28, 50, 14, 50, 50, 33, 38, 48, 50, 23]
[0 0 0 0 0 0 0 0 0 0 0 0 0 0 0 0 0 0 0 0 0 0 0 0 0 0 0 0 0 0 0 0 0 0 0 0 0
 0 0 0 0 0 0 0 0 0 0 0 0 0 0 0 0 0 0 0 0 0 0 0 0 0 0 0 0 0 0 0 0 0 0 0 0 0
 0 0 0 0 0 0 0 0 0 0 0 0 0 0 0 0 0 0 0 0 0 0 0 0 0 0]
[1 1 1 1 1 1 1 1 1 1 1 1 1 1 1 1 1 1 1 1 1 1 1 1 1 1 1 1 1 1 1 1 1 1 1 1 1
 1 1 1 1 1 1 1 1 1 1 1 1 1 1 1 1 1 1 1 1 1 1 1 1 1 1 1 1 1 1 1 1 1 1 1 1 1
 1 1 1 1 1 1 1 1 1 1 1 1 1 1 1 1 1 1 1 1 1 1 1 1 1 1]
