[ 0  1  2  3  4  5  6  7  8  9 10 11 12 13 14 15 16 17 18 19 20 21 22 23
 24 25 26 27 28 29 30 31 32 33 34 35 36 37 38 39 40 41 42 43 44 45 46 47
 48 49 50 51 52 53 54 55 56 57 58 59 60 61 62 63 64 65 66 67 68 69 70 71
 72 73 74 75 76 77 78 79 80 81 82 83 84 85 86 87 88 89 90 91 92 93 94 95
 96 97 98 99]
[69 -1 21 -1 -1 68 -1 75 -1 97 75 61 -1 87 39 82 -1 81 85 64 -1 42 -1 66
 -1 -1 -1 28  2 78 66 89 -1 65 19 91 94 36 51 64 90 26 69 21  7 99 51 64
 28 29 -1 15 45 -1 26 -1 -1 53  6 20 -1 16 48 67 91  5 -1 -1 -1 25 29 -1
 94 20 65 67 10 87 -1 95 -1 -1 95 -1 64 -1 -1 -1 85 61 -1 86 83 33 30 10
 88  8 97 34]
[1 0 0 1 0 0 0 0 0 0 1 1 1 0 0 0 0 1 0 1 0 0 1 0 1 1 1 0 0 1 0 1 0 1 1 0 1
 1 0 1 1 1 0 0 1 1 1 0 0 1 1 1 1 1 1 1 0 1 0 1 1 0 1 1 0 0 1 0 0 0 1 1 0 0
 1 1 1 1 1 1 1 0 0 1 0 0 0 1 1 1 0 1 0 1 0 0 0 1 1 0]
[2 2 0 4 0 0 4 0 2 0 0 4 2 0 0 1 3 4 0 0 0 0 1 0 0 2 3 0 3 0 4 0 3 4 0 3 4
 1 0 0 0 1 2 3 3 0 0 0 2 4 2 2 0 0 0 1 0 4 3 0 0 3 3 0 0 1 4 1 3 4 0 0 2 4
 0 0 0 0 0 1 0 0 0 0 0 0 1 2 0 3 4 4 0 0 4 0 4 0 4 3]
[2 2 0 4 0 0 4 0 2 0 0 4 2 0 0 1 3 4 0 0 0 0 1 0 0 2 3 0 3 0 4 0 3 4 0 3 4
 1 0 0 0 1 2 3 3 0 0 0 2 4 2 2 0 0 0 1 0 4 3 0 0 3 3 0 0 1 4 1 3 4 0 0 2 4
 0 0 0 0 0 1 0 0 0 0 0 0 1 2 0 3 4 4 0 0 4 0 4 0 4 3]
[2 7 3 1 5 5 7 5 6 9 7 1 4 3 2 4 6 3 8 3 3 1 4 4 6 6 1 3 6 5 5 1 8 5 8 3 9
 1 2 3 3 9 6 8 2 7 6 2 7 6 7 7 5 5 6 9 7 3 4 5 8 7 4 2 5 1 2 5 2 2 1 9 8 1
 3 8 6 5 3 2 6 1 2 3 2 3 5 1 3 2 4 3 1 1 8 4 1 9 2 1]
[2 7 3 1 5 5 7 5 6 9 7 1 4 3 2 4 6 3 8 3 3 1 4 4 6 6 1 3 6 5 5 1 8 5 8 3 9
 1 2 3 3 9 6 8 2 7 6 2 7 6 7 7 5 5 6 9 7 3 4 5 8 7 4 2 5 1 2 5 2 2 1 9 8 1
 3 8 6 5 3 2 6 1 2 3 2 3 5 1 3 2 4 3 1 1 8 4 1 9 2 1]
[50, 14, 26, 50, 18, 50, 50, 35, 18, 50, 35, 37, 50, 46, 28, 50, 18, 26, 40, 48, 50, 50, 50, 50, 50, 16, 19, 35, 44, 47, 50, 19, 50, 50, 50, 50, 50, 50, 24, 50, 20, 33, 50, 50, 50, 31, 50, 39, 15, 36, 18, 50, 14, 41, 50, 50, 50, 50, 38, 50, 49, 50, 46, 39, 50, 50, 50, 38, 39, 50, 50, 50, 50, 35, 40, 44, 36, 50, 32, 37, 26, 36, 50, 50, 38, 14, 50, 33, 33, 37, 50, 37, 19, 50, 22, 50, 48, 32, 20, 42]
[0 0 0 0 0 0 0 0 0 0 0 0 0 0 0 0 0 0 0 0 0 0 0 0 0 0 0 0 0 0 0 0 0 0 0 0 0
 0 0 0 0 0 0 0 0 0 0 0 0 0 0 0 0 0 0 0 0 0 0 0 0 0 0 0 0 0 0 0 0 0 0 0 0 0
 0 0 0 0 0 0 0 0 0 0 0 0 0 0 0 0 0 0 0 0 0 0 0 0 0 0]
[1 1 1 1 1 1 1 1 1 1 1 1 1 1 1 1 1 1 1 1 1 1 1 1 1 1 1 1 1 1 1 1 1 1 1 1 1
 1 1 1 1 1 1 1 1 1 1 1 1 1 1 1 1 1 1 1 1 1 1 1 1 1 1 1 1 1 1 1 1 1 1 1 1 1
 1 1 1 1 1 1 1 1 1 1 1 1 1 1 1 1 1 1 1 1 1 1 1 1 1 1]
