[ 0  1  2  3  4  5  6  7  8  9 10 11 12 13 14 15 16 17 18 19 20 21 22 23
 24 25 26 27 28 29 30 31 32 33 34 35 36 37 38 39 40 41 42 43 44 45 46 47
 48 49 50 51 52 53 54 55 56 57 58 59 60 61 62 63 64 65 66 67 68 69 70 71
 72 73 74 75 76 77 78 79 80 81 82 83 84 85 86 87 88 89 90 91 92 93 94 95
 96 97 98 99]
[17 -1 55 72 54 93 -1 38 82 91 -1 70 98 -1 69 -1 63 71 77 -1  6 14 43 -1
 -1 -1 40  0  2 -1 12 -1 -1 -1 27 -1 74 12 15 -1  6 71 87  4  1 64 18 13
 98 -1 81 -1 11 37  7 78 33 64 -1 28 88 60 63 70 46 23 72 82 90 -1 53 -1
 -1 -1 70 63 64 50 -1 -1 34 -1 37 12 58 99 25 -1 81 80 -1 -1 -1 60 24 -1
 58 59 -1  8]
[1 0 1 1 0 0 1 1 0 0 0 0 0 0 1 0 0 0 1 1 0 1 0 0 0 1 0 0 0 1 1 0 1 1 1 1 1
 1 1 1 1 1 1 1 1 1 0 0 0 1 1 0 0 1 1 0 1 0 1 1 1 0 1 0 0 1 0 0 0 1 0 0 0 0
 0 0 1 0 1 0 0 1 0 0 1 0 1 0 1 1 1 0 1 0 0 0 0 1 0 1]
[0 0 1 0 3 0 0 2 0 0 0 4 3 0 4 1 1 0 0 0 4 0 0 3 0 0 0 4 0 0 0 3 3 0 0 4 0
 2 2 0 3 1 0 0 0 0 0 3 0 0 0 0 0 3 4 0 1 3 2 3 3 0 0 2 0 0 0 4 1 0 0 4 0 0
 1 0 1 3 0 1 3 2 0 0 2 3 2 0 4 0 0 0 4 0 1 3 0 3 4 0]
[0 0 1 0 3 0 0 2 0 0 0 4 3 0 4 1 1 0 0 0 4 0 0 3 0 0 0 4 0 0 0 3 3 0 0 4 0
 2 2 0 3 1 0 0 0 0 0 3 0 0 0 0 0 3 4 0 1 3 2 3 3 0 0 2 0 0 0 4 1 0 0 4 0 0
 1 0 1 3 0 1 3 2 0 0 2 3 2 0 4 0 0 0 4 0 1 3 0 3 4 0]
[8 2 2 4 6 9 9 7 8 9 5 1 4 5 9 3 7 5 1 1 2 7 9 9 5 7 2 4 8 8 5 7 2 7 7 5 3
 4 3 8 8 6 3 4 9 8 4 1 3 8 2 6 9 8 8 6 2 7 7 4 3 7 6 2 1 9 6 9 1 4 2 8 5 5
 7 2 5 8 9 3 9 6 6 6 9 1 2 4 6 2 9 5 8 8 1 8 5 6 8 3]
[8 2 2 4 6 9 9 7 8 9 5 1 4 5 9 3 7 5 1 1 2 7 9 9 5 7 2 4 8 8 5 7 2 7 7 5 3
 4 3 8 8 6 3 4 9 8 4 1 3 8 2 6 9 8 8 6 2 7 7 4 3 7 6 2 1 9 6 9 1 4 2 8 5 5
 7 2 5 8 9 3 9 6 6 6 9 1 2 4 6 2 9 5 8 8 1 8 5 6 8 3]
[50, 27, 49, 50, 17, 43, 50, 50, 50, 26, 48, 50, 25, 50, 17, 27, 27, 49, 50, 15, 42, 50, 48, 50, 50, 50, 50, 50, 50, 30, 23, 50, 32, 50, 15, 50, 39, 50, 50, 50, 50, 32, 24, 50, 50, 50, 21, 22, 16, 48, 50, 30, 50, 50, 27, 23, 25, 50, 11, 27, 50, 49, 23, 37, 50, 23, 50, 38, 18, 24, 50, 50, 50, 50, 43, 39, 50, 48, 50, 50, 50, 50, 34, 34, 24, 50, 22, 38, 11, 44, 50, 50, 50, 31, 50, 31, 50, 50, 50, 34]
[0 0 0 0 0 0 0 0 0 0 0 0 0 0 0 0 0 0 0 0 0 0 0 0 0 0 0 0 0 0 0 0 0 0 0 0 0
 0 0 0 0 0 0 0 0 0 0 0 0 0 0 0 0 0 0 0 0 0 0 0 0 0 0 0 0 0 0 0 0 0 0 0 0 0
 0 0 0 0 0 0 0 0 0 0 0 0 0 0 0 0 0 0 0 0 0 0 0 0 0 0]
[1 1 1 1 1 1 1 1 1 1 1 1 1 1 1 1 1 1 1 1 1 1 1 1 1 1 1 1 1 1 1 1 1 1 1 1 1
 1 1 1 1 1 1 1 1 1 1 1 1 1 1 1 1 1 1 1 1 1 1 1 1 1 1 1 1 1 1 1 1 1 1 1 1 1
 1 1 1 1 1 1 1 1 1 1 1 1 1 1 1 1 1 1 1 1 1 1 1 1 1 1]
