[ 0  1  2  3  4  5  6  7  8  9 10 11 12 13 14 15 16 17 18 19 20 21 22 23
 24 25 26 27 28 29 30 31 32 33 34 35 36 37 38 39 40 41 42 43 44 45 46 47
 48 49 50 51 52 53 54 55 56 57 58 59 60 61 62 63 64 65 66 67 68 69 70 71
 72 73 74 75 76 77 78 79 80 81 82 83 84 85 86 87 88 89 90 91 92 93 94 95
 96 97 98 99]
[89 41 78 82 74 -1 -1 85 -1 -1 -1 -1 -1 -1 37 -1 75 53 43 77 -1 53 -1 16
 -1 99 -1 -1 -1 84 -1  9 40 -1 -1 12 -1 69 11 -1 75 -1 -1 -1 -1 -1 -1 75
 -1 57 -1 63 82 -1 13 67 -1 -1  0 -1 77 17 -1 99 47 -1 72 65 -1 -1  2 64
 25 69 -1 34 25 73 37 72 23 45  2 32 52 46 64 82 33 42  8 -1 52 70 -1 46
 -1 49 89 -1]
[1 1 0 0 0 0 0 1 0 0 0 1 1 1 1 0 1 1 1 1 0 1 0 1 0 0 0 1 0 1 0 1 0 0 0 1 1
 1 0 0 0 1 0 1 1 0 0 1 0 0 0 1 1 0 1 1 0 1 1 0 0 0 0 1 1 0 1 1 0 0 0 1 0 1
 1 0 1 0 0 0 1 0 0 1 0 0 0 1 1 1 0 1 1 1 0 1 1 1 1 0]
[4 0 2 0 1 0 0 4 0 4 2 0 2 3 0 0 0 3 1 3 0 1 4 4 2 2 0 0 2 3 2 3 2 2 0 3 4
 1 4 0 1 0 0 0 0 0 0 0 0 4 2 0 3 0 0 3 0 3 3 0 4 2 0 0 0 2 2 0 4 0 0 1 4 2
 0 0 0 1 0 2 0 0 0 0 0 4 0 0 4 4 0 1 0 4 2 0 4 1 0 0]
[4 0 2 0 1 0 0 4 0 4 2 0 2 3 0 0 0 3 1 3 0 1 4 4 2 2 0 0 2 3 2 3 2 2 0 3 4
 1 4 0 1 0 0 0 0 0 0 0 0 4 2 0 3 0 0 3 0 3 3 0 4 2 0 0 0 2 2 0 4 0 0 1 4 2
 0 0 0 1 0 2 0 0 0 0 0 4 0 0 4 4 0 1 0 4 2 0 4 1 0 0]
[1 5 6 6 7 2 3 5 9 7 8 6 5 4 8 6 5 1 2 6 3 7 8 3 4 3 5 6 3 3 5 8 8 3 4 5 1
 2 6 3 9 7 6 6 1 3 2 4 6 9 5 4 6 1 3 4 7 9 7 3 8 4 4 6 1 2 7 6 4 8 2 2 6 7
 7 1 4 4 3 7 8 4 2 2 2 5 1 9 3 5 6 7 2 9 3 7 1 1 2 5]
[1 5 6 6 7 2 3 5 9 7 8 6 5 4 8 6 5 1 2 6 3 7 8 3 4 3 5 6 3 3 5 8 8 3 4 5 1
 2 6 3 9 7 6 6 1 3 2 4 6 9 5 4 6 1 3 4 7 9 7 3 8 4 4 6 1 2 7 6 4 8 2 2 6 7
 7 1 4 4 3 7 8 4 2 2 2 5 1 9 3 5 6 7 2 9 3 7 1 1 2 5]
[50, 23, 16, 50, 38, 50, 50, 25, 38, 50, 50, 50, 50, 16, 45, 50, 35, 22, 50, 50, 27, 33, 49, 17, 46, 50, 42, 38, 33, 50, 50, 39, 50, 50, 11, 50, 50, 50, 42, 11, 50, 20, 50, 50, 14, 32, 50, 49, 17, 30, 21, 35, 50, 22, 50, 50, 19, 50, 50, 50, 50, 23, 50, 49, 34, 50, 50, 50, 50, 44, 50, 50, 37, 37, 50, 50, 17, 50, 50, 50, 12, 12, 25, 50, 50, 39, 10, 29, 48, 35, 50, 50, 50, 27, 50, 36, 43, 50, 38, 50]
[0 0 0 0 0 0 0 0 0 0 0 0 0 0 0 0 0 0 0 0 0 0 0 0 0 0 0 0 0 0 0 0 0 0 0 0 0
 0 0 0 0 0 0 0 0 0 0 0 0 0 0 0 0 0 0 0 0 0 0 0 0 0 0 0 0 0 0 0 0 0 0 0 0 0
 0 0 0 0 0 0 0 0 0 0 0 0 0 0 0 0 0 0 0 0 0 0 0 0 0 0]
[1 1 1 1 1 1 1 1 1 1 1 1 1 1 1 1 1 1 1 1 1 1 1 1 1 1 1 1 1 1 1 1 1 1 1 1 1
 1 1 1 1 1 1 1 1 1 1 1 1 1 1 1 1 1 1 1 1 1 1 1 1 1 1 1 1 1 1 1 1 1 1 1 1 1
 1 1 1 1 1 1 1 1 1 1 1 1 1 1 1 1 1 1 1 1 1 1 1 1 1 1]
