[ 0  1  2  3  4  5  6  7  8  9 10 11 12 13 14 15 16 17 18 19 20 21 22 23
 24 25 26 27 28 29 30 31 32 33 34 35 36 37 38 39 40 41 42 43 44 45 46 47
 48 49 50 51 52 53 54 55 56 57 58 59 60 61 62 63 64 65 66 67 68 69 70 71
 72 73 74 75 76 77 78 79 80 81 82 83 84 85 86 87 88 89 90 91 92 93 94 95
 96 97 98 99]
[87 -1 -1  0 73 -1 -1 -1 56 -1  4 13 -1 27 -1 -1 34 -1 82 -1  2 62 24 83
 32 32 -1 -1 -1 65 59  3 98 54 54 -1 55 -1 59 -1 94 44 -1 66 -1 59 -1 -1
 82 -1 27 76 34 28 93 11 77  0 38 98 -1 20 -1 33 60 57 17 25 84 -1 17 -1
 69 -1 95 94 37 81 74 89 36 -1 51 75 63 18 59 -1 81  6 17 53 38 57 14 47
 -1 48 23 68]
[1 1 1 1 1 0 0 1 0 0 0 1 1 0 1 0 0 1 1 0 0 0 1 0 0 0 0 0 0 1 1 0 1 0 0 0 1
 0 0 0 1 1 1 0 0 1 0 1 0 1 1 0 0 0 1 1 1 0 1 0 0 0 0 1 0 1 1 1 0 1 1 0 0 0
 1 0 0 0 1 0 0 1 1 0 0 0 0 0 1 0 0 1 0 1 0 1 0 0 1 1]
[0 0 0 0 1 2 0 0 0 0 0 3 1 1 0 0 3 1 0 2 0 2 0 2 4 3 0 0 0 2 2 0 0 4 1 3 0
 0 0 0 4 0 3 0 1 1 1 3 0 4 4 0 0 2 0 2 2 3 0 3 0 0 0 0 0 3 4 0 0 4 0 0 0 4
 0 0 2 0 3 2 3 0 0 1 0 2 0 1 0 0 1 3 0 0 4 3 1 1 0 4]
[0 0 0 0 1 2 0 0 0 0 0 3 1 1 0 0 3 1 0 2 0 2 0 2 4 3 0 0 0 2 2 0 0 4 1 3 0
 0 0 0 4 0 3 0 1 1 1 3 0 4 4 0 0 2 0 2 2 3 0 3 0 0 0 0 0 3 4 0 0 4 0 0 0 4
 0 0 2 0 3 2 3 0 0 1 0 2 0 1 0 0 1 3 0 0 4 3 1 1 0 4]
[9 4 2 6 1 2 6 2 6 9 7 4 8 5 6 3 3 4 7 1 2 5 5 1 7 5 4 7 8 5 7 1 6 3 3 1 8
 4 1 5 1 5 5 6 8 4 2 8 5 2 7 2 7 3 2 3 3 6 5 3 2 9 3 4 1 2 9 8 7 1 5 9 9 9
 8 7 3 4 8 7 7 2 1 2 7 7 1 7 8 4 2 1 7 6 7 9 8 7 8 5]
[9 4 2 6 1 2 6 2 6 9 7 4 8 5 6 3 3 4 7 1 2 5 5 1 7 5 4 7 8 5 7 1 6 3 3 1 8
 4 1 5 1 5 5 6 8 4 2 8 5 2 7 2 7 3 2 3 3 6 5 3 2 9 3 4 1 2 9 8 7 1 5 9 9 9
 8 7 3 4 8 7 7 2 1 2 7 7 1 7 8 4 2 1 7 6 7 9 8 7 8 5]
[19, 50, 50, 25, 50, 39, 17, 21, 50, 50, 50, 50, 50, 18, 12, 21, 50, 36, 23, 50, 50, 50, 50, 50, 50, 50, 50, 50, 50, 50, 50, 50, 50, 12, 50, 10, 23, 50, 50, 45, 50, 12, 50, 50, 12, 50, 50, 50, 50, 50, 50, 50, 50, 50, 25, 50, 21, 38, 50, 29, 19, 15, 47, 50, 30, 50, 50, 50, 50, 34, 33, 50, 37, 12, 40, 50, 11, 50, 50, 39, 12, 50, 39, 50, 33, 50, 50, 49, 50, 23, 50, 41, 14, 13, 50, 50, 50, 43, 17, 41]
[0 0 0 0 0 0 0 0 0 0 0 0 0 0 0 0 0 0 0 0 0 0 0 0 0 0 0 0 0 0 0 0 0 0 0 0 0
 0 0 0 0 0 0 0 0 0 0 0 0 0 0 0 0 0 0 0 0 0 0 0 0 0 0 0 0 0 0 0 0 0 0 0 0 0
 0 0 0 0 0 0 0 0 0 0 0 0 0 0 0 0 0 0 0 0 0 0 0 0 0 0]
[1 1 1 1 1 1 1 1 1 1 1 1 1 1 1 1 1 1 1 1 1 1 1 1 1 1 1 1 1 1 1 1 1 1 1 1 1
 1 1 1 1 1 1 1 1 1 1 1 1 1 1 1 1 1 1 1 1 1 1 1 1 1 1 1 1 1 1 1 1 1 1 1 1 1
 1 1 1 1 1 1 1 1 1 1 1 1 1 1 1 1 1 1 1 1 1 1 1 1 1 1]
