[ 0  1  2  3  4  5  6  7  8  9 10 11 12 13 14 15 16 17 18 19 20 21 22 23
 24 25 26 27 28 29 30 31 32 33 34 35 36 37 38 39 40 41 42 43 44 45 46 47
 48 49 50 51 52 53 54 55 56 57 58 59 60 61 62 63 64 65 66 67 68 69 70 71
 72 73 74 75 76 77 78 79 80 81 82 83 84 85 86 87 88 89 90 91 92 93 94 95
 96 97 98 99]
[43 -1 -1 85 61 28 78 50 -1 28 90 -1 -1 14  7 54 14 -1 -1 44 39 -1 43 96
 -1 15 14 90 90 22 -1 47 82 -1 60 93 -1  9 81 98 58 -1  0 99 99 44 -1 20
 -1 -1 -1 -1 81 29 66 -1 82 97 34 20 25 67 57 -1 13 96 12  0 -1 64 71  4
 55 11 -1 60 59 84 15 36 -1 67 46 -1 24 95 -1 39 -1 -1 46 11 -1 16  2 -1
 -1 -1 -1 27]
[1 1 0 0 1 0 1 1 0 0 1 1 1 1 0 0 0 0 0 0 0 1 1 0 1 0 0 0 1 0 0 0 0 1 0 1 0
 0 1 0 0 0 0 0 0 0 0 1 0 0 1 1 1 1 0 1 0 1 0 1 1 1 1 0 1 1 1 1 1 0 1 0 1 0
 0 1 1 1 1 1 0 1 0 1 0 1 0 1 0 1 1 1 0 1 1 0 1 0 1 0]
[2 2 0 4 4 0 1 3 4 0 4 1 0 0 2 2 3 0 0 0 0 0 1 1 0 0 0 4 4 0 4 0 2 1 0 2 2
 0 2 4 0 2 2 0 0 4 0 4 0 0 3 0 0 3 0 4 0 1 4 0 2 3 4 3 3 0 0 0 3 4 0 3 3 1
 4 1 0 0 0 0 4 3 1 1 1 1 0 1 3 0 3 0 0 0 1 3 3 3 0 3]
[2 2 0 4 4 0 1 3 4 0 4 1 0 0 2 2 3 0 0 0 0 0 1 1 0 0 0 4 4 0 4 0 2 1 0 2 2
 0 2 4 0 2 2 0 0 4 0 4 0 0 3 0 0 3 0 4 0 1 4 0 2 3 4 3 3 0 0 0 3 4 0 3 3 1
 4 1 0 0 0 0 4 3 1 1 1 1 0 1 3 0 3 0 0 0 1 3 3 3 0 3]
[2 9 6 9 2 8 5 8 6 5 7 6 2 7 3 6 6 7 7 7 8 2 2 3 9 6 3 4 1 2 7 4 3 9 2 7 3
 1 1 4 9 7 1 1 3 6 6 6 3 9 3 9 1 5 6 1 5 9 4 4 3 4 4 5 6 7 6 9 3 1 4 4 7 4
 6 1 4 3 8 4 9 8 4 7 8 7 4 3 1 6 8 1 4 6 4 6 4 6 6 5]
[2 9 6 9 2 8 5 8 6 5 7 6 2 7 3 6 6 7 7 7 8 2 2 3 9 6 3 4 1 2 7 4 3 9 2 7 3
 1 1 4 9 7 1 1 3 6 6 6 3 9 3 9 1 5 6 1 5 9 4 4 3 4 4 5 6 7 6 9 3 1 4 4 7 4
 6 1 4 3 8 4 9 8 4 7 8 7 4 3 1 6 8 1 4 6 4 6 4 6 6 5]
[22, 50, 46, 45, 36, 50, 50, 39, 33, 14, 50, 50, 50, 50, 29, 34, 50, 32, 48, 50, 50, 10, 50, 50, 14, 19, 50, 50, 50, 20, 50, 31, 46, 50, 17, 48, 50, 50, 50, 42, 45, 42, 50, 50, 34, 50, 50, 33, 50, 50, 26, 20, 23, 21, 33, 50, 12, 49, 50, 50, 50, 50, 35, 50, 23, 21, 18, 50, 50, 50, 50, 39, 50, 45, 16, 15, 50, 42, 13, 50, 50, 50, 50, 50, 33, 37, 50, 31, 50, 50, 50, 28, 16, 50, 50, 20, 50, 30, 50, 25]
[0 0 0 0 0 0 0 0 0 0 0 0 0 0 0 0 0 0 0 0 0 0 0 0 0 0 0 0 0 0 0 0 0 0 0 0 0
 0 0 0 0 0 0 0 0 0 0 0 0 0 0 0 0 0 0 0 0 0 0 0 0 0 0 0 0 0 0 0 0 0 0 0 0 0
 0 0 0 0 0 0 0 0 0 0 0 0 0 0 0 0 0 0 0 0 0 0 0 0 0 0]
[1 1 1 1 1 1 1 1 1 1 1 1 1 1 1 1 1 1 1 1 1 1 1 1 1 1 1 1 1 1 1 1 1 1 1 1 1
 1 1 1 1 1 1 1 1 1 1 1 1 1 1 1 1 1 1 1 1 1 1 1 1 1 1 1 1 1 1 1 1 1 1 1 1 1
 1 1 1 1 1 1 1 1 1 1 1 1 1 1 1 1 1 1 1 1 1 1 1 1 1 1]
