[ 0  1  2  3  4  5  6  7  8  9 10 11 12 13 14 15 16 17 18 19 20 21 22 23
 24 25 26 27 28 29 30 31 32 33 34 35 36 37 38 39 40 41 42 43 44 45 46 47
 48 49 50 51 52 53 54 55 56 57 58 59 60 61 62 63 64 65 66 67 68 69 70 71
 72 73 74 75 76 77 78 79 80 81 82 83 84 85 86 87 88 89 90 91 92 93 94 95
 96 97 98 99]
[40 13 -1  4 -1 -1 89 -1 -1  6 52 87 92 -1  8 49 88 38 -1 -1 -1 75 68 30
  1 64 72 44 47 80 -1 97 -1 89 13 -1 66 83 97 44 48 94 66 37 23 -1 -1 37
 -1 69 90 -1  2 -1 43 -1 95 12 -1 -1 48 83 59  8 47 22 68 21 78 58 40 -1
 81 83 50 92 97 33 -1 -1 -1 52  3 10 38 17 -1 -1 90 59 14 12 -1  8 -1 44
 56 20 -1 -1]
[0 0 1 1 1 1 1 0 1 0 1 1 1 0 1 0 0 1 0 0 0 0 1 0 0 1 1 1 1 0 0 1 0 0 0 0 0
 0 1 0 1 1 1 1 0 1 1 0 0 0 0 0 0 0 1 0 0 1 0 0 1 0 1 0 0 0 0 1 0 0 1 0 0 0
 1 0 1 0 1 1 1 1 1 1 1 1 1 0 0 0 0 1 0 1 0 0 1 0 1 0]
[2 3 0 0 0 0 4 3 0 0 4 0 0 2 0 4 0 0 0 4 0 0 1 3 0 0 1 0 0 0 4 0 4 2 4 0 4
 4 1 3 0 1 0 2 0 0 0 0 0 0 1 4 0 1 0 0 0 0 0 0 0 0 1 3 3 3 3 0 0 0 0 4 3 0
 2 0 1 0 4 4 1 0 3 1 0 1 0 1 1 1 2 3 2 0 4 3 3 0 0 0]
[2 3 0 0 0 0 4 3 0 0 4 0 0 2 0 4 0 0 0 4 0 0 1 3 0 0 1 0 0 0 4 0 4 2 4 0 4
 4 1 3 0 1 0 2 0 0 0 0 0 0 1 4 0 1 0 0 0 0 0 0 0 0 1 3 3 3 3 0 0 0 0 4 3 0
 2 0 1 0 4 4 1 0 3 1 0 1 0 1 1 1 2 3 2 0 4 3 3 0 0 0]
[6 4 2 1 7 9 3 6 3 7 7 6 4 5 2 5 3 3 7 9 9 8 4 1 5 9 7 6 2 8 9 8 9 9 9 2 2
 2 4 9 3 6 9 2 8 7 3 1 5 7 4 2 5 3 8 4 5 4 4 8 5 4 9 7 4 4 4 7 2 8 2 8 3 6
 8 3 2 1 7 5 4 1 6 4 9 3 3 6 5 1 7 9 3 5 6 8 4 7 2 5]
[6 4 2 1 7 9 3 6 3 7 7 6 4 5 2 5 3 3 7 9 9 8 4 1 5 9 7 6 2 8 9 8 9 9 9 2 2
 2 4 9 3 6 9 2 8 7 3 1 5 7 4 2 5 3 8 4 5 4 4 8 5 4 9 7 4 4 4 7 2 8 2 8 3 6
 8 3 2 1 7 5 4 1 6 4 9 3 3 6 5 1 7 9 3 5 6 8 4 7 2 5]
[45, 50, 45, 50, 50, 48, 28, 41, 13, 50, 25, 18, 14, 50, 50, 35, 44, 45, 50, 50, 47, 39, 50, 30, 47, 50, 50, 34, 50, 50, 39, 32, 44, 50, 50, 47, 40, 28, 50, 23, 49, 34, 43, 37, 19, 34, 30, 15, 26, 43, 50, 27, 50, 50, 34, 50, 50, 44, 50, 50, 50, 35, 50, 45, 13, 33, 50, 50, 40, 48, 50, 42, 50, 50, 21, 26, 13, 50, 47, 39, 22, 32, 34, 50, 41, 50, 17, 50, 50, 26, 50, 15, 50, 45, 45, 15, 31, 50, 39, 50]
[0 0 0 0 0 0 0 0 0 0 0 0 0 0 0 0 0 0 0 0 0 0 0 0 0 0 0 0 0 0 0 0 0 0 0 0 0
 0 0 0 0 0 0 0 0 0 0 0 0 0 0 0 0 0 0 0 0 0 0 0 0 0 0 0 0 0 0 0 0 0 0 0 0 0
 0 0 0 0 0 0 0 0 0 0 0 0 0 0 0 0 0 0 0 0 0 0 0 0 0 0]
[1 1 1 1 1 1 1 1 1 1 1 1 1 1 1 1 1 1 1 1 1 1 1 1 1 1 1 1 1 1 1 1 1 1 1 1 1
 1 1 1 1 1 1 1 1 1 1 1 1 1 1 1 1 1 1 1 1 1 1 1 1 1 1 1 1 1 1 1 1 1 1 1 1 1
 1 1 1 1 1 1 1 1 1 1 1 1 1 1 1 1 1 1 1 1 1 1 1 1 1 1]
