[ 0  1  2  3  4  5  6  7  8  9 10 11 12 13 14 15 16 17 18 19 20 21 22 23
 24 25 26 27 28 29 30 31 32 33 34 35 36 37 38 39 40 41 42 43 44 45 46 47
 48 49 50 51 52 53 54 55 56 57 58 59 60 61 62 63 64 65 66 67 68 69 70 71
 72 73 74 75 76 77 78 79 80 81 82 83 84 85 86 87 88 89 90 91 92 93 94 95
 96 97 98 99]
[ 9 60 -1 83 32 52 29 55 98 67 53 31 -1 62 -1 -1 94 62 11 -1 67 89 78 21
 -1 27  7 59 15 38 68  8 61 59 -1 75 60 30 -1 20 46 25 63 -1 76 -1 68 44
 43 -1 -1 95 70 48 81 72 -1 -1 -1 17 94 69 76 20 76 -1 -1 96 31  2 71 -1
 98  9 45 -1 86 60 -1  1 60 -1 -1 49 12 -1 -1 -1 60 64 73 14 -1 91 76 11
 33 56 -1 20]
[1 0 0 0 0 0 0 1 0 1 1 1 1 1 1 1 0 1 1 1 0 0 0 0 1 1 0 1 1 0 1 0 1 0 1 1 1
 1 0 0 1 1 1 0 1 1 0 1 1 1 0 0 0 0 1 0 1 1 0 1 0 1 0 0 0 1 0 1 1 1 0 1 0 0
 1 0 1 0 1 0 0 1 1 0 1 1 1 1 1 1 1 0 1 0 0 1 0 1 0 1]
[4 3 0 0 0 2 0 0 0 3 0 0 0 0 0 4 1 2 0 0 1 1 0 0 2 0 0 3 0 0 3 0 0 0 2 0 0
 0 3 4 0 2 0 0 4 3 3 1 1 0 0 2 0 0 2 1 3 0 2 0 3 0 1 4 4 0 0 4 2 0 1 3 3 4
 4 0 1 1 0 2 0 2 0 0 2 3 4 4 0 3 3 0 0 2 4 0 0 0 2 4]
[4 3 0 0 0 2 0 0 0 3 0 0 0 0 0 4 1 2 0 0 1 1 0 0 2 0 0 3 0 0 3 0 0 0 2 0 0
 0 3 4 0 2 0 0 4 3 3 1 1 0 0 2 0 0 2 1 3 0 2 0 3 0 1 4 4 0 0 4 2 0 1 3 3 4
 4 0 1 1 0 2 0 2 0 0 2 3 4 4 0 3 3 0 0 2 4 0 0 0 2 4]
[2 5 3 2 4 4 3 9 3 2 1 4 7 7 9 1 3 6 1 1 6 3 9 4 5 3 6 9 2 2 6 1 2 9 9 3 6
 6 6 4 1 7 2 7 3 2 8 4 2 5 6 9 3 7 5 4 1 3 1 8 3 4 6 8 9 2 7 8 4 5 3 9 8 6
 4 4 8 2 8 3 7 1 3 6 8 5 8 4 5 1 1 2 4 4 1 8 2 8 9 8]
[2 5 3 2 4 4 3 9 3 2 1 4 7 7 9 1 3 6 1 1 6 3 9 4 5 3 6 9 2 2 6 1 2 9 9 3 6
 6 6 4 1 7 2 7 3 2 8 4 2 5 6 9 3 7 5 4 1 3 1 8 3 4 6 8 9 2 7 8 4 5 3 9 8 6
 4 4 8 2 8 3 7 1 3 6 8 5 8 4 5 1 1 2 4 4 1 8 2 8 9 8]
[30, 40, 20, 50, 29, 50, 30, 12, 50, 43, 50, 23, 47, 50, 34, 48, 50, 50, 16, 29, 37, 50, 50, 50, 50, 50, 50, 50, 36, 33, 50, 50, 42, 47, 49, 21, 36, 27, 50, 50, 50, 50, 25, 34, 50, 46, 50, 47, 50, 24, 43, 50, 26, 22, 13, 50, 50, 49, 32, 50, 44, 50, 24, 36, 12, 50, 50, 41, 21, 19, 32, 50, 39, 50, 26, 35, 50, 50, 46, 13, 50, 48, 47, 41, 19, 50, 11, 50, 48, 50, 20, 11, 50, 50, 50, 50, 50, 50, 50, 27]
[0 0 0 0 0 0 0 0 0 0 0 0 0 0 0 0 0 0 0 0 0 0 0 0 0 0 0 0 0 0 0 0 0 0 0 0 0
 0 0 0 0 0 0 0 0 0 0 0 0 0 0 0 0 0 0 0 0 0 0 0 0 0 0 0 0 0 0 0 0 0 0 0 0 0
 0 0 0 0 0 0 0 0 0 0 0 0 0 0 0 0 0 0 0 0 0 0 0 0 0 0]
[1 1 1 1 1 1 1 1 1 1 1 1 1 1 1 1 1 1 1 1 1 1 1 1 1 1 1 1 1 1 1 1 1 1 1 1 1
 1 1 1 1 1 1 1 1 1 1 1 1 1 1 1 1 1 1 1 1 1 1 1 1 1 1 1 1 1 1 1 1 1 1 1 1 1
 1 1 1 1 1 1 1 1 1 1 1 1 1 1 1 1 1 1 1 1 1 1 1 1 1 1]
