[ 0  1  2  3  4  5  6  7  8  9 10 11 12 13 14 15 16 17 18 19 20 21 22 23
 24 25 26 27 28 29 30 31 32 33 34 35 36 37 38 39 40 41 42 43 44 45 46 47
 48 49 50 51 52 53 54 55 56 57 58 59 60 61 62 63 64 65 66 67 68 69 70 71
 72 73 74 75 76 77 78 79 80 81 82 83 84 85 86 87 88 89 90 91 92 93 94 95
 96 97 98 99]
[56 61 78 92 20 87 -1 -1 74 -1  6 -1 -1 48 57 49 95 -1 -1 92 21 45 -1 -1
 26 44 48 -1  5 96 -1 60 -1 -1 -1 53 -1 -1 -1 49 -1 -1 -1 53 59 -1 24  2
  2 17 11 17 34 -1 21 80 27 -1 82 54 -1 82 64 57 66 -1 93 70  3 -1 41 54
 74 -1 56 92 65 70 -1 -1  3 67 -1  3 43 75 51 70 18 78 15 41 -1 -1 52 98
 72  9 -1 -1]
[0 0 0 1 0 0 1 0 0 1 0 0 0 0 1 0 1 0 1 0 0 0 1 1 1 0 1 0 1 0 1 1 0 1 1 0 1
 1 1 1 0 1 1 0 1 0 0 1 1 1 0 1 1 1 1 0 0 0 0 0 0 0 0 0 1 0 0 0 0 1 1 0 1 1
 1 0 1 1 1 1 1 0 0 1 0 1 1 0 1 0 0 0 0 1 0 1 1 0 1 1]
[0 0 0 4 0 0 0 0 2 1 3 0 3 0 1 0 2 0 0 0 0 2 1 4 0 2 0 0 4 4 0 3 4 0 0 1 3
 0 0 1 0 4 2 3 3 0 0 4 1 0 1 3 3 1 0 2 3 4 0 0 2 3 0 3 0 4 3 0 4 1 4 0 3 1
 2 0 0 0 2 0 0 0 0 3 0 4 4 2 1 1 0 0 1 2 0 4 0 4 0 2]
[0 0 0 4 0 0 0 0 2 1 3 0 3 0 1 0 2 0 0 0 0 2 1 4 0 2 0 0 4 4 0 3 4 0 0 1 3
 0 0 1 0 4 2 3 3 0 0 4 1 0 1 3 3 1 0 2 3 4 0 0 2 3 0 3 0 4 3 0 4 1 4 0 3 1
 2 0 0 0 2 0 0 0 0 3 0 4 4 2 1 1 0 0 1 2 0 4 0 4 0 2]
[2 6 8 3 2 1 4 8 6 4 2 5 7 4 5 7 6 3 2 7 1 3 3 7 2 3 6 9 1 8 7 2 2 6 7 1 1
 2 4 8 6 2 4 7 7 3 7 4 7 2 6 6 7 7 3 5 3 9 7 8 6 3 9 2 2 1 5 5 5 4 6 7 3 2
 3 5 2 5 8 9 6 1 4 3 3 3 9 1 8 2 6 6 5 3 4 8 7 6 1 7]
[2 6 8 3 2 1 4 8 6 4 2 5 7 4 5 7 6 3 2 7 1 3 3 7 2 3 6 9 1 8 7 2 2 6 7 1 1
 2 4 8 6 2 4 7 7 3 7 4 7 2 6 6 7 7 3 5 3 9 7 8 6 3 9 2 2 1 5 5 5 4 6 7 3 2
 3 5 2 5 8 9 6 1 4 3 3 3 9 1 8 2 6 6 5 3 4 8 7 6 1 7]
[32, 50, 19, 49, 38, 15, 50, 50, 18, 11, 40, 50, 34, 50, 41, 36, 50, 50, 16, 50, 32, 23, 50, 50, 37, 50, 20, 20, 36, 50, 22, 46, 19, 22, 50, 36, 50, 50, 50, 50, 50, 50, 50, 42, 50, 50, 50, 50, 50, 50, 32, 50, 46, 22, 50, 30, 35, 45, 50, 43, 35, 50, 50, 50, 15, 50, 50, 29, 36, 50, 23, 18, 36, 25, 28, 22, 28, 50, 50, 33, 24, 41, 50, 50, 46, 28, 50, 50, 50, 24, 26, 50, 50, 50, 50, 50, 38, 38, 50, 50]
[0 0 0 0 0 0 0 0 0 0 0 0 0 0 0 0 0 0 0 0 0 0 0 0 0 0 0 0 0 0 0 0 0 0 0 0 0
 0 0 0 0 0 0 0 0 0 0 0 0 0 0 0 0 0 0 0 0 0 0 0 0 0 0 0 0 0 0 0 0 0 0 0 0 0
 0 0 0 0 0 0 0 0 0 0 0 0 0 0 0 0 0 0 0 0 0 0 0 0 0 0]
[1 1 1 1 1 1 1 1 1 1 1 1 1 1 1 1 1 1 1 1 1 1 1 1 1 1 1 1 1 1 1 1 1 1 1 1 1
 1 1 1 1 1 1 1 1 1 1 1 1 1 1 1 1 1 1 1 1 1 1 1 1 1 1 1 1 1 1 1 1 1 1 1 1 1
 1 1 1 1 1 1 1 1 1 1 1 1 1 1 1 1 1 1 1 1 1 1 1 1 1 1]
