[ 0  1  2  3  4  5  6  7  8  9 10 11 12 13 14 15 16 17 18 19 20 21 22 23
 24 25 26 27 28 29 30 31 32 33 34 35 36 37 38 39 40 41 42 43 44 45 46 47
 48 49 50 51 52 53 54 55 56 57 58 59 60 61 62 63 64 65 66 67 68 69 70 71
 72 73 74 75 76 77 78 79 80 81 82 83 84 85 86 87 88 89 90 91 92 93 94 95
 96 97 98 99]
[14 92 -1 35 73 46 99 80 -1 12 -1 -1 -1 11 -1 -1 -1 -1 89 -1 39 86 89 -1
 94 40 -1 77 27 18 63 14 88  2 -1 26 -1 91 -1 42 -1 47 -1 -1 -1 76 93 34
 67 -1 -1 34 37 87  8 12  3 83 24 75 84 -1 42 98 50 83 47  6  8 48 99 77
 -1 -1 -1 97 55  6 -1 41 94 65 -1 -1 -1 -1 56 -1 35 -1 -1 -1 -1 -1 93 32
  5 51 17 62]
[0 1 1 1 1 1 0 1 0 0 1 1 0 1 0 1 0 0 1 0 0 1 1 0 0 0 1 0 1 1 0 1 1 1 0 1 1
 1 0 1 1 1 1 1 1 0 1 0 0 1 0 1 0 1 1 1 0 1 1 0 1 0 1 0 0 1 1 1 0 1 0 0 1 1
 1 1 0 0 1 0 1 1 1 1 0 0 1 1 1 1 0 0 1 1 1 1 1 1 0 1]
[4 4 0 0 0 0 4 1 0 1 2 3 3 2 4 0 4 0 2 4 0 3 1 3 3 4 4 2 0 2 0 1 0 1 0 0 2
 0 3 0 0 0 0 1 2 1 3 2 2 3 0 4 0 4 2 3 0 0 0 0 0 4 3 0 4 0 0 1 4 0 2 0 0 2
 0 4 0 0 3 0 0 0 4 0 1 3 0 2 0 0 3 0 4 0 0 2 0 0 3 4]
[4 4 0 0 0 0 4 1 0 1 2 3 3 2 4 0 4 0 2 4 0 3 1 3 3 4 4 2 0 2 0 1 0 1 0 0 2
 0 3 0 0 0 0 1 2 1 3 2 2 3 0 4 0 4 2 3 0 0 0 0 0 4 3 0 4 0 0 1 4 0 2 0 0 2
 0 4 0 0 3 0 0 0 4 0 1 3 0 2 0 0 3 0 4 0 0 2 0 0 3 4]
[3 8 2 3 5 3 6 4 4 7 4 7 2 6 6 3 2 6 5 3 6 3 2 6 5 6 2 1 7 8 9 7 7 1 2 2 4
 1 8 7 9 1 6 6 2 1 2 3 7 9 2 3 8 8 5 9 7 7 5 6 6 2 6 5 8 5 5 5 3 5 8 4 4 8
 9 4 7 4 2 2 4 2 4 1 4 8 5 5 9 2 5 5 7 9 6 6 2 6 4 5]
[3 8 2 3 5 3 6 4 4 7 4 7 2 6 6 3 2 6 5 3 6 3 2 6 5 6 2 1 7 8 9 7 7 1 2 2 4
 1 8 7 9 1 6 6 2 1 2 3 7 9 2 3 8 8 5 9 7 7 5 6 6 2 6 5 8 5 5 5 3 5 8 4 4 8
 9 4 7 4 2 2 4 2 4 1 4 8 5 5 9 2 5 5 7 9 6 6 2 6 4 5]
[25, 10, 50, 34, 50, 50, 50, 32, 50, 50, 42, 50, 11, 50, 50, 50, 18, 28, 17, 50, 50, 50, 50, 50, 39, 50, 50, 31, 10, 39, 50, 50, 50, 21, 21, 49, 14, 41, 50, 50, 50, 42, 50, 50, 17, 50, 50, 43, 50, 33, 50, 26, 50, 28, 50, 50, 50, 43, 50, 12, 50, 50, 50, 19, 42, 43, 50, 50, 41, 32, 50, 26, 23, 14, 29, 33, 33, 33, 50, 50, 50, 13, 50, 50, 32, 34, 50, 17, 43, 11, 50, 42, 50, 50, 49, 50, 50, 50, 21, 44]
[0 0 0 0 0 0 0 0 0 0 0 0 0 0 0 0 0 0 0 0 0 0 0 0 0 0 0 0 0 0 0 0 0 0 0 0 0
 0 0 0 0 0 0 0 0 0 0 0 0 0 0 0 0 0 0 0 0 0 0 0 0 0 0 0 0 0 0 0 0 0 0 0 0 0
 0 0 0 0 0 0 0 0 0 0 0 0 0 0 0 0 0 0 0 0 0 0 0 0 0 0]
[1 1 1 1 1 1 1 1 1 1 1 1 1 1 1 1 1 1 1 1 1 1 1 1 1 1 1 1 1 1 1 1 1 1 1 1 1
 1 1 1 1 1 1 1 1 1 1 1 1 1 1 1 1 1 1 1 1 1 1 1 1 1 1 1 1 1 1 1 1 1 1 1 1 1
 1 1 1 1 1 1 1 1 1 1 1 1 1 1 1 1 1 1 1 1 1 1 1 1 1 1]
