[ 0  1  2  3  4  5  6  7  8  9 10 11 12 13 14 15 16 17 18 19 20 21 22 23
 24 25 26 27 28 29 30 31 32 33 34 35 36 37 38 39 40 41 42 43 44 45 46 47
 48 49 50 51 52 53 54 55 56 57 58 59 60 61 62 63 64 65 66 67 68 69 70 71
 72 73 74 75 76 77 78 79 80 81 82 83 84 85 86 87 88 89 90 91 92 93 94 95
 96 97 98 99]
[43 11 68 -1 61 15 77 31 15 73 -1 33 -1 15 96 66 55 57 -1 89 -1 78 43  6
 -1 -1 11 -1 83 33 87 30  4 98 27 45 85 -1 22 -1 93 71 14 -1 -1  8 -1 78
 -1 -1 -1  2 28 84 99 38 51 86 16 45 10 -1 27 -1 58 -1 73 62 84 44 44 79
 -1 -1 84 43 -1 35 75 35 33 -1 -1 -1 39 14 79 46 52 60 36 77 37 29 20 39
 45 55 64 -1]
[1 0 1 0 1 1 0 1 0 0 0 0 1 0 0 1 1 1 1 1 0 1 1 1 1 0 0 0 0 1 0 0 1 0 0 1 0
 1 0 0 0 0 0 0 0 0 0 1 1 0 1 0 1 1 1 1 0 0 1 1 1 0 0 1 1 1 0 0 0 0 1 0 0 1
 1 1 0 1 0 0 0 0 0 0 1 1 0 0 1 1 1 0 1 0 0 0 0 0 0 0]
[0 0 0 3 0 0 0 0 0 0 1 0 0 0 4 0 0 0 0 0 2 0 3 0 2 3 0 0 0 2 2 3 4 4 0 1 1
 2 2 2 0 2 3 2 0 4 0 0 0 1 0 0 0 0 4 0 3 0 0 0 0 0 3 0 0 3 3 3 0 4 0 2 0 0
 0 0 2 3 1 1 0 0 1 0 0 0 1 3 3 2 3 0 3 0 1 3 2 0 0 0]
[0 0 0 3 0 0 0 0 0 0 1 0 0 0 4 0 0 0 0 0 2 0 3 0 2 3 0 0 0 2 2 3 4 4 0 1 1
 2 2 2 0 2 3 2 0 4 0 0 0 1 0 0 0 0 4 0 3 0 0 0 0 0 3 0 0 3 3 3 0 4 0 2 0 0
 0 0 2 3 1 1 0 0 1 0 0 0 1 3 3 2 3 0 3 0 1 3 2 0 0 0]
[5 8 8 2 2 2 3 2 4 5 5 8 7 1 4 8 7 1 8 7 2 3 3 1 6 4 1 3 3 9 7 6 7 7 6 4 7
 4 3 4 8 3 5 3 1 9 5 8 5 6 5 9 7 6 9 5 6 5 7 3 8 4 7 6 6 9 3 3 9 1 5 8 4 4
 9 1 4 9 2 2 1 2 4 7 8 2 3 5 8 2 9 7 5 9 7 8 7 4 7 6]
[5 8 8 2 2 2 3 2 4 5 5 8 7 1 4 8 7 1 8 7 2 3 3 1 6 4 1 3 3 9 7 6 7 7 6 4 7
 4 3 4 8 3 5 3 1 9 5 8 5 6 5 9 7 6 9 5 6 5 7 3 8 4 7 6 6 9 3 3 9 1 5 8 4 4
 9 1 4 9 2 2 1 2 4 7 8 2 3 5 8 2 9 7 5 9 7 8 7 4 7 6]
[27, 50, 50, 20, 50, 21, 33, 29, 37, 23, 50, 50, 50, 15, 50, 29, 13, 50, 50, 50, 50, 11, 29, 44, 24, 50, 50, 13, 50, 50, 28, 50, 50, 50, 44, 33, 50, 11, 40, 13, 32, 50, 33, 40, 50, 24, 44, 27, 50, 48, 32, 50, 36, 11, 50, 50, 50, 50, 50, 43, 34, 24, 50, 33, 50, 50, 50, 50, 21, 50, 50, 50, 50, 24, 36, 50, 23, 48, 39, 50, 50, 50, 50, 22, 50, 44, 16, 50, 50, 50, 22, 50, 37, 50, 50, 47, 50, 50, 50, 23]
[0 0 0 0 0 0 0 0 0 0 0 0 0 0 0 0 0 0 0 0 0 0 0 0 0 0 0 0 0 0 0 0 0 0 0 0 0
 0 0 0 0 0 0 0 0 0 0 0 0 0 0 0 0 0 0 0 0 0 0 0 0 0 0 0 0 0 0 0 0 0 0 0 0 0
 0 0 0 0 0 0 0 0 0 0 0 0 0 0 0 0 0 0 0 0 0 0 0 0 0 0]
[1 1 1 1 1 1 1 1 1 1 1 1 1 1 1 1 1 1 1 1 1 1 1 1 1 1 1 1 1 1 1 1 1 1 1 1 1
 1 1 1 1 1 1 1 1 1 1 1 1 1 1 1 1 1 1 1 1 1 1 1 1 1 1 1 1 1 1 1 1 1 1 1 1 1
 1 1 1 1 1 1 1 1 1 1 1 1 1 1 1 1 1 1 1 1 1 1 1 1 1 1]
