[ 0  1  2  3  4  5  6  7  8  9 10 11 12 13 14 15 16 17 18 19 20 21 22 23
 24 25 26 27 28 29 30 31 32 33 34 35 36 37 38 39 40 41 42 43 44 45 46 47
 48 49 50 51 52 53 54 55 56 57 58 59 60 61 62 63 64 65 66 67 68 69 70 71
 72 73 74 75 76 77 78 79 80 81 82 83 84 85 86 87 88 89 90 91 92 93 94 95
 96 97 98 99]
[22 57 63 -1 -1  8 93 18  6 73 33 -1 47 -1 -1 44 -1 83 -1 50 98  3 -1 -1
 -1 34 -1 36 -1 70 -1 68 -1 59 54 93 45 31 -1 59 48 52  8 47 -1 -1 53 85
 -1 57 79 15 -1 88 36 77 64 25 97 -1 98 -1 48 -1  3 -1 93 93 82 -1 91 41
 -1 54 26 -1 68 -1 -1 -1 -1 82 -1 19 49 -1 -1 48  8 -1 -1 -1 72 80 49 -1
 -1  2 -1 60]
[0 0 0 0 0 0 1 1 1 0 0 1 1 1 1 1 1 1 0 0 1 1 1 1 1 1 1 1 1 0 1 0 0 1 0 1 0
 0 0 0 1 1 0 1 0 0 1 1 1 0 1 1 1 0 0 1 1 0 1 1 0 1 1 1 1 1 0 0 1 0 0 1 1 1
 0 0 1 1 0 0 0 0 0 1 1 1 1 0 0 0 0 0 0 0 0 1 1 1 1 0]
[0 3 4 0 0 2 0 1 0 0 1 0 0 1 0 3 4 0 1 0 0 0 0 1 0 0 3 0 0 1 3 4 4 4 0 4 4
 0 0 3 0 0 0 2 0 0 4 2 0 2 2 0 1 0 2 2 1 0 4 4 4 4 0 4 0 2 3 4 3 0 3 1 0 0
 0 0 4 0 1 0 1 0 0 4 0 1 3 3 2 2 4 0 3 4 4 0 0 0 2 1]
[0 3 4 0 0 2 0 1 0 0 1 0 0 1 0 3 4 0 1 0 0 0 0 1 0 0 3 0 0 1 3 4 4 4 0 4 4
 0 0 3 0 0 0 2 0 0 4 2 0 2 2 0 1 0 2 2 1 0 4 4 4 4 0 4 0 2 3 4 3 0 3 1 0 0
 0 0 4 0 1 0 1 0 0 4 0 1 3 3 2 2 4 0 3 4 4 0 0 0 2 1]
[6 8 4 6 9 6 1 8 4 1 3 5 1 2 4 9 7 4 5 4 8 5 2 5 4 5 5 9 8 7 6 1 9 2 8 5 6
 6 7 4 2 1 9 8 4 8 7 5 3 7 7 6 6 6 8 2 2 5 4 2 8 5 6 1 2 6 6 6 3 5 9 5 9 8
 9 5 5 1 4 6 5 9 2 4 4 8 4 4 9 9 9 7 9 4 7 1 2 3 8 4]
[6 8 4 6 9 6 1 8 4 1 3 5 1 2 4 9 7 4 5 4 8 5 2 5 4 5 5 9 8 7 6 1 9 2 8 5 6
 6 7 4 2 1 9 8 4 8 7 5 3 7 7 6 6 6 8 2 2 5 4 2 8 5 6 1 2 6 6 6 3 5 9 5 9 8
 9 5 5 1 4 6 5 9 2 4 4 8 4 4 9 9 9 7 9 4 7 1 2 3 8 4]
[50, 50, 25, 40, 14, 50, 46, 50, 50, 50, 40, 50, 50, 50, 14, 50, 50, 50, 50, 44, 26, 38, 32, 20, 50, 25, 50, 50, 50, 50, 14, 50, 40, 50, 24, 32, 24, 50, 34, 28, 34, 50, 23, 42, 48, 29, 50, 41, 50, 50, 46, 50, 50, 50, 50, 14, 18, 50, 34, 10, 50, 21, 50, 50, 33, 41, 50, 50, 50, 50, 50, 19, 39, 21, 42, 14, 50, 16, 50, 17, 50, 50, 50, 50, 25, 50, 50, 21, 50, 50, 38, 43, 50, 13, 50, 47, 50, 50, 13, 38]
[0 0 0 0 0 0 0 0 0 0 0 0 0 0 0 0 0 0 0 0 0 0 0 0 0 0 0 0 0 0 0 0 0 0 0 0 0
 0 0 0 0 0 0 0 0 0 0 0 0 0 0 0 0 0 0 0 0 0 0 0 0 0 0 0 0 0 0 0 0 0 0 0 0 0
 0 0 0 0 0 0 0 0 0 0 0 0 0 0 0 0 0 0 0 0 0 0 0 0 0 0]
[1 1 1 1 1 1 1 1 1 1 1 1 1 1 1 1 1 1 1 1 1 1 1 1 1 1 1 1 1 1 1 1 1 1 1 1 1
 1 1 1 1 1 1 1 1 1 1 1 1 1 1 1 1 1 1 1 1 1 1 1 1 1 1 1 1 1 1 1 1 1 1 1 1 1
 1 1 1 1 1 1 1 1 1 1 1 1 1 1 1 1 1 1 1 1 1 1 1 1 1 1]
