[ 0  1  2  3  4  5  6  7  8  9 10 11 12 13 14 15 16 17 18 19 20 21 22 23
 24 25 26 27 28 29 30 31 32 33 34 35 36 37 38 39 40 41 42 43 44 45 46 47
 48 49 50 51 52 53 54 55 56 57 58 59 60 61 62 63 64 65 66 67 68 69 70 71
 72 73 74 75 76 77 78 79 80 81 82 83 84 85 86 87 88 89 90 91 92 93 94 95
 96 97 98 99]
[59 -1 88  7 13 70 40 17 52 84 -1 34 -1 -1 -1 27 -1 94 -1 16 21 76 20 -1
 75 70 60 -1 65 78 14 -1 53 64 27 71 38 15 12 60 77 -1 -1 -1 -1 27 97 -1
 14 -1 90 -1 81 70 65 61 -1 59 39 51 -1 -1 26 -1 -1 56 -1 14 -1 21 66 20
 66 57 14 30 54 34 -1 -1 28 99 15 66 14 37 -1 93 -1 23 34 23 16 -1 24 -1
 25 93 -1 14]
[1 0 1 0 1 0 0 1 1 1 0 0 1 0 0 1 0 0 0 1 0 1 1 1 1 1 1 0 0 1 0 1 0 1 1 1 0
 0 0 0 1 0 0 1 0 1 1 1 0 0 0 1 1 0 0 0 0 0 0 0 0 1 0 1 1 0 1 1 0 1 1 0 0 1
 1 0 0 0 0 0 0 0 0 0 1 1 1 1 1 0 1 1 0 1 1 0 0 1 0 1]
[4 0 1 2 3 1 1 0 2 0 0 1 0 3 0 0 0 3 0 0 0 3 0 1 0 0 0 4 0 0 0 0 0 0 1 0 0
 1 0 1 3 0 0 0 0 0 1 1 2 1 0 0 0 2 0 0 1 0 3 1 2 0 4 0 0 0 3 0 1 1 0 0 2 3
 0 0 0 0 4 4 0 3 0 3 0 4 0 1 4 0 3 0 0 2 0 0 0 4 4 0]
[4 0 1 2 3 1 1 0 2 0 0 1 0 3 0 0 0 3 0 0 0 3 0 1 0 0 0 4 0 0 0 0 0 0 1 0 0
 1 0 1 3 0 0 0 0 0 1 1 2 1 0 0 0 2 0 0 1 0 3 1 2 0 4 0 0 0 3 0 1 1 0 0 2 3
 0 0 0 0 4 4 0 3 0 3 0 4 0 1 4 0 3 0 0 2 0 0 0 4 4 0]
[9 8 5 6 6 8 9 9 6 8 1 9 7 9 7 8 3 4 3 2 7 7 9 5 1 4 6 9 2 2 6 5 8 5 5 9 3
 6 7 3 4 9 6 1 3 8 1 2 8 2 2 5 9 7 6 6 2 8 8 3 5 8 7 8 7 6 9 7 2 9 6 8 9 4
 1 2 7 9 7 2 7 3 7 8 1 7 5 2 3 7 1 6 2 1 5 5 4 5 6 3]
[9 8 5 6 6 8 9 9 6 8 1 9 7 9 7 8 3 4 3 2 7 7 9 5 1 4 6 9 2 2 6 5 8 5 5 9 3
 6 7 3 4 9 6 1 3 8 1 2 8 2 2 5 9 7 6 6 2 8 8 3 5 8 7 8 7 6 9 7 2 9 6 8 9 4
 1 2 7 9 7 2 7 3 7 8 1 7 5 2 3 7 1 6 2 1 5 5 4 5 6 3]
[13, 50, 50, 31, 46, 43, 17, 50, 11, 31, 50, 38, 50, 50, 50, 15, 34, 50, 27, 15, 49, 50, 11, 50, 50, 50, 16, 50, 28, 36, 50, 37, 34, 50, 46, 50, 47, 50, 50, 20, 50, 50, 34, 50, 50, 50, 41, 37, 50, 16, 33, 35, 50, 40, 50, 50, 50, 50, 11, 19, 50, 22, 50, 50, 15, 19, 16, 45, 17, 50, 39, 46, 46, 50, 28, 50, 44, 39, 50, 50, 35, 50, 50, 50, 50, 48, 50, 50, 50, 50, 50, 50, 50, 10, 47, 11, 28, 46, 49, 39]
[0 0 0 0 0 0 0 0 0 0 0 0 0 0 0 0 0 0 0 0 0 0 0 0 0 0 0 0 0 0 0 0 0 0 0 0 0
 0 0 0 0 0 0 0 0 0 0 0 0 0 0 0 0 0 0 0 0 0 0 0 0 0 0 0 0 0 0 0 0 0 0 0 0 0
 0 0 0 0 0 0 0 0 0 0 0 0 0 0 0 0 0 0 0 0 0 0 0 0 0 0]
[1 1 1 1 1 1 1 1 1 1 1 1 1 1 1 1 1 1 1 1 1 1 1 1 1 1 1 1 1 1 1 1 1 1 1 1 1
 1 1 1 1 1 1 1 1 1 1 1 1 1 1 1 1 1 1 1 1 1 1 1 1 1 1 1 1 1 1 1 1 1 1 1 1 1
 1 1 1 1 1 1 1 1 1 1 1 1 1 1 1 1 1 1 1 1 1 1 1 1 1 1]
