[ 0  1  2  3  4  5  6  7  8  9 10 11 12 13 14 15 16 17 18 19 20 21 22 23
 24 25 26 27 28 29 30 31 32 33 34 35 36 37 38 39 40 41 42 43 44 45 46 47
 48 49 50 51 52 53 54 55 56 57 58 59 60 61 62 63 64 65 66 67 68 69 70 71
 72 73 74 75 76 77 78 79 80 81 82 83 84 85 86 87 88 89 90 91 92 93 94 95
 96 97 98 99]
[-1 66 -1 88 26 82 -1 32 27 80 -1 -1 72 95 57 97 75 64 24 68 36 -1  7 74
 94 62 65 -1 -1 -1 25 -1 -1 74 -1 61 98 72 34 17 -1 74 51 37 -1 95 89  3
 96 70 -1 36 98 69 -1 84 18  3 47 -1 -1 23 64 -1 89 -1 65 71 42 -1  2 -1
 50 83 76 -1 -1 -1 92 98 17 61 81 95 36 71 34 31 37 68 -1 55 10 -1 26 42
 -1 99 -1 -1]
[1 1 0 1 1 1 0 1 1 0 0 0 0 1 1 0 1 1 1 1 1 1 1 0 1 0 0 1 1 0 0 0 0 1 0 1 0
 1 1 1 0 0 0 1 1 0 1 0 0 0 0 0 1 0 0 0 1 0 0 0 1 0 1 0 1 0 1 1 0 0 1 0 1 0
 1 0 1 1 1 0 0 1 0 1 1 0 0 1 0 0 1 1 1 1 0 1 1 0 0 1]
[4 0 0 0 0 3 0 0 4 0 0 0 0 1 0 4 0 0 3 0 1 2 2 1 0 3 0 0 3 0 4 0 0 0 0 0 1
 4 0 3 0 0 0 0 0 4 1 2 4 0 0 4 4 3 1 2 0 3 4 2 2 0 0 0 2 4 0 4 1 2 2 2 0 2
 0 0 0 0 3 0 0 0 1 1 2 0 4 0 0 0 0 1 0 0 0 3 2 3 2 0]
[4 0 0 0 0 3 0 0 4 0 0 0 0 1 0 4 0 0 3 0 1 2 2 1 0 3 0 0 3 0 4 0 0 0 0 0 1
 4 0 3 0 0 0 0 0 4 1 2 4 0 0 4 4 3 1 2 0 3 4 2 2 0 0 0 2 4 0 4 1 2 2 2 0 2
 0 0 0 0 3 0 0 0 1 1 2 0 4 0 0 0 0 1 0 0 0 3 2 3 2 0]
[1 7 1 9 9 2 9 1 8 1 4 1 1 4 5 2 7 5 4 1 3 8 9 3 6 6 3 1 4 3 2 1 3 5 8 6 9
 5 6 8 6 4 7 6 4 9 6 5 5 3 9 1 4 3 9 4 7 9 9 9 6 4 2 7 9 5 3 2 4 1 3 6 5 7
 4 3 8 1 5 6 6 2 5 1 2 9 8 7 8 9 2 7 5 1 5 4 4 1 5 1]
[1 7 1 9 9 2 9 1 8 1 4 1 1 4 5 2 7 5 4 1 3 8 9 3 6 6 3 1 4 3 2 1 3 5 8 6 9
 5 6 8 6 4 7 6 4 9 6 5 5 3 9 1 4 3 9 4 7 9 9 9 6 4 2 7 9 5 3 2 4 1 3 6 5 7
 4 3 8 1 5 6 6 2 5 1 2 9 8 7 8 9 2 7 5 1 5 4 4 1 5 1]
[44, 26, 50, 21, 50, 12, 50, 50, 22, 50, 50, 50, 50, 50, 35, 50, 50, 24, 23, 50, 50, 50, 28, 50, 50, 10, 21, 50, 50, 50, 50, 50, 50, 48, 14, 27, 38, 25, 50, 50, 50, 21, 45, 43, 10, 29, 50, 50, 50, 50, 35, 32, 50, 29, 28, 31, 45, 50, 28, 50, 50, 50, 10, 50, 13, 50, 50, 33, 50, 50, 29, 50, 50, 18, 15, 50, 49, 15, 50, 27, 50, 50, 50, 50, 42, 24, 16, 20, 50, 32, 50, 46, 44, 50, 50, 50, 45, 32, 50, 46]
[0 0 0 0 0 0 0 0 0 0 0 0 0 0 0 0 0 0 0 0 0 0 0 0 0 0 0 0 0 0 0 0 0 0 0 0 0
 0 0 0 0 0 0 0 0 0 0 0 0 0 0 0 0 0 0 0 0 0 0 0 0 0 0 0 0 0 0 0 0 0 0 0 0 0
 0 0 0 0 0 0 0 0 0 0 0 0 0 0 0 0 0 0 0 0 0 0 0 0 0 0]
[1 1 1 1 1 1 1 1 1 1 1 1 1 1 1 1 1 1 1 1 1 1 1 1 1 1 1 1 1 1 1 1 1 1 1 1 1
 1 1 1 1 1 1 1 1 1 1 1 1 1 1 1 1 1 1 1 1 1 1 1 1 1 1 1 1 1 1 1 1 1 1 1 1 1
 1 1 1 1 1 1 1 1 1 1 1 1 1 1 1 1 1 1 1 1 1 1 1 1 1 1]
