[ 0  1  2  3  4  5  6  7  8  9 10 11 12 13 14 15 16 17 18 19 20 21 22 23
 24 25 26 27 28 29 30 31 32 33 34 35 36 37 38 39 40 41 42 43 44 45 46 47
 48 49 50 51 52 53 54 55 56 57 58 59 60 61 62 63 64 65 66 67 68 69 70 71
 72 73 74 75 76 77 78 79 80 81 82 83 84 85 86 87 88 89 90 91 92 93 94 95
 96 97 98 99]
[19 -1 85 -1 47 98 -1 18 75 14 75 99 76 -1 96 83 97 83 59 98 25 -1 89 -1
 -1 38 -1 57 -1 12 37 41 10 -1 -1 76 -1 -1 97 61  4 38 -1 61 -1 16 71 12
 77 -1  5 -1 29 23 -1 77 -1 66 27 48 54 76 -1 95 -1 -1 33 -1 79 33 -1 52
 68 83 13 -1  3 42 87 77 68 87 40 29 94 32 73 21 32 15 64 80 89 40 -1 -1
 -1 79 23 73]
[0 1 1 0 0 0 1 1 1 1 1 1 0 0 0 0 1 0 0 0 1 1 1 0 1 0 0 1 1 0 1 1 1 1 0 0 1
 1 1 1 0 0 0 0 0 1 1 0 1 1 0 0 0 1 0 0 0 1 1 1 0 0 0 1 1 1 1 0 0 1 0 0 0 1
 0 1 0 0 1 1 1 0 0 0 0 1 0 0 0 1 0 1 1 1 0 0 0 1 1 0]
[3 4 4 0 0 3 1 0 0 1 0 2 1 1 0 3 2 3 0 0 4 1 0 0 4 0 2 1 1 0 3 0 2 0 1 3 3
 1 4 1 3 2 0 0 0 1 0 0 0 4 0 4 0 2 0 0 0 4 2 0 3 0 3 0 4 2 3 0 0 1 0 4 3 4
 0 0 3 0 0 1 0 0 0 4 1 2 0 4 0 1 1 0 0 0 0 0 0 3 0 0]
[3 4 4 0 0 3 1 0 0 1 0 2 1 1 0 3 2 3 0 0 4 1 0 0 4 0 2 1 1 0 3 0 2 0 1 3 3
 1 4 1 3 2 0 0 0 1 0 0 0 4 0 4 0 2 0 0 0 4 2 0 3 0 3 0 4 2 3 0 0 1 0 4 3 4
 0 0 3 0 0 1 0 0 0 4 1 2 0 4 0 1 1 0 0 0 0 0 0 3 0 0]
[4 7 5 1 5 9 6 2 3 6 1 4 5 4 2 7 4 6 7 7 9 1 3 5 7 5 7 9 5 3 1 4 4 8 6 9 7
 9 4 4 3 3 9 3 1 7 8 9 4 3 5 8 3 6 5 7 6 3 1 8 1 3 8 7 3 5 1 6 7 3 5 7 1 4
 4 6 4 7 5 7 4 9 2 2 3 7 6 7 4 4 4 8 6 1 5 4 1 6 8 5]
[4 7 5 1 5 9 6 2 3 6 1 4 5 4 2 7 4 6 7 7 9 1 3 5 7 5 7 9 5 3 1 4 4 8 6 9 7
 9 4 4 3 3 9 3 1 7 8 9 4 3 5 8 3 6 5 7 6 3 1 8 1 3 8 7 3 5 1 6 7 3 5 7 1 4
 4 6 4 7 5 7 4 9 2 2 3 7 6 7 4 4 4 8 6 1 5 4 1 6 8 5]
[41, 50, 50, 50, 44, 50, 32, 50, 35, 37, 33, 45, 50, 25, 50, 50, 50, 37, 19, 50, 50, 40, 44, 49, 50, 50, 50, 50, 50, 50, 21, 50, 50, 50, 18, 50, 39, 22, 50, 50, 36, 50, 39, 50, 42, 50, 37, 50, 50, 50, 24, 47, 50, 50, 42, 14, 50, 50, 17, 50, 17, 48, 39, 50, 50, 29, 20, 17, 50, 35, 50, 50, 16, 47, 10, 18, 31, 22, 50, 50, 12, 36, 30, 23, 50, 50, 31, 49, 23, 15, 45, 50, 15, 44, 10, 50, 50, 50, 50, 39]
[0 0 0 0 0 0 0 0 0 0 0 0 0 0 0 0 0 0 0 0 0 0 0 0 0 0 0 0 0 0 0 0 0 0 0 0 0
 0 0 0 0 0 0 0 0 0 0 0 0 0 0 0 0 0 0 0 0 0 0 0 0 0 0 0 0 0 0 0 0 0 0 0 0 0
 0 0 0 0 0 0 0 0 0 0 0 0 0 0 0 0 0 0 0 0 0 0 0 0 0 0]
[1 1 1 1 1 1 1 1 1 1 1 1 1 1 1 1 1 1 1 1 1 1 1 1 1 1 1 1 1 1 1 1 1 1 1 1 1
 1 1 1 1 1 1 1 1 1 1 1 1 1 1 1 1 1 1 1 1 1 1 1 1 1 1 1 1 1 1 1 1 1 1 1 1 1
 1 1 1 1 1 1 1 1 1 1 1 1 1 1 1 1 1 1 1 1 1 1 1 1 1 1]
