[ 0  1  2  3  4  5  6  7  8  9 10 11 12 13 14 15 16 17 18 19 20 21 22 23
 24 25 26 27 28 29 30 31 32 33 34 35 36 37 38 39 40 41 42 43 44 45 46 47
 48 49 50 51 52 53 54 55 56 57 58 59 60 61 62 63 64 65 66 67 68 69 70 71
 72 73 74 75 76 77 78 79 80 81 82 83 84 85 86 87 88 89 90 91 92 93 94 95
 96 97 98 99]
[-1 34 -1 58 -1 -1 64  1 -1 22 -1 17 45 -1 20 -1 73 35 47 97 26 62 -1 54
 53 63 17 -1 -1 -1  4 82 74 85 17 -1 97 97  5  9 29 32 51 60 93  0 -1 72
 82 79  6 79 42 75 -1 65 78 -1 70 77 26 -1 95 13 -1 34 -1  9 17 27 35 81
 69 82 88 17 41 -1 33 -1 -1 73 25 47 19 -1 -1 23 94 67 -1 59 61 -1  8 94
 87 -1 19 11]
[1 1 0 1 0 1 1 0 0 0 0 0 1 0 1 1 1 1 1 1 1 1 0 1 1 1 1 0 1 0 0 0 0 1 1 0 0
 1 0 0 1 1 1 1 0 1 0 1 1 0 1 0 0 0 0 0 1 1 0 1 0 1 1 1 1 1 0 0 1 0 0 1 0 1
 0 0 0 0 1 1 1 1 1 0 1 0 0 1 1 1 0 0 1 0 1 0 1 1 0 1]
[4 0 0 0 2 0 0 0 0 3 0 0 3 1 2 0 3 0 0 2 1 3 4 1 0 0 1 1 2 1 2 2 3 0 0 0 4
 1 3 0 4 3 0 3 1 0 1 3 2 0 1 2 0 0 1 2 2 0 4 2 4 0 3 1 2 0 3 3 0 4 3 4 3 0
 0 0 3 3 0 0 0 3 0 0 1 0 0 3 0 0 0 0 0 4 0 0 1 3 4 3]
[4 0 0 0 2 0 0 0 0 3 0 0 3 1 2 0 3 0 0 2 1 3 4 1 0 0 1 1 2 1 2 2 3 0 0 0 4
 1 3 0 4 3 0 3 1 0 1 3 2 0 1 2 0 0 1 2 2 0 4 2 4 0 3 1 2 0 3 3 0 4 3 4 3 0
 0 0 3 3 0 0 0 3 0 0 1 0 0 3 0 0 0 0 0 4 0 0 1 3 4 3]
[3 3 5 6 7 7 5 3 3 3 1 2 8 8 4 7 8 1 1 9 3 3 7 9 3 2 7 3 7 5 7 9 3 9 9 8 2
 5 2 5 3 3 1 6 7 6 3 9 1 2 5 6 5 9 7 7 2 1 9 2 1 3 1 8 6 6 4 1 8 7 6 1 1 7
 2 1 7 1 2 2 4 4 8 4 4 9 4 5 7 8 5 3 1 3 4 1 7 6 1 1]
[3 3 5 6 7 7 5 3 3 3 1 2 8 8 4 7 8 1 1 9 3 3 7 9 3 2 7 3 7 5 7 9 3 9 9 8 2
 5 2 5 3 3 1 6 7 6 3 9 1 2 5 6 5 9 7 7 2 1 9 2 1 3 1 8 6 6 4 1 8 7 6 1 1 7
 2 1 7 1 2 2 4 4 8 4 4 9 4 5 7 8 5 3 1 3 4 1 7 6 1 1]
[40, 33, 50, 30, 50, 41, 50, 50, 22, 50, 48, 25, 11, 50, 50, 50, 50, 32, 50, 50, 23, 50, 12, 15, 50, 50, 18, 50, 50, 18, 50, 50, 50, 11, 26, 50, 12, 20, 50, 26, 21, 37, 50, 15, 46, 50, 50, 50, 48, 50, 50, 25, 18, 50, 50, 50, 49, 50, 29, 50, 32, 38, 42, 50, 49, 50, 50, 50, 18, 50, 50, 34, 50, 50, 40, 49, 40, 34, 50, 50, 32, 50, 50, 30, 22, 50, 50, 34, 30, 50, 12, 29, 50, 50, 50, 50, 18, 50, 16, 50]
[0 0 0 0 0 0 0 0 0 0 0 0 0 0 0 0 0 0 0 0 0 0 0 0 0 0 0 0 0 0 0 0 0 0 0 0 0
 0 0 0 0 0 0 0 0 0 0 0 0 0 0 0 0 0 0 0 0 0 0 0 0 0 0 0 0 0 0 0 0 0 0 0 0 0
 0 0 0 0 0 0 0 0 0 0 0 0 0 0 0 0 0 0 0 0 0 0 0 0 0 0]
[1 1 1 1 1 1 1 1 1 1 1 1 1 1 1 1 1 1 1 1 1 1 1 1 1 1 1 1 1 1 1 1 1 1 1 1 1
 1 1 1 1 1 1 1 1 1 1 1 1 1 1 1 1 1 1 1 1 1 1 1 1 1 1 1 1 1 1 1 1 1 1 1 1 1
 1 1 1 1 1 1 1 1 1 1 1 1 1 1 1 1 1 1 1 1 1 1 1 1 1 1]
