[ 0  1  2  3  4  5  6  7  8  9 10 11 12 13 14 15 16 17 18 19 20 21 22 23
 24 25 26 27 28 29 30 31 32 33 34 35 36 37 38 39 40 41 42 43 44 45 46 47
 48 49 50 51 52 53 54 55 56 57 58 59 60 61 62 63 64 65 66 67 68 69 70 71
 72 73 74 75 76 77 78 79 80 81 82 83 84 85 86 87 88 89 90 91 92 93 94 95
 96 97 98 99]
[41 74 -1 39 45 21 28 77 -1 36 -1 94 20  6 -1 82 52 87 53 -1  3 52 19 69
 -1  8 -1 -1 96 -1 -1 25 76 -1 47 -1 56 25 97 14 -1 22 -1 57 29 71 33 -1
 91 28 56 -1 88 66 36 93 78 35 -1 76 72 97 50 83 98 81 57 58 10 57 -1  0
 48 70 23 80 49 -1 -1 -1 -1 79 18 90  8 -1 90 -1 92 68 56 92 74 -1 99 13
  0 -1  0 -1]
[1 0 1 0 1 1 1 1 1 0 1 0 1 0 0 1 1 1 0 0 1 1 1 0 0 0 0 0 1 1 0 1 1 1 1 0 0
 0 0 0 0 1 1 0 1 1 0 1 1 0 1 0 0 1 1 1 0 1 0 1 1 1 0 0 0 0 1 0 0 0 1 0 1 1
 1 0 1 1 1 1 0 0 0 1 1 1 1 1 1 1 1 1 0 0 0 0 0 1 0 0]
[0 1 0 0 4 0 3 0 0 0 0 4 0 1 0 0 1 2 0 0 0 4 0 3 4 3 1 2 0 3 0 0 3 2 4 4 2
 2 0 0 0 4 1 0 0 0 0 0 0 4 2 0 0 3 0 1 0 0 0 4 1 0 4 4 1 0 0 4 4 0 1 0 0 1
 1 3 2 0 1 2 0 0 0 0 0 0 0 0 2 0 1 0 4 2 0 1 0 1 3 4]
[0 1 0 0 4 0 3 0 0 0 0 4 0 1 0 0 1 2 0 0 0 4 0 3 4 3 1 2 0 3 0 0 3 2 4 4 2
 2 0 0 0 4 1 0 0 0 0 0 0 4 2 0 0 3 0 1 0 0 0 4 1 0 4 4 1 0 0 4 4 0 1 0 0 1
 1 3 2 0 1 2 0 0 0 0 0 0 0 0 2 0 1 0 4 2 0 1 0 1 3 4]
[9 9 6 9 1 4 8 9 1 9 1 5 6 7 3 6 6 1 5 7 4 3 5 5 1 4 2 2 3 6 2 4 6 1 3 3 4
 7 6 5 7 6 4 7 6 8 2 4 1 9 9 4 8 6 4 6 2 5 5 3 9 6 5 2 1 2 2 7 9 2 1 2 5 9
 6 6 4 3 1 2 6 2 5 2 4 8 3 2 2 1 3 9 4 8 1 2 9 4 7 9]
[9 9 6 9 1 4 8 9 1 9 1 5 6 7 3 6 6 1 5 7 4 3 5 5 1 4 2 2 3 6 2 4 6 1 3 3 4
 7 6 5 7 6 4 7 6 8 2 4 1 9 9 4 8 6 4 6 2 5 5 3 9 6 5 2 1 2 2 7 9 2 1 2 5 9
 6 6 4 3 1 2 6 2 5 2 4 8 3 2 2 1 3 9 4 8 1 2 9 4 7 9]
[50, 50, 50, 50, 17, 50, 50, 50, 50, 50, 50, 24, 50, 29, 50, 49, 50, 48, 29, 50, 50, 43, 19, 50, 50, 50, 44, 50, 42, 21, 11, 20, 18, 43, 22, 50, 50, 50, 50, 50, 50, 47, 32, 14, 31, 50, 50, 32, 13, 43, 50, 50, 33, 17, 50, 50, 50, 50, 50, 50, 50, 47, 50, 18, 50, 50, 27, 50, 16, 12, 50, 18, 50, 22, 50, 50, 50, 50, 50, 50, 15, 33, 27, 50, 11, 12, 50, 50, 50, 23, 24, 50, 50, 32, 29, 12, 31, 50, 50, 50]
[0 0 0 0 0 0 0 0 0 0 0 0 0 0 0 0 0 0 0 0 0 0 0 0 0 0 0 0 0 0 0 0 0 0 0 0 0
 0 0 0 0 0 0 0 0 0 0 0 0 0 0 0 0 0 0 0 0 0 0 0 0 0 0 0 0 0 0 0 0 0 0 0 0 0
 0 0 0 0 0 0 0 0 0 0 0 0 0 0 0 0 0 0 0 0 0 0 0 0 0 0]
[1 1 1 1 1 1 1 1 1 1 1 1 1 1 1 1 1 1 1 1 1 1 1 1 1 1 1 1 1 1 1 1 1 1 1 1 1
 1 1 1 1 1 1 1 1 1 1 1 1 1 1 1 1 1 1 1 1 1 1 1 1 1 1 1 1 1 1 1 1 1 1 1 1 1
 1 1 1 1 1 1 1 1 1 1 1 1 1 1 1 1 1 1 1 1 1 1 1 1 1 1]
