[ 0  1  2  3  4  5  6  7  8  9 10 11 12 13 14 15 16 17 18 19 20 21 22 23
 24 25 26 27 28 29 30 31 32 33 34 35 36 37 38 39 40 41 42 43 44 45 46 47
 48 49 50 51 52 53 54 55 56 57 58 59 60 61 62 63 64 65 66 67 68 69 70 71
 72 73 74 75 76 77 78 79 80 81 82 83 84 85 86 87 88 89 90 91 92 93 94 95
 96 97 98 99]
[65 -1 -1 -1 62 34 32 22 -1 -1 17 -1 38 -1  1 60 82  1  3 -1 31 -1 75  7
 -1 40 -1 -1 29 15 40 34 -1 74 -1 -1 34 -1 69 66 -1 17 27 23 98 69 -1 60
 -1  7 51 59 -1 82 -1 36 -1 90  8 -1 -1 -1 38 69  8 58  3 78  1 -1  7 14
 39  4 -1 10 -1 -1 -1 94 78 43 67 85 -1 11 -1 -1 46 -1 -1 62 95 97 49 -1
 58 28 49 -1]
[0 0 0 1 0 0 1 0 0 0 0 1 0 1 1 1 0 0 1 0 0 1 1 0 0 1 1 0 1 1 0 0 0 0 0 0 1
 1 1 0 1 1 1 1 1 0 1 0 1 1 1 0 0 1 0 1 0 0 0 0 1 0 0 0 1 0 0 1 1 0 1 0 1 1
 0 1 1 0 1 1 0 1 1 1 1 1 1 1 0 1 1 0 0 1 1 0 1 0 0 1]
[4 0 4 3 0 0 0 0 3 1 1 3 0 1 0 0 0 0 0 0 1 0 4 0 3 2 4 0 0 0 0 0 1 1 1 0 0
 0 3 3 1 0 0 0 1 1 3 2 0 0 1 0 0 3 2 0 0 0 3 1 0 0 4 1 2 0 0 0 0 0 3 3 3 4
 0 0 0 3 3 0 0 0 0 0 2 2 2 0 2 0 0 0 0 0 0 1 0 4 1 0]
[4 0 4 3 0 0 0 0 3 1 1 3 0 1 0 0 0 0 0 0 1 0 4 0 3 2 4 0 0 0 0 0 1 1 1 0 0
 0 3 3 1 0 0 0 1 1 3 2 0 0 1 0 0 3 2 0 0 0 3 1 0 0 4 1 2 0 0 0 0 0 3 3 3 4
 0 0 0 3 3 0 0 0 0 0 2 2 2 0 2 0 0 0 0 0 0 1 0 4 1 0]
[2 8 2 2 2 5 9 5 9 7 6 2 4 3 6 8 4 9 9 3 5 6 9 8 3 7 8 3 5 4 7 1 4 6 2 1 4
 5 1 2 2 3 8 3 2 8 8 6 4 3 8 5 4 1 1 7 6 3 8 8 6 8 2 2 1 9 8 5 2 8 7 5 1 3
 8 8 8 7 3 9 8 4 5 6 1 4 3 1 9 9 1 4 6 2 3 9 9 2 7 9]
[2 8 2 2 2 5 9 5 9 7 6 2 4 3 6 8 4 9 9 3 5 6 9 8 3 7 8 3 5 4 7 1 4 6 2 1 4
 5 1 2 2 3 8 3 2 8 8 6 4 3 8 5 4 1 1 7 6 3 8 8 6 8 2 2 1 9 8 5 2 8 7 5 1 3
 8 8 8 7 3 9 8 4 5 6 1 4 3 1 9 9 1 4 6 2 3 9 9 2 7 9]
[50, 50, 50, 11, 12, 50, 50, 50, 28, 50, 50, 50, 23, 50, 50, 50, 28, 20, 50, 50, 50, 22, 48, 50, 19, 50, 50, 28, 50, 49, 50, 49, 50, 50, 31, 27, 43, 50, 13, 50, 50, 50, 21, 50, 50, 32, 27, 50, 45, 50, 50, 31, 50, 50, 50, 36, 12, 11, 14, 16, 50, 24, 50, 29, 25, 50, 50, 50, 50, 50, 50, 10, 42, 50, 50, 50, 40, 16, 50, 13, 50, 41, 11, 50, 50, 50, 50, 18, 50, 50, 34, 14, 50, 42, 50, 50, 50, 50, 35, 10]
[0 0 0 0 0 0 0 0 0 0 0 0 0 0 0 0 0 0 0 0 0 0 0 0 0 0 0 0 0 0 0 0 0 0 0 0 0
 0 0 0 0 0 0 0 0 0 0 0 0 0 0 0 0 0 0 0 0 0 0 0 0 0 0 0 0 0 0 0 0 0 0 0 0 0
 0 0 0 0 0 0 0 0 0 0 0 0 0 0 0 0 0 0 0 0 0 0 0 0 0 0]
[1 1 1 1 1 1 1 1 1 1 1 1 1 1 1 1 1 1 1 1 1 1 1 1 1 1 1 1 1 1 1 1 1 1 1 1 1
 1 1 1 1 1 1 1 1 1 1 1 1 1 1 1 1 1 1 1 1 1 1 1 1 1 1 1 1 1 1 1 1 1 1 1 1 1
 1 1 1 1 1 1 1 1 1 1 1 1 1 1 1 1 1 1 1 1 1 1 1 1 1 1]
