[ 0  1  2  3  4  5  6  7  8  9 10 11 12 13 14 15 16 17 18 19 20 21 22 23
 24 25 26 27 28 29 30 31 32 33 34 35 36 37 38 39 40 41 42 43 44 45 46 47
 48 49 50 51 52 53 54 55 56 57 58 59 60 61 62 63 64 65 66 67 68 69 70 71
 72 73 74 75 76 77 78 79 80 81 82 83 84 85 86 87 88 89 90 91 92 93 94 95
 96 97 98 99]
[80 85  9 67 89 -1 15 77  7 -1 -1 -1 73 -1 17 70 -1 15 25 -1  5 83 68 43
 -1 69 81 19  2 66 20 72 47 -1 -1 98 23 20 -1 44 60  5 92 92 94 -1 -1 15
 -1 47 66 70 86 -1 65 68 77 31 67 20 -1 -1 -1 37  3 50  3 -1 12  0 34 -1
 55 29 41 11 -1 -1 77 -1 35 23 -1 -1  4 -1 -1 -1 -1 56 -1 86 33 94 47 18
 66 -1 17 -1]
[0 0 0 0 0 1 1 1 1 1 1 1 1 1 1 1 0 1 1 1 0 0 1 0 0 1 0 1 1 0 1 1 0 1 1 1 1
 0 1 1 1 0 0 1 0 1 0 0 0 1 0 1 0 1 1 0 1 0 1 1 1 1 1 0 1 0 1 1 0 0 1 1 0 0
 1 1 0 1 0 1 1 1 0 0 0 0 1 1 0 1 1 1 0 1 1 0 0 1 0 1]
[0 1 0 2 1 0 2 3 0 0 1 3 0 2 3 4 1 4 1 0 0 0 2 0 0 0 0 1 1 3 3 1 0 3 0 0 0
 0 0 0 1 1 3 3 1 0 3 0 4 2 3 2 3 1 0 2 0 4 2 0 1 2 0 2 0 4 0 0 4 4 2 3 3 0
 0 0 2 4 0 0 3 0 0 2 0 3 0 3 0 0 0 0 0 2 0 0 4 3 1 0]
[0 1 0 2 1 0 2 3 0 0 1 3 0 2 3 4 1 4 1 0 0 0 2 0 0 0 0 1 1 3 3 1 0 3 0 0 0
 0 0 0 1 1 3 3 1 0 3 0 4 2 3 2 3 1 0 2 0 4 2 0 1 2 0 2 0 4 0 0 4 4 2 3 3 0
 0 0 2 4 0 0 3 0 0 2 0 3 0 3 0 0 0 0 0 2 0 0 4 3 1 0]
[1 9 1 9 8 9 7 7 7 8 8 7 3 9 5 6 5 7 4 7 1 1 3 4 5 1 3 2 3 3 3 6 3 4 5 2 5
 9 5 7 5 9 8 6 5 6 1 1 5 8 6 8 8 3 9 3 5 8 1 4 4 9 1 6 3 1 6 9 7 3 8 3 8 3
 1 3 3 2 6 2 9 5 9 4 1 3 2 6 5 5 9 9 7 2 8 7 8 2 6 6]
[1 9 1 9 8 9 7 7 7 8 8 7 3 9 5 6 5 7 4 7 1 1 3 4 5 1 3 2 3 3 3 6 3 4 5 2 5
 9 5 7 5 9 8 6 5 6 1 1 5 8 6 8 8 3 9 3 5 8 1 4 4 9 1 6 3 1 6 9 7 3 8 3 8 3
 1 3 3 2 6 2 9 5 9 4 1 3 2 6 5 5 9 9 7 2 8 7 8 2 6 6]
[50, 46, 50, 20, 28, 50, 47, 17, 41, 47, 50, 21, 47, 28, 50, 50, 16, 46, 50, 50, 50, 18, 15, 50, 29, 50, 50, 50, 34, 50, 31, 27, 50, 37, 50, 40, 42, 49, 43, 18, 36, 50, 38, 50, 28, 34, 12, 50, 27, 50, 32, 13, 43, 50, 50, 50, 50, 50, 50, 50, 35, 36, 40, 50, 50, 50, 50, 23, 11, 50, 50, 26, 50, 50, 50, 50, 50, 22, 24, 50, 50, 18, 36, 36, 50, 47, 30, 50, 50, 17, 50, 49, 50, 40, 39, 17, 30, 41, 45, 38]
[0 0 0 0 0 0 0 0 0 0 0 0 0 0 0 0 0 0 0 0 0 0 0 0 0 0 0 0 0 0 0 0 0 0 0 0 0
 0 0 0 0 0 0 0 0 0 0 0 0 0 0 0 0 0 0 0 0 0 0 0 0 0 0 0 0 0 0 0 0 0 0 0 0 0
 0 0 0 0 0 0 0 0 0 0 0 0 0 0 0 0 0 0 0 0 0 0 0 0 0 0]
[1 1 1 1 1 1 1 1 1 1 1 1 1 1 1 1 1 1 1 1 1 1 1 1 1 1 1 1 1 1 1 1 1 1 1 1 1
 1 1 1 1 1 1 1 1 1 1 1 1 1 1 1 1 1 1 1 1 1 1 1 1 1 1 1 1 1 1 1 1 1 1 1 1 1
 1 1 1 1 1 1 1 1 1 1 1 1 1 1 1 1 1 1 1 1 1 1 1 1 1 1]
