[ 0  1  2  3  4  5  6  7  8  9 10 11 12 13 14 15 16 17 18 19 20 21 22 23
 24 25 26 27 28 29 30 31 32 33 34 35 36 37 38 39 40 41 42 43 44 45 46 47
 48 49 50 51 52 53 54 55 56 57 58 59 60 61 62 63 64 65 66 67 68 69 70 71
 72 73 74 75 76 77 78 79 80 81 82 83 84 85 86 87 88 89 90 91 92 93 94 95
 96 97 98 99]
[26 67 25 43 -1 -1 20 98 80 -1 -1 60 64 -1 -1 78 32 52 37 -1 87 31 13 -1
 65 -1 -1 64 -1 59 -1 85 -1 79 -1 -1 86 17 -1 20 93  7 -1 27 -1 99  7 41
 -1 -1 79 -1 -1 -1 -1 -1 99 93 11 26 43  5 -1 -1 74 -1 -1 73 -1 12 26 90
 50 28 93 -1 66  7 -1 26 45 -1 28 95 -1 42 70 75 20 -1 20 46  8  5 -1 -1
 17  1 -1 88]
[1 1 1 1 1 1 1 0 0 0 1 1 1 0 0 1 0 0 0 1 1 1 1 0 0 0 0 1 0 0 1 1 1 0 0 0 1
 1 1 1 1 0 0 1 1 0 1 0 1 1 1 1 1 1 1 0 0 1 1 1 0 0 0 0 1 1 1 0 1 0 1 1 0 1
 1 0 0 1 0 1 0 0 0 1 1 0 1 1 0 1 0 0 0 1 0 0 1 0 1 0]
[3 2 0 0 0 0 2 0 0 0 1 0 4 0 0 4 4 1 1 0 4 0 0 0 0 3 0 4 0 0 0 0 0 1 0 0 0
 4 0 2 3 0 0 1 0 1 1 4 3 4 3 0 0 3 3 4 1 0 4 1 2 0 0 0 0 0 3 0 1 0 0 0 0 1
 0 0 0 3 0 0 3 3 0 0 2 4 4 0 0 0 4 0 1 0 0 0 0 1 0 2]
[3 2 0 0 0 0 2 0 0 0 1 0 4 0 0 4 4 1 1 0 4 0 0 0 0 3 0 4 0 0 0 0 0 1 0 0 0
 4 0 2 3 0 0 1 0 1 1 4 3 4 3 0 0 3 3 4 1 0 4 1 2 0 0 0 0 0 3 0 1 0 0 0 0 1
 0 0 0 3 0 0 3 3 0 0 2 4 4 0 0 0 4 0 1 0 0 0 0 1 0 2]
[4 6 6 6 6 7 3 4 3 3 2 1 4 3 6 3 6 8 6 4 4 5 2 6 1 8 7 5 8 4 1 3 6 3 3 2 9
 4 8 7 6 3 8 3 5 1 6 5 4 3 3 6 1 7 7 9 3 8 6 6 4 4 5 8 4 5 3 7 9 7 9 6 3 3
 4 6 4 8 1 4 5 6 5 3 5 9 6 4 1 8 7 7 1 2 8 4 2 6 1 9]
[4 6 6 6 6 7 3 4 3 3 2 1 4 3 6 3 6 8 6 4 4 5 2 6 1 8 7 5 8 4 1 3 6 3 3 2 9
 4 8 7 6 3 8 3 5 1 6 5 4 3 3 6 1 7 7 9 3 8 6 6 4 4 5 8 4 5 3 7 9 7 9 6 3 3
 4 6 4 8 1 4 5 6 5 3 5 9 6 4 1 8 7 7 1 2 8 4 2 6 1 9]
[29, 47, 48, 50, 50, 50, 50, 50, 46, 50, 46, 19, 22, 40, 41, 50, 16, 11, 27, 50, 50, 50, 50, 19, 33, 13, 50, 50, 50, 30, 50, 24, 50, 28, 40, 50, 23, 50, 19, 27, 12, 46, 50, 48, 50, 50, 50, 50, 50, 19, 50, 21, 43, 50, 50, 50, 32, 50, 50, 13, 50, 29, 50, 50, 41, 50, 37, 50, 13, 15, 46, 50, 22, 42, 50, 50, 15, 21, 18, 50, 50, 50, 44, 20, 50, 50, 21, 31, 50, 44, 50, 50, 50, 50, 50, 18, 43, 50, 50, 48]
[0 0 0 0 0 0 0 0 0 0 0 0 0 0 0 0 0 0 0 0 0 0 0 0 0 0 0 0 0 0 0 0 0 0 0 0 0
 0 0 0 0 0 0 0 0 0 0 0 0 0 0 0 0 0 0 0 0 0 0 0 0 0 0 0 0 0 0 0 0 0 0 0 0 0
 0 0 0 0 0 0 0 0 0 0 0 0 0 0 0 0 0 0 0 0 0 0 0 0 0 0]
[1 1 1 1 1 1 1 1 1 1 1 1 1 1 1 1 1 1 1 1 1 1 1 1 1 1 1 1 1 1 1 1 1 1 1 1 1
 1 1 1 1 1 1 1 1 1 1 1 1 1 1 1 1 1 1 1 1 1 1 1 1 1 1 1 1 1 1 1 1 1 1 1 1 1
 1 1 1 1 1 1 1 1 1 1 1 1 1 1 1 1 1 1 1 1 1 1 1 1 1 1]
