[ 0  1  2  3  4  5  6  7  8  9 10 11 12 13 14 15 16 17 18 19 20 21 22 23
 24 25 26 27 28 29 30 31 32 33 34 35 36 37 38 39 40 41 42 43 44 45 46 47
 48 49 50 51 52 53 54 55 56 57 58 59 60 61 62 63 64 65 66 67 68 69 70 71
 72 73 74 75 76 77 78 79 80 81 82 83 84 85 86 87 88 89 90 91 92 93 94 95
 96 97 98 99]
[58 55 -1 -1  7 80 64 65 73 -1 -1 20 84 -1 10 59 98 -1 28 42 -1 65 84  0
 95 12 -1 53 41 69 48 -1 80 -1 79 86 76 -1 29 49 -1 -1 -1 -1 -1 63 -1 18
 71 57 69 -1 -1 12 -1 -1 24 94 48 28 64  3 37 -1 -1 58 46 73 87 60 87 33
 39 94 67 41 -1 10 30 -1 -1 -1 30 -1 41 -1 48 -1 52 60 54 -1 90 61  0 -1
 85 47 17 -1]
[1 0 0 0 1 0 1 1 1 1 1 0 0 0 1 0 0 1 1 0 0 1 0 0 1 1 1 0 1 1 0 0 0 1 0 0 0
 0 0 0 1 1 0 0 1 1 1 1 0 0 1 1 1 0 1 1 0 0 0 1 0 1 0 0 1 0 1 0 0 1 0 1 1 0
 0 1 0 1 0 1 1 1 1 1 1 1 1 0 0 1 0 1 0 1 1 1 0 1 0 1]
[0 3 0 2 2 1 0 2 0 0 3 0 0 3 4 0 0 2 0 0 2 2 0 0 0 2 0 0 0 0 3 0 0 0 3 0 1
 0 0 0 1 4 0 0 0 0 0 1 4 0 0 0 0 0 1 4 2 0 0 1 0 3 0 4 0 4 2 0 1 4 1 0 0 1
 0 3 4 3 0 0 0 4 2 2 2 2 4 0 0 3 0 3 2 3 0 2 0 0 4 4]
[0 3 0 2 2 1 0 2 0 0 3 0 0 3 4 0 0 2 0 0 2 2 0 0 0 2 0 0 0 0 3 0 0 0 3 0 1
 0 0 0 1 4 0 0 0 0 0 1 4 0 0 0 0 0 1 4 2 0 0 1 0 3 0 4 0 4 2 0 1 4 1 0 0 1
 0 3 4 3 0 0 0 4 2 2 2 2 4 0 0 3 0 3 2 3 0 2 0 0 4 4]
[7 9 9 1 7 1 8 9 5 1 9 5 8 8 8 2 7 1 9 5 4 4 4 8 6 4 8 9 2 1 5 8 6 6 2 4 9
 3 1 1 6 2 7 9 9 5 6 9 4 1 5 6 8 4 4 1 1 8 7 4 2 3 5 2 7 1 4 8 5 2 8 5 5 2
 7 6 3 7 7 8 9 6 2 8 5 2 8 6 2 5 1 9 8 5 8 5 3 9 8 7]
[7 9 9 1 7 1 8 9 5 1 9 5 8 8 8 2 7 1 9 5 4 4 4 8 6 4 8 9 2 1 5 8 6 6 2 4 9
 3 1 1 6 2 7 9 9 5 6 9 4 1 5 6 8 4 4 1 1 8 7 4 2 3 5 2 7 1 4 8 5 2 8 5 5 2
 7 6 3 7 7 8 9 6 2 8 5 2 8 6 2 5 1 9 8 5 8 5 3 9 8 7]
[30, 23, 13, 49, 50, 50, 37, 48, 50, 50, 50, 18, 19, 16, 50, 13, 11, 26, 50, 50, 50, 40, 50, 50, 50, 50, 50, 50, 24, 50, 46, 12, 50, 27, 50, 19, 50, 50, 50, 39, 50, 42, 11, 37, 35, 50, 50, 50, 50, 50, 22, 50, 50, 41, 50, 50, 50, 13, 50, 50, 36, 50, 50, 50, 50, 15, 20, 50, 10, 15, 50, 12, 45, 50, 26, 50, 50, 10, 50, 24, 50, 30, 50, 50, 50, 50, 50, 50, 50, 50, 50, 12, 50, 50, 50, 11, 50, 39, 50, 34]
[0 0 0 0 0 0 0 0 0 0 0 0 0 0 0 0 0 0 0 0 0 0 0 0 0 0 0 0 0 0 0 0 0 0 0 0 0
 0 0 0 0 0 0 0 0 0 0 0 0 0 0 0 0 0 0 0 0 0 0 0 0 0 0 0 0 0 0 0 0 0 0 0 0 0
 0 0 0 0 0 0 0 0 0 0 0 0 0 0 0 0 0 0 0 0 0 0 0 0 0 0]
[1 1 1 1 1 1 1 1 1 1 1 1 1 1 1 1 1 1 1 1 1 1 1 1 1 1 1 1 1 1 1 1 1 1 1 1 1
 1 1 1 1 1 1 1 1 1 1 1 1 1 1 1 1 1 1 1 1 1 1 1 1 1 1 1 1 1 1 1 1 1 1 1 1 1
 1 1 1 1 1 1 1 1 1 1 1 1 1 1 1 1 1 1 1 1 1 1 1 1 1 1]
