[ 0  1  2  3  4  5  6  7  8  9 10 11 12 13 14 15 16 17 18 19 20 21 22 23
 24 25 26 27 28 29 30 31 32 33 34 35 36 37 38 39 40 41 42 43 44 45 46 47
 48 49 50 51 52 53 54 55 56 57 58 59 60 61 62 63 64 65 66 67 68 69 70 71
 72 73 74 75 76 77 78 79 80 81 82 83 84 85 86 87 88 89 90 91 92 93 94 95
 96 97 98 99]
[-1 30 19 52 -1 -1 -1 33 -1 18 -1 16 -1 74 -1 -1 -1 24 -1 -1 21 -1 49 42
 -1 80 19 21 61 63 80 47 78 -1 90 88 -1 -1  1 -1 -1 -1 -1 -1 93 36  9 16
 27 -1 19 -1 50 88  1 -1  9 89 34 37 -1 30 -1 -1 91 58 84 -1 54 29 26 73
 81 -1 19 48 35 -1 25 -1 -1 -1 36 48 -1 76 62 -1  0 22 62 63 59 46 -1 -1
  7 -1 79 39]
[0 1 1 1 1 0 1 1 0 1 0 1 1 0 1 1 1 1 1 1 1 1 1 0 1 1 0 0 0 1 0 1 0 0 0 0 0
 0 0 1 0 1 1 1 1 0 1 1 1 1 1 0 1 0 1 1 0 0 0 1 1 1 1 0 1 1 1 1 1 0 1 0 1 0
 1 0 1 1 1 0 1 1 0 1 1 1 0 0 0 1 1 1 1 1 1 1 0 1 1 1]
[0 4 2 0 0 2 0 0 0 4 4 0 3 3 0 0 0 0 3 0 0 0 0 4 3 0 2 4 2 0 1 1 0 0 2 2 0
 0 4 2 1 1 0 0 0 0 3 3 0 1 0 0 3 0 1 0 2 0 0 0 0 0 0 0 3 0 0 0 0 0 3 0 0 3
 3 0 3 4 0 2 0 2 0 4 0 0 0 0 3 0 4 2 2 0 3 0 1 0 1 0]
[0 4 2 0 0 2 0 0 0 4 4 0 3 3 0 0 0 0 3 0 0 0 0 4 3 0 2 4 2 0 1 1 0 0 2 2 0
 0 4 2 1 1 0 0 0 0 3 3 0 1 0 0 3 0 1 0 2 0 0 0 0 0 0 0 3 0 0 0 0 0 3 0 0 3
 3 0 3 4 0 2 0 2 0 4 0 0 0 0 3 0 4 2 2 0 3 0 1 0 1 0]
[7 3 4 7 6 1 5 2 3 3 8 2 7 8 6 4 2 8 1 5 7 9 3 1 5 8 6 8 2 4 9 3 7 3 1 5 9
 8 9 9 3 1 3 3 7 9 3 3 4 9 1 5 1 7 5 7 1 3 7 4 1 5 8 8 6 8 9 1 1 4 2 3 5 9
 4 8 6 7 5 2 5 5 7 4 7 2 7 1 6 2 6 3 4 1 9 4 2 6 6 4]
[7 3 4 7 6 1 5 2 3 3 8 2 7 8 6 4 2 8 1 5 7 9 3 1 5 8 6 8 2 4 9 3 7 3 1 5 9
 8 9 9 3 1 3 3 7 9 3 3 4 9 1 5 1 7 5 7 1 3 7 4 1 5 8 8 6 8 9 1 1 4 2 3 5 9
 4 8 6 7 5 2 5 5 7 4 7 2 7 1 6 2 6 3 4 1 9 4 2 6 6 4]
[14, 50, 50, 41, 50, 17, 36, 50, 50, 46, 50, 50, 50, 40, 47, 37, 33, 17, 20, 14, 50, 50, 50, 28, 36, 21, 13, 47, 38, 50, 50, 34, 24, 50, 50, 50, 50, 31, 44, 50, 30, 32, 37, 10, 50, 50, 48, 50, 50, 30, 45, 50, 50, 50, 50, 40, 28, 50, 17, 50, 45, 50, 50, 46, 20, 42, 40, 34, 28, 46, 50, 27, 13, 50, 39, 50, 50, 50, 50, 31, 19, 34, 34, 50, 23, 32, 29, 50, 25, 42, 50, 50, 38, 50, 50, 50, 37, 50, 44, 37]
[0 0 0 0 0 0 0 0 0 0 0 0 0 0 0 0 0 0 0 0 0 0 0 0 0 0 0 0 0 0 0 0 0 0 0 0 0
 0 0 0 0 0 0 0 0 0 0 0 0 0 0 0 0 0 0 0 0 0 0 0 0 0 0 0 0 0 0 0 0 0 0 0 0 0
 0 0 0 0 0 0 0 0 0 0 0 0 0 0 0 0 0 0 0 0 0 0 0 0 0 0]
[1 1 1 1 1 1 1 1 1 1 1 1 1 1 1 1 1 1 1 1 1 1 1 1 1 1 1 1 1 1 1 1 1 1 1 1 1
 1 1 1 1 1 1 1 1 1 1 1 1 1 1 1 1 1 1 1 1 1 1 1 1 1 1 1 1 1 1 1 1 1 1 1 1 1
 1 1 1 1 1 1 1 1 1 1 1 1 1 1 1 1 1 1 1 1 1 1 1 1 1 1]
