[ 0  1  2  3  4  5  6  7  8  9 10 11 12 13 14 15 16 17 18 19 20 21 22 23
 24 25 26 27 28 29 30 31 32 33 34 35 36 37 38 39 40 41 42 43 44 45 46 47
 48 49 50 51 52 53 54 55 56 57 58 59 60 61 62 63 64 65 66 67 68 69 70 71
 72 73 74 75 76 77 78 79 80 81 82 83 84 85 86 87 88 89 90 91 92 93 94 95
 96 97 98 99]
[-1 -1 40 97 12 62 -1 -1 77 -1 -1 53 39 97 -1 74 90  2 64 36 37  7 50 51
 -1 96 10 74 65 40 32 99 39 -1 -1 54 -1 99 78  2 -1  5 94 -1 -1 16 -1 -1
 -1 -1 16 -1 -1 80 -1 68 -1  5 99 34 -1 59 50 -1 -1 -1 -1 53 -1 -1 63 36
 94 62 51 58 -1 47 35  9 51 13 65 -1 -1  1 -1 70 -1 79 99 -1 45 21 -1 20
 97 -1 85 -1]
[1 1 1 0 0 1 0 1 1 0 0 1 1 1 1 0 1 1 0 0 1 0 0 1 0 0 1 1 1 1 0 0 1 0 1 0 0
 1 1 0 0 0 1 1 1 0 1 1 1 1 0 0 0 1 1 0 1 0 0 0 1 1 1 1 0 0 1 1 1 1 0 1 0 0
 1 0 1 0 0 0 0 1 1 0 1 1 0 1 1 1 1 1 0 1 0 1 0 0 1 1]
[1 0 0 0 1 0 0 1 4 4 0 0 2 0 0 0 1 0 0 0 0 0 1 1 0 2 0 0 2 0 0 0 4 0 0 1 3
 3 3 3 0 1 3 3 4 3 0 0 2 0 2 2 0 4 0 0 4 4 0 2 0 4 0 0 1 1 0 0 0 0 0 4 0 0
 0 3 0 4 0 4 0 4 4 4 4 4 0 1 1 0 1 0 2 0 0 3 0 0 0 0]
[1 0 0 0 1 0 0 1 4 4 0 0 2 0 0 0 1 0 0 0 0 0 1 1 0 2 0 0 2 0 0 0 4 0 0 1 3
 3 3 3 0 1 3 3 4 3 0 0 2 0 2 2 0 4 0 0 4 4 0 2 0 4 0 0 1 1 0 0 0 0 0 4 0 0
 0 3 0 4 0 4 0 4 4 4 4 4 0 1 1 0 1 0 2 0 0 3 0 0 0 0]
[7 3 3 8 3 1 3 8 8 9 1 1 6 6 2 3 8 3 6 5 4 7 6 4 1 9 6 3 1 1 8 9 4 8 5 7 9
 4 5 1 5 6 5 6 1 5 4 5 6 4 3 9 1 9 3 9 6 9 6 3 8 9 3 2 2 4 3 9 6 1 8 6 3 9
 3 7 1 3 7 4 1 2 7 1 6 4 8 3 9 3 1 5 1 7 3 4 7 4 1 2]
[7 3 3 8 3 1 3 8 8 9 1 1 6 6 2 3 8 3 6 5 4 7 6 4 1 9 6 3 1 1 8 9 4 8 5 7 9
 4 5 1 5 6 5 6 1 5 4 5 6 4 3 9 1 9 3 9 6 9 6 3 8 9 3 2 2 4 3 9 6 1 8 6 3 9
 3 7 1 3 7 4 1 2 7 1 6 4 8 3 9 3 1 5 1 7 3 4 7 4 1 2]
[50, 29, 12, 50, 49, 19, 50, 50, 50, 34, 50, 50, 50, 39, 38, 30, 14, 50, 36, 50, 50, 18, 50, 50, 50, 50, 50, 50, 50, 50, 38, 50, 26, 44, 27, 50, 50, 50, 29, 50, 23, 50, 50, 50, 50, 50, 50, 43, 50, 29, 36, 25, 26, 50, 39, 13, 48, 17, 26, 19, 50, 18, 35, 50, 50, 50, 37, 16, 39, 50, 17, 32, 43, 18, 50, 32, 50, 50, 50, 50, 50, 39, 44, 43, 50, 50, 50, 31, 22, 13, 23, 50, 50, 50, 50, 50, 26, 50, 14, 32]
[0 0 0 0 0 0 0 0 0 0 0 0 0 0 0 0 0 0 0 0 0 0 0 0 0 0 0 0 0 0 0 0 0 0 0 0 0
 0 0 0 0 0 0 0 0 0 0 0 0 0 0 0 0 0 0 0 0 0 0 0 0 0 0 0 0 0 0 0 0 0 0 0 0 0
 0 0 0 0 0 0 0 0 0 0 0 0 0 0 0 0 0 0 0 0 0 0 0 0 0 0]
[1 1 1 1 1 1 1 1 1 1 1 1 1 1 1 1 1 1 1 1 1 1 1 1 1 1 1 1 1 1 1 1 1 1 1 1 1
 1 1 1 1 1 1 1 1 1 1 1 1 1 1 1 1 1 1 1 1 1 1 1 1 1 1 1 1 1 1 1 1 1 1 1 1 1
 1 1 1 1 1 1 1 1 1 1 1 1 1 1 1 1 1 1 1 1 1 1 1 1 1 1]
