[ 0  1  2  3  4  5  6  7  8  9 10 11 12 13 14 15 16 17 18 19 20 21 22 23
 24 25 26 27 28 29 30 31 32 33 34 35 36 37 38 39 40 41 42 43 44 45 46 47
 48 49 50 51 52 53 54 55 56 57 58 59 60 61 62 63 64 65 66 67 68 69 70 71
 72 73 74 75 76 77 78 79 80 81 82 83 84 85 86 87 88 89 90 91 92 93 94 95
 96 97 98 99]
[-1 70 42 -1 29 -1 92 31 76 70 58 15 40 -1 38 39 40 42 60 65 -1 -1 -1 -1
 -1 -1 -1 28 71 -1 56 14 39 62 61 -1 11 46 72 -1 30 88 -1 12  3 39 95 24
 21 74 94 -1  6 47 10 78 54 68 14 -1 -1 46 88 91 81 10 74 48 83 24 47 -1
 45 -1 90 -1  1 53 70 12 75  2  3 -1 68 57 -1 74 66  9 70 -1 99 74 -1 -1
 -1 42 -1 -1]
[0 0 0 1 1 0 0 0 0 0 0 1 1 0 1 0 1 1 0 1 1 1 1 0 1 1 0 0 0 1 1 0 0 0 0 0 1
 1 0 0 1 1 1 0 1 1 0 1 0 0 0 1 1 0 1 1 0 0 1 1 0 0 0 0 1 0 0 0 0 0 0 1 1 1
 0 0 0 0 1 0 1 0 1 1 1 0 1 1 0 1 1 1 0 0 1 0 0 1 1 1]
[0 0 0 0 0 1 0 0 3 3 0 0 0 0 0 3 4 2 0 2 1 0 1 0 4 0 0 0 3 0 0 4 0 0 0 2 4
 2 1 1 0 0 0 3 2 0 1 0 4 0 0 3 0 0 4 0 4 2 2 3 0 4 3 3 4 2 2 0 0 0 1 2 4 0
 0 0 0 4 0 2 0 0 1 4 0 0 0 0 2 0 1 2 2 3 4 2 0 0 1 0]
[0 0 0 0 0 1 0 0 3 3 0 0 0 0 0 3 4 2 0 2 1 0 1 0 4 0 0 0 3 0 0 4 0 0 0 2 4
 2 1 1 0 0 0 3 2 0 1 0 4 0 0 3 0 0 4 0 4 2 2 3 0 4 3 3 4 2 2 0 0 0 1 2 4 0
 0 0 0 4 0 2 0 0 1 4 0 0 0 0 2 0 1 2 2 3 4 2 0 0 1 0]
[4 2 9 9 6 2 3 7 7 1 8 5 3 3 8 5 5 1 2 1 6 9 2 5 6 4 7 7 7 4 8 9 8 2 3 9 4
 9 3 8 6 1 7 3 8 9 9 8 2 6 7 5 9 3 2 2 8 4 7 6 1 7 8 3 5 2 5 3 9 7 3 7 2 7
 9 3 7 6 4 9 6 1 4 6 4 1 4 8 9 9 3 1 3 1 9 3 7 5 5 3]
[4 2 9 9 6 2 3 7 7 1 8 5 3 3 8 5 5 1 2 1 6 9 2 5 6 4 7 7 7 4 8 9 8 2 3 9 4
 9 3 8 6 1 7 3 8 9 9 8 2 6 7 5 9 3 2 2 8 4 7 6 1 7 8 3 5 2 5 3 9 7 3 7 2 7
 9 3 7 6 4 9 6 1 4 6 4 1 4 8 9 9 3 1 3 1 9 3 7 5 5 3]
[37, 41, 50, 50, 40, 28, 50, 50, 45, 17, 50, 50, 50, 19, 50, 45, 50, 50, 29, 50, 48, 10, 50, 13, 23, 50, 42, 33, 50, 41, 12, 50, 26, 34, 50, 50, 50, 28, 35, 18, 50, 50, 50, 50, 38, 21, 26, 50, 50, 50, 21, 50, 50, 50, 27, 32, 44, 50, 50, 28, 50, 50, 50, 10, 50, 19, 38, 16, 50, 48, 50, 50, 15, 50, 50, 23, 12, 33, 50, 50, 50, 50, 46, 33, 50, 21, 50, 50, 26, 48, 10, 42, 50, 50, 45, 50, 50, 50, 40, 24]
[0 0 0 0 0 0 0 0 0 0 0 0 0 0 0 0 0 0 0 0 0 0 0 0 0 0 0 0 0 0 0 0 0 0 0 0 0
 0 0 0 0 0 0 0 0 0 0 0 0 0 0 0 0 0 0 0 0 0 0 0 0 0 0 0 0 0 0 0 0 0 0 0 0 0
 0 0 0 0 0 0 0 0 0 0 0 0 0 0 0 0 0 0 0 0 0 0 0 0 0 0]
[1 1 1 1 1 1 1 1 1 1 1 1 1 1 1 1 1 1 1 1 1 1 1 1 1 1 1 1 1 1 1 1 1 1 1 1 1
 1 1 1 1 1 1 1 1 1 1 1 1 1 1 1 1 1 1 1 1 1 1 1 1 1 1 1 1 1 1 1 1 1 1 1 1 1
 1 1 1 1 1 1 1 1 1 1 1 1 1 1 1 1 1 1 1 1 1 1 1 1 1 1]
