[ 0  1  2  3  4  5  6  7  8  9 10 11 12 13 14 15 16 17 18 19 20 21 22 23
 24 25 26 27 28 29 30 31 32 33 34 35 36 37 38 39 40 41 42 43 44 45 46 47
 48 49 50 51 52 53 54 55 56 57 58 59 60 61 62 63 64 65 66 67 68 69 70 71
 72 73 74 75 76 77 78 79 80 81 82 83 84 85 86 87 88 89 90 91 92 93 94 95
 96 97 98 99]
[77 58 23  8 64 -1 -1 77 -1 86  7 36 28 -1 92 -1 74 -1  8 52 23 -1  2 -1
 89 -1 78 47 20 26  0 -1 28 -1 -1 60 91 40 49 74  0 53 -1 87 72 10 90 20
  0 90 77 13 86 -1 68 -1 62 74 -1 82 50 -1  7 58  1 -1 80 -1 75 -1 63 87
 37 -1 20 81 41 81  3 49 74 33 47 61 -1 69 -1 -1 -1 91  6 -1 -1 55 93 21
 -1 49 21 22]
[1 0 0 0 0 0 1 0 0 0 0 1 0 0 1 1 0 0 0 0 1 0 1 0 1 0 0 0 1 0 1 1 0 1 1 0 0
 1 0 0 1 1 1 0 0 1 1 0 0 0 1 0 0 1 1 1 0 0 0 0 0 0 1 1 1 0 1 1 1 0 1 1 0 1
 1 1 1 0 0 1 1 1 0 1 0 0 1 0 0 0 0 1 0 1 0 1 1 1 0 1]
[0 0 1 0 0 3 0 4 0 0 2 4 0 2 0 0 3 0 0 0 0 1 1 0 3 1 0 3 3 0 3 1 0 0 1 0 3
 2 4 0 0 0 0 4 3 2 0 0 0 0 0 2 3 0 0 2 0 0 0 0 0 4 0 0 3 0 0 2 1 3 1 0 0 0
 4 0 2 0 4 2 1 4 4 0 4 2 0 1 4 4 0 0 1 0 2 2 0 0 4 1]
[0 0 1 0 0 3 0 4 0 0 2 4 0 2 0 0 3 0 0 0 0 1 1 0 3 1 0 3 3 0 3 1 0 0 1 0 3
 2 4 0 0 0 0 4 3 2 0 0 0 0 0 2 3 0 0 2 0 0 0 0 0 4 0 0 3 0 0 2 1 3 1 0 0 0
 4 0 2 0 4 2 1 4 4 0 4 2 0 1 4 4 0 0 1 0 2 2 0 0 4 1]
[7 5 4 6 2 6 9 8 9 9 4 5 2 5 1 6 4 2 2 4 3 6 3 2 8 8 4 3 8 8 8 4 3 4 8 7 8
 2 3 6 9 5 2 8 3 1 9 4 5 9 9 9 1 4 5 5 8 2 1 1 2 4 6 2 5 2 8 5 9 3 8 6 5 8
 1 3 2 3 9 8 4 9 7 3 8 8 5 3 5 2 2 3 9 8 9 5 5 4 7 1]
[7 5 4 6 2 6 9 8 9 9 4 5 2 5 1 6 4 2 2 4 3 6 3 2 8 8 4 3 8 8 8 4 3 4 8 7 8
 2 3 6 9 5 2 8 3 1 9 4 5 9 9 9 1 4 5 5 8 2 1 1 2 4 6 2 5 2 8 5 9 3 8 6 5 8
 1 3 2 3 9 8 4 9 7 3 8 8 5 3 5 2 2 3 9 8 9 5 5 4 7 1]
[46, 50, 50, 45, 24, 46, 50, 41, 50, 22, 50, 40, 50, 50, 19, 50, 35, 50, 40, 50, 40, 17, 10, 30, 34, 44, 50, 50, 47, 50, 50, 16, 41, 27, 50, 47, 49, 50, 50, 26, 42, 32, 36, 50, 50, 35, 15, 50, 50, 50, 50, 50, 50, 35, 36, 46, 10, 30, 50, 45, 50, 25, 39, 19, 50, 50, 14, 32, 50, 50, 13, 50, 50, 50, 50, 37, 50, 33, 50, 50, 50, 26, 16, 50, 17, 11, 50, 45, 19, 29, 16, 28, 39, 44, 50, 50, 50, 50, 50, 50]
[0 0 0 0 0 0 0 0 0 0 0 0 0 0 0 0 0 0 0 0 0 0 0 0 0 0 0 0 0 0 0 0 0 0 0 0 0
 0 0 0 0 0 0 0 0 0 0 0 0 0 0 0 0 0 0 0 0 0 0 0 0 0 0 0 0 0 0 0 0 0 0 0 0 0
 0 0 0 0 0 0 0 0 0 0 0 0 0 0 0 0 0 0 0 0 0 0 0 0 0 0]
[1 1 1 1 1 1 1 1 1 1 1 1 1 1 1 1 1 1 1 1 1 1 1 1 1 1 1 1 1 1 1 1 1 1 1 1 1
 1 1 1 1 1 1 1 1 1 1 1 1 1 1 1 1 1 1 1 1 1 1 1 1 1 1 1 1 1 1 1 1 1 1 1 1 1
 1 1 1 1 1 1 1 1 1 1 1 1 1 1 1 1 1 1 1 1 1 1 1 1 1 1]
