[ 0  1  2  3  4  5  6  7  8  9 10 11 12 13 14 15 16 17 18 19 20 21 22 23
 24 25 26 27 28 29 30 31 32 33 34 35 36 37 38 39 40 41 42 43 44 45 46 47
 48 49 50 51 52 53 54 55 56 57 58 59 60 61 62 63 64 65 66 67 68 69 70 71
 72 73 74 75 76 77 78 79 80 81 82 83 84 85 86 87 88 89 90 91 92 93 94 95
 96 97 98 99]
[15 27 36 23 76 54 97 34 -1 50 97 -1 -1 -1 -1 69 -1 -1 26 33 59 -1 -1 31
  1 62 -1 15 64  0 17 17 39 51 95 25 97 97 12  4 -1 -1 94 62 -1 -1 -1 37
  0 86 -1 42 20 81 57 12 33 -1 48  0 92 14  9  6 -1 30 -1 16 -1 28 -1 32
 -1 86 -1 -1 86 -1 -1 -1  3 88 24 -1 -1 -1 57  4 32 16 -1  2 73 -1 37 61
 -1 68 -1 88]
[0 0 0 1 1 1 0 0 1 1 1 0 1 1 1 1 1 1 1 1 0 1 0 0 1 0 1 1 1 1 1 1 0 0 1 0 1
 1 0 1 1 0 0 0 1 1 1 1 1 0 1 0 0 1 0 1 1 1 0 0 0 1 1 0 0 1 1 0 0 0 1 0 0 0
 1 0 1 0 0 0 1 1 0 0 1 0 0 1 1 0 0 0 1 1 1 0 0 0 0 0]
[1 1 3 0 3 1 0 1 2 0 4 4 2 2 0 2 0 1 0 4 0 3 0 4 4 0 0 1 2 0 1 3 0 0 1 0 0
 0 0 4 3 0 0 0 0 2 3 4 0 0 0 3 4 0 0 3 1 0 0 4 0 0 0 3 0 0 2 1 0 0 2 0 0 1
 0 3 0 1 0 4 1 0 0 0 0 0 0 3 0 0 1 4 3 0 2 0 0 0 2 0]
[1 1 3 0 3 1 0 1 2 0 4 4 2 2 0 2 0 1 0 4 0 3 0 4 4 0 0 1 2 0 1 3 0 0 1 0 0
 0 0 4 3 0 0 0 0 2 3 4 0 0 0 3 4 0 0 3 1 0 0 4 0 0 0 3 0 0 2 1 0 0 2 0 0 1
 0 3 0 1 0 4 1 0 0 0 0 0 0 3 0 0 1 4 3 0 2 0 0 0 2 0]
[6 7 9 5 1 6 4 6 8 4 7 6 5 8 8 7 2 1 1 6 4 6 9 9 5 9 5 5 6 6 5 6 6 2 5 3 4
 4 4 3 2 8 5 1 9 1 7 6 4 8 1 9 8 8 7 8 4 4 1 6 6 9 4 4 8 6 3 4 4 4 8 5 3 9
 5 5 8 1 8 1 1 7 1 2 6 1 4 5 5 2 6 4 7 8 8 8 2 9 6 9]
[6 7 9 5 1 6 4 6 8 4 7 6 5 8 8 7 2 1 1 6 4 6 9 9 5 9 5 5 6 6 5 6 6 2 5 3 4
 4 4 3 2 8 5 1 9 1 7 6 4 8 1 9 8 8 7 8 4 4 1 6 6 9 4 4 8 6 3 4 4 4 8 5 3 9
 5 5 8 1 8 1 1 7 1 2 6 1 4 5 5 2 6 4 7 8 8 8 2 9 6 9]
[50, 50, 27, 50, 44, 15, 45, 50, 49, 23, 31, 42, 47, 50, 30, 50, 50, 50, 21, 34, 40, 30, 50, 50, 43, 18, 50, 50, 46, 19, 29, 50, 50, 50, 50, 50, 18, 18, 50, 49, 50, 50, 44, 27, 19, 10, 43, 43, 10, 11, 42, 50, 50, 50, 50, 26, 47, 50, 50, 26, 41, 48, 50, 50, 50, 50, 50, 50, 50, 50, 50, 50, 11, 50, 50, 50, 35, 12, 16, 50, 18, 50, 50, 50, 50, 13, 12, 32, 15, 36, 27, 50, 50, 50, 50, 46, 50, 50, 22, 50]
[0 0 0 0 0 0 0 0 0 0 0 0 0 0 0 0 0 0 0 0 0 0 0 0 0 0 0 0 0 0 0 0 0 0 0 0 0
 0 0 0 0 0 0 0 0 0 0 0 0 0 0 0 0 0 0 0 0 0 0 0 0 0 0 0 0 0 0 0 0 0 0 0 0 0
 0 0 0 0 0 0 0 0 0 0 0 0 0 0 0 0 0 0 0 0 0 0 0 0 0 0]
[1 1 1 1 1 1 1 1 1 1 1 1 1 1 1 1 1 1 1 1 1 1 1 1 1 1 1 1 1 1 1 1 1 1 1 1 1
 1 1 1 1 1 1 1 1 1 1 1 1 1 1 1 1 1 1 1 1 1 1 1 1 1 1 1 1 1 1 1 1 1 1 1 1 1
 1 1 1 1 1 1 1 1 1 1 1 1 1 1 1 1 1 1 1 1 1 1 1 1 1 1]
