[ 0  1  2  3  4  5  6  7  8  9 10 11 12 13 14 15 16 17 18 19 20 21 22 23
 24 25 26 27 28 29 30 31 32 33 34 35 36 37 38 39 40 41 42 43 44 45 46 47
 48 49 50 51 52 53 54 55 56 57 58 59 60 61 62 63 64 65 66 67 68 69 70 71
 72 73 74 75 76 77 78 79 80 81 82 83 84 85 86 87 88 89 90 91 92 93 94 95
 96 97 98 99]
[30 12 -1 73 -1 -1 26 79 -1 50 -1 -1 -1 -1 34 -1 19 -1 57 67 70 75  5 93
 30 17 -1 13 31 66 13 72 61 -1 97 -1 54  8 53 84 -1 58 67 89 -1 24  3 35
 75 33 77 60 36 16 -1 18 27 66 -1 -1 94  3 82 66 71 41 67 33 37  5 81 -1
  9 65 -1 -1 -1 35 -1 57 75 39 76 68 60 46 98 37 68 -1 63 46 -1  3  0 -1
 18  0 40 -1]
[1 0 0 0 0 0 0 0 0 1 0 1 0 0 0 1 1 1 1 0 1 0 1 0 0 1 0 0 1 1 0 0 1 1 1 0 0
 1 1 1 0 1 0 0 0 1 0 0 0 1 0 0 0 1 1 1 0 1 0 1 1 0 1 1 1 1 1 1 1 1 0 1 0 0
 1 1 0 1 1 1 1 1 1 0 0 0 1 0 1 0 1 0 0 1 1 0 0 1 1 1]
[1 2 4 0 4 4 0 0 0 4 0 4 3 0 4 0 0 2 4 2 0 3 1 0 0 1 0 4 1 1 1 1 2 0 0 3 3
 4 0 1 0 2 2 0 0 4 0 1 1 0 0 2 4 2 0 0 4 0 0 0 0 4 3 1 0 1 4 0 0 3 2 0 4 4
 0 3 0 0 0 1 0 0 0 4 0 2 2 0 0 3 0 0 3 3 1 0 4 0 0 2]
[1 2 4 0 4 4 0 0 0 4 0 4 3 0 4 0 0 2 4 2 0 3 1 0 0 1 0 4 1 1 1 1 2 0 0 3 3
 4 0 1 0 2 2 0 0 4 0 1 1 0 0 2 4 2 0 0 4 0 0 0 0 4 3 1 0 1 4 0 0 3 2 0 4 4
 0 3 0 0 0 1 0 0 0 4 0 2 2 0 0 3 0 0 3 3 1 0 4 0 0 2]
[2 7 4 4 2 7 9 5 5 4 1 6 4 2 3 6 2 1 9 5 6 9 9 9 1 1 4 6 2 2 7 5 7 5 3 6 4
 3 2 2 7 5 2 6 7 6 1 5 7 8 9 3 6 4 9 3 4 4 1 9 3 1 8 9 2 4 8 6 8 3 1 8 2 1
 7 8 4 8 3 8 7 4 1 5 1 4 8 4 5 4 3 2 2 9 4 3 1 9 1 2]
[2 7 4 4 2 7 9 5 5 4 1 6 4 2 3 6 2 1 9 5 6 9 9 9 1 1 4 6 2 2 7 5 7 5 3 6 4
 3 2 2 7 5 2 6 7 6 1 5 7 8 9 3 6 4 9 3 4 4 1 9 3 1 8 9 2 4 8 6 8 3 1 8 2 1
 7 8 4 8 3 8 7 4 1 5 1 4 8 4 5 4 3 2 2 9 4 3 1 9 1 2]
[50, 50, 50, 50, 50, 22, 24, 50, 43, 50, 50, 50, 48, 50, 50, 50, 50, 27, 10, 50, 34, 50, 50, 50, 50, 17, 50, 50, 39, 26, 28, 43, 16, 20, 50, 40, 50, 50, 33, 50, 32, 50, 21, 50, 50, 50, 16, 50, 50, 50, 46, 41, 41, 50, 50, 20, 23, 22, 40, 50, 50, 15, 38, 35, 19, 26, 50, 50, 50, 13, 48, 23, 44, 50, 50, 14, 36, 33, 50, 50, 50, 12, 35, 50, 50, 50, 50, 50, 30, 50, 50, 25, 50, 50, 15, 50, 27, 42, 20, 28]
[0 0 0 0 0 0 0 0 0 0 0 0 0 0 0 0 0 0 0 0 0 0 0 0 0 0 0 0 0 0 0 0 0 0 0 0 0
 0 0 0 0 0 0 0 0 0 0 0 0 0 0 0 0 0 0 0 0 0 0 0 0 0 0 0 0 0 0 0 0 0 0 0 0 0
 0 0 0 0 0 0 0 0 0 0 0 0 0 0 0 0 0 0 0 0 0 0 0 0 0 0]
[1 1 1 1 1 1 1 1 1 1 1 1 1 1 1 1 1 1 1 1 1 1 1 1 1 1 1 1 1 1 1 1 1 1 1 1 1
 1 1 1 1 1 1 1 1 1 1 1 1 1 1 1 1 1 1 1 1 1 1 1 1 1 1 1 1 1 1 1 1 1 1 1 1 1
 1 1 1 1 1 1 1 1 1 1 1 1 1 1 1 1 1 1 1 1 1 1 1 1 1 1]
