[ 0  1  2  3  4  5  6  7  8  9 10 11 12 13 14 15 16 17 18 19 20 21 22 23
 24 25 26 27 28 29 30 31 32 33 34 35 36 37 38 39 40 41 42 43 44 45 46 47
 48 49 50 51 52 53 54 55 56 57 58 59 60 61 62 63 64 65 66 67 68 69 70 71
 72 73 74 75 76 77 78 79 80 81 82 83 84 85 86 87 88 89 90 91 92 93 94 95
 96 97 98 99]
[-1 38 -1 49  7 -1 -1 87 -1 -1 86 50 -1 28 64 14 -1 37 82  4  0 -1 -1  2
 58 17 -1 -1 -1 15 -1 38  6 -1 -1 81 77 18 90 -1 36 92 36 81 76 34 97 67
 -1 71 71 65 81 -1 30 38 10 19 -1 91 34 99 41 85 66 95 -1 -1 -1  4 18 45
 88 53 50 54 -1 70 58 -1 26 88 -1 95 63 -1 62 -1 12 -1 88 97 14 51 51 34
 54 98 93 86]
[1 1 0 0 1 1 1 0 0 0 0 1 0 1 1 1 1 0 0 0 0 1 1 0 0 0 1 0 1 1 0 1 0 1 0 1 1
 1 0 1 1 0 0 0 0 1 0 1 0 1 1 0 0 1 1 1 1 1 0 0 0 1 0 1 0 0 1 1 0 1 1 0 0 1
 0 1 0 0 0 0 1 1 1 1 1 1 1 1 1 0 0 0 0 1 1 1 0 0 0 0]
[0 0 0 4 0 3 2 0 1 1 3 0 0 0 0 3 2 0 4 1 0 1 0 2 2 4 0 3 0 3 0 0 0 0 2 0 0
 0 4 2 1 0 0 0 0 4 2 0 3 0 1 0 1 0 0 2 0 0 0 2 3 4 3 1 2 0 0 0 0 4 4 1 2 1
 0 0 0 1 1 0 0 0 0 3 0 3 1 0 0 0 2 0 0 1 0 0 2 1 4 4]
[0 0 0 4 0 3 2 0 1 1 3 0 0 0 0 3 2 0 4 1 0 1 0 2 2 4 0 3 0 3 0 0 0 0 2 0 0
 0 4 2 1 0 0 0 0 4 2 0 3 0 1 0 1 0 0 2 0 0 0 2 3 4 3 1 2 0 0 0 0 4 4 1 2 1
 0 0 0 1 1 0 0 0 0 3 0 3 1 0 0 0 2 0 0 1 0 0 2 1 4 4]
[1 2 1 4 4 7 7 2 6 5 2 5 6 6 8 7 1 3 4 9 5 3 3 1 2 5 8 8 1 5 7 7 5 2 1 8 5
 3 8 6 4 5 5 9 7 7 6 1 7 3 4 6 6 6 8 3 8 1 6 3 4 7 5 3 6 3 3 1 2 2 7 1 9 7
 4 7 5 4 8 3 1 9 8 7 7 1 8 2 3 4 3 6 1 1 9 4 4 3 7 5]
[1 2 1 4 4 7 7 2 6 5 2 5 6 6 8 7 1 3 4 9 5 3 3 1 2 5 8 8 1 5 7 7 5 2 1 8 5
 3 8 6 4 5 5 9 7 7 6 1 7 3 4 6 6 6 8 3 8 1 6 3 4 7 5 3 6 3 3 1 2 2 7 1 9 7
 4 7 5 4 8 3 1 9 8 7 7 1 8 2 3 4 3 6 1 1 9 4 4 3 7 5]
[18, 50, 50, 35, 50, 16, 50, 50, 40, 50, 14, 29, 50, 14, 50, 50, 50, 26, 50, 29, 50, 46, 50, 50, 50, 50, 50, 50, 50, 50, 50, 41, 50, 13, 50, 50, 50, 34, 48, 47, 50, 49, 50, 27, 50, 50, 13, 11, 37, 40, 49, 50, 18, 50, 50, 25, 23, 50, 23, 46, 25, 19, 50, 22, 50, 47, 50, 37, 50, 50, 45, 41, 44, 13, 33, 19, 50, 50, 29, 43, 13, 39, 39, 21, 50, 31, 50, 50, 50, 44, 42, 43, 18, 36, 36, 48, 36, 26, 50, 50]
[0 0 0 0 0 0 0 0 0 0 0 0 0 0 0 0 0 0 0 0 0 0 0 0 0 0 0 0 0 0 0 0 0 0 0 0 0
 0 0 0 0 0 0 0 0 0 0 0 0 0 0 0 0 0 0 0 0 0 0 0 0 0 0 0 0 0 0 0 0 0 0 0 0 0
 0 0 0 0 0 0 0 0 0 0 0 0 0 0 0 0 0 0 0 0 0 0 0 0 0 0]
[1 1 1 1 1 1 1 1 1 1 1 1 1 1 1 1 1 1 1 1 1 1 1 1 1 1 1 1 1 1 1 1 1 1 1 1 1
 1 1 1 1 1 1 1 1 1 1 1 1 1 1 1 1 1 1 1 1 1 1 1 1 1 1 1 1 1 1 1 1 1 1 1 1 1
 1 1 1 1 1 1 1 1 1 1 1 1 1 1 1 1 1 1 1 1 1 1 1 1 1 1]
