[ 0  1  2  3  4  5  6  7  8  9 10 11 12 13 14 15 16 17 18 19 20 21 22 23
 24 25 26 27 28 29 30 31 32 33 34 35 36 37 38 39 40 41 42 43 44 45 46 47
 48 49 50 51 52 53 54 55 56 57 58 59 60 61 62 63 64 65 66 67 68 69 70 71
 72 73 74 75 76 77 78 79 80 81 82 83 84 85 86 87 88 89 90 91 92 93 94 95
 96 97 98 99]
[-1 -1 41 99 93 53 24 60 -1 34  9  0 67  8 78 96 55 57 -1 28 38 44 -1 98
 32 10  0 44 20 10 37 -1 73 85 50 -1 -1 65 -1 14 -1 66 11 -1 24 -1 -1 36
 -1 22 66 -1 -1 71 88 -1 75 -1 39 11 -1 76 16 80 -1 97  5 -1 65 76 54 -1
 17 -1  0 -1 25 17 46 -1 98 -1 19 77 50 90 -1 47 15 42 87 26 -1 56 -1 71
 -1 38 13 66]
[1 0 1 0 0 0 0 0 1 1 1 1 0 1 0 0 0 1 0 1 0 1 1 0 1 1 1 0 0 1 0 0 0 0 0 0 1
 1 0 0 1 0 0 0 0 1 1 1 1 0 1 1 0 1 1 0 1 0 0 1 0 1 0 1 0 1 0 1 0 1 0 1 0 0
 1 0 1 0 0 0 1 0 0 1 0 1 0 0 0 1 0 0 0 1 0 1 0 0 1 0]
[1 2 2 4 0 1 1 0 4 1 0 1 0 2 4 1 0 0 3 1 0 1 0 0 1 2 4 0 4 2 0 2 4 2 0 4 4
 0 1 0 0 0 4 0 2 0 3 3 0 0 0 0 0 0 0 0 0 1 0 0 3 0 1 1 0 4 0 0 2 0 0 0 0 3
 0 0 0 3 4 0 0 4 0 0 3 2 1 0 3 4 2 3 2 0 2 3 3 0 1 0]
[1 2 2 4 0 1 1 0 4 1 0 1 0 2 4 1 0 0 3 1 0 1 0 0 1 2 4 0 4 2 0 2 4 2 0 4 4
 0 1 0 0 0 4 0 2 0 3 3 0 0 0 0 0 0 0 0 0 1 0 0 3 0 1 1 0 4 0 0 2 0 0 0 0 3
 0 0 0 3 4 0 0 4 0 0 3 2 1 0 3 4 2 3 2 0 2 3 3 0 1 0]
[5 4 8 8 4 4 7 7 5 1 8 3 6 3 8 9 7 4 1 9 3 8 3 2 7 8 4 8 4 7 6 4 3 5 8 4 8
 6 6 8 1 2 1 2 5 5 2 2 6 8 9 7 8 1 3 1 6 8 1 1 8 2 7 9 8 1 3 4 5 8 8 8 7 1
 1 8 3 6 7 4 9 4 3 8 5 9 1 1 3 4 2 2 3 8 5 8 8 9 9 9]
[5 4 8 8 4 4 7 7 5 1 8 3 6 3 8 9 7 4 1 9 3 8 3 2 7 8 4 8 4 7 6 4 3 5 8 4 8
 6 6 8 1 2 1 2 5 5 2 2 6 8 9 7 8 1 3 1 6 8 1 1 8 2 7 9 8 1 3 4 5 8 8 8 7 1
 1 8 3 6 7 4 9 4 3 8 5 9 1 1 3 4 2 2 3 8 5 8 8 9 9 9]
[50, 50, 31, 50, 15, 50, 26, 30, 12, 50, 50, 50, 50, 24, 26, 47, 37, 50, 50, 17, 50, 50, 50, 50, 49, 50, 39, 35, 50, 35, 30, 15, 33, 50, 50, 23, 50, 50, 28, 50, 50, 35, 13, 50, 50, 38, 50, 10, 50, 50, 13, 50, 26, 11, 45, 50, 17, 15, 25, 50, 50, 32, 50, 47, 43, 50, 50, 50, 39, 50, 50, 50, 27, 50, 33, 50, 49, 50, 39, 50, 14, 50, 16, 50, 28, 50, 11, 50, 50, 50, 31, 50, 13, 50, 47, 32, 50, 50, 49, 50]
[0 0 0 0 0 0 0 0 0 0 0 0 0 0 0 0 0 0 0 0 0 0 0 0 0 0 0 0 0 0 0 0 0 0 0 0 0
 0 0 0 0 0 0 0 0 0 0 0 0 0 0 0 0 0 0 0 0 0 0 0 0 0 0 0 0 0 0 0 0 0 0 0 0 0
 0 0 0 0 0 0 0 0 0 0 0 0 0 0 0 0 0 0 0 0 0 0 0 0 0 0]
[1 1 1 1 1 1 1 1 1 1 1 1 1 1 1 1 1 1 1 1 1 1 1 1 1 1 1 1 1 1 1 1 1 1 1 1 1
 1 1 1 1 1 1 1 1 1 1 1 1 1 1 1 1 1 1 1 1 1 1 1 1 1 1 1 1 1 1 1 1 1 1 1 1 1
 1 1 1 1 1 1 1 1 1 1 1 1 1 1 1 1 1 1 1 1 1 1 1 1 1 1]
