[ 0  1  2  3  4  5  6  7  8  9 10 11 12 13 14 15 16 17 18 19 20 21 22 23
 24 25 26 27 28 29 30 31 32 33 34 35 36 37 38 39 40 41 42 43 44 45 46 47
 48 49 50 51 52 53 54 55 56 57 58 59 60 61 62 63 64 65 66 67 68 69 70 71
 72 73 74 75 76 77 78 79 80 81 82 83 84 85 86 87 88 89 90 91 92 93 94 95
 96 97 98 99]
[88 43 34  5 98 -1 -1 -1 -1 76 62 17 58 49 59 66 89 -1 19 80 -1 43 62 -1
 81 22 86 -1 83 74 -1 92 23 -1 -1 -1 -1 58 -1 -1 15 46 28 14  5 -1 83 76
 -1 25 31 59 -1 -1 74 48 61 26 80  6 -1 22 -1 83 -1 15  9 32 10 17 -1 33
 37 60 57 -1 -1 91 69 -1 -1 -1 -1 -1 21 57 55 39 72 40 14 60 36 43 17 13
 57 -1 60 -1]
[0 1 1 0 1 1 0 1 1 1 1 1 0 0 0 0 0 1 0 1 0 0 0 1 1 0 1 1 1 0 1 0 1 1 1 1 0
 1 1 1 0 1 1 0 0 0 1 1 0 0 0 1 1 0 0 0 1 1 0 0 1 0 1 0 1 0 0 0 0 0 1 0 1 0
 0 1 1 0 0 1 0 0 1 1 0 1 0 1 0 1 0 0 0 1 0 1 0 1 0 0]
[4 0 4 0 0 3 3 0 4 4 0 3 0 0 0 4 0 3 0 0 2 4 2 0 0 4 4 0 0 0 4 2 1 1 3 0 0
 4 0 0 3 2 2 4 2 0 0 0 0 0 4 3 4 0 0 0 4 1 0 3 0 0 4 0 1 2 0 0 1 1 0 2 0 0
 3 2 2 1 3 0 4 3 1 0 3 2 3 2 0 1 1 3 0 4 0 3 0 3 0 0]
[4 0 4 0 0 3 3 0 4 4 0 3 0 0 0 4 0 3 0 0 2 4 2 0 0 4 4 0 0 0 4 2 1 1 3 0 0
 4 0 0 3 2 2 4 2 0 0 0 0 0 4 3 4 0 0 0 4 1 0 3 0 0 4 0 1 2 0 0 1 1 0 2 0 0
 3 2 2 1 3 0 4 3 1 0 3 2 3 2 0 1 1 3 0 4 0 3 0 3 0 0]
[5 5 2 3 1 7 8 5 3 1 1 2 5 2 1 5 1 1 4 1 7 7 1 7 6 8 9 9 6 8 6 5 8 8 9 9 8
 6 5 1 6 7 4 2 1 7 4 3 7 7 9 6 1 1 3 4 4 6 5 9 6 3 6 5 4 5 6 2 8 4 3 1 4 7
 6 9 4 5 6 4 3 4 4 2 5 9 7 7 3 4 3 2 1 6 9 8 6 3 6 6]
[5 5 2 3 1 7 8 5 3 1 1 2 5 2 1 5 1 1 4 1 7 7 1 7 6 8 9 9 6 8 6 5 8 8 9 9 8
 6 5 1 6 7 4 2 1 7 4 3 7 7 9 6 1 1 3 4 4 6 5 9 6 3 6 5 4 5 6 2 8 4 3 1 4 7
 6 9 4 5 6 4 3 4 4 2 5 9 7 7 3 4 3 2 1 6 9 8 6 3 6 6]
[48, 19, 50, 50, 11, 19, 50, 32, 29, 11, 50, 50, 49, 50, 26, 50, 50, 50, 50, 50, 50, 50, 50, 21, 50, 18, 50, 22, 50, 50, 50, 50, 50, 48, 28, 36, 50, 31, 50, 27, 48, 50, 50, 33, 50, 11, 34, 50, 50, 50, 50, 23, 50, 50, 49, 25, 29, 50, 50, 50, 50, 28, 50, 33, 38, 50, 50, 50, 29, 14, 22, 50, 27, 50, 50, 50, 18, 50, 50, 50, 50, 49, 23, 25, 50, 27, 49, 50, 19, 50, 10, 31, 38, 30, 27, 50, 15, 50, 42, 29]
[0 0 0 0 0 0 0 0 0 0 0 0 0 0 0 0 0 0 0 0 0 0 0 0 0 0 0 0 0 0 0 0 0 0 0 0 0
 0 0 0 0 0 0 0 0 0 0 0 0 0 0 0 0 0 0 0 0 0 0 0 0 0 0 0 0 0 0 0 0 0 0 0 0 0
 0 0 0 0 0 0 0 0 0 0 0 0 0 0 0 0 0 0 0 0 0 0 0 0 0 0]
[1 1 1 1 1 1 1 1 1 1 1 1 1 1 1 1 1 1 1 1 1 1 1 1 1 1 1 1 1 1 1 1 1 1 1 1 1
 1 1 1 1 1 1 1 1 1 1 1 1 1 1 1 1 1 1 1 1 1 1 1 1 1 1 1 1 1 1 1 1 1 1 1 1 1
 1 1 1 1 1 1 1 1 1 1 1 1 1 1 1 1 1 1 1 1 1 1 1 1 1 1]
