[ 0  1  2  3  4  5  6  7  8  9 10 11 12 13 14 15 16 17 18 19 20 21 22 23
 24 25 26 27 28 29 30 31 32 33 34 35 36 37 38 39 40 41 42 43 44 45 46 47
 48 49 50 51 52 53 54 55 56 57 58 59 60 61 62 63 64 65 66 67 68 69 70 71
 72 73 74 75 76 77 78 79 80 81 82 83 84 85 86 87 88 89 90 91 92 93 94 95
 96 97 98 99]
[57 27 23 38 -1 35 21 -1 80 -1 -1 -1 73 11 20 36 -1 23 -1 68 11 -1 60 -1
 -1 -1 88 86 -1 -1 -1 -1 40 -1 45 79 26 98 39 30 11 68 67 22 31 39 41 90
 94 36 -1  0 80 50 49 91 76 -1 46 -1 73 75 83 87 -1 -1 53 -1 78 37 73 12
 10 80 -1 -1 93 -1 -1 38 58 -1 70 23  8  3 -1 20 59 72 50 -1 97 -1 45 46
 70 98 42 41]
[0 0 0 0 0 0 0 1 0 1 0 0 1 1 1 1 1 0 1 0 1 1 1 1 0 1 1 1 0 0 0 0 1 1 0 1 0
 0 0 1 0 1 1 1 0 0 0 0 1 0 0 0 0 0 1 1 0 0 1 1 1 1 0 0 1 0 0 1 1 0 1 1 1 0
 0 1 0 0 0 1 0 1 1 0 0 0 0 0 0 1 0 1 0 1 1 1 1 1 0 1]
[1 2 3 2 0 2 2 0 0 0 4 0 2 0 2 0 1 4 0 0 2 0 2 0 4 4 0 0 0 0 0 0 0 2 2 3 2
 4 1 0 0 2 0 0 3 1 0 3 3 1 0 0 4 0 0 3 3 0 0 3 2 2 3 3 0 1 1 0 3 0 0 3 0 4
 3 4 4 1 2 2 0 3 2 0 0 0 1 3 4 0 0 2 0 3 2 2 2 3 0 3]
[1 2 3 2 0 2 2 0 0 0 4 0 2 0 2 0 1 4 0 0 2 0 2 0 4 4 0 0 0 0 0 0 0 2 2 3 2
 4 1 0 0 2 0 0 3 1 0 3 3 1 0 0 4 0 0 3 3 0 0 3 2 2 3 3 0 1 1 0 3 0 0 3 0 4
 3 4 4 1 2 2 0 3 2 0 0 0 1 3 4 0 0 2 0 3 2 2 2 3 0 3]
[5 6 6 6 7 4 8 8 6 1 2 3 1 3 7 2 8 5 4 5 9 9 8 5 8 2 8 3 6 7 4 2 6 3 3 9 1
 7 7 4 4 3 5 5 4 1 3 4 5 6 9 9 4 6 9 4 5 9 9 7 6 9 7 4 2 9 7 3 3 7 2 2 6 5
 4 7 8 5 8 6 7 9 9 9 8 3 7 6 9 7 1 7 2 2 1 7 4 2 1 9]
[5 6 6 6 7 4 8 8 6 1 2 3 1 3 7 2 8 5 4 5 9 9 8 5 8 2 8 3 6 7 4 2 6 3 3 9 1
 7 7 4 4 3 5 5 4 1 3 4 5 6 9 9 4 6 9 4 5 9 9 7 6 9 7 4 2 9 7 3 3 7 2 2 6 5
 4 7 8 5 8 6 7 9 9 9 8 3 7 6 9 7 1 7 2 2 1 7 4 2 1 9]
[50, 45, 25, 17, 29, 50, 32, 40, 15, 29, 33, 13, 50, 50, 45, 50, 50, 27, 50, 50, 47, 50, 49, 50, 13, 21, 29, 17, 10, 50, 25, 50, 50, 50, 45, 50, 50, 50, 50, 23, 50, 14, 47, 50, 50, 50, 50, 50, 22, 50, 50, 32, 20, 50, 49, 50, 16, 50, 22, 50, 50, 50, 50, 50, 15, 26, 29, 38, 46, 50, 30, 50, 50, 28, 47, 28, 50, 50, 50, 24, 42, 45, 11, 50, 49, 50, 29, 50, 39, 50, 50, 31, 50, 12, 40, 49, 50, 41, 50, 50]
[0 0 0 0 0 0 0 0 0 0 0 0 0 0 0 0 0 0 0 0 0 0 0 0 0 0 0 0 0 0 0 0 0 0 0 0 0
 0 0 0 0 0 0 0 0 0 0 0 0 0 0 0 0 0 0 0 0 0 0 0 0 0 0 0 0 0 0 0 0 0 0 0 0 0
 0 0 0 0 0 0 0 0 0 0 0 0 0 0 0 0 0 0 0 0 0 0 0 0 0 0]
[1 1 1 1 1 1 1 1 1 1 1 1 1 1 1 1 1 1 1 1 1 1 1 1 1 1 1 1 1 1 1 1 1 1 1 1 1
 1 1 1 1 1 1 1 1 1 1 1 1 1 1 1 1 1 1 1 1 1 1 1 1 1 1 1 1 1 1 1 1 1 1 1 1 1
 1 1 1 1 1 1 1 1 1 1 1 1 1 1 1 1 1 1 1 1 1 1 1 1 1 1]
