[ 0  1  2  3  4  5  6  7  8  9 10 11 12 13 14 15 16 17 18 19 20 21 22 23
 24 25 26 27 28 29 30 31 32 33 34 35 36 37 38 39 40 41 42 43 44 45 46 47
 48 49 50 51 52 53 54 55 56 57 58 59 60 61 62 63 64 65 66 67 68 69 70 71
 72 73 74 75 76 77 78 79 80 81 82 83 84 85 86 87 88 89 90 91 92 93 94 95
 96 97 98 99]
[72 63 20 -1 45 28 53 36 18 -1 -1 83 52 50 -1 -1  0 -1 68 77 -1 -1 -1 -1
 16 30 46 20 45 18 -1 -1 75 18 45 -1 96  7 -1 -1  3 -1 -1 48 86 -1 -1 84
 93 91 -1 32 59 64 91 87 -1 -1 -1 20 -1  4 98 15 -1 52 69 51  6 62 64 59
 18 24 64 -1 -1 78 -1 12 35 88 -1 75 29 31 -1 -1 92 40 95 27 34 -1 14 75
 60 -1 88 20]
[1 1 1 1 1 1 0 1 0 1 1 0 1 0 0 0 0 1 0 1 0 1 0 0 0 0 1 0 1 1 0 0 0 0 0 0 0
 0 1 0 1 1 1 1 0 1 0 0 0 0 0 0 0 1 1 1 0 0 0 0 1 1 1 1 0 0 0 0 0 0 1 0 0 1
 0 1 1 0 1 1 0 0 1 1 0 1 1 1 1 0 1 0 1 1 1 1 0 1 0 0]
[0 1 0 3 0 0 0 3 4 0 1 1 0 0 1 1 0 0 0 1 0 0 0 4 4 0 1 2 3 0 2 3 2 3 1 3 0
 0 2 3 0 3 4 1 0 2 0 1 0 3 2 0 0 0 0 3 4 1 0 0 0 2 0 4 3 0 3 2 3 2 0 4 1 4
 2 3 0 0 0 4 0 2 0 4 2 1 0 0 0 1 0 0 1 3 0 2 0 2 0 0]
[0 1 0 3 0 0 0 3 4 0 1 1 0 0 1 1 0 0 0 1 0 0 0 4 4 0 1 2 3 0 2 3 2 3 1 3 0
 0 2 3 0 3 4 1 0 2 0 1 0 3 2 0 0 0 0 3 4 1 0 0 0 2 0 4 3 0 3 2 3 2 0 4 1 4
 2 3 0 0 0 4 0 2 0 4 2 1 0 0 0 1 0 0 1 3 0 2 0 2 0 0]
[1 8 5 4 4 4 1 4 3 5 9 9 9 2 9 8 1 2 9 8 2 7 2 5 5 6 7 5 1 1 6 8 3 6 8 4 4
 7 9 4 4 5 3 1 5 5 9 1 8 2 4 9 2 3 3 4 7 8 4 1 3 2 7 3 4 9 8 8 6 5 4 9 4 6
 8 6 6 9 2 3 3 1 6 9 8 1 4 2 1 6 8 2 8 8 8 8 4 9 1 9]
[1 8 5 4 4 4 1 4 3 5 9 9 9 2 9 8 1 2 9 8 2 7 2 5 5 6 7 5 1 1 6 8 3 6 8 4 4
 7 9 4 4 5 3 1 5 5 9 1 8 2 4 9 2 3 3 4 7 8 4 1 3 2 7 3 4 9 8 8 6 5 4 9 4 6
 8 6 6 9 2 3 3 1 6 9 8 1 4 2 1 6 8 2 8 8 8 8 4 9 1 9]
[50, 50, 50, 50, 50, 10, 50, 16, 21, 29, 50, 50, 50, 50, 50, 30, 50, 28, 50, 50, 44, 50, 28, 50, 46, 50, 47, 16, 50, 50, 13, 24, 12, 50, 50, 37, 25, 24, 50, 50, 29, 43, 50, 35, 50, 40, 33, 48, 50, 50, 50, 50, 50, 42, 19, 41, 48, 50, 21, 25, 50, 50, 50, 40, 50, 50, 18, 50, 42, 20, 39, 50, 50, 50, 11, 28, 50, 37, 32, 50, 50, 50, 50, 31, 50, 22, 24, 25, 13, 18, 50, 50, 49, 41, 29, 50, 41, 50, 23, 43]
[0 0 0 0 0 0 0 0 0 0 0 0 0 0 0 0 0 0 0 0 0 0 0 0 0 0 0 0 0 0 0 0 0 0 0 0 0
 0 0 0 0 0 0 0 0 0 0 0 0 0 0 0 0 0 0 0 0 0 0 0 0 0 0 0 0 0 0 0 0 0 0 0 0 0
 0 0 0 0 0 0 0 0 0 0 0 0 0 0 0 0 0 0 0 0 0 0 0 0 0 0]
[1 1 1 1 1 1 1 1 1 1 1 1 1 1 1 1 1 1 1 1 1 1 1 1 1 1 1 1 1 1 1 1 1 1 1 1 1
 1 1 1 1 1 1 1 1 1 1 1 1 1 1 1 1 1 1 1 1 1 1 1 1 1 1 1 1 1 1 1 1 1 1 1 1 1
 1 1 1 1 1 1 1 1 1 1 1 1 1 1 1 1 1 1 1 1 1 1 1 1 1 1]
