[ 0  1  2  3  4  5  6  7  8  9 10 11 12 13 14 15 16 17 18 19 20 21 22 23
 24 25 26 27 28 29 30 31 32 33 34 35 36 37 38 39 40 41 42 43 44 45 46 47
 48 49 50 51 52 53 54 55 56 57 58 59 60 61 62 63 64 65 66 67 68 69 70 71
 72 73 74 75 76 77 78 79 80 81 82 83 84 85 86 87 88 89 90 91 92 93 94 95
 96 97 98 99]
[-1 -1 -1 94 38 -1 56 -1 44 -1 49 95 -1 45 -1 21 -1 38 -1 -1 59 61 -1 -1
 73 -1 55 -1 10 -1 73 -1 -1 -1 -1 -1 -1 36 54 71 -1 62 -1 29 20 -1 -1 44
 -1 -1 -1 92 -1 -1 63 91 -1 23 48 34 72 -1 75 72 -1  8 10 64 48 53 94 45
 -1 27  0 73 47 -1 18 99 -1 -1 -1 21 17 35 75 -1 65 -1 44 -1 -1 90 -1 22
 16 91 79 67]
[0 1 0 0 1 1 0 0 0 1 1 1 1 1 1 1 0 0 0 0 1 0 1 0 0 0 0 0 0 1 1 1 1 1 1 0 1
 1 0 0 0 1 0 1 0 0 1 0 0 0 1 0 1 1 1 1 1 0 0 1 1 0 1 0 1 0 0 1 0 0 0 0 0 1
 1 1 1 0 1 0 1 1 0 0 0 1 1 1 0 0 1 1 0 0 0 1 1 0 1 0]
[4 0 3 1 0 3 0 4 0 0 3 4 0 0 0 3 2 0 3 3 0 0 2 0 3 4 1 0 4 1 4 0 0 0 1 0 2
 0 0 2 0 0 4 3 0 1 1 0 4 0 4 1 1 3 1 3 3 0 3 0 3 4 0 4 2 2 3 0 1 0 2 4 0 4
 1 0 0 4 0 0 0 0 4 0 3 1 3 0 0 0 0 0 4 0 0 0 1 0 0 0]
[4 0 3 1 0 3 0 4 0 0 3 4 0 0 0 3 2 0 3 3 0 0 2 0 3 4 1 0 4 1 4 0 0 0 1 0 2
 0 0 2 0 0 4 3 0 1 1 0 4 0 4 1 1 3 1 3 3 0 3 0 3 4 0 4 2 2 3 0 1 0 2 4 0 4
 1 0 0 4 0 0 0 0 4 0 3 1 3 0 0 0 0 0 4 0 0 0 1 0 0 0]
[6 7 6 3 5 3 7 4 8 9 3 7 6 1 6 6 9 2 5 8 3 3 3 1 8 7 5 1 1 2 9 5 1 4 3 7 2
 6 4 8 2 7 7 4 1 6 8 9 7 2 1 9 2 9 5 3 3 9 3 3 2 7 4 7 9 6 4 3 6 6 4 2 4 1
 9 5 3 1 5 2 4 8 9 7 3 4 6 6 3 9 7 6 9 3 1 6 9 8 2 6]
[6 7 6 3 5 3 7 4 8 9 3 7 6 1 6 6 9 2 5 8 3 3 3 1 8 7 5 1 1 2 9 5 1 4 3 7 2
 6 4 8 2 7 7 4 1 6 8 9 7 2 1 9 2 9 5 3 3 9 3 3 2 7 4 7 9 6 4 3 6 6 4 2 4 1
 9 5 3 1 5 2 4 8 9 7 3 4 6 6 3 9 7 6 9 3 1 6 9 8 2 6]
[50, 23, 10, 50, 50, 25, 37, 23, 50, 33, 18, 50, 50, 50, 50, 50, 26, 50, 50, 23, 50, 50, 50, 49, 50, 50, 50, 49, 50, 50, 50, 37, 32, 50, 12, 50, 50, 50, 50, 50, 50, 50, 50, 50, 14, 50, 17, 13, 50, 50, 50, 50, 50, 50, 50, 23, 40, 21, 50, 41, 50, 50, 11, 48, 50, 23, 14, 31, 20, 11, 50, 37, 50, 50, 50, 50, 10, 38, 26, 46, 21, 50, 50, 13, 50, 22, 44, 50, 50, 13, 43, 43, 14, 50, 38, 50, 50, 50, 19, 49]
[0 0 0 0 0 0 0 0 0 0 0 0 0 0 0 0 0 0 0 0 0 0 0 0 0 0 0 0 0 0 0 0 0 0 0 0 0
 0 0 0 0 0 0 0 0 0 0 0 0 0 0 0 0 0 0 0 0 0 0 0 0 0 0 0 0 0 0 0 0 0 0 0 0 0
 0 0 0 0 0 0 0 0 0 0 0 0 0 0 0 0 0 0 0 0 0 0 0 0 0 0]
[1 1 1 1 1 1 1 1 1 1 1 1 1 1 1 1 1 1 1 1 1 1 1 1 1 1 1 1 1 1 1 1 1 1 1 1 1
 1 1 1 1 1 1 1 1 1 1 1 1 1 1 1 1 1 1 1 1 1 1 1 1 1 1 1 1 1 1 1 1 1 1 1 1 1
 1 1 1 1 1 1 1 1 1 1 1 1 1 1 1 1 1 1 1 1 1 1 1 1 1 1]
