[ 0  1  2  3  4  5  6  7  8  9 10 11 12 13 14 15 16 17 18 19 20 21 22 23
 24 25 26 27 28 29 30 31 32 33 34 35 36 37 38 39 40 41 42 43 44 45 46 47
 48 49 50 51 52 53 54 55 56 57 58 59 60 61 62 63 64 65 66 67 68 69 70 71
 72 73 74 75 76 77 78 79 80 81 82 83 84 85 86 87 88 89 90 91 92 93 94 95
 96 97 98 99]
[24  5 75 84 67 95 99 76 78 11 53  7 -1 -1 -1 -1 46 16 96 42 58 41 -1 69
 95 -1 21 -1 63 -1 70 72 29 40 -1 33 55 -1 -1 -1 -1 30  9  7 17 12 30 -1
 57 64 -1 -1 -1 66 52  9  0 -1 53 -1 -1 99 61 -1  7 -1 -1 48 73 62 -1 -1
 87 63  8 47 79 63 55 -1 -1 92 -1 41 90 78 85 79 51 69 -1 78 -1 78 21 -1
 40  7 58 -1]
[0 1 1 0 1 1 0 1 0 0 1 0 0 0 1 0 1 0 0 0 0 0 0 1 1 0 0 1 0 1 0 1 1 0 0 1 0
 1 0 0 0 1 0 1 0 1 1 0 0 0 0 0 1 0 0 1 0 1 1 0 0 1 1 0 0 0 0 1 0 0 0 1 0 0
 0 0 0 0 0 1 0 1 1 1 0 1 1 1 0 0 0 1 0 0 0 0 1 1 0 0]
[4 0 0 0 0 0 4 3 0 0 3 2 0 2 4 0 1 3 0 0 0 0 3 2 0 4 2 0 0 4 0 0 1 4 0 0 2
 0 0 2 1 0 3 0 0 0 4 2 0 2 0 2 0 2 3 4 0 3 1 1 0 2 0 4 0 1 4 0 2 2 3 3 3 0
 0 0 2 1 0 4 4 2 1 2 2 0 3 1 3 1 2 4 1 1 4 0 0 0 3 0]
[4 0 0 0 0 0 4 3 0 0 3 2 0 2 4 0 1 3 0 0 0 0 3 2 0 4 2 0 0 4 0 0 1 4 0 0 2
 0 0 2 1 0 3 0 0 0 4 2 0 2 0 2 0 2 3 4 0 3 1 1 0 2 0 4 0 1 4 0 2 2 3 3 3 0
 0 0 2 1 0 4 4 2 1 2 2 0 3 1 3 1 2 4 1 1 4 0 0 0 3 0]
[2 4 8 4 8 9 5 1 6 9 7 6 4 5 6 1 2 8 9 3 8 4 3 8 3 8 6 1 8 8 4 7 5 1 4 2 6
 2 3 8 5 5 3 4 9 8 7 6 9 8 6 5 9 5 5 2 1 7 5 1 2 6 7 2 9 9 7 4 7 7 2 4 9 2
 2 9 3 1 6 5 9 5 6 4 7 7 7 6 8 7 8 3 8 5 4 1 4 3 4 6]
[2 4 8 4 8 9 5 1 6 9 7 6 4 5 6 1 2 8 9 3 8 4 3 8 3 8 6 1 8 8 4 7 5 1 4 2 6
 2 3 8 5 5 3 4 9 8 7 6 9 8 6 5 9 5 5 2 1 7 5 1 2 6 7 2 9 9 7 4 7 7 2 4 9 2
 2 9 3 1 6 5 9 5 6 4 7 7 7 6 8 7 8 3 8 5 4 1 4 3 4 6]
[45, 39, 50, 50, 41, 21, 50, 50, 50, 50, 44, 18, 42, 50, 50, 50, 50, 50, 18, 42, 49, 50, 50, 50, 30, 13, 14, 50, 50, 50, 19, 36, 26, 13, 17, 41, 13, 40, 30, 25, 50, 15, 50, 45, 44, 33, 50, 50, 50, 50, 50, 50, 19, 50, 50, 50, 50, 50, 50, 50, 28, 16, 50, 50, 50, 19, 42, 45, 40, 13, 50, 39, 50, 50, 50, 14, 50, 50, 38, 50, 21, 46, 27, 36, 50, 50, 50, 50, 50, 37, 50, 17, 41, 50, 50, 50, 22, 17, 10, 50]
[0 0 0 0 0 0 0 0 0 0 0 0 0 0 0 0 0 0 0 0 0 0 0 0 0 0 0 0 0 0 0 0 0 0 0 0 0
 0 0 0 0 0 0 0 0 0 0 0 0 0 0 0 0 0 0 0 0 0 0 0 0 0 0 0 0 0 0 0 0 0 0 0 0 0
 0 0 0 0 0 0 0 0 0 0 0 0 0 0 0 0 0 0 0 0 0 0 0 0 0 0]
[1 1 1 1 1 1 1 1 1 1 1 1 1 1 1 1 1 1 1 1 1 1 1 1 1 1 1 1 1 1 1 1 1 1 1 1 1
 1 1 1 1 1 1 1 1 1 1 1 1 1 1 1 1 1 1 1 1 1 1 1 1 1 1 1 1 1 1 1 1 1 1 1 1 1
 1 1 1 1 1 1 1 1 1 1 1 1 1 1 1 1 1 1 1 1 1 1 1 1 1 1]
