[ 0  1  2  3  4  5  6  7  8  9 10 11 12 13 14 15 16 17 18 19 20 21 22 23
 24 25 26 27 28 29 30 31 32 33 34 35 36 37 38 39 40 41 42 43 44 45 46 47
 48 49 50 51 52 53 54 55 56 57 58 59 60 61 62 63 64 65 66 67 68 69 70 71
 72 73 74 75 76 77 78 79 80 81 82 83 84 85 86 87 88 89 90 91 92 93 94 95
 96 97 98 99]
[-1 -1 44 51 -1  4 59 76  3 10 -1 29 -1 12 77 48  0 80 69 -1 15 72 -1 -1
 92  9 13 -1 21 84 66  7 25 42 35 -1 30 -1 -1 96 91 69 52 71 96 71 -1 -1
  0 79 -1 -1 22 20 46 75 -1 17 -1 54 24 36 93 34 44 -1 21 -1 11 -1 21 39
  6 15 69 -1  4 -1 48 -1 37 15 -1 36 53 25 -1 -1 63 -1 72 49 -1 88 77  5
 60 -1 92 -1]
[1 0 0 0 1 0 1 1 0 1 0 1 0 1 1 0 0 0 0 0 0 0 1 1 0 1 0 0 1 0 1 0 1 0 0 1 0
 0 0 1 1 1 0 0 1 0 0 1 0 0 0 0 1 1 0 0 1 0 1 0 1 0 0 0 1 0 0 1 0 0 0 1 0 1
 1 0 1 1 1 0 1 1 1 0 1 1 0 0 1 0 0 1 1 0 0 1 1 0 0 1]
[0 0 0 0 0 0 0 0 0 0 0 2 3 2 2 2 3 4 0 4 1 2 0 1 3 0 2 4 0 0 4 1 0 0 1 0 0
 0 0 4 0 0 0 0 2 4 4 0 0 0 0 0 0 0 0 1 0 3 4 0 0 4 0 0 0 4 1 4 3 0 0 1 0 4
 0 3 2 2 0 2 0 2 3 0 0 3 0 3 4 2 4 4 0 0 1 0 4 2 0 2]
[0 0 0 0 0 0 0 0 0 0 0 2 3 2 2 2 3 4 0 4 1 2 0 1 3 0 2 4 0 0 4 1 0 0 1 0 0
 0 0 4 0 0 0 0 2 4 4 0 0 0 0 0 0 0 0 1 0 3 4 0 0 4 0 0 0 4 1 4 3 0 0 1 0 4
 0 3 2 2 0 2 0 2 3 0 0 3 0 3 4 2 4 4 0 0 1 0 4 2 0 2]
[9 7 5 9 5 4 4 4 4 7 3 5 1 6 4 9 5 5 5 9 7 6 3 5 7 1 6 1 2 1 7 6 5 3 9 2 9
 6 2 5 4 5 8 8 9 1 4 4 9 9 2 6 7 8 1 9 1 7 7 3 9 8 2 6 1 2 4 2 1 6 7 3 6 5
 9 7 5 6 2 9 3 7 1 3 9 1 7 9 7 7 5 2 1 9 7 1 1 1 5 1]
[9 7 5 9 5 4 4 4 4 7 3 5 1 6 4 9 5 5 5 9 7 6 3 5 7 1 6 1 2 1 7 6 5 3 9 2 9
 6 2 5 4 5 8 8 9 1 4 4 9 9 2 6 7 8 1 9 1 7 7 3 9 8 2 6 1 2 4 2 1 6 7 3 6 5
 9 7 5 6 2 9 3 7 1 3 9 1 7 9 7 7 5 2 1 9 7 1 1 1 5 1]
[50, 50, 34, 19, 12, 22, 50, 50, 50, 19, 37, 42, 50, 43, 10, 50, 50, 50, 18, 16, 43, 50, 46, 50, 50, 50, 23, 50, 24, 39, 27, 50, 22, 50, 41, 22, 50, 43, 50, 39, 50, 41, 50, 42, 50, 50, 50, 35, 50, 27, 50, 50, 41, 30, 50, 38, 32, 33, 50, 50, 35, 24, 50, 50, 50, 17, 50, 15, 17, 36, 12, 18, 10, 50, 50, 39, 50, 50, 44, 38, 50, 35, 50, 50, 44, 50, 50, 50, 50, 41, 48, 50, 23, 39, 22, 50, 50, 33, 50, 50]
[0 0 0 0 0 0 0 0 0 0 0 0 0 0 0 0 0 0 0 0 0 0 0 0 0 0 0 0 0 0 0 0 0 0 0 0 0
 0 0 0 0 0 0 0 0 0 0 0 0 0 0 0 0 0 0 0 0 0 0 0 0 0 0 0 0 0 0 0 0 0 0 0 0 0
 0 0 0 0 0 0 0 0 0 0 0 0 0 0 0 0 0 0 0 0 0 0 0 0 0 0]
[1 1 1 1 1 1 1 1 1 1 1 1 1 1 1 1 1 1 1 1 1 1 1 1 1 1 1 1 1 1 1 1 1 1 1 1 1
 1 1 1 1 1 1 1 1 1 1 1 1 1 1 1 1 1 1 1 1 1 1 1 1 1 1 1 1 1 1 1 1 1 1 1 1 1
 1 1 1 1 1 1 1 1 1 1 1 1 1 1 1 1 1 1 1 1 1 1 1 1 1 1]
