[ 0  1  2  3  4  5  6  7  8  9 10 11 12 13 14 15 16 17 18 19 20 21 22 23
 24 25 26 27 28 29 30 31 32 33 34 35 36 37 38 39 40 41 42 43 44 45 46 47
 48 49 50 51 52 53 54 55 56 57 58 59 60 61 62 63 64 65 66 67 68 69 70 71
 72 73 74 75 76 77 78 79 80 81 82 83 84 85 86 87 88 89 90 91 92 93 94 95
 96 97 98 99]
[95 69 -1 -1 -1 97 67 13 49 -1 75 17 53 20 66 61 95 -1 60 54 -1 37  0 56
 84 -1 93 72 86 -1 -1 20 -1  0 60 -1 30 13 -1 95 91 57 -1 -1 -1 -1 54 49
 89 -1 -1  4 -1  9  0  8 19 60 80  9 -1 -1 -1 55 35 71 99 37  8 -1 82 -1
 70 58 72 70 91 32 95 -1 48 32 43 -1 68 25  5 93 58 52 -1 -1 40 22  6 43
 86 -1 75 80]
[0 0 0 1 1 0 1 0 1 0 1 1 1 0 1 0 1 1 1 1 1 1 0 0 1 0 0 1 1 1 0 0 0 0 1 0 1
 1 0 1 0 1 1 1 0 1 0 1 1 1 0 0 0 1 1 1 0 1 0 1 1 0 0 1 1 0 1 0 1 0 1 1 0 1
 1 0 1 1 1 0 0 0 0 1 0 1 1 0 0 1 0 0 1 1 0 1 0 0 0 0]
[2 2 0 0 0 2 0 1 0 0 0 0 4 4 0 0 0 2 0 0 2 0 3 0 0 1 0 0 0 0 3 4 0 0 0 2 3
 0 1 3 2 2 0 3 0 0 0 3 3 0 4 3 0 2 1 0 0 3 0 2 3 1 3 4 0 4 2 0 1 2 1 1 0 1
 0 2 0 4 4 2 0 0 1 1 0 0 0 0 1 0 1 0 4 0 2 1 1 1 3 0]
[2 2 0 0 0 2 0 1 0 0 0 0 4 4 0 0 0 2 0 0 2 0 3 0 0 1 0 0 0 0 3 4 0 0 0 2 3
 0 1 3 2 2 0 3 0 0 0 3 3 0 4 3 0 2 1 0 0 3 0 2 3 1 3 4 0 4 2 0 1 2 1 1 0 1
 0 2 0 4 4 2 0 0 1 1 0 0 0 0 1 0 1 0 4 0 2 1 1 1 3 0]
[6 2 1 9 2 9 6 7 9 5 6 5 1 3 9 2 2 1 1 6 1 4 3 8 6 8 5 9 6 3 2 6 4 7 9 8 3
 1 6 5 1 1 1 4 4 4 9 1 2 4 6 8 9 8 5 4 7 5 7 5 3 4 3 4 1 6 6 4 3 1 3 1 1 2
 5 8 6 8 1 9 2 7 8 7 3 8 8 5 2 4 7 4 3 7 2 7 4 7 1 7]
[6 2 1 9 2 9 6 7 9 5 6 5 1 3 9 2 2 1 1 6 1 4 3 8 6 8 5 9 6 3 2 6 4 7 9 8 3
 1 6 5 1 1 1 4 4 4 9 1 2 4 6 8 9 8 5 4 7 5 7 5 3 4 3 4 1 6 6 4 3 1 3 1 1 2
 5 8 6 8 1 9 2 7 8 7 3 8 8 5 2 4 7 4 3 7 2 7 4 7 1 7]
[50, 50, 14, 50, 16, 42, 50, 50, 10, 42, 38, 50, 18, 24, 50, 50, 41, 46, 50, 32, 49, 30, 50, 30, 31, 16, 13, 24, 50, 50, 30, 11, 50, 50, 50, 12, 33, 41, 50, 50, 34, 50, 25, 34, 50, 17, 13, 43, 50, 50, 50, 50, 43, 34, 50, 14, 50, 50, 50, 50, 47, 50, 50, 50, 22, 50, 47, 50, 50, 46, 31, 43, 50, 50, 50, 19, 13, 50, 31, 49, 36, 50, 50, 50, 50, 50, 48, 50, 50, 15, 20, 50, 41, 44, 24, 47, 35, 42, 50, 50]
[0 0 0 0 0 0 0 0 0 0 0 0 0 0 0 0 0 0 0 0 0 0 0 0 0 0 0 0 0 0 0 0 0 0 0 0 0
 0 0 0 0 0 0 0 0 0 0 0 0 0 0 0 0 0 0 0 0 0 0 0 0 0 0 0 0 0 0 0 0 0 0 0 0 0
 0 0 0 0 0 0 0 0 0 0 0 0 0 0 0 0 0 0 0 0 0 0 0 0 0 0]
[1 1 1 1 1 1 1 1 1 1 1 1 1 1 1 1 1 1 1 1 1 1 1 1 1 1 1 1 1 1 1 1 1 1 1 1 1
 1 1 1 1 1 1 1 1 1 1 1 1 1 1 1 1 1 1 1 1 1 1 1 1 1 1 1 1 1 1 1 1 1 1 1 1 1
 1 1 1 1 1 1 1 1 1 1 1 1 1 1 1 1 1 1 1 1 1 1 1 1 1 1]
