[ 0  1  2  3  4  5  6  7  8  9 10 11 12 13 14 15 16 17 18 19 20 21 22 23
 24 25 26 27 28 29 30 31 32 33 34 35 36 37 38 39 40 41 42 43 44 45 46 47
 48 49 50 51 52 53 54 55 56 57 58 59 60 61 62 63 64 65 66 67 68 69 70 71
 72 73 74 75 76 77 78 79 80 81 82 83 84 85 86 87 88 89 90 91 92 93 94 95
 96 97 98 99]
[92 -1 63 57 13 32 57 84 20 89 34 58 -1 22 91 75 97 -1 -1 -1 -1 -1 -1 -1
 -1 -1 59  4 -1 -1 55 -1 14 85 86 -1  2 -1 59 91 24 -1  2 -1 70 -1 42 -1
 68 -1 77 -1 -1 43 95 58 -1 -1 90 93 98 87 35 -1 -1 28 55 35 31 -1 79 19
 -1 29 -1 52 65 60 -1 77 44 -1 -1 -1 -1 77 -1 93 -1 10  1 -1 18 40 41 14
 57 86 83 74]
[1 1 0 0 0 1 1 1 1 1 0 0 1 0 1 1 1 1 1 0 1 0 1 1 0 1 1 0 1 1 1 1 1 0 0 1 0
 0 1 1 1 1 0 1 1 1 1 1 1 1 1 0 1 1 0 0 1 0 1 1 0 0 0 1 1 0 1 1 1 0 0 0 1 0
 1 1 1 1 1 0 1 0 0 1 1 1 1 1 1 0 0 0 1 0 1 0 0 0 1 1]
[0 0 0 0 3 0 2 2 0 0 0 0 0 2 2 0 0 3 1 3 0 0 0 0 0 2 0 3 2 0 0 4 0 4 4 1 3
 3 0 1 4 1 4 0 2 4 2 2 0 1 3 3 1 0 0 0 1 1 1 0 2 0 0 2 2 0 1 3 2 0 0 3 0 0
 1 0 4 0 2 2 3 0 0 3 2 0 2 0 0 1 1 1 0 4 0 3 0 1 0 0]
[0 0 0 0 3 0 2 2 0 0 0 0 0 2 2 0 0 3 1 3 0 0 0 0 0 2 0 3 2 0 0 4 0 4 4 1 3
 3 0 1 4 1 4 0 2 4 2 2 0 1 3 3 1 0 0 0 1 1 1 0 2 0 0 2 2 0 1 3 2 0 0 3 0 0
 1 0 4 0 2 2 3 0 0 3 2 0 2 0 0 1 1 1 0 4 0 3 0 1 0 0]
[6 7 7 7 1 9 5 7 5 1 2 9 4 1 4 4 7 1 2 1 6 8 8 7 5 3 7 1 8 2 3 6 4 6 2 5 8
 5 4 4 4 2 7 1 5 6 9 4 9 9 4 3 7 8 7 7 6 9 6 2 3 4 9 9 8 5 2 9 4 6 2 3 1 4
 5 6 1 8 1 3 8 3 6 9 4 3 6 2 8 5 8 6 4 5 2 7 4 1 9 1]
[6 7 7 7 1 9 5 7 5 1 2 9 4 1 4 4 7 1 2 1 6 8 8 7 5 3 7 1 8 2 3 6 4 6 2 5 8
 5 4 4 4 2 7 1 5 6 9 4 9 9 4 3 7 8 7 7 6 9 6 2 3 4 9 9 8 5 2 9 4 6 2 3 1 4
 5 6 1 8 1 3 8 3 6 9 4 3 6 2 8 5 8 6 4 5 2 7 4 1 9 1]
[25, 50, 50, 23, 50, 41, 50, 50, 30, 12, 42, 35, 10, 50, 50, 50, 50, 50, 50, 40, 20, 50, 48, 50, 27, 50, 31, 50, 50, 45, 32, 50, 26, 50, 18, 27, 50, 50, 40, 50, 49, 50, 50, 50, 50, 14, 50, 50, 13, 50, 50, 37, 11, 12, 25, 16, 50, 29, 42, 39, 50, 50, 50, 50, 35, 24, 50, 29, 50, 28, 49, 31, 46, 50, 50, 43, 27, 50, 10, 10, 50, 50, 37, 39, 18, 16, 50, 50, 50, 50, 49, 50, 50, 50, 50, 15, 50, 50, 35, 50]
[0 0 0 0 0 0 0 0 0 0 0 0 0 0 0 0 0 0 0 0 0 0 0 0 0 0 0 0 0 0 0 0 0 0 0 0 0
 0 0 0 0 0 0 0 0 0 0 0 0 0 0 0 0 0 0 0 0 0 0 0 0 0 0 0 0 0 0 0 0 0 0 0 0 0
 0 0 0 0 0 0 0 0 0 0 0 0 0 0 0 0 0 0 0 0 0 0 0 0 0 0]
[1 1 1 1 1 1 1 1 1 1 1 1 1 1 1 1 1 1 1 1 1 1 1 1 1 1 1 1 1 1 1 1 1 1 1 1 1
 1 1 1 1 1 1 1 1 1 1 1 1 1 1 1 1 1 1 1 1 1 1 1 1 1 1 1 1 1 1 1 1 1 1 1 1 1
 1 1 1 1 1 1 1 1 1 1 1 1 1 1 1 1 1 1 1 1 1 1 1 1 1 1]
