[ 0  1  2  3  4  5  6  7  8  9 10 11 12 13 14 15 16 17 18 19 20 21 22 23
 24 25 26 27 28 29 30 31 32 33 34 35 36 37 38 39 40 41 42 43 44 45 46 47
 48 49 50 51 52 53 54 55 56 57 58 59 60 61 62 63 64 65 66 67 68 69 70 71
 72 73 74 75 76 77 78 79 80 81 82 83 84 85 86 87 88 89 90 91 92 93 94 95
 96 97 98 99]
[66 90 25 77 -1 30  3 -1 94 52  9 97 62 20 -1 -1 -1 23 14 82 44 -1 35 -1
 -1 49 -1 -1 52 -1 -1 96 17 78 95 68 53 98 -1 75 19 -1 -1 -1 73 36 13 -1
 87 -1 30 -1 -1  6 85 -1 39 91 33 15 32 -1 -1 66 74 79 56 54 59 94 76  4
 65 33 -1 79 61  4 -1 -1 41 10 30 -1 -1 60 36 -1  8 26 -1 -1 46 -1 -1 -1
 -1 36 22 46]
[1 1 1 1 0 0 0 1 1 1 0 1 0 0 0 1 1 0 1 1 1 0 1 0 0 0 1 0 0 0 0 1 1 0 0 0 0
 0 0 1 1 0 0 1 1 0 1 0 0 0 0 1 0 0 0 1 1 0 0 0 0 1 1 1 0 0 1 0 1 0 1 1 0 0
 1 0 0 0 0 0 0 0 1 0 1 1 0 0 1 0 0 0 1 0 0 1 0 1 1 0]
[0 4 0 0 3 0 0 4 2 2 0 3 0 0 2 0 2 4 0 4 0 2 0 1 0 1 0 0 0 2 2 2 4 0 0 0 0
 4 0 0 3 0 0 0 0 0 2 1 0 0 0 0 0 0 2 1 0 0 4 0 0 0 1 0 0 0 0 4 0 0 0 4 4 3
 0 2 0 0 2 0 0 4 3 0 2 3 3 0 0 0 2 4 4 0 3 3 1 1 0 3]
[0 4 0 0 3 0 0 4 2 2 0 3 0 0 2 0 2 4 0 4 0 2 0 1 0 1 0 0 0 2 2 2 4 0 0 0 0
 4 0 0 3 0 0 0 0 0 2 1 0 0 0 0 0 0 2 1 0 0 4 0 0 0 1 0 0 0 0 4 0 0 0 4 4 3
 0 2 0 0 2 0 0 4 3 0 2 3 3 0 0 0 2 4 4 0 3 3 1 1 0 3]
[6 3 9 9 5 9 5 1 1 3 4 6 7 7 7 3 8 9 1 8 8 7 9 7 2 1 9 1 4 6 8 8 6 4 3 7 4
 4 1 9 9 2 2 7 1 6 3 9 2 9 3 2 6 3 7 2 3 1 9 2 9 1 9 4 2 1 3 8 5 9 5 8 9 8
 9 2 2 4 9 1 1 7 2 2 8 8 7 5 1 5 8 2 8 9 8 3 5 2 8 7]
[6 3 9 9 5 9 5 1 1 3 4 6 7 7 7 3 8 9 1 8 8 7 9 7 2 1 9 1 4 6 8 8 6 4 3 7 4
 4 1 9 9 2 2 7 1 6 3 9 2 9 3 2 6 3 7 2 3 1 9 2 9 1 9 4 2 1 3 8 5 9 5 8 9 8
 9 2 2 4 9 1 1 7 2 2 8 8 7 5 1 5 8 2 8 9 8 3 5 2 8 7]
[31, 31, 50, 28, 23, 50, 31, 50, 47, 24, 20, 20, 45, 32, 23, 50, 50, 50, 15, 50, 50, 36, 50, 24, 50, 33, 50, 50, 50, 50, 50, 50, 50, 44, 12, 50, 50, 50, 49, 12, 46, 50, 50, 50, 50, 27, 50, 50, 49, 41, 50, 49, 16, 26, 13, 50, 50, 40, 25, 25, 50, 24, 48, 19, 40, 50, 14, 50, 28, 21, 50, 50, 36, 50, 50, 50, 47, 50, 49, 15, 50, 41, 37, 19, 36, 37, 50, 50, 50, 50, 19, 50, 50, 50, 50, 50, 48, 31, 16, 38]
[0 0 0 0 0 0 0 0 0 0 0 0 0 0 0 0 0 0 0 0 0 0 0 0 0 0 0 0 0 0 0 0 0 0 0 0 0
 0 0 0 0 0 0 0 0 0 0 0 0 0 0 0 0 0 0 0 0 0 0 0 0 0 0 0 0 0 0 0 0 0 0 0 0 0
 0 0 0 0 0 0 0 0 0 0 0 0 0 0 0 0 0 0 0 0 0 0 0 0 0 0]
[1 1 1 1 1 1 1 1 1 1 1 1 1 1 1 1 1 1 1 1 1 1 1 1 1 1 1 1 1 1 1 1 1 1 1 1 1
 1 1 1 1 1 1 1 1 1 1 1 1 1 1 1 1 1 1 1 1 1 1 1 1 1 1 1 1 1 1 1 1 1 1 1 1 1
 1 1 1 1 1 1 1 1 1 1 1 1 1 1 1 1 1 1 1 1 1 1 1 1 1 1]
