[ 0  1  2  3  4  5  6  7  8  9 10 11 12 13 14 15 16 17 18 19 20 21 22 23
 24 25 26 27 28 29 30 31 32 33 34 35 36 37 38 39 40 41 42 43 44 45 46 47
 48 49 50 51 52 53 54 55 56 57 58 59 60 61 62 63 64 65 66 67 68 69 70 71
 72 73 74 75 76 77 78 79 80 81 82 83 84 85 86 87 88 89 90 91 92 93 94 95
 96 97 98 99]
[38 -1 55 -1 -1 -1 -1 -1 50 16 65 73 97 37 -1 -1 -1 93 29 -1 76 -1 14 53
 -1 83 76 80 -1 73 -1 -1 -1 68 -1 40 -1 -1 -1 54 -1 60 -1 -1 89 90 20 73
 50 59 30 70 76 -1 -1 29  1 -1 16 61 -1 44 -1 -1 34 -1 16 -1 88 -1 86 -1
 39  7 87 39 41 22 28  1 83 -1 -1 86 -1 -1 49 -1  9 42 56 51 -1 83 48 38
 60 -1 13 72]
[0 0 1 1 1 0 1 1 1 0 1 0 1 0 1 0 1 0 1 0 0 1 1 1 0 0 0 0 0 0 0 0 1 1 0 1 0
 1 0 1 1 0 0 1 0 0 1 0 1 0 1 0 1 0 0 1 1 0 1 1 0 1 1 1 1 0 0 0 0 1 1 1 0 1
 0 1 1 0 0 0 1 0 0 1 1 1 0 1 1 0 1 1 0 0 0 1 1 1 1 0]
[0 3 4 4 0 3 0 4 3 3 1 3 3 0 4 0 0 1 0 0 4 0 0 1 2 0 2 4 0 0 4 0 0 2 0 2 4
 0 0 4 0 0 3 1 0 0 0 4 3 0 1 0 0 0 1 0 0 4 0 3 3 2 0 4 0 0 4 0 0 0 1 0 0 0
 4 0 0 0 0 3 4 4 0 0 0 0 0 0 0 0 4 0 0 1 4 1 1 0 3 1]
[0 3 4 4 0 3 0 4 3 3 1 3 3 0 4 0 0 1 0 0 4 0 0 1 2 0 2 4 0 0 4 0 0 2 0 2 4
 0 0 4 0 0 3 1 0 0 0 4 3 0 1 0 0 0 1 0 0 4 0 3 3 2 0 4 0 0 4 0 0 0 1 0 0 0
 4 0 0 0 0 3 4 4 0 0 0 0 0 0 0 0 4 0 0 1 4 1 1 0 3 1]
[7 5 1 5 2 8 1 8 8 8 2 8 2 5 2 3 2 7 3 7 5 5 6 6 2 9 8 7 5 5 8 8 6 1 3 7 9
 9 2 8 2 3 8 5 9 7 9 1 2 2 1 3 8 4 6 4 6 2 8 3 4 2 2 4 5 7 9 8 5 9 7 2 9 7
 8 9 5 3 5 8 5 7 5 1 7 9 9 9 6 3 7 9 9 2 8 9 2 1 9 3]
[7 5 1 5 2 8 1 8 8 8 2 8 2 5 2 3 2 7 3 7 5 5 6 6 2 9 8 7 5 5 8 8 6 1 3 7 9
 9 2 8 2 3 8 5 9 7 9 1 2 2 1 3 8 4 6 4 6 2 8 3 4 2 2 4 5 7 9 8 5 9 7 2 9 7
 8 9 5 3 5 8 5 7 5 1 7 9 9 9 6 3 7 9 9 2 8 9 2 1 9 3]
[50, 33, 28, 10, 50, 33, 50, 11, 33, 34, 50, 14, 50, 50, 50, 50, 50, 50, 50, 50, 25, 50, 19, 50, 50, 50, 50, 50, 48, 50, 39, 28, 50, 46, 21, 27, 34, 50, 50, 50, 48, 50, 50, 25, 50, 43, 33, 50, 22, 50, 50, 50, 23, 36, 50, 50, 50, 50, 50, 50, 50, 50, 42, 20, 50, 21, 50, 50, 50, 35, 16, 50, 39, 23, 50, 46, 50, 50, 50, 13, 50, 50, 36, 26, 24, 50, 23, 50, 17, 22, 17, 47, 50, 11, 20, 50, 23, 50, 50, 16]
[0 0 0 0 0 0 0 0 0 0 0 0 0 0 0 0 0 0 0 0 0 0 0 0 0 0 0 0 0 0 0 0 0 0 0 0 0
 0 0 0 0 0 0 0 0 0 0 0 0 0 0 0 0 0 0 0 0 0 0 0 0 0 0 0 0 0 0 0 0 0 0 0 0 0
 0 0 0 0 0 0 0 0 0 0 0 0 0 0 0 0 0 0 0 0 0 0 0 0 0 0]
[1 1 1 1 1 1 1 1 1 1 1 1 1 1 1 1 1 1 1 1 1 1 1 1 1 1 1 1 1 1 1 1 1 1 1 1 1
 1 1 1 1 1 1 1 1 1 1 1 1 1 1 1 1 1 1 1 1 1 1 1 1 1 1 1 1 1 1 1 1 1 1 1 1 1
 1 1 1 1 1 1 1 1 1 1 1 1 1 1 1 1 1 1 1 1 1 1 1 1 1 1]
