[ 0  1  2  3  4  5  6  7  8  9 10 11 12 13 14 15 16 17 18 19 20 21 22 23
 24 25 26 27 28 29 30 31 32 33 34 35 36 37 38 39 40 41 42 43 44 45 46 47
 48 49 50 51 52 53 54 55 56 57 58 59 60 61 62 63 64 65 66 67 68 69 70 71
 72 73 74 75 76 77 78 79 80 81 82 83 84 85 86 87 88 89 90 91 92 93 94 95
 96 97 98 99]
[10 10 -1 42 67 53 16 -1 -1 42 -1 43 13 50 -1 -1 98 68 -1 43 69 -1 15 -1
 23  9 -1 36 -1 32 55 23 -1 66 16 14 55 -1 92 17 -1 11 19 82 91 85 -1 -1
 14 13 98 -1 -1 -1 93 40  3 -1 71 43 -1 -1 -1 22 58 56 81 71 -1 -1 27 51
 51 87 53 39 62  0 11 83  3 36 99 43 -1 96 55 95 -1 67 71 -1 39 -1  3 -1
 11 -1 -1 60]
[0 0 1 1 0 1 0 0 0 1 0 0 1 1 0 0 0 1 0 0 0 0 1 1 0 0 0 1 1 0 1 0 1 0 1 0 1
 0 1 0 1 1 0 0 1 1 0 0 1 0 1 1 0 1 0 1 0 1 0 0 0 0 1 1 0 0 0 0 1 1 0 0 1 1
 0 1 0 1 0 0 1 1 0 0 1 1 0 0 1 0 1 0 0 1 0 1 1 1 1 0]
[0 0 2 3 0 0 2 0 0 0 1 0 0 3 4 0 0 2 0 0 0 0 0 0 1 0 0 0 0 0 2 2 0 3 0 0 4
 3 0 3 0 3 0 0 0 0 0 1 1 0 4 1 4 0 3 0 0 1 4 0 0 1 0 0 0 1 2 0 0 1 4 0 1 0
 1 3 0 2 0 1 2 1 0 0 0 0 0 0 2 3 0 0 0 0 3 0 2 1 1 0]
[0 0 2 3 0 0 2 0 0 0 1 0 0 3 4 0 0 2 0 0 0 0 0 0 1 0 0 0 0 0 2 2 0 3 0 0 4
 3 0 3 0 3 0 0 0 0 0 1 1 0 4 1 4 0 3 0 0 1 4 0 0 1 0 0 0 1 2 0 0 1 4 0 1 0
 1 3 0 2 0 1 2 1 0 0 0 0 0 0 2 3 0 0 0 0 3 0 2 1 1 0]
[5 4 4 8 4 6 3 4 8 5 2 3 6 6 2 8 6 8 7 8 9 6 3 4 7 2 6 8 6 5 7 8 4 9 4 7 5
 4 4 2 1 2 1 9 6 1 9 1 8 2 3 1 6 8 1 6 7 6 3 8 5 1 1 3 5 7 2 9 6 8 2 3 8 1
 8 6 5 5 8 1 7 6 7 4 9 9 9 4 5 2 3 7 1 7 6 9 9 7 4 3]
[5 4 4 8 4 6 3 4 8 5 2 3 6 6 2 8 6 8 7 8 9 6 3 4 7 2 6 8 6 5 7 8 4 9 4 7 5
 4 4 2 1 2 1 9 6 1 9 1 8 2 3 1 6 8 1 6 7 6 3 8 5 1 1 3 5 7 2 9 6 8 2 3 8 1
 8 6 5 5 8 1 7 6 7 4 9 9 9 4 5 2 3 7 1 7 6 9 9 7 4 3]
[50, 25, 47, 50, 11, 50, 50, 35, 30, 42, 50, 50, 21, 18, 50, 17, 50, 28, 50, 21, 50, 50, 50, 25, 50, 18, 50, 50, 39, 41, 33, 50, 30, 11, 42, 44, 50, 50, 50, 50, 48, 17, 21, 29, 41, 50, 39, 50, 20, 50, 50, 22, 42, 46, 23, 45, 50, 50, 50, 43, 28, 22, 50, 49, 50, 22, 50, 50, 50, 50, 50, 23, 50, 21, 50, 50, 50, 50, 50, 50, 50, 50, 19, 49, 18, 17, 50, 34, 50, 50, 50, 45, 10, 50, 31, 29, 25, 50, 50, 44]
[0 0 0 0 0 0 0 0 0 0 0 0 0 0 0 0 0 0 0 0 0 0 0 0 0 0 0 0 0 0 0 0 0 0 0 0 0
 0 0 0 0 0 0 0 0 0 0 0 0 0 0 0 0 0 0 0 0 0 0 0 0 0 0 0 0 0 0 0 0 0 0 0 0 0
 0 0 0 0 0 0 0 0 0 0 0 0 0 0 0 0 0 0 0 0 0 0 0 0 0 0]
[1 1 1 1 1 1 1 1 1 1 1 1 1 1 1 1 1 1 1 1 1 1 1 1 1 1 1 1 1 1 1 1 1 1 1 1 1
 1 1 1 1 1 1 1 1 1 1 1 1 1 1 1 1 1 1 1 1 1 1 1 1 1 1 1 1 1 1 1 1 1 1 1 1 1
 1 1 1 1 1 1 1 1 1 1 1 1 1 1 1 1 1 1 1 1 1 1 1 1 1 1]
