[ 0  1  2  3  4  5  6  7  8  9 10 11 12 13 14 15 16 17 18 19 20 21 22 23
 24 25 26 27 28 29 30 31 32 33 34 35 36 37 38 39 40 41 42 43 44 45 46 47
 48 49 50 51 52 53 54 55 56 57 58 59 60 61 62 63 64 65 66 67 68 69 70 71
 72 73 74 75 76 77 78 79 80 81 82 83 84 85 86 87 88 89 90 91 92 93 94 95
 96 97 98 99]
[-1 81 72  8 -1 84 -1 98 -1 83 -1 30 68 -1 -1 46 25 41 36 29 -1 17 21 78
 16 -1 -1 96 59 -1 -1 -1 27 43 12  8 83 24 -1 67 26 -1 -1 84 71 10 45 31
 33 69 -1 45 72 -1 -1 -1 63 83 -1 84 89 73 81 13 83 86 64 -1 44 78 -1 30
 -1 70 99 63 -1 -1 -1 -1 10 76 -1 92 -1 48 -1 96 29 27 96 -1 -1 23 30 -1
 85 -1 -1 -1]
[0 1 1 0 1 1 1 0 1 0 1 1 0 0 0 0 1 0 1 1 0 0 1 1 0 1 1 0 0 0 0 0 0 0 1 0 0
 1 0 1 0 1 1 0 0 0 0 0 1 0 0 0 0 1 1 1 1 1 0 1 1 0 0 1 0 0 1 1 0 1 1 1 1 0
 1 0 0 1 1 0 1 1 1 0 0 1 1 0 1 0 1 1 0 0 0 1 1 1 0 1]
[0 1 0 0 4 0 3 3 0 0 1 0 4 0 4 0 0 0 4 0 2 0 0 3 2 1 1 0 0 0 0 0 4 0 0 0 0
 0 0 0 2 0 0 0 0 0 0 3 3 0 0 0 0 1 0 4 0 3 0 0 0 4 0 3 4 1 0 0 1 2 1 0 3 0
 0 0 3 0 1 4 0 3 0 0 0 4 3 4 0 1 4 2 0 3 4 0 3 2 0 0]
[0 1 0 0 4 0 3 3 0 0 1 0 4 0 4 0 0 0 4 0 2 0 0 3 2 1 1 0 0 0 0 0 4 0 0 0 0
 0 0 0 2 0 0 0 0 0 0 3 3 0 0 0 0 1 0 4 0 3 0 0 0 4 0 3 4 1 0 0 1 2 1 0 3 0
 0 0 3 0 1 4 0 3 0 0 0 4 3 4 0 1 4 2 0 3 4 0 3 2 0 0]
[1 6 1 1 8 2 7 2 6 5 1 4 1 6 3 7 1 2 5 9 6 3 5 6 5 5 4 2 7 9 3 3 8 7 9 5 2
 1 2 4 4 6 2 2 1 3 1 7 4 9 4 1 4 5 8 3 5 4 5 6 9 6 2 3 8 2 1 8 7 1 3 4 8 3
 9 5 7 8 8 3 2 8 5 9 7 7 6 3 7 7 7 9 7 1 4 8 8 2 2 1]
[1 6 1 1 8 2 7 2 6 5 1 4 1 6 3 7 1 2 5 9 6 3 5 6 5 5 4 2 7 9 3 3 8 7 9 5 2
 1 2 4 4 6 2 2 1 3 1 7 4 9 4 1 4 5 8 3 5 4 5 6 9 6 2 3 8 2 1 8 7 1 3 4 8 3
 9 5 7 8 8 3 2 8 5 9 7 7 6 3 7 7 7 9 7 1 4 8 8 2 2 1]
[37, 50, 24, 50, 50, 50, 49, 50, 50, 27, 50, 30, 50, 10, 22, 46, 32, 16, 50, 50, 25, 17, 44, 50, 14, 50, 50, 47, 50, 50, 36, 15, 50, 50, 50, 50, 50, 36, 34, 45, 35, 32, 13, 21, 50, 49, 25, 40, 50, 36, 50, 50, 49, 50, 26, 14, 50, 42, 50, 47, 50, 26, 35, 50, 50, 45, 17, 50, 20, 50, 50, 50, 11, 50, 23, 50, 46, 50, 26, 17, 31, 50, 50, 50, 38, 11, 50, 50, 50, 22, 22, 50, 50, 50, 25, 50, 50, 50, 50, 50]
[0 0 0 0 0 0 0 0 0 0 0 0 0 0 0 0 0 0 0 0 0 0 0 0 0 0 0 0 0 0 0 0 0 0 0 0 0
 0 0 0 0 0 0 0 0 0 0 0 0 0 0 0 0 0 0 0 0 0 0 0 0 0 0 0 0 0 0 0 0 0 0 0 0 0
 0 0 0 0 0 0 0 0 0 0 0 0 0 0 0 0 0 0 0 0 0 0 0 0 0 0]
[1 1 1 1 1 1 1 1 1 1 1 1 1 1 1 1 1 1 1 1 1 1 1 1 1 1 1 1 1 1 1 1 1 1 1 1 1
 1 1 1 1 1 1 1 1 1 1 1 1 1 1 1 1 1 1 1 1 1 1 1 1 1 1 1 1 1 1 1 1 1 1 1 1 1
 1 1 1 1 1 1 1 1 1 1 1 1 1 1 1 1 1 1 1 1 1 1 1 1 1 1]
