[ 0  1  2  3  4  5  6  7  8  9 10 11 12 13 14 15 16 17 18 19 20 21 22 23
 24 25 26 27 28 29 30 31 32 33 34 35 36 37 38 39 40 41 42 43 44 45 46 47
 48 49 50 51 52 53 54 55 56 57 58 59 60 61 62 63 64 65 66 67 68 69 70 71
 72 73 74 75 76 77 78 79 80 81 82 83 84 85 86 87 88 89 90 91 92 93 94 95
 96 97 98 99]
[52 -1 87 61 34 -1 -1 -1 -1  6 84 54 60 88 -1 60 -1 -1  6 -1 -1  5 67 -1
 -1 32 -1 -1 -1  8 81 96 -1 56 88 -1 -1 54 -1 77 97 89 95 39 59 -1 85 72
 87 -1 -1 14 38 -1 92 67 -1 -1 -1 29 27 26 -1  5 83 -1 60 34 -1 44 -1 81
 42 32 -1 81 72 -1 98 19 -1 -1 -1 40 40 16 13  5 -1 -1 41 -1 53 -1 62 40
 65 78 -1 24]
[1 0 0 1 0 0 1 0 0 0 0 0 1 1 1 0 1 0 1 0 1 1 1 1 1 1 1 1 0 0 1 0 1 0 0 1 0
 0 0 0 0 0 0 1 0 1 0 0 0 1 0 0 0 0 1 1 1 1 0 1 1 1 1 0 1 1 1 0 1 1 0 1 1 0
 0 0 0 1 0 0 0 1 0 1 1 1 1 1 1 1 0 0 1 1 0 0 0 1 1 1]
[0 0 3 4 0 2 3 2 1 0 0 2 3 0 0 3 1 2 4 3 0 3 0 1 1 3 1 0 0 4 0 0 0 0 0 0 0
 0 0 1 1 4 0 4 2 2 4 0 3 0 3 0 1 3 0 1 1 0 0 4 3 4 4 0 2 4 0 0 1 3 0 0 2 2
 0 0 0 0 0 4 0 0 0 0 0 3 0 4 2 0 2 0 2 0 0 0 0 0 0 3]
[0 0 3 4 0 2 3 2 1 0 0 2 3 0 0 3 1 2 4 3 0 3 0 1 1 3 1 0 0 4 0 0 0 0 0 0 0
 0 0 1 1 4 0 4 2 2 4 0 3 0 3 0 1 3 0 1 1 0 0 4 3 4 4 0 2 4 0 0 1 3 0 0 2 2
 0 0 0 0 0 4 0 0 0 0 0 3 0 4 2 0 2 0 2 0 0 0 0 0 0 3]
[1 8 6 7 4 4 4 3 8 3 2 8 2 4 1 6 5 9 7 6 2 7 4 2 2 3 9 3 9 2 4 9 4 2 2 2 6
 6 9 7 1 4 6 6 4 3 8 8 7 3 5 9 2 1 7 1 9 7 3 5 9 6 1 7 2 3 6 9 5 5 9 7 6 1
 6 4 5 6 2 5 9 1 9 9 1 1 5 6 5 2 5 4 3 4 3 5 8 7 1 1]
[1 8 6 7 4 4 4 3 8 3 2 8 2 4 1 6 5 9 7 6 2 7 4 2 2 3 9 3 9 2 4 9 4 2 2 2 6
 6 9 7 1 4 6 6 4 3 8 8 7 3 5 9 2 1 7 1 9 7 3 5 9 6 1 7 2 3 6 9 5 5 9 7 6 1
 6 4 5 6 2 5 9 1 9 9 1 1 5 6 5 2 5 4 3 4 3 5 8 7 1 1]
[38, 24, 11, 50, 50, 50, 50, 50, 49, 50, 14, 50, 50, 50, 50, 33, 31, 50, 18, 50, 36, 47, 50, 50, 40, 45, 34, 40, 29, 35, 50, 50, 36, 28, 50, 38, 15, 50, 50, 50, 13, 44, 42, 13, 42, 50, 50, 50, 24, 50, 37, 15, 50, 44, 49, 34, 46, 40, 44, 47, 50, 21, 33, 34, 34, 44, 37, 20, 50, 34, 43, 34, 26, 25, 50, 50, 50, 50, 36, 49, 50, 50, 50, 35, 50, 45, 12, 50, 14, 50, 28, 50, 50, 19, 22, 50, 37, 43, 50, 50]
[0 0 0 0 0 0 0 0 0 0 0 0 0 0 0 0 0 0 0 0 0 0 0 0 0 0 0 0 0 0 0 0 0 0 0 0 0
 0 0 0 0 0 0 0 0 0 0 0 0 0 0 0 0 0 0 0 0 0 0 0 0 0 0 0 0 0 0 0 0 0 0 0 0 0
 0 0 0 0 0 0 0 0 0 0 0 0 0 0 0 0 0 0 0 0 0 0 0 0 0 0]
[1 1 1 1 1 1 1 1 1 1 1 1 1 1 1 1 1 1 1 1 1 1 1 1 1 1 1 1 1 1 1 1 1 1 1 1 1
 1 1 1 1 1 1 1 1 1 1 1 1 1 1 1 1 1 1 1 1 1 1 1 1 1 1 1 1 1 1 1 1 1 1 1 1 1
 1 1 1 1 1 1 1 1 1 1 1 1 1 1 1 1 1 1 1 1 1 1 1 1 1 1]
