[ 0  1  2  3  4  5  6  7  8  9 10 11 12 13 14 15 16 17 18 19 20 21 22 23
 24 25 26 27 28 29 30 31 32 33 34 35 36 37 38 39 40 41 42 43 44 45 46 47
 48 49 50 51 52 53 54 55 56 57 58 59 60 61 62 63 64 65 66 67 68 69 70 71
 72 73 74 75 76 77 78 79 80 81 82 83 84 85 86 87 88 89 90 91 92 93 94 95
 96 97 98 99]
[80 22 -1 -1 75 21 90 95 -1 35 73 15 92 -1  2 31 79 -1 -1 17 -1 31 -1 97
  6 88 23 56 -1 16 84 94 93 99 63 93 -1 65 -1 -1 66 10 79  6 73 -1 -1 -1
 85 -1 -1 -1 95 -1  3 -1 -1  2 62 -1 51 69 32 25 -1 43  8 -1 -1 34 69 -1
 -1 98 92 -1 37  5 89 -1 12 -1 23  9 -1 78 -1 20 -1 -1 -1 -1 42 94 -1 24
 -1 96 36 47]
[0 1 0 1 0 1 0 1 1 1 0 0 1 1 0 1 0 0 0 0 1 0 1 1 1 0 0 1 0 0 0 1 0 1 1 0 1
 0 1 0 0 1 1 0 1 0 1 0 0 0 1 0 1 0 0 0 1 0 0 0 0 1 1 0 1 0 0 1 1 0 0 0 0 1
 1 0 0 1 0 1 0 1 1 1 1 0 0 0 1 1 1 0 0 1 0 1 1 1 0 0]
[0 0 0 0 0 0 2 1 2 0 0 0 1 1 0 1 0 2 0 0 0 0 1 2 3 2 4 0 3 4 2 0 4 0 2 3 0
 2 2 0 0 0 0 0 3 2 2 1 3 3 0 0 3 0 1 4 3 3 1 3 0 4 0 3 0 2 0 3 0 0 0 0 1 0
 1 4 0 2 0 0 2 4 4 1 0 0 1 0 1 0 1 0 3 0 2 0 0 2 0 0]
[0 0 0 0 0 0 2 1 2 0 0 0 1 1 0 1 0 2 0 0 0 0 1 2 3 2 4 0 3 4 2 0 4 0 2 3 0
 2 2 0 0 0 0 0 3 2 2 1 3 3 0 0 3 0 1 4 3 3 1 3 0 4 0 3 0 2 0 3 0 0 0 0 1 0
 1 4 0 2 0 0 2 4 4 1 0 0 1 0 1 0 1 0 3 0 2 0 0 2 0 0]
[1 7 9 3 4 5 3 3 1 7 4 3 8 6 6 3 6 9 2 9 3 6 8 8 5 8 7 4 4 2 7 4 2 3 1 5 3
 8 4 3 1 7 2 8 5 8 6 4 7 8 4 8 9 2 5 1 6 7 1 7 2 6 7 2 7 4 1 8 8 5 7 7 2 5
 3 1 1 9 1 7 6 1 4 5 7 2 6 1 4 1 1 8 9 5 5 3 6 3 5 8]
[1 7 9 3 4 5 3 3 1 7 4 3 8 6 6 3 6 9 2 9 3 6 8 8 5 8 7 4 4 2 7 4 2 3 1 5 3
 8 4 3 1 7 2 8 5 8 6 4 7 8 4 8 9 2 5 1 6 7 1 7 2 6 7 2 7 4 1 8 8 5 7 7 2 5
 3 1 1 9 1 7 6 1 4 5 7 2 6 1 4 1 1 8 9 5 5 3 6 3 5 8]
[39, 50, 18, 36, 45, 50, 28, 50, 48, 50, 50, 44, 34, 32, 40, 50, 20, 50, 50, 10, 44, 39, 50, 50, 28, 50, 10, 33, 13, 22, 50, 48, 28, 50, 32, 50, 50, 50, 43, 50, 50, 40, 43, 20, 50, 13, 50, 50, 44, 50, 23, 50, 40, 50, 50, 50, 35, 50, 39, 34, 50, 50, 50, 26, 50, 50, 38, 45, 27, 50, 20, 15, 50, 50, 50, 36, 40, 32, 50, 50, 10, 32, 50, 16, 27, 50, 50, 17, 50, 50, 50, 14, 50, 17, 50, 24, 50, 50, 50, 49]
[0 0 0 0 0 0 0 0 0 0 0 0 0 0 0 0 0 0 0 0 0 0 0 0 0 0 0 0 0 0 0 0 0 0 0 0 0
 0 0 0 0 0 0 0 0 0 0 0 0 0 0 0 0 0 0 0 0 0 0 0 0 0 0 0 0 0 0 0 0 0 0 0 0 0
 0 0 0 0 0 0 0 0 0 0 0 0 0 0 0 0 0 0 0 0 0 0 0 0 0 0]
[1 1 1 1 1 1 1 1 1 1 1 1 1 1 1 1 1 1 1 1 1 1 1 1 1 1 1 1 1 1 1 1 1 1 1 1 1
 1 1 1 1 1 1 1 1 1 1 1 1 1 1 1 1 1 1 1 1 1 1 1 1 1 1 1 1 1 1 1 1 1 1 1 1 1
 1 1 1 1 1 1 1 1 1 1 1 1 1 1 1 1 1 1 1 1 1 1 1 1 1 1]
