[ 0  1  2  3  4  5  6  7  8  9 10 11 12 13 14 15 16 17 18 19 20 21 22 23
 24 25 26 27 28 29 30 31 32 33 34 35 36 37 38 39 40 41 42 43 44 45 46 47
 48 49 50 51 52 53 54 55 56 57 58 59 60 61 62 63 64 65 66 67 68 69 70 71
 72 73 74 75 76 77 78 79 80 81 82 83 84 85 86 87 88 89 90 91 92 93 94 95
 96 97 98 99]
[-1 44 24 24 63 -1 22 -1 -1 37 -1 -1 -1 89 12 55 47 18 -1 62 -1 14 -1 -1
 43  4 -1 48 29 -1 91 -1 86 -1 -1 -1 -1 -1 -1 10 55 -1 81 -1  5 92 40  1
 85 -1 99 67 -1 12 70 17  8 22 42 69  6 -1  5 -1 68 -1 -1 18 -1 34 99  5
  6 -1 14 48 35 48  2 22 66 13 -1 -1 63 44 87 -1 42 59 78 38 -1 34 13 11
  3 -1 -1 18]
[1 0 1 0 1 1 1 0 1 1 0 1 1 0 1 1 0 0 0 1 0 1 0 1 0 1 1 1 0 1 1 1 1 0 0 1 0
 1 0 1 0 0 0 1 1 1 0 1 1 1 0 0 1 0 0 0 1 1 1 0 0 0 1 1 0 1 1 1 0 1 1 1 0 0
 1 1 1 1 1 1 1 1 0 1 1 0 0 0 0 0 1 0 0 1 1 0 1 1 0 1]
[3 2 1 1 1 1 0 1 1 2 3 0 0 1 3 2 2 0 0 0 4 4 1 4 2 4 3 0 0 4 0 0 4 0 0 3 0
 2 0 0 4 1 0 0 3 1 4 1 0 2 4 4 0 0 0 2 4 0 0 0 0 0 1 4 0 0 0 0 0 3 0 0 1 4
 1 0 0 0 3 3 3 3 0 3 0 1 0 2 4 0 0 3 0 4 4 0 3 2 0 0]
[3 2 1 1 1 1 0 1 1 2 3 0 0 1 3 2 2 0 0 0 4 4 1 4 2 4 3 0 0 4 0 0 4 0 0 3 0
 2 0 0 4 1 0 0 3 1 4 1 0 2 4 4 0 0 0 2 4 0 0 0 0 0 1 4 0 0 0 0 0 3 0 0 1 4
 1 0 0 0 3 3 3 3 0 3 0 1 0 2 4 0 0 3 0 4 4 0 3 2 0 0]
[9 3 6 8 2 9 9 3 6 9 8 9 9 4 7 6 8 2 1 7 8 3 6 7 8 6 2 1 3 2 7 8 3 7 9 5 2
 2 3 9 1 4 6 6 3 4 5 5 2 4 6 6 1 6 7 4 8 3 6 8 5 8 4 6 6 7 2 5 3 5 7 1 1 8
 6 4 2 7 2 8 7 3 1 9 4 5 6 6 4 9 8 3 8 2 3 3 8 2 3 8]
[9 3 6 8 2 9 9 3 6 9 8 9 9 4 7 6 8 2 1 7 8 3 6 7 8 6 2 1 3 2 7 8 3 7 9 5 2
 2 3 9 1 4 6 6 3 4 5 5 2 4 6 6 1 6 7 4 8 3 6 8 5 8 4 6 6 7 2 5 3 5 7 1 1 8
 6 4 2 7 2 8 7 3 1 9 4 5 6 6 4 9 8 3 8 2 3 3 8 2 3 8]
[50, 36, 37, 50, 45, 50, 34, 14, 50, 50, 50, 50, 50, 50, 50, 45, 49, 50, 38, 50, 10, 46, 50, 50, 50, 50, 46, 50, 34, 15, 50, 37, 44, 50, 47, 50, 41, 45, 50, 50, 17, 50, 50, 40, 22, 30, 50, 50, 39, 47, 43, 50, 20, 35, 22, 50, 50, 50, 21, 50, 50, 12, 14, 14, 50, 50, 50, 21, 38, 14, 46, 27, 40, 19, 50, 40, 50, 10, 50, 50, 47, 50, 36, 50, 50, 50, 32, 22, 10, 45, 50, 18, 35, 39, 36, 38, 47, 15, 50, 36]
[0 0 0 0 0 0 0 0 0 0 0 0 0 0 0 0 0 0 0 0 0 0 0 0 0 0 0 0 0 0 0 0 0 0 0 0 0
 0 0 0 0 0 0 0 0 0 0 0 0 0 0 0 0 0 0 0 0 0 0 0 0 0 0 0 0 0 0 0 0 0 0 0 0 0
 0 0 0 0 0 0 0 0 0 0 0 0 0 0 0 0 0 0 0 0 0 0 0 0 0 0]
[1 1 1 1 1 1 1 1 1 1 1 1 1 1 1 1 1 1 1 1 1 1 1 1 1 1 1 1 1 1 1 1 1 1 1 1 1
 1 1 1 1 1 1 1 1 1 1 1 1 1 1 1 1 1 1 1 1 1 1 1 1 1 1 1 1 1 1 1 1 1 1 1 1 1
 1 1 1 1 1 1 1 1 1 1 1 1 1 1 1 1 1 1 1 1 1 1 1 1 1 1]
