[ 0  1  2  3  4  5  6  7  8  9 10 11 12 13 14 15 16 17 18 19 20 21 22 23
 24 25 26 27 28 29 30 31 32 33 34 35 36 37 38 39 40 41 42 43 44 45 46 47
 48 49 50 51 52 53 54 55 56 57 58 59 60 61 62 63 64 65 66 67 68 69 70 71
 72 73 74 75 76 77 78 79 80 81 82 83 84 85 86 87 88 89 90 91 92 93 94 95
 96 97 98 99]
[-1  0  6 -1 -1  7 -1 76 64 51 -1 10 92 -1 -1 81 -1 99 -1 -1 60 -1 93 54
 10 97 36 52 -1 34 75  6 -1 16 28 29 27 59  5 72 -1 -1 67 81 20 -1 70 58
 33 47 66 17 -1 -1 13 22  9 -1  2 28 -1 34 69 21 68 17 -1 10 -1 75 52 17
 -1 77 54 -1 90 49 -1 99 -1 -1 21 -1 20 47 13 88 67 36 70 75 57 65 -1 32
 -1 80 -1 18]
[1 1 1 0 1 0 1 1 1 1 0 0 1 0 0 1 0 1 0 0 1 0 0 0 1 1 1 1 0 1 0 1 0 1 0 0 0
 1 0 1 1 0 1 0 1 0 0 0 0 1 0 0 0 0 1 0 0 1 1 1 0 0 1 0 1 1 1 1 1 0 1 0 1 1
 1 1 0 1 1 0 1 0 1 0 1 1 0 0 1 0 1 1 0 0 0 0 1 0 0 1]
[1 1 0 2 2 0 0 4 1 4 4 2 0 3 0 2 0 1 3 0 0 0 0 2 0 2 0 0 0 0 1 4 0 2 2 3 4
 0 3 0 0 2 4 1 0 0 3 2 0 0 4 0 0 3 0 2 1 0 0 0 0 0 4 3 2 1 0 2 4 1 1 0 4 0
 4 0 0 3 0 0 4 1 0 0 3 4 0 3 0 0 0 2 2 2 3 0 0 2 0 1]
[1 1 0 2 2 0 0 4 1 4 4 2 0 3 0 2 0 1 3 0 0 0 0 2 0 2 0 0 0 0 1 4 0 2 2 3 4
 0 3 0 0 2 4 1 0 0 3 2 0 0 4 0 0 3 0 2 1 0 0 0 0 0 4 3 2 1 0 2 4 1 1 0 4 0
 4 0 0 3 0 0 4 1 0 0 3 4 0 3 0 0 0 2 2 2 3 0 0 2 0 1]
[2 2 7 4 4 2 2 1 1 3 2 5 4 1 4 5 1 1 9 8 6 7 9 1 9 5 8 9 6 6 2 7 4 2 4 3 1
 2 7 8 9 4 8 2 6 8 2 9 1 2 1 9 3 8 8 5 1 4 5 1 3 7 8 1 8 7 4 3 9 6 1 1 2 2
 6 5 8 8 7 9 6 2 8 3 8 7 3 3 8 1 1 4 8 6 8 4 1 8 2 1]
[2 2 7 4 4 2 2 1 1 3 2 5 4 1 4 5 1 1 9 8 6 7 9 1 9 5 8 9 6 6 2 7 4 2 4 3 1
 2 7 8 9 4 8 2 6 8 2 9 1 2 1 9 3 8 8 5 1 4 5 1 3 7 8 1 8 7 4 3 9 6 1 1 2 2
 6 5 8 8 7 9 6 2 8 3 8 7 3 3 8 1 1 4 8 6 8 4 1 8 2 1]
[35, 50, 50, 40, 50, 46, 50, 50, 22, 50, 50, 35, 23, 50, 50, 50, 23, 50, 46, 50, 50, 47, 21, 50, 50, 11, 50, 11, 50, 45, 50, 50, 50, 23, 50, 50, 18, 50, 15, 50, 24, 44, 39, 11, 38, 50, 50, 50, 50, 50, 47, 16, 50, 17, 50, 50, 18, 23, 50, 11, 18, 41, 50, 37, 50, 31, 50, 50, 50, 50, 50, 50, 50, 25, 17, 50, 50, 32, 13, 48, 50, 16, 50, 50, 21, 50, 23, 50, 17, 50, 50, 50, 50, 10, 50, 32, 20, 50, 50, 50]
[0 0 0 0 0 0 0 0 0 0 0 0 0 0 0 0 0 0 0 0 0 0 0 0 0 0 0 0 0 0 0 0 0 0 0 0 0
 0 0 0 0 0 0 0 0 0 0 0 0 0 0 0 0 0 0 0 0 0 0 0 0 0 0 0 0 0 0 0 0 0 0 0 0 0
 0 0 0 0 0 0 0 0 0 0 0 0 0 0 0 0 0 0 0 0 0 0 0 0 0 0]
[1 1 1 1 1 1 1 1 1 1 1 1 1 1 1 1 1 1 1 1 1 1 1 1 1 1 1 1 1 1 1 1 1 1 1 1 1
 1 1 1 1 1 1 1 1 1 1 1 1 1 1 1 1 1 1 1 1 1 1 1 1 1 1 1 1 1 1 1 1 1 1 1 1 1
 1 1 1 1 1 1 1 1 1 1 1 1 1 1 1 1 1 1 1 1 1 1 1 1 1 1]
