[ 0  1  2  3  4  5  6  7  8  9 10 11 12 13 14 15 16 17 18 19 20 21 22 23
 24 25 26 27 28 29 30 31 32 33 34 35 36 37 38 39 40 41 42 43 44 45 46 47
 48 49 50 51 52 53 54 55 56 57 58 59 60 61 62 63 64 65 66 67 68 69 70 71
 72 73 74 75 76 77 78 79 80 81 82 83 84 85 86 87 88 89 90 91 92 93 94 95
 96 97 98 99]
[68 -1 81 36 -1 82 69 -1 69 50 20 43  5  6 91 -1  9 -1 47 -1 17 94 87 89
 74 71 89 -1  6 23 -1 16 -1 88 18 69 47 31 -1 14 51 -1 20 70 10 -1 -1 -1
 47 47 -1 36 -1 -1 -1 -1 63 41 -1 69 39 -1 43 -1 -1 -1 -1 65 -1 24 81 -1
 53 -1 95 29 90 88 45 63 -1 74  6 15 25 28 -1 30 -1 -1 23 78 67 97 47 77
 -1 53  6 92]
[1 0 1 1 0 0 1 0 1 0 1 0 1 0 0 0 0 0 1 0 0 0 1 0 0 0 1 1 0 0 1 1 1 0 0 1 1
 0 1 1 0 0 1 1 0 1 0 0 0 0 0 0 0 0 1 0 1 0 1 0 0 1 1 1 1 0 1 1 1 1 1 0 1 0
 0 1 0 1 1 0 1 0 1 1 1 0 0 0 1 1 1 0 0 0 1 0 0 0 0 1]
[2 0 4 0 0 1 0 3 1 0 2 0 2 0 0 1 2 0 0 0 0 0 2 1 2 0 0 2 0 0 0 0 3 4 4 3 4
 1 0 0 3 1 1 2 1 0 0 2 2 4 0 0 0 0 1 4 0 2 3 0 4 4 0 3 2 4 0 0 3 0 1 0 0 1
 1 0 0 2 1 4 3 3 2 3 2 3 3 4 3 4 0 2 0 2 0 0 0 0 4 3]
[2 0 4 0 0 1 0 3 1 0 2 0 2 0 0 1 2 0 0 0 0 0 2 1 2 0 0 2 0 0 0 0 3 4 4 3 4
 1 0 0 3 1 1 2 1 0 0 2 2 4 0 0 0 0 1 4 0 2 3 0 4 4 0 3 2 4 0 0 3 0 1 0 0 1
 1 0 0 2 1 4 3 3 2 3 2 3 3 4 3 4 0 2 0 2 0 0 0 0 4 3]
[6 8 3 1 1 6 1 1 5 7 9 8 6 1 2 4 9 8 4 6 8 4 6 1 7 8 1 3 6 9 7 1 7 3 3 5 8
 4 2 8 5 4 8 7 8 4 4 4 6 6 5 2 8 5 2 6 6 8 1 7 3 5 9 4 6 2 6 7 5 8 9 7 2 2
 4 4 3 3 8 4 8 1 2 1 9 3 1 9 5 5 6 4 7 2 3 6 5 7 2 4]
[6 8 3 1 1 6 1 1 5 7 9 8 6 1 2 4 9 8 4 6 8 4 6 1 7 8 1 3 6 9 7 1 7 3 3 5 8
 4 2 8 5 4 8 7 8 4 4 4 6 6 5 2 8 5 2 6 6 8 1 7 3 5 9 4 6 2 6 7 5 8 9 7 2 2
 4 4 3 3 8 4 8 1 2 1 9 3 1 9 5 5 6 4 7 2 3 6 5 7 2 4]
[50, 18, 50, 31, 50, 50, 50, 50, 50, 22, 50, 50, 50, 16, 50, 12, 50, 50, 50, 13, 26, 49, 19, 22, 37, 39, 20, 50, 50, 35, 16, 32, 50, 34, 26, 16, 19, 50, 14, 19, 50, 34, 50, 50, 33, 43, 50, 41, 50, 50, 50, 41, 33, 25, 50, 50, 43, 11, 50, 50, 39, 17, 50, 28, 50, 50, 50, 50, 50, 45, 50, 50, 45, 39, 47, 24, 26, 32, 50, 50, 50, 50, 28, 50, 47, 50, 48, 50, 50, 50, 44, 50, 15, 50, 43, 50, 33, 20, 41, 50]
[0 0 0 0 0 0 0 0 0 0 0 0 0 0 0 0 0 0 0 0 0 0 0 0 0 0 0 0 0 0 0 0 0 0 0 0 0
 0 0 0 0 0 0 0 0 0 0 0 0 0 0 0 0 0 0 0 0 0 0 0 0 0 0 0 0 0 0 0 0 0 0 0 0 0
 0 0 0 0 0 0 0 0 0 0 0 0 0 0 0 0 0 0 0 0 0 0 0 0 0 0]
[1 1 1 1 1 1 1 1 1 1 1 1 1 1 1 1 1 1 1 1 1 1 1 1 1 1 1 1 1 1 1 1 1 1 1 1 1
 1 1 1 1 1 1 1 1 1 1 1 1 1 1 1 1 1 1 1 1 1 1 1 1 1 1 1 1 1 1 1 1 1 1 1 1 1
 1 1 1 1 1 1 1 1 1 1 1 1 1 1 1 1 1 1 1 1 1 1 1 1 1 1]
