[ 0  1  2  3  4  5  6  7  8  9 10 11 12 13 14 15 16 17 18 19 20 21 22 23
 24 25 26 27 28 29 30 31 32 33 34 35 36 37 38 39 40 41 42 43 44 45 46 47
 48 49 50 51 52 53 54 55 56 57 58 59 60 61 62 63 64 65 66 67 68 69 70 71
 72 73 74 75 76 77 78 79 80 81 82 83 84 85 86 87 88 89 90 91 92 93 94 95
 96 97 98 99]
[43 -1 -1 13 -1  9 47 51 97 96 -1 76 74 -1 -1 87 69  6 69 37 27 38 81 69
 33 93 -1 67 -1  4 -1 61 -1 90 31 -1  2 95 -1 30 16 98 55  2 69 -1 62 92
 30 -1 78 36 94 50 43 -1 91 -1 36 -1 75 -1 -1 -1 -1 81 57 92  4 -1 -1 -1
 -1 -1  7 -1 -1  1  9 -1 72 93 92 -1 94 -1 -1 61 -1 16 43 18 -1 69 56 -1
 18 99 62 -1]
[0 1 0 1 1 0 0 1 1 0 1 0 1 1 1 1 0 1 1 0 1 1 0 1 1 0 1 1 0 0 0 1 1 1 0 0 1
 1 0 1 0 0 1 0 0 0 1 1 1 0 1 0 1 0 1 0 0 1 0 1 1 0 1 1 1 1 1 0 1 1 0 1 1 1
 0 1 0 0 0 0 1 0 0 0 1 1 0 1 1 0 0 1 1 0 0 1 0 1 0 0]
[0 1 2 0 0 1 3 0 3 0 4 2 1 0 0 0 4 0 3 1 2 3 4 3 0 4 0 0 4 1 0 0 4 0 0 3 0
 0 0 3 2 0 0 0 0 3 3 0 3 0 0 0 0 1 0 0 0 0 2 4 1 2 3 0 1 0 4 2 2 0 1 0 4 3
 0 1 0 2 2 0 0 0 0 0 0 4 0 4 0 1 0 2 1 0 4 0 3 2 0 0]
[0 1 2 0 0 1 3 0 3 0 4 2 1 0 0 0 4 0 3 1 2 3 4 3 0 4 0 0 4 1 0 0 4 0 0 3 0
 0 0 3 2 0 0 0 0 3 3 0 3 0 0 0 0 1 0 0 0 0 2 4 1 2 3 0 1 0 4 2 2 0 1 0 4 3
 0 1 0 2 2 0 0 0 0 0 0 4 0 4 0 1 0 2 1 0 4 0 3 2 0 0]
[5 1 3 5 3 5 8 1 6 9 7 2 5 4 9 6 1 1 3 5 8 3 6 1 1 2 2 2 5 4 3 5 9 4 8 3 9
 1 7 9 8 4 6 8 7 3 7 4 8 1 3 2 5 6 2 5 1 7 4 3 1 4 1 8 8 3 3 2 4 8 7 8 3 2
 7 2 5 2 1 8 7 6 8 4 3 7 3 1 7 1 2 7 6 8 2 7 3 7 2 1]
[5 1 3 5 3 5 8 1 6 9 7 2 5 4 9 6 1 1 3 5 8 3 6 1 1 2 2 2 5 4 3 5 9 4 8 3 9
 1 7 9 8 4 6 8 7 3 7 4 8 1 3 2 5 6 2 5 1 7 4 3 1 4 1 8 8 3 3 2 4 8 7 8 3 2
 7 2 5 2 1 8 7 6 8 4 3 7 3 1 7 1 2 7 6 8 2 7 3 7 2 1]
[27, 50, 37, 24, 31, 31, 50, 50, 50, 50, 19, 50, 24, 50, 17, 42, 27, 46, 50, 41, 37, 50, 50, 15, 50, 50, 50, 50, 50, 25, 18, 34, 50, 48, 50, 49, 13, 49, 37, 38, 50, 50, 50, 33, 50, 27, 17, 50, 21, 50, 50, 50, 50, 45, 50, 25, 50, 50, 31, 31, 26, 33, 50, 50, 50, 49, 42, 33, 50, 50, 50, 49, 28, 36, 13, 46, 50, 46, 50, 29, 50, 26, 47, 44, 28, 12, 50, 50, 24, 18, 50, 47, 50, 11, 50, 14, 50, 40, 50, 50]
[0 0 0 0 0 0 0 0 0 0 0 0 0 0 0 0 0 0 0 0 0 0 0 0 0 0 0 0 0 0 0 0 0 0 0 0 0
 0 0 0 0 0 0 0 0 0 0 0 0 0 0 0 0 0 0 0 0 0 0 0 0 0 0 0 0 0 0 0 0 0 0 0 0 0
 0 0 0 0 0 0 0 0 0 0 0 0 0 0 0 0 0 0 0 0 0 0 0 0 0 0]
[1 1 1 1 1 1 1 1 1 1 1 1 1 1 1 1 1 1 1 1 1 1 1 1 1 1 1 1 1 1 1 1 1 1 1 1 1
 1 1 1 1 1 1 1 1 1 1 1 1 1 1 1 1 1 1 1 1 1 1 1 1 1 1 1 1 1 1 1 1 1 1 1 1 1
 1 1 1 1 1 1 1 1 1 1 1 1 1 1 1 1 1 1 1 1 1 1 1 1 1 1]
