[ 0  1  2  3  4  5  6  7  8  9 10 11 12 13 14 15 16 17 18 19 20 21 22 23
 24 25 26 27 28 29 30 31 32 33 34 35 36 37 38 39 40 41 42 43 44 45 46 47
 48 49 50 51 52 53 54 55 56 57 58 59 60 61 62 63 64 65 66 67 68 69 70 71
 72 73 74 75 76 77 78 79 80 81 82 83 84 85 86 87 88 89 90 91 92 93 94 95
 96 97 98 99]
[42  2 -1 20  8 97 -1 82 54 -1 -1 51 -1 -1  4 -1 -1 31 97 -1  2 71 50 25
 -1  4 -1 -1 50 63  9 -1 -1 40 -1 -1 21 18 -1 71 96 11 -1  5 56 -1 -1 63
 96 79 42 71 47 15 17  3 91  1 48 -1  5 14  9 -1 91 86 63 -1 -1 -1 21 49
  6 -1 -1 29 34 -1 52 20 13 -1 30 -1 -1 98  7 -1 25 -1 33 -1 86 23 87 15
 82 75  8  6]
[1 1 0 0 1 1 0 1 0 0 0 1 1 1 0 1 0 1 0 1 1 1 1 1 0 1 0 1 0 0 1 0 1 0 1 1 0
 1 1 0 1 1 0 1 1 0 1 1 1 1 0 1 0 0 0 0 1 0 1 0 1 0 1 1 1 1 1 1 0 0 1 1 0 1
 0 0 1 1 1 0 1 0 1 0 0 0 1 0 1 0 0 1 1 0 1 1 0 1 1 1]
[4 0 0 0 2 2 3 0 2 2 3 0 4 2 2 0 0 3 0 0 4 0 0 0 0 3 4 3 4 3 0 3 2 0 4 0 3
 0 3 1 1 0 0 0 0 0 4 0 2 0 0 0 0 3 0 0 1 1 0 1 0 0 0 4 0 0 4 2 1 3 4 1 1 0
 3 0 1 2 4 1 0 3 2 3 2 1 0 3 3 3 1 0 0 3 0 1 0 2 3 0]
[4 0 0 0 2 2 3 0 2 2 3 0 4 2 2 0 0 3 0 0 4 0 0 0 0 3 4 3 4 3 0 3 2 0 4 0 3
 0 3 1 1 0 0 0 0 0 4 0 2 0 0 0 0 3 0 0 1 1 0 1 0 0 0 4 0 0 4 2 1 3 4 1 1 0
 3 0 1 2 4 1 0 3 2 3 2 1 0 3 3 3 1 0 0 3 0 1 0 2 3 0]
[3 8 9 3 5 2 3 6 6 3 6 3 1 6 1 3 6 4 4 3 8 5 6 6 7 9 2 5 2 9 7 9 6 5 8 1 6
 3 9 3 9 4 4 4 8 5 6 3 2 9 8 1 8 5 3 1 4 6 9 9 1 7 4 4 6 7 5 1 1 6 8 3 7 9
 2 1 6 4 5 7 2 4 8 9 4 3 7 2 9 8 1 8 9 6 5 3 6 2 4 5]
[3 8 9 3 5 2 3 6 6 3 6 3 1 6 1 3 6 4 4 3 8 5 6 6 7 9 2 5 2 9 7 9 6 5 8 1 6
 3 9 3 9 4 4 4 8 5 6 3 2 9 8 1 8 5 3 1 4 6 9 9 1 7 4 4 6 7 5 1 1 6 8 3 7 9
 2 1 6 4 5 7 2 4 8 9 4 3 7 2 9 8 1 8 9 6 5 3 6 2 4 5]
[50, 41, 50, 50, 50, 50, 16, 13, 20, 50, 19, 27, 50, 25, 50, 50, 41, 30, 31, 50, 50, 50, 50, 14, 48, 20, 47, 14, 33, 50, 50, 24, 44, 42, 50, 23, 50, 35, 50, 50, 13, 27, 50, 50, 50, 50, 48, 50, 50, 49, 50, 45, 17, 16, 50, 50, 16, 50, 50, 19, 50, 50, 24, 50, 50, 50, 50, 34, 50, 42, 50, 38, 50, 26, 30, 50, 46, 40, 50, 26, 26, 37, 12, 43, 50, 27, 31, 31, 50, 50, 50, 50, 24, 50, 40, 26, 40, 50, 50, 50]
[0 0 0 0 0 0 0 0 0 0 0 0 0 0 0 0 0 0 0 0 0 0 0 0 0 0 0 0 0 0 0 0 0 0 0 0 0
 0 0 0 0 0 0 0 0 0 0 0 0 0 0 0 0 0 0 0 0 0 0 0 0 0 0 0 0 0 0 0 0 0 0 0 0 0
 0 0 0 0 0 0 0 0 0 0 0 0 0 0 0 0 0 0 0 0 0 0 0 0 0 0]
[1 1 1 1 1 1 1 1 1 1 1 1 1 1 1 1 1 1 1 1 1 1 1 1 1 1 1 1 1 1 1 1 1 1 1 1 1
 1 1 1 1 1 1 1 1 1 1 1 1 1 1 1 1 1 1 1 1 1 1 1 1 1 1 1 1 1 1 1 1 1 1 1 1 1
 1 1 1 1 1 1 1 1 1 1 1 1 1 1 1 1 1 1 1 1 1 1 1 1 1 1]
