[ 0  1  2  3  4  5  6  7  8  9 10 11 12 13 14 15 16 17 18 19 20 21 22 23
 24 25 26 27 28 29 30 31 32 33 34 35 36 37 38 39 40 41 42 43 44 45 46 47
 48 49 50 51 52 53 54 55 56 57 58 59 60 61 62 63 64 65 66 67 68 69 70 71
 72 73 74 75 76 77 78 79 80 81 82 83 84 85 86 87 88 89 90 91 92 93 94 95
 96 97 98 99]
[85 -1 14 94 14 36 -1 -1 -1 90 -1 17 53 35 -1 44  7 -1 58 -1 65 59 -1 72
 78 72 65 -1 -1 74 36 44 -1 -1 47 45 -1 31 -1 -1 77 82 40 -1 -1 93 -1 43
 84 98 60 69 83 -1 68 15 -1 65 81 80 57 49 74 45 55  5 -1 22  8 58 40 13
 74 10 19 60 -1 -1 -1  2 40 53 69  0 55 -1 80 46  8 34 57 34  9 86 84 -1
 44 -1 -1 13]
[0 0 1 1 0 1 0 1 0 1 1 0 0 1 0 1 1 0 1 0 0 0 1 1 0 0 0 0 1 1 0 0 0 0 0 0 0
 1 0 1 0 0 0 0 0 1 1 0 1 1 0 0 1 0 0 1 0 0 0 1 1 0 0 0 1 1 0 0 1 1 0 1 0 1
 0 0 1 1 1 1 1 0 1 1 1 1 0 0 1 0 0 0 1 0 1 0 1 1 1 0]
[0 4 0 3 0 3 4 4 0 4 3 0 0 1 2 1 1 0 3 3 0 0 0 0 0 0 0 4 0 0 0 1 2 0 1 0 0
 4 4 1 0 2 1 4 3 0 0 2 0 0 0 0 4 0 0 0 1 1 0 3 3 0 0 0 0 0 3 2 1 3 3 3 3 0
 0 0 2 1 1 1 0 0 0 0 0 0 3 1 0 0 0 0 3 1 3 2 0 3 0 0]
[0 4 0 3 0 3 4 4 0 4 3 0 0 1 2 1 1 0 3 3 0 0 0 0 0 0 0 4 0 0 0 1 2 0 1 0 0
 4 4 1 0 2 1 4 3 0 0 2 0 0 0 0 4 0 0 0 1 1 0 3 3 0 0 0 0 0 3 2 1 3 3 3 3 0
 0 0 2 1 1 1 0 0 0 0 0 0 3 1 0 0 0 0 3 1 3 2 0 3 0 0]
[8 6 3 4 4 3 6 7 9 7 4 5 2 1 7 5 9 5 6 6 9 8 5 8 1 9 1 7 1 9 8 5 6 4 4 3 9
 4 5 9 1 5 5 6 9 6 6 2 3 9 2 9 7 8 4 2 1 4 4 5 1 1 8 5 4 4 8 6 2 9 6 1 9 5
 7 6 2 8 3 8 6 8 3 2 3 5 6 1 5 3 2 8 9 8 7 3 2 7 3 4]
[8 6 3 4 4 3 6 7 9 7 4 5 2 1 7 5 9 5 6 6 9 8 5 8 1 9 1 7 1 9 8 5 6 4 4 3 9
 4 5 9 1 5 5 6 9 6 6 2 3 9 2 9 7 8 4 2 1 4 4 5 1 1 8 5 4 4 8 6 2 9 6 1 9 5
 7 6 2 8 3 8 6 8 3 2 3 5 6 1 5 3 2 8 9 8 7 3 2 7 3 4]
[50, 50, 50, 50, 34, 47, 27, 19, 50, 30, 44, 50, 50, 28, 50, 50, 50, 16, 26, 50, 49, 50, 39, 46, 50, 18, 50, 50, 50, 44, 50, 38, 50, 50, 45, 50, 22, 39, 50, 50, 50, 21, 33, 13, 50, 50, 50, 50, 34, 14, 50, 31, 50, 28, 21, 50, 50, 50, 30, 50, 50, 50, 27, 25, 50, 46, 11, 50, 33, 23, 50, 39, 12, 50, 50, 17, 31, 12, 43, 50, 29, 41, 37, 50, 50, 50, 50, 50, 37, 11, 50, 50, 13, 50, 12, 50, 50, 50, 19, 46]
[0 0 0 0 0 0 0 0 0 0 0 0 0 0 0 0 0 0 0 0 0 0 0 0 0 0 0 0 0 0 0 0 0 0 0 0 0
 0 0 0 0 0 0 0 0 0 0 0 0 0 0 0 0 0 0 0 0 0 0 0 0 0 0 0 0 0 0 0 0 0 0 0 0 0
 0 0 0 0 0 0 0 0 0 0 0 0 0 0 0 0 0 0 0 0 0 0 0 0 0 0]
[1 1 1 1 1 1 1 1 1 1 1 1 1 1 1 1 1 1 1 1 1 1 1 1 1 1 1 1 1 1 1 1 1 1 1 1 1
 1 1 1 1 1 1 1 1 1 1 1 1 1 1 1 1 1 1 1 1 1 1 1 1 1 1 1 1 1 1 1 1 1 1 1 1 1
 1 1 1 1 1 1 1 1 1 1 1 1 1 1 1 1 1 1 1 1 1 1 1 1 1 1]
