[ 0  1  2  3  4  5  6  7  8  9 10 11 12 13 14 15 16 17 18 19 20 21 22 23
 24 25 26 27 28 29 30 31 32 33 34 35 36 37 38 39 40 41 42 43 44 45 46 47
 48 49 50 51 52 53 54 55 56 57 58 59 60 61 62 63 64 65 66 67 68 69 70 71
 72 73 74 75 76 77 78 79 80 81 82 83 84 85 86 87 88 89 90 91 92 93 94 95
 96 97 98 99]
[-1  0 75 61 15 63 -1 31 66 50 32  4 29 47 -1 19 44  4 -1 99 15 -1 17 26
 18  4 -1 -1 -1 85 -1 13 -1 36 -1 68 61 -1 86 -1  3  9 -1  8 -1 37 36 95
 16 75 -1 53 -1 -1 -1 -1 98 -1 -1 -1 16 25 56 38 18 34 98 48 76 49 97 30
 -1 27 49 50 -1 40 -1 -1 22 -1 11 68 73 -1 -1 32 33 -1 47 78 59 91 72 -1
 47 71 -1  1]
[0 1 0 1 0 0 1 1 1 0 0 1 1 0 1 0 0 0 0 1 1 1 1 1 1 0 0 0 1 1 1 1 1 1 1 0 0
 1 1 1 1 1 0 1 0 0 1 1 0 1 1 1 1 0 0 1 1 1 0 0 1 1 0 0 1 0 1 0 1 0 1 0 0 0
 1 1 1 1 1 1 1 0 0 1 0 0 1 1 1 1 0 1 1 1 0 0 1 0 0 0]
[4 3 0 0 3 0 2 4 0 1 0 0 4 4 3 1 2 0 2 0 0 2 2 0 1 2 4 4 1 4 3 2 0 3 0 0 0
 4 1 0 4 1 0 0 1 0 0 0 4 0 0 2 4 0 2 3 2 0 0 4 1 3 1 0 4 3 4 0 4 0 0 0 0 3
 0 1 0 0 0 4 0 0 0 0 2 0 3 0 0 0 0 4 1 0 1 2 1 4 0 1]
[4 3 0 0 3 0 2 4 0 1 0 0 4 4 3 1 2 0 2 0 0 2 2 0 1 2 4 4 1 4 3 2 0 3 0 0 0
 4 1 0 4 1 0 0 1 0 0 0 4 0 0 2 4 0 2 3 2 0 0 4 1 3 1 0 4 3 4 0 4 0 0 0 0 3
 0 1 0 0 0 4 0 0 0 0 2 0 3 0 0 0 0 4 1 0 1 2 1 4 0 1]
[2 1 1 3 2 2 9 5 8 1 5 9 6 5 6 7 9 2 7 6 2 5 2 9 3 4 9 6 3 5 3 9 4 5 8 7 8
 6 6 8 5 6 9 5 7 5 5 8 7 5 2 9 1 6 5 6 9 9 3 3 9 1 1 6 5 4 8 6 9 7 3 9 3 5
 2 2 8 8 4 8 2 1 2 5 7 8 4 9 4 3 4 2 4 4 4 5 7 7 2 1]
[2 1 1 3 2 2 9 5 8 1 5 9 6 5 6 7 9 2 7 6 2 5 2 9 3 4 9 6 3 5 3 9 4 5 8 7 8
 6 6 8 5 6 9 5 7 5 5 8 7 5 2 9 1 6 5 6 9 9 3 3 9 1 1 6 5 4 8 6 9 7 3 9 3 5
 2 2 8 8 4 8 2 1 2 5 7 8 4 9 4 3 4 2 4 4 4 5 7 7 2 1]
[38, 20, 14, 50, 50, 31, 36, 50, 50, 50, 29, 11, 50, 50, 50, 50, 42, 50, 49, 40, 37, 50, 50, 46, 50, 43, 50, 50, 29, 50, 20, 50, 50, 44, 50, 38, 13, 39, 27, 50, 50, 41, 50, 50, 46, 23, 50, 50, 42, 19, 31, 50, 38, 50, 27, 50, 24, 50, 16, 50, 50, 23, 50, 50, 30, 33, 37, 50, 50, 21, 22, 50, 35, 37, 15, 50, 46, 50, 13, 30, 25, 41, 32, 50, 41, 23, 20, 23, 42, 50, 50, 46, 50, 15, 50, 47, 50, 50, 50, 50]
[0 0 0 0 0 0 0 0 0 0 0 0 0 0 0 0 0 0 0 0 0 0 0 0 0 0 0 0 0 0 0 0 0 0 0 0 0
 0 0 0 0 0 0 0 0 0 0 0 0 0 0 0 0 0 0 0 0 0 0 0 0 0 0 0 0 0 0 0 0 0 0 0 0 0
 0 0 0 0 0 0 0 0 0 0 0 0 0 0 0 0 0 0 0 0 0 0 0 0 0 0]
[1 1 1 1 1 1 1 1 1 1 1 1 1 1 1 1 1 1 1 1 1 1 1 1 1 1 1 1 1 1 1 1 1 1 1 1 1
 1 1 1 1 1 1 1 1 1 1 1 1 1 1 1 1 1 1 1 1 1 1 1 1 1 1 1 1 1 1 1 1 1 1 1 1 1
 1 1 1 1 1 1 1 1 1 1 1 1 1 1 1 1 1 1 1 1 1 1 1 1 1 1]
