[ 0  1  2  3  4  5  6  7  8  9 10 11 12 13 14 15 16 17 18 19 20 21 22 23
 24 25 26 27 28 29 30 31 32 33 34 35 36 37 38 39 40 41 42 43 44 45 46 47
 48 49 50 51 52 53 54 55 56 57 58 59 60 61 62 63 64 65 66 67 68 69 70 71
 72 73 74 75 76 77 78 79 80 81 82 83 84 85 86 87 88 89 90 91 92 93 94 95
 96 97 98 99]
[-1 -1 53 39 29 11 -1 84 92 -1 -1 80  2 -1 27 51 -1 -1  9 91 -1 30 -1 16
 48 -1 -1 -1 -1  7 89 -1 -1 77  9  6 -1 -1 88 14 -1 -1 -1 55 23 -1  2 -1
 -1 -1 99 -1  3 -1 49  8 95 80 -1 21 79 32 70 -1 -1  8 54 -1 88 44 -1 29
 -1 95 -1 -1 13 18 -1  9 98 97 -1 -1 -1 41 -1 20  9 83 68 -1 -1 -1 75 91
 67 52 83 -1]
[0 0 0 0 1 1 0 1 1 0 0 0 1 0 1 0 0 1 0 0 0 0 1 0 1 0 0 0 0 0 1 0 0 1 1 1 1
 1 1 0 0 0 1 0 1 1 1 0 0 0 1 0 1 1 1 0 1 1 0 0 0 1 0 1 1 1 0 1 1 0 1 0 0 1
 0 0 0 0 1 0 0 0 1 1 1 0 0 1 0 1 1 0 1 1 0 1 0 1 1 0]
[0 0 0 2 3 4 0 2 1 3 0 0 0 0 4 0 0 2 0 1 0 4 2 4 3 0 0 0 0 2 4 3 2 2 0 0 0
 0 0 0 0 1 0 0 0 0 1 4 2 4 0 0 0 0 2 0 0 1 0 0 0 0 3 0 4 0 0 0 4 2 3 0 0 0
 1 0 0 0 4 2 0 0 0 1 0 0 2 0 0 0 2 4 4 3 4 1 0 0 0 1]
[0 0 0 2 3 4 0 2 1 3 0 0 0 0 4 0 0 2 0 1 0 4 2 4 3 0 0 0 0 2 4 3 2 2 0 0 0
 0 0 0 0 1 0 0 0 0 1 4 2 4 0 0 0 0 2 0 0 1 0 0 0 0 3 0 4 0 0 0 4 2 3 0 0 0
 1 0 0 0 4 2 0 0 0 1 0 0 2 0 0 0 2 4 4 3 4 1 0 0 0 1]
[1 3 1 7 8 5 1 3 4 1 2 6 7 8 8 1 5 4 1 5 3 9 8 5 7 4 5 2 1 3 9 8 7 7 5 8 6
 1 8 4 1 5 6 3 3 1 4 2 7 8 6 9 9 7 1 5 4 6 3 1 3 5 5 7 1 6 2 6 1 1 6 1 1 9
 3 8 4 3 6 9 2 4 8 1 6 6 4 4 3 4 1 6 4 8 5 8 8 4 1 7]
[1 3 1 7 8 5 1 3 4 1 2 6 7 8 8 1 5 4 1 5 3 9 8 5 7 4 5 2 1 3 9 8 7 7 5 8 6
 1 8 4 1 5 6 3 3 1 4 2 7 8 6 9 9 7 1 5 4 6 3 1 3 5 5 7 1 6 2 6 1 1 6 1 1 9
 3 8 4 3 6 9 2 4 8 1 6 6 4 4 3 4 1 6 4 8 5 8 8 4 1 7]
[50, 17, 50, 50, 50, 50, 50, 50, 23, 50, 50, 50, 45, 29, 41, 50, 16, 50, 50, 50, 37, 34, 50, 39, 29, 28, 24, 50, 50, 50, 50, 50, 50, 50, 30, 12, 44, 45, 50, 12, 50, 50, 10, 50, 50, 31, 50, 19, 50, 50, 50, 50, 49, 37, 50, 50, 50, 29, 50, 15, 50, 50, 18, 50, 50, 50, 50, 26, 33, 21, 15, 50, 31, 25, 33, 24, 28, 46, 39, 50, 50, 50, 11, 50, 50, 50, 50, 10, 44, 50, 18, 50, 20, 50, 50, 18, 23, 50, 41, 31]
[0 0 0 0 0 0 0 0 0 0 0 0 0 0 0 0 0 0 0 0 0 0 0 0 0 0 0 0 0 0 0 0 0 0 0 0 0
 0 0 0 0 0 0 0 0 0 0 0 0 0 0 0 0 0 0 0 0 0 0 0 0 0 0 0 0 0 0 0 0 0 0 0 0 0
 0 0 0 0 0 0 0 0 0 0 0 0 0 0 0 0 0 0 0 0 0 0 0 0 0 0]
[1 1 1 1 1 1 1 1 1 1 1 1 1 1 1 1 1 1 1 1 1 1 1 1 1 1 1 1 1 1 1 1 1 1 1 1 1
 1 1 1 1 1 1 1 1 1 1 1 1 1 1 1 1 1 1 1 1 1 1 1 1 1 1 1 1 1 1 1 1 1 1 1 1 1
 1 1 1 1 1 1 1 1 1 1 1 1 1 1 1 1 1 1 1 1 1 1 1 1 1 1]
