[ 0  1  2  3  4  5  6  7  8  9 10 11 12 13 14 15 16 17 18 19 20 21 22 23
 24 25 26 27 28 29 30 31 32 33 34 35 36 37 38 39 40 41 42 43 44 45 46 47
 48 49 50 51 52 53 54 55 56 57 58 59 60 61 62 63 64 65 66 67 68 69 70 71
 72 73 74 75 76 77 78 79 80 81 82 83 84 85 86 87 88 89 90 91 92 93 94 95
 96 97 98 99]
[59 37 -1 -1 34 -1 -1 94 69 -1 29 -1 -1 -1 66 96 10 41  7 90 78 -1  7 59
 78  7  4 -1 -1 17 -1 -1 -1 -1 41 24 -1 10 -1 -1 33 91 -1 58 68 14 -1 11
 74 -1 -1 39 47 -1 30 82 22 -1 23 69 21 51 47 -1 -1 -1 -1 -1 -1 -1 -1 25
  7 21 81 -1 59 96 40 15 24 -1  6 -1 -1 -1 -1 -1 76 95 -1 -1 -1 25 36 63
 -1 -1 88 -1]
[0 1 0 1 1 1 1 1 0 0 0 1 0 0 0 0 0 0 0 0 1 0 1 0 1 0 1 0 1 0 0 1 1 0 0 1 1
 1 1 0 1 1 1 0 0 1 0 1 0 0 1 0 0 0 0 0 0 0 0 0 0 0 1 0 1 0 1 1 0 0 0 0 0 0
 0 0 0 1 1 0 0 0 1 0 1 1 1 1 1 0 1 0 0 1 1 1 1 0 1 0]
[3 0 0 4 0 0 0 0 2 1 3 0 0 3 0 0 3 3 0 2 0 3 0 4 2 2 4 0 0 1 0 3 2 0 3 4 1
 0 4 3 1 0 4 1 1 4 3 0 3 3 2 0 0 0 0 0 1 0 0 0 1 0 0 0 4 0 0 0 0 4 1 0 4 0
 0 4 2 0 0 0 0 0 0 1 3 3 4 3 2 0 3 1 0 0 0 2 3 1 0 2]
[3 0 0 4 0 0 0 0 2 1 3 0 0 3 0 0 3 3 0 2 0 3 0 4 2 2 4 0 0 1 0 3 2 0 3 4 1
 0 4 3 1 0 4 1 1 4 3 0 3 3 2 0 0 0 0 0 1 0 0 0 1 0 0 0 4 0 0 0 0 4 1 0 4 0
 0 4 2 0 0 0 0 0 0 1 3 3 4 3 2 0 3 1 0 0 0 2 3 1 0 2]
[4 1 1 2 5 8 1 5 6 7 6 2 3 2 7 8 8 8 5 1 6 2 3 5 4 8 6 3 6 5 3 7 6 8 8 6 7
 6 6 3 7 3 1 7 1 4 3 7 1 9 1 9 4 4 9 5 5 5 2 8 7 8 8 9 1 3 2 1 2 7 1 2 5 4
 3 6 3 2 1 3 7 9 7 9 9 1 8 4 1 3 7 6 8 1 2 8 4 6 8 1]
[4 1 1 2 5 8 1 5 6 7 6 2 3 2 7 8 8 8 5 1 6 2 3 5 4 8 6 3 6 5 3 7 6 8 8 6 7
 6 6 3 7 3 1 7 1 4 3 7 1 9 1 9 4 4 9 5 5 5 2 8 7 8 8 9 1 3 2 1 2 7 1 2 5 4
 3 6 3 2 1 3 7 9 7 9 9 1 8 4 1 3 7 6 8 1 2 8 4 6 8 1]
[50, 33, 19, 50, 50, 44, 50, 50, 44, 50, 24, 50, 12, 50, 17, 41, 50, 50, 50, 18, 17, 50, 31, 50, 19, 41, 50, 50, 34, 29, 50, 46, 50, 50, 18, 50, 50, 28, 11, 50, 48, 50, 25, 50, 50, 49, 50, 50, 48, 25, 50, 50, 15, 14, 50, 50, 40, 50, 30, 35, 21, 50, 50, 50, 50, 50, 50, 50, 12, 10, 39, 25, 50, 50, 23, 10, 50, 26, 49, 50, 50, 24, 20, 50, 50, 33, 21, 50, 50, 41, 50, 36, 50, 45, 50, 50, 50, 23, 50, 37]
[0 0 0 0 0 0 0 0 0 0 0 0 0 0 0 0 0 0 0 0 0 0 0 0 0 0 0 0 0 0 0 0 0 0 0 0 0
 0 0 0 0 0 0 0 0 0 0 0 0 0 0 0 0 0 0 0 0 0 0 0 0 0 0 0 0 0 0 0 0 0 0 0 0 0
 0 0 0 0 0 0 0 0 0 0 0 0 0 0 0 0 0 0 0 0 0 0 0 0 0 0]
[1 1 1 1 1 1 1 1 1 1 1 1 1 1 1 1 1 1 1 1 1 1 1 1 1 1 1 1 1 1 1 1 1 1 1 1 1
 1 1 1 1 1 1 1 1 1 1 1 1 1 1 1 1 1 1 1 1 1 1 1 1 1 1 1 1 1 1 1 1 1 1 1 1 1
 1 1 1 1 1 1 1 1 1 1 1 1 1 1 1 1 1 1 1 1 1 1 1 1 1 1]
