[ 0  1  2  3  4  5  6  7  8  9 10 11 12 13 14 15 16 17 18 19 20 21 22 23
 24 25 26 27 28 29 30 31 32 33 34 35 36 37 38 39 40 41 42 43 44 45 46 47
 48 49 50 51 52 53 54 55 56 57 58 59 60 61 62 63 64 65 66 67 68 69 70 71
 72 73 74 75 76 77 78 79 80 81 82 83 84 85 86 87 88 89 90 91 92 93 94 95
 96 97 98 99]
[86 90 80 -1 -1 44 46 80 54 10 -1 56 96 80 65  8 35 -1 -1 -1  2 87 -1 35
  7 -1 -1 -1 98 -1 -1 -1 87 78 93 -1 -1 41 -1 69 -1 45 -1 14 -1 19 30 42
 40 29 -1 60 -1 52 69 47 95 51 90 -1 44  7 -1 -1 98 57 -1 92 71 38  8 52
 16 44 78 74 68 -1 32 95 -1 -1 12 26 97 -1 14 -1 -1 58 -1 66 -1 91 12 22
 86 19 33 15]
[1 0 0 1 1 1 0 0 0 1 1 0 0 0 1 0 0 1 0 0 1 1 1 0 0 0 0 0 1 1 1 1 1 1 0 0 1
 0 0 0 1 0 0 0 1 1 1 1 1 0 0 0 0 0 0 1 0 1 1 1 1 1 0 0 0 0 1 0 0 0 1 1 1 0
 0 1 1 1 1 0 0 1 1 1 1 0 0 1 1 0 0 0 1 0 0 1 0 0 0 0]
[0 2 1 2 3 2 0 0 0 2 0 1 4 1 0 0 4 0 0 0 0 3 2 3 0 2 3 0 4 2 0 0 2 2 0 4 4
 0 2 0 3 2 3 2 4 2 3 0 4 0 3 0 0 4 0 0 0 2 1 1 4 0 4 3 0 0 3 0 3 3 3 0 2 0
 2 0 0 4 0 4 0 0 1 2 0 0 4 2 0 0 0 4 0 1 0 0 0 3 4 4]
[0 2 1 2 3 2 0 0 0 2 0 1 4 1 0 0 4 0 0 0 0 3 2 3 0 2 3 0 4 2 0 0 2 2 0 4 4
 0 2 0 3 2 3 2 4 2 3 0 4 0 3 0 0 4 0 0 0 2 1 1 4 0 4 3 0 0 3 0 3 3 3 0 2 0
 2 0 0 4 0 4 0 0 1 2 0 0 4 2 0 0 0 4 0 1 0 0 0 3 4 4]
[5 5 6 8 9 3 1 2 9 9 6 3 6 3 1 8 3 6 8 4 9 4 9 1 7 8 9 3 4 2 8 4 6 7 4 3 3
 7 5 2 3 2 2 2 1 9 5 2 7 2 1 4 2 9 7 4 3 4 8 3 8 9 8 9 3 1 9 3 5 5 8 5 4 7
 3 7 3 2 4 1 2 1 5 7 4 8 1 9 9 2 7 1 4 8 3 3 8 5 1 6]
[5 5 6 8 9 3 1 2 9 9 6 3 6 3 1 8 3 6 8 4 9 4 9 1 7 8 9 3 4 2 8 4 6 7 4 3 3
 7 5 2 3 2 2 2 1 9 5 2 7 2 1 4 2 9 7 4 3 4 8 3 8 9 8 9 3 1 9 3 5 5 8 5 4 7
 3 7 3 2 4 1 2 1 5 7 4 8 1 9 9 2 7 1 4 8 3 3 8 5 1 6]
[14, 12, 50, 47, 43, 37, 27, 50, 50, 50, 50, 50, 50, 50, 38, 49, 50, 15, 50, 50, 29, 49, 50, 50, 50, 50, 50, 50, 50, 17, 22, 50, 39, 50, 50, 22, 32, 33, 50, 41, 50, 29, 31, 43, 24, 15, 36, 50, 24, 50, 50, 34, 50, 50, 50, 50, 45, 20, 50, 50, 50, 23, 50, 50, 27, 50, 16, 47, 50, 40, 50, 50, 14, 10, 50, 37, 50, 30, 50, 50, 25, 22, 10, 50, 17, 21, 45, 50, 35, 50, 50, 50, 50, 50, 50, 46, 10, 30, 28, 50]
[0 0 0 0 0 0 0 0 0 0 0 0 0 0 0 0 0 0 0 0 0 0 0 0 0 0 0 0 0 0 0 0 0 0 0 0 0
 0 0 0 0 0 0 0 0 0 0 0 0 0 0 0 0 0 0 0 0 0 0 0 0 0 0 0 0 0 0 0 0 0 0 0 0 0
 0 0 0 0 0 0 0 0 0 0 0 0 0 0 0 0 0 0 0 0 0 0 0 0 0 0]
[1 1 1 1 1 1 1 1 1 1 1 1 1 1 1 1 1 1 1 1 1 1 1 1 1 1 1 1 1 1 1 1 1 1 1 1 1
 1 1 1 1 1 1 1 1 1 1 1 1 1 1 1 1 1 1 1 1 1 1 1 1 1 1 1 1 1 1 1 1 1 1 1 1 1
 1 1 1 1 1 1 1 1 1 1 1 1 1 1 1 1 1 1 1 1 1 1 1 1 1 1]
