[ 0  1  2  3  4  5  6  7  8  9 10 11 12 13 14 15 16 17 18 19 20 21 22 23
 24 25 26 27 28 29 30 31 32 33 34 35 36 37 38 39 40 41 42 43 44 45 46 47
 48 49 50 51 52 53 54 55 56 57 58 59 60 61 62 63 64 65 66 67 68 69 70 71
 72 73 74 75 76 77 78 79 80 81 82 83 84 85 86 87 88 89 90 91 92 93 94 95
 96 97 98 99]
[60 54 18 77 32 92 40 -1 -1 10 68 41 -1 -1 -1 46 -1 22 91 -1 21 51 48 79
 30 64 38 75 -1 -1 -1 -1 93 74 82 -1 -1 91 -1 -1  0  6 -1 17 42 -1 53 85
  7 13 81 -1 -1 68 -1  4 44 99 72 94 -1 -1 15 91 -1 25 47 -1 16 31 -1 80
 55  3 -1  7 -1 -1 -1 -1 92 52 -1 16 -1 84 -1 21 20 -1 -1 40 -1 25 71 78
 68  6 -1 53]
[0 1 1 1 1 0 0 0 1 1 0 0 0 1 1 1 1 1 1 0 1 1 0 0 1 0 1 1 0 0 0 1 0 0 1 1 1
 1 1 0 0 0 0 0 0 1 0 0 0 0 1 0 0 1 0 1 0 1 0 0 1 0 0 0 1 0 1 0 1 1 1 0 0 1
 0 0 0 1 0 0 1 1 0 1 1 1 0 1 0 1 1 1 1 1 0 0 0 1 1 0]
[0 2 0 1 1 3 4 0 0 0 2 0 3 1 0 2 3 0 0 0 1 3 0 4 0 0 3 0 3 2 0 2 0 0 3 3 0
 0 3 2 2 0 0 0 0 0 0 0 0 0 0 3 4 1 3 0 0 0 0 2 2 0 1 4 4 2 3 0 0 3 0 0 3 2
 1 1 0 4 0 0 2 0 2 0 0 4 0 1 2 4 0 3 3 2 4 2 1 0 0 1]
[0 2 0 1 1 3 4 0 0 0 2 0 3 1 0 2 3 0 0 0 1 3 0 4 0 0 3 0 3 2 0 2 0 0 3 3 0
 0 3 2 2 0 0 0 0 0 0 0 0 0 0 3 4 1 3 0 0 0 0 2 2 0 1 4 4 2 3 0 0 3 0 0 3 2
 1 1 0 4 0 0 2 0 2 0 0 4 0 1 2 4 0 3 3 2 4 2 1 0 0 1]
[2 4 5 7 4 1 4 9 6 8 3 7 3 8 1 5 1 1 5 2 6 1 2 1 5 2 2 5 8 8 9 1 7 8 3 4 6
 2 4 7 4 7 6 5 9 9 4 4 4 5 1 9 1 4 6 5 9 9 2 6 5 2 2 1 6 9 5 7 8 8 2 4 7 2
 3 2 7 9 5 2 5 7 9 5 3 5 6 2 7 6 8 6 4 6 8 2 2 7 3 9]
[2 4 5 7 4 1 4 9 6 8 3 7 3 8 1 5 1 1 5 2 6 1 2 1 5 2 2 5 8 8 9 1 7 8 3 4 6
 2 4 7 4 7 6 5 9 9 4 4 4 5 1 9 1 4 6 5 9 9 2 6 5 2 2 1 6 9 5 7 8 8 2 4 7 2
 3 2 7 9 5 2 5 7 9 5 3 5 6 2 7 6 8 6 4 6 8 2 2 7 3 9]
[50, 50, 50, 45, 23, 50, 50, 50, 35, 50, 41, 50, 48, 44, 35, 20, 42, 17, 50, 42, 46, 50, 50, 50, 26, 38, 50, 50, 34, 25, 50, 33, 50, 46, 50, 50, 50, 21, 50, 25, 50, 31, 35, 25, 50, 35, 25, 35, 50, 50, 50, 20, 50, 17, 26, 50, 35, 20, 50, 10, 50, 50, 50, 50, 45, 42, 13, 50, 50, 50, 42, 50, 25, 20, 50, 25, 38, 50, 17, 33, 19, 50, 50, 50, 50, 50, 50, 44, 35, 49, 10, 50, 39, 15, 50, 32, 21, 48, 50, 38]
[0 0 0 0 0 0 0 0 0 0 0 0 0 0 0 0 0 0 0 0 0 0 0 0 0 0 0 0 0 0 0 0 0 0 0 0 0
 0 0 0 0 0 0 0 0 0 0 0 0 0 0 0 0 0 0 0 0 0 0 0 0 0 0 0 0 0 0 0 0 0 0 0 0 0
 0 0 0 0 0 0 0 0 0 0 0 0 0 0 0 0 0 0 0 0 0 0 0 0 0 0]
[1 1 1 1 1 1 1 1 1 1 1 1 1 1 1 1 1 1 1 1 1 1 1 1 1 1 1 1 1 1 1 1 1 1 1 1 1
 1 1 1 1 1 1 1 1 1 1 1 1 1 1 1 1 1 1 1 1 1 1 1 1 1 1 1 1 1 1 1 1 1 1 1 1 1
 1 1 1 1 1 1 1 1 1 1 1 1 1 1 1 1 1 1 1 1 1 1 1 1 1 1]
