[ 0  1  2  3  4  5  6  7  8  9 10 11 12 13 14 15 16 17 18 19 20 21 22 23
 24 25 26 27 28 29 30 31 32 33 34 35 36 37 38 39 40 41 42 43 44 45 46 47
 48 49 50 51 52 53 54 55 56 57 58 59 60 61 62 63 64 65 66 67 68 69 70 71
 72 73 74 75 76 77 78 79 80 81 82 83 84 85 86 87 88 89 90 91 92 93 94 95
 96 97 98 99]
[38 -1  8 -1 -1 -1 -1  5 -1 49 70 -1 59 53 79 17 53 41  5 -1 65 63 55 21
 78 55 44  0 -1 16 -1 -1 60 73 81 59  3 96 28  2 22 18 41 -1 77 13 68 80
 33  3 -1 72 18 -1 -1 62 23 -1 80 57 27 92 93 50 30 39 -1 -1 -1 75 40 41
 94 26 93 73 94 35 93 56 82 72 -1 45 -1 83  7  7 84 32 39 -1 78 27 42 -1
 25 66 -1  4]
[1 1 1 0 1 1 1 0 0 0 1 0 1 0 1 1 1 1 0 1 0 1 0 0 1 0 0 1 0 0 0 1 1 1 0 0 0
 1 0 0 1 1 0 1 0 0 0 0 0 1 0 1 0 1 0 1 1 1 0 0 0 1 1 0 0 1 1 1 0 1 1 1 0 1
 0 0 0 0 1 0 0 1 0 1 0 1 0 0 1 1 1 0 1 0 1 0 1 0 0 1]
[2 1 4 0 1 1 0 0 1 1 0 0 0 1 0 0 0 0 0 0 0 1 1 3 4 1 0 0 0 0 0 0 0 0 0 3 2
 4 0 1 0 3 0 0 2 4 0 0 3 2 4 1 0 1 3 2 2 0 0 2 0 0 3 3 0 0 4 2 0 4 1 0 0 0
 1 0 2 4 0 3 0 3 0 2 3 2 4 2 0 1 3 0 4 2 3 4 0 2 1 0]
[2 1 4 0 1 1 0 0 1 1 0 0 0 1 0 0 0 0 0 0 0 1 1 3 4 1 0 0 0 0 0 0 0 0 0 3 2
 4 0 1 0 3 0 0 2 4 0 0 3 2 4 1 0 1 3 2 2 0 0 2 0 0 3 3 0 0 4 2 0 4 1 0 0 0
 1 0 2 4 0 3 0 3 0 2 3 2 4 2 0 1 3 0 4 2 3 4 0 2 1 0]
[3 6 5 9 8 6 8 2 4 4 6 7 1 5 3 5 1 4 9 8 3 5 6 4 5 7 2 4 7 9 3 2 1 5 7 5 9
 5 8 7 2 4 2 4 3 2 7 8 6 3 1 1 1 3 6 5 5 3 3 5 1 1 5 7 2 4 2 9 3 4 1 1 6 5
 7 7 4 7 5 8 8 9 1 6 2 4 2 4 5 7 6 5 7 5 5 8 5 4 9 6]
[3 6 5 9 8 6 8 2 4 4 6 7 1 5 3 5 1 4 9 8 3 5 6 4 5 7 2 4 7 9 3 2 1 5 7 5 9
 5 8 7 2 4 2 4 3 2 7 8 6 3 1 1 1 3 6 5 5 3 3 5 1 1 5 7 2 4 2 9 3 4 1 1 6 5
 7 7 4 7 5 8 8 9 1 6 2 4 2 4 5 7 6 5 7 5 5 8 5 4 9 6]
[50, 11, 36, 50, 50, 32, 50, 50, 50, 50, 49, 50, 50, 37, 50, 50, 50, 42, 50, 21, 27, 31, 12, 50, 50, 50, 50, 50, 50, 31, 21, 50, 50, 47, 49, 14, 30, 38, 50, 50, 50, 24, 37, 50, 36, 37, 50, 40, 50, 34, 17, 37, 18, 50, 50, 13, 50, 50, 50, 50, 50, 50, 50, 48, 50, 15, 18, 31, 12, 26, 50, 46, 23, 17, 50, 44, 50, 15, 43, 50, 40, 11, 34, 50, 50, 50, 38, 30, 28, 50, 50, 50, 50, 47, 21, 27, 49, 50, 16, 50]
[0 0 0 0 0 0 0 0 0 0 0 0 0 0 0 0 0 0 0 0 0 0 0 0 0 0 0 0 0 0 0 0 0 0 0 0 0
 0 0 0 0 0 0 0 0 0 0 0 0 0 0 0 0 0 0 0 0 0 0 0 0 0 0 0 0 0 0 0 0 0 0 0 0 0
 0 0 0 0 0 0 0 0 0 0 0 0 0 0 0 0 0 0 0 0 0 0 0 0 0 0]
[1 1 1 1 1 1 1 1 1 1 1 1 1 1 1 1 1 1 1 1 1 1 1 1 1 1 1 1 1 1 1 1 1 1 1 1 1
 1 1 1 1 1 1 1 1 1 1 1 1 1 1 1 1 1 1 1 1 1 1 1 1 1 1 1 1 1 1 1 1 1 1 1 1 1
 1 1 1 1 1 1 1 1 1 1 1 1 1 1 1 1 1 1 1 1 1 1 1 1 1 1]
