[ 0  1  2  3  4  5  6  7  8  9 10 11 12 13 14 15 16 17 18 19 20 21 22 23
 24 25 26 27 28 29 30 31 32 33 34 35 36 37 38 39 40 41 42 43 44 45 46 47
 48 49 50 51 52 53 54 55 56 57 58 59 60 61 62 63 64 65 66 67 68 69 70 71
 72 73 74 75 76 77 78 79 80 81 82 83 84 85 86 87 88 89 90 91 92 93 94 95
 96 97 98 99]
[25 -1 96 -1 47 85 -1 46 -1 -1 37 56 -1 -1  9 -1 -1 93 17 -1 81 54 30 75
 35 12 54 -1 88  9 -1 20  5 -1 28 97 -1 51 15 -1 70 -1 -1 17 40 29 -1 -1
 65 60 89 -1 -1 78  6 19 40 91 64 15 54 90 84 -1 -1 75 40 84 23 -1 -1 95
 21 55 16 -1 -1 -1 61 -1 21 -1 -1 96 15 77 74 99 -1 27 -1 28 21 -1 -1 22
 -1 -1 11 70]
[0 0 1 1 1 1 0 0 1 0 1 0 1 1 1 0 1 0 1 1 0 1 0 0 1 1 1 0 1 0 0 1 0 1 0 0 1
 1 0 1 0 0 0 0 0 1 1 1 1 0 0 0 1 1 1 0 0 1 0 0 0 1 0 1 1 1 1 0 1 0 1 1 0 1
 0 0 1 1 1 0 1 0 1 0 0 1 0 0 1 1 1 0 0 1 1 0 0 0 1 0]
[0 2 0 0 0 0 2 3 3 0 3 3 2 0 2 2 2 0 4 0 0 3 2 0 0 0 0 4 0 3 0 3 0 3 4 0 3
 2 0 0 0 2 4 0 1 0 0 4 0 0 4 0 0 4 3 1 2 0 0 2 3 3 0 1 0 0 4 3 0 2 3 4 2 0
 0 2 3 4 0 0 4 3 0 2 0 4 0 3 0 0 0 1 2 3 0 0 0 2 0 1]
[0 2 0 0 0 0 2 3 3 0 3 3 2 0 2 2 2 0 4 0 0 3 2 0 0 0 0 4 0 3 0 3 0 3 4 0 3
 2 0 0 0 2 4 0 1 0 0 4 0 0 4 0 0 4 3 1 2 0 0 2 3 3 0 1 0 0 4 3 0 2 3 4 2 0
 0 2 3 4 0 0 4 3 0 2 0 4 0 3 0 0 0 1 2 3 0 0 0 2 0 1]
[9 6 6 6 4 9 5 2 7 1 2 5 3 5 1 1 1 7 9 3 9 7 2 3 2 6 9 4 3 4 1 8 8 5 8 3 5
 5 3 1 1 4 2 4 6 6 2 8 9 9 4 7 3 7 8 4 7 1 8 6 7 7 4 5 7 9 3 4 3 7 5 5 9 7
 5 5 7 3 4 3 8 2 2 6 8 3 1 1 2 4 4 6 4 6 3 9 3 9 9 8]
[9 6 6 6 4 9 5 2 7 1 2 5 3 5 1 1 1 7 9 3 9 7 2 3 2 6 9 4 3 4 1 8 8 5 8 3 5
 5 3 1 1 4 2 4 6 6 2 8 9 9 4 7 3 7 8 4 7 1 8 6 7 7 4 5 7 9 3 4 3 7 5 5 9 7
 5 5 7 3 4 3 8 2 2 6 8 3 1 1 2 4 4 6 4 6 3 9 3 9 9 8]
[26, 43, 50, 20, 24, 42, 50, 50, 50, 48, 32, 16, 50, 50, 45, 33, 50, 50, 50, 16, 50, 50, 50, 48, 36, 50, 50, 38, 26, 48, 50, 39, 19, 31, 27, 44, 48, 50, 49, 50, 50, 10, 47, 36, 50, 45, 12, 43, 49, 47, 35, 13, 29, 50, 50, 50, 50, 50, 16, 14, 40, 39, 50, 45, 16, 20, 50, 12, 27, 32, 50, 50, 37, 15, 50, 50, 36, 27, 32, 40, 48, 22, 41, 35, 42, 40, 50, 50, 50, 48, 50, 50, 40, 50, 50, 50, 22, 50, 50, 50]
[0 0 0 0 0 0 0 0 0 0 0 0 0 0 0 0 0 0 0 0 0 0 0 0 0 0 0 0 0 0 0 0 0 0 0 0 0
 0 0 0 0 0 0 0 0 0 0 0 0 0 0 0 0 0 0 0 0 0 0 0 0 0 0 0 0 0 0 0 0 0 0 0 0 0
 0 0 0 0 0 0 0 0 0 0 0 0 0 0 0 0 0 0 0 0 0 0 0 0 0 0]
[1 1 1 1 1 1 1 1 1 1 1 1 1 1 1 1 1 1 1 1 1 1 1 1 1 1 1 1 1 1 1 1 1 1 1 1 1
 1 1 1 1 1 1 1 1 1 1 1 1 1 1 1 1 1 1 1 1 1 1 1 1 1 1 1 1 1 1 1 1 1 1 1 1 1
 1 1 1 1 1 1 1 1 1 1 1 1 1 1 1 1 1 1 1 1 1 1 1 1 1 1]
