[ 0  1  2  3  4  5  6  7  8  9 10 11 12 13 14 15 16 17 18 19 20 21 22 23
 24 25 26 27 28 29 30 31 32 33 34 35 36 37 38 39 40 41 42 43 44 45 46 47
 48 49 50 51 52 53 54 55 56 57 58 59 60 61 62 63 64 65 66 67 68 69 70 71
 72 73 74 75 76 77 78 79 80 81 82 83 84 85 86 87 88 89 90 91 92 93 94 95
 96 97 98 99]
[31 96 -1 -1 43 86  5 -1 -1 -1 -1 57 32 38 49 30  3 92 -1 -1 -1 32 19  9
 -1 -1 23 90 66 86 34  2 72 98 60 37 34  4 -1 -1 48 75 41 -1 32 -1 70 -1
 -1 -1 43 -1 97 50  9 29 -1 40 -1 76 78 68 -1 -1 53 -1 -1 44 36 66 54 -1
 -1 -1 -1 84 -1 48 38 16 87 -1 85  5 -1 83  3 28 57 90 -1 -1 -1 -1 -1 -1
 60 25 -1  2]
[0 0 0 0 1 1 1 1 0 0 1 1 1 0 0 0 0 1 1 0 1 0 1 0 1 0 1 1 0 1 0 0 0 0 0 0 0
 0 1 0 1 0 0 0 0 0 0 0 0 1 0 1 0 0 1 1 1 0 1 1 0 0 1 1 1 0 0 1 1 1 0 1 0 0
 0 0 0 0 0 1 1 0 1 1 1 1 1 0 1 0 1 0 0 0 1 1 1 1 0 0]
[0 0 2 3 0 0 0 0 3 0 2 3 0 4 0 2 4 0 0 0 3 0 2 0 0 0 3 3 4 0 4 0 0 0 0 2 1
 3 0 0 1 0 4 2 2 0 0 1 0 2 4 4 0 1 0 0 0 0 4 0 0 0 0 4 3 2 0 0 3 0 0 0 3 0
 0 3 2 0 0 0 3 3 2 0 0 0 4 0 1 2 4 0 0 0 0 0 4 2 0 4]
[0 0 2 3 0 0 0 0 3 0 2 3 0 4 0 2 4 0 0 0 3 0 2 0 0 0 3 3 4 0 4 0 0 0 0 2 1
 3 0 0 1 0 4 2 2 0 0 1 0 2 4 4 0 1 0 0 0 0 4 0 0 0 0 4 3 2 0 0 3 0 0 0 3 0
 0 3 2 0 0 0 3 3 2 0 0 0 4 0 1 2 4 0 0 0 0 0 4 2 0 4]
[7 3 8 2 6 1 2 8 5 6 1 1 6 2 3 7 7 4 8 8 1 3 1 8 1 9 2 3 8 5 9 4 4 8 4 6 7
 8 7 5 2 5 3 4 1 4 3 4 5 2 1 7 7 5 3 5 2 4 9 4 5 2 5 4 7 1 2 6 6 1 3 3 3 3
 8 8 8 4 5 6 8 1 4 3 3 3 7 2 4 3 4 5 5 3 9 3 2 2 4 7]
[7 3 8 2 6 1 2 8 5 6 1 1 6 2 3 7 7 4 8 8 1 3 1 8 1 9 2 3 8 5 9 4 4 8 4 6 7
 8 7 5 2 5 3 4 1 4 3 4 5 2 1 7 7 5 3 5 2 4 9 4 5 2 5 4 7 1 2 6 6 1 3 3 3 3
 8 8 8 4 5 6 8 1 4 3 3 3 7 2 4 3 4 5 5 3 9 3 2 2 4 7]
[14, 50, 29, 26, 50, 25, 50, 50, 50, 49, 22, 26, 50, 22, 38, 50, 50, 50, 50, 32, 50, 50, 50, 50, 50, 45, 50, 17, 50, 50, 50, 37, 50, 50, 50, 50, 50, 50, 50, 21, 50, 33, 50, 37, 50, 46, 50, 50, 49, 50, 39, 50, 50, 28, 50, 41, 12, 50, 50, 50, 50, 50, 33, 50, 19, 50, 42, 28, 12, 23, 50, 50, 20, 13, 50, 43, 14, 20, 15, 23, 19, 50, 42, 50, 18, 50, 24, 44, 50, 16, 50, 28, 50, 23, 50, 40, 30, 39, 34, 50]
[0 0 0 0 0 0 0 0 0 0 0 0 0 0 0 0 0 0 0 0 0 0 0 0 0 0 0 0 0 0 0 0 0 0 0 0 0
 0 0 0 0 0 0 0 0 0 0 0 0 0 0 0 0 0 0 0 0 0 0 0 0 0 0 0 0 0 0 0 0 0 0 0 0 0
 0 0 0 0 0 0 0 0 0 0 0 0 0 0 0 0 0 0 0 0 0 0 0 0 0 0]
[1 1 1 1 1 1 1 1 1 1 1 1 1 1 1 1 1 1 1 1 1 1 1 1 1 1 1 1 1 1 1 1 1 1 1 1 1
 1 1 1 1 1 1 1 1 1 1 1 1 1 1 1 1 1 1 1 1 1 1 1 1 1 1 1 1 1 1 1 1 1 1 1 1 1
 1 1 1 1 1 1 1 1 1 1 1 1 1 1 1 1 1 1 1 1 1 1 1 1 1 1]
