[ 0  1  2  3  4  5  6  7  8  9 10 11 12 13 14 15 16 17 18 19 20 21 22 23
 24 25 26 27 28 29 30 31 32 33 34 35 36 37 38 39 40 41 42 43 44 45 46 47
 48 49 50 51 52 53 54 55 56 57 58 59 60 61 62 63 64 65 66 67 68 69 70 71
 72 73 74 75 76 77 78 79 80 81 82 83 84 85 86 87 88 89 90 91 92 93 94 95
 96 97 98 99]
[14 72 65  7 -1 32 -1 25 37 54 52 20 67 -1 37 61 -1 -1 -1 91 44 -1 72 46
 -1 16 65 75 -1 94 -1 75 39 24 14 -1 -1 82 18 71 -1 57 87 62 -1 -1 58 54
 -1 20 99 10 38 30 37 -1 26 49 56 -1 46 94 -1 60 71 92 19 21 -1 -1 -1 94
 17 -1 -1 -1 96 90 -1 97 -1 48  2 62 56 66  9 35 75 64 40 -1  1 -1 54 -1
 32 84 61 14]
[0 0 0 0 1 0 0 1 1 0 1 1 0 1 0 1 0 1 0 0 1 1 0 1 0 0 0 0 0 0 0 0 1 1 1 0 0
 0 1 1 1 1 0 0 0 1 0 0 1 1 1 0 0 1 1 0 1 0 0 1 0 0 1 1 0 1 0 0 1 1 0 0 1 0
 0 0 1 0 1 0 1 1 1 1 1 0 0 0 0 0 1 1 1 0 1 1 1 0 0 0]
[2 0 3 0 0 3 1 0 3 0 0 2 0 0 2 0 0 0 2 3 2 1 0 3 1 0 1 1 0 2 2 0 0 0 2 4 4
 0 3 0 0 2 0 0 3 0 0 0 0 4 2 0 3 1 0 0 4 4 0 2 0 0 3 1 0 0 0 0 4 4 0 0 0 0
 0 3 4 0 0 1 0 0 4 1 0 0 3 3 3 0 0 4 2 0 0 2 0 0 1 3]
[2 0 3 0 0 3 1 0 3 0 0 2 0 0 2 0 0 0 2 3 2 1 0 3 1 0 1 1 0 2 2 0 0 0 2 4 4
 0 3 0 0 2 0 0 3 0 0 0 0 4 2 0 3 1 0 0 4 4 0 2 0 0 3 1 0 0 0 0 4 4 0 0 0 0
 0 3 4 0 0 1 0 0 4 1 0 0 3 3 3 0 0 4 2 0 0 2 0 0 1 3]
[8 1 6 4 4 6 5 2 8 3 2 2 7 2 2 6 7 8 2 5 1 4 7 1 1 8 9 2 8 8 4 1 5 2 4 7 4
 6 2 4 4 9 9 5 2 5 1 4 4 6 2 5 2 9 8 1 2 4 1 6 8 7 5 4 2 3 5 7 3 5 2 1 9 1
 9 5 4 2 8 1 3 4 4 1 5 8 6 5 7 6 2 5 6 3 7 7 4 8 3 5]
[8 1 6 4 4 6 5 2 8 3 2 2 7 2 2 6 7 8 2 5 1 4 7 1 1 8 9 2 8 8 4 1 5 2 4 7 4
 6 2 4 4 9 9 5 2 5 1 4 4 6 2 5 2 9 8 1 2 4 1 6 8 7 5 4 2 3 5 7 3 5 2 1 9 1
 9 5 4 2 8 1 3 4 4 1 5 8 6 5 7 6 2 5 6 3 7 7 4 8 3 5]
[50, 50, 50, 41, 48, 50, 38, 50, 50, 44, 30, 50, 29, 26, 25, 50, 50, 50, 27, 40, 26, 27, 50, 23, 32, 26, 50, 30, 15, 30, 25, 29, 50, 50, 50, 43, 26, 41, 50, 37, 50, 50, 35, 50, 27, 43, 16, 42, 50, 47, 50, 50, 25, 29, 39, 50, 18, 50, 28, 50, 17, 45, 50, 50, 50, 50, 26, 26, 11, 38, 40, 50, 46, 50, 50, 11, 50, 43, 50, 50, 50, 50, 50, 50, 32, 17, 47, 31, 33, 50, 43, 50, 47, 50, 42, 50, 24, 28, 48, 48]
[0 0 0 0 0 0 0 0 0 0 0 0 0 0 0 0 0 0 0 0 0 0 0 0 0 0 0 0 0 0 0 0 0 0 0 0 0
 0 0 0 0 0 0 0 0 0 0 0 0 0 0 0 0 0 0 0 0 0 0 0 0 0 0 0 0 0 0 0 0 0 0 0 0 0
 0 0 0 0 0 0 0 0 0 0 0 0 0 0 0 0 0 0 0 0 0 0 0 0 0 0]
[1 1 1 1 1 1 1 1 1 1 1 1 1 1 1 1 1 1 1 1 1 1 1 1 1 1 1 1 1 1 1 1 1 1 1 1 1
 1 1 1 1 1 1 1 1 1 1 1 1 1 1 1 1 1 1 1 1 1 1 1 1 1 1 1 1 1 1 1 1 1 1 1 1 1
 1 1 1 1 1 1 1 1 1 1 1 1 1 1 1 1 1 1 1 1 1 1 1 1 1 1]
