[ 0  1  2  3  4  5  6  7  8  9 10 11 12 13 14 15 16 17 18 19 20 21 22 23
 24 25 26 27 28 29 30 31 32 33 34 35 36 37 38 39 40 41 42 43 44 45 46 47
 48 49 50 51 52 53 54 55 56 57 58 59 60 61 62 63 64 65 66 67 68 69 70 71
 72 73 74 75 76 77 78 79 80 81 82 83 84 85 86 87 88 89 90 91 92 93 94 95
 96 97 98 99]
[-1 -1 62 -1 70 -1 22 19 83 59 24 -1 33 76 88  5 74  3 49 -1 43 95 84 92
 23 44  4 31 79 74 52 34 -1 -1 35 -1 42 82 48 46 68 89 -1 -1 96 -1 -1 40
 46 -1 32 24 78  6  4 68 68 -1 -1 47 78 -1 -1 68 13 86  6 -1 -1 91 52 87
 94 -1 -1 96 62 52 28 97 32 47 57 24 80 60 12 -1 17 -1 61 68 27 87 43 -1
 79 17  5 83]
[1 1 1 0 0 1 0 0 1 0 0 0 0 1 0 1 0 1 0 1 0 1 1 1 0 0 0 0 0 1 0 0 0 1 1 1 1
 0 1 0 0 0 1 0 0 1 1 1 0 0 1 0 1 0 0 0 0 1 1 0 0 0 1 1 0 0 1 0 1 0 1 1 0 0
 1 1 0 0 0 0 1 0 1 0 0 1 0 1 1 0 1 1 0 0 0 1 0 1 1 0]
[4 0 0 3 2 0 0 0 3 2 1 0 4 0 0 0 0 0 0 1 1 4 3 4 0 2 0 0 0 1 0 4 0 4 0 0 3
 0 4 1 3 3 4 0 0 0 1 0 0 0 0 2 0 0 0 4 2 2 4 0 3 1 0 1 1 1 0 2 3 0 3 0 0 0
 0 3 4 0 0 2 0 0 1 1 0 2 1 2 2 0 2 0 0 0 3 0 0 1 0 3]
[4 0 0 3 2 0 0 0 3 2 1 0 4 0 0 0 0 0 0 1 1 4 3 4 0 2 0 0 0 1 0 4 0 4 0 0 3
 0 4 1 3 3 4 0 0 0 1 0 0 0 0 2 0 0 0 4 2 2 4 0 3 1 0 1 1 1 0 2 3 0 3 0 0 0
 0 3 4 0 0 2 0 0 1 1 0 2 1 2 2 0 2 0 0 0 3 0 0 1 0 3]
[4 7 6 2 6 6 8 9 3 3 6 7 5 3 4 4 8 9 6 4 8 4 4 8 5 7 6 1 4 7 2 5 9 6 6 7 3
 3 4 6 5 3 5 2 5 6 7 2 5 9 1 7 7 4 2 7 1 6 2 5 4 5 6 4 8 4 9 9 8 5 9 6 8 6
 4 7 4 3 3 9 4 3 3 2 7 6 2 9 8 1 6 2 7 7 5 4 2 4 8 3]
[4 7 6 2 6 6 8 9 3 3 6 7 5 3 4 4 8 9 6 4 8 4 4 8 5 7 6 1 4 7 2 5 9 6 6 7 3
 3 4 6 5 3 5 2 5 6 7 2 5 9 1 7 7 4 2 7 1 6 2 5 4 5 6 4 8 4 9 9 8 5 9 6 8 6
 4 7 4 3 3 9 4 3 3 2 7 6 2 9 8 1 6 2 7 7 5 4 2 4 8 3]
[28, 50, 50, 50, 47, 44, 50, 50, 50, 18, 50, 26, 47, 50, 50, 50, 50, 34, 39, 12, 50, 32, 39, 50, 13, 50, 50, 50, 17, 36, 23, 50, 41, 50, 50, 14, 26, 14, 50, 50, 27, 50, 50, 50, 50, 29, 39, 50, 18, 50, 50, 50, 45, 48, 44, 50, 46, 11, 50, 50, 50, 24, 23, 50, 50, 50, 25, 50, 50, 37, 50, 50, 25, 31, 50, 19, 50, 50, 50, 39, 11, 50, 50, 40, 50, 22, 14, 25, 50, 17, 25, 50, 41, 50, 50, 12, 41, 50, 22, 50]
[0 0 0 0 0 0 0 0 0 0 0 0 0 0 0 0 0 0 0 0 0 0 0 0 0 0 0 0 0 0 0 0 0 0 0 0 0
 0 0 0 0 0 0 0 0 0 0 0 0 0 0 0 0 0 0 0 0 0 0 0 0 0 0 0 0 0 0 0 0 0 0 0 0 0
 0 0 0 0 0 0 0 0 0 0 0 0 0 0 0 0 0 0 0 0 0 0 0 0 0 0]
[1 1 1 1 1 1 1 1 1 1 1 1 1 1 1 1 1 1 1 1 1 1 1 1 1 1 1 1 1 1 1 1 1 1 1 1 1
 1 1 1 1 1 1 1 1 1 1 1 1 1 1 1 1 1 1 1 1 1 1 1 1 1 1 1 1 1 1 1 1 1 1 1 1 1
 1 1 1 1 1 1 1 1 1 1 1 1 1 1 1 1 1 1 1 1 1 1 1 1 1 1]
