[ 0  1  2  3  4  5  6  7  8  9 10 11 12 13 14 15 16 17 18 19 20 21 22 23
 24 25 26 27 28 29 30 31 32 33 34 35 36 37 38 39 40 41 42 43 44 45 46 47
 48 49 50 51 52 53 54 55 56 57 58 59 60 61 62 63 64 65 66 67 68 69 70 71
 72 73 74 75 76 77 78 79 80 81 82 83 84 85 86 87 88 89 90 91 92 93 94 95
 96 97 98 99]
[57 -1 -1  8 91 90 87 36 -1 -1 23 83 35 25 56 78 -1  0 -1 29 14 -1 -1 24
 87 93 -1  0 92 13 -1 39 82 -1 -1 -1 97 85 96 13 15 89 -1 29 -1 78 26 -1
 17 -1 -1 35 -1 79 -1 -1 17 -1 81 -1 -1 -1 81 -1 17 52 47 -1 -1 -1 94 50
 -1 27 -1 -1  7 -1 -1 -1 11 -1 54 -1 20 -1 10 -1 25 -1 -1 86 51 72 68 -1
 52 84 -1 -1]
[1 1 0 1 0 0 0 0 0 1 1 0 1 0 1 0 0 0 1 1 0 1 0 0 0 0 0 1 0 0 0 0 1 0 0 0 0
 0 0 0 1 1 0 1 1 0 1 0 1 1 0 0 1 1 1 0 1 1 0 1 0 0 1 0 1 1 0 1 1 0 1 1 1 0
 0 0 0 0 1 1 1 1 1 1 0 0 0 1 0 0 1 0 1 0 0 0 1 0 1 0]
[0 0 4 4 2 4 0 3 0 0 3 4 0 0 0 2 3 0 3 1 0 0 0 0 1 0 3 2 1 0 1 2 0 0 4 2 1
 3 0 3 2 4 0 0 3 0 0 1 0 1 2 4 1 0 0 3 0 0 1 2 0 0 0 2 0 2 3 0 2 0 2 4 1 0
 1 2 1 1 2 0 0 0 0 3 1 1 1 0 0 1 3 1 0 0 0 0 0 0 0 0]
[0 0 4 4 2 4 0 3 0 0 3 4 0 0 0 2 3 0 3 1 0 0 0 0 1 0 3 2 1 0 1 2 0 0 4 2 1
 3 0 3 2 4 0 0 3 0 0 1 0 1 2 4 1 0 0 3 0 0 1 2 0 0 0 2 0 2 3 0 2 0 2 4 1 0
 1 2 1 1 2 0 0 0 0 3 1 1 1 0 0 1 3 1 0 0 0 0 0 0 0 0]
[1 6 5 2 3 4 5 5 6 5 2 5 5 5 9 9 6 3 2 9 4 2 7 9 6 1 6 8 5 9 5 2 8 6 8 3 9
 8 5 9 1 1 5 1 8 7 6 4 9 9 5 1 7 7 6 2 1 3 4 4 7 7 2 8 9 5 6 7 6 2 3 2 8 5
 7 5 3 6 8 7 7 9 5 6 2 7 3 2 6 6 6 1 1 6 2 7 3 9 3 5]
[1 6 5 2 3 4 5 5 6 5 2 5 5 5 9 9 6 3 2 9 4 2 7 9 6 1 6 8 5 9 5 2 8 6 8 3 9
 8 5 9 1 1 5 1 8 7 6 4 9 9 5 1 7 7 6 2 1 3 4 4 7 7 2 8 9 5 6 7 6 2 3 2 8 5
 7 5 3 6 8 7 7 9 5 6 2 7 3 2 6 6 6 1 1 6 2 7 3 9 3 5]
[50, 25, 49, 11, 50, 12, 15, 50, 50, 41, 50, 32, 50, 48, 50, 23, 48, 50, 19, 16, 35, 50, 50, 31, 50, 50, 50, 50, 50, 50, 46, 48, 29, 22, 25, 49, 50, 50, 50, 18, 10, 25, 32, 50, 50, 43, 50, 50, 28, 50, 50, 40, 33, 38, 19, 50, 50, 50, 50, 30, 50, 50, 50, 29, 12, 48, 15, 50, 50, 16, 50, 50, 35, 32, 50, 50, 43, 34, 40, 30, 43, 48, 50, 50, 50, 50, 17, 11, 50, 50, 32, 50, 50, 50, 33, 33, 30, 50, 29, 50]
[0 0 0 0 0 0 0 0 0 0 0 0 0 0 0 0 0 0 0 0 0 0 0 0 0 0 0 0 0 0 0 0 0 0 0 0 0
 0 0 0 0 0 0 0 0 0 0 0 0 0 0 0 0 0 0 0 0 0 0 0 0 0 0 0 0 0 0 0 0 0 0 0 0 0
 0 0 0 0 0 0 0 0 0 0 0 0 0 0 0 0 0 0 0 0 0 0 0 0 0 0]
[1 1 1 1 1 1 1 1 1 1 1 1 1 1 1 1 1 1 1 1 1 1 1 1 1 1 1 1 1 1 1 1 1 1 1 1 1
 1 1 1 1 1 1 1 1 1 1 1 1 1 1 1 1 1 1 1 1 1 1 1 1 1 1 1 1 1 1 1 1 1 1 1 1 1
 1 1 1 1 1 1 1 1 1 1 1 1 1 1 1 1 1 1 1 1 1 1 1 1 1 1]
