[ 0  1  2  3  4  5  6  7  8  9 10 11 12 13 14 15 16 17 18 19 20 21 22 23
 24 25 26 27 28 29 30 31 32 33 34 35 36 37 38 39 40 41 42 43 44 45 46 47
 48 49 50 51 52 53 54 55 56 57 58 59 60 61 62 63 64 65 66 67 68 69 70 71
 72 73 74 75 76 77 78 79 80 81 82 83 84 85 86 87 88 89 90 91 92 93 94 95
 96 97 98 99]
[92 10 26 49 -1 61 -1 -1 76 67 80 25 60 -1 59 -1 -1 61 -1 -1 -1 88 64 32
 -1 -1 99  7 77 98 96 25  7 -1 71 40 -1 -1 -1 -1 -1 -1 -1 -1 21 -1 44 57
 88 -1 -1 37 -1 98 17 68 74  2 -1 70  7  7 92  2 52  7 37 45 47 52 -1 83
 77 -1 -1 84 61 33 91 -1 21 -1 23 32 -1 41 57 -1 20 76 32 39 60 -1 -1 -1
 55 -1 44 40]
[1 1 0 0 1 0 1 0 0 0 0 0 1 1 0 0 0 0 1 1 0 0 0 0 1 0 1 0 1 1 0 1 1 1 0 0 0
 1 1 0 1 1 1 1 0 0 1 1 1 0 0 0 0 0 1 1 0 0 0 0 1 1 0 0 0 1 1 0 0 1 0 0 1 1
 1 1 0 0 0 0 1 1 0 1 0 1 1 1 1 0 0 1 0 0 1 1 1 1 1 1]
[3 1 0 1 1 0 0 4 0 4 0 2 2 0 0 0 0 0 4 2 4 0 4 2 1 0 3 3 0 0 1 3 0 1 0 0 0
 4 3 0 0 1 0 4 3 4 3 4 3 1 3 3 2 0 4 3 0 3 2 0 0 0 2 0 3 4 3 0 2 0 0 0 0 0
 3 0 0 1 0 0 0 1 0 1 0 0 0 0 0 0 1 0 2 3 1 0 0 4 0 3]
[3 1 0 1 1 0 0 4 0 4 0 2 2 0 0 0 0 0 4 2 4 0 4 2 1 0 3 3 0 0 1 3 0 1 0 0 0
 4 3 0 0 1 0 4 3 4 3 4 3 1 3 3 2 0 4 3 0 3 2 0 0 0 2 0 3 4 3 0 2 0 0 0 0 0
 3 0 0 1 0 0 0 1 0 1 0 0 0 0 0 0 1 0 2 3 1 0 0 4 0 3]
[5 9 6 1 8 4 2 3 7 6 2 5 4 6 1 5 8 6 4 1 9 6 6 5 1 2 5 2 3 8 6 2 4 2 9 7 8
 8 6 9 1 2 7 6 5 9 2 7 1 4 3 7 2 7 6 2 6 4 4 2 7 4 2 7 4 2 7 2 7 1 4 6 6 6
 9 7 6 7 1 4 1 1 5 3 3 6 9 3 3 4 6 2 9 4 1 1 6 3 6 9]
[5 9 6 1 8 4 2 3 7 6 2 5 4 6 1 5 8 6 4 1 9 6 6 5 1 2 5 2 3 8 6 2 4 2 9 7 8
 8 6 9 1 2 7 6 5 9 2 7 1 4 3 7 2 7 6 2 6 4 4 2 7 4 2 7 4 2 7 2 7 1 4 6 6 6
 9 7 6 7 1 4 1 1 5 3 3 6 9 3 3 4 6 2 9 4 1 1 6 3 6 9]
[41, 10, 49, 29, 36, 50, 40, 12, 35, 50, 50, 23, 50, 50, 50, 30, 50, 50, 50, 36, 28, 37, 16, 50, 50, 48, 28, 50, 50, 50, 47, 50, 49, 50, 25, 40, 10, 50, 21, 50, 22, 50, 45, 29, 49, 50, 37, 50, 50, 32, 50, 12, 50, 12, 43, 50, 42, 12, 50, 50, 50, 11, 50, 32, 36, 50, 31, 46, 50, 36, 34, 50, 50, 50, 45, 24, 50, 50, 50, 50, 50, 14, 50, 25, 50, 30, 14, 43, 50, 50, 28, 26, 50, 50, 50, 25, 50, 31, 49, 45]
[0 0 0 0 0 0 0 0 0 0 0 0 0 0 0 0 0 0 0 0 0 0 0 0 0 0 0 0 0 0 0 0 0 0 0 0 0
 0 0 0 0 0 0 0 0 0 0 0 0 0 0 0 0 0 0 0 0 0 0 0 0 0 0 0 0 0 0 0 0 0 0 0 0 0
 0 0 0 0 0 0 0 0 0 0 0 0 0 0 0 0 0 0 0 0 0 0 0 0 0 0]
[1 1 1 1 1 1 1 1 1 1 1 1 1 1 1 1 1 1 1 1 1 1 1 1 1 1 1 1 1 1 1 1 1 1 1 1 1
 1 1 1 1 1 1 1 1 1 1 1 1 1 1 1 1 1 1 1 1 1 1 1 1 1 1 1 1 1 1 1 1 1 1 1 1 1
 1 1 1 1 1 1 1 1 1 1 1 1 1 1 1 1 1 1 1 1 1 1 1 1 1 1]
