[ 0  1  2  3  4  5  6  7  8  9 10 11 12 13 14 15 16 17 18 19 20 21 22 23
 24 25 26 27 28 29 30 31 32 33 34 35 36 37 38 39 40 41 42 43 44 45 46 47
 48 49 50 51 52 53 54 55 56 57 58 59 60 61 62 63 64 65 66 67 68 69 70 71
 72 73 74 75 76 77 78 79 80 81 82 83 84 85 86 87 88 89 90 91 92 93 94 95
 96 97 98 99]
[-1 79 43  2 -1 69 85 -1  7 56 95 -1 87 24 35 58 95 78  4 -1 -1 31 12 -1
 10 97 38 96 -1 91 97 -1 15 -1 77 63 -1 -1 -1 -1 -1 -1 -1 71 50 56 -1 -1
 39 82 -1 88 -1 -1 95 62 -1 93 28 -1 67 -1 98 67 76 19 38 32 -1 -1 -1 22
 53 -1  1 20 86 16 -1  4 -1 -1 27 30 -1 -1 32 32 -1 48 -1 37 -1 52 -1 66
 -1 -1 14 66]
[1 1 1 1 0 1 1 1 0 0 1 0 1 1 1 1 0 0 1 0 0 1 1 0 1 1 0 0 0 1 0 0 0 1 0 1 1
 0 0 0 0 0 1 0 0 1 0 0 0 1 0 0 0 0 0 1 1 1 1 0 1 1 1 1 1 0 0 0 1 0 1 0 1 1
 1 1 1 1 1 1 0 1 0 0 1 0 0 0 0 1 1 0 1 0 1 0 0 1 1 1]
[3 2 0 3 0 1 2 0 0 1 1 3 1 4 3 1 1 0 1 4 0 1 0 1 3 1 0 3 0 0 2 1 0 0 0 2 2
 2 0 0 0 4 0 0 0 0 0 0 0 2 0 0 3 1 0 0 0 0 0 4 0 0 0 3 2 0 0 0 1 2 0 0 3 2
 2 0 0 3 0 1 1 0 0 4 4 0 2 3 1 3 0 0 2 3 4 0 2 3 0 3]
[3 2 0 3 0 1 2 0 0 1 1 3 1 4 3 1 1 0 1 4 0 1 0 1 3 1 0 3 0 0 2 1 0 0 0 2 2
 2 0 0 0 4 0 0 0 0 0 0 0 2 0 0 3 1 0 0 0 0 0 4 0 0 0 3 2 0 0 0 1 2 0 0 3 2
 2 0 0 3 0 1 1 0 0 4 4 0 2 3 1 3 0 0 2 3 4 0 2 3 0 3]
[2 1 7 3 1 5 7 8 4 2 1 3 1 5 1 4 4 5 4 2 4 2 7 6 7 2 7 3 4 2 6 3 6 6 1 3 3
 8 1 9 8 9 1 5 3 5 6 2 4 3 9 1 9 2 8 5 5 8 3 7 2 6 1 6 5 7 3 5 9 2 1 6 5 4
 7 6 4 1 2 8 3 3 8 1 8 9 7 5 3 8 2 9 4 8 9 7 3 2 7 7]
[2 1 7 3 1 5 7 8 4 2 1 3 1 5 1 4 4 5 4 2 4 2 7 6 7 2 7 3 4 2 6 3 6 6 1 3 3
 8 1 9 8 9 1 5 3 5 6 2 4 3 9 1 9 2 8 5 5 8 3 7 2 6 1 6 5 7 3 5 9 2 1 6 5 4
 7 6 4 1 2 8 3 3 8 1 8 9 7 5 3 8 2 9 4 8 9 7 3 2 7 7]
[15, 43, 35, 50, 49, 50, 44, 42, 45, 18, 50, 42, 31, 50, 50, 31, 46, 49, 21, 50, 21, 50, 30, 11, 50, 50, 22, 50, 33, 50, 24, 50, 47, 50, 48, 27, 50, 50, 50, 33, 42, 50, 23, 50, 45, 29, 14, 50, 37, 44, 39, 45, 12, 26, 44, 50, 13, 50, 45, 13, 50, 25, 35, 48, 50, 50, 50, 50, 29, 50, 50, 50, 48, 30, 50, 50, 50, 15, 11, 14, 50, 50, 41, 50, 50, 50, 46, 50, 50, 45, 50, 34, 50, 50, 20, 49, 41, 50, 18, 23]
[0 0 0 0 0 0 0 0 0 0 0 0 0 0 0 0 0 0 0 0 0 0 0 0 0 0 0 0 0 0 0 0 0 0 0 0 0
 0 0 0 0 0 0 0 0 0 0 0 0 0 0 0 0 0 0 0 0 0 0 0 0 0 0 0 0 0 0 0 0 0 0 0 0 0
 0 0 0 0 0 0 0 0 0 0 0 0 0 0 0 0 0 0 0 0 0 0 0 0 0 0]
[1 1 1 1 1 1 1 1 1 1 1 1 1 1 1 1 1 1 1 1 1 1 1 1 1 1 1 1 1 1 1 1 1 1 1 1 1
 1 1 1 1 1 1 1 1 1 1 1 1 1 1 1 1 1 1 1 1 1 1 1 1 1 1 1 1 1 1 1 1 1 1 1 1 1
 1 1 1 1 1 1 1 1 1 1 1 1 1 1 1 1 1 1 1 1 1 1 1 1 1 1]
