[ 0  1  2  3  4  5  6  7  8  9 10 11 12 13 14 15 16 17 18 19 20 21 22 23
 24 25 26 27 28 29 30 31 32 33 34 35 36 37 38 39 40 41 42 43 44 45 46 47
 48 49 50 51 52 53 54 55 56 57 58 59 60 61 62 63 64 65 66 67 68 69 70 71
 72 73 74 75 76 77 78 79 80 81 82 83 84 85 86 87 88 89 90 91 92 93 94 95
 96 97 98 99]
[-1 -1 -1 -1 -1 26 -1 56  5 28  6 10 90 -1 -1 -1 19 84 42 -1 75 55  5 -1
 -1 37 86  8 -1  6 43 -1 23 -1 52  9 18 56 92 -1 -1 75 -1  1 -1 44 -1 18
 41 10 29 53 67 58 63 48 57  3 18 25 95 -1 46 29 69 56 59 94 59 25  7 31
 16 24 54 -1 55 -1 38 27 -1 91 26 -1 -1 -1 33 -1 -1 78 20 -1 29 95 37 85
 51 -1 73 48]
[1 0 1 1 1 0 0 0 0 1 0 0 0 1 1 1 0 0 0 0 1 1 1 0 1 0 0 0 0 1 1 0 1 0 1 0 0
 1 1 0 0 0 1 1 0 0 0 0 1 1 0 0 0 0 1 1 1 0 0 0 1 1 0 1 0 0 0 1 1 1 1 0 1 1
 1 1 1 1 1 1 1 1 1 0 1 1 1 0 0 0 1 1 0 0 0 1 0 0 0 0]
[0 3 0 0 0 0 0 0 4 0 0 3 4 0 0 4 3 0 4 4 0 4 4 0 3 0 0 4 2 0 1 0 1 0 0 4 0
 0 0 1 0 0 0 0 0 0 0 2 0 1 0 0 1 0 0 2 0 0 0 0 0 4 0 2 0 0 0 0 4 0 0 4 0 0
 1 1 3 3 4 3 0 4 4 3 0 4 1 2 0 4 3 4 4 4 2 0 4 4 2 0]
[0 3 0 0 0 0 0 0 4 0 0 3 4 0 0 4 3 0 4 4 0 4 4 0 3 0 0 4 2 0 1 0 1 0 0 4 0
 0 0 1 0 0 0 0 0 0 0 2 0 1 0 0 1 0 0 2 0 0 0 0 0 4 0 2 0 0 0 0 4 0 0 4 0 0
 1 1 3 3 4 3 0 4 4 3 0 4 1 2 0 4 3 4 4 4 2 0 4 4 2 0]
[5 6 7 8 9 1 2 6 6 8 2 1 9 8 3 8 4 9 1 1 2 3 2 1 5 1 3 7 6 4 1 7 8 2 3 3 4
 1 6 1 4 8 3 3 9 3 4 9 9 6 9 5 8 2 4 8 2 9 2 3 5 7 9 4 7 4 1 8 5 3 9 3 3 4
 8 3 6 2 6 1 6 2 6 3 2 2 8 9 5 5 9 5 1 9 5 1 7 6 8 5]
[5 6 7 8 9 1 2 6 6 8 2 1 9 8 3 8 4 9 1 1 2 3 2 1 5 1 3 7 6 4 1 7 8 2 3 3 4
 1 6 1 4 8 3 3 9 3 4 9 9 6 9 5 8 2 4 8 2 9 2 3 5 7 9 4 7 4 1 8 5 3 9 3 3 4
 8 3 6 2 6 1 6 2 6 3 2 2 8 9 5 5 9 5 1 9 5 1 7 6 8 5]
[50, 42, 50, 50, 26, 50, 50, 50, 21, 50, 24, 28, 35, 44, 38, 21, 50, 50, 50, 50, 40, 31, 32, 46, 33, 23, 50, 26, 47, 21, 50, 50, 50, 23, 43, 50, 50, 50, 50, 50, 50, 41, 20, 50, 30, 50, 50, 28, 50, 50, 11, 50, 50, 50, 50, 36, 50, 47, 49, 48, 50, 43, 50, 18, 47, 50, 47, 50, 50, 45, 13, 25, 46, 50, 50, 50, 34, 46, 50, 20, 43, 28, 17, 50, 27, 10, 26, 13, 12, 36, 17, 31, 50, 32, 50, 50, 50, 50, 32, 38]
[0 0 0 0 0 0 0 0 0 0 0 0 0 0 0 0 0 0 0 0 0 0 0 0 0 0 0 0 0 0 0 0 0 0 0 0 0
 0 0 0 0 0 0 0 0 0 0 0 0 0 0 0 0 0 0 0 0 0 0 0 0 0 0 0 0 0 0 0 0 0 0 0 0 0
 0 0 0 0 0 0 0 0 0 0 0 0 0 0 0 0 0 0 0 0 0 0 0 0 0 0]
[1 1 1 1 1 1 1 1 1 1 1 1 1 1 1 1 1 1 1 1 1 1 1 1 1 1 1 1 1 1 1 1 1 1 1 1 1
 1 1 1 1 1 1 1 1 1 1 1 1 1 1 1 1 1 1 1 1 1 1 1 1 1 1 1 1 1 1 1 1 1 1 1 1 1
 1 1 1 1 1 1 1 1 1 1 1 1 1 1 1 1 1 1 1 1 1 1 1 1 1 1]
