[ 0  1  2  3  4  5  6  7  8  9 10 11 12 13 14 15 16 17 18 19 20 21 22 23
 24 25 26 27 28 29 30 31 32 33 34 35 36 37 38 39 40 41 42 43 44 45 46 47
 48 49 50 51 52 53 54 55 56 57 58 59 60 61 62 63 64 65 66 67 68 69 70 71
 72 73 74 75 76 77 78 79 80 81 82 83 84 85 86 87 88 89 90 91 92 93 94 95
 96 97 98 99]
[13  4 97 -1 31 87 31 44 56 -1 85 96 -1 22 -1 74 33 95  9 -1 87  3 61 -1
 25 -1 64 22 -1 68 27 -1 41 -1 69 89 45 -1 82 -1 94 48 -1 23 -1 34 56 11
 -1 -1 66 -1  1 -1  0 25 -1 -1 28 53 -1  7 -1 20 -1 -1 -1 -1 49 -1 92  9
 23 30 -1 -1 31 18 96  0 -1 -1 65 39 27 38 -1 -1 -1 -1 56 55 99 12 -1 62
 81 -1 50 59]
[0 1 1 1 1 0 1 0 0 1 1 1 0 1 1 1 1 0 1 1 0 0 1 0 0 1 0 1 1 1 1 1 0 1 1 1 0
 1 1 0 0 0 1 0 0 1 1 0 1 1 1 0 1 1 0 0 0 1 0 0 1 0 0 0 0 0 1 1 0 1 0 1 1 1
 0 0 1 1 0 0 1 0 0 1 1 1 0 0 1 1 0 0 0 1 1 0 1 1 1 0]
[1 0 2 0 0 0 4 0 0 1 1 0 4 4 3 2 1 0 1 0 3 0 0 0 0 3 0 4 3 1 0 2 0 0 1 2 4
 1 3 2 0 0 1 1 0 0 0 2 3 0 4 0 0 0 3 0 0 0 4 0 4 0 1 0 4 3 0 1 0 3 2 0 1 0
 0 1 1 4 0 0 0 3 1 0 0 1 4 2 3 0 0 0 0 0 2 2 0 2 4 1]
[1 0 2 0 0 0 4 0 0 1 1 0 4 4 3 2 1 0 1 0 3 0 0 0 0 3 0 4 3 1 0 2 0 0 1 2 4
 1 3 2 0 0 1 1 0 0 0 2 3 0 4 0 0 0 3 0 0 0 4 0 4 0 1 0 4 3 0 1 0 3 2 0 1 0
 0 1 1 4 0 0 0 3 1 0 0 1 4 2 3 0 0 0 0 0 2 2 0 2 4 1]
[3 6 9 5 2 2 1 9 3 9 6 9 7 7 5 8 7 2 9 4 2 2 4 3 7 3 7 5 9 9 6 9 7 3 1 7 6
 7 4 8 5 1 3 6 2 5 3 8 2 9 6 7 9 5 7 1 8 9 9 4 8 9 8 8 2 1 1 9 8 8 1 3 4 2
 7 2 5 4 4 7 6 9 9 2 1 3 8 7 3 7 6 8 3 5 7 7 9 9 8 6]
[3 6 9 5 2 2 1 9 3 9 6 9 7 7 5 8 7 2 9 4 2 2 4 3 7 3 7 5 9 9 6 9 7 3 1 7 6
 7 4 8 5 1 3 6 2 5 3 8 2 9 6 7 9 5 7 1 8 9 9 4 8 9 8 8 2 1 1 9 8 8 1 3 4 2
 7 2 5 4 4 7 6 9 9 2 1 3 8 7 3 7 6 8 3 5 7 7 9 9 8 6]
[50, 24, 50, 38, 30, 45, 36, 50, 41, 47, 50, 50, 50, 19, 13, 50, 50, 45, 50, 41, 50, 50, 50, 50, 50, 26, 49, 43, 50, 16, 32, 50, 50, 50, 26, 11, 50, 50, 50, 50, 50, 50, 40, 33, 50, 16, 38, 40, 13, 31, 10, 35, 12, 50, 50, 50, 20, 50, 45, 50, 50, 31, 50, 50, 50, 11, 50, 50, 16, 50, 50, 22, 50, 50, 24, 50, 50, 40, 20, 19, 50, 12, 50, 10, 50, 12, 50, 39, 50, 50, 22, 49, 49, 50, 50, 19, 40, 50, 50, 50]
[0 0 0 0 0 0 0 0 0 0 0 0 0 0 0 0 0 0 0 0 0 0 0 0 0 0 0 0 0 0 0 0 0 0 0 0 0
 0 0 0 0 0 0 0 0 0 0 0 0 0 0 0 0 0 0 0 0 0 0 0 0 0 0 0 0 0 0 0 0 0 0 0 0 0
 0 0 0 0 0 0 0 0 0 0 0 0 0 0 0 0 0 0 0 0 0 0 0 0 0 0]
[1 1 1 1 1 1 1 1 1 1 1 1 1 1 1 1 1 1 1 1 1 1 1 1 1 1 1 1 1 1 1 1 1 1 1 1 1
 1 1 1 1 1 1 1 1 1 1 1 1 1 1 1 1 1 1 1 1 1 1 1 1 1 1 1 1 1 1 1 1 1 1 1 1 1
 1 1 1 1 1 1 1 1 1 1 1 1 1 1 1 1 1 1 1 1 1 1 1 1 1 1]
