[ 0  1  2  3  4  5  6  7  8  9 10 11 12 13 14 15 16 17 18 19 20 21 22 23
 24 25 26 27 28 29 30 31 32 33 34 35 36 37 38 39 40 41 42 43 44 45 46 47
 48 49 50 51 52 53 54 55 56 57 58 59 60 61 62 63 64 65 66 67 68 69 70 71
 72 73 74 75 76 77 78 79 80 81 82 83 84 85 86 87 88 89 90 91 92 93 94 95
 96 97 98 99]
[94 -1  0 18 37 51 85 10 83 90 28 -1 99 55 90 11 -1  9 73 42  6  9 -1 65
 82  7 -1 22 -1 31 40 83 -1 66 96 -1 -1 38 36 59 11 80  7 69 -1 -1 -1 -1
 -1 -1  9 69 75 21  3 95 62  3 -1 56 46 92 -1 21 76 26 10 -1 10 -1 98 18
 -1 51 59 -1 -1 67 85 -1 -1 -1 -1 -1 61 -1 -1 84 59 -1 95 79 34 80 58 69
 77 -1 11 96]
[0 0 1 0 0 0 1 1 1 1 0 0 1 0 1 0 0 0 0 0 1 1 0 1 0 1 1 0 1 0 1 1 0 0 1 1 0
 1 0 1 1 1 1 0 1 0 1 0 0 0 1 0 0 0 0 1 1 1 0 0 1 1 0 1 0 1 1 1 1 1 1 0 1 0
 0 0 0 0 1 1 0 1 1 0 0 0 1 1 1 0 0 0 0 1 0 1 1 1 0 0]
[0 0 1 3 2 1 3 1 2 4 4 0 3 3 0 1 0 0 3 2 0 0 3 3 1 0 0 0 4 0 1 1 0 2 0 0 4
 0 4 1 3 4 3 4 0 2 0 1 1 0 4 1 2 4 0 0 2 0 0 0 0 0 4 2 2 4 3 3 2 2 4 0 0 0
 0 4 0 1 0 3 0 0 0 0 0 0 4 4 0 4 1 0 3 3 4 0 0 4 0 4]
[0 0 1 3 2 1 3 1 2 4 4 0 3 3 0 1 0 0 3 2 0 0 3 3 1 0 0 0 4 0 1 1 0 2 0 0 4
 0 4 1 3 4 3 4 0 2 0 1 1 0 4 1 2 4 0 0 2 0 0 0 0 0 4 2 2 4 3 3 2 2 4 0 0 0
 0 4 0 1 0 3 0 0 0 0 0 0 4 4 0 4 1 0 3 3 4 0 0 4 0 4]
[5 2 7 1 6 2 9 2 6 9 7 4 5 4 7 2 5 2 6 2 5 7 1 8 4 3 3 6 5 8 1 4 5 8 1 8 8
 3 2 1 8 6 9 2 5 3 5 5 3 3 8 6 1 5 8 3 3 6 6 5 5 7 9 6 2 7 1 9 6 6 9 2 5 9
 7 5 6 1 8 3 7 5 3 7 9 6 3 6 9 9 2 1 6 6 6 7 9 5 5 2]
[5 2 7 1 6 2 9 2 6 9 7 4 5 4 7 2 5 2 6 2 5 7 1 8 4 3 3 6 5 8 1 4 5 8 1 8 8
 3 2 1 8 6 9 2 5 3 5 5 3 3 8 6 1 5 8 3 3 6 6 5 5 7 9 6 2 7 1 9 6 6 9 2 5 9
 7 5 6 1 8 3 7 5 3 7 9 6 3 6 9 9 2 1 6 6 6 7 9 5 5 2]
[30, 19, 33, 18, 50, 15, 34, 50, 50, 50, 50, 50, 16, 50, 50, 23, 50, 50, 50, 21, 50, 50, 50, 35, 50, 50, 50, 50, 44, 32, 50, 32, 32, 43, 50, 50, 50, 50, 16, 50, 50, 15, 41, 32, 13, 44, 50, 25, 50, 11, 50, 12, 30, 50, 50, 50, 50, 26, 30, 46, 50, 16, 50, 40, 31, 13, 38, 50, 38, 50, 16, 50, 50, 50, 50, 50, 50, 19, 50, 48, 41, 28, 10, 50, 14, 50, 20, 22, 50, 50, 46, 50, 50, 50, 50, 42, 50, 50, 50, 50]
[0 0 0 0 0 0 0 0 0 0 0 0 0 0 0 0 0 0 0 0 0 0 0 0 0 0 0 0 0 0 0 0 0 0 0 0 0
 0 0 0 0 0 0 0 0 0 0 0 0 0 0 0 0 0 0 0 0 0 0 0 0 0 0 0 0 0 0 0 0 0 0 0 0 0
 0 0 0 0 0 0 0 0 0 0 0 0 0 0 0 0 0 0 0 0 0 0 0 0 0 0]
[1 1 1 1 1 1 1 1 1 1 1 1 1 1 1 1 1 1 1 1 1 1 1 1 1 1 1 1 1 1 1 1 1 1 1 1 1
 1 1 1 1 1 1 1 1 1 1 1 1 1 1 1 1 1 1 1 1 1 1 1 1 1 1 1 1 1 1 1 1 1 1 1 1 1
 1 1 1 1 1 1 1 1 1 1 1 1 1 1 1 1 1 1 1 1 1 1 1 1 1 1]
