[ 0  1  2  3  4  5  6  7  8  9 10 11 12 13 14 15 16 17 18 19 20 21 22 23
 24 25 26 27 28 29 30 31 32 33 34 35 36 37 38 39 40 41 42 43 44 45 46 47
 48 49 50 51 52 53 54 55 56 57 58 59 60 61 62 63 64 65 66 67 68 69 70 71
 72 73 74 75 76 77 78 79 80 81 82 83 84 85 86 87 88 89 90 91 92 93 94 95
 96 97 98 99]
[75 -1  9  2  3 -1 19 -1 -1 92 -1 76 -1 -1 -1 -1 58 -1 31 34 92 52 -1 41
 55 -1 53 39 24 44 28 -1  1 28 -1  7 32 33 31 64 50  3 12 -1 -1 81 25 21
  9 70 69 98 -1 21 -1 57 97 93 56 84 -1 84  0 71 48 94 -1  8 88 -1 42 81
 20 -1 -1 -1 -1 34 11 -1 87 85 66 45 31  8 81 93 43  5 -1 68 -1 26 50 67
 76 -1 17 69]
[0 0 1 0 1 0 0 1 1 1 0 0 1 0 1 0 0 0 0 1 1 1 0 0 1 1 0 1 0 0 1 0 0 0 1 0 0
 1 0 0 1 0 0 1 0 0 1 1 0 1 1 1 1 0 1 0 0 0 0 1 0 1 0 1 0 0 1 1 0 0 1 1 1 1
 1 0 0 0 1 0 0 0 1 1 0 1 0 1 1 0 1 1 0 1 0 1 1 0 1 1]
[0 3 2 0 1 0 2 4 4 1 0 0 4 3 0 0 0 0 3 4 2 4 0 0 3 0 3 0 0 0 0 0 1 0 0 3 0
 0 2 3 1 0 1 0 2 0 3 1 4 0 0 4 0 2 1 0 0 4 0 3 4 0 3 0 2 0 0 2 3 0 4 3 1 0
 3 1 0 3 2 1 0 0 3 0 0 0 0 0 0 1 0 4 0 2 1 0 0 2 0 0]
[0 3 2 0 1 0 2 4 4 1 0 0 4 3 0 0 0 0 3 4 2 4 0 0 3 0 3 0 0 0 0 0 1 0 0 3 0
 0 2 3 1 0 1 0 2 0 3 1 4 0 0 4 0 2 1 0 0 4 0 3 4 0 3 0 2 0 0 2 3 0 4 3 1 0
 3 1 0 3 2 1 0 0 3 0 0 0 0 0 0 1 0 4 0 2 1 0 0 2 0 0]
[5 5 1 2 6 1 2 2 1 3 2 8 9 7 9 7 4 8 3 1 3 8 7 7 7 4 1 8 5 6 5 2 4 6 6 8 8
 5 1 9 9 1 3 4 7 8 5 1 6 5 1 8 8 3 2 5 1 4 6 4 2 1 1 6 2 5 4 4 9 6 2 3 5 4
 1 6 3 3 8 4 4 3 2 9 1 8 3 3 4 4 1 6 2 9 8 2 7 8 7 4]
[5 5 1 2 6 1 2 2 1 3 2 8 9 7 9 7 4 8 3 1 3 8 7 7 7 4 1 8 5 6 5 2 4 6 6 8 8
 5 1 9 9 1 3 4 7 8 5 1 6 5 1 8 8 3 2 5 1 4 6 4 2 1 1 6 2 5 4 4 9 6 2 3 5 4
 1 6 3 3 8 4 4 3 2 9 1 8 3 3 4 4 1 6 2 9 8 2 7 8 7 4]
[50, 12, 13, 50, 23, 50, 50, 50, 35, 50, 39, 50, 10, 50, 32, 50, 50, 47, 29, 19, 50, 50, 14, 50, 50, 50, 42, 30, 50, 50, 46, 50, 50, 50, 50, 50, 46, 26, 50, 50, 50, 32, 19, 50, 13, 50, 15, 42, 14, 42, 14, 50, 50, 50, 12, 50, 36, 21, 20, 50, 47, 50, 46, 50, 50, 50, 41, 23, 33, 24, 50, 22, 13, 39, 50, 10, 50, 50, 31, 29, 50, 50, 50, 50, 13, 47, 50, 50, 50, 50, 16, 50, 50, 23, 50, 50, 50, 50, 50, 50]
[0 0 0 0 0 0 0 0 0 0 0 0 0 0 0 0 0 0 0 0 0 0 0 0 0 0 0 0 0 0 0 0 0 0 0 0 0
 0 0 0 0 0 0 0 0 0 0 0 0 0 0 0 0 0 0 0 0 0 0 0 0 0 0 0 0 0 0 0 0 0 0 0 0 0
 0 0 0 0 0 0 0 0 0 0 0 0 0 0 0 0 0 0 0 0 0 0 0 0 0 0]
[1 1 1 1 1 1 1 1 1 1 1 1 1 1 1 1 1 1 1 1 1 1 1 1 1 1 1 1 1 1 1 1 1 1 1 1 1
 1 1 1 1 1 1 1 1 1 1 1 1 1 1 1 1 1 1 1 1 1 1 1 1 1 1 1 1 1 1 1 1 1 1 1 1 1
 1 1 1 1 1 1 1 1 1 1 1 1 1 1 1 1 1 1 1 1 1 1 1 1 1 1]
