[ 0  1  2  3  4  5  6  7  8  9 10 11 12 13 14 15 16 17 18 19 20 21 22 23
 24 25 26 27 28 29 30 31 32 33 34 35 36 37 38 39 40 41 42 43 44 45 46 47
 48 49 50 51 52 53 54 55 56 57 58 59 60 61 62 63 64 65 66 67 68 69 70 71
 72 73 74 75 76 77 78 79 80 81 82 83 84 85 86 87 88 89 90 91 92 93 94 95
 96 97 98 99]
[44 -1 76  9 81 85 13 -1 -1 89 22 13 53 -1 15 94 -1 -1  5 -1 -1 -1 43 13
 27 61 16 47 90 44 -1 95 93 19 -1 69 -1 -1 -1 -1 -1 -1 37 -1 74 87 -1 57
 58  8 -1 85 33 94 -1 52 93 -1 -1 -1 -1 60 -1 53 93 51  3 17 -1 74 -1 -1
 41 32 54 28 88 -1 -1 65 -1 -1  5 85 97 29 21 -1 93 29 -1 36 -1 68 -1 54
 -1 -1 89 15]
[0 0 0 0 0 1 0 0 1 0 0 0 0 0 0 1 0 1 1 0 0 0 0 1 0 1 0 0 1 0 0 0 1 1 0 0 0
 0 1 1 0 1 1 0 0 1 0 0 0 0 0 0 1 0 0 0 1 1 1 1 1 0 1 1 1 0 0 0 1 1 0 1 1 1
 0 0 1 1 1 0 0 1 1 0 1 0 0 1 1 0 1 1 1 1 1 0 0 1 0 0]
[0 0 4 0 4 0 0 1 1 4 3 1 0 4 0 1 0 1 0 1 0 0 2 0 0 0 1 0 0 1 4 0 0 4 4 0 0
 1 1 2 0 4 0 1 4 1 0 0 3 0 0 2 1 1 2 4 0 2 4 4 3 3 1 0 2 3 0 2 0 2 4 0 1 0
 0 1 2 3 4 0 3 0 3 1 0 2 0 0 0 3 4 2 0 4 0 0 3 0 0 1]
[0 0 4 0 4 0 0 1 1 4 3 1 0 4 0 1 0 1 0 1 0 0 2 0 0 0 1 0 0 1 4 0 0 4 4 0 0
 1 1 2 0 4 0 1 4 1 0 0 3 0 0 2 1 1 2 4 0 2 4 4 3 3 1 0 2 3 0 2 0 2 4 0 1 0
 0 1 2 3 4 0 3 0 3 1 0 2 0 0 0 3 4 2 0 4 0 0 3 0 0 1]
[3 7 1 4 4 8 6 9 5 7 2 4 4 8 2 6 9 2 4 4 3 5 2 7 3 2 8 5 4 9 9 1 5 4 6 6 6
 5 5 9 2 8 8 2 4 2 9 8 8 4 7 6 5 8 3 1 3 6 2 6 3 6 1 4 6 1 6 5 3 4 8 7 4 1
 1 2 9 7 9 7 4 2 3 5 9 9 6 6 6 3 4 6 6 1 4 4 7 5 7 9]
[3 7 1 4 4 8 6 9 5 7 2 4 4 8 2 6 9 2 4 4 3 5 2 7 3 2 8 5 4 9 9 1 5 4 6 6 6
 5 5 9 2 8 8 2 4 2 9 8 8 4 7 6 5 8 3 1 3 6 2 6 3 6 1 4 6 1 6 5 3 4 8 7 4 1
 1 2 9 7 9 7 4 2 3 5 9 9 6 6 6 3 4 6 6 1 4 4 7 5 7 9]
[18, 46, 50, 13, 50, 13, 43, 10, 16, 50, 50, 17, 50, 40, 25, 50, 27, 26, 50, 50, 26, 50, 14, 48, 50, 40, 37, 50, 50, 50, 22, 26, 37, 50, 47, 50, 50, 50, 20, 50, 50, 36, 50, 50, 13, 50, 50, 37, 39, 50, 50, 50, 50, 10, 47, 41, 50, 50, 50, 25, 16, 50, 50, 24, 50, 50, 50, 50, 50, 50, 50, 50, 50, 25, 46, 50, 50, 50, 50, 23, 10, 19, 50, 11, 50, 47, 50, 50, 37, 32, 50, 50, 50, 47, 17, 50, 35, 50, 37, 15]
[0 0 0 0 0 0 0 0 0 0 0 0 0 0 0 0 0 0 0 0 0 0 0 0 0 0 0 0 0 0 0 0 0 0 0 0 0
 0 0 0 0 0 0 0 0 0 0 0 0 0 0 0 0 0 0 0 0 0 0 0 0 0 0 0 0 0 0 0 0 0 0 0 0 0
 0 0 0 0 0 0 0 0 0 0 0 0 0 0 0 0 0 0 0 0 0 0 0 0 0 0]
[1 1 1 1 1 1 1 1 1 1 1 1 1 1 1 1 1 1 1 1 1 1 1 1 1 1 1 1 1 1 1 1 1 1 1 1 1
 1 1 1 1 1 1 1 1 1 1 1 1 1 1 1 1 1 1 1 1 1 1 1 1 1 1 1 1 1 1 1 1 1 1 1 1 1
 1 1 1 1 1 1 1 1 1 1 1 1 1 1 1 1 1 1 1 1 1 1 1 1 1 1]
