[ 0  1  2  3  4  5  6  7  8  9 10 11 12 13 14 15 16 17 18 19 20 21 22 23
 24 25 26 27 28 29 30 31 32 33 34 35 36 37 38 39 40 41 42 43 44 45 46 47
 48 49 50 51 52 53 54 55 56 57 58 59 60 61 62 63 64 65 66 67 68 69 70 71
 72 73 74 75 76 77 78 79 80 81 82 83 84 85 86 87 88 89 90 91 92 93 94 95
 96 97 98 99]
[72 -1 -1 70 -1 24 -1 -1 -1 24 50 88 -1 -1 -1 -1 24 51 -1 25 -1 38 44 -1
 -1 43 55 32 -1 64 60 43 -1 88 42 -1 -1 -1 -1 -1 88  8 -1 97 -1 58 81 38
 58 55 -1 -1 20 23 87 72 18 88 -1 66 66  8 -1 73 80 17 27 69 97 37 10 39
 -1 35 76 -1 69 42 -1 37 -1 59 -1 60 78 59 -1  0 -1 -1 -1 43 22  0 -1 92
 31 87 67 -1]
[0 1 1 1 0 1 0 1 0 0 1 0 1 1 1 0 1 0 1 0 1 0 0 0 0 1 0 1 1 0 1 0 1 1 0 0 0
 1 1 1 1 0 1 0 1 0 1 0 0 1 1 0 1 0 0 1 1 0 1 0 1 0 0 1 0 1 1 0 0 1 1 0 0 0
 0 0 0 0 1 1 1 0 1 1 0 1 0 0 0 1 1 1 0 1 1 0 1 1 1 0]
[0 3 3 0 0 1 0 0 1 1 2 0 0 0 3 1 0 2 1 0 0 0 0 3 0 0 2 0 0 1 0 0 0 1 3 0 0
 4 4 4 0 3 1 0 1 3 3 0 0 2 0 0 4 0 3 4 0 2 4 0 0 0 0 2 0 0 0 0 0 0 3 1 0 0
 1 0 0 2 0 4 0 1 0 0 3 1 0 0 0 3 2 0 1 0 0 4 3 3 2 4]
[0 3 3 0 0 1 0 0 1 1 2 0 0 0 3 1 0 2 1 0 0 0 0 3 0 0 2 0 0 1 0 0 0 1 3 0 0
 4 4 4 0 3 1 0 1 3 3 0 0 2 0 0 4 0 3 4 0 2 4 0 0 0 0 2 0 0 0 0 0 0 3 1 0 0
 1 0 0 2 0 4 0 1 0 0 3 1 0 0 0 3 2 0 1 0 0 4 3 3 2 4]
[9 7 1 2 5 4 5 3 9 5 4 3 5 8 3 4 3 7 9 9 1 3 4 6 3 7 2 6 2 4 7 5 6 7 5 8 1
 8 6 5 4 9 5 4 6 5 6 6 9 1 2 7 6 1 1 6 3 9 5 3 5 9 7 7 1 1 4 5 7 9 7 7 6 6
 6 7 9 8 6 7 9 9 1 9 6 7 3 9 6 5 5 1 6 2 6 4 6 7 5 9]
[9 7 1 2 5 4 5 3 9 5 4 3 5 8 3 4 3 7 9 9 1 3 4 6 3 7 2 6 2 4 7 5 6 7 5 8 1
 8 6 5 4 9 5 4 6 5 6 6 9 1 2 7 6 1 1 6 3 9 5 3 5 9 7 7 1 1 4 5 7 9 7 7 6 6
 6 7 9 8 6 7 9 9 1 9 6 7 3 9 6 5 5 1 6 2 6 4 6 7 5 9]
[50, 26, 24, 29, 32, 11, 35, 23, 50, 50, 28, 50, 30, 42, 50, 28, 32, 50, 37, 50, 24, 50, 18, 50, 26, 48, 50, 41, 26, 50, 29, 18, 20, 50, 35, 50, 35, 50, 32, 43, 50, 27, 50, 50, 50, 49, 50, 50, 50, 11, 32, 50, 50, 19, 46, 50, 45, 50, 29, 46, 50, 41, 50, 45, 50, 50, 50, 50, 50, 50, 41, 50, 31, 50, 50, 19, 32, 48, 50, 31, 50, 21, 42, 20, 14, 50, 26, 21, 29, 50, 50, 50, 50, 50, 46, 50, 50, 50, 43, 24]
[0 0 0 0 0 0 0 0 0 0 0 0 0 0 0 0 0 0 0 0 0 0 0 0 0 0 0 0 0 0 0 0 0 0 0 0 0
 0 0 0 0 0 0 0 0 0 0 0 0 0 0 0 0 0 0 0 0 0 0 0 0 0 0 0 0 0 0 0 0 0 0 0 0 0
 0 0 0 0 0 0 0 0 0 0 0 0 0 0 0 0 0 0 0 0 0 0 0 0 0 0]
[1 1 1 1 1 1 1 1 1 1 1 1 1 1 1 1 1 1 1 1 1 1 1 1 1 1 1 1 1 1 1 1 1 1 1 1 1
 1 1 1 1 1 1 1 1 1 1 1 1 1 1 1 1 1 1 1 1 1 1 1 1 1 1 1 1 1 1 1 1 1 1 1 1 1
 1 1 1 1 1 1 1 1 1 1 1 1 1 1 1 1 1 1 1 1 1 1 1 1 1 1]
