[ 0  1  2  3  4  5  6  7  8  9 10 11 12 13 14 15 16 17 18 19 20 21 22 23
 24 25 26 27 28 29 30 31 32 33 34 35 36 37 38 39 40 41 42 43 44 45 46 47
 48 49 50 51 52 53 54 55 56 57 58 59 60 61 62 63 64 65 66 67 68 69 70 71
 72 73 74 75 76 77 78 79 80 81 82 83 84 85 86 87 88 89 90 91 92 93 94 95
 96 97 98 99]
[70  5 88 23 -1  7 -1 -1  3 -1 52 87 -1 67 -1 89 99 -1 -1  3 -1 61 -1 63
  0 41 -1 49 -1 -1 12 -1 57 91 90 94 90 94 68 -1 -1 -1 60 31 -1 22 75  8
  4 -1 -1 36 13 79 -1 62 68 10 -1 76 -1 54 74 81 66 88 77 -1 78 35 71 29
 27 60 54 73 -1 18  8 85 53 -1 -1 -1 79 -1 40 29 -1 -1 25 53 18 79 66 46
 -1 43  4 -1]
[1 0 1 0 1 0 0 1 1 1 1 1 0 1 1 1 0 0 0 1 1 1 1 1 0 1 1 1 0 1 1 0 0 0 1 1 0
 0 0 0 0 1 0 1 1 1 1 0 1 0 1 1 0 0 0 1 0 1 1 1 1 1 0 1 0 1 0 1 1 0 0 0 0 1
 0 1 0 0 1 1 1 0 1 0 0 0 0 0 1 0 1 1 0 1 1 0 1 1 1 1]
[4 3 1 0 0 0 0 1 2 0 1 0 3 4 1 0 0 0 0 0 0 2 0 4 3 0 0 0 0 0 4 2 0 2 4 0 1
 0 2 0 0 0 0 0 4 0 2 2 0 0 0 1 0 0 4 1 1 0 0 4 0 0 0 1 4 0 1 1 3 2 3 0 1 3
 0 0 3 2 0 0 2 1 1 0 4 1 4 0 4 0 0 0 0 0 1 0 4 0 0 0]
[4 3 1 0 0 0 0 1 2 0 1 0 3 4 1 0 0 0 0 0 0 2 0 4 3 0 0 0 0 0 4 2 0 2 4 0 1
 0 2 0 0 0 0 0 4 0 2 2 0 0 0 1 0 0 4 1 1 0 0 4 0 0 0 1 4 0 1 1 3 2 3 0 1 3
 0 0 3 2 0 0 2 1 1 0 4 1 4 0 4 0 0 0 0 0 1 0 4 0 0 0]
[7 4 3 1 2 1 7 4 3 2 3 1 2 1 1 4 7 9 8 9 7 6 7 9 4 6 1 9 7 2 7 7 2 8 1 1 4
 9 4 4 2 4 1 6 6 6 5 2 4 3 6 6 3 4 8 3 1 2 5 7 4 1 3 1 5 6 3 2 7 9 9 5 3 2
 8 5 8 2 6 9 8 4 5 1 9 9 5 5 2 6 8 1 3 2 1 3 8 9 8 7]
[7 4 3 1 2 1 7 4 3 2 3 1 2 1 1 4 7 9 8 9 7 6 7 9 4 6 1 9 7 2 7 7 2 8 1 1 4
 9 4 4 2 4 1 6 6 6 5 2 4 3 6 6 3 4 8 3 1 2 5 7 4 1 3 1 5 6 3 2 7 9 9 5 3 2
 8 5 8 2 6 9 8 4 5 1 9 9 5 5 2 6 8 1 3 2 1 3 8 9 8 7]
[50, 50, 40, 50, 42, 44, 29, 50, 40, 50, 26, 24, 31, 50, 39, 50, 47, 40, 24, 19, 23, 50, 38, 50, 25, 46, 12, 50, 50, 50, 44, 50, 49, 42, 50, 35, 50, 43, 22, 46, 50, 38, 11, 34, 17, 44, 50, 37, 46, 50, 29, 44, 50, 32, 50, 50, 20, 41, 17, 49, 25, 50, 42, 30, 50, 44, 29, 50, 39, 25, 14, 50, 16, 18, 50, 50, 50, 47, 43, 40, 50, 42, 13, 50, 50, 50, 50, 50, 25, 50, 49, 39, 31, 49, 34, 32, 50, 45, 50, 50]
[0 0 0 0 0 0 0 0 0 0 0 0 0 0 0 0 0 0 0 0 0 0 0 0 0 0 0 0 0 0 0 0 0 0 0 0 0
 0 0 0 0 0 0 0 0 0 0 0 0 0 0 0 0 0 0 0 0 0 0 0 0 0 0 0 0 0 0 0 0 0 0 0 0 0
 0 0 0 0 0 0 0 0 0 0 0 0 0 0 0 0 0 0 0 0 0 0 0 0 0 0]
[1 1 1 1 1 1 1 1 1 1 1 1 1 1 1 1 1 1 1 1 1 1 1 1 1 1 1 1 1 1 1 1 1 1 1 1 1
 1 1 1 1 1 1 1 1 1 1 1 1 1 1 1 1 1 1 1 1 1 1 1 1 1 1 1 1 1 1 1 1 1 1 1 1 1
 1 1 1 1 1 1 1 1 1 1 1 1 1 1 1 1 1 1 1 1 1 1 1 1 1 1]
