[ 0  1  2  3  4  5  6  7  8  9 10 11 12 13 14 15 16 17 18 19 20 21 22 23
 24 25 26 27 28 29 30 31 32 33 34 35 36 37 38 39 40 41 42 43 44 45 46 47
 48 49 50 51 52 53 54 55 56 57 58 59 60 61 62 63 64 65 66 67 68 69 70 71
 72 73 74 75 76 77 78 79 80 81 82 83 84 85 86 87 88 89 90 91 92 93 94 95
 96 97 98 99]
[44 -1 -1 25 -1 79 87 73 23 78 58 68 80 -1 -1 93 38 88 71 63 48 70  6 68
 88 88 -1 -1 -1 41 -1 92 -1 -1 -1 50 97 -1  6 81 -1 85 98 17 -1 10 -1 -1
 12 64 -1 46 -1 -1 -1 81 -1 -1 14 80 -1 -1 54 88  3 -1 -1 40 14 -1 -1 25
 -1 43 10 -1 -1 60 43 29 77 93 10 67 -1 17 27 96 -1 -1 10 12 -1 13 -1 91
 -1 -1  8 32]
[1 0 1 0 0 0 1 0 0 1 0 0 1 0 1 0 0 1 1 0 1 0 1 1 0 0 0 1 1 0 0 0 1 0 1 1 0
 0 0 0 1 1 0 1 0 0 0 0 0 0 0 0 0 1 0 0 0 0 0 1 1 1 0 0 0 1 1 1 1 0 0 0 0 1
 1 0 1 0 1 1 1 0 1 1 1 1 0 1 0 0 0 1 0 1 0 1 1 1 1 1]
[0 0 2 0 0 4 0 0 4 1 0 0 4 1 3 2 2 0 0 0 0 4 1 0 1 2 2 0 0 0 2 0 0 0 1 4 0
 0 1 0 3 4 1 2 0 0 0 3 3 1 1 0 2 2 2 0 0 1 1 2 0 3 0 3 0 0 2 1 1 0 3 3 0 4
 3 1 0 2 0 0 0 0 4 1 0 4 0 0 2 3 3 1 0 2 0 2 0 2 1 1]
[0 0 2 0 0 4 0 0 4 1 0 0 4 1 3 2 2 0 0 0 0 4 1 0 1 2 2 0 0 0 2 0 0 0 1 4 0
 0 1 0 3 4 1 2 0 0 0 3 3 1 1 0 2 2 2 0 0 1 1 2 0 3 0 3 0 0 2 1 1 0 3 3 0 4
 3 1 0 2 0 0 0 0 4 1 0 4 0 0 2 3 3 1 0 2 0 2 0 2 1 1]
[4 3 5 6 4 3 8 7 8 1 7 4 8 7 6 5 4 7 4 4 6 4 1 6 5 3 8 2 7 5 9 4 2 1 9 8 7
 6 4 5 3 1 2 1 8 8 8 9 3 9 7 3 5 2 9 5 7 4 6 4 3 8 2 1 4 8 4 5 6 5 7 7 1 5
 4 4 3 1 6 9 4 2 5 5 9 1 7 3 5 9 1 2 5 2 5 9 9 7 7 3]
[4 3 5 6 4 3 8 7 8 1 7 4 8 7 6 5 4 7 4 4 6 4 1 6 5 3 8 2 7 5 9 4 2 1 9 8 7
 6 4 5 3 1 2 1 8 8 8 9 3 9 7 3 5 2 9 5 7 4 6 4 3 8 2 1 4 8 4 5 6 5 7 7 1 5
 4 4 3 1 6 9 4 2 5 5 9 1 7 3 5 9 1 2 5 2 5 9 9 7 7 3]
[46, 33, 50, 10, 50, 50, 50, 50, 50, 40, 45, 32, 31, 31, 29, 41, 43, 50, 49, 48, 50, 50, 50, 50, 50, 37, 30, 50, 24, 50, 11, 50, 50, 40, 50, 50, 50, 50, 50, 50, 37, 50, 29, 47, 50, 50, 39, 50, 35, 50, 46, 12, 50, 50, 50, 50, 50, 50, 50, 22, 50, 50, 50, 50, 50, 19, 27, 39, 32, 21, 16, 50, 44, 44, 23, 50, 10, 50, 11, 50, 18, 26, 50, 47, 50, 50, 33, 43, 10, 24, 22, 50, 23, 50, 38, 14, 11, 50, 18, 50]
[0 0 0 0 0 0 0 0 0 0 0 0 0 0 0 0 0 0 0 0 0 0 0 0 0 0 0 0 0 0 0 0 0 0 0 0 0
 0 0 0 0 0 0 0 0 0 0 0 0 0 0 0 0 0 0 0 0 0 0 0 0 0 0 0 0 0 0 0 0 0 0 0 0 0
 0 0 0 0 0 0 0 0 0 0 0 0 0 0 0 0 0 0 0 0 0 0 0 0 0 0]
[1 1 1 1 1 1 1 1 1 1 1 1 1 1 1 1 1 1 1 1 1 1 1 1 1 1 1 1 1 1 1 1 1 1 1 1 1
 1 1 1 1 1 1 1 1 1 1 1 1 1 1 1 1 1 1 1 1 1 1 1 1 1 1 1 1 1 1 1 1 1 1 1 1 1
 1 1 1 1 1 1 1 1 1 1 1 1 1 1 1 1 1 1 1 1 1 1 1 1 1 1]
