[ 0  1  2  3  4  5  6  7  8  9 10 11 12 13 14 15 16 17 18 19 20 21 22 23
 24 25 26 27 28 29 30 31 32 33 34 35 36 37 38 39 40 41 42 43 44 45 46 47
 48 49 50 51 52 53 54 55 56 57 58 59 60 61 62 63 64 65 66 67 68 69 70 71
 72 73 74 75 76 77 78 79 80 81 82 83 84 85 86 87 88 89 90 91 92 93 94 95
 96 97 98 99]
[96 81 60 -1 -1 53 72 99 -1 48 55 45 16 38 65 -1 71 90 35 -1 56 57 12 44
 73 11 -1 -1 17 95 -1 75 17 51 11 17 15 -1  5 21 31 61  4 -1 82 76 -1 14
 -1 -1 -1 61 31 24  3 -1 -1 -1 89 -1 88 31 -1 21 68 -1  2 -1 -1 73 -1 50
 95 -1 -1 -1 12 68 -1 13 -1 61 -1 36 25 62 29 63 69 -1  0 -1 -1 -1 45 60
 -1 94 37 -1]
[0 1 0 0 0 1 1 1 0 0 1 1 0 1 0 0 1 1 0 1 1 0 0 0 0 1 1 1 0 0 0 0 0 0 0 1 0
 1 1 0 0 0 0 1 0 1 0 1 0 0 1 0 0 1 1 1 0 1 0 0 1 1 0 1 0 1 0 1 1 0 0 1 1 0
 1 1 1 1 0 1 1 0 1 0 0 0 1 0 1 1 0 0 0 0 1 0 0 0 1 0]
[0 2 0 3 0 0 0 1 0 0 0 1 0 2 4 0 1 3 4 4 1 0 0 4 4 2 0 4 2 0 4 0 4 0 3 0 0
 3 0 0 0 0 4 0 1 4 0 0 2 4 4 0 0 0 0 4 2 0 1 0 0 0 0 0 0 0 0 0 0 1 0 2 0 3
 0 3 2 0 0 0 0 4 4 3 2 2 0 0 4 0 0 2 3 2 4 0 4 0 0 1]
[0 2 0 3 0 0 0 1 0 0 0 1 0 2 4 0 1 3 4 4 1 0 0 4 4 2 0 4 2 0 4 0 4 0 3 0 0
 3 0 0 0 0 4 0 1 4 0 0 2 4 4 0 0 0 0 4 2 0 1 0 0 0 0 0 0 0 0 0 0 1 0 2 0 3
 0 3 2 0 0 0 0 4 4 3 2 2 0 0 4 0 0 2 3 2 4 0 4 0 0 1]
[5 5 4 1 5 8 6 8 1 8 9 1 6 9 9 5 8 4 2 1 2 4 3 5 6 2 8 3 5 6 9 4 9 1 4 5 3
 2 5 8 4 6 4 4 8 9 9 2 9 8 1 7 4 3 4 5 8 3 2 7 8 2 3 9 8 8 8 4 8 6 4 2 3 4
 6 4 5 6 6 8 5 4 6 5 3 6 3 5 9 4 3 4 5 7 2 6 2 2 5 3]
[5 5 4 1 5 8 6 8 1 8 9 1 6 9 9 5 8 4 2 1 2 4 3 5 6 2 8 3 5 6 9 4 9 1 4 5 3
 2 5 8 4 6 4 4 8 9 9 2 9 8 1 7 4 3 4 5 8 3 2 7 8 2 3 9 8 8 8 4 8 6 4 2 3 4
 6 4 5 6 6 8 5 4 6 5 3 6 3 5 9 4 3 4 5 7 2 6 2 2 5 3]
[50, 50, 50, 50, 41, 50, 50, 20, 50, 29, 50, 40, 41, 39, 23, 50, 50, 50, 50, 50, 44, 50, 50, 50, 26, 43, 50, 10, 50, 50, 48, 50, 35, 12, 13, 43, 50, 10, 50, 44, 50, 33, 44, 50, 30, 50, 18, 50, 50, 39, 10, 14, 46, 50, 50, 13, 50, 15, 41, 50, 50, 50, 13, 50, 50, 50, 50, 50, 50, 40, 33, 50, 50, 50, 21, 50, 12, 31, 50, 50, 43, 14, 50, 33, 10, 50, 42, 18, 49, 50, 18, 22, 50, 50, 50, 44, 30, 13, 50, 50]
[0 0 0 0 0 0 0 0 0 0 0 0 0 0 0 0 0 0 0 0 0 0 0 0 0 0 0 0 0 0 0 0 0 0 0 0 0
 0 0 0 0 0 0 0 0 0 0 0 0 0 0 0 0 0 0 0 0 0 0 0 0 0 0 0 0 0 0 0 0 0 0 0 0 0
 0 0 0 0 0 0 0 0 0 0 0 0 0 0 0 0 0 0 0 0 0 0 0 0 0 0]
[1 1 1 1 1 1 1 1 1 1 1 1 1 1 1 1 1 1 1 1 1 1 1 1 1 1 1 1 1 1 1 1 1 1 1 1 1
 1 1 1 1 1 1 1 1 1 1 1 1 1 1 1 1 1 1 1 1 1 1 1 1 1 1 1 1 1 1 1 1 1 1 1 1 1
 1 1 1 1 1 1 1 1 1 1 1 1 1 1 1 1 1 1 1 1 1 1 1 1 1 1]
