[ 0  1  2  3  4  5  6  7  8  9 10 11 12 13 14 15 16 17 18 19 20 21 22 23
 24 25 26 27 28 29 30 31 32 33 34 35 36 37 38 39 40 41 42 43 44 45 46 47
 48 49 50 51 52 53 54 55 56 57 58 59 60 61 62 63 64 65 66 67 68 69 70 71
 72 73 74 75 76 77 78 79 80 81 82 83 84 85 86 87 88 89 90 91 92 93 94 95
 96 97 98 99]
[68 -1 -1 25 -1 56 45 43 53 97 87 22 -1 80 96 48 -1 26 -1 -1 63 70 67 -1
 -1 -1 -1 72 23 49 -1 68 72 80 73 -1 -1 88 71 98 -1 -1 49 10 -1 -1 16 46
 73 90 -1 45 78 77  7 -1 73 -1 33 12 65 51 46 -1 -1 -1 -1 -1 21 -1 -1 32
 49  0 28 -1 -1  9 63 -1 50 80 -1 78 98 87 29 34 -1 96 -1 20 70 51 -1 69
 42 44 -1 -1]
[1 1 0 1 0 1 0 0 1 0 0 0 1 1 0 1 0 0 1 1 1 1 1 1 1 1 0 1 0 0 1 1 1 1 0 1 1
 0 0 1 1 1 1 0 0 1 1 0 0 0 0 1 1 0 0 1 0 0 1 1 0 0 1 1 0 1 0 0 0 0 1 0 0 0
 1 1 0 1 0 0 0 1 1 0 0 0 1 1 1 1 0 1 0 0 1 0 1 0 0 1]
[0 1 0 2 0 0 2 1 2 0 0 0 2 1 0 3 1 0 0 0 3 3 0 0 1 0 0 0 2 0 2 4 0 1 1 2 2
 0 0 0 0 2 4 1 0 0 0 0 1 0 3 0 0 0 0 3 0 0 2 2 3 2 0 1 4 2 0 0 2 0 4 0 4 0
 0 0 2 2 1 4 4 0 1 0 1 3 0 0 0 4 0 4 0 0 4 1 0 1 0 4]
[0 1 0 2 0 0 2 1 2 0 0 0 2 1 0 3 1 0 0 0 3 3 0 0 1 0 0 0 2 0 2 4 0 1 1 2 2
 0 0 0 0 2 4 1 0 0 0 0 1 0 3 0 0 0 0 3 0 0 2 2 3 2 0 1 4 2 0 0 2 0 4 0 4 0
 0 0 2 2 1 4 4 0 1 0 1 3 0 0 0 4 0 4 0 0 4 1 0 1 0 4]
[4 5 3 4 5 7 8 1 9 8 6 8 1 4 3 8 8 1 4 8 9 8 8 8 2 8 3 5 1 7 2 2 4 4 4 9 1
 5 9 2 3 9 9 5 4 3 3 8 7 3 4 9 9 1 6 8 4 3 7 7 1 3 6 1 4 4 8 2 7 7 5 4 9 3
 6 6 8 2 9 3 3 9 9 9 9 3 1 4 7 7 6 3 6 7 2 2 3 7 7 6]
[4 5 3 4 5 7 8 1 9 8 6 8 1 4 3 8 8 1 4 8 9 8 8 8 2 8 3 5 1 7 2 2 4 4 4 9 1
 5 9 2 3 9 9 5 4 3 3 8 7 3 4 9 9 1 6 8 4 3 7 7 1 3 6 1 4 4 8 2 7 7 5 4 9 3
 6 6 8 2 9 3 3 9 9 9 9 3 1 4 7 7 6 3 6 7 2 2 3 7 7 6]
[50, 50, 50, 10, 37, 47, 45, 50, 50, 50, 50, 50, 36, 29, 50, 20, 50, 11, 37, 50, 18, 50, 47, 40, 50, 50, 13, 50, 37, 50, 43, 15, 50, 12, 12, 50, 43, 31, 23, 50, 39, 50, 47, 15, 19, 50, 50, 50, 50, 50, 50, 50, 18, 50, 35, 50, 27, 37, 50, 15, 32, 50, 50, 50, 21, 39, 50, 50, 50, 26, 50, 11, 50, 50, 24, 50, 48, 11, 50, 50, 48, 50, 50, 46, 21, 48, 25, 50, 30, 14, 39, 50, 50, 37, 50, 50, 50, 25, 50, 47]
[0 0 0 0 0 0 0 0 0 0 0 0 0 0 0 0 0 0 0 0 0 0 0 0 0 0 0 0 0 0 0 0 0 0 0 0 0
 0 0 0 0 0 0 0 0 0 0 0 0 0 0 0 0 0 0 0 0 0 0 0 0 0 0 0 0 0 0 0 0 0 0 0 0 0
 0 0 0 0 0 0 0 0 0 0 0 0 0 0 0 0 0 0 0 0 0 0 0 0 0 0]
[1 1 1 1 1 1 1 1 1 1 1 1 1 1 1 1 1 1 1 1 1 1 1 1 1 1 1 1 1 1 1 1 1 1 1 1 1
 1 1 1 1 1 1 1 1 1 1 1 1 1 1 1 1 1 1 1 1 1 1 1 1 1 1 1 1 1 1 1 1 1 1 1 1 1
 1 1 1 1 1 1 1 1 1 1 1 1 1 1 1 1 1 1 1 1 1 1 1 1 1 1]
