[ 0  1  2  3  4  5  6  7  8  9 10 11 12 13 14 15 16 17 18 19 20 21 22 23
 24 25 26 27 28 29 30 31 32 33 34 35 36 37 38 39 40 41 42 43 44 45 46 47
 48 49 50 51 52 53 54 55 56 57 58 59 60 61 62 63 64 65 66 67 68 69 70 71
 72 73 74 75 76 77 78 79 80 81 82 83 84 85 86 87 88 89 90 91 92 93 94 95
 96 97 98 99]
[-1 17 -1 58 -1 -1 42 19 -1 -1 -1 42 14 -1 58 97 53 -1 17 86 -1 -1 -1  0
 -1 38 15 84 88 -1 74 -1 80 97 -1 -1 -1 78  5 74 34 -1 60  8 -1 93 39 98
 32 76 -1 -1 26 52 86 -1 -1 -1 50 55 -1 -1 82 -1 -1 -1 58 -1 -1 -1 42 -1
 36 48 33 79 19 -1 71  1 69 44 38 76 83 -1 -1 52 31 32 29 61 14 27 90 16
 50 -1 91 -1]
[0 1 0 0 0 0 1 1 0 1 1 0 0 0 0 1 1 1 1 0 0 1 1 1 0 1 1 1 0 1 1 1 0 0 0 0 0
 0 1 1 0 0 1 1 1 0 1 0 1 0 0 0 1 1 0 0 0 0 1 1 0 0 1 0 0 1 1 0 1 1 1 1 1 1
 1 0 1 0 0 1 0 0 0 0 0 1 0 1 0 1 1 0 1 1 0 1 0 0 1 1]
[0 0 0 0 2 2 0 0 0 4 3 0 0 0 1 0 1 0 0 0 0 0 4 0 0 0 0 3 0 4 2 0 0 4 2 0 0
 0 0 2 2 2 0 0 3 0 1 3 0 3 0 2 1 3 2 0 0 0 0 0 0 2 0 0 1 0 0 2 1 3 0 0 2 0
 0 3 0 2 2 0 0 0 4 1 0 1 3 3 0 0 4 0 3 0 0 4 1 0 0 1]
[0 0 0 0 2 2 0 0 0 4 3 0 0 0 1 0 1 0 0 0 0 0 4 0 0 0 0 3 0 4 2 0 0 4 2 0 0
 0 0 2 2 2 0 0 3 0 1 3 0 3 0 2 1 3 2 0 0 0 0 0 0 2 0 0 1 0 0 2 1 3 0 0 2 0
 0 3 0 2 2 0 0 0 4 1 0 1 3 3 0 0 4 0 3 0 0 4 1 0 0 1]
[6 5 4 7 9 9 7 6 9 5 1 4 4 1 4 9 2 6 8 6 3 1 7 3 9 1 4 7 4 8 7 6 1 8 1 4 5
 5 6 3 3 9 5 8 7 3 3 5 5 3 4 5 4 9 7 4 6 8 5 7 8 3 1 7 7 1 2 6 4 1 1 9 8 7
 5 1 2 4 6 5 3 6 2 9 7 5 4 3 9 3 8 8 2 2 5 9 8 7 9 4]
[6 5 4 7 9 9 7 6 9 5 1 4 4 1 4 9 2 6 8 6 3 1 7 3 9 1 4 7 4 8 7 6 1 8 1 4 5
 5 6 3 3 9 5 8 7 3 3 5 5 3 4 5 4 9 7 4 6 8 5 7 8 3 1 7 7 1 2 6 4 1 1 9 8 7
 5 1 2 4 6 5 3 6 2 9 7 5 4 3 9 3 8 8 2 2 5 9 8 7 9 4]
[50, 50, 50, 37, 25, 50, 50, 41, 50, 49, 50, 39, 23, 35, 50, 50, 50, 27, 50, 38, 50, 50, 50, 37, 50, 50, 50, 50, 50, 35, 34, 26, 20, 46, 50, 50, 21, 50, 10, 43, 50, 10, 36, 36, 50, 44, 29, 14, 46, 45, 10, 39, 50, 17, 50, 20, 50, 33, 21, 33, 50, 32, 16, 22, 50, 50, 50, 20, 46, 50, 28, 16, 50, 49, 50, 50, 50, 50, 50, 28, 21, 50, 43, 50, 35, 26, 50, 39, 50, 50, 50, 48, 31, 16, 50, 19, 50, 50, 46, 50]
[0 0 0 0 0 0 0 0 0 0 0 0 0 0 0 0 0 0 0 0 0 0 0 0 0 0 0 0 0 0 0 0 0 0 0 0 0
 0 0 0 0 0 0 0 0 0 0 0 0 0 0 0 0 0 0 0 0 0 0 0 0 0 0 0 0 0 0 0 0 0 0 0 0 0
 0 0 0 0 0 0 0 0 0 0 0 0 0 0 0 0 0 0 0 0 0 0 0 0 0 0]
[1 1 1 1 1 1 1 1 1 1 1 1 1 1 1 1 1 1 1 1 1 1 1 1 1 1 1 1 1 1 1 1 1 1 1 1 1
 1 1 1 1 1 1 1 1 1 1 1 1 1 1 1 1 1 1 1 1 1 1 1 1 1 1 1 1 1 1 1 1 1 1 1 1 1
 1 1 1 1 1 1 1 1 1 1 1 1 1 1 1 1 1 1 1 1 1 1 1 1 1 1]
