[ 0  1  2  3  4  5  6  7  8  9 10 11 12 13 14 15 16 17 18 19 20 21 22 23
 24 25 26 27 28 29 30 31 32 33 34 35 36 37 38 39 40 41 42 43 44 45 46 47
 48 49 50 51 52 53 54 55 56 57 58 59 60 61 62 63 64 65 66 67 68 69 70 71
 72 73 74 75 76 77 78 79 80 81 82 83 84 85 86 87 88 89 90 91 92 93 94 95
 96 97 98 99]
[67  9  4 60 -1 35 -1 27 70 93 64 48 -1 -1 -1 40 59 -1 90 -1 39 96 31 -1
 -1 24 59 -1 -1  4 25 -1 -1 59 54 -1 81 -1 -1 16 -1  0 29 33 14 49 -1 58
 42 42 33 -1 26 -1 -1 52 81 21 40 95 78 12 96 -1 26 67 -1 84 59 73 40 36
 -1 40 40 -1 -1 18 35 85 60 -1 -1 -1 -1 91 14 36 21 33 93 49 98 62 16 27
 -1 -1 -1 -1]
[1 1 0 1 0 1 1 0 0 1 1 0 0 0 0 0 0 0 0 0 0 0 0 0 1 1 1 1 1 0 1 0 0 0 1 1 1
 1 1 1 0 0 0 1 1 1 1 1 0 1 1 0 1 0 0 1 1 0 1 1 0 1 0 1 0 1 1 0 0 1 1 1 0 0
 1 1 0 0 0 1 1 1 1 0 1 0 0 0 0 0 0 0 1 1 0 1 0 0 0 1]
[3 0 2 0 0 1 0 1 0 3 2 2 1 0 0 2 3 1 0 0 4 2 0 0 1 3 0 1 0 0 3 1 3 1 3 0 0
 0 1 3 2 3 4 4 4 0 0 0 4 3 1 3 0 1 0 1 3 0 0 0 0 3 2 3 1 3 0 0 0 0 0 2 2 2
 0 4 0 0 4 0 0 0 0 0 0 2 0 0 0 4 0 4 0 0 3 0 1 2 0 0]
[3 0 2 0 0 1 0 1 0 3 2 2 1 0 0 2 3 1 0 0 4 2 0 0 1 3 0 1 0 0 3 1 3 1 3 0 0
 0 1 3 2 3 4 4 4 0 0 0 4 3 1 3 0 1 0 1 3 0 0 0 0 3 2 3 1 3 0 0 0 0 0 2 2 2
 0 4 0 0 4 0 0 0 0 0 0 2 0 0 0 4 0 4 0 0 3 0 1 2 0 0]
[2 9 9 9 9 9 3 7 6 8 2 8 6 4 8 1 5 3 2 4 7 5 6 7 3 6 7 8 7 3 6 1 5 6 8 8 6
 6 8 4 5 4 6 9 9 3 5 9 9 3 9 4 1 8 3 2 5 1 7 8 9 6 8 6 4 4 8 8 1 6 6 2 7 9
 1 6 6 8 2 3 1 1 6 3 3 4 5 4 8 9 5 2 7 4 8 8 2 8 7 5]
[2 9 9 9 9 9 3 7 6 8 2 8 6 4 8 1 5 3 2 4 7 5 6 7 3 6 7 8 7 3 6 1 5 6 8 8 6
 6 8 4 5 4 6 9 9 3 5 9 9 3 9 4 1 8 3 2 5 1 7 8 9 6 8 6 4 4 8 8 1 6 6 2 7 9
 1 6 6 8 2 3 1 1 6 3 3 4 5 4 8 9 5 2 7 4 8 8 2 8 7 5]
[50, 50, 50, 16, 47, 42, 29, 39, 46, 19, 50, 48, 50, 50, 50, 31, 50, 39, 24, 35, 13, 37, 47, 50, 35, 38, 50, 48, 50, 39, 50, 32, 50, 50, 46, 50, 50, 17, 50, 41, 47, 50, 28, 50, 50, 50, 48, 37, 50, 34, 37, 50, 50, 15, 50, 32, 19, 35, 50, 50, 50, 50, 39, 44, 50, 50, 13, 26, 41, 50, 41, 14, 41, 16, 26, 36, 22, 37, 50, 28, 50, 28, 22, 50, 50, 36, 50, 50, 37, 50, 50, 50, 28, 50, 43, 50, 18, 50, 12, 12]
[0 0 0 0 0 0 0 0 0 0 0 0 0 0 0 0 0 0 0 0 0 0 0 0 0 0 0 0 0 0 0 0 0 0 0 0 0
 0 0 0 0 0 0 0 0 0 0 0 0 0 0 0 0 0 0 0 0 0 0 0 0 0 0 0 0 0 0 0 0 0 0 0 0 0
 0 0 0 0 0 0 0 0 0 0 0 0 0 0 0 0 0 0 0 0 0 0 0 0 0 0]
[1 1 1 1 1 1 1 1 1 1 1 1 1 1 1 1 1 1 1 1 1 1 1 1 1 1 1 1 1 1 1 1 1 1 1 1 1
 1 1 1 1 1 1 1 1 1 1 1 1 1 1 1 1 1 1 1 1 1 1 1 1 1 1 1 1 1 1 1 1 1 1 1 1 1
 1 1 1 1 1 1 1 1 1 1 1 1 1 1 1 1 1 1 1 1 1 1 1 1 1 1]
