[ 0  1  2  3  4  5  6  7  8  9 10 11 12 13 14 15 16 17 18 19 20 21 22 23
 24 25 26 27 28 29 30 31 32 33 34 35 36 37 38 39 40 41 42 43 44 45 46 47
 48 49 50 51 52 53 54 55 56 57 58 59 60 61 62 63 64 65 66 67 68 69 70 71
 72 73 74 75 76 77 78 79 80 81 82 83 84 85 86 87 88 89 90 91 92 93 94 95
 96 97 98 99]
[10 13 41 -1 21 -1 52  5 -1 82 -1 -1 -1 38 -1 95 43 84 20 15 -1  9 58 89
 21 85 68 -1 -1 76 35 21 91 41 73 49 59 -1  8 71 49 -1 74 73 75 78 99 -1
 63 96 -1 48 -1 49 65 34 65 69 -1 87 -1 -1 83 69 54 -1 50 66 46 25 32 -1
 21 87 38 -1 55  9 -1 75 86 -1 -1 25 -1 -1 40 45 73 -1 30 60 -1 47 -1 16
 -1 62 82 -1]
[1 0 0 0 0 1 1 1 1 1 1 1 0 0 0 0 1 1 0 1 0 1 1 0 1 0 0 0 1 1 0 1 1 0 0 1 0
 1 1 0 0 0 0 0 1 1 1 0 0 0 0 1 1 1 1 0 1 0 1 1 0 1 0 0 0 1 0 1 0 1 1 0 0 0
 1 1 0 1 1 0 0 0 0 1 0 0 0 1 1 0 0 1 1 0 1 0 1 0 1 1]
[0 0 0 3 0 0 3 0 0 0 0 3 1 0 4 2 4 3 1 0 0 0 0 0 0 2 0 4 3 3 0 3 0 1 0 3 0
 2 0 0 3 0 3 1 2 2 4 0 2 0 2 1 4 1 4 1 3 2 4 0 4 0 0 0 4 0 3 0 0 1 4 4 0 0
 0 3 0 4 0 0 0 0 3 4 0 3 4 0 0 0 0 2 2 3 0 1 0 1 0 3]
[0 0 0 3 0 0 3 0 0 0 0 3 1 0 4 2 4 3 1 0 0 0 0 0 0 2 0 4 3 3 0 3 0 1 0 3 0
 2 0 0 3 0 3 1 2 2 4 0 2 0 2 1 4 1 4 1 3 2 4 0 4 0 0 0 4 0 3 0 0 1 4 4 0 0
 0 3 0 4 0 0 0 0 3 4 0 3 4 0 0 0 0 2 2 3 0 1 0 1 0 3]
[3 3 4 9 7 9 9 4 9 7 2 9 7 9 4 9 3 1 7 1 6 9 5 8 7 3 5 3 5 6 1 8 8 4 4 7 2
 3 9 5 3 4 5 2 1 7 6 5 8 1 6 2 7 9 6 8 5 6 4 3 8 8 8 8 9 2 7 3 6 9 3 4 4 9
 8 9 3 7 6 5 3 1 9 8 5 1 1 3 8 3 1 3 2 4 3 6 3 5 3 1]
[3 3 4 9 7 9 9 4 9 7 2 9 7 9 4 9 3 1 7 1 6 9 5 8 7 3 5 3 5 6 1 8 8 4 4 7 2
 3 9 5 3 4 5 2 1 7 6 5 8 1 6 2 7 9 6 8 5 6 4 3 8 8 8 8 9 2 7 3 6 9 3 4 4 9
 8 9 3 7 6 5 3 1 9 8 5 1 1 3 8 3 1 3 2 4 3 6 3 5 3 1]
[40, 50, 20, 17, 50, 43, 50, 50, 49, 50, 50, 22, 50, 50, 22, 50, 28, 41, 50, 18, 24, 39, 50, 30, 50, 50, 48, 42, 40, 50, 50, 50, 37, 50, 50, 50, 32, 50, 40, 50, 50, 50, 50, 50, 37, 25, 50, 50, 24, 50, 50, 47, 50, 17, 30, 29, 50, 50, 34, 50, 12, 20, 50, 50, 50, 25, 17, 44, 10, 21, 50, 24, 25, 37, 11, 21, 31, 44, 50, 29, 19, 40, 22, 50, 34, 50, 37, 50, 50, 50, 33, 31, 50, 50, 50, 50, 50, 50, 50, 38]
[0 0 0 0 0 0 0 0 0 0 0 0 0 0 0 0 0 0 0 0 0 0 0 0 0 0 0 0 0 0 0 0 0 0 0 0 0
 0 0 0 0 0 0 0 0 0 0 0 0 0 0 0 0 0 0 0 0 0 0 0 0 0 0 0 0 0 0 0 0 0 0 0 0 0
 0 0 0 0 0 0 0 0 0 0 0 0 0 0 0 0 0 0 0 0 0 0 0 0 0 0]
[1 1 1 1 1 1 1 1 1 1 1 1 1 1 1 1 1 1 1 1 1 1 1 1 1 1 1 1 1 1 1 1 1 1 1 1 1
 1 1 1 1 1 1 1 1 1 1 1 1 1 1 1 1 1 1 1 1 1 1 1 1 1 1 1 1 1 1 1 1 1 1 1 1 1
 1 1 1 1 1 1 1 1 1 1 1 1 1 1 1 1 1 1 1 1 1 1 1 1 1 1]
