[ 0  1  2  3  4  5  6  7  8  9 10 11 12 13 14 15 16 17 18 19 20 21 22 23
 24 25 26 27 28 29 30 31 32 33 34 35 36 37 38 39 40 41 42 43 44 45 46 47
 48 49 50 51 52 53 54 55 56 57 58 59 60 61 62 63 64 65 66 67 68 69 70 71
 72 73 74 75 76 77 78 79 80 81 82 83 84 85 86 87 88 89 90 91 92 93 94 95
 96 97 98 99]
[97 -1 -1 -1 -1 40 -1  3 19 62 86 13 -1 16 -1 -1 20 -1 19 74 67 -1 -1 20
 87 -1 -1 78 -1 13 21 78 40 31 -1 29 85 -1 20 -1 -1 37  7 72 16 -1 16 -1
 -1  2 -1 29 -1 54 -1 -1 88  9 33 64 86 -1 -1 72 87 76 10 -1 13  2 91 57
 25  9 -1 25 99 43 82 97 -1 54 20 53 68 -1 75 -1 46 -1 92 37 73 61 55 81
 98 57 -1 81]
[1 0 1 1 0 0 0 0 1 0 0 1 1 1 1 1 1 0 0 0 1 0 1 1 0 0 0 0 1 1 1 1 0 0 0 1 0
 0 0 1 0 1 1 1 0 0 1 0 1 0 1 1 0 1 0 0 0 1 0 1 0 1 0 1 1 1 1 1 0 1 0 0 1 1
 0 1 1 1 1 1 0 1 1 1 1 1 0 1 0 1 0 0 0 0 0 1 0 0 0 0]
[0 3 0 4 2 0 0 3 0 1 1 0 0 0 3 4 2 1 4 4 0 2 4 0 4 0 4 0 0 0 4 0 2 3 0 3 3
 1 1 0 1 1 0 0 4 3 1 0 0 0 1 1 3 3 0 3 1 3 0 1 1 0 4 1 3 0 3 0 0 0 3 0 0 1
 0 2 0 2 0 0 2 1 4 2 0 0 0 0 0 0 1 2 0 0 2 0 3 4 0 0]
[0 3 0 4 2 0 0 3 0 1 1 0 0 0 3 4 2 1 4 4 0 2 4 0 4 0 4 0 0 0 4 0 2 3 0 3 3
 1 1 0 1 1 0 0 4 3 1 0 0 0 1 1 3 3 0 3 1 3 0 1 1 0 4 1 3 0 3 0 0 0 3 0 0 1
 0 2 0 2 0 0 2 1 4 2 0 0 0 0 0 0 1 2 0 0 2 0 3 4 0 0]
[8 1 5 3 2 2 1 2 1 6 3 3 3 6 8 2 6 9 4 7 7 6 8 9 2 9 6 2 7 5 9 9 8 5 5 7 8
 9 1 1 3 5 5 2 4 9 4 3 9 8 9 8 4 3 3 2 1 1 5 1 2 8 2 1 7 5 4 1 3 7 7 8 1 5
 5 2 4 1 3 3 2 6 8 9 6 1 3 3 5 5 8 6 1 7 7 6 6 7 2 3]
[8 1 5 3 2 2 1 2 1 6 3 3 3 6 8 2 6 9 4 7 7 6 8 9 2 9 6 2 7 5 9 9 8 5 5 7 8
 9 1 1 3 5 5 2 4 9 4 3 9 8 9 8 4 3 3 2 1 1 5 1 2 8 2 1 7 5 4 1 3 7 7 8 1 5
 5 2 4 1 3 3 2 6 8 9 6 1 3 3 5 5 8 6 1 7 7 6 6 7 2 3]
[25, 23, 50, 47, 28, 50, 50, 50, 33, 43, 24, 29, 19, 39, 39, 41, 50, 50, 50, 19, 50, 50, 50, 50, 14, 34, 50, 11, 50, 50, 50, 50, 13, 50, 50, 50, 22, 50, 50, 50, 50, 50, 50, 20, 50, 11, 27, 50, 31, 50, 50, 25, 50, 41, 50, 50, 26, 36, 21, 50, 50, 11, 50, 44, 50, 17, 36, 15, 16, 44, 50, 50, 32, 44, 50, 50, 50, 24, 50, 18, 50, 50, 50, 21, 50, 27, 11, 18, 50, 50, 50, 50, 50, 50, 46, 50, 35, 50, 50, 50]
[0 0 0 0 0 0 0 0 0 0 0 0 0 0 0 0 0 0 0 0 0 0 0 0 0 0 0 0 0 0 0 0 0 0 0 0 0
 0 0 0 0 0 0 0 0 0 0 0 0 0 0 0 0 0 0 0 0 0 0 0 0 0 0 0 0 0 0 0 0 0 0 0 0 0
 0 0 0 0 0 0 0 0 0 0 0 0 0 0 0 0 0 0 0 0 0 0 0 0 0 0]
[1 1 1 1 1 1 1 1 1 1 1 1 1 1 1 1 1 1 1 1 1 1 1 1 1 1 1 1 1 1 1 1 1 1 1 1 1
 1 1 1 1 1 1 1 1 1 1 1 1 1 1 1 1 1 1 1 1 1 1 1 1 1 1 1 1 1 1 1 1 1 1 1 1 1
 1 1 1 1 1 1 1 1 1 1 1 1 1 1 1 1 1 1 1 1 1 1 1 1 1 1]
