[ 0  1  2  3  4  5  6  7  8  9 10 11 12 13 14 15 16 17 18 19 20 21 22 23
 24 25 26 27 28 29 30 31 32 33 34 35 36 37 38 39 40 41 42 43 44 45 46 47
 48 49 50 51 52 53 54 55 56 57 58 59 60 61 62 63 64 65 66 67 68 69 70 71
 72 73 74 75 76 77 78 79 80 81 82 83 84 85 86 87 88 89 90 91 92 93 94 95
 96 97 98 99]
[34 76 -1 75 89 -1 -1 -1 40 37 16 75 46 14 26 59 21 29 79 93 -1 -1 89 53
 26 30 91 43  3 91 61  8 -1 58 26 82 44  1 -1 -1 63 71 45 -1 -1 -1  8 41
 -1 -1 80 -1 -1 -1 -1 11 20 -1  0 45 80 31 64 -1 -1 62 36 39 -1 -1 40 -1
 -1 41 -1 -1 -1 -1 18 76 14 -1 -1 94 10  6 19 19 64 97  6 -1 -1 92 11 41
 17  5 54 13]
[1 0 0 0 1 1 0 1 1 0 1 1 0 0 1 1 1 1 0 1 1 1 1 0 0 0 1 0 0 1 0 0 1 0 1 0 1
 0 1 0 0 1 0 1 0 1 0 0 0 0 1 0 0 1 0 0 1 0 1 1 1 1 1 0 1 0 0 1 0 0 1 0 1 0
 0 1 1 1 1 0 1 0 0 1 1 0 1 1 0 1 0 1 1 0 1 1 0 0 1 0]
[0 0 1 1 0 0 0 0 0 0 4 4 0 0 0 0 2 4 1 0 0 0 3 3 0 4 4 2 3 4 2 0 2 3 3 0 0
 4 1 0 0 0 0 2 0 0 4 0 1 0 0 3 0 4 2 1 1 0 3 0 0 3 0 0 0 1 0 0 0 0 1 0 0 0
 0 0 4 2 0 3 1 0 0 0 0 0 2 4 1 0 2 0 3 0 0 0 2 2 4 0]
[0 0 1 1 0 0 0 0 0 0 4 4 0 0 0 0 2 4 1 0 0 0 3 3 0 4 4 2 3 4 2 0 2 3 3 0 0
 4 1 0 0 0 0 2 0 0 4 0 1 0 0 3 0 4 2 1 1 0 3 0 0 3 0 0 0 1 0 0 0 0 1 0 0 0
 0 0 4 2 0 3 1 0 0 0 0 0 2 4 1 0 2 0 3 0 0 0 2 2 4 0]
[9 8 3 2 2 2 2 3 3 6 8 7 6 3 1 5 4 5 2 3 5 9 8 5 9 2 1 9 1 4 6 4 3 3 7 5 3
 9 8 7 3 7 9 4 2 2 2 7 7 2 6 7 1 6 3 7 3 2 2 7 7 4 9 5 9 9 8 6 4 8 7 1 1 9
 2 1 5 5 6 6 5 5 7 3 2 1 9 9 4 2 1 4 3 4 3 9 6 1 8 2]
[9 8 3 2 2 2 2 3 3 6 8 7 6 3 1 5 4 5 2 3 5 9 8 5 9 2 1 9 1 4 6 4 3 3 7 5 3
 9 8 7 3 7 9 4 2 2 2 7 7 2 6 7 1 6 3 7 3 2 2 7 7 4 9 5 9 9 8 6 4 8 7 1 1 9
 2 1 5 5 6 6 5 5 7 3 2 1 9 9 4 2 1 4 3 4 3 9 6 1 8 2]
[50, 50, 17, 33, 50, 47, 29, 37, 48, 12, 50, 50, 50, 50, 50, 19, 50, 50, 50, 31, 24, 50, 31, 40, 32, 50, 50, 20, 50, 45, 11, 16, 44, 50, 31, 15, 43, 50, 50, 50, 50, 50, 30, 50, 36, 30, 39, 32, 50, 50, 20, 50, 50, 41, 44, 41, 28, 34, 33, 50, 13, 50, 50, 12, 50, 50, 19, 50, 50, 19, 32, 37, 48, 50, 27, 50, 20, 50, 50, 41, 36, 50, 50, 50, 50, 50, 32, 29, 25, 50, 50, 38, 50, 50, 38, 45, 28, 28, 50, 50]
[0 0 0 0 0 0 0 0 0 0 0 0 0 0 0 0 0 0 0 0 0 0 0 0 0 0 0 0 0 0 0 0 0 0 0 0 0
 0 0 0 0 0 0 0 0 0 0 0 0 0 0 0 0 0 0 0 0 0 0 0 0 0 0 0 0 0 0 0 0 0 0 0 0 0
 0 0 0 0 0 0 0 0 0 0 0 0 0 0 0 0 0 0 0 0 0 0 0 0 0 0]
[1 1 1 1 1 1 1 1 1 1 1 1 1 1 1 1 1 1 1 1 1 1 1 1 1 1 1 1 1 1 1 1 1 1 1 1 1
 1 1 1 1 1 1 1 1 1 1 1 1 1 1 1 1 1 1 1 1 1 1 1 1 1 1 1 1 1 1 1 1 1 1 1 1 1
 1 1 1 1 1 1 1 1 1 1 1 1 1 1 1 1 1 1 1 1 1 1 1 1 1 1]
