[ 0  1  2  3  4  5  6  7  8  9 10 11 12 13 14 15 16 17 18 19 20 21 22 23
 24 25 26 27 28 29 30 31 32 33 34 35 36 37 38 39 40 41 42 43 44 45 46 47
 48 49 50 51 52 53 54 55 56 57 58 59 60 61 62 63 64 65 66 67 68 69 70 71
 72 73 74 75 76 77 78 79 80 81 82 83 84 85 86 87 88 89 90 91 92 93 94 95
 96 97 98 99]
[58 59 -1 97 -1 -1 -1 -1 95 10 -1 49 83 67 76 98 91 36 66 98 49 -1 57 46
 73 76 34 62 56  3 50 -1 -1  4 -1 93 97  6 -1 60 44 -1 20 -1 78 99 11  3
 59 99 -1 -1 75 96 28 -1 42 -1 76 -1 75 69 -1 82 56 91 40 48 -1 67  9 74
 49 28 91 -1 -1 62 75 36 72 -1 16 31 43 56 78 -1 10 94 -1 94 30 -1 -1 17
 14 44 -1 88]
[1 0 0 0 1 0 1 1 0 0 1 0 1 1 0 1 1 1 1 1 0 1 0 0 1 1 1 1 0 0 1 1 0 1 1 1 1
 1 0 1 0 0 0 0 1 1 1 0 0 0 1 0 1 1 0 0 0 1 1 1 0 0 1 0 0 1 1 0 1 1 1 1 0 0
 1 0 0 1 0 0 0 1 0 1 1 0 1 1 1 1 0 1 1 1 0 0 1 0 0 0]
[0 0 0 0 0 3 0 2 0 0 0 4 4 3 0 3 0 4 1 0 4 0 0 2 4 3 0 0 1 0 1 0 3 0 4 0 0
 4 0 3 1 0 1 0 3 0 4 3 0 3 3 3 3 2 0 3 0 0 2 4 0 0 1 0 0 3 0 0 0 2 1 0 3 3
 3 0 0 0 0 3 0 2 0 3 0 4 0 2 0 0 4 3 0 1 0 4 0 0 0 2]
[0 0 0 0 0 3 0 2 0 0 0 4 4 3 0 3 0 4 1 0 4 0 0 2 4 3 0 0 1 0 1 0 3 0 4 0 0
 4 0 3 1 0 1 0 3 0 4 3 0 3 3 3 3 2 0 3 0 0 2 4 0 0 1 0 0 3 0 0 0 2 1 0 3 3
 3 0 0 0 0 3 0 2 0 3 0 4 0 2 0 0 4 3 0 1 0 4 0 0 0 2]
[4 9 9 8 3 5 7 5 4 7 4 5 6 5 5 5 6 2 9 6 6 1 1 9 1 2 3 3 6 6 3 3 2 5 2 4 9
 7 2 3 3 9 8 5 7 7 4 1 1 9 7 2 5 7 6 7 6 5 1 6 9 8 1 5 9 8 4 4 2 2 4 1 2 8
 4 5 5 2 9 2 5 2 3 6 6 9 1 3 4 1 6 7 5 4 1 7 9 9 3 8]
[4 9 9 8 3 5 7 5 4 7 4 5 6 5 5 5 6 2 9 6 6 1 1 9 1 2 3 3 6 6 3 3 2 5 2 4 9
 7 2 3 3 9 8 5 7 7 4 1 1 9 7 2 5 7 6 7 6 5 1 6 9 8 1 5 9 8 4 4 2 2 4 1 2 8
 4 5 5 2 9 2 5 2 3 6 6 9 1 3 4 1 6 7 5 4 1 7 9 9 3 8]
[50, 28, 50, 43, 50, 29, 30, 24, 46, 14, 50, 15, 33, 50, 50, 36, 15, 21, 50, 22, 50, 50, 50, 29, 28, 50, 50, 50, 50, 50, 42, 44, 50, 50, 50, 50, 50, 14, 50, 50, 50, 50, 50, 33, 50, 50, 41, 16, 39, 50, 26, 33, 48, 50, 15, 50, 50, 50, 28, 38, 18, 50, 25, 15, 38, 15, 50, 50, 40, 50, 50, 50, 18, 18, 19, 50, 14, 50, 44, 40, 50, 50, 50, 50, 50, 50, 50, 50, 50, 23, 13, 20, 42, 50, 50, 50, 46, 36, 50, 36]
[0 0 0 0 0 0 0 0 0 0 0 0 0 0 0 0 0 0 0 0 0 0 0 0 0 0 0 0 0 0 0 0 0 0 0 0 0
 0 0 0 0 0 0 0 0 0 0 0 0 0 0 0 0 0 0 0 0 0 0 0 0 0 0 0 0 0 0 0 0 0 0 0 0 0
 0 0 0 0 0 0 0 0 0 0 0 0 0 0 0 0 0 0 0 0 0 0 0 0 0 0]
[1 1 1 1 1 1 1 1 1 1 1 1 1 1 1 1 1 1 1 1 1 1 1 1 1 1 1 1 1 1 1 1 1 1 1 1 1
 1 1 1 1 1 1 1 1 1 1 1 1 1 1 1 1 1 1 1 1 1 1 1 1 1 1 1 1 1 1 1 1 1 1 1 1 1
 1 1 1 1 1 1 1 1 1 1 1 1 1 1 1 1 1 1 1 1 1 1 1 1 1 1]
