[ 0  1  2  3  4  5  6  7  8  9 10 11 12 13 14 15 16 17 18 19 20 21 22 23
 24 25 26 27 28 29 30 31 32 33 34 35 36 37 38 39 40 41 42 43 44 45 46 47
 48 49 50 51 52 53 54 55 56 57 58 59 60 61 62 63 64 65 66 67 68 69 70 71
 72 73 74 75 76 77 78 79 80 81 82 83 84 85 86 87 88 89 90 91 92 93 94 95
 96 97 98 99]
[12  3 -1 -1 29 86 -1 71 62 22 -1 69 31 72 -1 70 -1 16 66 -1 18 93 86 35
 12 -1 -1 -1 -1 64  3 48 -1 -1 80 -1 -1 -1 84 30  9 24  6 76 -1 54 94 -1
 22 63 30 -1 -1 31 -1 64 58 80 91 63 78 16 -1 68 93 56 80 83 -1 20  0 44
 -1 16 16 -1 -1 50 96 71 -1 -1 81 42 -1 -1 37 69 -1 -1 -1 68 47 90 71 44
 91 44 92 13]
[1 0 0 0 0 0 1 0 0 0 1 1 1 1 0 1 1 0 0 0 0 1 1 1 1 0 0 0 0 0 1 1 1 0 0 0 1
 1 1 0 1 1 1 1 1 0 0 0 1 1 0 0 1 1 0 1 0 1 1 1 0 1 1 0 0 1 0 0 1 1 1 1 0 1
 1 0 1 0 0 1 0 0 1 1 1 1 0 0 0 1 1 0 0 1 1 0 1 1 0 1]
[0 0 0 0 0 1 3 0 0 2 3 0 2 4 0 0 0 0 0 4 2 1 4 0 0 2 0 1 3 0 3 4 4 0 0 1 4
 1 0 3 0 0 2 0 1 2 0 4 2 0 0 1 0 1 0 0 0 0 0 0 0 0 0 3 1 0 1 0 3 4 0 1 0 1
 2 0 0 2 1 0 2 4 0 1 0 2 0 0 3 4 0 4 0 4 3 0 0 2 1 0]
[0 0 0 0 0 1 3 0 0 2 3 0 2 4 0 0 0 0 0 4 2 1 4 0 0 2 0 1 3 0 3 4 4 0 0 1 4
 1 0 3 0 0 2 0 1 2 0 4 2 0 0 1 0 1 0 0 0 0 0 0 0 0 0 3 1 0 1 0 3 4 0 1 0 1
 2 0 0 2 1 0 2 4 0 1 0 2 0 0 3 4 0 4 0 4 3 0 0 2 1 0]
[5 7 6 4 2 4 8 3 7 6 7 3 4 2 8 4 5 7 2 3 6 6 9 1 1 5 4 9 6 7 8 3 5 4 7 6 1
 4 4 8 9 3 8 3 3 2 4 7 6 6 1 8 9 7 7 5 4 5 3 4 4 2 4 4 6 6 8 4 3 1 9 1 8 4
 6 2 3 4 3 6 8 4 5 2 3 2 3 9 7 4 6 9 1 3 5 2 1 2 1 2]
[5 7 6 4 2 4 8 3 7 6 7 3 4 2 8 4 5 7 2 3 6 6 9 1 1 5 4 9 6 7 8 3 5 4 7 6 1
 4 4 8 9 3 8 3 3 2 4 7 6 6 1 8 9 7 7 5 4 5 3 4 4 2 4 4 6 6 8 4 3 1 9 1 8 4
 6 2 3 4 3 6 8 4 5 2 3 2 3 9 7 4 6 9 1 3 5 2 1 2 1 2]
[50, 25, 47, 50, 40, 50, 50, 21, 20, 31, 50, 50, 50, 24, 50, 23, 50, 35, 50, 50, 48, 47, 50, 11, 50, 12, 50, 50, 50, 38, 27, 37, 18, 16, 17, 39, 12, 44, 40, 50, 50, 50, 21, 50, 50, 50, 50, 50, 50, 50, 50, 16, 25, 46, 40, 34, 50, 50, 50, 50, 48, 50, 50, 30, 23, 50, 18, 38, 50, 50, 30, 11, 46, 24, 36, 11, 50, 47, 38, 50, 16, 32, 50, 50, 18, 50, 50, 50, 50, 50, 50, 14, 50, 50, 45, 43, 40, 50, 50, 38]
[0 0 0 0 0 0 0 0 0 0 0 0 0 0 0 0 0 0 0 0 0 0 0 0 0 0 0 0 0 0 0 0 0 0 0 0 0
 0 0 0 0 0 0 0 0 0 0 0 0 0 0 0 0 0 0 0 0 0 0 0 0 0 0 0 0 0 0 0 0 0 0 0 0 0
 0 0 0 0 0 0 0 0 0 0 0 0 0 0 0 0 0 0 0 0 0 0 0 0 0 0]
[1 1 1 1 1 1 1 1 1 1 1 1 1 1 1 1 1 1 1 1 1 1 1 1 1 1 1 1 1 1 1 1 1 1 1 1 1
 1 1 1 1 1 1 1 1 1 1 1 1 1 1 1 1 1 1 1 1 1 1 1 1 1 1 1 1 1 1 1 1 1 1 1 1 1
 1 1 1 1 1 1 1 1 1 1 1 1 1 1 1 1 1 1 1 1 1 1 1 1 1 1]
