[ 0  1  2  3  4  5  6  7  8  9 10 11 12 13 14 15 16 17 18 19 20 21 22 23
 24 25 26 27 28 29 30 31 32 33 34 35 36 37 38 39 40 41 42 43 44 45 46 47
 48 49 50 51 52 53 54 55 56 57 58 59 60 61 62 63 64 65 66 67 68 69 70 71
 72 73 74 75 76 77 78 79 80 81 82 83 84 85 86 87 88 89 90 91 92 93 94 95
 96 97 98 99]
[-1 73  7 78 -1 -1 -1 27 -1  7 54 84 -1 29 79 -1 80 -1 -1 48 93 45 -1  1
 -1 10 42  3 -1  1 -1 -1  0 75  3 23 52 -1  2 -1  0 -1 71 20 81 24 90  1
 24 -1 53 54 -1 67 93 13 -1 82 40 -1 20 -1 40 24 -1 97 62 94 67 18 -1 -1
 61 46 96 52 74 -1 79 82 -1 58 22 14 52 -1  4 -1 40 -1 -1 25  0 84 -1 -1
 -1 30 79 32]
[1 0 1 0 0 1 0 1 0 1 0 1 1 1 0 1 0 1 1 1 0 1 1 1 1 1 1 1 1 1 0 0 0 1 1 0 1
 0 0 0 1 0 1 1 1 1 0 1 0 1 1 0 1 0 0 1 1 1 1 1 0 1 0 1 1 0 0 1 1 1 1 0 0 0
 1 1 0 1 1 0 0 0 1 1 1 0 1 1 0 0 1 1 1 1 0 0 0 0 1 0]
[1 0 3 1 3 0 4 0 0 3 1 0 2 0 0 2 2 3 3 2 0 4 0 4 3 0 0 0 4 3 1 1 3 0 0 0 0
 2 3 0 4 0 0 4 0 4 0 0 1 2 0 0 0 0 1 0 0 0 0 4 4 1 0 0 0 0 1 3 2 0 3 3 0 3
 1 4 1 0 2 0 0 0 4 3 0 0 0 3 0 0 0 2 3 1 3 0 4 2 4 0]
[1 0 3 1 3 0 4 0 0 3 1 0 2 0 0 2 2 3 3 2 0 4 0 4 3 0 0 0 4 3 1 1 3 0 0 0 0
 2 3 0 4 0 0 4 0 4 0 0 1 2 0 0 0 0 1 0 0 0 0 4 4 1 0 0 0 0 1 3 2 0 3 3 0 3
 1 4 1 0 2 0 0 0 4 3 0 0 0 3 0 0 0 2 3 1 3 0 4 2 4 0]
[8 2 9 4 8 3 3 6 3 6 8 4 1 6 1 1 1 9 9 4 3 7 5 4 4 5 6 7 1 3 2 3 3 8 2 3 5
 9 2 7 7 7 8 5 8 6 8 6 8 4 2 4 1 6 5 3 2 7 8 2 3 6 1 7 4 9 8 4 5 7 2 9 5 6
 6 4 3 3 3 8 5 7 1 7 4 5 1 2 2 1 9 5 5 3 3 3 7 7 2 3]
[8 2 9 4 8 3 3 6 3 6 8 4 1 6 1 1 1 9 9 4 3 7 5 4 4 5 6 7 1 3 2 3 3 8 2 3 5
 9 2 7 7 7 8 5 8 6 8 6 8 4 2 4 1 6 5 3 2 7 8 2 3 6 1 7 4 9 8 4 5 7 2 9 5 6
 6 4 3 3 3 8 5 7 1 7 4 5 1 2 2 1 9 5 5 3 3 3 7 7 2 3]
[50, 38, 50, 50, 50, 48, 48, 50, 50, 50, 11, 47, 22, 50, 50, 40, 22, 25, 10, 50, 50, 47, 14, 50, 50, 50, 26, 50, 11, 32, 15, 50, 50, 50, 33, 39, 17, 50, 50, 50, 50, 49, 45, 50, 49, 50, 50, 31, 50, 27, 50, 41, 50, 37, 50, 14, 50, 49, 40, 38, 50, 31, 40, 50, 31, 50, 50, 50, 25, 16, 50, 50, 30, 50, 17, 20, 50, 50, 42, 50, 34, 50, 50, 20, 50, 50, 29, 26, 12, 50, 50, 15, 27, 31, 50, 50, 14, 50, 25, 50]
[0 0 0 0 0 0 0 0 0 0 0 0 0 0 0 0 0 0 0 0 0 0 0 0 0 0 0 0 0 0 0 0 0 0 0 0 0
 0 0 0 0 0 0 0 0 0 0 0 0 0 0 0 0 0 0 0 0 0 0 0 0 0 0 0 0 0 0 0 0 0 0 0 0 0
 0 0 0 0 0 0 0 0 0 0 0 0 0 0 0 0 0 0 0 0 0 0 0 0 0 0]
[1 1 1 1 1 1 1 1 1 1 1 1 1 1 1 1 1 1 1 1 1 1 1 1 1 1 1 1 1 1 1 1 1 1 1 1 1
 1 1 1 1 1 1 1 1 1 1 1 1 1 1 1 1 1 1 1 1 1 1 1 1 1 1 1 1 1 1 1 1 1 1 1 1 1
 1 1 1 1 1 1 1 1 1 1 1 1 1 1 1 1 1 1 1 1 1 1 1 1 1 1]
