[ 0  1  2  3  4  5  6  7  8  9 10 11 12 13 14 15 16 17 18 19 20 21 22 23
 24 25 26 27 28 29 30 31 32 33 34 35 36 37 38 39 40 41 42 43 44 45 46 47
 48 49 50 51 52 53 54 55 56 57 58 59 60 61 62 63 64 65 66 67 68 69 70 71
 72 73 74 75 76 77 78 79 80 81 82 83 84 85 86 87 88 89 90 91 92 93 94 95
 96 97 98 99]
[-1 -1 97 45  6 96 22 55 10 69 80 -1 84 -1 47 76 30 86 69 51 80 68 89 -1
 18 49 49 46 -1 18 35 36 14 67 -1 -1 56 -1 16 22 -1 24 80 -1  0 21 -1 67
 -1 92  2  0 47 -1 -1 49 34 84 87 91 16 19 64 30 25 67 -1 53 60 93 22 -1
 59 62 76 -1 16 62 -1 84 40 -1 11 58 -1 51 58 -1 -1 52 27 40 85 -1 -1 43
 -1 84 -1 -1]
[1 0 0 0 1 1 1 0 0 0 1 1 0 0 0 0 1 1 1 1 0 1 0 0 1 1 0 0 0 1 0 0 0 0 1 0 0
 0 1 1 0 1 0 1 0 1 1 1 0 1 1 1 0 0 0 0 1 1 1 0 0 0 1 0 0 0 1 1 1 1 0 0 0 0
 0 0 1 0 1 0 0 0 0 1 0 1 0 1 1 0 1 1 1 1 1 1 1 1 0 1]
[3 2 3 0 0 0 0 0 1 1 0 2 0 1 2 0 0 0 0 2 0 0 0 0 0 3 0 0 1 0 0 0 1 4 4 0 0
 0 0 1 0 1 3 0 1 0 0 0 0 1 0 0 4 0 2 1 0 1 0 3 2 3 3 0 4 4 1 0 4 0 0 0 0 2
 0 1 1 0 0 0 4 0 3 0 0 3 2 2 0 3 3 0 1 0 0 0 0 0 4 2]
[3 2 3 0 0 0 0 0 1 1 0 2 0 1 2 0 0 0 0 2 0 0 0 0 0 3 0 0 1 0 0 0 1 4 4 0 0
 0 0 1 0 1 3 0 1 0 0 0 0 1 0 0 4 0 2 1 0 1 0 3 2 3 3 0 4 4 1 0 4 0 0 0 0 2
 0 1 1 0 0 0 4 0 3 0 0 3 2 2 0 3 3 0 1 0 0 0 0 0 4 2]
[2 9 6 9 7 2 7 1 4 5 5 6 7 4 4 7 3 3 3 5 6 3 7 2 4 6 7 5 4 5 7 3 3 9 7 1 7
 9 8 1 9 4 2 9 8 2 3 1 4 5 5 7 9 1 4 8 8 1 5 2 6 7 1 7 9 3 9 4 9 7 5 2 6 1
 2 2 2 4 8 4 7 1 3 1 2 1 7 1 8 9 9 9 8 8 5 4 9 5 7 7]
[2 9 6 9 7 2 7 1 4 5 5 6 7 4 4 7 3 3 3 5 6 3 7 2 4 6 7 5 4 5 7 3 3 9 7 1 7
 9 8 1 9 4 2 9 8 2 3 1 4 5 5 7 9 1 4 8 8 1 5 2 6 7 1 7 9 3 9 4 9 7 5 2 6 1
 2 2 2 4 8 4 7 1 3 1 2 1 7 1 8 9 9 9 8 8 5 4 9 5 7 7]
[50, 37, 50, 50, 50, 37, 17, 41, 50, 25, 47, 27, 50, 50, 50, 50, 25, 16, 50, 45, 13, 41, 50, 50, 50, 50, 39, 15, 43, 50, 43, 50, 15, 50, 50, 50, 50, 50, 50, 50, 12, 50, 50, 50, 40, 12, 20, 50, 50, 31, 10, 37, 43, 50, 50, 50, 18, 50, 24, 26, 50, 23, 50, 50, 28, 50, 50, 16, 30, 16, 45, 50, 50, 50, 41, 50, 31, 12, 50, 20, 36, 50, 31, 11, 50, 10, 50, 34, 33, 50, 35, 50, 50, 50, 50, 50, 50, 49, 50, 50]
[0 0 0 0 0 0 0 0 0 0 0 0 0 0 0 0 0 0 0 0 0 0 0 0 0 0 0 0 0 0 0 0 0 0 0 0 0
 0 0 0 0 0 0 0 0 0 0 0 0 0 0 0 0 0 0 0 0 0 0 0 0 0 0 0 0 0 0 0 0 0 0 0 0 0
 0 0 0 0 0 0 0 0 0 0 0 0 0 0 0 0 0 0 0 0 0 0 0 0 0 0]
[1 1 1 1 1 1 1 1 1 1 1 1 1 1 1 1 1 1 1 1 1 1 1 1 1 1 1 1 1 1 1 1 1 1 1 1 1
 1 1 1 1 1 1 1 1 1 1 1 1 1 1 1 1 1 1 1 1 1 1 1 1 1 1 1 1 1 1 1 1 1 1 1 1 1
 1 1 1 1 1 1 1 1 1 1 1 1 1 1 1 1 1 1 1 1 1 1 1 1 1 1]
