[ 0  1  2  3  4  5  6  7  8  9 10 11 12 13 14 15 16 17 18 19 20 21 22 23
 24 25 26 27 28 29 30 31 32 33 34 35 36 37 38 39 40 41 42 43 44 45 46 47
 48 49 50 51 52 53 54 55 56 57 58 59 60 61 62 63 64 65 66 67 68 69 70 71
 72 73 74 75 76 77 78 79 80 81 82 83 84 85 86 87 88 89 90 91 92 93 94 95
 96 97 98 99]
[-1 99 -1 21 -1 -1 51 51 65 30 86 53 -1 -1 53 98 -1 58 22 77 62  6 -1 -1
 15 16 46 -1 -1 -1 -1 -1  3 70  5 51 76 -1 35 50 72 82 26 -1 -1 27 89 93
 -1 -1 -1 19 86 -1 85 19 33 -1  8 -1 59 80 -1 -1 59 88 -1 -1 36 37 43 -1
 59 34 81 -1 -1 13 87 -1 -1 33 -1 85 52 45 -1 -1 38 -1  4 -1 28  3 37 -1
 -1 -1 -1 80]
[0 1 1 0 1 0 0 1 0 1 1 0 0 1 1 0 1 1 1 0 1 0 1 1 1 1 0 1 1 1 0 0 0 1 1 0 0
 1 0 1 1 1 1 1 0 1 0 1 1 1 0 0 1 0 0 1 0 1 0 0 1 0 0 1 0 0 1 0 0 0 0 1 0 0
 1 1 1 1 1 1 1 1 1 0 1 1 0 0 1 0 1 1 1 1 0 0 1 0 0 1]
[0 4 0 0 0 0 0 0 0 4 0 0 4 0 0 1 4 0 2 0 0 0 0 0 3 0 4 0 4 0 3 3 0 1 0 4 1
 4 3 3 0 3 0 4 0 1 2 0 0 3 3 0 2 0 0 4 2 0 1 2 3 2 2 0 4 3 1 1 1 0 0 0 4 2
 4 4 0 0 3 3 1 0 0 1 4 1 0 4 4 0 0 0 3 2 2 2 3 1 1 0]
[0 4 0 0 0 0 0 0 0 4 0 0 4 0 0 1 4 0 2 0 0 0 0 0 3 0 4 0 4 0 3 3 0 1 0 4 1
 4 3 3 0 3 0 4 0 1 2 0 0 3 3 0 2 0 0 4 2 0 1 2 3 2 2 0 4 3 1 1 1 0 0 0 4 2
 4 4 0 0 3 3 1 0 0 1 4 1 0 4 4 0 0 0 3 2 2 2 3 1 1 0]
[2 2 8 3 2 5 4 5 7 7 3 6 2 3 5 6 1 5 4 1 8 2 9 7 2 5 9 6 6 1 2 1 4 5 2 7 1
 1 6 5 6 9 9 1 4 6 6 9 2 2 5 2 9 7 4 2 1 6 7 9 4 4 8 7 5 9 2 3 1 9 4 4 6 5
 9 2 1 6 5 5 4 7 8 9 7 7 7 2 3 7 1 6 9 5 3 6 4 8 3 8]
[2 2 8 3 2 5 4 5 7 7 3 6 2 3 5 6 1 5 4 1 8 2 9 7 2 5 9 6 6 1 2 1 4 5 2 7 1
 1 6 5 6 9 9 1 4 6 6 9 2 2 5 2 9 7 4 2 1 6 7 9 4 4 8 7 5 9 2 3 1 9 4 4 6 5
 9 2 1 6 5 5 4 7 8 9 7 7 7 2 3 7 1 6 9 5 3 6 4 8 3 8]
[50, 43, 49, 32, 50, 50, 50, 32, 50, 26, 50, 44, 50, 50, 50, 50, 50, 50, 22, 50, 18, 33, 10, 21, 50, 36, 50, 39, 28, 50, 50, 50, 42, 43, 48, 50, 50, 50, 50, 50, 50, 36, 26, 34, 20, 41, 50, 50, 25, 50, 50, 34, 16, 50, 38, 50, 10, 47, 36, 50, 47, 50, 50, 21, 35, 32, 21, 12, 50, 50, 34, 50, 37, 47, 16, 50, 13, 50, 24, 12, 50, 50, 50, 50, 32, 50, 11, 28, 50, 49, 12, 44, 50, 50, 40, 50, 47, 43, 14, 50]
[0 0 0 0 0 0 0 0 0 0 0 0 0 0 0 0 0 0 0 0 0 0 0 0 0 0 0 0 0 0 0 0 0 0 0 0 0
 0 0 0 0 0 0 0 0 0 0 0 0 0 0 0 0 0 0 0 0 0 0 0 0 0 0 0 0 0 0 0 0 0 0 0 0 0
 0 0 0 0 0 0 0 0 0 0 0 0 0 0 0 0 0 0 0 0 0 0 0 0 0 0]
[1 1 1 1 1 1 1 1 1 1 1 1 1 1 1 1 1 1 1 1 1 1 1 1 1 1 1 1 1 1 1 1 1 1 1 1 1
 1 1 1 1 1 1 1 1 1 1 1 1 1 1 1 1 1 1 1 1 1 1 1 1 1 1 1 1 1 1 1 1 1 1 1 1 1
 1 1 1 1 1 1 1 1 1 1 1 1 1 1 1 1 1 1 1 1 1 1 1 1 1 1]
