[ 0  1  2  3  4  5  6  7  8  9 10 11 12 13 14 15 16 17 18 19 20 21 22 23
 24 25 26 27 28 29 30 31 32 33 34 35 36 37 38 39 40 41 42 43 44 45 46 47
 48 49 50 51 52 53 54 55 56 57 58 59 60 61 62 63 64 65 66 67 68 69 70 71
 72 73 74 75 76 77 78 79 80 81 82 83 84 85 86 87 88 89 90 91 92 93 94 95
 96 97 98 99]
[-1 93 87 81 76 47 61 40 -1 92 19 -1 42 36 -1 29 -1 -1 -1 46 -1 -1  1 -1
 -1 -1 56 90 41 36 -1 51 28 40 37 -1 -1 -1 90 56 -1 78 -1 -1 -1 37 -1 -1
 -1 -1 -1 -1 -1 88 38 -1 24 -1 -1 31 77  5 64 10 91 -1 80 11 12 -1  1 25
 -1 99 37 39 67 85 -1 -1 19 -1 15  9 -1 -1 51 -1 63 65 -1 21 47 -1 42 -1
 -1 46 -1 42]
[1 1 0 1 0 1 1 1 1 0 1 1 1 0 0 0 1 1 0 0 0 0 0 0 1 1 0 0 1 1 0 0 0 0 1 1 0
 0 1 0 0 0 1 1 0 0 0 0 0 1 0 1 1 0 0 0 1 0 0 1 0 1 0 0 0 0 1 1 1 0 0 0 0 1
 1 0 1 0 0 0 1 0 0 0 0 1 1 0 1 0 1 0 0 1 1 1 0 0 0 0]
[0 1 0 0 0 0 3 0 1 4 1 0 0 4 2 3 0 2 0 0 0 0 0 1 2 4 2 0 0 0 1 4 3 0 2 0 0
 0 0 0 1 0 0 0 4 0 1 0 4 0 0 1 0 4 1 0 0 4 0 2 0 0 2 0 0 1 1 2 0 4 2 0 0 0
 0 0 2 1 0 0 0 0 1 2 2 0 0 0 2 3 4 0 2 0 2 0 0 4 0 0]
[0 1 0 0 0 0 3 0 1 4 1 0 0 4 2 3 0 2 0 0 0 0 0 1 2 4 2 0 0 0 1 4 3 0 2 0 0
 0 0 0 1 0 0 0 4 0 1 0 4 0 0 1 0 4 1 0 0 4 0 2 0 0 2 0 0 1 1 2 0 4 2 0 0 0
 0 0 2 1 0 0 0 0 1 2 2 0 0 0 2 3 4 0 2 0 2 0 0 4 0 0]
[8 6 4 7 5 8 3 2 9 8 1 5 6 2 1 3 1 9 9 4 8 3 7 6 7 6 8 1 5 1 1 5 9 8 8 6 3
 9 7 8 5 8 2 4 2 2 5 8 7 5 8 5 9 4 7 2 9 2 3 4 1 8 4 5 2 5 3 1 3 9 8 6 9 4
 7 3 4 4 3 4 9 4 6 1 7 7 1 2 1 8 6 5 6 2 6 5 9 9 4 2]
[8 6 4 7 5 8 3 2 9 8 1 5 6 2 1 3 1 9 9 4 8 3 7 6 7 6 8 1 5 1 1 5 9 8 8 6 3
 9 7 8 5 8 2 4 2 2 5 8 7 5 8 5 9 4 7 2 9 2 3 4 1 8 4 5 2 5 3 1 3 9 8 6 9 4
 7 3 4 4 3 4 9 4 6 1 7 7 1 2 1 8 6 5 6 2 6 5 9 9 4 2]
[50, 50, 50, 39, 50, 15, 50, 48, 50, 15, 50, 14, 15, 50, 33, 50, 43, 41, 50, 50, 50, 14, 50, 43, 23, 15, 49, 50, 21, 50, 17, 50, 50, 50, 24, 28, 40, 50, 50, 50, 20, 50, 23, 30, 50, 50, 30, 50, 35, 50, 50, 45, 50, 50, 18, 37, 50, 50, 18, 50, 10, 43, 50, 31, 50, 18, 50, 50, 50, 25, 50, 50, 30, 50, 29, 15, 50, 50, 50, 50, 36, 33, 50, 22, 50, 29, 50, 50, 50, 50, 50, 50, 32, 50, 27, 46, 19, 50, 23, 39]
[0 0 0 0 0 0 0 0 0 0 0 0 0 0 0 0 0 0 0 0 0 0 0 0 0 0 0 0 0 0 0 0 0 0 0 0 0
 0 0 0 0 0 0 0 0 0 0 0 0 0 0 0 0 0 0 0 0 0 0 0 0 0 0 0 0 0 0 0 0 0 0 0 0 0
 0 0 0 0 0 0 0 0 0 0 0 0 0 0 0 0 0 0 0 0 0 0 0 0 0 0]
[1 1 1 1 1 1 1 1 1 1 1 1 1 1 1 1 1 1 1 1 1 1 1 1 1 1 1 1 1 1 1 1 1 1 1 1 1
 1 1 1 1 1 1 1 1 1 1 1 1 1 1 1 1 1 1 1 1 1 1 1 1 1 1 1 1 1 1 1 1 1 1 1 1 1
 1 1 1 1 1 1 1 1 1 1 1 1 1 1 1 1 1 1 1 1 1 1 1 1 1 1]
