[ 0  1  2  3  4  5  6  7  8  9 10 11 12 13 14 15 16 17 18 19 20 21 22 23
 24 25 26 27 28 29 30 31 32 33 34 35 36 37 38 39 40 41 42 43 44 45 46 47
 48 49 50 51 52 53 54 55 56 57 58 59 60 61 62 63 64 65 66 67 68 69 70 71
 72 73 74 75 76 77 78 79 80 81 82 83 84 85 86 87 88 89 90 91 92 93 94 95
 96 97 98 99]
[64  3 -1 51 -1 -1 -1 95 69 34 78 -1 64 54 -1  0 34 86 -1 61 60 22 24 70
 -1 68 60 -1 77 -1 36 52  4 62 45 17 -1 -1 -1 -1 37 -1 58 91 70 -1 32 61
 19 81 30 -1 15 95 32 -1 43 -1 48 79 74 29 69 -1 41 29 99 -1 41 51 -1 52
 47  7 99 -1 79 -1 33 71 -1 -1 30 -1 67 87 26 65 75 86  8 -1 12 60 -1 50
 62  2 -1 28]
[0 0 1 0 0 1 1 1 0 1 1 0 0 1 0 1 0 1 1 0 0 0 1 0 0 0 1 0 0 0 1 1 0 1 0 1 1
 0 1 1 1 1 0 0 0 0 0 1 0 1 1 0 0 1 0 0 1 1 0 0 1 1 0 0 1 0 1 1 1 1 0 1 0 1
 1 0 1 1 1 0 0 0 0 0 1 1 0 0 0 1 0 0 1 0 1 1 1 0 0 0]
[0 0 0 0 2 1 1 0 3 0 0 2 1 3 1 0 4 4 4 0 0 0 2 0 0 4 2 0 3 0 0 2 0 1 0 0 0
 0 0 0 0 0 0 0 0 2 0 4 2 3 2 3 0 0 2 0 3 1 0 0 1 0 2 3 0 2 4 0 0 3 4 2 2 0
 3 4 4 0 0 0 2 3 0 0 0 1 0 0 3 4 4 4 0 3 0 0 0 0 2 4]
[0 0 0 0 2 1 1 0 3 0 0 2 1 3 1 0 4 4 4 0 0 0 2 0 0 4 2 0 3 0 0 2 0 1 0 0 0
 0 0 0 0 0 0 0 0 2 0 4 2 3 2 3 0 0 2 0 3 1 0 0 1 0 2 3 0 2 4 0 0 3 4 2 2 0
 3 4 4 0 0 0 2 3 0 0 0 1 0 0 3 4 4 4 0 3 0 0 0 0 2 4]
[4 8 7 1 2 5 9 2 3 9 2 8 5 8 2 4 5 8 3 7 1 6 9 5 5 2 2 2 4 9 7 7 1 1 9 8 3
 9 4 7 4 5 1 4 3 3 3 2 2 8 6 1 6 7 3 3 5 9 4 1 6 4 5 5 6 4 4 8 4 5 5 5 7 6
 2 3 6 7 6 8 1 8 7 6 4 2 1 6 7 3 4 7 3 8 9 6 9 8 9 2]
[4 8 7 1 2 5 9 2 3 9 2 8 5 8 2 4 5 8 3 7 1 6 9 5 5 2 2 2 4 9 7 7 1 1 9 8 3
 9 4 7 4 5 1 4 3 3 3 2 2 8 6 1 6 7 3 3 5 9 4 1 6 4 5 5 6 4 4 8 4 5 5 5 7 6
 2 3 6 7 6 8 1 8 7 6 4 2 1 6 7 3 4 7 3 8 9 6 9 8 9 2]
[50, 50, 12, 48, 50, 50, 20, 50, 42, 50, 50, 46, 50, 21, 50, 50, 50, 33, 43, 50, 50, 15, 41, 12, 50, 50, 50, 19, 42, 50, 18, 16, 19, 50, 25, 50, 50, 50, 22, 50, 39, 12, 34, 50, 36, 50, 50, 17, 11, 36, 50, 50, 38, 27, 50, 43, 37, 48, 50, 32, 46, 50, 50, 50, 45, 25, 45, 50, 41, 50, 16, 47, 45, 38, 11, 36, 50, 50, 50, 11, 50, 34, 50, 50, 50, 50, 50, 50, 50, 50, 50, 32, 40, 31, 12, 50, 11, 50, 30, 50]
[0 0 0 0 0 0 0 0 0 0 0 0 0 0 0 0 0 0 0 0 0 0 0 0 0 0 0 0 0 0 0 0 0 0 0 0 0
 0 0 0 0 0 0 0 0 0 0 0 0 0 0 0 0 0 0 0 0 0 0 0 0 0 0 0 0 0 0 0 0 0 0 0 0 0
 0 0 0 0 0 0 0 0 0 0 0 0 0 0 0 0 0 0 0 0 0 0 0 0 0 0]
[1 1 1 1 1 1 1 1 1 1 1 1 1 1 1 1 1 1 1 1 1 1 1 1 1 1 1 1 1 1 1 1 1 1 1 1 1
 1 1 1 1 1 1 1 1 1 1 1 1 1 1 1 1 1 1 1 1 1 1 1 1 1 1 1 1 1 1 1 1 1 1 1 1 1
 1 1 1 1 1 1 1 1 1 1 1 1 1 1 1 1 1 1 1 1 1 1 1 1 1 1]
