[ 0  1  2  3  4  5  6  7  8  9 10 11 12 13 14 15 16 17 18 19 20 21 22 23
 24 25 26 27 28 29 30 31 32 33 34 35 36 37 38 39 40 41 42 43 44 45 46 47
 48 49 50 51 52 53 54 55 56 57 58 59 60 61 62 63 64 65 66 67 68 69 70 71
 72 73 74 75 76 77 78 79 80 81 82 83 84 85 86 87 88 89 90 91 92 93 94 95
 96 97 98 99]
[-1  3 -1 65  5 77 30 44 80 73 94 40 -1 -1 79 20 69 92 -1 34 -1 54 -1 40
  5 39 32 64 18 81 -1 -1 97 -1 29 55 91 -1 -1 79 19 19 -1 -1 63 36 -1 -1
 36 63 13 -1 39 44 -1 24 -1 -1 -1 22 17 -1 57 -1 -1 45 44 -1 -1 58 -1  5
 93 45 -1 -1 99 53 27 23 -1 -1 -1 82 37 28 99 51 35 42 41 -1 89 54 36 30
 32  4 28 33]
[1 0 0 1 1 0 1 0 0 0 1 0 1 0 0 0 0 0 1 1 1 1 0 1 0 1 0 1 0 0 0 0 0 1 0 0 0
 1 0 1 1 0 1 0 1 0 1 0 1 0 0 1 1 1 0 1 1 0 0 0 1 0 1 1 0 0 1 0 1 0 1 0 0 0
 0 0 1 1 0 1 0 1 0 0 0 0 0 0 1 0 1 0 0 1 1 0 1 0 1 1]
[1 0 3 4 1 0 4 0 3 0 0 0 0 0 0 1 3 2 2 0 3 0 4 2 1 2 4 0 0 3 2 4 0 0 0 0 0
 0 0 0 3 0 3 0 0 0 1 2 0 2 0 2 0 0 0 0 0 0 0 0 3 2 0 0 0 1 4 3 3 0 1 2 4 0
 4 0 2 4 1 1 4 3 4 4 0 0 4 3 0 0 0 4 0 1 0 0 3 2 2 4]
[1 0 3 4 1 0 4 0 3 0 0 0 0 0 0 1 3 2 2 0 3 0 4 2 1 2 4 0 0 3 2 4 0 0 0 0 0
 0 0 0 3 0 3 0 0 0 1 2 0 2 0 2 0 0 0 0 0 0 0 0 3 2 0 0 0 1 4 3 3 0 1 2 4 0
 4 0 2 4 1 1 4 3 4 4 0 0 4 3 0 0 0 4 0 1 0 0 3 2 2 4]
[5 3 3 5 6 3 9 5 1 8 4 3 8 2 2 2 2 7 1 5 1 9 9 3 3 8 7 2 8 8 6 3 8 5 5 3 9
 4 5 6 1 2 4 3 7 3 7 8 1 5 6 8 5 4 2 1 9 9 4 6 3 2 6 7 3 8 8 7 9 3 6 1 5 4
 3 8 1 5 7 6 1 7 4 9 5 5 9 5 5 2 9 2 1 3 6 7 5 8 2 5]
[5 3 3 5 6 3 9 5 1 8 4 3 8 2 2 2 2 7 1 5 1 9 9 3 3 8 7 2 8 8 6 3 8 5 5 3 9
 4 5 6 1 2 4 3 7 3 7 8 1 5 6 8 5 4 2 1 9 9 4 6 3 2 6 7 3 8 8 7 9 3 6 1 5 4
 3 8 1 5 7 6 1 7 4 9 5 5 9 5 5 2 9 2 1 3 6 7 5 8 2 5]
[50, 42, 29, 28, 31, 39, 50, 50, 42, 46, 50, 50, 29, 36, 16, 50, 39, 49, 46, 16, 50, 50, 50, 50, 50, 37, 50, 38, 50, 40, 46, 50, 41, 12, 50, 50, 18, 50, 50, 50, 35, 50, 35, 50, 13, 48, 20, 50, 50, 49, 26, 50, 18, 50, 46, 50, 50, 50, 50, 34, 50, 50, 19, 18, 50, 13, 50, 26, 40, 50, 50, 34, 50, 41, 25, 14, 22, 41, 26, 49, 50, 39, 50, 50, 16, 23, 20, 50, 50, 48, 45, 50, 36, 50, 16, 33, 50, 12, 50, 50]
[0 0 0 0 0 0 0 0 0 0 0 0 0 0 0 0 0 0 0 0 0 0 0 0 0 0 0 0 0 0 0 0 0 0 0 0 0
 0 0 0 0 0 0 0 0 0 0 0 0 0 0 0 0 0 0 0 0 0 0 0 0 0 0 0 0 0 0 0 0 0 0 0 0 0
 0 0 0 0 0 0 0 0 0 0 0 0 0 0 0 0 0 0 0 0 0 0 0 0 0 0]
[1 1 1 1 1 1 1 1 1 1 1 1 1 1 1 1 1 1 1 1 1 1 1 1 1 1 1 1 1 1 1 1 1 1 1 1 1
 1 1 1 1 1 1 1 1 1 1 1 1 1 1 1 1 1 1 1 1 1 1 1 1 1 1 1 1 1 1 1 1 1 1 1 1 1
 1 1 1 1 1 1 1 1 1 1 1 1 1 1 1 1 1 1 1 1 1 1 1 1 1 1]
