[ 0  1  2  3  4  5  6  7  8  9 10 11 12 13 14 15 16 17 18 19 20 21 22 23
 24 25 26 27 28 29 30 31 32 33 34 35 36 37 38 39 40 41 42 43 44 45 46 47
 48 49 50 51 52 53 54 55 56 57 58 59 60 61 62 63 64 65 66 67 68 69 70 71
 72 73 74 75 76 77 78 79 80 81 82 83 84 85 86 87 88 89 90 91 92 93 94 95
 96 97 98 99]
[17 -1 -1 52 -1  7  0 31 49 30 -1 58 -1 -1 38 45 -1 47 -1 -1 -1 -1 -1  1
 -1  9 40 -1 41 -1 -1 23 -1 37 93 -1 -1 22 46  8 16 79 50 16 27 82  8 74
 75 28 -1 46 41 87 70 -1 94 91 55 14 85 -1 -1 -1 -1 -1 -1 32 35 -1 -1 -1
 52 36 81 -1 86 -1  5 56 53 91  1 -1 45 -1  2 40 -1 66 -1 -1 41 87 -1 58
 -1 42 65 80]
[1 0 1 1 0 1 0 0 1 0 1 1 0 1 1 0 0 0 0 0 0 0 1 1 1 1 1 1 1 0 0 1 0 1 0 0 0
 0 0 0 0 0 1 0 1 1 1 1 1 1 0 1 0 0 1 1 1 0 1 0 1 0 0 1 1 1 0 0 0 1 0 0 0 1
 1 0 1 1 0 0 1 0 1 0 1 0 1 1 0 0 1 1 0 1 1 1 0 1 1 0]
[2 0 2 0 4 0 0 0 2 2 0 0 1 1 2 0 1 1 0 1 0 0 1 0 0 0 0 0 0 1 0 2 0 0 1 2 0
 0 1 0 0 0 4 1 4 3 3 3 4 2 1 0 2 0 3 4 3 0 4 0 0 3 4 0 0 0 1 3 2 0 4 0 2 2
 3 4 4 1 2 3 4 3 1 0 4 0 0 0 4 3 0 0 1 0 1 0 0 1 4 3]
[2 0 2 0 4 0 0 0 2 2 0 0 1 1 2 0 1 1 0 1 0 0 1 0 0 0 0 0 0 1 0 2 0 0 1 2 0
 0 1 0 0 0 4 1 4 3 3 3 4 2 1 0 2 0 3 4 3 0 4 0 0 3 4 0 0 0 1 3 2 0 4 0 2 2
 3 4 4 1 2 3 4 3 1 0 4 0 0 0 4 3 0 0 1 0 1 0 0 1 4 3]
[9 6 8 3 9 6 8 7 3 8 3 8 7 1 2 4 9 3 8 4 1 6 5 1 9 1 8 3 9 4 1 2 8 5 6 3 2
 7 5 2 9 3 3 5 7 8 7 9 5 2 3 1 4 6 8 2 5 7 1 2 3 7 4 8 6 7 4 7 9 8 8 8 4 1
 7 2 8 7 6 8 1 5 3 2 7 8 7 5 1 6 8 9 3 4 2 7 1 1 9 9]
[9 6 8 3 9 6 8 7 3 8 3 8 7 1 2 4 9 3 8 4 1 6 5 1 9 1 8 3 9 4 1 2 8 5 6 3 2
 7 5 2 9 3 3 5 7 8 7 9 5 2 3 1 4 6 8 2 5 7 1 2 3 7 4 8 6 7 4 7 9 8 8 8 4 1
 7 2 8 7 6 8 1 5 3 2 7 8 7 5 1 6 8 9 3 4 2 7 1 1 9 9]
[15, 29, 50, 17, 50, 50, 26, 31, 50, 50, 42, 50, 35, 50, 44, 28, 50, 50, 16, 47, 50, 43, 10, 33, 47, 50, 50, 50, 20, 21, 15, 50, 11, 50, 50, 33, 49, 50, 12, 50, 29, 27, 50, 50, 50, 50, 50, 31, 50, 50, 50, 50, 36, 48, 23, 36, 50, 50, 50, 29, 50, 46, 42, 50, 50, 50, 38, 35, 50, 25, 50, 50, 19, 24, 25, 45, 50, 22, 50, 50, 50, 14, 16, 50, 50, 23, 24, 47, 50, 50, 48, 22, 43, 33, 50, 50, 50, 50, 50, 26]
[0 0 0 0 0 0 0 0 0 0 0 0 0 0 0 0 0 0 0 0 0 0 0 0 0 0 0 0 0 0 0 0 0 0 0 0 0
 0 0 0 0 0 0 0 0 0 0 0 0 0 0 0 0 0 0 0 0 0 0 0 0 0 0 0 0 0 0 0 0 0 0 0 0 0
 0 0 0 0 0 0 0 0 0 0 0 0 0 0 0 0 0 0 0 0 0 0 0 0 0 0]
[1 1 1 1 1 1 1 1 1 1 1 1 1 1 1 1 1 1 1 1 1 1 1 1 1 1 1 1 1 1 1 1 1 1 1 1 1
 1 1 1 1 1 1 1 1 1 1 1 1 1 1 1 1 1 1 1 1 1 1 1 1 1 1 1 1 1 1 1 1 1 1 1 1 1
 1 1 1 1 1 1 1 1 1 1 1 1 1 1 1 1 1 1 1 1 1 1 1 1 1 1]
