[ 0  1  2  3  4  5  6  7  8  9 10 11 12 13 14 15 16 17 18 19 20 21 22 23
 24 25 26 27 28 29 30 31 32 33 34 35 36 37 38 39 40 41 42 43 44 45 46 47
 48 49 50 51 52 53 54 55 56 57 58 59 60 61 62 63 64 65 66 67 68 69 70 71
 72 73 74 75 76 77 78 79 80 81 82 83 84 85 86 87 88 89 90 91 92 93 94 95
 96 97 98 99]
[71 -1 50 -1 72 73 -1 -1 -1 34 -1 -1 76 56 69 99 24 18 -1 61 67 62 -1 75
 14 42 20 -1 18 36 -1 -1 55 30 42 13 35 41 -1 -1 -1 -1 15 -1 -1 -1 -1 63
 95 -1 42 94 -1 96 22 91 59 51 60 -1 32 13 96 13 76 66 98 94 74 26 72 86
 92 37 14 41 98 -1 48 -1 36 13 19 -1 43 -1 -1  6 -1 79 54 84 26 70 -1  8
  4 14  2 27]
[1 0 0 0 0 0 1 1 1 0 1 0 1 0 0 0 0 1 0 0 1 0 0 0 1 0 1 1 0 0 0 1 1 0 1 0 1
 1 1 1 0 0 0 0 0 0 0 1 1 1 1 0 0 0 0 1 0 0 0 0 0 1 0 0 0 1 0 0 1 1 1 1 0 1
 1 1 0 1 0 0 1 0 1 1 1 0 1 0 0 0 0 1 0 0 0 0 1 0 0 0]
[0 0 0 0 0 3 0 0 0 0 0 4 1 0 0 4 3 0 0 0 2 4 2 2 0 4 2 2 0 0 3 0 3 4 0 2 0
 2 4 0 1 0 2 0 0 0 0 1 2 4 0 1 1 4 4 4 4 0 0 2 0 4 2 0 3 3 3 0 0 1 4 1 0 0
 0 4 1 0 3 0 4 0 0 0 3 4 0 0 3 4 0 0 1 4 3 4 0 0 2 0]
[0 0 0 0 0 3 0 0 0 0 0 4 1 0 0 4 3 0 0 0 2 4 2 2 0 4 2 2 0 0 3 0 3 4 0 2 0
 2 4 0 1 0 2 0 0 0 0 1 2 4 0 1 1 4 4 4 4 0 0 2 0 4 2 0 3 3 3 0 0 1 4 1 0 0
 0 4 1 0 3 0 4 0 0 0 3 4 0 0 3 4 0 0 1 4 3 4 0 0 2 0]
[1 7 9 8 9 5 6 8 5 1 8 4 1 4 2 8 4 8 2 1 5 2 5 1 2 6 7 3 8 2 4 9 4 2 6 5 2
 2 5 9 9 8 8 4 3 3 8 2 5 7 6 3 4 8 5 1 5 3 3 6 1 4 3 7 2 5 5 4 2 9 3 9 8 1
 5 4 1 8 7 7 4 1 9 7 3 3 8 8 4 3 6 9 5 5 7 9 9 2 5 7]
[1 7 9 8 9 5 6 8 5 1 8 4 1 4 2 8 4 8 2 1 5 2 5 1 2 6 7 3 8 2 4 9 4 2 6 5 2
 2 5 9 9 8 8 4 3 3 8 2 5 7 6 3 4 8 5 1 5 3 3 6 1 4 3 7 2 5 5 4 2 9 3 9 8 1
 5 4 1 8 7 7 4 1 9 7 3 3 8 8 4 3 6 9 5 5 7 9 9 2 5 7]
[50, 33, 36, 50, 50, 31, 50, 14, 46, 15, 20, 41, 50, 50, 23, 41, 50, 39, 45, 50, 19, 50, 50, 50, 45, 39, 50, 50, 50, 16, 48, 20, 50, 50, 50, 50, 26, 50, 15, 50, 29, 50, 15, 50, 50, 38, 50, 50, 24, 50, 50, 36, 13, 50, 50, 50, 50, 50, 22, 50, 36, 50, 34, 28, 45, 50, 50, 50, 31, 12, 21, 40, 48, 23, 26, 50, 44, 39, 20, 35, 50, 50, 42, 45, 50, 28, 50, 28, 50, 40, 35, 47, 50, 50, 35, 27, 26, 50, 26, 50]
[0 0 0 0 0 0 0 0 0 0 0 0 0 0 0 0 0 0 0 0 0 0 0 0 0 0 0 0 0 0 0 0 0 0 0 0 0
 0 0 0 0 0 0 0 0 0 0 0 0 0 0 0 0 0 0 0 0 0 0 0 0 0 0 0 0 0 0 0 0 0 0 0 0 0
 0 0 0 0 0 0 0 0 0 0 0 0 0 0 0 0 0 0 0 0 0 0 0 0 0 0]
[1 1 1 1 1 1 1 1 1 1 1 1 1 1 1 1 1 1 1 1 1 1 1 1 1 1 1 1 1 1 1 1 1 1 1 1 1
 1 1 1 1 1 1 1 1 1 1 1 1 1 1 1 1 1 1 1 1 1 1 1 1 1 1 1 1 1 1 1 1 1 1 1 1 1
 1 1 1 1 1 1 1 1 1 1 1 1 1 1 1 1 1 1 1 1 1 1 1 1 1 1]
