[ 0  1  2  3  4  5  6  7  8  9 10 11 12 13 14 15 16 17 18 19 20 21 22 23
 24 25 26 27 28 29 30 31 32 33 34 35 36 37 38 39 40 41 42 43 44 45 46 47
 48 49 50 51 52 53 54 55 56 57 58 59 60 61 62 63 64 65 66 67 68 69 70 71
 72 73 74 75 76 77 78 79 80 81 82 83 84 85 86 87 88 89 90 91 92 93 94 95
 96 97 98 99]
[52 -1 13 -1 76 -1 -1 85 39 -1 97 31 10 90 20 -1 63 29 31 41 -1 38 -1 83
 35 63 70  5 18 91 37 46 91 -1 38 -1 -1 -1  3 -1 -1 23 27 14 -1 42 61 -1
 -1 14 53 -1 17 81 87 11 -1 -1 35 42 -1 15 10 -1 51 11 -1 -1 -1 65 14 -1
 73  2 -1 64 -1 76 26 -1 73 -1 85 -1 82 53 61 21 59 -1 65 -1 96  8 43 58
 85 -1 59 -1]
[1 0 1 0 1 1 1 0 1 0 0 1 0 0 1 1 0 1 1 1 0 1 1 0 0 0 1 0 0 1 1 1 1 0 1 0 0
 1 0 0 1 0 0 1 1 1 1 1 0 0 1 0 1 0 0 0 1 0 1 1 1 1 0 1 0 0 0 0 1 0 1 1 0 1
 1 1 0 0 0 1 1 1 0 1 0 1 0 0 1 1 1 1 1 1 0 0 0 0 1 0]
[2 0 0 2 0 0 0 0 4 4 0 4 2 3 0 2 0 2 0 0 0 0 1 0 0 0 4 4 2 3 2 1 2 0 1 0 0
 4 4 0 0 0 0 1 0 1 0 2 0 0 0 0 0 4 2 2 0 0 3 4 0 0 0 0 0 0 0 4 2 1 0 2 4 2
 2 0 4 0 4 0 0 0 2 0 2 0 0 3 4 0 4 0 0 0 0 4 0 4 0 0]
[2 0 0 2 0 0 0 0 4 4 0 4 2 3 0 2 0 2 0 0 0 0 1 0 0 0 4 4 2 3 2 1 2 0 1 0 0
 4 4 0 0 0 0 1 0 1 0 2 0 0 0 0 0 4 2 2 0 0 3 4 0 0 0 0 0 0 0 4 2 1 0 2 4 2
 2 0 4 0 4 0 0 0 2 0 2 0 0 3 4 0 4 0 0 0 0 4 0 4 0 0]
[4 3 2 8 4 4 2 8 9 2 1 3 7 2 6 1 9 3 4 2 4 1 9 5 6 2 1 3 8 3 5 5 8 7 3 8 6
 4 6 9 8 7 1 9 3 2 2 9 1 9 9 5 1 3 3 5 5 8 9 9 5 1 4 2 4 3 3 2 5 5 7 9 5 7
 9 4 8 3 1 6 7 6 3 4 5 5 8 5 4 8 1 6 5 9 5 8 4 7 2 2]
[4 3 2 8 4 4 2 8 9 2 1 3 7 2 6 1 9 3 4 2 4 1 9 5 6 2 1 3 8 3 5 5 8 7 3 8 6
 4 6 9 8 7 1 9 3 2 2 9 1 9 9 5 1 3 3 5 5 8 9 9 5 1 4 2 4 3 3 2 5 5 7 9 5 7
 9 4 8 3 1 6 7 6 3 4 5 5 8 5 4 8 1 6 5 9 5 8 4 7 2 2]
[50, 43, 50, 27, 39, 50, 49, 45, 50, 42, 24, 50, 49, 16, 25, 50, 50, 40, 19, 31, 37, 41, 12, 34, 44, 13, 50, 50, 42, 50, 50, 50, 50, 45, 50, 50, 50, 50, 23, 29, 50, 50, 50, 50, 50, 34, 11, 50, 50, 46, 48, 50, 50, 50, 30, 38, 50, 18, 37, 18, 50, 50, 16, 50, 39, 21, 15, 50, 42, 17, 50, 50, 50, 50, 50, 23, 34, 50, 50, 43, 50, 46, 19, 50, 41, 50, 12, 50, 22, 18, 50, 17, 50, 50, 19, 50, 11, 50, 50, 46]
[0 0 0 0 0 0 0 0 0 0 0 0 0 0 0 0 0 0 0 0 0 0 0 0 0 0 0 0 0 0 0 0 0 0 0 0 0
 0 0 0 0 0 0 0 0 0 0 0 0 0 0 0 0 0 0 0 0 0 0 0 0 0 0 0 0 0 0 0 0 0 0 0 0 0
 0 0 0 0 0 0 0 0 0 0 0 0 0 0 0 0 0 0 0 0 0 0 0 0 0 0]
[1 1 1 1 1 1 1 1 1 1 1 1 1 1 1 1 1 1 1 1 1 1 1 1 1 1 1 1 1 1 1 1 1 1 1 1 1
 1 1 1 1 1 1 1 1 1 1 1 1 1 1 1 1 1 1 1 1 1 1 1 1 1 1 1 1 1 1 1 1 1 1 1 1 1
 1 1 1 1 1 1 1 1 1 1 1 1 1 1 1 1 1 1 1 1 1 1 1 1 1 1]
