[ 0  1  2  3  4  5  6  7  8  9 10 11 12 13 14 15 16 17 18 19 20 21 22 23
 24 25 26 27 28 29 30 31 32 33 34 35 36 37 38 39 40 41 42 43 44 45 46 47
 48 49 50 51 52 53 54 55 56 57 58 59 60 61 62 63 64 65 66 67 68 69 70 71
 72 73 74 75 76 77 78 79 80 81 82 83 84 85 86 87 88 89 90 91 92 93 94 95
 96 97 98 99]
[-1 72 -1 72 87 73 50 -1 66 22 50 67 -1 99  1 81 -1 36 -1 16 54 -1 68 59
 80 99 14 59 82 47 12 19  7 81 66 -1 -1 -1 30 97 11 -1 50 -1 -1 59 62 83
 -1 13 35 -1 -1 50 -1 31 50 20 11 -1 -1 -1 -1 -1 60 96 -1 69 75 62 64 -1
 95 -1 27 52 -1 34 15 61 88  9 71 46 71 75 -1 32 -1 61 97 -1 72 -1  2 -1
 47 17  5 33]
[0 0 0 1 1 1 0 1 1 1 0 1 0 1 1 0 1 0 1 0 1 0 1 1 1 1 0 0 1 1 1 0 1 0 0 0 0
 0 0 0 1 0 1 1 1 0 0 1 1 0 1 0 0 0 0 1 1 0 0 0 1 1 1 1 1 1 0 0 1 1 0 1 1 1
 0 1 1 0 1 0 1 0 0 1 0 1 0 0 1 0 1 1 1 0 1 1 0 0 0 1]
[3 0 0 2 0 0 2 4 0 0 3 3 0 0 0 0 2 3 3 0 2 0 2 4 0 1 0 3 0 0 0 1 3 3 0 3 0
 0 2 2 0 2 0 2 0 0 3 0 1 0 0 0 4 0 4 0 0 2 4 0 3 0 0 2 0 0 3 3 4 2 3 2 0 4
 0 3 3 0 4 0 2 0 3 4 4 0 1 0 3 0 0 0 1 0 2 0 4 2 2 0]
[3 0 0 2 0 0 2 4 0 0 3 3 0 0 0 0 2 3 3 0 2 0 2 4 0 1 0 3 0 0 0 1 3 3 0 3 0
 0 2 2 0 2 0 2 0 0 3 0 1 0 0 0 4 0 4 0 0 2 4 0 3 0 0 2 0 0 3 3 4 2 3 2 0 4
 0 3 3 0 4 0 2 0 3 4 4 0 1 0 3 0 0 0 1 0 2 0 4 2 2 0]
[9 8 2 2 1 2 4 9 4 3 4 8 1 5 9 5 9 3 9 4 7 8 8 1 2 5 1 3 8 5 9 1 2 6 2 6 5
 9 8 1 2 7 6 3 6 1 2 7 7 1 6 5 9 2 7 2 2 4 3 3 7 1 3 7 4 3 2 6 5 4 1 2 9 6
 6 3 6 5 5 4 6 7 6 6 2 9 1 1 3 3 6 7 8 2 1 2 8 7 5 9]
[9 8 2 2 1 2 4 9 4 3 4 8 1 5 9 5 9 3 9 4 7 8 8 1 2 5 1 3 8 5 9 1 2 6 2 6 5
 9 8 1 2 7 6 3 6 1 2 7 7 1 6 5 9 2 7 2 2 4 3 3 7 1 3 7 4 3 2 6 5 4 1 2 9 6
 6 3 6 5 5 4 6 7 6 6 2 9 1 1 3 3 6 7 8 2 1 2 8 7 5 9]
[33, 26, 47, 50, 21, 38, 50, 21, 50, 19, 35, 50, 20, 50, 50, 50, 50, 18, 21, 49, 25, 50, 50, 50, 34, 50, 50, 50, 50, 50, 50, 50, 50, 36, 50, 50, 47, 50, 34, 22, 26, 40, 50, 24, 50, 50, 48, 43, 50, 24, 40, 50, 50, 50, 50, 50, 50, 50, 25, 50, 13, 18, 49, 50, 16, 43, 50, 50, 44, 50, 50, 50, 11, 24, 50, 16, 50, 31, 50, 19, 45, 50, 50, 41, 30, 22, 29, 16, 24, 23, 37, 50, 31, 50, 49, 50, 50, 36, 17, 50]
[0 0 0 0 0 0 0 0 0 0 0 0 0 0 0 0 0 0 0 0 0 0 0 0 0 0 0 0 0 0 0 0 0 0 0 0 0
 0 0 0 0 0 0 0 0 0 0 0 0 0 0 0 0 0 0 0 0 0 0 0 0 0 0 0 0 0 0 0 0 0 0 0 0 0
 0 0 0 0 0 0 0 0 0 0 0 0 0 0 0 0 0 0 0 0 0 0 0 0 0 0]
[1 1 1 1 1 1 1 1 1 1 1 1 1 1 1 1 1 1 1 1 1 1 1 1 1 1 1 1 1 1 1 1 1 1 1 1 1
 1 1 1 1 1 1 1 1 1 1 1 1 1 1 1 1 1 1 1 1 1 1 1 1 1 1 1 1 1 1 1 1 1 1 1 1 1
 1 1 1 1 1 1 1 1 1 1 1 1 1 1 1 1 1 1 1 1 1 1 1 1 1 1]
