[ 0  1  2  3  4  5  6  7  8  9 10 11 12 13 14 15 16 17 18 19 20 21 22 23
 24 25 26 27 28 29 30 31 32 33 34 35 36 37 38 39 40 41 42 43 44 45 46 47
 48 49 50 51 52 53 54 55 56 57 58 59 60 61 62 63 64 65 66 67 68 69 70 71
 72 73 74 75 76 77 78 79 80 81 82 83 84 85 86 87 88 89 90 91 92 93 94 95
 96 97 98 99]
[73 44 -1 89 60 40 21 21 -1 57 76 91 -1  5  8 -1 40 -1 -1 80 60 98 48 -1
 -1  7 -1  3 -1 -1 32 17 33  6 -1 -1 -1 -1 58 93 -1 77 25 -1 60 -1 -1 67
 21 33 95 24 99 45 90 29 53 60 -1 -1 -1 -1 -1 22 37 24 -1 -1 11 44 77 44
 30 64 97 81 92 40 57 66 -1 30 15 87 -1 -1 44 57 -1 79 68 82 -1 37 51 87
 37 62 29 -1]
[0 0 0 1 0 1 1 0 1 1 0 0 0 1 0 1 0 1 1 1 1 0 0 0 0 1 1 1 1 0 1 0 1 1 1 0 1
 1 0 0 0 1 1 0 1 0 0 1 0 1 0 1 1 1 0 0 0 0 0 1 0 1 0 0 0 0 1 1 0 0 0 0 0 0
 1 0 0 0 1 1 1 1 1 0 0 0 0 1 1 0 1 0 0 1 0 0 0 1 0 1]
[0 1 4 1 3 0 1 1 4 3 0 3 3 0 0 3 0 0 4 4 0 0 1 3 0 2 0 4 0 0 0 1 4 2 0 0 0
 0 0 0 0 0 1 0 0 3 0 3 0 2 4 0 2 0 0 0 0 0 0 3 1 0 0 0 0 0 0 3 0 3 4 0 0 2
 0 0 3 0 2 0 2 0 0 4 3 0 0 1 4 1 4 1 2 0 0 0 4 2 3 0]
[0 1 4 1 3 0 1 1 4 3 0 3 3 0 0 3 0 0 4 4 0 0 1 3 0 2 0 4 0 0 0 1 4 2 0 0 0
 0 0 0 0 0 1 0 0 3 0 3 0 2 4 0 2 0 0 0 0 0 0 3 1 0 0 0 0 0 0 3 0 3 4 0 0 2
 0 0 3 0 2 0 2 0 0 4 3 0 0 1 4 1 4 1 2 0 0 0 4 2 3 0]
[1 5 3 5 8 9 3 8 5 1 2 2 3 9 6 2 7 6 9 2 3 1 1 5 9 8 2 7 1 1 2 1 6 6 3 1 7
 8 8 9 9 7 5 7 2 3 7 5 7 9 9 4 2 7 1 2 2 9 9 6 9 1 2 9 1 9 9 1 4 5 1 7 5 4
 9 7 2 7 6 8 8 9 7 5 2 7 7 4 4 3 3 4 8 8 9 5 2 5 1 6]
[1 5 3 5 8 9 3 8 5 1 2 2 3 9 6 2 7 6 9 2 3 1 1 5 9 8 2 7 1 1 2 1 6 6 3 1 7
 8 8 9 9 7 5 7 2 3 7 5 7 9 9 4 2 7 1 2 2 9 9 6 9 1 2 9 1 9 9 1 4 5 1 7 5 4
 9 7 2 7 6 8 8 9 7 5 2 7 7 4 4 3 3 4 8 8 9 5 2 5 1 6]
[18, 50, 46, 50, 50, 50, 50, 23, 50, 50, 18, 50, 50, 44, 36, 50, 50, 11, 50, 19, 36, 50, 38, 27, 41, 50, 21, 50, 42, 50, 50, 35, 50, 50, 18, 50, 43, 14, 47, 50, 50, 38, 15, 29, 45, 50, 20, 50, 50, 50, 48, 50, 47, 50, 50, 50, 41, 50, 50, 27, 40, 50, 19, 37, 17, 50, 20, 50, 41, 26, 33, 50, 38, 50, 37, 50, 44, 15, 50, 50, 50, 50, 38, 11, 13, 50, 43, 50, 50, 50, 40, 50, 26, 24, 40, 26, 50, 14, 21, 50]
[0 0 0 0 0 0 0 0 0 0 0 0 0 0 0 0 0 0 0 0 0 0 0 0 0 0 0 0 0 0 0 0 0 0 0 0 0
 0 0 0 0 0 0 0 0 0 0 0 0 0 0 0 0 0 0 0 0 0 0 0 0 0 0 0 0 0 0 0 0 0 0 0 0 0
 0 0 0 0 0 0 0 0 0 0 0 0 0 0 0 0 0 0 0 0 0 0 0 0 0 0]
[1 1 1 1 1 1 1 1 1 1 1 1 1 1 1 1 1 1 1 1 1 1 1 1 1 1 1 1 1 1 1 1 1 1 1 1 1
 1 1 1 1 1 1 1 1 1 1 1 1 1 1 1 1 1 1 1 1 1 1 1 1 1 1 1 1 1 1 1 1 1 1 1 1 1
 1 1 1 1 1 1 1 1 1 1 1 1 1 1 1 1 1 1 1 1 1 1 1 1 1 1]
