[ 0  1  2  3  4  5  6  7  8  9 10 11 12 13 14 15 16 17 18 19 20 21 22 23
 24 25 26 27 28 29 30 31 32 33 34 35 36 37 38 39 40 41 42 43 44 45 46 47
 48 49 50 51 52 53 54 55 56 57 58 59 60 61 62 63 64 65 66 67 68 69 70 71
 72 73 74 75 76 77 78 79 80 81 82 83 84 85 86 87 88 89 90 91 92 93 94 95
 96 97 98 99]
[99 68 -1 90 66 46 -1 11 -1 37 -1 -1 35 65 32 11 -1 91 42  3 82 -1 84  0
 -1 -1  6 -1 -1 38 97 26 36 -1 80 22  3 93 27 60 -1 72 50 -1 55 47 82 72
 77 12 -1 77 82 87 -1 20 43 19 26 -1 -1 79 -1 52 -1 61  9 18 -1 62 97 37
 -1 68 -1 87 -1 20 53 35 -1 -1 30 76 -1 97 24 98 28 -1 89 11 76 -1 -1 94
 -1 -1 -1 -1]
[1 0 0 0 1 0 0 0 0 0 0 1 1 1 0 1 0 0 1 0 0 1 0 1 1 1 0 1 1 1 1 0 0 1 1 1 0
 0 1 1 0 0 1 0 0 0 0 0 0 1 1 0 1 1 0 1 0 0 0 1 0 0 0 0 0 1 1 1 1 0 0 1 0 1
 1 0 0 0 1 0 1 0 1 0 0 0 1 1 1 1 0 0 0 1 1 1 1 1 1 1]
[0 0 4 1 2 1 4 3 3 0 0 0 0 0 0 0 0 0 0 4 1 0 0 0 0 1 2 0 2 4 2 1 1 4 0 2 0
 2 0 0 0 0 4 2 2 0 0 2 2 4 1 3 0 0 2 0 0 1 2 2 2 0 4 3 0 0 0 3 0 0 1 4 0 2
 3 4 0 0 2 0 0 0 4 0 2 0 0 0 0 1 3 0 1 1 0 3 0 0 0 3]
[0 0 4 1 2 1 4 3 3 0 0 0 0 0 0 0 0 0 0 4 1 0 0 0 0 1 2 0 2 4 2 1 1 4 0 2 0
 2 0 0 0 0 4 2 2 0 0 2 2 4 1 3 0 0 2 0 0 1 2 2 2 0 4 3 0 0 0 3 0 0 1 4 0 2
 3 4 0 0 2 0 0 0 4 0 2 0 0 0 0 1 3 0 1 1 0 3 0 0 0 3]
[2 2 8 3 7 4 3 9 7 2 3 5 7 1 8 9 6 1 8 9 3 9 2 6 8 4 6 4 2 7 7 8 5 5 9 5 9
 6 1 4 3 1 8 7 1 3 4 6 3 5 5 9 7 1 1 5 7 8 4 7 6 3 2 7 5 9 1 3 1 2 3 8 1 4
 6 3 4 8 1 5 1 8 4 3 6 2 7 1 4 9 2 1 6 1 7 3 7 4 4 6]
[2 2 8 3 7 4 3 9 7 2 3 5 7 1 8 9 6 1 8 9 3 9 2 6 8 4 6 4 2 7 7 8 5 5 9 5 9
 6 1 4 3 1 8 7 1 3 4 6 3 5 5 9 7 1 1 5 7 8 4 7 6 3 2 7 5 9 1 3 1 2 3 8 1 4
 6 3 4 8 1 5 1 8 4 3 6 2 7 1 4 9 2 1 6 1 7 3 7 4 4 6]
[27, 39, 50, 50, 28, 50, 50, 16, 42, 50, 50, 18, 50, 50, 50, 44, 50, 50, 15, 37, 49, 48, 50, 50, 50, 50, 39, 50, 27, 22, 50, 50, 31, 15, 50, 27, 50, 23, 50, 44, 43, 50, 34, 50, 30, 50, 46, 20, 30, 50, 50, 46, 50, 50, 17, 50, 16, 50, 10, 50, 11, 49, 43, 30, 47, 50, 50, 15, 43, 40, 28, 12, 42, 42, 50, 50, 50, 20, 50, 50, 34, 39, 50, 50, 50, 16, 48, 32, 22, 50, 30, 10, 50, 50, 50, 29, 35, 50, 50, 50]
[0 0 0 0 0 0 0 0 0 0 0 0 0 0 0 0 0 0 0 0 0 0 0 0 0 0 0 0 0 0 0 0 0 0 0 0 0
 0 0 0 0 0 0 0 0 0 0 0 0 0 0 0 0 0 0 0 0 0 0 0 0 0 0 0 0 0 0 0 0 0 0 0 0 0
 0 0 0 0 0 0 0 0 0 0 0 0 0 0 0 0 0 0 0 0 0 0 0 0 0 0]
[1 1 1 1 1 1 1 1 1 1 1 1 1 1 1 1 1 1 1 1 1 1 1 1 1 1 1 1 1 1 1 1 1 1 1 1 1
 1 1 1 1 1 1 1 1 1 1 1 1 1 1 1 1 1 1 1 1 1 1 1 1 1 1 1 1 1 1 1 1 1 1 1 1 1
 1 1 1 1 1 1 1 1 1 1 1 1 1 1 1 1 1 1 1 1 1 1 1 1 1 1]
