[ 0  1  2  3  4  5  6  7  8  9 10 11 12 13 14 15 16 17 18 19 20 21 22 23
 24 25 26 27 28 29 30 31 32 33 34 35 36 37 38 39 40 41 42 43 44 45 46 47
 48 49 50 51 52 53 54 55 56 57 58 59 60 61 62 63 64 65 66 67 68 69 70 71
 72 73 74 75 76 77 78 79 80 81 82 83 84 85 86 87 88 89 90 91 92 93 94 95
 96 97 98 99]
[-1 13 -1 -1 34 13 72 75 78 29 90 82 40 58  1 47 91 -1 -1 75  7 57  4 50
 -1 -1  3 -1 -1 20 80 -1 -1 97 58  1 -1 65 39 37 -1 -1 -1 -1 17 -1  7 26
  7 72 -1 -1 86 -1 83 52 -1 16 31 -1 25 -1 95 25 -1 -1 -1 50 91 -1 -1 66
 79  1 -1 -1 79 62 21  3 -1  5 43 -1 49 70 92 32 -1 11 -1 -1 78 25 31 47
 82 49 -1 -1]
[0 0 1 0 0 1 1 1 1 0 0 0 0 0 1 1 1 0 0 1 1 1 1 1 1 0 0 0 1 0 0 1 0 1 1 1 0
 0 0 1 1 1 0 1 0 1 1 1 0 0 0 1 0 0 0 1 1 0 1 0 1 0 0 1 1 1 0 1 1 0 1 1 0 1
 1 1 0 1 0 1 0 0 0 0 1 1 1 1 1 0 1 1 0 0 1 0 0 0 1 0]
[0 0 3 0 1 3 2 0 0 1 1 3 0 3 1 2 2 2 1 2 0 3 0 0 0 0 0 0 0 1 1 4 3 0 0 0 0
 3 1 3 2 0 3 0 0 4 0 0 0 3 2 3 4 1 3 1 0 4 3 1 3 0 0 3 3 0 1 0 0 0 1 0 3 1
 2 4 0 0 4 0 0 2 2 0 0 3 1 2 4 0 0 1 0 0 3 0 1 2 1 1]
[0 0 3 0 1 3 2 0 0 1 1 3 0 3 1 2 2 2 1 2 0 3 0 0 0 0 0 0 0 1 1 4 3 0 0 0 0
 3 1 3 2 0 3 0 0 4 0 0 0 3 2 3 4 1 3 1 0 4 3 1 3 0 0 3 3 0 1 0 0 0 1 0 3 1
 2 4 0 0 4 0 0 2 2 0 0 3 1 2 4 0 0 1 0 0 3 0 1 2 1 1]
[8 3 6 7 7 2 4 2 4 6 5 4 3 6 6 7 5 9 4 9 3 9 1 2 6 8 7 3 7 9 1 7 7 8 9 2 6
 2 6 8 7 4 3 7 3 2 2 4 9 6 7 6 6 1 2 8 4 8 8 1 9 3 9 6 7 7 5 8 8 7 9 1 2 8
 2 8 9 1 8 4 2 2 2 5 7 6 1 8 2 4 3 4 8 3 4 7 7 4 3 6]
[8 3 6 7 7 2 4 2 4 6 5 4 3 6 6 7 5 9 4 9 3 9 1 2 6 8 7 3 7 9 1 7 7 8 9 2 6
 2 6 8 7 4 3 7 3 2 2 4 9 6 7 6 6 1 2 8 4 8 8 1 9 3 9 6 7 7 5 8 8 7 9 1 2 8
 2 8 9 1 8 4 2 2 2 5 7 6 1 8 2 4 3 4 8 3 4 7 7 4 3 6]
[50, 36, 10, 30, 49, 50, 28, 20, 50, 50, 48, 50, 50, 50, 50, 50, 50, 44, 50, 50, 50, 50, 50, 50, 50, 18, 50, 31, 50, 21, 14, 50, 50, 37, 11, 23, 36, 29, 48, 41, 50, 50, 37, 33, 42, 22, 44, 28, 50, 50, 50, 23, 50, 50, 50, 50, 12, 50, 11, 47, 50, 35, 21, 23, 50, 50, 33, 32, 50, 30, 24, 50, 19, 31, 46, 19, 50, 43, 27, 50, 50, 50, 50, 50, 23, 50, 50, 47, 50, 16, 50, 23, 50, 50, 50, 41, 50, 50, 27, 17]
[0 0 0 0 0 0 0 0 0 0 0 0 0 0 0 0 0 0 0 0 0 0 0 0 0 0 0 0 0 0 0 0 0 0 0 0 0
 0 0 0 0 0 0 0 0 0 0 0 0 0 0 0 0 0 0 0 0 0 0 0 0 0 0 0 0 0 0 0 0 0 0 0 0 0
 0 0 0 0 0 0 0 0 0 0 0 0 0 0 0 0 0 0 0 0 0 0 0 0 0 0]
[1 1 1 1 1 1 1 1 1 1 1 1 1 1 1 1 1 1 1 1 1 1 1 1 1 1 1 1 1 1 1 1 1 1 1 1 1
 1 1 1 1 1 1 1 1 1 1 1 1 1 1 1 1 1 1 1 1 1 1 1 1 1 1 1 1 1 1 1 1 1 1 1 1 1
 1 1 1 1 1 1 1 1 1 1 1 1 1 1 1 1 1 1 1 1 1 1 1 1 1 1]
