[ 0  1  2  3  4  5  6  7  8  9 10 11 12 13 14 15 16 17 18 19 20 21 22 23
 24 25 26 27 28 29 30 31 32 33 34 35 36 37 38 39 40 41 42 43 44 45 46 47
 48 49 50 51 52 53 54 55 56 57 58 59 60 61 62 63 64 65 66 67 68 69 70 71
 72 73 74 75 76 77 78 79 80 81 82 83 84 85 86 87 88 89 90 91 92 93 94 95
 96 97 98 99]
[42 93 -1 94 32 17 44 -1 57 39 -1 45 -1 26 -1 -1 47 48 -1 -1 95 49 88 95
 -1 50 31 42  0 51 38 56 -1 42 25 42 13 45  0 87 31 14 85 -1 -1 82 -1 54
 45 11 55 64 36 -1 -1 -1 79  1 -1 37  4 98 -1 -1 89 71 78 -1 -1 93 63 -1
 -1 -1  8 72 -1 -1 84 62 -1 89 -1 -1 10 52 34 -1 93 75 78 -1 -1 -1 -1 -1
 97 28 18 30]
[1 1 0 0 1 1 1 0 0 1 0 1 1 0 0 0 1 1 0 1 0 0 1 1 1 1 1 0 0 0 0 0 1 0 0 1 0
 0 0 1 0 1 0 1 1 0 1 1 1 0 0 1 0 0 0 0 1 0 0 0 0 0 0 0 1 1 0 1 0 1 1 0 0 1
 0 1 1 1 0 1 0 1 1 0 0 0 1 1 1 1 1 1 0 0 1 0 0 0 1 1]
[1 0 0 2 0 4 4 0 0 3 2 0 2 0 4 3 1 4 0 0 1 1 0 0 3 0 1 2 2 0 0 4 0 0 4 3 3
 0 2 0 0 2 4 3 1 4 4 0 1 3 4 2 3 2 0 4 0 3 3 0 0 2 4 0 0 1 0 3 4 2 0 3 0 0
 0 4 0 4 0 0 1 1 4 0 3 0 2 3 4 0 0 4 0 0 2 4 0 3 0 0]
[1 0 0 2 0 4 4 0 0 3 2 0 2 0 4 3 1 4 0 0 1 1 0 0 3 0 1 2 2 0 0 4 0 0 4 3 3
 0 2 0 0 2 4 3 1 4 4 0 1 3 4 2 3 2 0 4 0 3 3 0 0 2 4 0 0 1 0 3 4 2 0 3 0 0
 0 4 0 4 0 0 1 1 4 0 3 0 2 3 4 0 0 4 0 0 2 4 0 3 0 0]
[7 9 8 9 8 8 9 2 8 9 7 8 9 1 7 6 7 4 5 3 4 9 7 2 4 7 1 4 7 6 8 5 8 1 1 9 9
 3 9 8 8 6 8 4 4 8 2 7 1 9 8 9 9 4 7 5 8 3 4 7 1 9 2 4 5 6 4 4 7 5 7 1 5 6
 4 8 7 7 8 9 4 6 6 3 7 1 8 4 5 1 7 2 2 9 1 4 1 8 9 7]
[7 9 8 9 8 8 9 2 8 9 7 8 9 1 7 6 7 4 5 3 4 9 7 2 4 7 1 4 7 6 8 5 8 1 1 9 9
 3 9 8 8 6 8 4 4 8 2 7 1 9 8 9 9 4 7 5 8 3 4 7 1 9 2 4 5 6 4 4 7 5 7 1 5 6
 4 8 7 7 8 9 4 6 6 3 7 1 8 4 5 1 7 2 2 9 1 4 1 8 9 7]
[40, 48, 50, 50, 50, 37, 50, 50, 10, 50, 42, 39, 50, 16, 45, 21, 50, 50, 49, 50, 13, 50, 13, 25, 50, 38, 50, 25, 50, 50, 20, 50, 50, 50, 50, 49, 50, 50, 45, 12, 50, 29, 50, 40, 50, 44, 50, 21, 21, 39, 50, 21, 50, 31, 33, 50, 31, 50, 50, 33, 50, 50, 47, 50, 50, 50, 50, 50, 21, 21, 14, 35, 50, 47, 50, 50, 43, 14, 38, 50, 13, 50, 50, 50, 47, 14, 50, 50, 50, 50, 50, 16, 50, 50, 12, 11, 46, 28, 25, 28]
[0 0 0 0 0 0 0 0 0 0 0 0 0 0 0 0 0 0 0 0 0 0 0 0 0 0 0 0 0 0 0 0 0 0 0 0 0
 0 0 0 0 0 0 0 0 0 0 0 0 0 0 0 0 0 0 0 0 0 0 0 0 0 0 0 0 0 0 0 0 0 0 0 0 0
 0 0 0 0 0 0 0 0 0 0 0 0 0 0 0 0 0 0 0 0 0 0 0 0 0 0]
[1 1 1 1 1 1 1 1 1 1 1 1 1 1 1 1 1 1 1 1 1 1 1 1 1 1 1 1 1 1 1 1 1 1 1 1 1
 1 1 1 1 1 1 1 1 1 1 1 1 1 1 1 1 1 1 1 1 1 1 1 1 1 1 1 1 1 1 1 1 1 1 1 1 1
 1 1 1 1 1 1 1 1 1 1 1 1 1 1 1 1 1 1 1 1 1 1 1 1 1 1]
