[ 0  1  2  3  4  5  6  7  8  9 10 11 12 13 14 15 16 17 18 19 20 21 22 23
 24 25 26 27 28 29 30 31 32 33 34 35 36 37 38 39 40 41 42 43 44 45 46 47
 48 49 50 51 52 53 54 55 56 57 58 59 60 61 62 63 64 65 66 67 68 69 70 71
 72 73 74 75 76 77 78 79 80 81 82 83 84 85 86 87 88 89 90 91 92 93 94 95
 96 97 98 99]
[38 19 -1 44 -1 62 50 -1 16 44 84 53 93 -1 89 85 99 27 58 44 77 78 18 97
 17  1 50 25 95 -1 46 16 -1 27 58 41 90 96 -1 -1 -1 57  7 79 43 -1 -1 79
 12 47 -1 58 87 59 -1 45 59 42 55 37 33 97 89  2 -1 15 -1 -1 97 -1 49 -1
 70 35  3 90 85 16 -1 -1 -1 -1  7 -1 38 97 36 -1 74 -1 81 -1 63 18 72 69
 94 20 61 -1]
[0 1 1 0 1 1 0 0 1 1 0 0 0 1 0 0 0 0 1 1 1 0 0 0 1 1 1 1 0 1 0 0 1 0 0 1 1
 0 1 1 0 1 1 1 1 0 0 0 1 1 1 0 1 0 1 0 1 1 0 1 0 0 1 1 1 0 1 0 0 0 1 1 1 1
 0 0 1 0 1 1 0 1 0 1 1 1 1 1 0 1 0 1 0 1 1 0 0 1 1 1]
[0 0 4 3 2 0 0 1 2 2 0 2 0 0 1 1 0 0 4 1 4 4 0 2 0 0 0 0 4 1 1 1 4 0 4 0 0
 0 4 0 0 2 0 1 1 0 0 3 4 0 0 0 0 2 0 0 1 0 0 1 1 0 0 2 2 0 1 3 0 3 0 2 1 0
 3 0 1 0 0 0 2 0 0 0 0 0 1 0 0 1 2 0 3 1 3 0 0 2 4 2]
[0 0 4 3 2 0 0 1 2 2 0 2 0 0 1 1 0 0 4 1 4 4 0 2 0 0 0 0 4 1 1 1 4 0 4 0 0
 0 4 0 0 2 0 1 1 0 0 3 4 0 0 0 0 2 0 0 1 0 0 1 1 0 0 2 2 0 1 3 0 3 0 2 1 0
 3 0 1 0 0 0 2 0 0 0 0 0 1 0 0 1 2 0 3 1 3 0 0 2 4 2]
[3 9 6 1 2 5 2 1 7 4 5 9 5 6 4 4 7 2 5 9 3 7 1 8 2 7 9 3 9 8 7 5 5 1 7 8 7
 4 6 9 9 6 8 8 2 4 6 7 3 9 3 8 6 7 8 8 6 2 5 3 4 1 6 2 8 1 6 6 9 8 1 6 6 7
 8 3 4 3 4 8 1 3 3 8 3 1 8 9 3 9 6 9 8 2 2 9 6 9 5 6]
[3 9 6 1 2 5 2 1 7 4 5 9 5 6 4 4 7 2 5 9 3 7 1 8 2 7 9 3 9 8 7 5 5 1 7 8 7
 4 6 9 9 6 8 8 2 4 6 7 3 9 3 8 6 7 8 8 6 2 5 3 4 1 6 2 8 1 6 6 9 8 1 6 6 7
 8 3 4 3 4 8 1 3 3 8 3 1 8 9 3 9 6 9 8 2 2 9 6 9 5 6]
[24, 31, 31, 39, 49, 50, 50, 50, 50, 32, 46, 10, 50, 50, 50, 50, 46, 50, 50, 50, 50, 45, 50, 50, 50, 50, 50, 12, 11, 10, 50, 37, 50, 48, 43, 47, 49, 50, 17, 37, 42, 22, 36, 21, 28, 13, 48, 50, 50, 14, 50, 26, 50, 50, 16, 42, 29, 50, 38, 22, 50, 28, 50, 50, 42, 24, 50, 50, 50, 50, 31, 50, 50, 50, 50, 50, 23, 50, 19, 50, 32, 50, 15, 50, 11, 18, 39, 50, 50, 50, 50, 50, 50, 38, 50, 15, 50, 36, 50, 18]
[0 0 0 0 0 0 0 0 0 0 0 0 0 0 0 0 0 0 0 0 0 0 0 0 0 0 0 0 0 0 0 0 0 0 0 0 0
 0 0 0 0 0 0 0 0 0 0 0 0 0 0 0 0 0 0 0 0 0 0 0 0 0 0 0 0 0 0 0 0 0 0 0 0 0
 0 0 0 0 0 0 0 0 0 0 0 0 0 0 0 0 0 0 0 0 0 0 0 0 0 0]
[1 1 1 1 1 1 1 1 1 1 1 1 1 1 1 1 1 1 1 1 1 1 1 1 1 1 1 1 1 1 1 1 1 1 1 1 1
 1 1 1 1 1 1 1 1 1 1 1 1 1 1 1 1 1 1 1 1 1 1 1 1 1 1 1 1 1 1 1 1 1 1 1 1 1
 1 1 1 1 1 1 1 1 1 1 1 1 1 1 1 1 1 1 1 1 1 1 1 1 1 1]
