[ 0  1  2  3  4  5  6  7  8  9 10 11 12 13 14 15 16 17 18 19 20 21 22 23
 24 25 26 27 28 29 30 31 32 33 34 35 36 37 38 39 40 41 42 43 44 45 46 47
 48 49 50 51 52 53 54 55 56 57 58 59 60 61 62 63 64 65 66 67 68 69 70 71
 72 73 74 75 76 77 78 79 80 81 82 83 84 85 86 87 88 89 90 91 92 93 94 95
 96 97 98 99]
[24 -1 -1 -1 48 70 11 90 59 64 33 21 89 34 64 72 -1  4 35 92 15 -1 -1 -1
 -1 78  2 -1 -1 -1 33 79 86  9 24 49 17 29 57  9 -1 -1 83 90 84 -1 49 52
 91  3 23 65  2 -1 86 -1 44 48 94 -1 39 91 -1 76 -1 26 -1 91 80 74 98 -1
 74 19 -1 -1 96 46 74 -1 88 42 -1  8 -1 52 28 62 52 15 20 14 85 44 23 -1
  8 52 -1 37]
[0 0 1 1 1 0 1 1 1 0 0 0 1 0 1 1 0 0 1 1 1 1 1 1 1 0 0 1 1 0 0 1 0 0 0 0 0
 0 0 1 0 1 0 0 1 1 0 1 0 0 0 1 1 0 0 1 0 0 0 1 0 0 0 1 1 0 0 0 1 0 1 0 1 0
 0 0 1 1 1 1 1 0 0 0 1 0 1 1 1 0 1 0 1 1 1 1 1 0 1 0]
[4 0 4 1 0 0 4 4 4 3 2 0 0 0 0 0 4 2 2 0 3 1 4 4 4 2 2 0 4 3 0 1 0 1 2 4 0
 0 4 3 4 2 0 4 2 4 0 1 1 2 4 3 1 0 0 0 3 3 0 0 2 0 3 0 2 0 0 1 3 1 2 1 0 4
 0 0 1 4 0 3 0 0 1 4 1 4 3 2 0 4 3 0 0 0 0 0 0 1 3 0]
[4 0 4 1 0 0 4 4 4 3 2 0 0 0 0 0 4 2 2 0 3 1 4 4 4 2 2 0 4 3 0 1 0 1 2 4 0
 0 4 3 4 2 0 4 2 4 0 1 1 2 4 3 1 0 0 0 3 3 0 0 2 0 3 0 2 0 0 1 3 1 2 1 0 4
 0 0 1 4 0 3 0 0 1 4 1 4 3 2 0 4 3 0 0 0 0 0 0 1 3 0]
[6 3 7 7 9 4 4 3 6 2 5 1 8 4 7 9 9 6 3 1 8 1 6 3 4 4 8 7 1 7 3 6 6 2 4 1 5
 1 8 2 9 1 5 5 2 5 2 2 4 1 2 8 2 6 4 4 2 9 6 1 7 8 1 8 5 6 1 7 6 2 9 6 1 7
 4 8 1 2 2 6 7 3 1 8 3 4 7 8 1 8 2 8 1 5 4 9 1 8 2 7]
[6 3 7 7 9 4 4 3 6 2 5 1 8 4 7 9 9 6 3 1 8 1 6 3 4 4 8 7 1 7 3 6 6 2 4 1 5
 1 8 2 9 1 5 5 2 5 2 2 4 1 2 8 2 6 4 4 2 9 6 1 7 8 1 8 5 6 1 7 6 2 9 6 1 7
 4 8 1 2 2 6 7 3 1 8 3 4 7 8 1 8 2 8 1 5 4 9 1 8 2 7]
[50, 49, 21, 11, 50, 50, 21, 12, 50, 50, 50, 36, 45, 50, 21, 50, 50, 50, 50, 50, 50, 19, 50, 11, 50, 50, 50, 36, 18, 35, 50, 35, 50, 29, 50, 50, 30, 50, 50, 50, 50, 50, 49, 36, 42, 15, 32, 11, 35, 50, 50, 50, 10, 50, 30, 50, 50, 50, 50, 24, 41, 20, 23, 50, 30, 50, 36, 21, 38, 13, 50, 50, 18, 50, 50, 34, 50, 50, 39, 38, 48, 50, 19, 48, 49, 50, 50, 27, 37, 46, 50, 14, 28, 20, 50, 50, 50, 50, 50, 50]
[0 0 0 0 0 0 0 0 0 0 0 0 0 0 0 0 0 0 0 0 0 0 0 0 0 0 0 0 0 0 0 0 0 0 0 0 0
 0 0 0 0 0 0 0 0 0 0 0 0 0 0 0 0 0 0 0 0 0 0 0 0 0 0 0 0 0 0 0 0 0 0 0 0 0
 0 0 0 0 0 0 0 0 0 0 0 0 0 0 0 0 0 0 0 0 0 0 0 0 0 0]
[1 1 1 1 1 1 1 1 1 1 1 1 1 1 1 1 1 1 1 1 1 1 1 1 1 1 1 1 1 1 1 1 1 1 1 1 1
 1 1 1 1 1 1 1 1 1 1 1 1 1 1 1 1 1 1 1 1 1 1 1 1 1 1 1 1 1 1 1 1 1 1 1 1 1
 1 1 1 1 1 1 1 1 1 1 1 1 1 1 1 1 1 1 1 1 1 1 1 1 1 1]
