[ 0  1  2  3  4  5  6  7  8  9 10 11 12 13 14 15 16 17 18 19 20 21 22 23
 24 25 26 27 28 29 30 31 32 33 34 35 36 37 38 39 40 41 42 43 44 45 46 47
 48 49 50 51 52 53 54 55 56 57 58 59 60 61 62 63 64 65 66 67 68 69 70 71
 72 73 74 75 76 77 78 79 80 81 82 83 84 85 86 87 88 89 90 91 92 93 94 95
 96 97 98 99]
[-1 52 -1 -1 80 45 83 -1 36 -1 16 84 76 98 -1 -1 13 94 81 -1  3 -1 90 -1
 -1 28 98 -1 29 24  4 17 94 -1 75 72  2 74 54 32 94 -1 -1 21  1 53 -1 83
 38 -1 22 67 99 -1 17 -1  5 69 -1  8 89 78 78 78 -1 26 60 -1 -1 90 82 76
 23 32 72 -1 25 87 -1 10 79 -1 95 -1 -1 82 63  1  5 41 31 -1 -1 78 27 48
 61 -1 -1  2]
[0 1 1 1 1 0 0 0 0 0 1 0 1 0 0 1 1 0 0 1 0 0 1 0 1 0 0 0 1 0 1 0 0 0 0 1 1
 1 1 0 1 1 0 1 1 1 0 0 0 1 1 1 1 1 0 0 1 0 1 1 1 0 0 0 0 1 1 1 0 1 1 1 1 0
 1 0 1 0 1 1 1 0 0 1 1 0 0 0 1 1 1 1 0 1 1 1 1 1 1 0]
[0 1 2 2 0 0 2 0 0 0 0 4 2 1 3 0 0 0 0 4 0 4 0 0 0 0 2 1 0 1 2 0 3 0 0 0 0
 4 0 0 4 4 0 4 0 1 3 1 3 0 3 0 0 0 0 0 1 0 2 3 0 3 1 4 0 2 0 3 0 1 1 0 3 2
 3 1 0 3 1 0 0 4 1 0 0 0 2 4 0 0 4 3 4 0 0 3 0 4 0 4]
[0 1 2 2 0 0 2 0 0 0 0 4 2 1 3 0 0 0 0 4 0 4 0 0 0 0 2 1 0 1 2 0 3 0 0 0 0
 4 0 0 4 4 0 4 0 1 3 1 3 0 3 0 0 0 0 0 1 0 2 3 0 3 1 4 0 2 0 3 0 1 1 0 3 2
 3 1 0 3 1 0 0 4 1 0 0 0 2 4 0 0 4 3 4 0 0 3 0 4 0 4]
[5 5 2 3 2 7 4 9 8 5 4 2 5 7 1 4 9 3 6 3 8 7 1 7 5 5 8 7 1 3 4 1 1 5 6 4 8
 6 6 5 4 6 6 8 7 3 1 4 2 7 9 9 4 4 3 7 6 2 8 8 4 3 4 1 6 6 4 2 7 1 3 9 3 4
 3 3 3 7 8 3 8 7 7 1 6 6 6 2 9 1 4 7 8 7 4 6 2 6 2 8]
[5 5 2 3 2 7 4 9 8 5 4 2 5 7 1 4 9 3 6 3 8 7 1 7 5 5 8 7 1 3 4 1 1 5 6 4 8
 6 6 5 4 6 6 8 7 3 1 4 2 7 9 9 4 4 3 7 6 2 8 8 4 3 4 1 6 6 4 2 7 1 3 9 3 4
 3 3 3 7 8 3 8 7 7 1 6 6 6 2 9 1 4 7 8 7 4 6 2 6 2 8]
[50, 38, 50, 50, 50, 21, 30, 40, 50, 50, 50, 37, 50, 47, 21, 50, 24, 50, 50, 31, 50, 47, 50, 50, 19, 18, 50, 50, 50, 11, 50, 50, 50, 50, 15, 38, 32, 29, 50, 46, 50, 50, 50, 50, 50, 18, 50, 50, 23, 50, 50, 50, 50, 15, 50, 21, 50, 37, 46, 50, 43, 50, 50, 50, 31, 50, 28, 50, 12, 44, 16, 50, 50, 50, 50, 45, 50, 10, 37, 40, 37, 14, 30, 50, 36, 29, 17, 23, 50, 50, 36, 14, 50, 38, 36, 38, 50, 31, 24, 37]
[0 0 0 0 0 0 0 0 0 0 0 0 0 0 0 0 0 0 0 0 0 0 0 0 0 0 0 0 0 0 0 0 0 0 0 0 0
 0 0 0 0 0 0 0 0 0 0 0 0 0 0 0 0 0 0 0 0 0 0 0 0 0 0 0 0 0 0 0 0 0 0 0 0 0
 0 0 0 0 0 0 0 0 0 0 0 0 0 0 0 0 0 0 0 0 0 0 0 0 0 0]
[1 1 1 1 1 1 1 1 1 1 1 1 1 1 1 1 1 1 1 1 1 1 1 1 1 1 1 1 1 1 1 1 1 1 1 1 1
 1 1 1 1 1 1 1 1 1 1 1 1 1 1 1 1 1 1 1 1 1 1 1 1 1 1 1 1 1 1 1 1 1 1 1 1 1
 1 1 1 1 1 1 1 1 1 1 1 1 1 1 1 1 1 1 1 1 1 1 1 1 1 1]
