[ 0  1  2  3  4  5  6  7  8  9 10 11 12 13 14 15 16 17 18 19 20 21 22 23
 24 25 26 27 28 29 30 31 32 33 34 35 36 37 38 39 40 41 42 43 44 45 46 47
 48 49 50 51 52 53 54 55 56 57 58 59 60 61 62 63 64 65 66 67 68 69 70 71
 72 73 74 75 76 77 78 79 80 81 82 83 84 85 86 87 88 89 90 91 92 93 94 95
 96 97 98 99]
[43 16 -1 -1  0 31 11 -1 22 -1 38 66 35 -1 -1 81 -1 86 -1 27 -1 54 54 29
 13 -1 -1 56 -1 -1 13 23 26 -1 -1 80 -1 48 -1 83 52 -1 76 79 -1 67 70 31
 21 -1 20 73 61 -1 -1 19 92 -1 -1 73 37 34 34 25 -1 14 -1 -1 -1 85 26 11
  3 40  9 10 -1 -1 51 70 17 26  1 59 28 95 -1 13 28 53 -1 98 52 -1 -1 88
  2 46 99 49]
[1 0 1 0 1 1 1 1 0 0 0 1 0 0 0 1 0 0 1 0 0 1 0 0 0 0 0 1 0 1 0 0 1 1 0 1 0
 1 1 1 1 0 1 0 1 0 0 0 1 0 1 1 0 1 0 0 0 0 1 1 1 1 0 1 0 0 1 0 0 1 1 0 0 1
 0 0 1 0 1 1 1 0 0 0 1 1 1 0 0 0 0 1 1 1 1 0 1 0 0 1]
[2 3 0 0 2 4 2 4 0 2 2 3 0 0 0 3 0 0 0 0 3 4 1 0 0 0 0 0 0 0 2 0 0 3 0 0 1
 4 0 4 0 0 0 3 0 1 0 0 0 0 0 0 0 3 0 0 0 2 0 1 4 1 0 1 0 0 1 0 0 0 0 2 0 3
 0 2 0 0 0 0 0 3 1 2 3 1 1 3 0 0 0 0 2 0 0 1 2 4 0 0]
[2 3 0 0 2 4 2 4 0 2 2 3 0 0 0 3 0 0 0 0 3 4 1 0 0 0 0 0 0 0 2 0 0 3 0 0 1
 4 0 4 0 0 0 3 0 1 0 0 0 0 0 0 0 3 0 0 0 2 0 1 4 1 0 1 0 0 1 0 0 0 0 2 0 3
 0 2 0 0 0 0 0 3 1 2 3 1 1 3 0 0 0 0 2 0 0 1 2 4 0 0]
[2 1 5 9 5 3 9 5 6 3 3 5 6 7 5 5 7 3 5 3 5 9 6 9 8 8 9 6 4 3 9 8 5 2 2 3 1
 6 6 6 5 6 4 4 1 8 8 9 2 7 9 2 3 5 6 3 6 5 8 8 8 8 6 4 6 5 2 5 8 4 6 3 1 2
 1 2 7 4 2 3 8 5 1 1 7 3 9 2 5 6 8 6 2 4 6 3 8 2 6 4]
[2 1 5 9 5 3 9 5 6 3 3 5 6 7 5 5 7 3 5 3 5 9 6 9 8 8 9 6 4 3 9 8 5 2 2 3 1
 6 6 6 5 6 4 4 1 8 8 9 2 7 9 2 3 5 6 3 6 5 8 8 8 8 6 4 6 5 2 5 8 4 6 3 1 2
 1 2 7 4 2 3 8 5 1 1 7 3 9 2 5 6 8 6 2 4 6 3 8 2 6 4]
[50, 50, 50, 32, 50, 20, 42, 36, 50, 11, 50, 27, 25, 10, 33, 50, 50, 50, 50, 50, 27, 50, 12, 50, 50, 50, 42, 16, 50, 46, 50, 38, 50, 50, 50, 12, 50, 39, 50, 38, 41, 40, 50, 50, 39, 50, 50, 50, 45, 21, 18, 50, 50, 27, 50, 50, 50, 19, 45, 50, 50, 13, 50, 42, 50, 24, 24, 45, 50, 23, 50, 50, 27, 30, 50, 46, 50, 41, 50, 50, 50, 34, 29, 48, 49, 27, 38, 44, 14, 50, 20, 50, 30, 21, 38, 50, 38, 40, 50, 14]
[0 0 0 0 0 0 0 0 0 0 0 0 0 0 0 0 0 0 0 0 0 0 0 0 0 0 0 0 0 0 0 0 0 0 0 0 0
 0 0 0 0 0 0 0 0 0 0 0 0 0 0 0 0 0 0 0 0 0 0 0 0 0 0 0 0 0 0 0 0 0 0 0 0 0
 0 0 0 0 0 0 0 0 0 0 0 0 0 0 0 0 0 0 0 0 0 0 0 0 0 0]
[1 1 1 1 1 1 1 1 1 1 1 1 1 1 1 1 1 1 1 1 1 1 1 1 1 1 1 1 1 1 1 1 1 1 1 1 1
 1 1 1 1 1 1 1 1 1 1 1 1 1 1 1 1 1 1 1 1 1 1 1 1 1 1 1 1 1 1 1 1 1 1 1 1 1
 1 1 1 1 1 1 1 1 1 1 1 1 1 1 1 1 1 1 1 1 1 1 1 1 1 1]
