[ 0  1  2  3  4  5  6  7  8  9 10 11 12 13 14 15 16 17 18 19 20 21 22 23
 24 25 26 27 28 29 30 31 32 33 34 35 36 37 38 39 40 41 42 43 44 45 46 47
 48 49 50 51 52 53 54 55 56 57 58 59 60 61 62 63 64 65 66 67 68 69 70 71
 72 73 74 75 76 77 78 79 80 81 82 83 84 85 86 87 88 89 90 91 92 93 94 95
 96 97 98 99]
[58 17 -1 60 36 -1 29 56 -1 64 81  4 56  9 24 59 -1 -1 29 -1 -1 68 -1 62
 59 95 -1  4 46 41 11 10 11 99 -1 46 77 -1 70 49 -1 22 -1 -1 19 48 -1 34
 81 -1 -1 65 -1 57  2 71 22 33 -1 -1 -1 -1 12 -1 47 57 -1 24 90 -1 31 33
 -1 -1 84 -1 31 -1 14 50 39 13 77 26 -1 -1 -1 83 -1 52  8 -1 -1 91 -1 58
 34 -1 96 34]
[1 0 0 0 0 0 1 0 0 1 1 1 1 1 0 1 1 1 1 1 0 0 0 1 0 1 1 1 1 1 1 0 0 1 1 1 1
 1 0 0 1 0 0 1 0 0 0 0 0 1 1 1 0 1 1 1 1 0 0 1 1 0 0 1 0 0 1 1 0 1 1 0 0 1
 0 1 1 0 1 0 0 1 0 0 1 1 1 1 1 1 0 0 1 0 1 1 0 0 0 1]
[3 0 0 0 0 1 0 4 0 1 0 1 0 3 3 3 0 0 0 0 0 0 1 1 0 0 2 0 0 0 2 4 0 3 0 0 0
 0 0 2 0 0 0 2 4 2 4 0 0 4 3 2 2 2 0 1 2 0 2 0 0 0 1 0 4 2 2 0 0 0 4 2 0 0
 2 3 3 0 1 2 0 4 0 3 1 0 0 0 1 0 2 2 2 0 1 0 0 0 1 2]
[3 0 0 0 0 1 0 4 0 1 0 1 0 3 3 3 0 0 0 0 0 0 1 1 0 0 2 0 0 0 2 4 0 3 0 0 0
 0 0 2 0 0 0 2 4 2 4 0 0 4 3 2 2 2 0 1 2 0 2 0 0 0 1 0 4 2 2 0 0 0 4 2 0 0
 2 3 3 0 1 2 0 4 0 3 1 0 0 0 1 0 2 2 2 0 1 0 0 0 1 2]
[7 4 7 5 4 9 5 5 7 9 6 7 5 7 7 5 1 3 9 7 2 1 6 5 8 2 9 2 3 1 4 7 1 8 2 1 9
 4 6 5 3 4 2 3 9 1 4 2 1 3 5 1 8 8 6 2 3 8 8 4 1 8 4 3 5 5 8 5 3 1 3 8 8 5
 7 8 6 2 1 9 8 2 9 6 7 5 5 4 8 7 7 5 8 5 5 4 7 5 9 3]
[7 4 7 5 4 9 5 5 7 9 6 7 5 7 7 5 1 3 9 7 2 1 6 5 8 2 9 2 3 1 4 7 1 8 2 1 9
 4 6 5 3 4 2 3 9 1 4 2 1 3 5 1 8 8 6 2 3 8 8 4 1 8 4 3 5 5 8 5 3 1 3 8 8 5
 7 8 6 2 1 9 8 2 9 6 7 5 5 4 8 7 7 5 8 5 5 4 7 5 9 3]
[50, 50, 50, 50, 49, 36, 44, 50, 50, 43, 32, 30, 43, 19, 50, 10, 50, 50, 26, 19, 50, 37, 50, 50, 50, 38, 50, 50, 50, 24, 20, 50, 35, 50, 50, 50, 50, 45, 50, 50, 50, 10, 40, 25, 50, 50, 19, 34, 50, 15, 50, 24, 50, 50, 22, 19, 50, 50, 11, 46, 50, 23, 38, 23, 50, 50, 50, 49, 50, 26, 50, 28, 50, 42, 44, 50, 50, 50, 11, 40, 15, 47, 50, 50, 36, 50, 28, 44, 35, 20, 43, 47, 50, 50, 50, 32, 20, 47, 17, 30]
[0 0 0 0 0 0 0 0 0 0 0 0 0 0 0 0 0 0 0 0 0 0 0 0 0 0 0 0 0 0 0 0 0 0 0 0 0
 0 0 0 0 0 0 0 0 0 0 0 0 0 0 0 0 0 0 0 0 0 0 0 0 0 0 0 0 0 0 0 0 0 0 0 0 0
 0 0 0 0 0 0 0 0 0 0 0 0 0 0 0 0 0 0 0 0 0 0 0 0 0 0]
[1 1 1 1 1 1 1 1 1 1 1 1 1 1 1 1 1 1 1 1 1 1 1 1 1 1 1 1 1 1 1 1 1 1 1 1 1
 1 1 1 1 1 1 1 1 1 1 1 1 1 1 1 1 1 1 1 1 1 1 1 1 1 1 1 1 1 1 1 1 1 1 1 1 1
 1 1 1 1 1 1 1 1 1 1 1 1 1 1 1 1 1 1 1 1 1 1 1 1 1 1]
