[ 0  1  2  3  4  5  6  7  8  9 10 11 12 13 14 15 16 17 18 19 20 21 22 23
 24 25 26 27 28 29 30 31 32 33 34 35 36 37 38 39 40 41 42 43 44 45 46 47
 48 49 50 51 52 53 54 55 56 57 58 59 60 61 62 63 64 65 66 67 68 69 70 71
 72 73 74 75 76 77 78 79 80 81 82 83 84 85 86 87 88 89 90 91 92 93 94 95
 96 97 98 99]
[-1 86 35  9 35 -1 -1 96 76 45 51 -1 43 48 13 61 89 31 36 -1 68 -1 62 19
  8 -1 88 81 33  6 -1 72 -1 -1 61 90 79 -1 21 -1 74 95 13 21 48 43 97 -1
 11 82 57 -1 95 -1 91 98 71 -1 -1 -1 -1 99 95 14 -1 -1 -1 77  9 -1 89  1
 70 87 60 62 80 -1 -1 -1 19 48 47 93 13 84 -1 -1 29 -1 -1 85 54 -1 -1 19
 27 31 97 89]
[0 0 0 1 0 0 0 0 0 1 1 0 0 0 0 0 1 1 1 0 1 1 1 1 0 0 0 1 0 1 0 1 0 1 0 0 0
 0 1 1 1 1 0 1 0 1 0 0 1 1 0 0 1 0 1 1 1 0 1 0 1 0 0 1 0 0 0 0 1 1 0 1 0 0
 1 0 0 1 1 1 0 1 0 0 0 1 1 0 0 0 0 1 0 1 0 1 0 0 0 0]
[1 4 0 0 2 2 3 1 0 0 0 0 0 4 1 3 0 3 3 3 0 3 3 0 0 0 4 0 0 3 3 0 0 2 0 3 0
 0 3 0 3 0 2 2 2 0 1 0 0 1 1 2 1 0 0 3 3 0 2 0 4 2 0 4 0 0 0 0 1 4 0 2 1 0
 2 0 4 0 1 0 0 0 2 1 0 3 4 0 3 0 0 3 1 0 0 0 3 3 0 0]
[1 4 0 0 2 2 3 1 0 0 0 0 0 4 1 3 0 3 3 3 0 3 3 0 0 0 4 0 0 3 3 0 0 2 0 3 0
 0 3 0 3 0 2 2 2 0 1 0 0 1 1 2 1 0 0 3 3 0 2 0 4 2 0 4 0 0 0 0 1 4 0 2 1 0
 2 0 4 0 1 0 0 0 2 1 0 3 4 0 3 0 0 3 1 0 0 0 3 3 0 0]
[4 4 4 8 8 6 9 7 1 3 7 8 8 2 2 7 9 6 9 5 8 3 2 1 3 1 4 8 9 5 1 5 1 8 3 6 6
 8 1 8 7 2 2 2 7 8 7 3 9 3 4 1 5 3 9 4 5 9 6 1 9 9 2 3 9 2 2 2 8 8 4 5 2 7
 5 8 3 1 3 1 7 7 9 6 8 8 1 7 3 1 6 9 7 6 3 3 3 1 7 6]
[4 4 4 8 8 6 9 7 1 3 7 8 8 2 2 7 9 6 9 5 8 3 2 1 3 1 4 8 9 5 1 5 1 8 3 6 6
 8 1 8 7 2 2 2 7 8 7 3 9 3 4 1 5 3 9 4 5 9 6 1 9 9 2 3 9 2 2 2 8 8 4 5 2 7
 5 8 3 1 3 1 7 7 9 6 8 8 1 7 3 1 6 9 7 6 3 3 3 1 7 6]
[39, 50, 50, 42, 49, 18, 34, 50, 41, 50, 15, 50, 50, 50, 36, 34, 13, 41, 33, 12, 12, 43, 29, 20, 50, 40, 24, 50, 50, 50, 50, 50, 23, 50, 22, 50, 50, 50, 33, 50, 50, 25, 34, 25, 46, 50, 43, 28, 50, 50, 50, 11, 14, 50, 42, 43, 48, 49, 48, 50, 50, 25, 50, 50, 50, 12, 50, 50, 50, 24, 50, 18, 43, 50, 50, 30, 37, 50, 32, 50, 13, 14, 50, 50, 50, 50, 50, 32, 31, 50, 36, 50, 50, 46, 50, 22, 50, 50, 26, 50]
[0 0 0 0 0 0 0 0 0 0 0 0 0 0 0 0 0 0 0 0 0 0 0 0 0 0 0 0 0 0 0 0 0 0 0 0 0
 0 0 0 0 0 0 0 0 0 0 0 0 0 0 0 0 0 0 0 0 0 0 0 0 0 0 0 0 0 0 0 0 0 0 0 0 0
 0 0 0 0 0 0 0 0 0 0 0 0 0 0 0 0 0 0 0 0 0 0 0 0 0 0]
[1 1 1 1 1 1 1 1 1 1 1 1 1 1 1 1 1 1 1 1 1 1 1 1 1 1 1 1 1 1 1 1 1 1 1 1 1
 1 1 1 1 1 1 1 1 1 1 1 1 1 1 1 1 1 1 1 1 1 1 1 1 1 1 1 1 1 1 1 1 1 1 1 1 1
 1 1 1 1 1 1 1 1 1 1 1 1 1 1 1 1 1 1 1 1 1 1 1 1 1 1]
