[ 0  1  2  3  4  5  6  7  8  9 10 11 12 13 14 15 16 17 18 19 20 21 22 23
 24 25 26 27 28 29 30 31 32 33 34 35 36 37 38 39 40 41 42 43 44 45 46 47
 48 49 50 51 52 53 54 55 56 57 58 59 60 61 62 63 64 65 66 67 68 69 70 71
 72 73 74 75 76 77 78 79 80 81 82 83 84 85 86 87 88 89 90 91 92 93 94 95
 96 97 98 99]
[85 54 -1 -1 82 71 -1 22 91 18 52 -1 -1 80 -1 -1 89 -1 -1 -1 64 18 31 67
 41 -1 -1 -1 83 -1 10 93 -1 87 40 56 68 68  6 97 51 60 86 56 38  1 17 48
 55 -1 -1 26 28 -1 75  7 24 51 27 33 12 82 -1 77 17 -1 59  2 -1 -1 83 53
 81 56 88 -1 15 -1 76 46 -1 -1 39 74 17 -1  2 24 -1 -1 34 12 72 97 65 -1
 94 -1 66 29]
[1 0 0 1 1 1 1 1 1 1 0 0 0 1 1 0 0 0 0 1 0 1 1 1 0 1 1 1 0 1 0 0 1 0 0 0 0
 0 0 0 1 1 0 0 0 0 0 0 1 0 0 0 0 0 1 0 0 0 1 0 0 1 1 1 0 0 0 0 0 0 1 1 0 1
 1 0 0 0 0 0 0 1 0 0 0 1 0 0 0 0 0 0 1 0 1 1 0 0 1 1]
[3 0 0 0 0 0 0 1 0 2 0 4 4 0 0 3 0 0 3 0 1 4 0 0 0 2 1 0 2 0 1 4 2 1 2 4 0
 3 4 0 3 0 1 0 3 4 0 2 2 0 0 4 0 0 3 3 0 1 0 4 0 0 0 0 0 2 4 3 0 4 0 4 0 0
 0 0 2 4 4 0 2 1 1 3 4 2 0 0 1 4 0 4 3 4 0 0 0 0 1 1]
[3 0 0 0 0 0 0 1 0 2 0 4 4 0 0 3 0 0 3 0 1 4 0 0 0 2 1 0 2 0 1 4 2 1 2 4 0
 3 4 0 3 0 1 0 3 4 0 2 2 0 0 4 0 0 3 3 0 1 0 4 0 0 0 0 0 2 4 3 0 4 0 4 0 0
 0 0 2 4 4 0 2 1 1 3 4 2 0 0 1 4 0 4 3 4 0 0 0 0 1 1]
[2 9 8 1 7 9 6 5 7 7 4 2 3 1 3 4 4 8 5 8 4 6 7 7 3 4 9 1 8 8 6 5 9 1 2 1 3
 7 5 1 3 1 9 2 1 1 8 3 3 6 1 9 3 7 3 9 2 6 8 1 8 2 1 6 4 5 1 6 4 3 7 9 6 4
 6 3 3 8 2 2 1 5 7 1 3 1 7 2 4 4 9 1 1 7 6 6 3 4 9 1]
[2 9 8 1 7 9 6 5 7 7 4 2 3 1 3 4 4 8 5 8 4 6 7 7 3 4 9 1 8 8 6 5 9 1 2 1 3
 7 5 1 3 1 9 2 1 1 8 3 3 6 1 9 3 7 3 9 2 6 8 1 8 2 1 6 4 5 1 6 4 3 7 9 6 4
 6 3 3 8 2 2 1 5 7 1 3 1 7 2 4 4 9 1 1 7 6 6 3 4 9 1]
[50, 50, 12, 35, 46, 50, 50, 50, 50, 48, 50, 49, 26, 50, 32, 32, 41, 50, 50, 26, 50, 23, 50, 42, 50, 50, 14, 50, 50, 39, 33, 20, 18, 50, 17, 38, 50, 12, 34, 50, 15, 47, 50, 50, 50, 45, 50, 30, 16, 50, 50, 49, 50, 50, 50, 28, 17, 50, 42, 17, 50, 24, 50, 29, 50, 50, 50, 28, 50, 50, 50, 49, 50, 50, 11, 39, 49, 50, 45, 23, 41, 32, 17, 50, 37, 50, 50, 17, 50, 50, 50, 50, 12, 16, 36, 46, 50, 20, 36, 50]
[0 0 0 0 0 0 0 0 0 0 0 0 0 0 0 0 0 0 0 0 0 0 0 0 0 0 0 0 0 0 0 0 0 0 0 0 0
 0 0 0 0 0 0 0 0 0 0 0 0 0 0 0 0 0 0 0 0 0 0 0 0 0 0 0 0 0 0 0 0 0 0 0 0 0
 0 0 0 0 0 0 0 0 0 0 0 0 0 0 0 0 0 0 0 0 0 0 0 0 0 0]
[1 1 1 1 1 1 1 1 1 1 1 1 1 1 1 1 1 1 1 1 1 1 1 1 1 1 1 1 1 1 1 1 1 1 1 1 1
 1 1 1 1 1 1 1 1 1 1 1 1 1 1 1 1 1 1 1 1 1 1 1 1 1 1 1 1 1 1 1 1 1 1 1 1 1
 1 1 1 1 1 1 1 1 1 1 1 1 1 1 1 1 1 1 1 1 1 1 1 1 1 1]
