[ 0  1  2  3  4  5  6  7  8  9 10 11 12 13 14 15 16 17 18 19 20 21 22 23
 24 25 26 27 28 29 30 31 32 33 34 35 36 37 38 39 40 41 42 43 44 45 46 47
 48 49 50 51 52 53 54 55 56 57 58 59 60 61 62 63 64 65 66 67 68 69 70 71
 72 73 74 75 76 77 78 79 80 81 82 83 84 85 86 87 88 89 90 91 92 93 94 95
 96 97 98 99]
[-1 96 -1 45 -1 76 -1  4 27 -1 -1 60 -1  7  7 -1 51 -1 -1 74 73 -1 58 48
 18 -1 -1 -1 88 -1 94 12 51 58 64 75 -1 64 95 37 -1  4  7 60 -1 -1 81 37
 -1 61 60 -1 -1 -1 88 74 83 -1 -1 53 88 55 98 13 48 19 -1  8 56 -1 16 -1
 -1 -1  6 -1 -1 85 66 -1 14 66 -1 13 47 -1 27 75 -1 22 27 -1 -1 80 97 -1
 83 78 70 41]
[0 0 1 0 0 0 1 0 0 0 1 1 1 0 1 1 1 0 1 0 1 1 0 0 1 1 0 0 0 0 0 1 1 0 0 0 0
 0 1 0 1 0 1 1 0 0 0 1 0 0 1 0 0 1 0 0 0 1 0 1 0 0 0 0 0 0 0 1 1 0 0 0 0 0
 0 1 0 1 0 1 1 1 0 1 1 0 1 1 0 0 0 1 0 0 1 0 1 0 0 0]
[0 3 0 2 0 0 1 1 0 0 0 4 2 0 2 0 0 2 0 4 0 4 2 1 3 0 3 0 3 3 4 2 0 1 3 0 0
 2 0 4 0 0 0 0 2 3 2 0 1 0 0 0 0 0 1 2 0 0 0 0 0 3 1 2 0 3 0 0 1 1 2 2 0 2
 4 1 4 0 2 2 4 0 3 0 0 0 0 4 2 0 2 2 0 1 0 4 1 0 0 4]
[0 3 0 2 0 0 1 1 0 0 0 4 2 0 2 0 0 2 0 4 0 4 2 1 3 0 3 0 3 3 4 2 0 1 3 0 0
 2 0 4 0 0 0 0 2 3 2 0 1 0 0 0 0 0 1 2 0 0 0 0 0 3 1 2 0 3 0 0 1 1 2 2 0 2
 4 1 4 0 2 2 4 0 3 0 0 0 0 4 2 0 2 2 0 1 0 4 1 0 0 4]
[8 8 3 4 3 6 2 8 6 3 8 8 9 3 7 8 7 9 8 8 2 2 7 8 8 5 8 1 7 4 3 5 9 8 9 6 7
 3 2 1 7 4 7 8 2 6 2 3 3 9 3 4 6 7 1 9 1 2 7 8 7 2 2 6 6 5 3 3 7 5 8 5 2 3
 5 7 1 1 5 4 3 8 3 1 9 7 7 2 6 9 6 9 4 8 7 2 9 8 5 7]
[8 8 3 4 3 6 2 8 6 3 8 8 9 3 7 8 7 9 8 8 2 2 7 8 8 5 8 1 7 4 3 5 9 8 9 6 7
 3 2 1 7 4 7 8 2 6 2 3 3 9 3 4 6 7 1 9 1 2 7 8 7 2 2 6 6 5 3 3 7 5 8 5 2 3
 5 7 1 1 5 4 3 8 3 1 9 7 7 2 6 9 6 9 4 8 7 2 9 8 5 7]
[50, 34, 50, 37, 50, 45, 50, 50, 50, 18, 14, 32, 50, 45, 17, 50, 50, 50, 50, 50, 50, 36, 50, 38, 18, 26, 50, 28, 19, 50, 34, 50, 47, 45, 15, 50, 50, 50, 50, 50, 50, 50, 50, 26, 28, 50, 50, 50, 49, 50, 50, 40, 50, 50, 17, 50, 16, 15, 11, 39, 50, 17, 12, 32, 50, 50, 50, 50, 50, 48, 45, 50, 44, 50, 50, 50, 15, 21, 33, 14, 24, 22, 50, 50, 50, 50, 50, 29, 36, 32, 26, 50, 50, 50, 24, 45, 31, 11, 50, 50]
[0 0 0 0 0 0 0 0 0 0 0 0 0 0 0 0 0 0 0 0 0 0 0 0 0 0 0 0 0 0 0 0 0 0 0 0 0
 0 0 0 0 0 0 0 0 0 0 0 0 0 0 0 0 0 0 0 0 0 0 0 0 0 0 0 0 0 0 0 0 0 0 0 0 0
 0 0 0 0 0 0 0 0 0 0 0 0 0 0 0 0 0 0 0 0 0 0 0 0 0 0]
[1 1 1 1 1 1 1 1 1 1 1 1 1 1 1 1 1 1 1 1 1 1 1 1 1 1 1 1 1 1 1 1 1 1 1 1 1
 1 1 1 1 1 1 1 1 1 1 1 1 1 1 1 1 1 1 1 1 1 1 1 1 1 1 1 1 1 1 1 1 1 1 1 1 1
 1 1 1 1 1 1 1 1 1 1 1 1 1 1 1 1 1 1 1 1 1 1 1 1 1 1]
