[ 0  1  2  3  4  5  6  7  8  9 10 11 12 13 14 15 16 17 18 19 20 21 22 23
 24 25 26 27 28 29 30 31 32 33 34 35 36 37 38 39 40 41 42 43 44 45 46 47
 48 49 50 51 52 53 54 55 56 57 58 59 60 61 62 63 64 65 66 67 68 69 70 71
 72 73 74 75 76 77 78 79 80 81 82 83 84 85 86 87 88 89 90 91 92 93 94 95
 96 97 98 99]
[-1 17 -1 -1 -1 -1 39 81 41 -1 71 56 -1 43 -1 -1  4 -1 60 96 -1 78  0 -1
 63 10 34 -1 -1 13 -1 -1 27 45 44  7 28 13 -1 13 84 -1 -1 -1 -1 43 27 55
 -1 53 -1  2 97 -1 -1 78 89 -1 -1 26 96 -1 -1  0 33 -1 -1 61 26 -1  3  5
 33 -1 -1 78 13 -1 48 19 64 -1 37 61  7 -1 -1 -1  1 80 52 33 57 57 37 -1
 -1 38 14 -1]
[0 1 0 1 1 1 1 1 0 0 1 1 0 0 0 1 0 0 0 0 1 0 0 0 1 0 1 1 0 1 0 1 1 1 0 0 1
 0 1 0 0 0 1 0 0 1 1 0 1 0 0 0 1 0 1 0 1 1 0 1 0 0 1 1 0 0 0 0 0 1 1 1 1 1
 1 1 1 0 0 0 0 1 1 1 0 1 0 0 0 0 0 1 1 0 0 1 1 1 1 0]
[0 0 0 1 2 0 0 0 3 4 0 4 4 0 0 1 1 0 0 0 2 2 1 4 1 0 0 1 0 1 0 0 0 2 3 0 4
 0 3 0 1 0 2 4 2 2 0 0 0 1 2 0 2 0 0 0 0 0 0 0 4 4 4 1 2 0 1 0 0 0 0 0 0 1
 0 0 1 0 0 0 0 2 0 3 3 1 4 3 0 1 0 0 0 0 0 0 0 2 0 2]
[0 0 0 1 2 0 0 0 3 4 0 4 4 0 0 1 1 0 0 0 2 2 1 4 1 0 0 1 0 1 0 0 0 2 3 0 4
 0 3 0 1 0 2 4 2 2 0 0 0 1 2 0 2 0 0 0 0 0 0 0 4 4 4 1 2 0 1 0 0 0 0 0 0 1
 0 0 1 0 0 0 0 2 0 3 3 1 4 3 0 1 0 0 0 0 0 0 0 2 0 2]
[3 3 9 3 8 1 6 2 2 5 9 8 3 4 5 7 6 9 9 6 2 6 3 3 2 9 4 6 6 1 9 8 4 3 8 3 8
 1 7 7 6 8 8 9 2 6 3 6 4 4 9 7 8 8 8 8 7 7 5 1 3 3 2 8 3 9 1 6 1 7 5 2 1 4
 7 2 9 2 2 9 1 8 2 8 3 9 1 5 9 6 2 7 1 4 9 8 3 8 2 9]
[3 3 9 3 8 1 6 2 2 5 9 8 3 4 5 7 6 9 9 6 2 6 3 3 2 9 4 6 6 1 9 8 4 3 8 3 8
 1 7 7 6 8 8 9 2 6 3 6 4 4 9 7 8 8 8 8 7 7 5 1 3 3 2 8 3 9 1 6 1 7 5 2 1 4
 7 2 9 2 2 9 1 8 2 8 3 9 1 5 9 6 2 7 1 4 9 8 3 8 2 9]
[50, 31, 15, 50, 50, 50, 37, 50, 50, 18, 50, 23, 22, 50, 44, 50, 50, 50, 50, 50, 50, 50, 50, 34, 50, 23, 34, 38, 50, 16, 19, 50, 50, 50, 50, 50, 23, 39, 37, 42, 19, 50, 50, 21, 46, 28, 50, 50, 36, 13, 50, 50, 50, 50, 50, 50, 50, 19, 50, 50, 50, 50, 50, 37, 42, 50, 33, 16, 50, 50, 50, 42, 12, 31, 50, 50, 15, 50, 13, 22, 50, 50, 45, 12, 50, 11, 50, 29, 45, 40, 50, 15, 50, 50, 50, 42, 50, 22, 15, 34]
[0 0 0 0 0 0 0 0 0 0 0 0 0 0 0 0 0 0 0 0 0 0 0 0 0 0 0 0 0 0 0 0 0 0 0 0 0
 0 0 0 0 0 0 0 0 0 0 0 0 0 0 0 0 0 0 0 0 0 0 0 0 0 0 0 0 0 0 0 0 0 0 0 0 0
 0 0 0 0 0 0 0 0 0 0 0 0 0 0 0 0 0 0 0 0 0 0 0 0 0 0]
[1 1 1 1 1 1 1 1 1 1 1 1 1 1 1 1 1 1 1 1 1 1 1 1 1 1 1 1 1 1 1 1 1 1 1 1 1
 1 1 1 1 1 1 1 1 1 1 1 1 1 1 1 1 1 1 1 1 1 1 1 1 1 1 1 1 1 1 1 1 1 1 1 1 1
 1 1 1 1 1 1 1 1 1 1 1 1 1 1 1 1 1 1 1 1 1 1 1 1 1 1]
