[ 0  1  2  3  4  5  6  7  8  9 10 11 12 13 14 15 16 17 18 19 20 21 22 23
 24 25 26 27 28 29 30 31 32 33 34 35 36 37 38 39 40 41 42 43 44 45 46 47
 48 49 50 51 52 53 54 55 56 57 58 59 60 61 62 63 64 65 66 67 68 69 70 71
 72 73 74 75 76 77 78 79 80 81 82 83 84 85 86 87 88 89 90 91 92 93 94 95
 96 97 98 99]
[ 5 -1 42 76 -1 71 80 21 -1 33 -1  5 -1 -1 21 -1 77 49 16 22 80 15 91 -1
 42 60 -1 24 -1 -1 -1 -1  0 83 -1 57 87 -1 -1 -1 -1 -1 57 87 89 -1 89 40
 49 -1 51 92 50 79 42 45 17 16 26  8 70 53 88 22 -1 53 60 55 27 73 77 36
 -1 19 -1 33 43  5 86 51 93 -1 46 -1 98 56 93 52  9  3 54 33 99 67 74 60
 57 20 53 31]
[0 1 0 0 1 1 0 0 0 1 1 1 0 0 1 0 0 0 0 0 0 1 0 0 0 0 0 0 1 1 1 1 1 1 0 0 0
 1 1 1 0 1 1 1 0 0 1 0 0 1 0 1 0 0 1 0 1 1 1 0 1 1 0 1 1 0 1 1 1 1 1 1 1 0
 1 1 0 0 1 1 0 1 1 0 1 0 0 1 1 1 1 1 1 0 1 1 0 0 1 1]
[4 0 2 4 2 1 0 0 3 0 0 4 0 4 0 0 4 3 1 0 1 0 4 0 1 4 0 3 4 4 0 4 0 1 2 4 0
 3 0 1 0 2 0 0 4 1 0 0 1 0 0 0 1 2 0 4 0 3 2 1 2 3 4 0 3 3 0 0 4 1 0 0 0 0
 0 4 0 3 3 0 0 2 0 1 0 2 2 1 1 0 0 0 0 0 4 0 0 0 1 0]
[4 0 2 4 2 1 0 0 3 0 0 4 0 4 0 0 4 3 1 0 1 0 4 0 1 4 0 3 4 4 0 4 0 1 2 4 0
 3 0 1 0 2 0 0 4 1 0 0 1 0 0 0 1 2 0 4 0 3 2 1 2 3 4 0 3 3 0 0 4 1 0 0 0 0
 0 4 0 3 3 0 0 2 0 1 0 2 2 1 1 0 0 0 0 0 4 0 0 0 1 0]
[8 2 6 1 3 7 4 9 5 1 9 1 2 8 2 8 4 1 7 3 1 3 1 1 8 6 2 7 3 1 4 5 6 9 4 9 6
 3 5 4 2 5 2 9 8 4 5 2 7 5 3 3 7 7 5 1 5 8 5 9 6 2 7 5 5 3 2 9 2 3 6 3 9 9
 5 4 4 2 3 4 9 7 3 1 2 7 9 3 9 1 8 7 9 5 4 5 6 6 9 7]
[8 2 6 1 3 7 4 9 5 1 9 1 2 8 2 8 4 1 7 3 1 3 1 1 8 6 2 7 3 1 4 5 6 9 4 9 6
 3 5 4 2 5 2 9 8 4 5 2 7 5 3 3 7 7 5 1 5 8 5 9 6 2 7 5 5 3 2 9 2 3 6 3 9 9
 5 4 4 2 3 4 9 7 3 1 2 7 9 3 9 1 8 7 9 5 4 5 6 6 9 7]
[50, 50, 48, 50, 50, 40, 24, 50, 50, 50, 47, 50, 45, 25, 35, 39, 50, 50, 36, 50, 33, 50, 47, 21, 50, 22, 50, 48, 50, 50, 32, 30, 22, 50, 18, 50, 33, 50, 50, 50, 50, 50, 26, 38, 49, 50, 10, 50, 30, 17, 50, 50, 43, 39, 32, 50, 22, 50, 34, 31, 43, 50, 11, 50, 50, 18, 50, 50, 28, 23, 19, 50, 26, 50, 50, 44, 50, 26, 50, 46, 19, 42, 39, 50, 50, 35, 46, 50, 17, 50, 21, 28, 50, 18, 50, 20, 36, 37, 42, 50]
[0 0 0 0 0 0 0 0 0 0 0 0 0 0 0 0 0 0 0 0 0 0 0 0 0 0 0 0 0 0 0 0 0 0 0 0 0
 0 0 0 0 0 0 0 0 0 0 0 0 0 0 0 0 0 0 0 0 0 0 0 0 0 0 0 0 0 0 0 0 0 0 0 0 0
 0 0 0 0 0 0 0 0 0 0 0 0 0 0 0 0 0 0 0 0 0 0 0 0 0 0]
[1 1 1 1 1 1 1 1 1 1 1 1 1 1 1 1 1 1 1 1 1 1 1 1 1 1 1 1 1 1 1 1 1 1 1 1 1
 1 1 1 1 1 1 1 1 1 1 1 1 1 1 1 1 1 1 1 1 1 1 1 1 1 1 1 1 1 1 1 1 1 1 1 1 1
 1 1 1 1 1 1 1 1 1 1 1 1 1 1 1 1 1 1 1 1 1 1 1 1 1 1]
