[ 0  1  2  3  4  5  6  7  8  9 10 11 12 13 14 15 16 17 18 19 20 21 22 23
 24 25 26 27 28 29 30 31 32 33 34 35 36 37 38 39 40 41 42 43 44 45 46 47
 48 49 50 51 52 53 54 55 56 57 58 59 60 61 62 63 64 65 66 67 68 69 70 71
 72 73 74 75 76 77 78 79 80 81 82 83 84 85 86 87 88 89 90 91 92 93 94 95
 96 97 98 99]
[-1 -1 51 75 19 62 -1 -1  3 87 22 35 27 88 77 40 -1 -1 -1 -1  6 36 -1 -1
  6 -1 -1 -1 -1  6 21 74 12 -1 -1 13 45 59 -1 73 14 -1 -1 79 -1 -1 79  8
 -1 21 -1 33 90 65 21 -1 18 41 59 66 84 74  4 58 -1 72 -1 -1 84 -1 -1 30
 -1 93 73 58 18 71 62 84 99 -1 24  5 -1 99 96 72 -1 55 69 -1 -1 60 -1 -1
 62 91 -1 89]
[0 0 1 0 0 0 0 0 0 0 1 0 1 0 1 1 1 1 1 1 0 0 0 1 0 1 0 1 1 0 1 0 1 0 0 1 1
 1 0 1 1 0 0 0 0 0 1 1 1 1 1 1 0 1 0 1 1 0 0 1 0 0 0 0 1 0 0 0 0 1 0 1 0 0
 1 0 1 0 0 0 0 1 1 0 0 0 1 0 0 1 0 0 1 0 0 1 1 1 1 1]
[0 0 3 0 3 4 0 0 3 0 0 0 0 3 0 2 4 0 4 4 0 0 0 0 0 1 3 3 0 0 0 4 2 0 0 3 0
 0 4 0 1 0 2 3 4 3 1 0 3 1 3 2 0 0 0 0 3 2 3 0 1 0 1 0 3 0 0 4 0 0 0 0 0 2
 4 0 0 0 0 4 2 0 0 3 0 3 3 0 0 0 2 0 0 2 0 4 1 3 0 2]
[0 0 3 0 3 4 0 0 3 0 0 0 0 3 0 2 4 0 4 4 0 0 0 0 0 1 3 3 0 0 0 4 2 0 0 3 0
 0 4 0 1 0 2 3 4 3 1 0 3 1 3 2 0 0 0 0 3 2 3 0 1 0 1 0 3 0 0 4 0 0 0 0 0 2
 4 0 0 0 0 4 2 0 0 3 0 3 3 0 0 0 2 0 0 2 0 4 1 3 0 2]
[5 9 6 6 2 2 4 6 8 5 5 7 7 3 3 6 3 7 4 1 8 6 2 4 1 3 8 5 3 6 3 5 6 3 6 9 9
 1 3 7 1 9 9 7 2 1 2 9 5 8 2 8 5 7 2 3 5 3 8 1 7 7 7 4 3 2 5 9 5 5 3 7 1 7
 8 4 3 3 5 6 4 2 4 9 9 8 1 8 9 3 1 7 7 3 2 3 2 7 5 7]
[5 9 6 6 2 2 4 6 8 5 5 7 7 3 3 6 3 7 4 1 8 6 2 4 1 3 8 5 3 6 3 5 6 3 6 9 9
 1 3 7 1 9 9 7 2 1 2 9 5 8 2 8 5 7 2 3 5 3 8 1 7 7 7 4 3 2 5 9 5 5 3 7 1 7
 8 4 3 3 5 6 4 2 4 9 9 8 1 8 9 3 1 7 7 3 2 3 2 7 5 7]
[50, 25, 50, 48, 48, 50, 32, 46, 32, 50, 21, 14, 48, 25, 21, 50, 31, 50, 10, 50, 48, 50, 50, 50, 35, 46, 17, 30, 30, 50, 28, 50, 32, 30, 35, 50, 50, 50, 50, 49, 11, 49, 26, 50, 18, 46, 50, 44, 40, 50, 50, 36, 50, 19, 21, 50, 50, 50, 50, 46, 21, 50, 50, 47, 41, 19, 49, 46, 20, 47, 50, 28, 15, 42, 50, 40, 36, 49, 50, 50, 14, 50, 50, 50, 25, 50, 50, 41, 42, 50, 24, 22, 50, 37, 23, 35, 50, 50, 50, 50]
[0 0 0 0 0 0 0 0 0 0 0 0 0 0 0 0 0 0 0 0 0 0 0 0 0 0 0 0 0 0 0 0 0 0 0 0 0
 0 0 0 0 0 0 0 0 0 0 0 0 0 0 0 0 0 0 0 0 0 0 0 0 0 0 0 0 0 0 0 0 0 0 0 0 0
 0 0 0 0 0 0 0 0 0 0 0 0 0 0 0 0 0 0 0 0 0 0 0 0 0 0]
[1 1 1 1 1 1 1 1 1 1 1 1 1 1 1 1 1 1 1 1 1 1 1 1 1 1 1 1 1 1 1 1 1 1 1 1 1
 1 1 1 1 1 1 1 1 1 1 1 1 1 1 1 1 1 1 1 1 1 1 1 1 1 1 1 1 1 1 1 1 1 1 1 1 1
 1 1 1 1 1 1 1 1 1 1 1 1 1 1 1 1 1 1 1 1 1 1 1 1 1 1]
