[ 0  1  2  3  4  5  6  7  8  9 10 11 12 13 14 15 16 17 18 19 20 21 22 23
 24 25 26 27 28 29 30 31 32 33 34 35 36 37 38 39 40 41 42 43 44 45 46 47
 48 49 50 51 52 53 54 55 56 57 58 59 60 61 62 63 64 65 66 67 68 69 70 71
 72 73 74 75 76 77 78 79 80 81 82 83 84 85 86 87 88 89 90 91 92 93 94 95
 96 97 98 99]
[ 3 98 83 11 -1 83  5 -1  4 25 64 48 73 61 -1 51 -1 -1 47 -1 -1 69 -1 16
 76 10 12 39 -1 86 41 -1 -1 41 24 19  9 -1 32 -1 -1 61 -1  4  0 28 48 73
 76 -1 53 26 14 -1 -1 -1 23 86 53 97  8 22 43 -1 -1 18 64 80 81 79 -1 38
 56 -1  0 23 73 -1 21 65  6 -1 60 51 -1 29 -1 62 32 -1 20 -1 -1 -1 37 84
 63 80 -1 74]
[1 1 1 0 1 0 0 0 0 1 0 1 0 0 1 1 0 0 1 0 0 0 1 1 1 1 0 1 1 1 1 1 0 1 1 1 1
 1 1 0 1 0 1 1 0 1 0 1 1 1 1 0 0 0 0 0 1 0 1 1 1 0 1 0 1 1 0 1 0 0 0 0 1 1
 0 0 1 1 0 0 1 1 1 1 0 0 0 1 1 0 1 0 1 0 0 0 0 0 0 1]
[0 1 4 0 2 0 1 0 1 3 4 0 4 4 2 0 2 3 2 0 4 1 0 0 3 0 0 2 0 0 0 1 0 4 2 1 0
 1 2 0 0 0 2 0 0 0 0 0 0 1 0 0 4 0 0 0 0 4 0 2 2 0 3 2 0 2 0 0 4 4 2 3 2 0
 0 2 2 0 0 0 3 2 0 0 3 3 1 0 0 0 3 0 0 3 2 0 0 1 0 1]
[0 1 4 0 2 0 1 0 1 3 4 0 4 4 2 0 2 3 2 0 4 1 0 0 3 0 0 2 0 0 0 1 0 4 2 1 0
 1 2 0 0 0 2 0 0 0 0 0 0 1 0 0 4 0 0 0 0 4 0 2 2 0 3 2 0 2 0 0 4 4 2 3 2 0
 0 2 2 0 0 0 3 2 0 0 3 3 1 0 0 0 3 0 0 3 2 0 0 1 0 1]
[7 3 6 7 5 7 6 8 5 8 9 3 1 7 5 8 1 2 1 9 9 8 1 8 5 5 7 2 7 5 7 4 9 2 8 3 6
 2 7 2 9 7 1 9 9 7 3 4 8 3 1 1 7 1 1 9 7 5 5 6 8 2 6 6 8 2 7 4 6 6 9 5 4 1
 6 9 2 5 4 6 9 6 4 7 8 4 9 1 4 9 2 7 5 2 2 1 2 9 3 7]
[7 3 6 7 5 7 6 8 5 8 9 3 1 7 5 8 1 2 1 9 9 8 1 8 5 5 7 2 7 5 7 4 9 2 8 3 6
 2 7 2 9 7 1 9 9 7 3 4 8 3 1 1 7 1 1 9 7 5 5 6 8 2 6 6 8 2 7 4 6 6 9 5 4 1
 6 9 2 5 4 6 9 6 4 7 8 4 9 1 4 9 2 7 5 2 2 1 2 9 3 7]
[50, 50, 27, 25, 50, 41, 50, 17, 34, 32, 12, 50, 50, 30, 50, 50, 50, 50, 50, 50, 50, 50, 50, 27, 50, 15, 50, 50, 49, 50, 50, 50, 50, 50, 46, 50, 50, 13, 29, 18, 50, 45, 19, 10, 37, 21, 50, 47, 45, 50, 50, 50, 50, 50, 50, 50, 50, 50, 23, 28, 12, 50, 50, 50, 26, 28, 15, 50, 13, 40, 50, 44, 33, 37, 16, 11, 50, 46, 50, 48, 46, 50, 14, 50, 18, 50, 50, 29, 34, 50, 34, 50, 50, 44, 26, 50, 10, 36, 50, 50]
[0 0 0 0 0 0 0 0 0 0 0 0 0 0 0 0 0 0 0 0 0 0 0 0 0 0 0 0 0 0 0 0 0 0 0 0 0
 0 0 0 0 0 0 0 0 0 0 0 0 0 0 0 0 0 0 0 0 0 0 0 0 0 0 0 0 0 0 0 0 0 0 0 0 0
 0 0 0 0 0 0 0 0 0 0 0 0 0 0 0 0 0 0 0 0 0 0 0 0 0 0]
[1 1 1 1 1 1 1 1 1 1 1 1 1 1 1 1 1 1 1 1 1 1 1 1 1 1 1 1 1 1 1 1 1 1 1 1 1
 1 1 1 1 1 1 1 1 1 1 1 1 1 1 1 1 1 1 1 1 1 1 1 1 1 1 1 1 1 1 1 1 1 1 1 1 1
 1 1 1 1 1 1 1 1 1 1 1 1 1 1 1 1 1 1 1 1 1 1 1 1 1 1]
