[ 0  1  2  3  4  5  6  7  8  9 10 11 12 13 14 15 16 17 18 19 20 21 22 23
 24 25 26 27 28 29 30 31 32 33 34 35 36 37 38 39 40 41 42 43 44 45 46 47
 48 49 50 51 52 53 54 55 56 57 58 59 60 61 62 63 64 65 66 67 68 69 70 71
 72 73 74 75 76 77 78 79 80 81 82 83 84 85 86 87 88 89 90 91 92 93 94 95
 96 97 98 99]
[-1 -1 -1  0 62 -1 -1 -1 -1 -1 -1 56 96 45 22 -1 -1 34 44  8 14 63 -1 63
 76 -1 99 92 80 -1 12 73 -1 99  9 -1 -1 97 -1 -1 72 -1 49 59 51 60 -1 38
 70 -1  9 -1 -1 -1 -1  1 19 90  2 -1 73 17 67 89 55 -1 -1 -1 51 45 -1 18
 84 -1  8 42 46 98 92 -1 -1 -1 -1 87 45 78  7 -1  6 91 69 30 88 -1 30 -1
 88 85 74 -1]
[1 1 1 1 0 1 1 1 1 0 1 0 1 1 0 0 0 1 1 1 0 1 0 1 1 1 0 1 1 0 0 1 1 0 1 1 0
 1 0 0 1 0 0 0 0 1 0 1 1 0 1 0 0 1 1 1 1 0 0 1 0 1 0 0 0 0 0 0 0 0 0 1 0 1
 1 0 1 0 1 0 0 1 1 1 1 1 1 0 1 0 1 0 0 1 0 1 0 1 0 1]
[4 4 0 0 0 0 4 0 1 1 0 1 2 0 4 0 0 0 0 2 0 0 0 1 0 3 4 0 0 3 0 3 4 1 0 3 0
 4 0 0 0 0 3 3 0 3 2 2 0 4 4 4 1 0 0 0 0 0 3 1 0 0 0 4 0 0 0 4 0 0 0 0 1 0
 0 1 0 0 0 0 4 0 3 1 3 0 4 2 0 0 0 0 1 3 4 0 0 0 3 0]
[4 4 0 0 0 0 4 0 1 1 0 1 2 0 4 0 0 0 0 2 0 0 0 1 0 3 4 0 0 3 0 3 4 1 0 3 0
 4 0 0 0 0 3 3 0 3 2 2 0 4 4 4 1 0 0 0 0 0 3 1 0 0 0 4 0 0 0 4 0 0 0 0 1 0
 0 1 0 0 0 0 4 0 3 1 3 0 4 2 0 0 0 0 1 3 4 0 0 0 3 0]
[5 2 3 1 7 3 4 3 6 8 8 8 4 4 5 7 7 2 1 7 8 7 3 3 9 5 9 7 3 1 3 3 5 6 8 3 8
 4 2 1 6 7 9 4 7 8 3 5 2 1 9 2 5 8 1 5 7 3 4 7 4 4 3 2 3 1 1 2 9 7 2 4 2 5
 5 3 1 7 3 1 7 1 9 8 2 4 4 3 3 7 2 7 3 7 4 3 2 6 6 9]
[5 2 3 1 7 3 4 3 6 8 8 8 4 4 5 7 7 2 1 7 8 7 3 3 9 5 9 7 3 1 3 3 5 6 8 3 8
 4 2 1 6 7 9 4 7 8 3 5 2 1 9 2 5 8 1 5 7 3 4 7 4 4 3 2 3 1 1 2 9 7 2 4 2 5
 5 3 1 7 3 1 7 1 9 8 2 4 4 3 3 7 2 7 3 7 4 3 2 6 6 9]
[50, 50, 50, 17, 10, 44, 27, 50, 50, 34, 11, 42, 35, 50, 47, 41, 41, 34, 50, 31, 47, 50, 14, 50, 50, 50, 50, 26, 50, 20, 50, 26, 50, 50, 50, 19, 18, 50, 47, 45, 19, 50, 50, 22, 31, 50, 50, 50, 50, 50, 15, 50, 50, 50, 50, 25, 23, 50, 50, 47, 22, 50, 20, 50, 50, 50, 32, 40, 36, 50, 36, 44, 50, 50, 17, 50, 12, 50, 50, 50, 50, 50, 43, 50, 18, 38, 43, 37, 50, 33, 50, 34, 29, 15, 50, 50, 23, 32, 50, 38]
[0 0 0 0 0 0 0 0 0 0 0 0 0 0 0 0 0 0 0 0 0 0 0 0 0 0 0 0 0 0 0 0 0 0 0 0 0
 0 0 0 0 0 0 0 0 0 0 0 0 0 0 0 0 0 0 0 0 0 0 0 0 0 0 0 0 0 0 0 0 0 0 0 0 0
 0 0 0 0 0 0 0 0 0 0 0 0 0 0 0 0 0 0 0 0 0 0 0 0 0 0]
[1 1 1 1 1 1 1 1 1 1 1 1 1 1 1 1 1 1 1 1 1 1 1 1 1 1 1 1 1 1 1 1 1 1 1 1 1
 1 1 1 1 1 1 1 1 1 1 1 1 1 1 1 1 1 1 1 1 1 1 1 1 1 1 1 1 1 1 1 1 1 1 1 1 1
 1 1 1 1 1 1 1 1 1 1 1 1 1 1 1 1 1 1 1 1 1 1 1 1 1 1]
