[ 0  1  2  3  4  5  6  7  8  9 10 11 12 13 14 15 16 17 18 19 20 21 22 23
 24 25 26 27 28 29 30 31 32 33 34 35 36 37 38 39 40 41 42 43 44 45 46 47
 48 49 50 51 52 53 54 55 56 57 58 59 60 61 62 63 64 65 66 67 68 69 70 71
 72 73 74 75 76 77 78 79 80 81 82 83 84 85 86 87 88 89 90 91 92 93 94 95
 96 97 98 99]
[-1 -1 91 56 89 -1 54 57 85 45 -1 89 44 -1 86 88 -1 74 -1 -1 -1 43  5 -1
 -1 -1 -1 47 74 48 91  4  4 63 92 59 13 48 52 40 50 89 25 27 38 79 -1 -1
 64 -1 17 98 37 21 66 44  8 -1 82 -1 92 -1 77  5 62  2 10 31 -1 -1 98 66
 63 57 -1 -1 -1 -1 53 59 71 61 -1 13 83 48 99 -1 98  5 -1 42 70  0 -1 -1
 58  2 36 22]
[1 0 1 1 0 1 1 1 0 0 0 1 0 1 0 1 1 1 1 1 0 0 0 1 0 1 1 1 1 1 1 0 1 0 1 0 0
 0 1 0 1 1 1 1 0 1 0 0 1 0 0 1 0 0 0 0 0 0 0 0 0 0 0 0 1 1 1 1 0 1 0 0 1 1
 1 0 1 1 0 0 1 1 1 0 0 0 0 1 1 1 0 1 1 1 0 0 1 1 0 1]
[2 0 3 4 1 0 0 0 0 0 0 1 0 0 1 0 4 1 0 4 4 0 1 0 0 0 0 1 4 0 0 0 3 4 1 2 0
 0 1 3 4 4 0 3 0 0 2 2 3 2 0 0 1 4 3 2 0 1 4 0 0 0 0 0 4 2 0 0 0 0 0 1 0 0
 2 0 0 0 3 3 1 0 0 0 0 3 0 0 3 4 3 2 3 1 0 3 1 0 0 3]
[2 0 3 4 1 0 0 0 0 0 0 1 0 0 1 0 4 1 0 4 4 0 1 0 0 0 0 1 4 0 0 0 3 4 1 2 0
 0 1 3 4 4 0 3 0 0 2 2 3 2 0 0 1 4 3 2 0 1 4 0 0 0 0 0 4 2 0 0 0 0 0 1 0 0
 2 0 0 0 3 3 1 0 0 0 0 3 0 0 3 4 3 2 3 1 0 3 1 0 0 3]
[3 1 2 5 2 8 5 5 9 2 7 1 5 5 1 3 2 6 3 2 4 8 9 4 4 3 7 1 1 6 9 8 8 8 7 6 4
 7 1 5 8 8 1 3 8 7 4 9 2 7 2 8 7 8 9 2 3 7 5 6 3 6 9 3 3 5 2 4 1 6 4 7 1 3
 9 3 2 1 6 6 8 2 9 3 1 4 7 9 8 1 3 6 2 8 5 3 4 1 5 5]
[3 1 2 5 2 8 5 5 9 2 7 1 5 5 1 3 2 6 3 2 4 8 9 4 4 3 7 1 1 6 9 8 8 8 7 6 4
 7 1 5 8 8 1 3 8 7 4 9 2 7 2 8 7 8 9 2 3 7 5 6 3 6 9 3 3 5 2 4 1 6 4 7 1 3
 9 3 2 1 6 6 8 2 9 3 1 4 7 9 8 1 3 6 2 8 5 3 4 1 5 5]
[48, 50, 50, 50, 34, 26, 50, 50, 50, 50, 37, 50, 50, 50, 50, 50, 12, 50, 47, 48, 50, 29, 48, 18, 50, 50, 50, 50, 18, 36, 19, 18, 42, 50, 50, 50, 35, 50, 50, 50, 17, 10, 50, 50, 50, 25, 24, 39, 28, 36, 27, 50, 22, 43, 50, 30, 50, 22, 50, 43, 50, 50, 50, 11, 32, 31, 33, 10, 24, 50, 50, 49, 44, 50, 50, 22, 19, 50, 50, 23, 50, 44, 50, 50, 50, 50, 50, 39, 45, 35, 50, 18, 50, 50, 32, 30, 10, 27, 41, 50]
[0 0 0 0 0 0 0 0 0 0 0 0 0 0 0 0 0 0 0 0 0 0 0 0 0 0 0 0 0 0 0 0 0 0 0 0 0
 0 0 0 0 0 0 0 0 0 0 0 0 0 0 0 0 0 0 0 0 0 0 0 0 0 0 0 0 0 0 0 0 0 0 0 0 0
 0 0 0 0 0 0 0 0 0 0 0 0 0 0 0 0 0 0 0 0 0 0 0 0 0 0]
[1 1 1 1 1 1 1 1 1 1 1 1 1 1 1 1 1 1 1 1 1 1 1 1 1 1 1 1 1 1 1 1 1 1 1 1 1
 1 1 1 1 1 1 1 1 1 1 1 1 1 1 1 1 1 1 1 1 1 1 1 1 1 1 1 1 1 1 1 1 1 1 1 1 1
 1 1 1 1 1 1 1 1 1 1 1 1 1 1 1 1 1 1 1 1 1 1 1 1 1 1]
