[ 0  1  2  3  4  5  6  7  8  9 10 11 12 13 14 15 16 17 18 19 20 21 22 23
 24 25 26 27 28 29 30 31 32 33 34 35 36 37 38 39 40 41 42 43 44 45 46 47
 48 49 50 51 52 53 54 55 56 57 58 59 60 61 62 63 64 65 66 67 68 69 70 71
 72 73 74 75 76 77 78 79 80 81 82 83 84 85 86 87 88 89 90 91 92 93 94 95
 96 97 98 99]
[-1 -1 35 -1 21 -1 74 73 -1 21 -1 66 -1 22 39 -1 27 47 32 -1 48 -1 65 -1
 30 -1 -1 -1 90 -1 67 21  4 28 44 -1 -1 27 -1 -1 16 21 92 37 49 -1 80 -1
 78 41 51 75 59 -1 -1 -1 39 10  6 91 45  8 51 50 -1 19  6 -1 27 15 -1 38
 66 96 -1 41 54 -1 -1  6  4 57  1 88 85 40 59 -1 12 97 14 47 26 -1 -1 -1
 98 38 62 -1]
[1 0 1 1 1 1 1 0 1 0 0 1 1 0 1 0 1 0 0 0 0 1 0 0 1 1 0 0 0 0 1 0 1 0 1 1 1
 1 1 0 1 1 0 1 0 1 1 1 1 1 0 1 0 0 1 1 1 0 0 0 0 1 1 0 0 1 1 1 1 0 0 1 0 0
 1 0 0 1 1 1 0 0 1 0 1 1 1 1 0 1 1 1 1 1 0 1 0 0 0 0]
[0 2 0 0 4 1 0 2 0 2 0 0 0 3 0 3 4 0 1 0 4 0 0 2 0 0 1 1 0 4 0 0 1 0 0 1 0
 0 2 0 4 4 2 1 0 1 4 3 4 4 0 0 4 0 3 0 2 3 1 0 3 0 3 3 4 3 0 0 1 3 2 0 4 3
 0 1 0 0 0 2 1 3 2 1 0 4 0 3 2 0 2 1 2 0 3 1 0 0 0 0]
[0 2 0 0 4 1 0 2 0 2 0 0 0 3 0 3 4 0 1 0 4 0 0 2 0 0 1 1 0 4 0 0 1 0 0 1 0
 0 2 0 4 4 2 1 0 1 4 3 4 4 0 0 4 0 3 0 2 3 1 0 3 0 3 3 4 3 0 0 1 3 2 0 4 3
 0 1 0 0 0 2 1 3 2 1 0 4 0 3 2 0 2 1 2 0 3 1 0 0 0 0]
[8 6 7 8 5 6 4 9 9 6 1 2 8 9 2 3 7 2 4 4 3 2 8 3 3 5 5 9 7 4 6 6 2 3 7 3 2
 1 7 3 2 1 5 1 8 6 8 3 5 8 4 4 5 8 8 5 5 5 3 4 2 2 2 9 5 6 3 4 2 3 2 2 3 9
 3 1 6 4 4 9 2 5 1 8 8 9 4 7 5 5 7 4 3 1 8 7 6 6 3 9]
[8 6 7 8 5 6 4 9 9 6 1 2 8 9 2 3 7 2 4 4 3 2 8 3 3 5 5 9 7 4 6 6 2 3 7 3 2
 1 7 3 2 1 5 1 8 6 8 3 5 8 4 4 5 8 8 5 5 5 3 4 2 2 2 9 5 6 3 4 2 3 2 2 3 9
 3 1 6 4 4 9 2 5 1 8 8 9 4 7 5 5 7 4 3 1 8 7 6 6 3 9]
[50, 50, 50, 23, 36, 50, 50, 50, 26, 27, 44, 31, 50, 49, 47, 50, 41, 29, 14, 50, 50, 50, 22, 50, 50, 50, 19, 50, 50, 37, 50, 21, 50, 11, 45, 50, 50, 50, 50, 39, 17, 35, 50, 47, 50, 50, 50, 29, 22, 35, 26, 34, 11, 35, 50, 50, 47, 48, 24, 50, 50, 15, 40, 37, 33, 12, 14, 50, 50, 25, 42, 28, 50, 50, 50, 28, 50, 50, 23, 27, 50, 50, 19, 50, 50, 50, 46, 48, 42, 14, 50, 50, 50, 50, 50, 32, 18, 36, 50, 50]
[0 0 0 0 0 0 0 0 0 0 0 0 0 0 0 0 0 0 0 0 0 0 0 0 0 0 0 0 0 0 0 0 0 0 0 0 0
 0 0 0 0 0 0 0 0 0 0 0 0 0 0 0 0 0 0 0 0 0 0 0 0 0 0 0 0 0 0 0 0 0 0 0 0 0
 0 0 0 0 0 0 0 0 0 0 0 0 0 0 0 0 0 0 0 0 0 0 0 0 0 0]
[1 1 1 1 1 1 1 1 1 1 1 1 1 1 1 1 1 1 1 1 1 1 1 1 1 1 1 1 1 1 1 1 1 1 1 1 1
 1 1 1 1 1 1 1 1 1 1 1 1 1 1 1 1 1 1 1 1 1 1 1 1 1 1 1 1 1 1 1 1 1 1 1 1 1
 1 1 1 1 1 1 1 1 1 1 1 1 1 1 1 1 1 1 1 1 1 1 1 1 1 1]
