[ 0  1  2  3  4  5  6  7  8  9 10 11 12 13 14 15 16 17 18 19 20 21 22 23
 24 25 26 27 28 29 30 31 32 33 34 35 36 37 38 39 40 41 42 43 44 45 46 47
 48 49 50 51 52 53 54 55 56 57 58 59 60 61 62 63 64 65 66 67 68 69 70 71
 72 73 74 75 76 77 78 79 80 81 82 83 84 85 86 87 88 89 90 91 92 93 94 95
 96 97 98 99]
[72 -1 -1 -1 84 29 70 -1 85 89 82 -1 34 -1 69 11 64 27 88 21 -1 -1  7 67
 -1 52 54 -1 86 12  5 49 73 22 77 60 -1 70 24 82 -1 32 72 21 50 25 57 65
 -1 53 -1 -1 -1 92 50 -1 22 59 -1 37 46 -1 71 -1 18 -1 57 31 59 57 62 -1
 -1 26 -1 -1 -1 -1  5 51 66  7  0 -1 17 51 54 -1 52 -1 -1 -1 32 -1 -1 11
 -1 32 22 66]
[0 1 1 0 0 0 0 1 0 1 1 1 0 1 1 1 1 0 0 1 1 0 1 1 0 0 1 0 1 0 1 1 1 0 1 1 1
 0 0 0 1 0 0 1 1 0 1 0 0 0 0 0 1 1 0 0 1 0 1 1 0 0 0 0 1 0 1 0 1 1 1 1 0 0
 0 1 1 0 1 0 1 1 0 0 0 1 0 0 0 0 1 0 0 0 0 1 1 1 1 0]
[0 0 3 0 1 0 1 0 2 2 0 0 0 3 2 2 0 0 4 0 4 3 3 0 0 2 1 2 1 0 1 1 0 2 0 0 0
 1 3 0 0 2 2 0 3 0 3 3 0 0 1 0 3 1 0 0 0 0 3 0 3 3 1 0 3 0 4 0 0 0 0 0 0 3
 0 0 1 2 0 4 0 4 4 2 2 3 0 0 2 2 4 0 2 4 3 3 0 3 0 2]
[0 0 3 0 1 0 1 0 2 2 0 0 0 3 2 2 0 0 4 0 4 3 3 0 0 2 1 2 1 0 1 1 0 2 0 0 0
 1 3 0 0 2 2 0 3 0 3 3 0 0 1 0 3 1 0 0 0 0 3 0 3 3 1 0 3 0 4 0 0 0 0 0 0 3
 0 0 1 2 0 4 0 4 4 2 2 3 0 0 2 2 4 0 2 4 3 3 0 3 0 2]
[9 6 3 4 3 8 7 5 9 2 8 4 6 3 5 6 7 7 5 1 8 2 9 9 4 4 7 1 5 8 2 6 7 6 3 7 7
 5 2 2 2 5 5 4 2 2 3 7 7 8 4 8 6 5 9 3 7 4 2 3 5 7 2 7 7 4 7 1 4 2 6 1 7 2
 2 9 8 8 3 3 6 2 8 5 7 6 7 9 3 6 6 1 1 5 6 7 7 3 2 8]
[9 6 3 4 3 8 7 5 9 2 8 4 6 3 5 6 7 7 5 1 8 2 9 9 4 4 7 1 5 8 2 6 7 6 3 7 7
 5 2 2 2 5 5 4 2 2 3 7 7 8 4 8 6 5 9 3 7 4 2 3 5 7 2 7 7 4 7 1 4 2 6 1 7 2
 2 9 8 8 3 3 6 2 8 5 7 6 7 9 3 6 6 1 1 5 6 7 7 3 2 8]
[50, 19, 50, 50, 50, 50, 23, 50, 25, 50, 50, 41, 48, 23, 50, 24, 50, 11, 24, 50, 50, 50, 16, 41, 50, 37, 50, 19, 50, 50, 40, 50, 22, 44, 50, 50, 50, 31, 28, 50, 50, 44, 50, 50, 50, 50, 11, 50, 50, 50, 50, 13, 24, 50, 31, 50, 50, 48, 27, 50, 39, 40, 50, 46, 37, 13, 50, 28, 50, 49, 20, 50, 11, 50, 22, 27, 50, 10, 50, 50, 50, 50, 21, 24, 45, 50, 46, 50, 50, 24, 16, 14, 50, 50, 50, 50, 31, 24, 50, 49]
[0 0 0 0 0 0 0 0 0 0 0 0 0 0 0 0 0 0 0 0 0 0 0 0 0 0 0 0 0 0 0 0 0 0 0 0 0
 0 0 0 0 0 0 0 0 0 0 0 0 0 0 0 0 0 0 0 0 0 0 0 0 0 0 0 0 0 0 0 0 0 0 0 0 0
 0 0 0 0 0 0 0 0 0 0 0 0 0 0 0 0 0 0 0 0 0 0 0 0 0 0]
[1 1 1 1 1 1 1 1 1 1 1 1 1 1 1 1 1 1 1 1 1 1 1 1 1 1 1 1 1 1 1 1 1 1 1 1 1
 1 1 1 1 1 1 1 1 1 1 1 1 1 1 1 1 1 1 1 1 1 1 1 1 1 1 1 1 1 1 1 1 1 1 1 1 1
 1 1 1 1 1 1 1 1 1 1 1 1 1 1 1 1 1 1 1 1 1 1 1 1 1 1]
