[ 0  1  2  3  4  5  6  7  8  9 10 11 12 13 14 15 16 17 18 19 20 21 22 23
 24 25 26 27 28 29 30 31 32 33 34 35 36 37 38 39 40 41 42 43 44 45 46 47
 48 49 50 51 52 53 54 55 56 57 58 59 60 61 62 63 64 65 66 67 68 69 70 71
 72 73 74 75 76 77 78 79 80 81 82 83 84 85 86 87 88 89 90 91 92 93 94 95
 96 97 98 99]
[61 83 74 90 -1 -1 62 -1 33 23 -1 18 -1 -1 -1 47 67 -1 10 14 41 73 93 69
 -1 33 45 54 -1 -1 -1 -1 20 65 90 54 16 -1 10 50 55 -1 -1 -1 42 23 -1 49
  8 45 -1 80 -1 90  1 29 10 96 39 -1  2 40 46 -1 25 28 13  5 50 -1 -1 40
 -1 43 22 -1 74  4 65 19 -1 60 25 84 69 20 95 42 60 12 91 69  8 -1 76  4
 88 -1 56 -1]
[1 0 1 1 0 1 0 0 0 1 0 1 1 1 1 1 1 1 1 1 1 0 0 1 1 0 0 1 1 1 0 1 0 0 1 0 0
 1 0 0 1 1 0 1 1 1 1 0 1 1 0 0 0 1 1 0 1 0 1 1 1 1 1 0 1 0 0 0 0 0 1 0 0 0
 0 1 1 1 0 0 1 0 1 0 0 1 0 1 0 0 0 0 0 1 0 0 0 0 0 0]
[1 0 3 2 0 3 3 0 0 0 1 1 2 0 2 3 0 4 0 0 0 2 2 0 0 0 0 0 1 0 0 2 0 0 4 0 2
 4 0 4 2 0 0 0 0 1 3 0 4 0 0 0 0 0 3 1 3 4 2 0 1 4 0 2 4 4 0 0 1 4 1 2 2 3
 0 0 0 0 1 4 0 1 3 4 2 1 4 0 2 0 4 3 3 0 0 4 0 4 0 0]
[1 0 3 2 0 3 3 0 0 0 1 1 2 0 2 3 0 4 0 0 0 2 2 0 0 0 0 0 1 0 0 2 0 0 4 0 2
 4 0 4 2 0 0 0 0 1 3 0 4 0 0 0 0 0 3 1 3 4 2 0 1 4 0 2 4 4 0 0 1 4 1 2 2 3
 0 0 0 0 1 4 0 1 3 4 2 1 4 0 2 0 4 3 3 0 0 4 0 4 0 0]
[1 7 9 5 4 9 6 2 2 7 7 3 3 4 1 2 3 7 4 8 6 5 2 5 1 1 1 4 4 7 7 9 4 5 9 2 8
 3 6 9 3 4 9 6 6 9 4 2 4 2 1 9 9 2 2 6 3 6 5 4 7 6 5 5 1 9 5 9 6 6 8 2 9 3
 6 1 1 2 3 9 8 8 5 8 8 4 8 9 5 3 5 4 8 2 9 6 4 7 6 8]
[1 7 9 5 4 9 6 2 2 7 7 3 3 4 1 2 3 7 4 8 6 5 2 5 1 1 1 4 4 7 7 9 4 5 9 2 8
 3 6 9 3 4 9 6 6 9 4 2 4 2 1 9 9 2 2 6 3 6 5 4 7 6 5 5 1 9 5 9 6 6 8 2 9 3
 6 1 1 2 3 9 8 8 5 8 8 4 8 9 5 3 5 4 8 2 9 6 4 7 6 8]
[34, 44, 33, 50, 32, 50, 25, 50, 37, 50, 50, 50, 50, 13, 47, 30, 50, 50, 49, 17, 31, 50, 50, 23, 21, 39, 50, 50, 50, 12, 32, 50, 50, 50, 44, 50, 45, 31, 19, 26, 33, 50, 50, 50, 50, 50, 50, 16, 50, 50, 50, 50, 50, 19, 17, 47, 50, 50, 50, 27, 28, 40, 19, 50, 50, 31, 27, 50, 50, 46, 50, 50, 14, 50, 50, 11, 50, 15, 50, 50, 10, 24, 50, 50, 50, 50, 50, 22, 14, 36, 50, 50, 34, 45, 50, 10, 50, 50, 31, 50]
[0 0 0 0 0 0 0 0 0 0 0 0 0 0 0 0 0 0 0 0 0 0 0 0 0 0 0 0 0 0 0 0 0 0 0 0 0
 0 0 0 0 0 0 0 0 0 0 0 0 0 0 0 0 0 0 0 0 0 0 0 0 0 0 0 0 0 0 0 0 0 0 0 0 0
 0 0 0 0 0 0 0 0 0 0 0 0 0 0 0 0 0 0 0 0 0 0 0 0 0 0]
[1 1 1 1 1 1 1 1 1 1 1 1 1 1 1 1 1 1 1 1 1 1 1 1 1 1 1 1 1 1 1 1 1 1 1 1 1
 1 1 1 1 1 1 1 1 1 1 1 1 1 1 1 1 1 1 1 1 1 1 1 1 1 1 1 1 1 1 1 1 1 1 1 1 1
 1 1 1 1 1 1 1 1 1 1 1 1 1 1 1 1 1 1 1 1 1 1 1 1 1 1]
