[ 0  1  2  3  4  5  6  7  8  9 10 11 12 13 14 15 16 17 18 19 20 21 22 23
 24 25 26 27 28 29 30 31 32 33 34 35 36 37 38 39 40 41 42 43 44 45 46 47
 48 49 50 51 52 53 54 55 56 57 58 59 60 61 62 63 64 65 66 67 68 69 70 71
 72 73 74 75 76 77 78 79 80 81 82 83 84 85 86 87 88 89 90 91 92 93 94 95
 96 97 98 99]
[-1 67 -1 52  6  1 -1 48 46 81 53 50 45 89 35 -1 -1 78 90  3 35 64 70 29
 42  4 -1 -1 52 -1  9 94 47 -1 -1  4 87 52 14 -1 85 27 40 41 -1  7 92 -1
 -1 -1  1 -1 79 70 -1 -1 44 43  5 47 -1 95 -1  7 -1 -1 76 56  2 80 74 85
 -1 10 -1 65 -1 90 56 84 -1 69 24 -1 53 37 22 54 55 -1 -1 78 -1 39 -1 13
 -1 61 19 56]
[0 0 0 1 0 1 0 0 0 1 0 0 0 1 1 1 0 1 1 1 1 1 0 0 0 0 0 0 1 1 0 1 0 0 0 1 1
 1 1 0 1 0 1 0 1 0 1 1 0 0 1 1 1 0 1 1 0 1 0 0 1 1 0 1 1 1 1 0 1 0 1 1 0 0
 1 1 1 0 0 1 0 1 0 1 1 1 1 1 0 1 1 0 0 0 0 1 0 0 0 0]
[4 2 1 4 0 0 4 4 0 0 0 4 0 3 2 3 2 0 3 2 0 4 0 0 2 4 0 3 4 2 0 1 0 1 0 2 4
 0 0 0 4 0 0 3 0 1 4 0 2 0 2 0 0 1 0 4 0 3 0 4 0 0 3 0 2 0 1 0 4 4 3 2 2 0
 1 2 0 3 4 3 4 2 1 1 0 1 3 4 4 2 2 0 4 0 2 4 0 4 0 0]
[4 2 1 4 0 0 4 4 0 0 0 4 0 3 2 3 2 0 3 2 0 4 0 0 2 4 0 3 4 2 0 1 0 1 0 2 4
 0 0 0 4 0 0 3 0 1 4 0 2 0 2 0 0 1 0 4 0 3 0 4 0 0 3 0 2 0 1 0 4 4 3 2 2 0
 1 2 0 3 4 3 4 2 1 1 0 1 3 4 4 2 2 0 4 0 2 4 0 4 0 0]
[3 1 6 3 2 8 3 4 3 8 2 4 1 5 2 9 3 2 9 8 1 7 7 4 6 5 4 6 2 3 1 3 8 1 9 8 3
 9 2 1 8 4 5 6 7 2 4 4 7 5 6 8 4 3 1 7 5 7 7 8 4 2 2 1 1 3 1 8 3 5 3 6 7 8
 2 2 8 6 3 7 1 6 7 1 1 9 7 7 3 4 9 6 5 6 8 7 7 7 4 7]
[3 1 6 3 2 8 3 4 3 8 2 4 1 5 2 9 3 2 9 8 1 7 7 4 6 5 4 6 2 3 1 3 8 1 9 8 3
 9 2 1 8 4 5 6 7 2 4 4 7 5 6 8 4 3 1 7 5 7 7 8 4 2 2 1 1 3 1 8 3 5 3 6 7 8
 2 2 8 6 3 7 1 6 7 1 1 9 7 7 3 4 9 6 5 6 8 7 7 7 4 7]
[50, 35, 50, 30, 41, 50, 50, 20, 50, 18, 50, 50, 50, 50, 50, 50, 17, 50, 47, 49, 50, 23, 50, 39, 22, 20, 50, 43, 50, 18, 50, 50, 34, 42, 33, 22, 50, 12, 23, 47, 20, 50, 50, 50, 50, 45, 45, 50, 50, 27, 46, 50, 50, 50, 47, 12, 42, 40, 50, 50, 44, 50, 49, 10, 48, 17, 15, 23, 27, 50, 50, 13, 28, 46, 50, 50, 22, 37, 46, 36, 12, 36, 50, 37, 50, 44, 33, 50, 50, 50, 50, 50, 50, 50, 50, 50, 23, 11, 34, 50]
[0 0 0 0 0 0 0 0 0 0 0 0 0 0 0 0 0 0 0 0 0 0 0 0 0 0 0 0 0 0 0 0 0 0 0 0 0
 0 0 0 0 0 0 0 0 0 0 0 0 0 0 0 0 0 0 0 0 0 0 0 0 0 0 0 0 0 0 0 0 0 0 0 0 0
 0 0 0 0 0 0 0 0 0 0 0 0 0 0 0 0 0 0 0 0 0 0 0 0 0 0]
[1 1 1 1 1 1 1 1 1 1 1 1 1 1 1 1 1 1 1 1 1 1 1 1 1 1 1 1 1 1 1 1 1 1 1 1 1
 1 1 1 1 1 1 1 1 1 1 1 1 1 1 1 1 1 1 1 1 1 1 1 1 1 1 1 1 1 1 1 1 1 1 1 1 1
 1 1 1 1 1 1 1 1 1 1 1 1 1 1 1 1 1 1 1 1 1 1 1 1 1 1]
