[ 0  1  2  3  4  5  6  7  8  9 10 11 12 13 14 15 16 17 18 19 20 21 22 23
 24 25 26 27 28 29 30 31 32 33 34 35 36 37 38 39 40 41 42 43 44 45 46 47
 48 49 50 51 52 53 54 55 56 57 58 59 60 61 62 63 64 65 66 67 68 69 70 71
 72 73 74 75 76 77 78 79 80 81 82 83 84 85 86 87 88 89 90 91 92 93 94 95
 96 97 98 99]
[14 50 -1 -1 29 63 46 -1 83 93 19 43 -1 66 -1 43  4 71 -1 69 -1 19 92 -1
 -1 -1 -1 66 86 -1 48 -1 -1 -1 -1 -1 -1 79 60 21 -1 -1 87 -1 90 35 28  0
 17 29 -1 56 -1  0 -1 66  5 17 -1  0 -1 -1 22 50 -1 -1 59  0 80 92  7 -1
 26 -1 83 -1 14 -1 -1 53 -1 -1 -1 42 17 65 -1 53 -1 -1 40 -1 -1 56 93 57
 -1 -1 69 56]
[0 1 1 1 1 1 1 1 0 0 0 0 0 0 0 1 1 1 0 0 0 1 1 1 0 0 1 1 1 1 1 1 1 0 0 1 1
 0 0 0 0 0 0 1 0 1 1 0 0 1 1 0 1 1 1 1 0 1 0 0 1 1 0 1 0 0 1 0 1 0 0 0 1 1
 0 1 1 1 0 1 1 0 1 1 1 1 1 0 1 0 1 1 0 1 1 0 0 0 1 0]
[0 0 0 4 2 0 0 0 0 2 0 4 0 2 0 0 3 1 0 0 0 1 0 0 0 3 0 4 0 3 0 2 0 2 0 0 0
 0 3 0 1 4 0 4 1 1 2 0 0 0 3 3 2 0 3 0 0 2 0 1 1 4 1 3 0 1 4 1 0 0 1 0 0 0
 1 0 2 0 0 0 0 0 0 0 3 0 1 2 4 0 1 4 4 2 3 3 0 1 0 0]
[0 0 0 4 2 0 0 0 0 2 0 4 0 2 0 0 3 1 0 0 0 1 0 0 0 3 0 4 0 3 0 2 0 2 0 0 0
 0 3 0 1 4 0 4 1 1 2 0 0 0 3 3 2 0 3 0 0 2 0 1 1 4 1 3 0 1 4 1 0 0 1 0 0 0
 1 0 2 0 0 0 0 0 0 0 3 0 1 2 4 0 1 4 4 2 3 3 0 1 0 0]
[3 9 5 2 8 5 1 7 8 9 3 1 8 5 7 4 1 6 9 9 9 6 4 1 1 2 8 6 4 1 1 4 1 3 4 7 3
 7 1 1 9 5 4 8 4 1 5 6 6 8 8 4 3 5 9 9 7 8 4 1 2 1 6 9 9 5 7 5 4 5 9 1 3 2
 1 9 1 5 4 2 9 6 4 3 1 2 8 1 4 9 5 6 1 8 2 6 9 8 4 5]
[3 9 5 2 8 5 1 7 8 9 3 1 8 5 7 4 1 6 9 9 9 6 4 1 1 2 8 6 4 1 1 4 1 3 4 7 3
 7 1 1 9 5 4 8 4 1 5 6 6 8 8 4 3 5 9 9 7 8 4 1 2 1 6 9 9 5 7 5 4 5 9 1 3 2
 1 9 1 5 4 2 9 6 4 3 1 2 8 1 4 9 5 6 1 8 2 6 9 8 4 5]
[50, 50, 15, 50, 50, 50, 21, 27, 14, 21, 11, 27, 38, 11, 50, 50, 50, 50, 31, 47, 50, 38, 50, 50, 50, 17, 40, 20, 11, 50, 50, 50, 50, 50, 50, 46, 50, 50, 50, 22, 44, 19, 47, 43, 47, 19, 37, 50, 33, 44, 50, 50, 50, 30, 20, 46, 50, 50, 21, 50, 50, 27, 50, 50, 50, 50, 28, 50, 50, 48, 29, 50, 15, 47, 15, 45, 39, 50, 28, 50, 50, 44, 50, 50, 38, 37, 27, 50, 17, 30, 48, 50, 50, 40, 34, 45, 50, 50, 12, 50]
[0 0 0 0 0 0 0 0 0 0 0 0 0 0 0 0 0 0 0 0 0 0 0 0 0 0 0 0 0 0 0 0 0 0 0 0 0
 0 0 0 0 0 0 0 0 0 0 0 0 0 0 0 0 0 0 0 0 0 0 0 0 0 0 0 0 0 0 0 0 0 0 0 0 0
 0 0 0 0 0 0 0 0 0 0 0 0 0 0 0 0 0 0 0 0 0 0 0 0 0 0]
[1 1 1 1 1 1 1 1 1 1 1 1 1 1 1 1 1 1 1 1 1 1 1 1 1 1 1 1 1 1 1 1 1 1 1 1 1
 1 1 1 1 1 1 1 1 1 1 1 1 1 1 1 1 1 1 1 1 1 1 1 1 1 1 1 1 1 1 1 1 1 1 1 1 1
 1 1 1 1 1 1 1 1 1 1 1 1 1 1 1 1 1 1 1 1 1 1 1 1 1 1]
