[ 0  1  2  3  4  5  6  7  8  9 10 11 12 13 14 15 16 17 18 19 20 21 22 23
 24 25 26 27 28 29 30 31 32 33 34 35 36 37 38 39 40 41 42 43 44 45 46 47
 48 49 50 51 52 53 54 55 56 57 58 59 60 61 62 63 64 65 66 67 68 69 70 71
 72 73 74 75 76 77 78 79 80 81 82 83 84 85 86 87 88 89 90 91 92 93 94 95
 96 97 98 99]
[-1 -1 39 -1 43 98 22 -1 14 71 24 -1 26 -1 -1 -1 85 -1 31 14 -1 -1 -1 -1
 48 31 34 98 -1 61 43 88 94 75 11 71 -1 73 -1 -1 33  5 44 -1 65 -1 22  6
 11  3 17 29 68 23 63 90 49 -1 11 99 -1 54 -1 37 -1 16  4 -1 23 60 71 79
 66 43  0 64 -1 66 -1 75 95 -1 40  4  6  7 71 69  0 -1 51 67 -1 81 -1 55
 75 -1  0 -1]
[1 1 1 0 1 0 1 1 0 1 1 1 1 0 0 1 1 0 0 1 0 1 1 1 1 1 0 1 1 1 1 0 0 0 0 0 0
 0 1 0 1 0 1 1 1 0 0 1 1 0 0 0 0 1 1 1 0 1 1 1 1 0 1 1 0 1 0 0 1 1 1 0 0 0
 0 1 0 1 1 1 0 1 1 1 0 0 0 1 1 1 0 0 0 1 0 1 1 0 1 0]
[0 1 2 2 0 0 4 0 0 0 0 1 3 0 4 0 0 3 0 0 0 0 3 3 0 4 3 0 1 4 3 4 2 0 0 0 2
 3 4 2 1 4 0 0 0 2 0 0 3 3 1 2 4 1 1 0 0 3 2 0 1 0 4 3 3 0 3 0 0 4 4 0 2 2
 4 0 0 0 0 0 1 0 1 0 0 0 0 1 2 0 0 0 3 0 4 0 1 2 3 0]
[0 1 2 2 0 0 4 0 0 0 0 1 3 0 4 0 0 3 0 0 0 0 3 3 0 4 3 0 1 4 3 4 2 0 0 0 2
 3 4 2 1 4 0 0 0 2 0 0 3 3 1 2 4 1 1 0 0 3 2 0 1 0 4 3 3 0 3 0 0 4 4 0 2 2
 4 0 0 0 0 0 1 0 1 0 0 0 0 1 2 0 0 0 3 0 4 0 1 2 3 0]
[9 9 8 6 1 7 8 8 9 6 3 5 3 8 2 2 9 2 8 7 5 9 3 9 9 2 6 8 7 8 7 4 6 5 8 7 2
 9 5 8 2 9 4 8 5 2 1 8 6 7 9 8 5 6 2 6 9 7 9 3 5 2 4 4 4 8 2 7 3 2 9 1 4 3
 3 5 8 2 7 3 7 7 2 2 3 3 7 6 4 2 7 9 5 5 6 2 7 6 2 4]
[9 9 8 6 1 7 8 8 9 6 3 5 3 8 2 2 9 2 8 7 5 9 3 9 9 2 6 8 7 8 7 4 6 5 8 7 2
 9 5 8 2 9 4 8 5 2 1 8 6 7 9 8 5 6 2 6 9 7 9 3 5 2 4 4 4 8 2 7 3 2 9 1 4 3
 3 5 8 2 7 3 7 7 2 2 3 3 7 6 4 2 7 9 5 5 6 2 7 6 2 4]
[50, 25, 16, 43, 34, 50, 50, 47, 30, 50, 47, 50, 50, 50, 50, 31, 39, 50, 50, 19, 34, 50, 50, 35, 50, 14, 35, 50, 44, 40, 21, 33, 50, 50, 50, 20, 50, 41, 50, 31, 16, 50, 45, 37, 50, 48, 50, 50, 50, 48, 29, 50, 16, 50, 34, 17, 50, 50, 50, 50, 50, 15, 25, 38, 50, 22, 12, 50, 41, 47, 50, 50, 50, 36, 10, 50, 50, 50, 13, 29, 50, 39, 50, 48, 50, 13, 50, 50, 33, 48, 50, 50, 41, 50, 27, 25, 22, 32, 15, 50]
[0 0 0 0 0 0 0 0 0 0 0 0 0 0 0 0 0 0 0 0 0 0 0 0 0 0 0 0 0 0 0 0 0 0 0 0 0
 0 0 0 0 0 0 0 0 0 0 0 0 0 0 0 0 0 0 0 0 0 0 0 0 0 0 0 0 0 0 0 0 0 0 0 0 0
 0 0 0 0 0 0 0 0 0 0 0 0 0 0 0 0 0 0 0 0 0 0 0 0 0 0]
[1 1 1 1 1 1 1 1 1 1 1 1 1 1 1 1 1 1 1 1 1 1 1 1 1 1 1 1 1 1 1 1 1 1 1 1 1
 1 1 1 1 1 1 1 1 1 1 1 1 1 1 1 1 1 1 1 1 1 1 1 1 1 1 1 1 1 1 1 1 1 1 1 1 1
 1 1 1 1 1 1 1 1 1 1 1 1 1 1 1 1 1 1 1 1 1 1 1 1 1 1]
