[ 0  1  2  3  4  5  6  7  8  9 10 11 12 13 14 15 16 17 18 19 20 21 22 23
 24 25 26 27 28 29 30 31 32 33 34 35 36 37 38 39 40 41 42 43 44 45 46 47
 48 49 50 51 52 53 54 55 56 57 58 59 60 61 62 63 64 65 66 67 68 69 70 71
 72 73 74 75 76 77 78 79 80 81 82 83 84 85 86 87 88 89 90 91 92 93 94 95
 96 97 98 99]
[80 81 14 -1 74 38 23 79 68 -1 -1 78 -1 78  9  8 33 -1 37 37 10 34 66 96
 75 21 -1 -1 90 25 21 92 44 21 45 -1 23 94 -1 69 81 -1 28 82 94 58  0 -1
 75 -1 74 88 16 27 22 79 -1 16 70  4 -1 -1 -1 -1 12 38 41 -1 43 73 36 -1
 64 -1  9 -1 62 -1 35 41 68 37 78 -1 50 57 26 23 40 -1 80 -1 -1 -1 -1 -1
 69 -1 13 80]
[0 0 1 1 1 0 1 0 0 1 0 0 1 1 1 1 1 1 0 0 1 0 0 1 0 0 0 1 1 1 1 1 0 0 1 1 1
 1 0 0 0 0 1 0 1 1 1 1 1 0 1 1 0 1 1 1 1 1 1 1 0 0 1 0 1 1 0 0 1 1 0 1 0 0
 0 1 1 1 1 1 1 1 1 1 1 0 0 1 1 0 1 0 0 0 0 0 1 0 1 1]
[0 3 1 3 1 0 4 0 0 4 4 0 4 0 0 0 0 2 0 2 0 0 3 0 0 0 0 0 0 0 3 0 0 0 2 0 0
 0 3 4 0 0 0 0 4 4 0 1 0 0 2 1 0 0 0 4 0 0 0 1 0 0 0 0 0 2 0 3 4 0 0 0 0 3
 1 1 0 0 0 1 2 3 3 4 3 2 0 2 0 3 2 4 0 2 0 0 1 0 4 0]
[0 3 1 3 1 0 4 0 0 4 4 0 4 0 0 0 0 2 0 2 0 0 3 0 0 0 0 0 0 0 3 0 0 0 2 0 0
 0 3 4 0 0 0 0 4 4 0 1 0 0 2 1 0 0 0 4 0 0 0 1 0 0 0 0 0 2 0 3 4 0 0 0 0 3
 1 1 0 0 0 1 2 3 3 4 3 2 0 2 0 3 2 4 0 2 0 0 1 0 4 0]
[1 6 8 2 2 6 9 5 8 7 3 8 6 8 7 7 7 4 8 4 7 5 6 7 4 3 8 7 2 8 1 4 9 7 5 1 2
 9 3 8 4 8 6 8 1 9 8 6 1 9 5 6 6 9 5 9 4 7 6 1 2 7 3 1 6 7 9 4 8 7 2 2 4 8
 3 7 6 5 2 5 4 3 4 8 2 3 3 1 7 2 3 8 7 9 8 7 7 4 1 1]
[1 6 8 2 2 6 9 5 8 7 3 8 6 8 7 7 7 4 8 4 7 5 6 7 4 3 8 7 2 8 1 4 9 7 5 1 2
 9 3 8 4 8 6 8 1 9 8 6 1 9 5 6 6 9 5 9 4 7 6 1 2 7 3 1 6 7 9 4 8 7 2 2 4 8
 3 7 6 5 2 5 4 3 4 8 2 3 3 1 7 2 3 8 7 9 8 7 7 4 1 1]
[45, 13, 50, 48, 50, 41, 31, 19, 45, 10, 40, 50, 50, 50, 35, 50, 50, 50, 50, 50, 38, 44, 12, 50, 50, 50, 50, 16, 50, 50, 50, 50, 19, 50, 50, 50, 26, 50, 50, 50, 50, 50, 29, 50, 50, 17, 50, 38, 50, 14, 50, 50, 50, 50, 45, 27, 46, 47, 50, 50, 50, 50, 18, 50, 28, 50, 50, 48, 22, 17, 40, 23, 12, 50, 47, 17, 30, 30, 50, 17, 42, 50, 50, 37, 12, 26, 50, 27, 38, 39, 30, 50, 27, 50, 36, 50, 50, 26, 16, 50]
[0 0 0 0 0 0 0 0 0 0 0 0 0 0 0 0 0 0 0 0 0 0 0 0 0 0 0 0 0 0 0 0 0 0 0 0 0
 0 0 0 0 0 0 0 0 0 0 0 0 0 0 0 0 0 0 0 0 0 0 0 0 0 0 0 0 0 0 0 0 0 0 0 0 0
 0 0 0 0 0 0 0 0 0 0 0 0 0 0 0 0 0 0 0 0 0 0 0 0 0 0]
[1 1 1 1 1 1 1 1 1 1 1 1 1 1 1 1 1 1 1 1 1 1 1 1 1 1 1 1 1 1 1 1 1 1 1 1 1
 1 1 1 1 1 1 1 1 1 1 1 1 1 1 1 1 1 1 1 1 1 1 1 1 1 1 1 1 1 1 1 1 1 1 1 1 1
 1 1 1 1 1 1 1 1 1 1 1 1 1 1 1 1 1 1 1 1 1 1 1 1 1 1]
