[ 0  1  2  3  4  5  6  7  8  9 10 11 12 13 14 15 16 17 18 19 20 21 22 23
 24 25 26 27 28 29 30 31 32 33 34 35 36 37 38 39 40 41 42 43 44 45 46 47
 48 49 50 51 52 53 54 55 56 57 58 59 60 61 62 63 64 65 66 67 68 69 70 71
 72 73 74 75 76 77 78 79 80 81 82 83 84 85 86 87 88 89 90 91 92 93 94 95
 96 97 98 99]
[74 -1 -1 21 -1 55 23 -1 -1 -1 29 -1 72 -1 -1 56 23 91 -1 93 -1 72 26 -1
 95 22 92 -1 -1 30 28 69 44 59 -1  6 -1 40 -1 -1 87 27 23 -1 76 -1 24 11
 66  7 -1 65 -1 -1 -1 52 74 -1 92 83 -1 -1 58 77 14 72 26 73 83 25 -1 86
 -1 21 -1  1 -1 34 58 33 89  8 89 30 57 12 10 42 13 -1 96 35 42 -1 27 40
 76 33  0 58]
[1 1 1 1 0 1 1 1 1 0 0 0 1 0 1 0 1 0 1 1 1 1 0 0 1 1 0 1 1 0 1 0 0 1 1 0 1
 0 1 1 1 0 1 0 1 0 1 1 1 0 1 0 0 0 0 1 0 0 0 1 1 0 1 1 1 0 0 0 1 0 1 0 1 1
 0 1 1 0 0 1 1 0 0 0 1 0 1 0 1 0 0 1 1 1 1 0 1 0 0 1]
[0 3 4 0 0 0 1 1 2 0 2 4 0 0 0 0 0 3 0 4 0 3 1 0 0 0 0 0 2 3 0 0 0 0 2 0 2
 0 1 0 0 2 0 2 4 3 3 4 1 0 0 0 0 0 1 1 0 3 0 3 3 0 0 0 0 3 3 0 0 0 0 0 0 4
 2 0 0 2 0 2 3 4 3 0 4 4 0 4 1 0 1 2 0 4 4 0 0 1 0 3]
[0 3 4 0 0 0 1 1 2 0 2 4 0 0 0 0 0 3 0 4 0 3 1 0 0 0 0 0 2 3 0 0 0 0 2 0 2
 0 1 0 0 2 0 2 4 3 3 4 1 0 0 0 0 0 1 1 0 3 0 3 3 0 0 0 0 3 3 0 0 0 0 0 0 4
 2 0 0 2 0 2 3 4 3 0 4 4 0 4 1 0 1 2 0 4 4 0 0 1 0 3]
[6 8 4 5 5 9 4 7 5 9 1 1 7 8 7 8 8 1 2 4 5 3 8 1 5 7 5 7 4 9 4 5 3 3 7 3 4
 7 7 3 2 4 4 3 5 5 4 6 6 7 5 8 4 9 8 1 1 6 8 1 7 7 8 5 9 5 2 3 3 3 4 8 4 5
 5 8 4 8 8 7 1 3 8 1 1 9 7 9 4 1 2 5 5 9 4 5 7 2 4 8]
[6 8 4 5 5 9 4 7 5 9 1 1 7 8 7 8 8 1 2 4 5 3 8 1 5 7 5 7 4 9 4 5 3 3 7 3 4
 7 7 3 2 4 4 3 5 5 4 6 6 7 5 8 4 9 8 1 1 6 8 1 7 7 8 5 9 5 2 3 3 3 4 8 4 5
 5 8 4 8 8 7 1 3 8 1 1 9 7 9 4 1 2 5 5 9 4 5 7 2 4 8]
[13, 46, 44, 50, 22, 38, 11, 49, 29, 50, 14, 50, 50, 22, 50, 50, 17, 50, 42, 50, 50, 50, 50, 31, 11, 50, 50, 38, 50, 50, 50, 50, 50, 50, 50, 50, 50, 49, 39, 43, 47, 41, 35, 20, 50, 50, 25, 23, 15, 14, 44, 26, 50, 20, 42, 34, 42, 50, 50, 20, 50, 33, 50, 50, 50, 42, 50, 50, 50, 50, 23, 25, 50, 29, 50, 50, 50, 33, 11, 19, 50, 50, 50, 50, 17, 33, 50, 50, 40, 45, 38, 20, 38, 44, 27, 50, 50, 41, 36, 50]
[0 0 0 0 0 0 0 0 0 0 0 0 0 0 0 0 0 0 0 0 0 0 0 0 0 0 0 0 0 0 0 0 0 0 0 0 0
 0 0 0 0 0 0 0 0 0 0 0 0 0 0 0 0 0 0 0 0 0 0 0 0 0 0 0 0 0 0 0 0 0 0 0 0 0
 0 0 0 0 0 0 0 0 0 0 0 0 0 0 0 0 0 0 0 0 0 0 0 0 0 0]
[1 1 1 1 1 1 1 1 1 1 1 1 1 1 1 1 1 1 1 1 1 1 1 1 1 1 1 1 1 1 1 1 1 1 1 1 1
 1 1 1 1 1 1 1 1 1 1 1 1 1 1 1 1 1 1 1 1 1 1 1 1 1 1 1 1 1 1 1 1 1 1 1 1 1
 1 1 1 1 1 1 1 1 1 1 1 1 1 1 1 1 1 1 1 1 1 1 1 1 1 1]
