[ 0  1  2  3  4  5  6  7  8  9 10 11 12 13 14 15 16 17 18 19 20 21 22 23
 24 25 26 27 28 29 30 31 32 33 34 35 36 37 38 39 40 41 42 43 44 45 46 47
 48 49 50 51 52 53 54 55 56 57 58 59 60 61 62 63 64 65 66 67 68 69 70 71
 72 73 74 75 76 77 78 79 80 81 82 83 84 85 86 87 88 89 90 91 92 93 94 95
 96 97 98 99]
[52 12 -1 77 25 45 -1 -1 58 43 98 -1 42 -1 51 25 70 65 75 -1 99 25 41  9
 47 66 -1 34 64 33 56 88 89 49 -1 77 -1 -1 49 29 87 30 41 -1 50 58 -1 -1
 -1 -1 -1 -1 48 -1 -1 23 76 -1 -1 -1 57 -1 18 27 -1 -1 90 -1 -1 -1 -1 -1
 -1 24 -1 79 37 78 -1 92 -1 52 57 -1 95 -1 68  6 -1 79 -1 49 96 84 -1  8
 72 54 -1 23]
[1 1 1 1 1 1 1 0 1 1 1 1 1 0 0 0 1 1 1 1 0 1 0 0 0 0 1 0 1 1 0 1 0 0 0 0 0
 0 1 0 1 1 0 0 0 1 1 0 0 0 0 0 0 1 0 0 0 0 0 0 1 0 1 0 1 1 0 0 0 1 0 1 1 0
 1 0 1 1 0 1 0 1 0 0 1 0 0 1 0 1 1 1 1 0 0 1 0 0 0 1]
[2 0 1 1 4 0 2 0 0 0 1 0 2 1 2 2 2 0 2 0 1 0 2 4 0 2 0 1 0 0 0 0 0 2 0 0 3
 4 0 0 0 0 0 0 0 0 0 1 3 4 0 0 2 3 0 0 0 0 3 3 0 3 0 3 0 1 1 0 4 0 0 0 0 1
 3 0 0 3 0 0 0 0 0 3 2 0 4 0 1 0 0 3 0 1 3 0 2 2 3 0]
[2 0 1 1 4 0 2 0 0 0 1 0 2 1 2 2 2 0 2 0 1 0 2 4 0 2 0 1 0 0 0 0 0 2 0 0 3
 4 0 0 0 0 0 0 0 0 0 1 3 4 0 0 2 3 0 0 0 0 3 3 0 3 0 3 0 1 1 0 4 0 0 0 0 1
 3 0 0 3 0 0 0 0 0 3 2 0 4 0 1 0 0 3 0 1 3 0 2 2 3 0]
[1 3 7 9 5 5 7 3 8 9 8 8 2 5 6 4 1 3 9 4 8 6 9 4 8 4 6 1 8 7 2 2 8 3 3 2 2
 8 4 1 8 3 3 2 9 4 2 6 3 8 3 4 7 3 3 4 4 3 8 1 5 2 6 3 1 4 2 6 6 3 4 1 7 6
 2 1 2 3 8 9 2 6 2 6 3 8 7 6 9 4 5 3 3 3 4 4 9 4 3 7]
[1 3 7 9 5 5 7 3 8 9 8 8 2 5 6 4 1 3 9 4 8 6 9 4 8 4 6 1 8 7 2 2 8 3 3 2 2
 8 4 1 8 3 3 2 9 4 2 6 3 8 3 4 7 3 3 4 4 3 8 1 5 2 6 3 1 4 2 6 6 3 4 1 7 6
 2 1 2 3 8 9 2 6 2 6 3 8 7 6 9 4 5 3 3 3 4 4 9 4 3 7]
[50, 50, 10, 50, 30, 17, 50, 14, 50, 39, 23, 37, 50, 50, 50, 50, 25, 50, 30, 50, 50, 11, 50, 50, 16, 50, 50, 50, 32, 16, 50, 50, 50, 50, 50, 17, 50, 50, 50, 36, 24, 17, 48, 41, 50, 29, 50, 50, 23, 22, 50, 38, 15, 20, 50, 18, 50, 50, 50, 50, 50, 50, 28, 50, 50, 50, 14, 21, 27, 50, 33, 24, 50, 21, 14, 50, 50, 50, 50, 50, 46, 50, 45, 16, 50, 50, 33, 50, 50, 42, 50, 38, 50, 50, 50, 18, 50, 50, 32, 50]
[0 0 0 0 0 0 0 0 0 0 0 0 0 0 0 0 0 0 0 0 0 0 0 0 0 0 0 0 0 0 0 0 0 0 0 0 0
 0 0 0 0 0 0 0 0 0 0 0 0 0 0 0 0 0 0 0 0 0 0 0 0 0 0 0 0 0 0 0 0 0 0 0 0 0
 0 0 0 0 0 0 0 0 0 0 0 0 0 0 0 0 0 0 0 0 0 0 0 0 0 0]
[1 1 1 1 1 1 1 1 1 1 1 1 1 1 1 1 1 1 1 1 1 1 1 1 1 1 1 1 1 1 1 1 1 1 1 1 1
 1 1 1 1 1 1 1 1 1 1 1 1 1 1 1 1 1 1 1 1 1 1 1 1 1 1 1 1 1 1 1 1 1 1 1 1 1
 1 1 1 1 1 1 1 1 1 1 1 1 1 1 1 1 1 1 1 1 1 1 1 1 1 1]
