[ 0  1  2  3  4  5  6  7  8  9 10 11 12 13 14 15 16 17 18 19 20 21 22 23
 24 25 26 27 28 29 30 31 32 33 34 35 36 37 38 39 40 41 42 43 44 45 46 47
 48 49 50 51 52 53 54 55 56 57 58 59 60 61 62 63 64 65 66 67 68 69 70 71
 72 73 74 75 76 77 78 79 80 81 82 83 84 85 86 87 88 89 90 91 92 93 94 95
 96 97 98 99]
[89 -1 -1 -1 28  6 -1 15 89 -1 54 -1 19 81 33 -1 75 -1 53 -1 -1 -1 24 26
  2 -1 -1 36 95 80  4 -1 -1 -1 37 99 -1 44  1 49 11  1 -1 -1 68 -1 -1  3
 30 -1 59 70 17 -1 -1 -1 37 15 69 -1 -1 -1 -1 48 43 94 -1 25 -1 34 -1  6
 29 -1 39 -1 96 -1 33 94  0 39 72 -1 -1 34 -1 -1 -1 78 15 -1 -1 45 -1 66
 73 68 19 -1]
[1 0 0 1 1 0 0 1 0 0 1 1 1 1 1 0 1 0 0 1 1 1 1 0 0 1 0 0 0 1 1 0 0 0 0 0 1
 0 0 0 1 1 1 0 0 0 0 1 0 1 0 1 0 0 0 1 1 0 0 0 1 1 1 0 0 1 1 1 1 0 1 1 1 0
 1 0 1 0 1 0 1 1 0 1 1 1 0 1 0 1 1 0 1 1 1 1 1 0 0 1]
[0 2 2 0 4 0 0 0 0 1 3 0 1 0 1 1 3 3 0 0 0 3 0 0 0 0 0 2 3 0 4 2 0 2 0 0 4
 0 3 2 0 2 0 4 1 0 1 0 0 0 4 4 2 0 2 1 0 0 4 3 4 1 0 1 4 0 0 2 1 2 4 3 0 0
 0 0 1 3 0 3 4 3 0 0 3 0 4 0 2 2 0 1 0 0 0 1 1 0 4 0]
[0 2 2 0 4 0 0 0 0 1 3 0 1 0 1 1 3 3 0 0 0 3 0 0 0 0 0 2 3 0 4 2 0 2 0 0 4
 0 3 2 0 2 0 4 1 0 1 0 0 0 4 4 2 0 2 1 0 0 4 3 4 1 0 1 4 0 0 2 1 2 4 3 0 0
 0 0 1 3 0 3 4 3 0 0 3 0 4 0 2 2 0 1 0 0 0 1 1 0 4 0]
[5 5 1 5 5 8 2 4 6 8 8 1 8 3 6 7 2 9 4 6 4 4 4 6 9 3 6 6 9 5 2 1 8 2 8 3 7
 4 8 5 5 4 8 4 7 3 5 2 7 6 3 8 7 4 3 5 6 8 5 8 9 6 2 9 4 8 8 3 9 3 5 8 9 1
 5 8 2 3 2 6 9 6 3 7 8 6 5 4 5 6 8 6 8 1 5 3 4 4 7 4]
[5 5 1 5 5 8 2 4 6 8 8 1 8 3 6 7 2 9 4 6 4 4 4 6 9 3 6 6 9 5 2 1 8 2 8 3 7
 4 8 5 5 4 8 4 7 3 5 2 7 6 3 8 7 4 3 5 6 8 5 8 9 6 2 9 4 8 8 3 9 3 5 8 9 1
 5 8 2 3 2 6 9 6 3 7 8 6 5 4 5 6 8 6 8 1 5 3 4 4 7 4]
[40, 36, 50, 45, 50, 21, 28, 32, 50, 46, 45, 44, 50, 50, 48, 50, 28, 50, 50, 37, 27, 30, 10, 50, 50, 30, 49, 37, 22, 50, 37, 50, 50, 14, 49, 41, 50, 49, 36, 50, 44, 31, 48, 50, 36, 11, 44, 50, 49, 10, 45, 50, 10, 31, 50, 50, 41, 10, 50, 50, 28, 13, 15, 47, 50, 50, 50, 50, 50, 50, 13, 31, 50, 43, 30, 26, 26, 50, 36, 50, 50, 50, 24, 40, 50, 50, 50, 48, 50, 31, 50, 26, 50, 50, 50, 36, 10, 50, 36, 50]
[0 0 0 0 0 0 0 0 0 0 0 0 0 0 0 0 0 0 0 0 0 0 0 0 0 0 0 0 0 0 0 0 0 0 0 0 0
 0 0 0 0 0 0 0 0 0 0 0 0 0 0 0 0 0 0 0 0 0 0 0 0 0 0 0 0 0 0 0 0 0 0 0 0 0
 0 0 0 0 0 0 0 0 0 0 0 0 0 0 0 0 0 0 0 0 0 0 0 0 0 0]
[1 1 1 1 1 1 1 1 1 1 1 1 1 1 1 1 1 1 1 1 1 1 1 1 1 1 1 1 1 1 1 1 1 1 1 1 1
 1 1 1 1 1 1 1 1 1 1 1 1 1 1 1 1 1 1 1 1 1 1 1 1 1 1 1 1 1 1 1 1 1 1 1 1 1
 1 1 1 1 1 1 1 1 1 1 1 1 1 1 1 1 1 1 1 1 1 1 1 1 1 1]
