[ 0  1  2  3  4  5  6  7  8  9 10 11 12 13 14 15 16 17 18 19 20 21 22 23
 24 25 26 27 28 29 30 31 32 33 34 35 36 37 38 39 40 41 42 43 44 45 46 47
 48 49 50 51 52 53 54 55 56 57 58 59 60 61 62 63 64 65 66 67 68 69 70 71
 72 73 74 75 76 77 78 79 80 81 82 83 84 85 86 87 88 89 90 91 92 93 94 95
 96 97 98 99]
[51 -1 70 69 61 25 15 -1 97 78 71 -1 -1 -1 77 35 -1 31 -1 35 68 -1 23 -1
 -1 79 -1 77 -1 -1 51 -1 -1 -1 58 80 -1 -1 74 -1 31 91 65 48 38 -1 -1 -1
 84 -1 70 -1 24 24 -1 27 -1 79 28 78 61  3 45 38 -1 83 -1 68  0 74 57 18
 21 92  9 82 15 82 81 -1  1 -1 52 -1 69 12 48  8 52 12 47 -1 89 23 17 44
 -1 41  1 -1]
[1 0 1 1 0 0 0 1 1 1 0 1 0 1 1 1 1 0 1 0 0 1 0 1 1 1 0 1 0 1 0 0 1 1 0 1 1
 0 0 0 1 0 0 1 1 1 0 0 0 0 0 0 0 0 0 0 1 1 1 0 0 1 0 0 0 0 0 0 0 1 1 0 0 1
 1 0 1 1 1 0 1 1 0 1 1 1 0 1 1 1 1 0 1 1 1 0 0 0 1 1]
[1 0 2 1 2 1 2 3 1 0 0 0 4 4 0 3 0 3 1 1 0 3 4 4 0 4 0 0 0 0 0 0 2 0 2 0 0
 0 0 4 0 2 0 0 3 0 3 3 3 0 0 2 1 2 1 0 1 3 4 0 3 1 4 2 0 0 0 0 0 4 4 1 4 0
 1 4 3 0 0 0 1 0 3 0 0 4 4 4 0 3 2 2 0 0 0 0 0 1 0 2]
[1 0 2 1 2 1 2 3 1 0 0 0 4 4 0 3 0 3 1 1 0 3 4 4 0 4 0 0 0 0 0 0 2 0 2 0 0
 0 0 4 0 2 0 0 3 0 3 3 3 0 0 2 1 2 1 0 1 3 4 0 3 1 4 2 0 0 0 0 0 4 4 1 4 0
 1 4 3 0 0 0 1 0 3 0 0 4 4 4 0 3 2 2 0 0 0 0 0 1 0 2]
[5 6 2 4 8 5 2 8 8 5 7 2 8 2 9 3 6 2 1 4 7 1 5 9 8 2 3 6 3 8 9 2 7 8 6 6 8
 9 1 5 1 7 1 1 8 9 5 4 1 5 5 9 8 5 3 9 9 6 3 2 1 6 8 6 8 8 2 5 7 6 1 4 3 9
 3 1 2 3 4 4 2 2 3 4 2 5 2 8 8 5 5 3 6 8 8 4 4 5 3 1]
[5 6 2 4 8 5 2 8 8 5 7 2 8 2 9 3 6 2 1 4 7 1 5 9 8 2 3 6 3 8 9 2 7 8 6 6 8
 9 1 5 1 7 1 1 8 9 5 4 1 5 5 9 8 5 3 9 9 6 3 2 1 6 8 6 8 8 2 5 7 6 1 4 3 9
 3 1 2 3 4 4 2 2 3 4 2 5 2 8 8 5 5 3 6 8 8 4 4 5 3 1]
[50, 39, 50, 34, 34, 40, 50, 50, 45, 44, 28, 10, 50, 22, 18, 42, 27, 50, 50, 50, 50, 35, 50, 50, 50, 11, 30, 50, 32, 50, 49, 50, 33, 50, 50, 32, 46, 50, 48, 50, 50, 50, 48, 23, 50, 12, 40, 26, 34, 40, 50, 50, 50, 17, 50, 50, 17, 50, 33, 18, 50, 50, 29, 50, 50, 50, 21, 18, 39, 39, 35, 50, 50, 19, 39, 50, 38, 46, 50, 50, 43, 28, 50, 50, 50, 39, 50, 41, 50, 45, 50, 12, 50, 50, 36, 50, 22, 11, 26, 17]
[0 0 0 0 0 0 0 0 0 0 0 0 0 0 0 0 0 0 0 0 0 0 0 0 0 0 0 0 0 0 0 0 0 0 0 0 0
 0 0 0 0 0 0 0 0 0 0 0 0 0 0 0 0 0 0 0 0 0 0 0 0 0 0 0 0 0 0 0 0 0 0 0 0 0
 0 0 0 0 0 0 0 0 0 0 0 0 0 0 0 0 0 0 0 0 0 0 0 0 0 0]
[1 1 1 1 1 1 1 1 1 1 1 1 1 1 1 1 1 1 1 1 1 1 1 1 1 1 1 1 1 1 1 1 1 1 1 1 1
 1 1 1 1 1 1 1 1 1 1 1 1 1 1 1 1 1 1 1 1 1 1 1 1 1 1 1 1 1 1 1 1 1 1 1 1 1
 1 1 1 1 1 1 1 1 1 1 1 1 1 1 1 1 1 1 1 1 1 1 1 1 1 1]
