[ 0  1  2  3  4  5  6  7  8  9 10 11 12 13 14 15 16 17 18 19 20 21 22 23
 24 25 26 27 28 29 30 31 32 33 34 35 36 37 38 39 40 41 42 43 44 45 46 47
 48 49 50 51 52 53 54 55 56 57 58 59 60 61 62 63 64 65 66 67 68 69 70 71
 72 73 74 75 76 77 78 79 80 81 82 83 84 85 86 87 88 89 90 91 92 93 94 95
 96 97 98 99]
[69 34 -1 69 -1 38 21 44 41  1 67 71 22 -1 -1 86 80 30 66 96 61 28  0 17
 58 44 48 -1 90 11 89 94 73 99 31 18  1 -1 -1 -1 -1 29 58 18 41 -1 -1 23
 25 48  2 76 59 13 32 89 -1 67 38  1 39 -1 28 84 -1 34 -1 89 36 42  5 -1
 83 23 69 -1 -1 36 -1 33 53 -1 -1  3 -1 63 -1 41 62 -1 -1 43 -1 69 41 34
 -1 -1 32 43]
[0 1 0 0 0 0 0 0 1 0 1 1 0 0 0 1 0 1 0 1 0 1 1 1 0 1 1 0 0 1 1 0 0 0 0 0 1
 0 1 0 1 1 0 1 1 1 0 0 0 0 0 1 1 0 1 1 0 0 1 0 0 1 1 0 1 1 0 0 0 1 1 1 1 1
 1 0 1 0 1 0 0 0 1 0 1 1 0 0 0 0 1 0 1 1 0 1 1 0 0 0]
[0 0 1 3 0 0 0 4 0 4 1 2 0 0 0 2 4 0 0 1 0 0 1 0 4 2 0 3 2 2 2 1 0 4 0 4 0
 2 2 1 4 2 4 0 3 4 3 2 0 4 4 2 2 0 2 4 2 1 0 0 1 0 3 0 0 1 1 3 0 0 0 4 2 0
 2 2 0 2 2 0 3 0 4 0 0 3 2 4 2 0 0 4 3 0 4 0 3 3 0 0]
[0 0 1 3 0 0 0 4 0 4 1 2 0 0 0 2 4 0 0 1 0 0 1 0 4 2 0 3 2 2 2 1 0 4 0 4 0
 2 2 1 4 2 4 0 3 4 3 2 0 4 4 2 2 0 2 4 2 1 0 0 1 0 3 0 0 1 1 3 0 0 0 4 2 0
 2 2 0 2 2 0 3 0 4 0 0 3 2 4 2 0 0 4 3 0 4 0 3 3 0 0]
[3 1 4 5 9 1 8 3 7 4 2 1 3 9 8 2 1 9 1 1 4 2 1 8 5 2 5 8 7 8 6 1 8 3 2 5 6
 2 1 8 2 1 5 2 2 5 9 5 3 8 9 2 1 9 7 4 8 9 2 5 8 4 5 2 1 9 9 5 4 4 7 2 4 5
 7 1 1 8 3 9 5 4 6 7 2 8 8 5 5 7 9 9 3 2 8 5 4 1 1 4]
[3 1 4 5 9 1 8 3 7 4 2 1 3 9 8 2 1 9 1 1 4 2 1 8 5 2 5 8 7 8 6 1 8 3 2 5 6
 2 1 8 2 1 5 2 2 5 9 5 3 8 9 2 1 9 7 4 8 9 2 5 8 4 5 2 1 9 9 5 4 4 7 2 4 5
 7 1 1 8 3 9 5 4 6 7 2 8 8 5 5 7 9 9 3 2 8 5 4 1 1 4]
[50, 31, 31, 50, 30, 41, 31, 45, 46, 24, 50, 33, 50, 23, 50, 50, 39, 50, 38, 46, 22, 50, 50, 50, 50, 43, 50, 50, 50, 50, 50, 50, 26, 50, 50, 44, 31, 50, 38, 10, 19, 50, 16, 12, 14, 50, 39, 46, 50, 24, 26, 50, 50, 50, 50, 47, 50, 45, 50, 11, 49, 40, 23, 11, 50, 50, 40, 50, 50, 12, 10, 30, 50, 50, 22, 45, 50, 38, 50, 16, 20, 15, 50, 38, 45, 50, 50, 50, 50, 50, 34, 50, 50, 50, 50, 40, 50, 50, 20, 31]
[0 0 0 0 0 0 0 0 0 0 0 0 0 0 0 0 0 0 0 0 0 0 0 0 0 0 0 0 0 0 0 0 0 0 0 0 0
 0 0 0 0 0 0 0 0 0 0 0 0 0 0 0 0 0 0 0 0 0 0 0 0 0 0 0 0 0 0 0 0 0 0 0 0 0
 0 0 0 0 0 0 0 0 0 0 0 0 0 0 0 0 0 0 0 0 0 0 0 0 0 0]
[1 1 1 1 1 1 1 1 1 1 1 1 1 1 1 1 1 1 1 1 1 1 1 1 1 1 1 1 1 1 1 1 1 1 1 1 1
 1 1 1 1 1 1 1 1 1 1 1 1 1 1 1 1 1 1 1 1 1 1 1 1 1 1 1 1 1 1 1 1 1 1 1 1 1
 1 1 1 1 1 1 1 1 1 1 1 1 1 1 1 1 1 1 1 1 1 1 1 1 1 1]
