[ 0  1  2  3  4  5  6  7  8  9 10 11 12 13 14 15 16 17 18 19 20 21 22 23
 24 25 26 27 28 29 30 31 32 33 34 35 36 37 38 39 40 41 42 43 44 45 46 47
 48 49 50 51 52 53 54 55 56 57 58 59 60 61 62 63 64 65 66 67 68 69 70 71
 72 73 74 75 76 77 78 79 80 81 82 83 84 85 86 87 88 89 90 91 92 93 94 95
 96 97 98 99]
[90 29 11 -1 -1 -1 96 89 -1 40 64 94 19 12 -1  8 -1 99 88 -1 58  2 74 -1
 -1 51 -1 94 19 73 -1 45 43 12 21 49 -1 -1  6 71 -1 -1 79 -1 -1 -1 -1 76
 -1 -1 63 -1 12 -1 85  3 31 70 -1 70 -1 20 34  3 -1 63  5 -1 -1 -1 -1 94
 87 -1 34 44 -1 -1 46 52 -1  6 10 -1 69 -1 48 -1 -1 17 55 10 52 85 48 -1
 57 14 77 20]
[1 0 0 0 1 0 1 0 0 0 1 1 0 0 1 1 0 1 0 1 0 0 1 1 1 1 1 1 0 0 0 1 1 0 0 0 1
 1 1 1 1 0 1 0 1 1 1 1 1 1 0 1 1 0 1 0 0 0 1 1 1 1 0 0 0 1 0 0 0 1 1 0 0 0
 0 0 0 0 0 0 0 1 0 0 0 0 1 1 0 0 0 0 0 1 0 1 1 1 1 1]
[3 0 0 2 0 0 0 3 2 2 0 0 1 0 0 1 4 1 0 4 0 0 0 3 2 3 0 0 2 2 0 0 0 3 0 0 0
 0 2 0 1 1 2 0 3 0 2 2 3 3 3 4 1 0 4 0 0 0 0 0 1 0 3 0 4 4 0 0 0 1 0 0 2 2
 3 4 1 3 2 0 0 0 0 4 0 0 2 4 0 2 1 0 3 0 0 4 0 0 0 0]
[3 0 0 2 0 0 0 3 2 2 0 0 1 0 0 1 4 1 0 4 0 0 0 3 2 3 0 0 2 2 0 0 0 3 0 0 0
 0 2 0 1 1 2 0 3 0 2 2 3 3 3 4 1 0 4 0 0 0 0 0 1 0 3 0 4 4 0 0 0 1 0 0 2 2
 3 4 1 3 2 0 0 0 0 4 0 0 2 4 0 2 1 0 3 0 0 4 0 0 0 0]
[3 3 4 5 9 2 8 5 3 2 9 7 9 7 1 4 1 6 9 6 2 5 9 9 6 6 8 3 6 7 9 5 7 3 1 2 8
 2 7 3 4 7 8 4 7 1 8 1 6 2 1 2 5 8 8 6 9 8 1 5 8 8 4 9 8 4 5 6 8 8 2 6 5 1
 4 7 5 2 5 4 7 2 5 6 4 9 2 9 4 8 4 1 4 2 4 3 9 5 4 5]
[3 3 4 5 9 2 8 5 3 2 9 7 9 7 1 4 1 6 9 6 2 5 9 9 6 6 8 3 6 7 9 5 7 3 1 2 8
 2 7 3 4 7 8 4 7 1 8 1 6 2 1 2 5 8 8 6 9 8 1 5 8 8 4 9 8 4 5 6 8 8 2 6 5 1
 4 7 5 2 5 4 7 2 5 6 4 9 2 9 4 8 4 1 4 2 4 3 9 5 4 5]
[50, 11, 50, 43, 28, 10, 50, 50, 50, 19, 49, 15, 50, 44, 50, 50, 50, 50, 50, 50, 50, 50, 10, 45, 50, 50, 11, 23, 50, 50, 50, 27, 24, 28, 17, 50, 50, 50, 33, 27, 50, 50, 17, 50, 50, 50, 50, 50, 50, 50, 50, 50, 48, 10, 19, 15, 50, 50, 40, 50, 50, 44, 37, 50, 50, 50, 50, 50, 26, 15, 25, 50, 35, 50, 50, 50, 28, 50, 50, 34, 50, 36, 12, 18, 50, 40, 50, 34, 49, 44, 50, 17, 50, 37, 39, 48, 50, 37, 17, 15]
[0 0 0 0 0 0 0 0 0 0 0 0 0 0 0 0 0 0 0 0 0 0 0 0 0 0 0 0 0 0 0 0 0 0 0 0 0
 0 0 0 0 0 0 0 0 0 0 0 0 0 0 0 0 0 0 0 0 0 0 0 0 0 0 0 0 0 0 0 0 0 0 0 0 0
 0 0 0 0 0 0 0 0 0 0 0 0 0 0 0 0 0 0 0 0 0 0 0 0 0 0]
[1 1 1 1 1 1 1 1 1 1 1 1 1 1 1 1 1 1 1 1 1 1 1 1 1 1 1 1 1 1 1 1 1 1 1 1 1
 1 1 1 1 1 1 1 1 1 1 1 1 1 1 1 1 1 1 1 1 1 1 1 1 1 1 1 1 1 1 1 1 1 1 1 1 1
 1 1 1 1 1 1 1 1 1 1 1 1 1 1 1 1 1 1 1 1 1 1 1 1 1 1]
