[ 0  1  2  3  4  5  6  7  8  9 10 11 12 13 14 15 16 17 18 19 20 21 22 23
 24 25 26 27 28 29 30 31 32 33 34 35 36 37 38 39 40 41 42 43 44 45 46 47
 48 49 50 51 52 53 54 55 56 57 58 59 60 61 62 63 64 65 66 67 68 69 70 71
 72 73 74 75 76 77 78 79 80 81 82 83 84 85 86 87 88 89 90 91 92 93 94 95
 96 97 98 99]
[12 87 -1 87 -1 84 38 87 -1 -1 -1 24 72 43 -1 -1  2 75 42 -1 -1 -1 73 -1
 97 -1 38 -1 80 -1 -1 43 10 11 12  3 89 69 88 43 -1 22 11 62 -1 52 93 -1
 36 81 29 66 88 98 27 -1 61 71 77 55 96 25  9 68 -1 91 48 -1 -1 -1 -1 34
 -1 50 -1 47 47 13 71 86 85 -1 90  0 -1 -1 19 19 91 77 -1 49 89 55 15 26
 -1 10 47 26]
[1 1 1 0 0 1 0 1 0 0 1 0 0 0 0 1 0 1 1 0 0 0 1 1 0 1 1 1 0 0 1 1 1 0 0 0 1
 0 0 1 0 1 0 0 0 1 1 0 1 1 1 0 0 1 0 1 0 1 0 0 1 1 1 0 0 0 0 0 1 0 0 1 0 0
 1 0 1 0 0 0 1 0 0 0 0 1 1 0 1 0 1 1 0 1 1 1 0 0 0 0]
[1 0 1 3 3 3 2 4 0 0 0 0 0 1 0 1 3 0 0 4 1 2 0 4 0 0 0 3 3 0 0 2 4 3 1 3 3
 0 0 1 4 0 1 1 0 0 1 4 4 1 0 0 0 0 4 1 0 4 0 0 3 0 4 2 0 4 3 0 0 0 0 2 4 2
 0 3 0 0 0 3 2 2 2 0 4 0 0 0 4 0 0 1 3 2 2 4 0 4 3 3]
[1 0 1 3 3 3 2 4 0 0 0 0 0 1 0 1 3 0 0 4 1 2 0 4 0 0 0 3 3 0 0 2 4 3 1 3 3
 0 0 1 4 0 1 1 0 0 1 4 4 1 0 0 0 0 4 1 0 4 0 0 3 0 4 2 0 4 3 0 0 0 0 2 4 2
 0 3 0 0 0 3 2 2 2 0 4 0 0 0 4 0 0 1 3 2 2 4 0 4 3 3]
[3 2 5 3 8 5 1 2 8 7 8 5 6 5 7 7 8 4 1 3 5 9 5 8 8 6 4 2 6 5 5 9 4 6 5 8 5
 8 3 7 3 3 5 5 1 3 8 4 4 6 9 4 6 9 4 7 1 4 2 2 8 9 3 5 6 1 4 4 9 5 9 9 6 1
 1 1 4 8 6 9 3 2 3 5 8 7 1 2 3 3 5 2 2 7 3 2 5 8 8 8]
[3 2 5 3 8 5 1 2 8 7 8 5 6 5 7 7 8 4 1 3 5 9 5 8 8 6 4 2 6 5 5 9 4 6 5 8 5
 8 3 7 3 3 5 5 1 3 8 4 4 6 9 4 6 9 4 7 1 4 2 2 8 9 3 5 6 1 4 4 9 5 9 9 6 1
 1 1 4 8 6 9 3 2 3 5 8 7 1 2 3 3 5 2 2 7 3 2 5 8 8 8]
[14, 50, 50, 26, 50, 32, 32, 50, 50, 50, 50, 50, 12, 50, 50, 50, 11, 50, 45, 22, 50, 25, 26, 50, 50, 50, 50, 27, 24, 49, 50, 50, 21, 21, 50, 46, 22, 33, 50, 12, 50, 50, 39, 50, 50, 50, 50, 50, 17, 19, 50, 50, 50, 15, 50, 50, 50, 50, 26, 50, 50, 50, 24, 12, 50, 50, 21, 39, 50, 39, 50, 22, 14, 26, 21, 50, 45, 50, 50, 50, 44, 44, 37, 42, 20, 50, 35, 50, 50, 25, 50, 50, 50, 45, 40, 30, 26, 44, 50, 39]
[0 0 0 0 0 0 0 0 0 0 0 0 0 0 0 0 0 0 0 0 0 0 0 0 0 0 0 0 0 0 0 0 0 0 0 0 0
 0 0 0 0 0 0 0 0 0 0 0 0 0 0 0 0 0 0 0 0 0 0 0 0 0 0 0 0 0 0 0 0 0 0 0 0 0
 0 0 0 0 0 0 0 0 0 0 0 0 0 0 0 0 0 0 0 0 0 0 0 0 0 0]
[1 1 1 1 1 1 1 1 1 1 1 1 1 1 1 1 1 1 1 1 1 1 1 1 1 1 1 1 1 1 1 1 1 1 1 1 1
 1 1 1 1 1 1 1 1 1 1 1 1 1 1 1 1 1 1 1 1 1 1 1 1 1 1 1 1 1 1 1 1 1 1 1 1 1
 1 1 1 1 1 1 1 1 1 1 1 1 1 1 1 1 1 1 1 1 1 1 1 1 1 1]
