[ 0  1  2  3  4  5  6  7  8  9 10 11 12 13 14 15 16 17 18 19 20 21 22 23
 24 25 26 27 28 29 30 31 32 33 34 35 36 37 38 39 40 41 42 43 44 45 46 47
 48 49 50 51 52 53 54 55 56 57 58 59 60 61 62 63 64 65 66 67 68 69 70 71
 72 73 74 75 76 77 78 79 80 81 82 83 84 85 86 87 88 89 90 91 92 93 94 95
 96 97 98 99]
[27 -1 -1 10 28 71 10 -1 71 30 60 67 21 82 85 17 -1 -1 82 72 -1 -1 67 53
 43  6 -1 -1 77  3 31 86 48 29 71 86 55 68 20 -1  0 49 79 20 60 56 92 90
 -1 -1 16 39 80 30 -1 34 -1 -1 37 85 97 -1 -1 70  0 20 -1  9 78 -1 -1 -1
 99 -1 36 36 -1 73 -1 86 49 93 33 97 98  0 59 -1 -1  5 17 53 96 -1 -1 54
 -1 34 74 -1]
[1 1 1 1 1 1 0 1 1 1 1 1 0 1 1 1 0 0 1 1 1 1 1 1 1 1 0 1 1 0 0 1 0 1 1 0 1
 1 0 1 1 0 0 0 1 1 1 0 0 1 1 0 0 0 1 0 1 1 1 1 1 1 1 0 0 0 1 0 1 1 1 0 0 0
 1 0 1 0 0 1 0 0 0 0 0 1 0 1 1 0 0 0 1 1 1 0 0 0 1 1]
[4 2 4 4 4 3 0 3 2 0 0 1 4 0 1 4 1 0 4 0 0 0 0 1 1 0 4 3 0 2 0 2 0 3 0 0 0
 2 4 2 4 0 2 0 1 1 0 0 3 0 2 0 4 0 0 0 1 1 4 3 2 3 3 0 0 0 0 0 0 2 0 0 0 4
 2 2 0 4 0 0 1 0 1 3 0 0 3 4 1 0 2 4 1 4 4 0 0 0 0 0]
[4 2 4 4 4 3 0 3 2 0 0 1 4 0 1 4 1 0 4 0 0 0 0 1 1 0 4 3 0 2 0 2 0 3 0 0 0
 2 4 2 4 0 2 0 1 1 0 0 3 0 2 0 4 0 0 0 1 1 4 3 2 3 3 0 0 0 0 0 0 2 0 0 0 4
 2 2 0 4 0 0 1 0 1 3 0 0 3 4 1 0 2 4 1 4 4 0 0 0 0 0]
[7 9 7 1 8 9 1 8 9 6 3 8 4 7 6 5 3 7 9 1 1 1 8 2 2 5 2 8 5 5 7 2 5 5 2 5 4
 4 2 5 3 1 2 2 3 2 3 9 9 9 8 6 9 8 8 5 4 3 7 2 7 6 5 6 3 1 6 2 7 6 4 6 3 2
 9 5 8 4 8 8 3 1 4 9 6 8 4 7 5 1 3 1 1 3 5 3 8 9 5 5]
[7 9 7 1 8 9 1 8 9 6 3 8 4 7 6 5 3 7 9 1 1 1 8 2 2 5 2 8 5 5 7 2 5 5 2 5 4
 4 2 5 3 1 2 2 3 2 3 9 9 9 8 6 9 8 8 5 4 3 7 2 7 6 5 6 3 1 6 2 7 6 4 6 3 2
 9 5 8 4 8 8 3 1 4 9 6 8 4 7 5 1 3 1 1 3 5 3 8 9 5 5]
[50, 50, 17, 50, 17, 50, 50, 42, 50, 50, 50, 21, 50, 50, 50, 50, 40, 16, 50, 25, 50, 49, 50, 50, 46, 50, 50, 42, 39, 50, 50, 44, 50, 50, 50, 50, 50, 37, 22, 19, 50, 50, 22, 21, 11, 34, 38, 50, 37, 10, 50, 50, 50, 50, 23, 31, 26, 38, 50, 50, 50, 36, 31, 50, 50, 50, 35, 16, 23, 50, 50, 50, 34, 25, 50, 50, 50, 31, 50, 45, 17, 50, 22, 37, 50, 50, 25, 50, 45, 50, 23, 22, 11, 50, 32, 31, 45, 26, 21, 50]
[0 0 0 0 0 0 0 0 0 0 0 0 0 0 0 0 0 0 0 0 0 0 0 0 0 0 0 0 0 0 0 0 0 0 0 0 0
 0 0 0 0 0 0 0 0 0 0 0 0 0 0 0 0 0 0 0 0 0 0 0 0 0 0 0 0 0 0 0 0 0 0 0 0 0
 0 0 0 0 0 0 0 0 0 0 0 0 0 0 0 0 0 0 0 0 0 0 0 0 0 0]
[1 1 1 1 1 1 1 1 1 1 1 1 1 1 1 1 1 1 1 1 1 1 1 1 1 1 1 1 1 1 1 1 1 1 1 1 1
 1 1 1 1 1 1 1 1 1 1 1 1 1 1 1 1 1 1 1 1 1 1 1 1 1 1 1 1 1 1 1 1 1 1 1 1 1
 1 1 1 1 1 1 1 1 1 1 1 1 1 1 1 1 1 1 1 1 1 1 1 1 1 1]
