[ 0  1  2  3  4  5  6  7  8  9 10 11 12 13 14 15 16 17 18 19 20 21 22 23
 24 25 26 27 28 29 30 31 32 33 34 35 36 37 38 39 40 41 42 43 44 45 46 47
 48 49 50 51 52 53 54 55 56 57 58 59 60 61 62 63 64 65 66 67 68 69 70 71
 72 73 74 75 76 77 78 79 80 81 82 83 84 85 86 87 88 89 90 91 92 93 94 95
 96 97 98 99]
[74 -1 23 96 67 95 38 -1 73  7 -1 21 -1 60 79 -1 83 -1 22 83 -1 75 -1 -1
 -1  1 23 -1  2 -1 22 27 31 -1 81 -1 -1 -1 81 -1 21 42 -1 -1 57 -1 -1 -1
 91 16 83 -1 33 70 -1 74 53 -1 18 11 52 60 20 44 14 -1 52 -1 -1 49 -1  3
 -1 -1 -1 -1 32 -1 55 45 -1 65 -1 -1 -1 80 50  7 72  1 88 18 17 24 80 85
 45 25 -1 -1]
[0 1 0 1 1 1 1 1 0 1 0 1 1 0 0 1 1 1 0 0 0 0 0 0 0 0 0 1 1 0 1 0 0 1 0 1 1
 0 0 1 1 0 1 1 0 0 0 1 0 0 0 0 1 1 1 0 1 1 0 1 0 0 0 0 1 0 1 1 0 0 0 0 1 0
 0 1 1 0 0 1 1 0 0 1 1 0 0 0 1 0 1 1 0 0 0 0 0 1 0 0]
[3 0 0 1 0 0 2 4 1 2 3 3 3 0 0 0 4 0 0 3 2 0 2 0 1 0 0 4 4 0 0 0 1 3 3 0 3
 0 0 0 2 0 3 2 3 1 0 0 4 0 2 4 4 1 4 3 0 2 2 2 0 2 0 3 0 3 3 4 3 0 1 0 2 0
 3 0 4 1 0 4 0 1 0 0 4 0 0 1 4 4 4 3 0 2 0 0 0 0 1 4]
[3 0 0 1 0 0 2 4 1 2 3 3 3 0 0 0 4 0 0 3 2 0 2 0 1 0 0 4 4 0 0 0 1 3 3 0 3
 0 0 0 2 0 3 2 3 1 0 0 4 0 2 4 4 1 4 3 0 2 2 2 0 2 0 3 0 3 3 4 3 0 1 0 2 0
 3 0 4 1 0 4 0 1 0 0 4 0 0 1 4 4 4 3 0 2 0 0 0 0 1 4]
[7 9 4 8 7 9 6 5 4 2 2 2 2 6 1 5 8 5 1 4 2 2 1 1 3 8 4 2 5 1 9 2 3 7 1 8 3
 5 7 7 6 7 8 8 4 6 5 1 5 6 4 2 1 6 2 1 8 4 5 6 6 8 1 3 3 8 7 9 8 7 7 1 3 3
 2 3 9 7 4 3 3 7 9 6 4 4 7 6 3 6 5 7 3 3 4 5 3 9 5 9]
[7 9 4 8 7 9 6 5 4 2 2 2 2 6 1 5 8 5 1 4 2 2 1 1 3 8 4 2 5 1 9 2 3 7 1 8 3
 5 7 7 6 7 8 8 4 6 5 1 5 6 4 2 1 6 2 1 8 4 5 6 6 8 1 3 3 8 7 9 8 7 7 1 3 3
 2 3 9 7 4 3 3 7 9 6 4 4 7 6 3 6 5 7 3 3 4 5 3 9 5 9]
[27, 50, 48, 20, 34, 50, 50, 50, 36, 35, 50, 50, 30, 50, 50, 50, 37, 22, 17, 50, 50, 50, 50, 50, 36, 50, 15, 11, 50, 47, 43, 50, 37, 50, 50, 19, 50, 50, 50, 50, 50, 50, 31, 50, 31, 50, 35, 50, 36, 26, 50, 50, 34, 33, 10, 50, 30, 44, 36, 45, 50, 40, 35, 50, 40, 36, 50, 14, 23, 50, 21, 50, 26, 50, 44, 24, 17, 50, 43, 18, 50, 12, 50, 21, 22, 50, 49, 35, 50, 50, 48, 34, 33, 47, 50, 38, 50, 50, 25, 50]
[0 0 0 0 0 0 0 0 0 0 0 0 0 0 0 0 0 0 0 0 0 0 0 0 0 0 0 0 0 0 0 0 0 0 0 0 0
 0 0 0 0 0 0 0 0 0 0 0 0 0 0 0 0 0 0 0 0 0 0 0 0 0 0 0 0 0 0 0 0 0 0 0 0 0
 0 0 0 0 0 0 0 0 0 0 0 0 0 0 0 0 0 0 0 0 0 0 0 0 0 0]
[1 1 1 1 1 1 1 1 1 1 1 1 1 1 1 1 1 1 1 1 1 1 1 1 1 1 1 1 1 1 1 1 1 1 1 1 1
 1 1 1 1 1 1 1 1 1 1 1 1 1 1 1 1 1 1 1 1 1 1 1 1 1 1 1 1 1 1 1 1 1 1 1 1 1
 1 1 1 1 1 1 1 1 1 1 1 1 1 1 1 1 1 1 1 1 1 1 1 1 1 1]
