[ 0  1  2  3  4  5  6  7  8  9 10 11 12 13 14 15 16 17 18 19 20 21 22 23
 24 25 26 27 28 29 30 31 32 33 34 35 36 37 38 39 40 41 42 43 44 45 46 47
 48 49 50 51 52 53 54 55 56 57 58 59 60 61 62 63 64 65 66 67 68 69 70 71
 72 73 74 75 76 77 78 79 80 81 82 83 84 85 86 87 88 89 90 91 92 93 94 95
 96 97 98 99]
[87 28 -1 47 45 70 65  2 -1 95 85 29 88 -1 61  9 63  9 26 -1  9 97 43 24
 -1 78 -1 -1 52 -1 27 -1 -1 51 -1 16 24 19 87 -1 23 -1 -1 98 43 -1 68 36
 -1 -1 -1 -1 32 -1 45 -1 49 87 73 -1 53  1 70 46 85 60 -1 82 33 57 64 -1
 31 79 40 59 30 39 63 37 -1 94 -1 18 -1 16 -1 -1 36 65 42 -1 74 -1 71  7
 -1 -1 -1 76]
[1 1 1 0 0 0 0 0 0 1 0 1 0 1 1 0 0 1 1 0 0 1 0 1 1 1 1 0 0 0 0 1 0 1 0 1 0
 0 1 0 0 0 1 0 1 0 0 1 1 1 1 0 1 1 0 0 0 1 1 1 1 0 0 0 0 0 0 0 1 0 1 1 0 0
 1 0 1 1 0 1 0 0 0 1 1 0 1 0 0 0 1 1 0 1 1 1 1 0 0 0]
[1 0 4 0 0 2 3 3 2 4 0 0 0 0 0 4 0 4 0 3 2 3 0 4 2 4 3 2 0 3 0 0 3 0 0 0 4
 1 4 0 1 0 0 2 2 4 0 0 4 0 3 0 1 0 0 2 0 1 3 0 1 0 3 0 4 4 0 0 0 0 2 4 0 2
 0 2 0 1 0 0 0 2 0 0 0 0 0 0 0 2 0 0 2 3 0 0 4 0 1 2]
[1 0 4 0 0 2 3 3 2 4 0 0 0 0 0 4 0 4 0 3 2 3 0 4 2 4 3 2 0 3 0 0 3 0 0 0 4
 1 4 0 1 0 0 2 2 4 0 0 4 0 3 0 1 0 0 2 0 1 3 0 1 0 3 0 4 4 0 0 0 0 2 4 0 2
 0 2 0 1 0 0 0 2 0 0 0 0 0 0 0 2 0 0 2 3 0 0 4 0 1 2]
[3 8 7 1 2 6 7 5 3 3 7 2 1 9 9 8 2 8 5 4 4 1 1 7 6 3 1 1 9 8 2 3 6 1 3 5 3
 2 1 2 3 9 9 2 6 1 6 7 2 3 7 4 8 3 2 5 3 2 3 6 5 3 5 5 2 5 1 5 3 7 3 5 6 8
 9 5 5 9 2 7 9 2 8 2 4 4 9 2 4 8 4 3 3 1 6 5 3 6 2 4]
[3 8 7 1 2 6 7 5 3 3 7 2 1 9 9 8 2 8 5 4 4 1 1 7 6 3 1 1 9 8 2 3 6 1 3 5 3
 2 1 2 3 9 9 2 6 1 6 7 2 3 7 4 8 3 2 5 3 2 3 6 5 3 5 5 2 5 1 5 3 7 3 5 6 8
 9 5 5 9 2 7 9 2 8 2 4 4 9 2 4 8 4 3 3 1 6 5 3 6 2 4]
[50, 50, 13, 50, 50, 50, 46, 23, 41, 12, 50, 28, 15, 50, 50, 37, 50, 36, 50, 50, 45, 48, 45, 50, 13, 31, 50, 47, 38, 30, 10, 21, 10, 50, 50, 48, 15, 25, 50, 49, 50, 41, 27, 50, 50, 45, 50, 42, 50, 20, 35, 50, 50, 46, 50, 26, 50, 50, 50, 50, 41, 37, 30, 50, 18, 50, 50, 15, 44, 50, 50, 50, 50, 43, 47, 23, 44, 46, 50, 50, 26, 35, 43, 50, 38, 15, 26, 26, 50, 40, 45, 50, 47, 46, 18, 50, 22, 50, 27, 50]
[0 0 0 0 0 0 0 0 0 0 0 0 0 0 0 0 0 0 0 0 0 0 0 0 0 0 0 0 0 0 0 0 0 0 0 0 0
 0 0 0 0 0 0 0 0 0 0 0 0 0 0 0 0 0 0 0 0 0 0 0 0 0 0 0 0 0 0 0 0 0 0 0 0 0
 0 0 0 0 0 0 0 0 0 0 0 0 0 0 0 0 0 0 0 0 0 0 0 0 0 0]
[1 1 1 1 1 1 1 1 1 1 1 1 1 1 1 1 1 1 1 1 1 1 1 1 1 1 1 1 1 1 1 1 1 1 1 1 1
 1 1 1 1 1 1 1 1 1 1 1 1 1 1 1 1 1 1 1 1 1 1 1 1 1 1 1 1 1 1 1 1 1 1 1 1 1
 1 1 1 1 1 1 1 1 1 1 1 1 1 1 1 1 1 1 1 1 1 1 1 1 1 1]
