[ 0  1  2  3  4  5  6  7  8  9 10 11 12 13 14 15 16 17 18 19 20 21 22 23
 24 25 26 27 28 29 30 31 32 33 34 35 36 37 38 39 40 41 42 43 44 45 46 47
 48 49 50 51 52 53 54 55 56 57 58 59 60 61 62 63 64 65 66 67 68 69 70 71
 72 73 74 75 76 77 78 79 80 81 82 83 84 85 86 87 88 89 90 91 92 93 94 95
 96 97 98 99]
[64 49 78 10 95 63 -1 45  7 65 46 -1 -1 91 13 55 -1 60 -1 70 54 72 -1 18
 79 57 80 -1 -1  8 -1  6 89 24 40 59 96 31 -1 35 63 33 -1 78 30 62 14 13
 16 20 39 -1 35 11 -1 41 60 95 20 11 54 70 48 10 88 66 78 18 -1 21 59 11
 -1 52 13 30 -1 90 -1 40 -1 -1 46 -1 55 84 -1 40 19 -1  7 -1 95 60 88 73
 -1 -1 47 -1]
[1 0 1 1 1 0 0 1 0 1 1 1 1 1 0 0 0 0 1 1 1 1 1 1 1 0 0 1 1 1 0 1 0 0 0 0 0
 0 0 1 1 0 0 0 1 0 1 0 1 1 0 1 1 1 0 0 1 1 1 1 1 1 1 1 1 0 1 0 0 1 1 1 1 0
 1 0 0 1 0 0 0 0 1 1 1 0 0 0 0 1 0 1 1 1 1 1 0 1 1 0]
[0 0 0 0 4 0 0 0 1 1 4 3 4 0 3 0 1 0 1 4 0 4 0 0 0 2 0 0 0 0 2 1 0 0 0 3 1
 4 0 0 4 1 4 3 1 0 1 0 3 0 4 4 0 0 0 3 2 0 3 1 4 2 0 0 0 4 0 0 0 2 0 3 2 1
 1 4 3 0 0 0 0 0 0 3 0 0 0 1 4 3 0 2 0 0 0 4 1 4 0 3]
[0 0 0 0 4 0 0 0 1 1 4 3 4 0 3 0 1 0 1 4 0 4 0 0 0 2 0 0 0 0 2 1 0 0 0 3 1
 4 0 0 4 1 4 3 1 0 1 0 3 0 4 4 0 0 0 3 2 0 3 1 4 2 0 0 0 4 0 0 0 2 0 3 2 1
 1 4 3 0 0 0 0 0 0 3 0 0 0 1 4 3 0 2 0 0 0 4 1 4 0 3]
[5 3 6 9 2 7 2 7 6 3 8 3 4 6 3 7 7 3 2 6 5 1 5 6 8 1 1 4 5 3 1 1 6 8 5 4 1
 2 3 5 8 2 7 2 8 9 4 1 5 2 6 3 6 5 9 1 9 1 3 2 3 1 8 7 7 1 6 6 2 3 6 9 6 8
 6 3 8 1 8 6 1 5 7 8 7 3 8 2 9 1 2 6 6 4 8 1 3 1 9 5]
[5 3 6 9 2 7 2 7 6 3 8 3 4 6 3 7 7 3 2 6 5 1 5 6 8 1 1 4 5 3 1 1 6 8 5 4 1
 2 3 5 8 2 7 2 8 9 4 1 5 2 6 3 6 5 9 1 9 1 3 2 3 1 8 7 7 1 6 6 2 3 6 9 6 8
 6 3 8 1 8 6 1 5 7 8 7 3 8 2 9 1 2 6 6 4 8 1 3 1 9 5]
[10, 33, 50, 25, 22, 50, 50, 36, 50, 33, 50, 18, 50, 39, 50, 50, 50, 28, 34, 50, 50, 50, 50, 38, 50, 50, 46, 50, 28, 50, 50, 30, 34, 31, 23, 50, 15, 39, 25, 17, 24, 50, 50, 50, 50, 43, 50, 50, 11, 11, 50, 50, 17, 45, 50, 50, 50, 50, 50, 50, 50, 50, 50, 50, 33, 42, 19, 34, 25, 16, 50, 50, 50, 11, 50, 50, 50, 50, 22, 35, 16, 50, 17, 35, 50, 50, 50, 32, 13, 47, 50, 50, 50, 22, 50, 50, 50, 50, 26, 50]
[0 0 0 0 0 0 0 0 0 0 0 0 0 0 0 0 0 0 0 0 0 0 0 0 0 0 0 0 0 0 0 0 0 0 0 0 0
 0 0 0 0 0 0 0 0 0 0 0 0 0 0 0 0 0 0 0 0 0 0 0 0 0 0 0 0 0 0 0 0 0 0 0 0 0
 0 0 0 0 0 0 0 0 0 0 0 0 0 0 0 0 0 0 0 0 0 0 0 0 0 0]
[1 1 1 1 1 1 1 1 1 1 1 1 1 1 1 1 1 1 1 1 1 1 1 1 1 1 1 1 1 1 1 1 1 1 1 1 1
 1 1 1 1 1 1 1 1 1 1 1 1 1 1 1 1 1 1 1 1 1 1 1 1 1 1 1 1 1 1 1 1 1 1 1 1 1
 1 1 1 1 1 1 1 1 1 1 1 1 1 1 1 1 1 1 1 1 1 1 1 1 1 1]
