[ 0  1  2  3  4  5  6  7  8  9 10 11 12 13 14 15 16 17 18 19 20 21 22 23
 24 25 26 27 28 29 30 31 32 33 34 35 36 37 38 39 40 41 42 43 44 45 46 47
 48 49 50 51 52 53 54 55 56 57 58 59 60 61 62 63 64 65 66 67 68 69 70 71
 72 73 74 75 76 77 78 79 80 81 82 83 84 85 86 87 88 89 90 91 92 93 94 95
 96 97 98 99]
[51 -1  1 75 -1 -1 -1 81 -1 23 96 -1 97 75  5 50 25 15 20  9 -1 48  3 -1
 -1 87 -1 25 53 22 -1 -1 27 56 35 -1 51 83 -1 21 26 61 -1 29  6 62 -1 25
 98 51 -1 34 77 25 -1 -1 53 -1  4 67 26 90 -1 -1 -1 76 93 -1 38 11 -1 -1
 16 74 -1 21 28 12 -1 89 -1 38 -1 46 39 53 -1 69 89 -1 83 73 51  5 -1 44
 56 33 -1 -1]
[0 1 1 0 0 0 1 1 1 0 0 0 0 0 0 1 1 1 0 1 0 0 0 1 1 1 0 1 0 1 0 1 0 0 0 1 1
 0 1 1 0 1 0 1 1 1 1 0 1 1 0 1 0 0 1 0 1 1 1 0 0 0 1 0 1 1 1 0 0 1 1 0 0 1
 1 0 0 1 0 1 1 1 0 1 1 1 0 1 0 0 0 1 1 1 0 0 0 0 1 1]
[1 0 0 3 2 4 1 3 2 0 2 1 3 1 0 0 0 0 0 0 0 0 0 0 2 3 4 4 2 1 0 0 1 2 0 0 4
 2 0 1 0 4 0 0 3 0 2 2 0 0 0 4 0 4 0 3 0 4 1 2 2 0 2 0 3 4 0 2 1 1 0 4 0 0
 4 2 0 3 0 0 0 4 1 0 0 1 0 0 0 2 0 0 1 0 0 0 4 3 0 1]
[1 0 0 3 2 4 1 3 2 0 2 1 3 1 0 0 0 0 0 0 0 0 0 0 2 3 4 4 2 1 0 0 1 2 0 0 4
 2 0 1 0 4 0 0 3 0 2 2 0 0 0 4 0 4 0 3 0 4 1 2 2 0 2 0 3 4 0 2 1 1 0 4 0 0
 4 2 0 3 0 0 0 4 1 0 0 1 0 0 0 2 0 0 1 0 0 0 4 3 0 1]
[1 7 6 6 1 1 3 3 9 2 2 2 2 7 5 1 6 2 2 7 4 7 4 8 9 3 9 8 7 8 5 7 6 6 3 2 1
 1 6 1 3 2 2 3 3 8 5 8 1 6 4 2 9 9 8 6 9 5 7 9 2 6 5 3 3 1 2 8 7 6 2 1 1 6
 9 7 5 6 9 6 6 6 7 9 2 1 7 7 4 3 6 2 5 8 5 9 1 9 1 2]
[1 7 6 6 1 1 3 3 9 2 2 2 2 7 5 1 6 2 2 7 4 7 4 8 9 3 9 8 7 8 5 7 6 6 3 2 1
 1 6 1 3 2 2 3 3 8 5 8 1 6 4 2 9 9 8 6 9 5 7 9 2 6 5 3 3 1 2 8 7 6 2 1 1 6
 9 7 5 6 9 6 6 6 7 9 2 1 7 7 4 3 6 2 5 8 5 9 1 9 1 2]
[50, 14, 15, 50, 44, 50, 42, 12, 50, 50, 32, 50, 50, 49, 50, 50, 50, 41, 50, 36, 11, 35, 28, 50, 20, 50, 50, 50, 32, 49, 21, 27, 50, 50, 36, 50, 50, 21, 39, 21, 50, 50, 50, 27, 34, 50, 50, 50, 50, 26, 50, 13, 46, 13, 37, 50, 50, 50, 50, 26, 50, 50, 35, 50, 43, 50, 25, 50, 50, 50, 30, 50, 15, 10, 50, 39, 45, 50, 46, 50, 50, 50, 50, 24, 50, 13, 16, 46, 19, 50, 50, 31, 45, 30, 50, 43, 50, 15, 33, 50]
[0 0 0 0 0 0 0 0 0 0 0 0 0 0 0 0 0 0 0 0 0 0 0 0 0 0 0 0 0 0 0 0 0 0 0 0 0
 0 0 0 0 0 0 0 0 0 0 0 0 0 0 0 0 0 0 0 0 0 0 0 0 0 0 0 0 0 0 0 0 0 0 0 0 0
 0 0 0 0 0 0 0 0 0 0 0 0 0 0 0 0 0 0 0 0 0 0 0 0 0 0]
[1 1 1 1 1 1 1 1 1 1 1 1 1 1 1 1 1 1 1 1 1 1 1 1 1 1 1 1 1 1 1 1 1 1 1 1 1
 1 1 1 1 1 1 1 1 1 1 1 1 1 1 1 1 1 1 1 1 1 1 1 1 1 1 1 1 1 1 1 1 1 1 1 1 1
 1 1 1 1 1 1 1 1 1 1 1 1 1 1 1 1 1 1 1 1 1 1 1 1 1 1]
