[ 0  1  2  3  4  5  6  7  8  9 10 11 12 13 14 15 16 17 18 19 20 21 22 23
 24 25 26 27 28 29 30 31 32 33 34 35 36 37 38 39 40 41 42 43 44 45 46 47
 48 49 50 51 52 53 54 55 56 57 58 59 60 61 62 63 64 65 66 67 68 69 70 71
 72 73 74 75 76 77 78 79 80 81 82 83 84 85 86 87 88 89 90 91 92 93 94 95
 96 97 98 99]
[63 -1 -1 -1 62 16 59 43 78 -1 44 61 -1 -1 95 27 -1 61 69 40 27 99 -1 99
 12 -1 -1 71 -1 -1 92 16 87 -1 -1 19 26 16 31 12 -1 54 43 19 57  4 -1 -1
  5 -1 91 -1 54 92 14 66 -1 60  2 17 69 35 30 -1 -1 -1 59 98 -1 14 69 12
 -1 -1 -1 -1  3 95 -1 78 74  6 -1 62  5 98 31 -1 96 23 51 72 87 15 -1 86
  1 -1 79 -1]
[0 1 0 1 0 1 0 1 0 1 0 0 1 1 0 0 0 0 0 1 1 1 0 1 0 0 0 1 0 1 1 1 1 1 1 1 0
 1 0 0 1 0 0 1 0 0 1 0 0 0 1 1 0 0 1 1 1 0 1 1 1 1 1 1 0 0 1 1 1 0 0 0 0 0
 0 0 1 0 1 0 1 0 0 0 0 0 0 1 1 1 1 1 1 0 0 0 1 0 1 1]
[0 4 3 2 0 0 3 0 0 0 4 1 4 0 3 3 0 0 0 4 4 2 1 0 0 4 0 3 0 2 0 4 0 3 0 0 0
 2 0 3 0 1 2 0 0 0 0 1 0 4 3 0 3 0 0 0 2 2 1 2 3 2 3 0 1 0 0 0 4 1 0 0 0 2
 4 0 0 2 2 0 0 4 0 0 0 2 4 0 2 2 2 0 1 0 1 0 0 4 0 2]
[0 4 3 2 0 0 3 0 0 0 4 1 4 0 3 3 0 0 0 4 4 2 1 0 0 4 0 3 0 2 0 4 0 3 0 0 0
 2 0 3 0 1 2 0 0 0 0 1 0 4 3 0 3 0 0 0 2 2 1 2 3 2 3 0 1 0 0 0 4 1 0 0 0 2
 4 0 0 2 2 0 0 4 0 0 0 2 4 0 2 2 2 0 1 0 1 0 0 4 0 2]
[1 6 3 3 4 5 6 1 8 8 4 7 9 2 9 1 8 7 2 1 4 5 9 8 5 2 2 7 6 7 3 8 8 6 1 3 4
 3 4 4 4 2 8 8 1 9 2 5 7 4 9 6 3 7 3 4 1 2 2 7 3 6 1 1 6 8 6 4 9 2 9 9 4 2
 8 8 3 7 3 7 6 9 1 6 2 1 1 7 7 5 7 7 3 6 8 5 3 7 9 2]
[1 6 3 3 4 5 6 1 8 8 4 7 9 2 9 1 8 7 2 1 4 5 9 8 5 2 2 7 6 7 3 8 8 6 1 3 4
 3 4 4 4 2 8 8 1 9 2 5 7 4 9 6 3 7 3 4 1 2 2 7 3 6 1 1 6 8 6 4 9 2 9 9 4 2
 8 8 3 7 3 7 6 9 1 6 2 1 1 7 7 5 7 7 3 6 8 5 3 7 9 2]
[34, 50, 50, 50, 32, 20, 50, 50, 32, 50, 26, 42, 50, 50, 35, 39, 41, 50, 31, 10, 46, 50, 50, 50, 15, 22, 26, 50, 50, 50, 18, 46, 50, 49, 50, 50, 50, 50, 15, 13, 50, 50, 36, 50, 29, 50, 35, 48, 28, 38, 50, 50, 21, 50, 12, 45, 50, 50, 46, 19, 50, 50, 40, 50, 17, 50, 25, 12, 50, 50, 50, 50, 16, 50, 44, 50, 50, 35, 29, 50, 24, 22, 50, 10, 37, 50, 26, 50, 50, 50, 50, 40, 28, 50, 38, 44, 20, 50, 50, 44]
[0 0 0 0 0 0 0 0 0 0 0 0 0 0 0 0 0 0 0 0 0 0 0 0 0 0 0 0 0 0 0 0 0 0 0 0 0
 0 0 0 0 0 0 0 0 0 0 0 0 0 0 0 0 0 0 0 0 0 0 0 0 0 0 0 0 0 0 0 0 0 0 0 0 0
 0 0 0 0 0 0 0 0 0 0 0 0 0 0 0 0 0 0 0 0 0 0 0 0 0 0]
[1 1 1 1 1 1 1 1 1 1 1 1 1 1 1 1 1 1 1 1 1 1 1 1 1 1 1 1 1 1 1 1 1 1 1 1 1
 1 1 1 1 1 1 1 1 1 1 1 1 1 1 1 1 1 1 1 1 1 1 1 1 1 1 1 1 1 1 1 1 1 1 1 1 1
 1 1 1 1 1 1 1 1 1 1 1 1 1 1 1 1 1 1 1 1 1 1 1 1 1 1]
