[ 0  1  2  3  4  5  6  7  8  9 10 11 12 13 14 15 16 17 18 19 20 21 22 23
 24 25 26 27 28 29 30 31 32 33 34 35 36 37 38 39 40 41 42 43 44 45 46 47
 48 49 50 51 52 53 54 55 56 57 58 59 60 61 62 63 64 65 66 67 68 69 70 71
 72 73 74 75 76 77 78 79 80 81 82 83 84 85 86 87 88 89 90 91 92 93 94 95
 96 97 98 99]
[59 -1 -1 76  1 -1 -1 -1 90 30 -1 97 34 68 50 -1 -1 -1 57 94 16 -1 -1 -1
 -1 -1 -1 23 -1 -1 15 99 -1 41 -1 -1 65 -1 -1 -1 78 14 12 -1  4 28 -1 -1
 -1 22 58 -1 -1 -1  5 91 85 88 42 -1 99 33 59 91  8 58 93 -1 97 35 -1 -1
 67 -1 75 56 14 80 14 60 -1 94 75 43 18 -1 20 62 24 35 -1 -1 -1 14 -1 -1
 37 -1  1  7]
[1 0 0 0 1 1 0 1 0 0 1 1 0 1 0 1 1 0 0 0 1 0 0 1 0 1 0 1 1 1 0 0 1 1 0 0 1
 1 0 0 0 1 0 1 1 1 0 1 0 1 0 0 1 0 1 0 0 0 1 0 0 0 0 1 0 0 1 0 0 1 1 0 1 1
 1 0 0 0 1 0 0 0 0 0 1 1 0 1 1 1 0 1 0 0 1 0 1 0 1 0]
[4 1 1 0 0 3 3 2 3 0 1 4 0 0 0 2 0 4 2 1 3 4 0 0 1 0 0 0 2 2 0 1 3 0 0 4 4
 0 0 0 0 4 0 0 0 0 3 0 2 4 1 4 4 0 0 0 0 3 0 0 0 0 0 0 1 0 1 2 0 3 0 0 1 2
 0 0 0 3 2 2 0 0 3 1 4 0 0 0 0 0 0 0 2 0 0 4 2 0 1 0]
[4 1 1 0 0 3 3 2 3 0 1 4 0 0 0 2 0 4 2 1 3 4 0 0 1 0 0 0 2 2 0 1 3 0 0 4 4
 0 0 0 0 4 0 0 0 0 3 0 2 4 1 4 4 0 0 0 0 3 0 0 0 0 0 0 1 0 1 2 0 3 0 0 1 2
 0 0 0 3 2 2 0 0 3 1 4 0 0 0 0 0 0 0 2 0 0 4 2 0 1 0]
[8 1 5 5 7 9 2 9 9 2 3 3 3 7 5 5 9 9 6 8 8 5 2 3 3 2 5 9 2 1 9 7 4 6 1 1 5
 8 2 5 5 8 4 9 8 8 3 6 5 9 1 7 4 1 2 1 9 1 2 9 9 2 9 9 3 7 1 1 2 4 4 8 4 3
 1 9 7 5 9 7 3 3 7 2 6 6 7 3 4 9 3 4 7 5 9 8 8 4 9 3]
[8 1 5 5 7 9 2 9 9 2 3 3 3 7 5 5 9 9 6 8 8 5 2 3 3 2 5 9 2 1 9 7 4 6 1 1 5
 8 2 5 5 8 4 9 8 8 3 6 5 9 1 7 4 1 2 1 9 1 2 9 9 2 9 9 3 7 1 1 2 4 4 8 4 3
 1 9 7 5 9 7 3 3 7 2 6 6 7 3 4 9 3 4 7 5 9 8 8 4 9 3]
[50, 48, 50, 50, 36, 29, 43, 50, 21, 27, 50, 50, 38, 23, 50, 50, 50, 32, 24, 10, 49, 50, 30, 31, 50, 50, 50, 30, 50, 42, 24, 35, 29, 50, 50, 50, 50, 15, 50, 21, 50, 29, 26, 50, 27, 50, 11, 50, 45, 50, 50, 50, 50, 50, 50, 50, 50, 50, 31, 23, 50, 50, 50, 50, 50, 50, 50, 42, 24, 50, 50, 50, 50, 31, 48, 42, 26, 50, 20, 50, 32, 14, 33, 50, 21, 50, 23, 22, 50, 19, 50, 50, 50, 31, 13, 28, 50, 18, 34, 50]
[0 0 0 0 0 0 0 0 0 0 0 0 0 0 0 0 0 0 0 0 0 0 0 0 0 0 0 0 0 0 0 0 0 0 0 0 0
 0 0 0 0 0 0 0 0 0 0 0 0 0 0 0 0 0 0 0 0 0 0 0 0 0 0 0 0 0 0 0 0 0 0 0 0 0
 0 0 0 0 0 0 0 0 0 0 0 0 0 0 0 0 0 0 0 0 0 0 0 0 0 0]
[1 1 1 1 1 1 1 1 1 1 1 1 1 1 1 1 1 1 1 1 1 1 1 1 1 1 1 1 1 1 1 1 1 1 1 1 1
 1 1 1 1 1 1 1 1 1 1 1 1 1 1 1 1 1 1 1 1 1 1 1 1 1 1 1 1 1 1 1 1 1 1 1 1 1
 1 1 1 1 1 1 1 1 1 1 1 1 1 1 1 1 1 1 1 1 1 1 1 1 1 1]
