[ 0  1  2  3  4  5  6  7  8  9 10 11 12 13 14 15 16 17 18 19 20 21 22 23
 24 25 26 27 28 29 30 31 32 33 34 35 36 37 38 39 40 41 42 43 44 45 46 47
 48 49 50 51 52 53 54 55 56 57 58 59 60 61 62 63 64 65 66 67 68 69 70 71
 72 73 74 75 76 77 78 79 80 81 82 83 84 85 86 87 88 89 90 91 92 93 94 95
 96 97 98 99]
[77 71 -1 67 72 47 -1 86 -1 -1 -1 92 19 -1 -1 17 -1 -1 61 -1 77 -1 -1 -1
 -1 -1 -1 76 -1 20 -1  0 21 -1 80 58 -1 26 -1 71 -1 -1  1 29 56 -1 -1 -1
 -1 -1 49 -1 20 50 -1 35 -1 87 -1 -1 -1 52 -1 58 -1 -1 12 24 34 74 43 67
 29 39 63  3 22 -1 14 -1 81 76 -1 -1 53 10 55 -1 -1 25 81 44 47 -1 -1 -1
 62 55 84 42]
[0 0 1 1 0 1 1 1 1 1 1 1 0 0 1 1 1 1 1 1 0 0 0 0 0 1 0 0 0 0 1 0 0 0 1 1 0
 1 1 0 1 1 1 1 1 0 0 1 0 1 1 1 0 0 0 0 0 0 0 0 1 0 0 1 0 1 1 1 1 1 0 0 0 0
 0 1 1 1 0 1 0 1 1 1 1 1 1 1 0 1 1 1 0 1 0 1 0 1 1 0]
[0 0 0 0 0 2 3 3 0 1 0 1 0 2 0 0 4 0 0 1 4 0 3 0 0 1 0 0 0 1 2 3 0 1 0 0 4
 2 0 3 0 4 0 0 2 1 3 1 1 0 0 0 1 2 4 3 2 4 1 0 0 4 0 0 4 2 1 0 2 2 4 0 4 1
 0 0 3 0 3 4 3 0 0 3 3 0 1 2 0 0 4 0 3 1 4 3 0 2 1 0]
[0 0 0 0 0 2 3 3 0 1 0 1 0 2 0 0 4 0 0 1 4 0 3 0 0 1 0 0 0 1 2 3 0 1 0 0 4
 2 0 3 0 4 0 0 2 1 3 1 1 0 0 0 1 2 4 3 2 4 1 0 0 4 0 0 4 2 1 0 2 2 4 0 4 1
 0 0 3 0 3 4 3 0 0 3 3 0 1 2 0 0 4 0 3 1 4 3 0 2 1 0]
[3 8 2 4 2 1 2 9 7 2 6 6 9 1 4 7 8 1 9 3 5 3 2 9 5 6 6 7 1 6 6 6 8 4 2 2 4
 4 1 5 9 7 9 7 5 1 1 7 5 1 5 6 6 5 5 3 5 2 9 7 6 9 4 4 7 3 5 1 6 9 1 3 7 2
 2 9 7 7 8 1 4 8 2 3 6 7 1 3 4 9 2 4 3 5 2 9 9 7 8 1]
[3 8 2 4 2 1 2 9 7 2 6 6 9 1 4 7 8 1 9 3 5 3 2 9 5 6 6 7 1 6 6 6 8 4 2 2 4
 4 1 5 9 7 9 7 5 1 1 7 5 1 5 6 6 5 5 3 5 2 9 7 6 9 4 4 7 3 5 1 6 9 1 3 7 2
 2 9 7 7 8 1 4 8 2 3 6 7 1 3 4 9 2 4 3 5 2 9 9 7 8 1]
[50, 12, 13, 31, 50, 50, 50, 50, 50, 50, 17, 50, 50, 41, 50, 50, 50, 50, 50, 50, 50, 50, 50, 50, 50, 41, 21, 24, 50, 31, 50, 30, 23, 50, 43, 50, 50, 50, 50, 11, 21, 50, 50, 25, 50, 26, 15, 50, 16, 50, 40, 25, 50, 50, 49, 39, 50, 16, 15, 36, 50, 26, 15, 50, 50, 50, 10, 50, 12, 50, 50, 11, 50, 18, 50, 38, 50, 20, 29, 50, 50, 50, 50, 50, 13, 15, 50, 50, 50, 15, 50, 45, 50, 50, 50, 39, 50, 33, 50, 50]
[0 0 0 0 0 0 0 0 0 0 0 0 0 0 0 0 0 0 0 0 0 0 0 0 0 0 0 0 0 0 0 0 0 0 0 0 0
 0 0 0 0 0 0 0 0 0 0 0 0 0 0 0 0 0 0 0 0 0 0 0 0 0 0 0 0 0 0 0 0 0 0 0 0 0
 0 0 0 0 0 0 0 0 0 0 0 0 0 0 0 0 0 0 0 0 0 0 0 0 0 0]
[1 1 1 1 1 1 1 1 1 1 1 1 1 1 1 1 1 1 1 1 1 1 1 1 1 1 1 1 1 1 1 1 1 1 1 1 1
 1 1 1 1 1 1 1 1 1 1 1 1 1 1 1 1 1 1 1 1 1 1 1 1 1 1 1 1 1 1 1 1 1 1 1 1 1
 1 1 1 1 1 1 1 1 1 1 1 1 1 1 1 1 1 1 1 1 1 1 1 1 1 1]
