[ 0  1  2  3  4  5  6  7  8  9 10 11 12 13 14 15 16 17 18 19 20 21 22 23
 24 25 26 27 28 29 30 31 32 33 34 35 36 37 38 39 40 41 42 43 44 45 46 47
 48 49 50 51 52 53 54 55 56 57 58 59 60 61 62 63 64 65 66 67 68 69 70 71
 72 73 74 75 76 77 78 79 80 81 82 83 84 85 86 87 88 89 90 91 92 93 94 95
 96 97 98 99]
[-1 84 -1 -1 69 67 -1 12 -1 -1 -1 53  1 -1 -1 59 24 50 -1 47 -1 66 -1 15
 74 23 93 59 40 62 97 16 70 61 -1 -1  3 46 -1 -1 36 82 -1 22 29  1 -1 -1
 -1 45 -1 -1 -1 -1 78 11 61 74 -1 54 -1 41 43 78 32 -1 94 -1 46 -1 33 77
 -1 33 88  2 -1  6 10 -1 84 -1 28 68  5 72 38  8 53 -1 21 59 61 -1 52 88
 -1 18 77 -1]
[0 0 0 1 1 0 0 0 1 0 1 1 1 0 0 1 1 0 1 0 1 1 0 1 0 1 1 0 1 1 1 1 1 1 0 1 1
 0 0 0 0 1 0 0 1 1 1 1 1 1 0 0 1 0 0 0 0 0 1 1 1 0 1 1 1 0 1 1 1 1 1 0 0 0
 0 0 0 1 1 0 0 1 1 0 1 1 0 1 0 0 1 0 1 0 1 0 0 1 0 1]
[0 2 0 2 0 0 0 3 0 0 0 2 3 0 0 3 3 0 1 0 0 4 0 1 4 2 0 0 0 0 0 1 0 1 0 4 0
 0 0 4 1 0 0 0 0 4 0 0 3 0 2 1 0 3 0 0 3 1 4 0 1 2 3 4 0 0 0 0 4 0 2 0 4 1
 4 2 0 0 4 0 0 4 0 0 4 1 0 0 0 0 3 3 3 2 0 0 0 0 2 2]
[0 2 0 2 0 0 0 3 0 0 0 2 3 0 0 3 3 0 1 0 0 4 0 1 4 2 0 0 0 0 0 1 0 1 0 4 0
 0 0 4 1 0 0 0 0 4 0 0 3 0 2 1 0 3 0 0 3 1 4 0 1 2 3 4 0 0 0 0 4 0 2 0 4 1
 4 2 0 0 4 0 0 4 0 0 4 1 0 0 0 0 3 3 3 2 0 0 0 0 2 2]
[9 5 2 6 8 5 3 2 2 5 3 8 7 2 2 5 7 8 2 6 9 3 7 9 6 1 7 4 4 1 8 1 9 9 3 2 4
 3 6 3 1 3 7 5 6 1 3 5 8 7 1 9 9 6 1 7 3 6 3 6 6 9 3 5 4 5 1 9 7 4 4 8 1 4
 9 9 7 2 4 9 5 9 5 2 8 8 6 5 6 6 7 3 8 5 6 3 3 1 6 7]
[9 5 2 6 8 5 3 2 2 5 3 8 7 2 2 5 7 8 2 6 9 3 7 9 6 1 7 4 4 1 8 1 9 9 3 2 4
 3 6 3 1 3 7 5 6 1 3 5 8 7 1 9 9 6 1 7 3 6 3 6 6 9 3 5 4 5 1 9 7 4 4 8 1 4
 9 9 7 2 4 9 5 9 5 2 8 8 6 5 6 6 7 3 8 5 6 3 3 1 6 7]
[50, 32, 27, 29, 15, 50, 43, 31, 50, 39, 46, 40, 18, 35, 47, 21, 47, 27, 50, 23, 50, 36, 34, 49, 50, 30, 50, 50, 50, 50, 50, 50, 24, 18, 50, 50, 23, 16, 42, 50, 50, 50, 50, 13, 30, 50, 20, 50, 39, 50, 50, 50, 39, 44, 50, 50, 50, 50, 47, 12, 24, 50, 50, 50, 50, 12, 50, 50, 50, 32, 13, 28, 36, 50, 50, 50, 50, 25, 50, 26, 37, 24, 50, 48, 26, 50, 24, 50, 46, 16, 46, 27, 31, 50, 50, 48, 50, 45, 50, 50]
[0 0 0 0 0 0 0 0 0 0 0 0 0 0 0 0 0 0 0 0 0 0 0 0 0 0 0 0 0 0 0 0 0 0 0 0 0
 0 0 0 0 0 0 0 0 0 0 0 0 0 0 0 0 0 0 0 0 0 0 0 0 0 0 0 0 0 0 0 0 0 0 0 0 0
 0 0 0 0 0 0 0 0 0 0 0 0 0 0 0 0 0 0 0 0 0 0 0 0 0 0]
[1 1 1 1 1 1 1 1 1 1 1 1 1 1 1 1 1 1 1 1 1 1 1 1 1 1 1 1 1 1 1 1 1 1 1 1 1
 1 1 1 1 1 1 1 1 1 1 1 1 1 1 1 1 1 1 1 1 1 1 1 1 1 1 1 1 1 1 1 1 1 1 1 1 1
 1 1 1 1 1 1 1 1 1 1 1 1 1 1 1 1 1 1 1 1 1 1 1 1 1 1]
