[ 0  1  2  3  4  5  6  7  8  9 10 11 12 13 14 15 16 17 18 19 20 21 22 23
 24 25 26 27 28 29 30 31 32 33 34 35 36 37 38 39 40 41 42 43 44 45 46 47
 48 49 50 51 52 53 54 55 56 57 58 59 60 61 62 63 64 65 66 67 68 69 70 71
 72 73 74 75 76 77 78 79 80 81 82 83 84 85 86 87 88 89 90 91 92 93 94 95
 96 97 98 99]
[87 16 -1  1 68 -1 -1 20 -1 -1 49 62 -1 55 -1 -1  6 16 65 84 16  0 54 75
 -1 31 51 92 29 48  5  9 -1 44 79 31 91 83 -1 85  4 22 35 -1 50 -1 66 -1
 60 -1 20  9 -1 83 -1 33 80 -1 47 36 -1 -1 23 79 25  3 54  2 -1 55 89 66
  0 -1  4 15 29 -1  2 28 94 -1 -1 -1  0 -1 59 -1 62 -1 -1 -1 78 -1 81 23
 -1 90 28 41]
[1 0 0 0 1 0 1 0 1 0 1 0 1 1 1 0 1 0 0 0 1 0 1 1 0 0 0 1 0 1 1 1 0 0 0 1 0
 1 1 1 0 1 0 0 1 1 1 0 1 0 1 0 0 1 0 0 0 0 1 0 0 0 1 1 1 1 0 0 1 1 0 0 0 0
 0 0 0 1 0 1 0 0 1 0 0 1 0 0 1 0 0 1 0 0 0 1 1 1 1 1]
[1 1 0 2 0 0 0 3 0 0 0 1 0 0 2 3 4 0 1 1 0 1 3 0 2 2 1 0 0 0 0 3 0 0 0 2 0
 0 2 4 2 3 0 0 0 2 0 0 2 3 0 0 0 0 0 0 0 1 3 4 3 0 0 0 4 0 3 0 0 2 2 0 0 0
 3 0 0 3 0 0 0 2 1 2 0 2 0 1 0 0 3 0 0 0 0 0 2 4 1 2]
[1 1 0 2 0 0 0 3 0 0 0 1 0 0 2 3 4 0 1 1 0 1 3 0 2 2 1 0 0 0 0 3 0 0 0 2 0
 0 2 4 2 3 0 0 0 2 0 0 2 3 0 0 0 0 0 0 0 1 3 4 3 0 0 0 4 0 3 0 0 2 2 0 0 0
 3 0 0 3 0 0 0 2 1 2 0 2 0 1 0 0 3 0 0 0 0 0 2 4 1 2]
[3 1 8 1 4 4 6 4 5 9 9 1 2 3 4 8 3 6 9 2 1 4 6 6 1 5 6 8 6 5 2 7 5 1 8 6 1
 1 3 5 7 4 9 3 8 2 8 2 3 6 8 6 4 4 3 4 3 9 3 8 9 5 8 9 7 7 1 6 4 7 8 3 5 3
 3 3 1 6 5 2 9 5 4 7 1 5 6 8 9 5 9 8 3 6 1 6 8 1 8 3]
[3 1 8 1 4 4 6 4 5 9 9 1 2 3 4 8 3 6 9 2 1 4 6 6 1 5 6 8 6 5 2 7 5 1 8 6 1
 1 3 5 7 4 9 3 8 2 8 2 3 6 8 6 4 4 3 4 3 9 3 8 9 5 8 9 7 7 1 6 4 7 8 3 5 3
 3 3 1 6 5 2 9 5 4 7 1 5 6 8 9 5 9 8 3 6 1 6 8 1 8 3]
[28, 50, 38, 50, 48, 11, 50, 50, 50, 32, 45, 45, 26, 48, 50, 50, 21, 42, 50, 30, 50, 50, 25, 50, 50, 50, 50, 36, 17, 44, 50, 26, 50, 50, 50, 12, 50, 33, 50, 49, 33, 50, 30, 50, 50, 27, 50, 29, 16, 22, 50, 50, 48, 50, 30, 50, 48, 50, 37, 50, 10, 50, 11, 50, 10, 40, 12, 50, 14, 50, 30, 14, 50, 34, 50, 50, 16, 22, 16, 50, 20, 50, 50, 50, 38, 50, 31, 50, 50, 50, 50, 48, 26, 50, 50, 50, 45, 50, 50, 37]
[0 0 0 0 0 0 0 0 0 0 0 0 0 0 0 0 0 0 0 0 0 0 0 0 0 0 0 0 0 0 0 0 0 0 0 0 0
 0 0 0 0 0 0 0 0 0 0 0 0 0 0 0 0 0 0 0 0 0 0 0 0 0 0 0 0 0 0 0 0 0 0 0 0 0
 0 0 0 0 0 0 0 0 0 0 0 0 0 0 0 0 0 0 0 0 0 0 0 0 0 0]
[1 1 1 1 1 1 1 1 1 1 1 1 1 1 1 1 1 1 1 1 1 1 1 1 1 1 1 1 1 1 1 1 1 1 1 1 1
 1 1 1 1 1 1 1 1 1 1 1 1 1 1 1 1 1 1 1 1 1 1 1 1 1 1 1 1 1 1 1 1 1 1 1 1 1
 1 1 1 1 1 1 1 1 1 1 1 1 1 1 1 1 1 1 1 1 1 1 1 1 1 1]
