[ 0  1  2  3  4  5  6  7  8  9 10 11 12 13 14 15 16 17 18 19 20 21 22 23
 24 25 26 27 28 29 30 31 32 33 34 35 36 37 38 39 40 41 42 43 44 45 46 47
 48 49 50 51 52 53 54 55 56 57 58 59 60 61 62 63 64 65 66 67 68 69 70 71
 72 73 74 75 76 77 78 79 80 81 82 83 84 85 86 87 88 89 90 91 92 93 94 95
 96 97 98 99]
[48 82  3 79 -1 88 -1 37 81  1 15 69 43 43 -1 -1  3 46 14 72 54 12 -1 47
 27 -1 25 -1 -1 10 -1 -1 90 -1 65 33 18 48  6  2 90 -1 -1  6 23  6  2  9
 69 21 59 -1 87 -1 89 64 15  7 -1 18 -1 62 54 87 -1 -1 -1 -1 10 53 -1 -1
 47 -1 97 -1 60 23 29 85 81 -1 -1 -1  9 97 -1 44 40 -1 -1 -1 -1 35 -1 -1
 47 83 -1 -1]
[0 0 1 0 0 0 0 1 1 0 0 0 0 0 0 0 0 1 1 1 0 0 1 1 0 0 0 1 0 1 0 1 0 1 0 1 1
 1 0 1 0 0 1 1 1 1 1 1 1 0 1 0 0 1 0 0 1 0 0 1 0 1 1 1 1 0 1 0 0 1 1 1 1 0
 0 1 1 0 0 0 1 0 1 0 0 0 1 0 0 0 1 0 1 1 0 0 0 0 1 1]
[0 0 2 0 4 2 4 0 4 4 0 1 0 1 0 0 3 0 2 2 2 3 2 1 0 0 0 3 0 1 0 3 1 0 0 0 4
 1 1 0 0 0 3 0 0 0 4 2 4 1 2 0 0 4 0 2 1 2 0 0 3 1 4 0 1 2 1 0 0 1 4 1 3 1
 2 0 0 0 4 0 4 0 0 0 0 3 0 1 4 4 3 0 0 0 0 4 4 4 0 0]
[0 0 2 0 4 2 4 0 4 4 0 1 0 1 0 0 3 0 2 2 2 3 2 1 0 0 0 3 0 1 0 3 1 0 0 0 4
 1 1 0 0 0 3 0 0 0 4 2 4 1 2 0 0 4 0 2 1 2 0 0 3 1 4 0 1 2 1 0 0 1 4 1 3 1
 2 0 0 0 4 0 4 0 0 0 0 3 0 1 4 4 3 0 0 0 0 4 4 4 0 0]
[6 5 3 7 9 6 1 2 6 1 8 7 8 7 8 3 5 9 6 3 3 1 7 4 9 4 9 2 3 3 2 4 6 1 5 7 1
 1 4 5 3 4 7 2 9 5 4 1 1 1 7 3 8 2 2 6 2 4 3 6 5 4 3 3 6 5 5 9 9 2 4 5 9 8
 5 1 6 3 6 1 3 5 3 4 4 8 4 7 2 9 7 8 7 5 1 9 6 9 9 7]
[6 5 3 7 9 6 1 2 6 1 8 7 8 7 8 3 5 9 6 3 3 1 7 4 9 4 9 2 3 3 2 4 6 1 5 7 1
 1 4 5 3 4 7 2 9 5 4 1 1 1 7 3 8 2 2 6 2 4 3 6 5 4 3 3 6 5 5 9 9 2 4 5 9 8
 5 1 6 3 6 1 3 5 3 4 4 8 4 7 2 9 7 8 7 5 1 9 6 9 9 7]
[19, 46, 50, 27, 50, 50, 50, 25, 50, 50, 41, 50, 16, 37, 39, 41, 25, 10, 50, 15, 50, 19, 20, 47, 44, 10, 39, 19, 34, 50, 50, 36, 50, 13, 22, 50, 50, 21, 49, 50, 42, 26, 50, 50, 24, 46, 50, 50, 50, 48, 50, 25, 50, 50, 42, 35, 50, 50, 50, 46, 16, 31, 50, 42, 50, 50, 50, 50, 50, 24, 19, 50, 50, 50, 45, 50, 45, 45, 50, 50, 28, 16, 10, 50, 50, 16, 16, 50, 50, 50, 50, 48, 50, 34, 22, 45, 50, 50, 50, 50]
[0 0 0 0 0 0 0 0 0 0 0 0 0 0 0 0 0 0 0 0 0 0 0 0 0 0 0 0 0 0 0 0 0 0 0 0 0
 0 0 0 0 0 0 0 0 0 0 0 0 0 0 0 0 0 0 0 0 0 0 0 0 0 0 0 0 0 0 0 0 0 0 0 0 0
 0 0 0 0 0 0 0 0 0 0 0 0 0 0 0 0 0 0 0 0 0 0 0 0 0 0]
[1 1 1 1 1 1 1 1 1 1 1 1 1 1 1 1 1 1 1 1 1 1 1 1 1 1 1 1 1 1 1 1 1 1 1 1 1
 1 1 1 1 1 1 1 1 1 1 1 1 1 1 1 1 1 1 1 1 1 1 1 1 1 1 1 1 1 1 1 1 1 1 1 1 1
 1 1 1 1 1 1 1 1 1 1 1 1 1 1 1 1 1 1 1 1 1 1 1 1 1 1]
