[ 0  1  2  3  4  5  6  7  8  9 10 11 12 13 14 15 16 17 18 19 20 21 22 23
 24 25 26 27 28 29 30 31 32 33 34 35 36 37 38 39 40 41 42 43 44 45 46 47
 48 49 50 51 52 53 54 55 56 57 58 59 60 61 62 63 64 65 66 67 68 69 70 71
 72 73 74 75 76 77 78 79 80 81 82 83 84 85 86 87 88 89 90 91 92 93 94 95
 96 97 98 99]
[62 -1 -1 41 80 -1  7 32 -1 -1 86 -1 59 -1 60 -1 -1 38 32 18 36 82 32 -1
 20 -1 90 45 53 -1 -1 20 17  1 -1  4 15 -1 -1 84 86 -1 77 12 89 82 -1  8
 43 84 14 -1 72 -1 -1 47 -1 -1 70 56 43 -1 87 33  0 62 -1 38 -1 34  0  2
 68 86 71 21 -1 -1 68 95 -1 41 14 -1 -1 78 68 25 59 58 -1 87 31 75 -1 81
 -1 68 28 -1]
[1 1 1 0 1 1 1 1 1 0 0 0 0 0 0 1 0 1 0 0 1 1 1 1 0 0 1 0 1 1 1 1 1 0 1 1 1
 1 0 0 1 1 0 1 0 0 1 0 1 1 1 0 1 1 1 0 1 1 0 0 0 0 1 0 1 0 1 1 0 0 0 0 0 1
 1 1 0 1 1 0 0 0 0 0 1 0 0 1 1 1 1 0 1 1 0 0 1 0 0 0]
[4 3 0 0 2 0 0 2 0 0 3 2 1 0 0 3 2 0 0 0 0 0 0 0 0 3 4 0 4 0 2 0 1 2 1 2 3
 0 3 3 0 0 1 2 4 4 0 1 2 3 0 0 4 4 2 0 1 1 0 0 0 0 0 3 0 0 4 0 2 0 3 0 1 3
 0 3 0 1 1 3 4 2 2 3 0 0 0 0 0 0 2 0 1 3 0 0 2 2 0 0]
[4 3 0 0 2 0 0 2 0 0 3 2 1 0 0 3 2 0 0 0 0 0 0 0 0 3 4 0 4 0 2 0 1 2 1 2 3
 0 3 3 0 0 1 2 4 4 0 1 2 3 0 0 4 4 2 0 1 1 0 0 0 0 0 3 0 0 4 0 2 0 3 0 1 3
 0 3 0 1 1 3 4 2 2 3 0 0 0 0 0 0 2 0 1 3 0 0 2 2 0 0]
[5 4 3 8 6 6 4 7 3 9 9 6 5 5 6 5 2 2 5 4 6 7 3 9 7 4 4 9 9 4 9 5 7 6 3 2 1
 7 3 7 7 5 8 1 8 1 1 1 2 6 4 9 8 7 1 5 2 1 3 2 1 5 5 4 4 8 8 4 1 8 7 7 2 8
 1 4 3 1 9 8 2 4 2 3 5 8 2 1 7 4 6 9 8 2 5 4 2 4 5 7]
[5 4 3 8 6 6 4 7 3 9 9 6 5 5 6 5 2 2 5 4 6 7 3 9 7 4 4 9 9 4 9 5 7 6 3 2 1
 7 3 7 7 5 8 1 8 1 1 1 2 6 4 9 8 7 1 5 2 1 3 2 1 5 5 4 4 8 8 4 1 8 7 7 2 8
 1 4 3 1 9 8 2 4 2 3 5 8 2 1 7 4 6 9 8 2 5 4 2 4 5 7]
[19, 14, 50, 44, 50, 14, 14, 50, 23, 31, 40, 31, 50, 50, 26, 50, 31, 50, 50, 32, 22, 48, 30, 41, 24, 50, 19, 44, 13, 50, 50, 50, 50, 50, 15, 50, 50, 36, 50, 44, 50, 50, 40, 21, 50, 50, 48, 50, 50, 50, 50, 50, 50, 50, 41, 50, 13, 20, 50, 50, 13, 50, 50, 50, 50, 30, 10, 50, 27, 50, 23, 28, 50, 50, 46, 50, 40, 50, 35, 31, 48, 50, 50, 23, 50, 50, 50, 50, 50, 11, 50, 49, 50, 50, 16, 50, 17, 15, 50, 50]
[0 0 0 0 0 0 0 0 0 0 0 0 0 0 0 0 0 0 0 0 0 0 0 0 0 0 0 0 0 0 0 0 0 0 0 0 0
 0 0 0 0 0 0 0 0 0 0 0 0 0 0 0 0 0 0 0 0 0 0 0 0 0 0 0 0 0 0 0 0 0 0 0 0 0
 0 0 0 0 0 0 0 0 0 0 0 0 0 0 0 0 0 0 0 0 0 0 0 0 0 0]
[1 1 1 1 1 1 1 1 1 1 1 1 1 1 1 1 1 1 1 1 1 1 1 1 1 1 1 1 1 1 1 1 1 1 1 1 1
 1 1 1 1 1 1 1 1 1 1 1 1 1 1 1 1 1 1 1 1 1 1 1 1 1 1 1 1 1 1 1 1 1 1 1 1 1
 1 1 1 1 1 1 1 1 1 1 1 1 1 1 1 1 1 1 1 1 1 1 1 1 1 1]
