[ 0  1  2  3  4  5  6  7  8  9 10 11 12 13 14 15 16 17 18 19 20 21 22 23
 24 25 26 27 28 29 30 31 32 33 34 35 36 37 38 39 40 41 42 43 44 45 46 47
 48 49 50 51 52 53 54 55 56 57 58 59 60 61 62 63 64 65 66 67 68 69 70 71
 72 73 74 75 76 77 78 79 80 81 82 83 84 85 86 87 88 89 90 91 92 93 94 95
 96 97 98 99]
[89 -1 81 -1 -1 60 46 63 74 -1 55 -1 23 -1 93 98 -1  9 25 65 74 11 81 48
 21 -1 -1 39 -1 -1 68 16 93 13 89 98 -1 31 92 37 38 -1 64 11 -1 27 -1 91
 -1 -1 67  1 76 64 -1 -1 79 43 -1 17 35 -1 57  3 -1 57 27 81  2 48 -1 29
 38 70 55 85 60 -1 84 -1 34 79 -1 -1 86 -1 14  4 20 -1 36 55 21  5 -1 54
 12 39 99  3]
[0 0 1 1 1 0 1 0 0 0 0 0 0 1 0 0 1 0 0 0 0 1 1 0 1 0 1 1 1 1 1 0 1 0 1 0 0
 0 1 0 1 0 0 0 1 0 1 0 1 1 0 1 0 0 1 0 1 0 1 0 1 1 1 0 0 0 1 1 0 1 1 0 1 0
 0 0 1 1 1 1 0 1 0 1 0 0 1 1 1 0 0 0 0 1 1 1 0 1 1 1]
[0 4 0 0 0 0 1 0 0 0 0 0 0 1 4 1 0 0 2 0 0 2 0 0 0 0 0 1 4 0 3 0 0 3 2 4 4
 4 0 1 0 4 3 0 0 4 0 0 0 0 4 1 2 0 3 0 0 0 4 1 0 2 0 0 3 1 4 0 3 1 3 1 3 0
 4 1 4 0 1 1 0 0 0 4 2 1 4 0 3 0 2 0 2 2 2 0 0 0 4 2]
[0 4 0 0 0 0 1 0 0 0 0 0 0 1 4 1 0 0 2 0 0 2 0 0 0 0 0 1 4 0 3 0 0 3 2 4 4
 4 0 1 0 4 3 0 0 4 0 0 0 0 4 1 2 0 3 0 0 0 4 1 0 2 0 0 3 1 4 0 3 1 3 1 3 0
 4 1 4 0 1 1 0 0 0 4 2 1 4 0 3 0 2 0 2 2 2 0 0 0 4 2]
[6 6 9 7 8 6 9 2 2 8 5 4 6 6 7 5 2 2 5 3 6 8 8 9 3 3 6 3 9 2 4 1 4 9 9 8 7
 3 6 5 7 4 2 3 9 6 5 4 2 6 6 9 6 1 1 3 5 5 2 1 5 3 3 6 7 7 5 8 7 3 9 4 3 8
 5 1 7 5 7 5 7 6 4 8 2 4 6 1 3 2 5 2 9 6 6 9 7 5 8 1]
[6 6 9 7 8 6 9 2 2 8 5 4 6 6 7 5 2 2 5 3 6 8 8 9 3 3 6 3 9 2 4 1 4 9 9 8 7
 3 6 5 7 4 2 3 9 6 5 4 2 6 6 9 6 1 1 3 5 5 2 1 5 3 3 6 7 7 5 8 7 3 9 4 3 8
 5 1 7 5 7 5 7 6 4 8 2 4 6 1 3 2 5 2 9 6 6 9 7 5 8 1]
[50, 28, 35, 50, 50, 44, 50, 50, 26, 50, 50, 18, 36, 50, 22, 12, 50, 50, 50, 50, 50, 50, 50, 28, 50, 50, 50, 40, 50, 34, 28, 50, 39, 50, 26, 10, 50, 50, 23, 25, 50, 43, 39, 50, 46, 34, 50, 40, 26, 50, 34, 47, 50, 43, 23, 46, 35, 11, 50, 37, 25, 50, 44, 46, 44, 11, 50, 50, 50, 50, 34, 50, 24, 26, 50, 43, 33, 50, 14, 12, 37, 17, 50, 50, 50, 50, 50, 22, 50, 50, 33, 43, 17, 16, 50, 50, 32, 49, 50, 50]
[0 0 0 0 0 0 0 0 0 0 0 0 0 0 0 0 0 0 0 0 0 0 0 0 0 0 0 0 0 0 0 0 0 0 0 0 0
 0 0 0 0 0 0 0 0 0 0 0 0 0 0 0 0 0 0 0 0 0 0 0 0 0 0 0 0 0 0 0 0 0 0 0 0 0
 0 0 0 0 0 0 0 0 0 0 0 0 0 0 0 0 0 0 0 0 0 0 0 0 0 0]
[1 1 1 1 1 1 1 1 1 1 1 1 1 1 1 1 1 1 1 1 1 1 1 1 1 1 1 1 1 1 1 1 1 1 1 1 1
 1 1 1 1 1 1 1 1 1 1 1 1 1 1 1 1 1 1 1 1 1 1 1 1 1 1 1 1 1 1 1 1 1 1 1 1 1
 1 1 1 1 1 1 1 1 1 1 1 1 1 1 1 1 1 1 1 1 1 1 1 1 1 1]
