[ 0  1  2  3  4  5  6  7  8  9 10 11 12 13 14 15 16 17 18 19 20 21 22 23
 24 25 26 27 28 29 30 31 32 33 34 35 36 37 38 39 40 41 42 43 44 45 46 47
 48 49 50 51 52 53 54 55 56 57 58 59 60 61 62 63 64 65 66 67 68 69 70 71
 72 73 74 75 76 77 78 79 80 81 82 83 84 85 86 87 88 89 90 91 92 93 94 95
 96 97 98 99]
[-1 -1 64 70 -1 65 27 -1 -1 -1 67 -1 30 -1 16 -1 85 87 61 21 14 27 -1 -1
 -1 23 66 30 95 97 -1 39 13 55 25 74 74 -1 33 28 29 -1 -1 33 -1 40 77 -1
 -1 32 42 29 88 61  6 39 -1 42 92 48 96 52 82 80 23 -1 90 85 58 14 50 70
 39 -1 -1 30 34 -1 -1  6 73 19 80 59 80 -1 -1 60 -1 85 63 55 -1 58 84 -1
 57 23 -1 65]
[1 1 1 1 0 0 1 1 0 0 1 1 0 0 1 0 0 1 0 1 0 1 0 0 1 1 1 0 0 0 0 0 1 1 0 1 0
 1 1 0 0 1 1 1 0 0 1 0 1 0 0 0 0 1 0 1 1 1 0 0 0 1 0 0 1 0 0 1 0 1 0 1 1 0
 0 0 0 1 1 0 1 1 0 1 0 0 0 0 0 1 0 0 1 0 1 1 1 1 1 0]
[1 4 0 4 2 0 4 0 2 0 0 0 3 3 0 0 1 2 0 0 0 0 4 0 3 0 0 0 0 1 0 3 3 2 0 3 1
 2 0 2 0 3 4 1 4 4 0 0 0 1 0 4 2 0 0 3 0 2 0 0 1 0 0 3 0 0 3 1 0 0 1 4 0 4
 0 3 0 0 0 0 0 0 0 2 0 4 0 1 4 4 0 4 0 0 2 0 3 0 3 0]
[1 4 0 4 2 0 4 0 2 0 0 0 3 3 0 0 1 2 0 0 0 0 4 0 3 0 0 0 0 1 0 3 3 2 0 3 1
 2 0 2 0 3 4 1 4 4 0 0 0 1 0 4 2 0 0 3 0 2 0 0 1 0 0 3 0 0 3 1 0 0 1 4 0 4
 0 3 0 0 0 0 0 0 0 2 0 4 0 1 4 4 0 4 0 0 2 0 3 0 3 0]
[6 6 1 9 9 1 2 5 3 1 7 7 4 9 7 2 6 3 3 6 7 3 6 7 5 4 2 9 5 4 5 5 7 4 7 9 9
 2 9 6 4 2 3 6 3 8 5 2 4 6 3 9 3 1 8 5 5 8 6 6 6 1 6 2 1 2 5 4 4 8 4 3 9 1
 6 2 1 5 3 4 5 4 8 6 6 2 6 6 3 4 1 6 3 4 5 2 6 1 9 9]
[6 6 1 9 9 1 2 5 3 1 7 7 4 9 7 2 6 3 3 6 7 3 6 7 5 4 2 9 5 4 5 5 7 4 7 9 9
 2 9 6 4 2 3 6 3 8 5 2 4 6 3 9 3 1 8 5 5 8 6 6 6 1 6 2 1 2 5 4 4 8 4 3 9 1
 6 2 1 5 3 4 5 4 8 6 6 2 6 6 3 4 1 6 3 4 5 2 6 1 9 9]
[50, 42, 50, 50, 50, 50, 41, 30, 25, 11, 50, 15, 50, 50, 50, 50, 50, 50, 50, 50, 24, 30, 50, 47, 48, 11, 50, 50, 50, 40, 37, 36, 50, 40, 12, 10, 50, 44, 48, 50, 19, 50, 35, 50, 50, 14, 50, 50, 10, 31, 50, 34, 14, 49, 50, 50, 30, 50, 42, 29, 50, 19, 50, 50, 18, 23, 50, 46, 50, 50, 50, 22, 28, 50, 50, 28, 49, 50, 30, 27, 34, 48, 20, 28, 26, 50, 50, 50, 50, 50, 18, 50, 21, 47, 50, 50, 35, 50, 50, 35]
[0 0 0 0 0 0 0 0 0 0 0 0 0 0 0 0 0 0 0 0 0 0 0 0 0 0 0 0 0 0 0 0 0 0 0 0 0
 0 0 0 0 0 0 0 0 0 0 0 0 0 0 0 0 0 0 0 0 0 0 0 0 0 0 0 0 0 0 0 0 0 0 0 0 0
 0 0 0 0 0 0 0 0 0 0 0 0 0 0 0 0 0 0 0 0 0 0 0 0 0 0]
[1 1 1 1 1 1 1 1 1 1 1 1 1 1 1 1 1 1 1 1 1 1 1 1 1 1 1 1 1 1 1 1 1 1 1 1 1
 1 1 1 1 1 1 1 1 1 1 1 1 1 1 1 1 1 1 1 1 1 1 1 1 1 1 1 1 1 1 1 1 1 1 1 1 1
 1 1 1 1 1 1 1 1 1 1 1 1 1 1 1 1 1 1 1 1 1 1 1 1 1 1]
