[ 0  1  2  3  4  5  6  7  8  9 10 11 12 13 14 15 16 17 18 19 20 21 22 23
 24 25 26 27 28 29 30 31 32 33 34 35 36 37 38 39 40 41 42 43 44 45 46 47
 48 49 50 51 52 53 54 55 56 57 58 59 60 61 62 63 64 65 66 67 68 69 70 71
 72 73 74 75 76 77 78 79 80 81 82 83 84 85 86 87 88 89 90 91 92 93 94 95
 96 97 98 99]
[-1 -1 85 -1 -1 62 -1 -1 40 29 -1 51 45 -1 60 78  3 98 54 48 50 85  3 -1
 -1  7 52 92 13 25 85 61 -1 96 70 96 91 75 85 63 59 38 -1 -1 15 -1 -1 13
 -1 66 -1  0 84 57 44 -1 62 43  7 17 12 59  1 22 10 73 84 80 -1 88 -1 76
 12 -1 95 67 72 -1 94 -1 93 50 19 -1 43 16 -1  8 13 -1 -1 20 46 46 40 -1
 -1 28 70 14]
[1 1 1 0 0 1 0 1 1 0 0 0 1 1 0 1 0 1 1 0 1 0 1 1 0 1 0 1 1 1 0 0 1 1 1 1 1
 0 1 1 1 1 1 1 1 1 0 1 1 1 0 1 0 1 1 1 1 0 1 1 1 1 0 0 1 1 1 1 0 1 1 0 0 1
 1 0 0 1 0 0 0 1 0 0 1 1 0 1 1 1 1 1 0 1 0 1 1 1 0 1]
[0 4 0 0 0 0 1 0 0 0 2 0 1 1 4 3 0 3 2 0 1 3 2 0 0 3 0 0 0 0 0 3 4 2 1 2 3
 4 2 2 0 0 0 0 0 3 0 4 2 1 0 3 0 3 0 1 0 4 0 0 0 4 2 2 0 4 0 0 0 4 3 3 4 1
 0 1 1 0 0 3 0 4 0 1 0 2 3 0 2 0 0 4 2 3 0 1 4 3 0 3]
[0 4 0 0 0 0 1 0 0 0 2 0 1 1 4 3 0 3 2 0 1 3 2 0 0 3 0 0 0 0 0 3 4 2 1 2 3
 4 2 2 0 0 0 0 0 3 0 4 2 1 0 3 0 3 0 1 0 4 0 0 0 4 2 2 0 4 0 0 0 4 3 3 4 1
 0 1 1 0 0 3 0 4 0 1 0 2 3 0 2 0 0 4 2 3 0 1 4 3 0 3]
[6 4 1 8 6 3 8 5 8 9 6 9 3 7 4 8 8 2 3 3 9 9 7 5 9 7 4 6 5 4 8 1 5 8 4 4 8
 4 1 8 4 3 9 5 7 3 9 7 6 6 9 8 6 1 7 4 2 1 7 2 4 9 5 5 4 8 9 4 6 3 8 5 7 6
 9 8 7 6 9 8 9 4 7 6 3 5 9 2 8 9 3 7 1 5 7 6 3 2 1 8]
[6 4 1 8 6 3 8 5 8 9 6 9 3 7 4 8 8 2 3 3 9 9 7 5 9 7 4 6 5 4 8 1 5 8 4 4 8
 4 1 8 4 3 9 5 7 3 9 7 6 6 9 8 6 1 7 4 2 1 7 2 4 9 5 5 4 8 9 4 6 3 8 5 7 6
 9 8 7 6 9 8 9 4 7 6 3 5 9 2 8 9 3 7 1 5 7 6 3 2 1 8]
[50, 11, 50, 39, 50, 12, 45, 40, 50, 34, 50, 50, 50, 36, 12, 50, 50, 34, 50, 50, 50, 13, 50, 50, 43, 50, 43, 50, 46, 50, 14, 36, 24, 50, 50, 50, 50, 50, 50, 50, 49, 35, 50, 50, 50, 50, 21, 50, 47, 49, 42, 42, 23, 50, 43, 14, 13, 23, 30, 48, 50, 36, 13, 36, 23, 11, 38, 34, 27, 50, 50, 50, 50, 12, 50, 50, 49, 50, 50, 50, 45, 50, 32, 21, 12, 12, 50, 50, 50, 46, 50, 17, 50, 50, 40, 24, 26, 50, 35, 50]
[0 0 0 0 0 0 0 0 0 0 0 0 0 0 0 0 0 0 0 0 0 0 0 0 0 0 0 0 0 0 0 0 0 0 0 0 0
 0 0 0 0 0 0 0 0 0 0 0 0 0 0 0 0 0 0 0 0 0 0 0 0 0 0 0 0 0 0 0 0 0 0 0 0 0
 0 0 0 0 0 0 0 0 0 0 0 0 0 0 0 0 0 0 0 0 0 0 0 0 0 0]
[1 1 1 1 1 1 1 1 1 1 1 1 1 1 1 1 1 1 1 1 1 1 1 1 1 1 1 1 1 1 1 1 1 1 1 1 1
 1 1 1 1 1 1 1 1 1 1 1 1 1 1 1 1 1 1 1 1 1 1 1 1 1 1 1 1 1 1 1 1 1 1 1 1 1
 1 1 1 1 1 1 1 1 1 1 1 1 1 1 1 1 1 1 1 1 1 1 1 1 1 1]
