[ 0  1  2  3  4  5  6  7  8  9 10 11 12 13 14 15 16 17 18 19 20 21 22 23
 24 25 26 27 28 29 30 31 32 33 34 35 36 37 38 39 40 41 42 43 44 45 46 47
 48 49 50 51 52 53 54 55 56 57 58 59 60 61 62 63 64 65 66 67 68 69 70 71
 72 73 74 75 76 77 78 79 80 81 82 83 84 85 86 87 88 89 90 91 92 93 94 95
 96 97 98 99]
[ 6 51 -1 -1 -1 -1 -1 65 19 -1 85 50 92 21 -1 59 -1 27 73  0 -1  1 16 89
 -1 40 43 40 -1  0 -1 60 -1 55 80 33 -1 -1 -1 -1 -1 35 -1 93  9 -1 12 75
 -1 45 86 -1 68 -1 -1 -1 13 65  1 -1 67 10 -1 24 67 22 36 -1 13 70 75 -1
  2 58 84 -1 92 -1 25 62 19 -1  0 -1 69 -1 30 79 32 -1 62 74 44 -1 -1 -1
 -1 27 31 35]
[1 1 1 0 1 0 1 1 0 0 1 1 0 1 0 1 0 0 1 1 0 1 1 1 0 1 0 0 0 1 0 0 1 0 0 0 0
 0 1 0 1 0 0 1 0 1 0 0 0 0 1 1 0 0 0 0 0 0 0 0 0 1 0 1 1 1 1 1 0 0 1 0 0 1
 0 1 1 1 0 0 0 1 0 0 0 1 1 1 1 0 1 0 1 0 0 1 0 1 1 0]
[1 1 0 4 0 0 0 0 0 0 0 0 4 0 0 3 1 3 1 2 0 3 1 0 1 0 4 4 1 4 0 0 1 2 0 0 2
 1 2 1 0 0 0 0 1 0 3 2 0 2 0 0 2 2 4 2 1 0 3 0 3 1 0 0 0 1 2 2 0 0 0 1 3 0
 0 0 0 0 4 4 2 3 3 0 4 1 4 3 0 0 1 0 2 0 0 4 0 0 0 1]
[1 1 0 4 0 0 0 0 0 0 0 0 4 0 0 3 1 3 1 2 0 3 1 0 1 0 4 4 1 4 0 0 1 2 0 0 2
 1 2 1 0 0 0 0 1 0 3 2 0 2 0 0 2 2 4 2 1 0 3 0 3 1 0 0 0 1 2 2 0 0 0 1 3 0
 0 0 0 0 4 4 2 3 3 0 4 1 4 3 0 0 1 0 2 0 0 4 0 0 0 1]
[8 1 9 8 7 8 4 8 4 1 1 7 5 1 1 4 7 1 7 9 1 1 1 4 3 3 9 7 2 5 4 5 2 8 5 7 1
 1 8 2 4 1 6 7 2 5 8 3 4 8 4 7 9 7 1 1 4 9 8 5 1 6 8 3 1 5 8 2 5 8 9 3 4 9
 3 3 2 8 9 3 1 5 9 4 3 6 3 8 3 5 5 1 3 3 9 6 7 8 7 3]
[8 1 9 8 7 8 4 8 4 1 1 7 5 1 1 4 7 1 7 9 1 1 1 4 3 3 9 7 2 5 4 5 2 8 5 7 1
 1 8 2 4 1 6 7 2 5 8 3 4 8 4 7 9 7 1 1 4 9 8 5 1 6 8 3 1 5 8 2 5 8 9 3 4 9
 3 3 2 8 9 3 1 5 9 4 3 6 3 8 3 5 5 1 3 3 9 6 7 8 7 3]
[17, 47, 22, 50, 50, 50, 38, 50, 50, 50, 50, 24, 50, 50, 50, 50, 50, 47, 40, 50, 50, 47, 46, 33, 50, 50, 32, 50, 50, 12, 25, 50, 38, 17, 50, 50, 50, 50, 15, 49, 13, 22, 50, 16, 22, 50, 50, 50, 41, 50, 50, 50, 17, 50, 50, 11, 50, 27, 18, 30, 50, 50, 50, 50, 50, 50, 29, 50, 31, 50, 43, 50, 23, 50, 32, 33, 24, 27, 50, 34, 50, 26, 50, 47, 50, 42, 27, 21, 50, 10, 50, 50, 32, 23, 28, 50, 50, 36, 16, 50]
[0 0 0 0 0 0 0 0 0 0 0 0 0 0 0 0 0 0 0 0 0 0 0 0 0 0 0 0 0 0 0 0 0 0 0 0 0
 0 0 0 0 0 0 0 0 0 0 0 0 0 0 0 0 0 0 0 0 0 0 0 0 0 0 0 0 0 0 0 0 0 0 0 0 0
 0 0 0 0 0 0 0 0 0 0 0 0 0 0 0 0 0 0 0 0 0 0 0 0 0 0]
[1 1 1 1 1 1 1 1 1 1 1 1 1 1 1 1 1 1 1 1 1 1 1 1 1 1 1 1 1 1 1 1 1 1 1 1 1
 1 1 1 1 1 1 1 1 1 1 1 1 1 1 1 1 1 1 1 1 1 1 1 1 1 1 1 1 1 1 1 1 1 1 1 1 1
 1 1 1 1 1 1 1 1 1 1 1 1 1 1 1 1 1 1 1 1 1 1 1 1 1 1]
