[ 0  1  2  3  4  5  6  7  8  9 10 11 12 13 14 15 16 17 18 19 20 21 22 23
 24 25 26 27 28 29 30 31 32 33 34 35 36 37 38 39 40 41 42 43 44 45 46 47
 48 49 50 51 52 53 54 55 56 57 58 59 60 61 62 63 64 65 66 67 68 69 70 71
 72 73 74 75 76 77 78 79 80 81 82 83 84 85 86 87 88 89 90 91 92 93 94 95
 96 97 98 99]
[78 -1 80 -1 -1 -1 54 -1 81 -1 82 -1 -1 -1 -1 33 36 -1 64 60 55 80 89 25
 -1 -1 -1 91 64 27 70 -1 85 68 -1 -1 44 87 58 58  7 -1 37 76 -1 -1 33 97
 -1 35 73 63  7 69 62 16 86 92 -1 -1 -1 13 -1  1 95 -1 -1 66 74 30 24 21
 88 -1 48 -1 -1 -1 99 35 82  6 92 48 -1 70 -1 14 11 83 11 96 -1 84 18 -1
 -1 33 36 38]
[0 1 1 0 1 0 0 0 1 1 1 1 1 1 0 1 1 0 0 0 1 1 0 1 1 0 0 0 0 1 1 0 1 1 1 1 0
 0 0 0 0 1 0 0 0 1 0 0 1 0 1 0 1 1 0 1 0 0 0 1 1 1 1 0 0 0 1 0 0 1 0 1 1 1
 1 1 0 0 0 1 1 0 0 0 0 0 0 0 0 1 1 0 0 1 0 0 0 1 1 0]
[3 0 0 0 0 1 3 3 0 0 0 0 0 2 2 0 0 4 0 0 1 2 0 0 0 4 0 1 2 4 0 0 3 4 0 1 0
 0 3 0 0 1 0 0 2 1 0 1 1 3 3 1 4 0 3 0 0 1 3 2 3 0 4 0 2 4 4 0 2 0 1 1 2 0
 1 4 4 0 3 0 2 0 0 3 0 0 0 3 0 3 4 3 0 4 4 1 0 2 0 0]
[3 0 0 0 0 1 3 3 0 0 0 0 0 2 2 0 0 4 0 0 1 2 0 0 0 4 0 1 2 4 0 0 3 4 0 1 0
 0 3 0 0 1 0 0 2 1 0 1 1 3 3 1 4 0 3 0 0 1 3 2 3 0 4 0 2 4 4 0 2 0 1 1 2 0
 1 4 4 0 3 0 2 0 0 3 0 0 0 3 0 3 4 3 0 4 4 1 0 2 0 0]
[6 3 3 5 9 1 6 4 9 9 7 6 8 6 6 5 5 1 1 4 9 5 4 2 4 8 1 9 4 8 7 1 8 3 9 9 1
 5 7 5 9 1 9 6 5 1 7 9 5 2 4 8 9 7 4 3 4 1 1 2 8 1 6 3 1 7 9 4 7 1 8 3 9 4
 7 8 4 7 8 7 2 7 1 3 8 6 8 2 4 2 9 9 5 5 5 5 2 2 6 6]
[6 3 3 5 9 1 6 4 9 9 7 6 8 6 6 5 5 1 1 4 9 5 4 2 4 8 1 9 4 8 7 1 8 3 9 9 1
 5 7 5 9 1 9 6 5 1 7 9 5 2 4 8 9 7 4 3 4 1 1 2 8 1 6 3 1 7 9 4 7 1 8 3 9 4
 7 8 4 7 8 7 2 7 1 3 8 6 8 2 4 2 9 9 5 5 5 5 2 2 6 6]
[50, 36, 43, 39, 50, 33, 50, 27, 42, 50, 50, 50, 50, 39, 50, 38, 39, 42, 31, 38, 49, 50, 25, 50, 50, 50, 50, 50, 50, 41, 50, 50, 50, 30, 33, 21, 50, 45, 26, 33, 50, 50, 22, 18, 50, 33, 50, 23, 14, 50, 50, 20, 50, 50, 21, 50, 50, 13, 50, 50, 50, 19, 23, 50, 34, 27, 37, 24, 11, 50, 50, 50, 26, 50, 48, 44, 50, 43, 45, 50, 50, 24, 12, 26, 50, 50, 26, 50, 38, 14, 50, 50, 40, 10, 20, 50, 50, 50, 45, 50]
[0 0 0 0 0 0 0 0 0 0 0 0 0 0 0 0 0 0 0 0 0 0 0 0 0 0 0 0 0 0 0 0 0 0 0 0 0
 0 0 0 0 0 0 0 0 0 0 0 0 0 0 0 0 0 0 0 0 0 0 0 0 0 0 0 0 0 0 0 0 0 0 0 0 0
 0 0 0 0 0 0 0 0 0 0 0 0 0 0 0 0 0 0 0 0 0 0 0 0 0 0]
[1 1 1 1 1 1 1 1 1 1 1 1 1 1 1 1 1 1 1 1 1 1 1 1 1 1 1 1 1 1 1 1 1 1 1 1 1
 1 1 1 1 1 1 1 1 1 1 1 1 1 1 1 1 1 1 1 1 1 1 1 1 1 1 1 1 1 1 1 1 1 1 1 1 1
 1 1 1 1 1 1 1 1 1 1 1 1 1 1 1 1 1 1 1 1 1 1 1 1 1 1]
