[ 0  1  2  3  4  5  6  7  8  9 10 11 12 13 14 15 16 17 18 19 20 21 22 23
 24 25 26 27 28 29 30 31 32 33 34 35 36 37 38 39 40 41 42 43 44 45 46 47
 48 49 50 51 52 53 54 55 56 57 58 59 60 61 62 63 64 65 66 67 68 69 70 71
 72 73 74 75 76 77 78 79 80 81 82 83 84 85 86 87 88 89 90 91 92 93 94 95
 96 97 98 99]
[-1 -1 46 94 -1 38 44 43 50 82 -1 74 83 -1 69 88 -1 -1 -1 -1 26 40 40  5
 44 17 62 93 45 21 31 59 87  9 71 23 -1 76 85 69 -1 -1 69 85 62 -1 -1 -1
 80 34  3 95 53 16 10 -1 -1 71 84 38 79  8 52 -1 92 -1 -1 63 28 98 32 -1
 -1 57 88 39 31 78 36 99 93 28 76 92 -1 81 -1 -1 80 18  6 21 -1 -1 -1 91
  1 39 52 23]
[0 1 0 1 0 0 1 1 0 0 1 1 1 1 1 1 0 1 1 1 1 0 0 1 0 0 0 0 1 0 1 1 0 0 0 1 0
 1 1 0 0 0 1 1 1 1 1 1 0 1 1 1 0 0 1 1 0 0 1 1 1 1 0 1 0 1 1 0 0 0 1 1 0 0
 0 0 0 1 1 0 1 1 0 1 0 1 0 0 0 0 1 0 0 0 1 0 0 0 0 1]
[4 3 0 2 0 2 3 0 0 4 0 0 0 0 4 0 1 4 3 4 0 3 2 2 0 4 3 4 0 0 1 0 0 1 2 1 0
 0 0 1 0 0 0 0 0 0 1 2 3 0 0 2 0 0 0 3 2 0 1 0 4 4 0 2 2 2 3 3 1 0 0 2 0 0
 1 3 2 0 3 0 0 1 3 0 0 0 2 0 3 0 0 0 1 3 1 2 3 2 3 0]
[4 3 0 2 0 2 3 0 0 4 0 0 0 0 4 0 1 4 3 4 0 3 2 2 0 4 3 4 0 0 1 0 0 1 2 1 0
 0 0 1 0 0 0 0 0 0 1 2 3 0 0 2 0 0 0 3 2 0 1 0 4 4 0 2 2 2 3 3 1 0 0 2 0 0
 1 3 2 0 3 0 0 1 3 0 0 0 2 0 3 0 0 0 1 3 1 2 3 2 3 0]
[6 1 8 5 6 3 4 5 4 1 5 3 2 4 7 5 6 2 8 4 4 4 7 8 3 5 4 1 2 5 6 4 8 7 5 6 1
 5 8 6 2 9 6 8 7 2 9 4 7 8 8 4 7 9 1 5 2 3 1 2 1 7 6 3 7 4 3 9 3 2 4 9 4 5
 8 4 7 3 4 3 4 3 4 3 6 9 7 1 3 8 3 2 6 6 7 3 6 6 1 4]
[6 1 8 5 6 3 4 5 4 1 5 3 2 4 7 5 6 2 8 4 4 4 7 8 3 5 4 1 2 5 6 4 8 7 5 6 1
 5 8 6 2 9 6 8 7 2 9 4 7 8 8 4 7 9 1 5 2 3 1 2 1 7 6 3 7 4 3 9 3 2 4 9 4 5
 8 4 7 3 4 3 4 3 4 3 6 9 7 1 3 8 3 2 6 6 7 3 6 6 1 4]
[34, 17, 50, 50, 37, 25, 23, 50, 50, 50, 20, 50, 16, 49, 50, 50, 23, 50, 50, 32, 32, 43, 50, 50, 50, 25, 50, 43, 50, 50, 50, 34, 50, 15, 14, 50, 37, 50, 34, 50, 31, 30, 19, 33, 44, 43, 43, 28, 50, 43, 33, 50, 50, 50, 50, 47, 42, 50, 50, 39, 50, 50, 50, 50, 44, 50, 50, 50, 50, 17, 33, 50, 50, 20, 50, 50, 12, 46, 50, 18, 12, 50, 50, 30, 44, 50, 50, 30, 20, 37, 44, 20, 46, 33, 50, 27, 50, 26, 50, 13]
[0 0 0 0 0 0 0 0 0 0 0 0 0 0 0 0 0 0 0 0 0 0 0 0 0 0 0 0 0 0 0 0 0 0 0 0 0
 0 0 0 0 0 0 0 0 0 0 0 0 0 0 0 0 0 0 0 0 0 0 0 0 0 0 0 0 0 0 0 0 0 0 0 0 0
 0 0 0 0 0 0 0 0 0 0 0 0 0 0 0 0 0 0 0 0 0 0 0 0 0 0]
[1 1 1 1 1 1 1 1 1 1 1 1 1 1 1 1 1 1 1 1 1 1 1 1 1 1 1 1 1 1 1 1 1 1 1 1 1
 1 1 1 1 1 1 1 1 1 1 1 1 1 1 1 1 1 1 1 1 1 1 1 1 1 1 1 1 1 1 1 1 1 1 1 1 1
 1 1 1 1 1 1 1 1 1 1 1 1 1 1 1 1 1 1 1 1 1 1 1 1 1 1]
