[ 0  1  2  3  4  5  6  7  8  9 10 11 12 13 14 15 16 17 18 19 20 21 22 23
 24 25 26 27 28 29 30 31 32 33 34 35 36 37 38 39 40 41 42 43 44 45 46 47
 48 49 50 51 52 53 54 55 56 57 58 59 60 61 62 63 64 65 66 67 68 69 70 71
 72 73 74 75 76 77 78 79 80 81 82 83 84 85 86 87 88 89 90 91 92 93 94 95
 96 97 98 99]
[-1 55 -1 67 40 -1 -1  8 46 43 31 19 -1 71  5 -1 -1 -1 -1 -1 97 94 28 89
 21 44 97 15 26 72 22 -1 64 81 -1 43 47 -1 70  9 -1 93 40 28 -1 -1 52 18
 41 97 -1 27 16 -1 -1 26 -1 -1 24 -1 82 29 88 -1 38 -1 34 17 10 39 -1 41
 -1  2  0 -1 50 -1 -1 55  6  4 -1 -1 93 -1 74 10 -1 37 52 -1 77 -1 -1 30
 44 70 -1 -1]
[0 1 1 0 0 0 0 1 1 0 0 1 1 1 1 0 1 1 1 0 0 1 1 1 1 1 0 0 1 0 0 1 1 1 1 0 0
 0 0 0 0 1 1 1 1 0 1 0 0 1 1 1 1 0 0 0 1 0 0 0 0 1 1 0 0 0 0 1 0 1 1 0 1 0
 1 1 1 1 1 1 0 1 0 1 0 0 1 0 0 0 0 0 0 1 0 0 0 0 1 0]
[3 0 0 0 0 0 3 0 3 0 0 0 0 0 0 3 0 3 2 3 3 0 0 0 0 0 0 0 2 0 0 3 1 0 0 3 1
 2 0 0 0 0 4 4 0 0 4 0 0 1 4 4 0 0 1 0 4 4 2 3 2 2 0 1 1 4 1 0 0 0 0 0 0 3
 2 0 4 0 0 0 0 1 4 3 0 3 0 3 0 0 0 2 0 1 0 0 1 4 1 0]
[3 0 0 0 0 0 3 0 3 0 0 0 0 0 0 3 0 3 2 3 3 0 0 0 0 0 0 0 2 0 0 3 1 0 0 3 1
 2 0 0 0 0 4 4 0 0 4 0 0 1 4 4 0 0 1 0 4 4 2 3 2 2 0 1 1 4 1 0 0 0 0 0 0 3
 2 0 4 0 0 0 0 1 4 3 0 3 0 3 0 0 0 2 0 1 0 0 1 4 1 0]
[4 4 2 2 7 4 4 9 9 8 3 2 3 7 3 9 4 6 3 1 1 2 1 2 4 7 8 1 1 6 2 9 1 5 6 6 6
 2 1 1 7 9 9 9 1 1 3 5 7 2 1 1 7 6 9 9 5 6 5 9 3 6 8 8 8 8 5 4 1 9 2 5 3 4
 2 2 8 6 5 1 6 7 5 5 5 8 4 1 9 7 4 5 4 4 6 4 1 4 6 4]
[4 4 2 2 7 4 4 9 9 8 3 2 3 7 3 9 4 6 3 1 1 2 1 2 4 7 8 1 1 6 2 9 1 5 6 6 6
 2 1 1 7 9 9 9 1 1 3 5 7 2 1 1 7 6 9 9 5 6 5 9 3 6 8 8 8 8 5 4 1 9 2 5 3 4
 2 2 8 6 5 1 6 7 5 5 5 8 4 1 9 7 4 5 4 4 6 4 1 4 6 4]
[50, 50, 50, 47, 30, 14, 50, 50, 50, 50, 50, 50, 50, 28, 11, 43, 15, 50, 50, 50, 22, 50, 50, 47, 50, 50, 50, 27, 50, 34, 41, 50, 49, 50, 42, 50, 50, 34, 22, 50, 34, 21, 18, 34, 50, 50, 34, 50, 50, 35, 24, 16, 28, 50, 23, 12, 50, 35, 40, 35, 43, 50, 17, 30, 11, 31, 50, 45, 50, 46, 48, 50, 50, 35, 50, 50, 50, 17, 49, 28, 50, 43, 22, 50, 50, 42, 50, 50, 25, 23, 50, 13, 44, 19, 50, 24, 50, 50, 50, 50]
[0 0 0 0 0 0 0 0 0 0 0 0 0 0 0 0 0 0 0 0 0 0 0 0 0 0 0 0 0 0 0 0 0 0 0 0 0
 0 0 0 0 0 0 0 0 0 0 0 0 0 0 0 0 0 0 0 0 0 0 0 0 0 0 0 0 0 0 0 0 0 0 0 0 0
 0 0 0 0 0 0 0 0 0 0 0 0 0 0 0 0 0 0 0 0 0 0 0 0 0 0]
[1 1 1 1 1 1 1 1 1 1 1 1 1 1 1 1 1 1 1 1 1 1 1 1 1 1 1 1 1 1 1 1 1 1 1 1 1
 1 1 1 1 1 1 1 1 1 1 1 1 1 1 1 1 1 1 1 1 1 1 1 1 1 1 1 1 1 1 1 1 1 1 1 1 1
 1 1 1 1 1 1 1 1 1 1 1 1 1 1 1 1 1 1 1 1 1 1 1 1 1 1]
