[ 0  1  2  3  4  5  6  7  8  9 10 11 12 13 14 15 16 17 18 19 20 21 22 23
 24 25 26 27 28 29 30 31 32 33 34 35 36 37 38 39 40 41 42 43 44 45 46 47
 48 49 50 51 52 53 54 55 56 57 58 59 60 61 62 63 64 65 66 67 68 69 70 71
 72 73 74 75 76 77 78 79 80 81 82 83 84 85 86 87 88 89 90 91 92 93 94 95
 96 97 98 99]
[-1 -1 84 -1 -1 41 -1 49 39 33 83 92 -1 -1 -1 94 30 -1 87 -1 -1 -1 -1 90
 -1 79  7  4 67  0  8 50 50 15 -1 74 62 -1 -1 -1 90 -1 88 75 46 71  4 28
 69 -1 82 97 53 39 -1 60 18 24 -1 10 96 -1 -1 -1 17 26 24 25 14 36 45 59
  6 99 16 29 24 -1 51 36  0 55 -1 -1 46 66 -1 21 13 -1 94 38 83 68 14 -1
  4  7 89 61]
[1 1 1 1 1 0 0 1 1 1 1 0 0 0 1 0 0 0 1 1 1 0 1 0 0 1 1 0 1 1 1 0 0 0 0 0 1
 1 1 1 0 1 0 0 1 0 0 0 1 0 1 1 1 0 0 1 1 0 1 0 0 0 1 0 0 0 1 1 1 1 1 1 0 0
 1 1 0 1 1 0 0 1 0 0 1 0 1 0 0 1 0 1 0 0 0 0 1 0 0 1]
[0 0 3 0 0 4 3 4 2 0 3 1 0 3 0 2 1 1 0 0 3 3 0 4 0 0 0 0 3 1 4 4 0 0 4 1 0
 0 1 4 0 3 0 0 0 0 0 0 1 1 0 3 0 3 4 0 0 0 0 0 0 4 2 1 4 0 0 4 0 0 4 0 2 4
 4 1 0 4 2 0 2 0 0 3 0 0 0 0 0 0 4 0 0 3 0 0 0 0 0 2]
[0 0 3 0 0 4 3 4 2 0 3 1 0 3 0 2 1 1 0 0 3 3 0 4 0 0 0 0 3 1 4 4 0 0 4 1 0
 0 1 4 0 3 0 0 0 0 0 0 1 1 0 3 0 3 4 0 0 0 0 0 0 4 2 1 4 0 0 4 0 0 4 0 2 4
 4 1 0 4 2 0 2 0 0 3 0 0 0 0 0 0 4 0 0 3 0 0 0 0 0 2]
[5 9 8 8 5 4 1 3 5 7 8 7 1 6 3 2 6 5 8 4 4 2 7 9 4 3 1 5 7 5 8 6 2 7 9 9 1
 5 1 4 1 2 1 8 1 6 5 2 7 7 4 6 3 1 8 4 7 3 7 8 3 5 1 7 7 9 9 3 2 3 4 5 2 2
 4 8 9 9 8 6 5 1 6 5 3 1 5 8 4 2 7 3 7 2 4 4 8 9 4 5]
[5 9 8 8 5 4 1 3 5 7 8 7 1 6 3 2 6 5 8 4 4 2 7 9 4 3 1 5 7 5 8 6 2 7 9 9 1
 5 1 4 1 2 1 8 1 6 5 2 7 7 4 6 3 1 8 4 7 3 7 8 3 5 1 7 7 9 9 3 2 3 4 5 2 2
 4 8 9 9 8 6 5 1 6 5 3 1 5 8 4 2 7 3 7 2 4 4 8 9 4 5]
[39, 50, 50, 20, 50, 42, 44, 50, 50, 34, 13, 50, 50, 50, 16, 50, 50, 50, 50, 33, 32, 50, 11, 30, 50, 50, 50, 50, 50, 50, 32, 50, 14, 26, 35, 19, 41, 24, 50, 31, 50, 20, 32, 41, 22, 19, 10, 50, 50, 40, 50, 17, 15, 19, 29, 42, 48, 50, 12, 20, 50, 50, 50, 34, 50, 50, 30, 50, 50, 50, 47, 45, 50, 50, 12, 50, 50, 38, 46, 38, 50, 50, 50, 50, 47, 50, 50, 36, 36, 11, 23, 50, 50, 42, 50, 50, 50, 50, 43, 50]
[0 0 0 0 0 0 0 0 0 0 0 0 0 0 0 0 0 0 0 0 0 0 0 0 0 0 0 0 0 0 0 0 0 0 0 0 0
 0 0 0 0 0 0 0 0 0 0 0 0 0 0 0 0 0 0 0 0 0 0 0 0 0 0 0 0 0 0 0 0 0 0 0 0 0
 0 0 0 0 0 0 0 0 0 0 0 0 0 0 0 0 0 0 0 0 0 0 0 0 0 0]
[1 1 1 1 1 1 1 1 1 1 1 1 1 1 1 1 1 1 1 1 1 1 1 1 1 1 1 1 1 1 1 1 1 1 1 1 1
 1 1 1 1 1 1 1 1 1 1 1 1 1 1 1 1 1 1 1 1 1 1 1 1 1 1 1 1 1 1 1 1 1 1 1 1 1
 1 1 1 1 1 1 1 1 1 1 1 1 1 1 1 1 1 1 1 1 1 1 1 1 1 1]
