[ 0  1  2  3  4  5  6  7  8  9 10 11 12 13 14 15 16 17 18 19 20 21 22 23
 24 25 26 27 28 29 30 31 32 33 34 35 36 37 38 39 40 41 42 43 44 45 46 47
 48 49 50 51 52 53 54 55 56 57 58 59 60 61 62 63 64 65 66 67 68 69 70 71
 72 73 74 75 76 77 78 79 80 81 82 83 84 85 86 87 88 89 90 91 92 93 94 95
 96 97 98 99]
[82 23 -1 73 -1 85 12 89 -1  6 -1 -1 -1 99 -1 49 44  6 -1 97 33 42 -1 54
 -1 38 87 97 -1 53 13 37 45 -1 96 -1 24 26 57 85 33 93 94 82 -1 36 99 58
 -1 -1 24 -1 -1 21 88 -1 28 17 16 44 21 -1 60 -1 -1 -1 64 -1 27 -1  1 -1
 88 83 63 99 93 49 51 91 93 17 39 11 16 55 77 89 71 55 88 -1 71 -1  7 -1
 -1 70 68 38]
[0 1 0 0 0 1 1 0 1 0 0 0 1 0 0 1 1 0 1 0 0 1 1 1 0 0 0 1 1 0 0 0 1 0 0 0 0
 0 1 1 0 1 1 0 0 1 0 0 0 1 0 0 1 1 0 1 0 1 0 0 0 1 1 1 0 1 1 1 0 0 0 1 1 0
 1 0 0 0 1 1 1 0 0 0 1 0 1 0 0 1 1 0 1 1 0 1 1 0 0 1]
[1 0 0 1 0 0 0 0 0 4 0 0 0 0 0 2 4 0 2 0 0 0 0 4 3 4 0 3 2 1 0 0 0 0 0 0 0
 0 0 4 3 0 0 2 3 1 0 3 1 0 0 0 0 4 2 0 3 0 2 0 1 0 0 1 0 4 1 0 2 1 0 2 2 0
 0 0 0 0 4 0 2 0 1 3 0 0 1 0 4 0 0 0 0 3 0 2 3 0 4 4]
[1 0 0 1 0 0 0 0 0 4 0 0 0 0 0 2 4 0 2 0 0 0 0 4 3 4 0 3 2 1 0 0 0 0 0 0 0
 0 0 4 3 0 0 2 3 1 0 3 1 0 0 0 0 4 2 0 3 0 2 0 1 0 0 1 0 4 1 0 2 1 0 2 2 0
 0 0 0 0 4 0 2 0 1 3 0 0 1 0 4 0 0 0 0 3 0 2 3 0 4 4]
[5 1 7 6 4 6 3 2 9 3 5 8 5 4 2 3 7 9 6 9 6 8 4 5 2 2 4 4 9 2 8 1 8 7 9 7 7
 2 8 3 5 6 2 1 4 7 6 4 3 5 7 8 2 6 3 5 4 4 5 7 7 9 9 6 2 1 3 1 7 7 9 2 9 7
 7 5 5 9 8 3 2 7 8 4 1 8 5 7 7 2 8 2 9 2 1 2 5 1 7 3]
[5 1 7 6 4 6 3 2 9 3 5 8 5 4 2 3 7 9 6 9 6 8 4 5 2 2 4 4 9 2 8 1 8 7 9 7 7
 2 8 3 5 6 2 1 4 7 6 4 3 5 7 8 2 6 3 5 4 4 5 7 7 9 9 6 2 1 3 1 7 7 9 2 9 7
 7 5 5 9 8 3 2 7 8 4 1 8 5 7 7 2 8 2 9 2 1 2 5 1 7 3]
[50, 34, 50, 50, 50, 45, 50, 50, 50, 50, 35, 21, 50, 50, 46, 50, 50, 50, 50, 50, 50, 18, 19, 50, 50, 26, 12, 50, 50, 50, 50, 50, 50, 50, 50, 43, 50, 50, 50, 50, 46, 32, 50, 50, 12, 50, 10, 50, 50, 50, 17, 50, 50, 14, 47, 50, 19, 16, 21, 50, 47, 41, 42, 50, 10, 19, 22, 50, 34, 38, 20, 50, 43, 50, 50, 30, 50, 50, 50, 50, 50, 28, 17, 50, 31, 50, 19, 50, 50, 50, 26, 25, 35, 25, 13, 12, 28, 12, 50, 50]
[0 0 0 0 0 0 0 0 0 0 0 0 0 0 0 0 0 0 0 0 0 0 0 0 0 0 0 0 0 0 0 0 0 0 0 0 0
 0 0 0 0 0 0 0 0 0 0 0 0 0 0 0 0 0 0 0 0 0 0 0 0 0 0 0 0 0 0 0 0 0 0 0 0 0
 0 0 0 0 0 0 0 0 0 0 0 0 0 0 0 0 0 0 0 0 0 0 0 0 0 0]
[1 1 1 1 1 1 1 1 1 1 1 1 1 1 1 1 1 1 1 1 1 1 1 1 1 1 1 1 1 1 1 1 1 1 1 1 1
 1 1 1 1 1 1 1 1 1 1 1 1 1 1 1 1 1 1 1 1 1 1 1 1 1 1 1 1 1 1 1 1 1 1 1 1 1
 1 1 1 1 1 1 1 1 1 1 1 1 1 1 1 1 1 1 1 1 1 1 1 1 1 1]
