[ 0  1  2  3  4  5  6  7  8  9 10 11 12 13 14 15 16 17 18 19 20 21 22 23
 24 25 26 27 28 29 30 31 32 33 34 35 36 37 38 39 40 41 42 43 44 45 46 47
 48 49 50 51 52 53 54 55 56 57 58 59 60 61 62 63 64 65 66 67 68 69 70 71
 72 73 74 75 76 77 78 79 80 81 82 83 84 85 86 87 88 89 90 91 92 93 94 95
 96 97 98 99]
[51 91 -1 57 -1 -1 -1 19 91 -1  4 -1  0 80 96 36 19 95 -1 98 30 23 -1  4
 21 18 -1 -1  0 57 62 83 97 -1  8 26 64 45 19 -1 82 78 56 25 -1 95 41 26
 -1 56 -1 -1 -1 78 93  5 66 75 -1 -1 80 52 -1  2 87 36 62 74 10 -1  3 -1
 -1 18 65 82 56 12 -1 -1  5 -1 -1 30 85 -1 25 -1 16 56 -1 22 64 44 30 66
 -1 74 79 -1]
[0 1 0 0 1 1 1 1 1 0 0 1 1 0 1 1 0 1 0 0 0 1 0 0 1 1 1 0 1 0 0 1 1 0 1 0 1
 1 0 0 1 0 1 0 0 1 0 1 0 1 0 0 1 0 0 1 0 1 0 0 1 0 1 0 1 1 0 1 1 0 1 0 1 1
 1 0 0 0 1 1 0 0 1 0 0 1 0 1 1 0 0 0 1 1 1 0 0 0 0 1]
[2 0 0 4 3 3 1 0 1 0 0 3 4 0 0 4 0 0 0 0 1 4 3 1 0 1 0 1 2 0 4 2 1 0 3 0 3
 1 0 1 1 0 0 0 0 0 2 4 0 1 0 0 0 1 4 3 0 3 0 0 2 0 1 0 3 0 4 4 0 0 4 4 0 3
 0 4 0 4 4 0 0 1 3 4 0 3 2 4 3 1 0 4 0 2 0 4 2 2 0 2]
[2 0 0 4 3 3 1 0 1 0 0 3 4 0 0 4 0 0 0 0 1 4 3 1 0 1 0 1 2 0 4 2 1 0 3 0 3
 1 0 1 1 0 0 0 0 0 2 4 0 1 0 0 0 1 4 3 0 3 0 0 2 0 1 0 3 0 4 4 0 0 4 4 0 3
 0 4 0 4 4 0 0 1 3 4 0 3 2 4 3 1 0 4 0 2 0 4 2 2 0 2]
[2 4 6 6 7 4 7 9 4 5 9 3 9 5 6 9 7 6 5 2 5 2 9 5 2 8 2 3 8 6 5 5 6 4 7 4 6
 8 6 5 2 5 4 7 6 2 9 2 5 6 6 4 6 5 4 8 2 7 4 4 4 7 5 5 5 3 5 3 4 5 8 5 3 4
 3 9 1 2 1 5 5 4 4 6 7 2 7 4 2 4 3 8 9 8 4 5 1 9 6 2]
[2 4 6 6 7 4 7 9 4 5 9 3 9 5 6 9 7 6 5 2 5 2 9 5 2 8 2 3 8 6 5 5 6 4 7 4 6
 8 6 5 2 5 4 7 6 2 9 2 5 6 6 4 6 5 4 8 2 7 4 4 4 7 5 5 5 3 5 3 4 5 8 5 3 4
 3 9 1 2 1 5 5 4 4 6 7 2 7 4 2 4 3 8 9 8 4 5 1 9 6 2]
[50, 33, 26, 21, 50, 31, 50, 50, 12, 50, 12, 50, 50, 43, 50, 50, 50, 50, 28, 50, 50, 27, 50, 50, 50, 50, 50, 43, 50, 28, 50, 50, 35, 15, 50, 21, 50, 14, 50, 50, 35, 50, 50, 50, 38, 33, 50, 50, 27, 50, 50, 50, 16, 11, 30, 50, 27, 50, 50, 11, 38, 10, 50, 43, 50, 12, 44, 50, 47, 50, 50, 42, 24, 10, 50, 49, 49, 50, 50, 14, 14, 50, 50, 50, 43, 29, 50, 30, 45, 38, 50, 15, 50, 50, 50, 14, 50, 42, 31, 50]
[0 0 0 0 0 0 0 0 0 0 0 0 0 0 0 0 0 0 0 0 0 0 0 0 0 0 0 0 0 0 0 0 0 0 0 0 0
 0 0 0 0 0 0 0 0 0 0 0 0 0 0 0 0 0 0 0 0 0 0 0 0 0 0 0 0 0 0 0 0 0 0 0 0 0
 0 0 0 0 0 0 0 0 0 0 0 0 0 0 0 0 0 0 0 0 0 0 0 0 0 0]
[1 1 1 1 1 1 1 1 1 1 1 1 1 1 1 1 1 1 1 1 1 1 1 1 1 1 1 1 1 1 1 1 1 1 1 1 1
 1 1 1 1 1 1 1 1 1 1 1 1 1 1 1 1 1 1 1 1 1 1 1 1 1 1 1 1 1 1 1 1 1 1 1 1 1
 1 1 1 1 1 1 1 1 1 1 1 1 1 1 1 1 1 1 1 1 1 1 1 1 1 1]
