[ 0  1  2  3  4  5  6  7  8  9 10 11 12 13 14 15 16 17 18 19 20 21 22 23
 24 25 26 27 28 29 30 31 32 33 34 35 36 37 38 39 40 41 42 43 44 45 46 47
 48 49 50 51 52 53 54 55 56 57 58 59 60 61 62 63 64 65 66 67 68 69 70 71
 72 73 74 75 76 77 78 79 80 81 82 83 84 85 86 87 88 89 90 91 92 93 94 95
 96 97 98 99]
[14 -1 -1 30 50 -1 73 -1 21 23 48 -1 16 -1 44 -1 29 -1 -1 27 27 -1 -1 44
 86 33 45 -1 -1 48 99 15 56  9 83 55 16 88 67 23 60 -1 54 -1 -1 78 96 24
 92 12 64  8 63  2 76  3 20 82 -1 78 -1  6 13 68 87  5 -1 -1 59 -1 -1 59
 -1 48 92 -1 -1 89 44 48 28 -1 44 -1 12 46  5 -1 71 84 -1 81 -1 59 73 19
 -1 44 -1 61]
[0 1 0 1 1 1 1 1 1 0 0 1 1 1 1 1 1 1 0 0 0 0 0 1 1 1 1 0 0 0 1 1 0 1 1 1 0
 1 1 0 0 0 0 0 0 0 0 0 1 0 1 0 0 1 1 0 0 0 0 0 1 1 1 1 0 1 0 0 1 0 0 1 1 0
 0 0 1 1 0 0 1 0 1 0 0 0 0 0 1 1 0 0 1 1 0 0 0 1 0 0]
[3 0 0 0 4 4 3 0 0 1 4 0 0 4 1 3 4 2 1 0 0 0 0 1 0 0 4 4 0 3 2 2 3 0 3 0 0
 3 0 0 1 0 0 0 3 0 0 4 3 1 0 2 0 0 0 3 0 2 3 3 1 0 4 0 1 4 4 0 3 0 0 4 1 4
 0 0 4 1 3 0 0 0 0 3 2 0 1 1 4 4 1 0 0 1 0 1 2 3 4 0]
[3 0 0 0 4 4 3 0 0 1 4 0 0 4 1 3 4 2 1 0 0 0 0 1 0 0 4 4 0 3 2 2 3 0 3 0 0
 3 0 0 1 0 0 0 3 0 0 4 3 1 0 2 0 0 0 3 0 2 3 3 1 0 4 0 1 4 4 0 3 0 0 4 1 4
 0 0 4 1 3 0 0 0 0 3 2 0 1 1 4 4 1 0 0 1 0 1 2 3 4 0]
[3 4 1 8 2 3 8 4 5 3 6 1 9 7 8 4 3 3 2 7 4 5 8 1 3 5 3 6 6 5 4 1 3 3 1 1 3
 3 3 3 1 2 2 5 5 3 5 1 7 7 6 1 2 9 5 4 4 9 9 1 5 1 5 2 6 5 2 7 3 9 8 8 4 8
 8 9 9 4 1 7 1 1 7 6 8 3 6 3 4 5 1 5 4 2 9 2 3 1 2 3]
[3 4 1 8 2 3 8 4 5 3 6 1 9 7 8 4 3 3 2 7 4 5 8 1 3 5 3 6 6 5 4 1 3 3 1 1 3
 3 3 3 1 2 2 5 5 3 5 1 7 7 6 1 2 9 5 4 4 9 9 1 5 1 5 2 6 5 2 7 3 9 8 8 4 8
 8 9 9 4 1 7 1 1 7 6 8 3 6 3 4 5 1 5 4 2 9 2 3 1 2 3]
[50, 12, 50, 50, 50, 13, 50, 50, 50, 31, 50, 50, 50, 48, 37, 48, 43, 50, 46, 42, 18, 50, 47, 18, 24, 50, 43, 41, 50, 50, 28, 50, 25, 50, 40, 17, 50, 38, 16, 42, 34, 12, 50, 15, 44, 50, 46, 11, 46, 40, 47, 14, 50, 50, 50, 29, 50, 50, 50, 50, 50, 50, 30, 35, 50, 30, 49, 29, 50, 12, 13, 41, 50, 50, 22, 50, 11, 41, 45, 50, 26, 42, 11, 16, 50, 50, 42, 47, 50, 50, 50, 50, 40, 27, 50, 50, 50, 37, 50, 49]
[0 0 0 0 0 0 0 0 0 0 0 0 0 0 0 0 0 0 0 0 0 0 0 0 0 0 0 0 0 0 0 0 0 0 0 0 0
 0 0 0 0 0 0 0 0 0 0 0 0 0 0 0 0 0 0 0 0 0 0 0 0 0 0 0 0 0 0 0 0 0 0 0 0 0
 0 0 0 0 0 0 0 0 0 0 0 0 0 0 0 0 0 0 0 0 0 0 0 0 0 0]
[1 1 1 1 1 1 1 1 1 1 1 1 1 1 1 1 1 1 1 1 1 1 1 1 1 1 1 1 1 1 1 1 1 1 1 1 1
 1 1 1 1 1 1 1 1 1 1 1 1 1 1 1 1 1 1 1 1 1 1 1 1 1 1 1 1 1 1 1 1 1 1 1 1 1
 1 1 1 1 1 1 1 1 1 1 1 1 1 1 1 1 1 1 1 1 1 1 1 1 1 1]
