[ 0  1  2  3  4  5  6  7  8  9 10 11 12 13 14 15 16 17 18 19 20 21 22 23
 24 25 26 27 28 29 30 31 32 33 34 35 36 37 38 39 40 41 42 43 44 45 46 47
 48 49 50 51 52 53 54 55 56 57 58 59 60 61 62 63 64 65 66 67 68 69 70 71
 72 73 74 75 76 77 78 79 80 81 82 83 84 85 86 87 88 89 90 91 92 93 94 95
 96 97 98 99]
[89 -1 -1 -1 73 56 -1 -1 -1 14 42 47  3 18 24 76 14 -1 94 -1 19 54 -1 -1
 69 52 12 60 88 78 17 -1 48 -1 65 -1 -1 92 89 17 99 -1 11  4 -1 49 42 29
 21 -1 18 -1 95 -1 -1 -1 37 26  3 -1 -1 -1 66 92 85 94 80 51 -1 -1 -1 37
 -1 -1 -1 34 33 -1 -1 11 26 64 -1  2 14 80 -1 -1 80  6 40 73 96 38 24 98
 -1 -1 31 -1]
[0 0 0 0 1 1 1 0 1 0 1 0 1 1 0 0 1 0 0 1 1 1 0 0 1 0 1 1 0 0 1 0 1 0 0 1 0
 0 0 0 0 0 1 0 0 0 0 0 0 1 0 0 1 0 0 0 1 0 1 0 0 1 1 0 1 1 1 1 0 0 0 1 0 0
 1 0 1 1 1 1 0 1 0 1 1 1 1 1 0 0 1 0 0 0 0 1 1 0 1 0]
[0 0 0 0 0 1 0 0 0 3 4 0 0 0 0 1 0 0 2 1 4 0 2 2 0 2 4 0 1 2 2 3 0 2 0 3 0
 4 0 2 0 0 2 0 1 0 0 1 4 0 4 2 0 0 2 3 4 0 2 0 0 0 0 4 0 2 2 4 1 0 0 0 0 0
 2 0 0 4 2 1 0 4 0 0 0 3 4 4 1 2 0 4 0 4 0 0 2 3 0 3]
[0 0 0 0 0 1 0 0 0 3 4 0 0 0 0 1 0 0 2 1 4 0 2 2 0 2 4 0 1 2 2 3 0 2 0 3 0
 4 0 2 0 0 2 0 1 0 0 1 4 0 4 2 0 0 2 3 4 0 2 0 0 0 0 4 0 2 2 4 1 0 0 0 0 0
 2 0 0 4 2 1 0 4 0 0 0 3 4 4 1 2 0 4 0 4 0 0 2 3 0 3]
[5 5 6 4 8 6 3 3 4 9 7 4 9 1 1 3 3 5 9 5 5 3 8 4 7 8 5 2 3 5 2 4 7 1 8 6 5
 1 9 3 6 1 7 1 5 3 5 6 8 4 2 1 6 2 2 2 4 3 9 9 9 2 6 2 3 4 7 4 3 8 1 3 4 7
 3 1 9 3 4 6 7 7 4 1 6 5 4 6 6 6 6 3 8 8 3 9 9 1 4 8]
[5 5 6 4 8 6 3 3 4 9 7 4 9 1 1 3 3 5 9 5 5 3 8 4 7 8 5 2 3 5 2 4 7 1 8 6 5
 1 9 3 6 1 7 1 5 3 5 6 8 4 2 1 6 2 2 2 4 3 9 9 9 2 6 2 3 4 7 4 3 8 1 3 4 7
 3 1 9 3 4 6 7 7 4 1 6 5 4 6 6 6 6 3 8 8 3 9 9 1 4 8]
[12, 50, 50, 44, 50, 32, 50, 18, 14, 10, 50, 50, 28, 50, 50, 44, 50, 43, 18, 39, 25, 18, 22, 50, 50, 50, 50, 25, 50, 50, 50, 11, 50, 50, 50, 50, 50, 19, 38, 50, 28, 44, 37, 49, 50, 34, 50, 50, 21, 25, 16, 50, 50, 24, 32, 40, 14, 26, 21, 39, 12, 50, 50, 50, 50, 34, 41, 29, 46, 50, 22, 45, 31, 50, 50, 43, 17, 33, 35, 49, 33, 22, 50, 50, 50, 48, 50, 50, 50, 50, 50, 50, 50, 50, 50, 50, 50, 50, 50, 50]
[0 0 0 0 0 0 0 0 0 0 0 0 0 0 0 0 0 0 0 0 0 0 0 0 0 0 0 0 0 0 0 0 0 0 0 0 0
 0 0 0 0 0 0 0 0 0 0 0 0 0 0 0 0 0 0 0 0 0 0 0 0 0 0 0 0 0 0 0 0 0 0 0 0 0
 0 0 0 0 0 0 0 0 0 0 0 0 0 0 0 0 0 0 0 0 0 0 0 0 0 0]
[1 1 1 1 1 1 1 1 1 1 1 1 1 1 1 1 1 1 1 1 1 1 1 1 1 1 1 1 1 1 1 1 1 1 1 1 1
 1 1 1 1 1 1 1 1 1 1 1 1 1 1 1 1 1 1 1 1 1 1 1 1 1 1 1 1 1 1 1 1 1 1 1 1 1
 1 1 1 1 1 1 1 1 1 1 1 1 1 1 1 1 1 1 1 1 1 1 1 1 1 1]
