[ 0  1  2  3  4  5  6  7  8  9 10 11 12 13 14 15 16 17 18 19 20 21 22 23
 24 25 26 27 28 29 30 31 32 33 34 35 36 37 38 39 40 41 42 43 44 45 46 47
 48 49 50 51 52 53 54 55 56 57 58 59 60 61 62 63 64 65 66 67 68 69 70 71
 72 73 74 75 76 77 78 79 80 81 82 83 84 85 86 87 88 89 90 91 92 93 94 95
 96 97 98 99]
[89 29 -1 -1 -1 62 10  0 -1 -1 -1 71 -1 98 61 90 92 86 -1 99 58 -1 46 -1
 90 64 68 58 54 10 60 -1 54 -1 97 71 33 -1 63 22 94 75 13 18 34 -1 54 18
 52 96 58 93  1 94 -1 -1 96 -1 10 -1 87 87 56 -1 16 -1 -1 70 78 -1 29 -1
 -1 32 -1 -1 28 96 24 89 18 19 11 -1 -1 51 71 19 -1 -1 -1 26 82 69 -1 61
  0 -1 30 -1]
[1 1 1 0 1 1 0 1 0 1 1 1 0 0 1 0 0 0 0 0 0 1 1 1 1 0 0 0 0 0 0 0 0 0 0 1 1
 1 1 0 1 1 0 0 0 1 1 0 0 1 0 0 0 1 0 0 1 1 1 0 0 1 0 1 1 1 1 1 0 1 0 1 0 0
 1 0 0 1 0 0 0 0 0 1 0 0 1 1 1 1 1 1 0 1 1 0 1 1 0 0]
[4 0 0 2 0 0 2 0 4 0 4 4 0 1 4 2 3 0 4 0 3 0 3 0 0 3 2 1 1 4 0 0 0 0 0 2 3
 0 0 4 4 0 3 0 1 1 4 3 0 1 1 3 1 0 0 4 1 0 3 2 0 3 4 0 0 0 0 0 0 3 3 4 4 0
 0 0 0 4 2 0 0 1 1 3 0 4 0 1 0 3 1 4 3 0 3 4 2 4 0 0]
[4 0 0 2 0 0 2 0 4 0 4 4 0 1 4 2 3 0 4 0 3 0 3 0 0 3 2 1 1 4 0 0 0 0 0 2 3
 0 0 4 4 0 3 0 1 1 4 3 0 1 1 3 1 0 0 4 1 0 3 2 0 3 4 0 0 0 0 0 0 3 3 4 4 0
 0 0 0 4 2 0 0 1 1 3 0 4 0 1 0 3 1 4 3 0 3 4 2 4 0 0]
[9 8 8 7 3 2 2 9 8 1 6 9 6 6 2 4 5 4 6 8 3 4 3 3 7 4 8 1 6 3 2 1 5 4 8 6 9
 2 6 3 3 3 3 6 2 9 6 6 7 1 9 3 2 1 3 9 3 6 2 2 9 9 7 2 3 1 5 4 9 7 2 8 7 1
 6 3 7 3 9 9 8 9 5 4 2 8 3 4 1 8 9 6 5 9 8 3 1 8 7 2]
[9 8 8 7 3 2 2 9 8 1 6 9 6 6 2 4 5 4 6 8 3 4 3 3 7 4 8 1 6 3 2 1 5 4 8 6 9
 2 6 3 3 3 3 6 2 9 6 6 7 1 9 3 2 1 3 9 3 6 2 2 9 9 7 2 3 1 5 4 9 7 2 8 7 1
 6 3 7 3 9 9 8 9 5 4 2 8 3 4 1 8 9 6 5 9 8 3 1 8 7 2]
[31, 50, 50, 50, 24, 27, 50, 35, 28, 39, 50, 25, 50, 50, 41, 50, 16, 50, 38, 38, 12, 50, 50, 50, 50, 36, 13, 32, 44, 50, 37, 50, 50, 50, 50, 31, 48, 42, 50, 50, 18, 35, 50, 38, 39, 39, 13, 50, 31, 26, 50, 34, 41, 22, 50, 31, 50, 33, 33, 50, 50, 44, 35, 15, 50, 39, 19, 42, 50, 50, 50, 46, 10, 21, 50, 50, 50, 50, 35, 50, 50, 44, 33, 27, 50, 40, 50, 50, 50, 50, 48, 50, 50, 28, 16, 42, 16, 50, 30, 50]
[0 0 0 0 0 0 0 0 0 0 0 0 0 0 0 0 0 0 0 0 0 0 0 0 0 0 0 0 0 0 0 0 0 0 0 0 0
 0 0 0 0 0 0 0 0 0 0 0 0 0 0 0 0 0 0 0 0 0 0 0 0 0 0 0 0 0 0 0 0 0 0 0 0 0
 0 0 0 0 0 0 0 0 0 0 0 0 0 0 0 0 0 0 0 0 0 0 0 0 0 0]
[1 1 1 1 1 1 1 1 1 1 1 1 1 1 1 1 1 1 1 1 1 1 1 1 1 1 1 1 1 1 1 1 1 1 1 1 1
 1 1 1 1 1 1 1 1 1 1 1 1 1 1 1 1 1 1 1 1 1 1 1 1 1 1 1 1 1 1 1 1 1 1 1 1 1
 1 1 1 1 1 1 1 1 1 1 1 1 1 1 1 1 1 1 1 1 1 1 1 1 1 1]
