[ 0  1  2  3  4  5  6  7  8  9 10 11 12 13 14 15 16 17 18 19 20 21 22 23
 24 25 26 27 28 29 30 31 32 33 34 35 36 37 38 39 40 41 42 43 44 45 46 47
 48 49 50 51 52 53 54 55 56 57 58 59 60 61 62 63 64 65 66 67 68 69 70 71
 72 73 74 75 76 77 78 79 80 81 82 83 84 85 86 87 88 89 90 91 92 93 94 95
 96 97 98 99]
[37  3 93 -1 48 -1 58 87 44 73  1 -1 81 80 -1 46 66 -1 35 67 82 34 33 15
 97 53 22 69 -1 24 81 15 -1 54 41  5 27 -1  8  3 94 12 -1 23 58 -1 48 -1
 -1 62 93 44 -1  5 79 76 70 28 71 53 -1 -1 88 70 -1 89 65 -1 56 -1 -1 68
 78 59 78 48 -1 58 53 21 -1 -1 31 -1 -1  5 41 36 -1 14 -1 17 54 43 81  5
 -1 89 31 -1]
[0 1 1 0 0 1 1 1 1 0 1 1 0 1 1 0 1 1 0 0 0 1 0 1 0 1 0 0 0 0 1 0 1 0 1 1 1
 0 0 0 1 0 1 1 0 0 1 0 1 0 1 0 1 1 0 0 1 0 1 1 1 1 0 1 1 0 1 0 0 1 0 1 0 1
 1 1 0 0 0 0 1 0 0 1 0 0 1 0 1 1 0 1 0 1 1 0 1 0 0 1]
[3 0 0 2 0 0 1 0 3 1 0 2 0 0 0 4 3 0 0 3 0 3 0 4 3 2 0 0 0 0 0 0 4 0 1 3 0
 3 0 0 2 1 1 0 0 1 3 4 0 0 1 0 0 0 4 0 1 0 0 4 1 4 2 1 2 2 1 0 0 3 0 4 3 3
 0 1 1 0 0 2 4 0 0 0 2 4 4 3 0 4 0 1 1 0 0 1 0 4 2 2]
[3 0 0 2 0 0 1 0 3 1 0 2 0 0 0 4 3 0 0 3 0 3 0 4 3 2 0 0 0 0 0 0 4 0 1 3 0
 3 0 0 2 1 1 0 0 1 3 4 0 0 1 0 0 0 4 0 1 0 0 4 1 4 2 1 2 2 1 0 0 3 0 4 3 3
 0 1 1 0 0 2 4 0 0 0 2 4 4 3 0 4 0 1 1 0 0 1 0 4 2 2]
[2 1 7 2 7 7 8 6 3 7 3 9 5 6 2 9 2 7 7 1 2 3 2 7 6 5 5 8 4 7 2 5 2 6 2 1 7
 7 7 3 4 3 2 9 7 7 3 3 7 6 7 9 2 2 6 7 8 2 3 5 1 3 4 9 8 2 1 4 2 4 1 8 9 3
 2 8 6 2 2 1 3 2 9 8 4 8 1 4 5 6 2 9 9 4 7 5 8 7 8 4]
[2 1 7 2 7 7 8 6 3 7 3 9 5 6 2 9 2 7 7 1 2 3 2 7 6 5 5 8 4 7 2 5 2 6 2 1 7
 7 7 3 4 3 2 9 7 7 3 3 7 6 7 9 2 2 6 7 8 2 3 5 1 3 4 9 8 2 1 4 2 4 1 8 9 3
 2 8 6 2 2 1 3 2 9 8 4 8 1 4 5 6 2 9 9 4 7 5 8 7 8 4]
[50, 47, 37, 50, 50, 50, 29, 50, 43, 29, 48, 10, 50, 15, 50, 50, 21, 50, 50, 41, 50, 50, 50, 50, 10, 50, 16, 40, 50, 50, 50, 50, 21, 13, 50, 50, 50, 28, 49, 15, 29, 31, 49, 19, 16, 44, 31, 50, 15, 50, 50, 50, 19, 28, 50, 50, 50, 50, 50, 20, 13, 50, 21, 50, 50, 39, 50, 50, 50, 50, 25, 13, 50, 50, 14, 30, 17, 50, 36, 50, 50, 46, 50, 43, 50, 35, 50, 16, 40, 50, 50, 50, 50, 28, 22, 49, 50, 50, 50, 50]
[0 0 0 0 0 0 0 0 0 0 0 0 0 0 0 0 0 0 0 0 0 0 0 0 0 0 0 0 0 0 0 0 0 0 0 0 0
 0 0 0 0 0 0 0 0 0 0 0 0 0 0 0 0 0 0 0 0 0 0 0 0 0 0 0 0 0 0 0 0 0 0 0 0 0
 0 0 0 0 0 0 0 0 0 0 0 0 0 0 0 0 0 0 0 0 0 0 0 0 0 0]
[1 1 1 1 1 1 1 1 1 1 1 1 1 1 1 1 1 1 1 1 1 1 1 1 1 1 1 1 1 1 1 1 1 1 1 1 1
 1 1 1 1 1 1 1 1 1 1 1 1 1 1 1 1 1 1 1 1 1 1 1 1 1 1 1 1 1 1 1 1 1 1 1 1 1
 1 1 1 1 1 1 1 1 1 1 1 1 1 1 1 1 1 1 1 1 1 1 1 1 1 1]
