[ 0  1  2  3  4  5  6  7  8  9 10 11 12 13 14 15 16 17 18 19 20 21 22 23
 24 25 26 27 28 29 30 31 32 33 34 35 36 37 38 39 40 41 42 43 44 45 46 47
 48 49 50 51 52 53 54 55 56 57 58 59 60 61 62 63 64 65 66 67 68 69 70 71
 72 73 74 75 76 77 78 79 80 81 82 83 84 85 86 87 88 89 90 91 92 93 94 95
 96 97 98 99]
[ 2 92 74 58 79 -1 58 -1 82 -1 84 42 -1  1 -1 50 62 52 89 -1 -1  1 -1 -1
  7 -1 12 -1 -1 15 91 -1 78 -1 61 -1 45 18 77 37 -1 13 -1 -1 14 -1 -1 -1
 -1 -1  1 29 21 10 99 -1 97 75 11 33 98 30 -1 -1 54 90 -1 -1 17 16 90 95
 71 -1 32  3 82 -1 66 48  7 -1 26 67 99 92 -1  0 -1  6  7 92 19 14 71 79
 -1 87 79 48]
[0 1 1 1 1 0 1 1 1 1 0 0 0 1 1 0 1 1 1 0 1 0 0 1 1 0 1 0 0 0 0 1 0 1 0 1 1
 0 0 1 0 0 0 0 0 0 0 1 0 0 0 0 1 1 0 1 0 1 0 1 0 1 0 0 1 0 0 1 1 0 1 0 0 0
 1 0 0 1 0 0 0 1 0 1 1 0 1 0 0 1 0 0 1 1 1 0 0 1 0 1]
[1 4 4 0 0 3 0 0 0 3 0 2 4 4 2 3 4 0 2 0 0 0 0 0 1 2 4 2 4 0 1 0 0 0 4 3 1
 4 1 0 3 2 4 4 0 3 4 0 1 0 2 0 0 4 0 0 3 0 1 4 0 0 0 3 0 0 1 3 2 1 0 0 3 0
 0 0 0 0 2 2 0 0 0 0 0 3 1 0 0 4 0 2 1 0 4 0 0 1 3 0]
[1 4 4 0 0 3 0 0 0 3 0 2 4 4 2 3 4 0 2 0 0 0 0 0 1 2 4 2 4 0 1 0 0 0 4 3 1
 4 1 0 3 2 4 4 0 3 4 0 1 0 2 0 0 4 0 0 3 0 1 4 0 0 0 3 0 0 1 3 2 1 0 0 3 0
 0 0 0 0 2 2 0 0 0 0 0 3 1 0 0 4 0 2 1 0 4 0 0 1 3 0]
[5 5 8 3 9 8 6 6 2 5 7 6 9 1 9 4 3 9 9 8 6 9 1 3 8 5 4 9 9 5 5 4 2 2 7 8 7
 8 4 7 7 4 1 4 2 7 1 7 4 8 9 6 2 2 3 6 3 5 7 4 7 8 1 4 5 5 9 4 7 5 9 8 9 6
 9 6 4 6 6 2 1 3 3 4 5 2 3 9 8 9 4 3 4 3 9 6 4 3 6 9]
[5 5 8 3 9 8 6 6 2 5 7 6 9 1 9 4 3 9 9 8 6 9 1 3 8 5 4 9 9 5 5 4 2 2 7 8 7
 8 4 7 7 4 1 4 2 7 1 7 4 8 9 6 2 2 3 6 3 5 7 4 7 8 1 4 5 5 9 4 7 5 9 8 9 6
 9 6 4 6 6 2 1 3 3 4 5 2 3 9 8 9 4 3 4 3 9 6 4 3 6 9]
[50, 46, 50, 47, 50, 38, 40, 10, 32, 10, 50, 47, 20, 50, 30, 25, 30, 44, 39, 37, 50, 33, 13, 47, 43, 50, 50, 16, 50, 42, 23, 16, 50, 50, 49, 22, 50, 36, 32, 26, 50, 50, 50, 42, 12, 11, 50, 50, 13, 49, 50, 50, 50, 42, 17, 43, 50, 50, 50, 50, 50, 20, 50, 45, 22, 50, 17, 31, 50, 50, 50, 46, 38, 50, 50, 38, 14, 50, 35, 50, 50, 50, 50, 50, 50, 50, 46, 50, 50, 50, 27, 50, 40, 43, 10, 50, 50, 30, 26, 50]
[0 0 0 0 0 0 0 0 0 0 0 0 0 0 0 0 0 0 0 0 0 0 0 0 0 0 0 0 0 0 0 0 0 0 0 0 0
 0 0 0 0 0 0 0 0 0 0 0 0 0 0 0 0 0 0 0 0 0 0 0 0 0 0 0 0 0 0 0 0 0 0 0 0 0
 0 0 0 0 0 0 0 0 0 0 0 0 0 0 0 0 0 0 0 0 0 0 0 0 0 0]
[1 1 1 1 1 1 1 1 1 1 1 1 1 1 1 1 1 1 1 1 1 1 1 1 1 1 1 1 1 1 1 1 1 1 1 1 1
 1 1 1 1 1 1 1 1 1 1 1 1 1 1 1 1 1 1 1 1 1 1 1 1 1 1 1 1 1 1 1 1 1 1 1 1 1
 1 1 1 1 1 1 1 1 1 1 1 1 1 1 1 1 1 1 1 1 1 1 1 1 1 1]
