[ 0  1  2  3  4  5  6  7  8  9 10 11 12 13 14 15 16 17 18 19 20 21 22 23
 24 25 26 27 28 29 30 31 32 33 34 35 36 37 38 39 40 41 42 43 44 45 46 47
 48 49 50 51 52 53 54 55 56 57 58 59 60 61 62 63 64 65 66 67 68 69 70 71
 72 73 74 75 76 77 78 79 80 81 82 83 84 85 86 87 88 89 90 91 92 93 94 95
 96 97 98 99]
[-1 61 -1 59  6 19 -1 30 -1 -1 -1 -1 73 60 21 36 -1  2  6 35 35 68 49 -1
 61 22 34 -1 56 48 -1 89 -1 75 82 -1 -1 76 -1 96 72  3  6 -1 98 93 28 -1
 93 -1  0 76 16 -1 76 52 -1 41 80 90 -1 91 -1 40 -1 30 60 16 74 -1 -1 -1
 44 55 -1 69 -1 49 22 -1 36 10 -1 13  4 -1 52 49 -1 -1 92 18 28 -1  9 41
 98 63 -1 97]
[0 0 0 1 0 0 1 0 0 1 1 1 0 1 0 1 1 0 1 1 1 0 0 0 1 0 1 1 1 0 1 1 1 1 1 0 1
 0 0 1 0 1 0 1 0 0 1 0 0 0 1 1 0 0 0 1 1 0 1 0 1 0 1 0 1 0 0 0 1 0 1 1 0 1
 0 0 0 1 1 1 1 0 0 0 1 1 0 1 0 1 0 0 0 1 0 0 1 1 1 0]
[0 0 0 2 0 3 2 0 3 0 1 3 0 3 2 1 3 0 2 1 0 2 1 4 0 3 4 1 1 0 2 0 0 3 3 0 3
 2 0 0 0 0 0 0 2 2 2 0 1 3 0 0 0 4 0 0 2 0 2 0 0 0 4 0 0 0 0 0 4 0 3 0 0 3
 0 1 1 0 0 0 0 4 0 1 4 2 0 4 3 0 2 3 0 0 0 0 3 4 0 3]
[0 0 0 2 0 3 2 0 3 0 1 3 0 3 2 1 3 0 2 1 0 2 1 4 0 3 4 1 1 0 2 0 0 3 3 0 3
 2 0 0 0 0 0 0 2 2 2 0 1 3 0 0 0 4 0 0 2 0 2 0 0 0 4 0 0 0 0 0 4 0 3 0 0 3
 0 1 1 0 0 0 0 4 0 1 4 2 0 4 3 0 2 3 0 0 0 0 3 4 0 3]
[7 3 7 3 2 6 1 8 8 8 9 7 3 6 3 8 5 2 2 5 6 7 1 4 2 9 2 9 4 4 8 6 1 8 9 7 6
 6 1 1 5 3 6 2 4 2 5 8 7 3 9 7 9 9 8 2 8 1 6 4 9 9 3 1 4 6 8 1 9 3 1 4 4 2
 9 9 1 2 4 4 7 2 1 6 7 4 1 6 4 6 9 7 4 8 5 4 6 4 4 3]
[7 3 7 3 2 6 1 8 8 8 9 7 3 6 3 8 5 2 2 5 6 7 1 4 2 9 2 9 4 4 8 6 1 8 9 7 6
 6 1 1 5 3 6 2 4 2 5 8 7 3 9 7 9 9 8 2 8 1 6 4 9 9 3 1 4 6 8 1 9 3 1 4 4 2
 9 9 1 2 4 4 7 2 1 6 7 4 1 6 4 6 9 7 4 8 5 4 6 4 4 3]
[50, 50, 39, 27, 16, 50, 45, 36, 50, 33, 50, 50, 50, 50, 43, 50, 12, 37, 15, 32, 50, 50, 11, 50, 50, 23, 50, 50, 30, 50, 40, 50, 50, 10, 50, 50, 50, 50, 50, 12, 50, 50, 25, 50, 27, 30, 20, 50, 50, 32, 50, 13, 21, 36, 50, 18, 50, 30, 50, 50, 39, 14, 38, 50, 50, 50, 50, 50, 50, 23, 22, 50, 18, 24, 24, 50, 50, 50, 50, 50, 50, 50, 50, 21, 11, 50, 50, 50, 50, 50, 50, 50, 50, 18, 23, 37, 48, 27, 50, 50]
[0 0 0 0 0 0 0 0 0 0 0 0 0 0 0 0 0 0 0 0 0 0 0 0 0 0 0 0 0 0 0 0 0 0 0 0 0
 0 0 0 0 0 0 0 0 0 0 0 0 0 0 0 0 0 0 0 0 0 0 0 0 0 0 0 0 0 0 0 0 0 0 0 0 0
 0 0 0 0 0 0 0 0 0 0 0 0 0 0 0 0 0 0 0 0 0 0 0 0 0 0]
[1 1 1 1 1 1 1 1 1 1 1 1 1 1 1 1 1 1 1 1 1 1 1 1 1 1 1 1 1 1 1 1 1 1 1 1 1
 1 1 1 1 1 1 1 1 1 1 1 1 1 1 1 1 1 1 1 1 1 1 1 1 1 1 1 1 1 1 1 1 1 1 1 1 1
 1 1 1 1 1 1 1 1 1 1 1 1 1 1 1 1 1 1 1 1 1 1 1 1 1 1]
