[ 0  1  2  3  4  5  6  7  8  9 10 11 12 13 14 15 16 17 18 19 20 21 22 23
 24 25 26 27 28 29 30 31 32 33 34 35 36 37 38 39 40 41 42 43 44 45 46 47
 48 49 50 51 52 53 54 55 56 57 58 59 60 61 62 63 64 65 66 67 68 69 70 71
 72 73 74 75 76 77 78 79 80 81 82 83 84 85 86 87 88 89 90 91 92 93 94 95
 96 97 98 99]
[56  2 -1 60 58 -1 27 51 50 -1  9 -1 -1 -1 -1 -1 -1 13 -1 61 12 91 66 -1
 75 10 62 22 -1 19 10  7 76 65 28 97 11 14 15 -1 64 78 -1 69 19 79 33 24
 65 -1 -1 -1 12 10 85 -1 69 -1 -1 96 62 -1 82 93 -1 -1 -1 46 87 -1 53 -1
 17 11 -1 19 95 41 46 57 72 -1 13 23 -1 -1 85 -1 71 96  9 44 71 99 88 36
 76 -1 41 32]
[0 1 0 0 1 1 1 1 1 0 1 0 0 1 1 1 1 1 1 0 1 1 0 0 0 1 1 0 1 1 1 1 1 0 0 1 0
 1 0 0 1 0 0 0 1 0 0 0 1 0 0 1 0 1 0 1 0 0 1 1 0 0 1 1 0 1 1 1 0 1 0 0 1 1
 0 0 0 1 0 0 0 1 0 0 1 1 0 0 0 1 1 0 0 0 0 0 0 0 1 0]
[2 3 0 0 0 3 1 3 4 0 0 0 3 4 2 4 0 1 1 0 0 0 2 3 1 2 0 3 0 0 0 0 0 4 0 0 3
 0 0 0 3 1 0 0 3 4 4 2 1 0 0 0 4 4 0 2 2 4 3 2 3 2 0 1 0 2 1 0 0 1 0 3 3 0
 0 1 0 4 2 0 0 3 0 0 0 4 4 2 0 0 0 0 0 0 0 2 0 1 1 1]
[2 3 0 0 0 3 1 3 4 0 0 0 3 4 2 4 0 1 1 0 0 0 2 3 1 2 0 3 0 0 0 0 0 4 0 0 3
 0 0 0 3 1 0 0 3 4 4 2 1 0 0 0 4 4 0 2 2 4 3 2 3 2 0 1 0 2 1 0 0 1 0 3 3 0
 0 1 0 4 2 0 0 3 0 0 0 4 4 2 0 0 0 0 0 0 0 2 0 1 1 1]
[6 1 6 6 5 2 9 2 3 1 7 4 6 1 6 4 1 7 8 2 2 1 7 7 1 5 5 6 2 3 5 4 9 8 6 3 9
 6 7 6 6 2 3 1 9 9 6 8 5 9 7 8 9 9 7 3 1 1 1 2 5 6 8 5 8 5 7 4 5 6 3 4 5 5
 4 7 2 3 3 5 1 7 3 8 5 9 8 7 3 5 7 9 1 7 7 3 5 3 8 6]
[6 1 6 6 5 2 9 2 3 1 7 4 6 1 6 4 1 7 8 2 2 1 7 7 1 5 5 6 2 3 5 4 9 8 6 3 9
 6 7 6 6 2 3 1 9 9 6 8 5 9 7 8 9 9 7 3 1 1 1 2 5 6 8 5 8 5 7 4 5 6 3 4 5 5
 4 7 2 3 3 5 1 7 3 8 5 9 8 7 3 5 7 9 1 7 7 3 5 3 8 6]
[14, 50, 16, 50, 30, 11, 50, 17, 19, 50, 50, 40, 50, 15, 50, 43, 48, 50, 27, 46, 50, 50, 50, 30, 18, 50, 42, 50, 49, 31, 44, 42, 11, 41, 50, 50, 50, 40, 17, 50, 50, 28, 50, 45, 50, 33, 10, 50, 50, 50, 50, 37, 22, 50, 47, 42, 28, 50, 50, 50, 50, 50, 39, 36, 17, 50, 25, 50, 50, 50, 50, 50, 37, 49, 18, 15, 27, 50, 50, 50, 36, 42, 50, 50, 16, 42, 50, 41, 50, 50, 34, 40, 50, 48, 16, 26, 50, 46, 17, 50]
[0 0 0 0 0 0 0 0 0 0 0 0 0 0 0 0 0 0 0 0 0 0 0 0 0 0 0 0 0 0 0 0 0 0 0 0 0
 0 0 0 0 0 0 0 0 0 0 0 0 0 0 0 0 0 0 0 0 0 0 0 0 0 0 0 0 0 0 0 0 0 0 0 0 0
 0 0 0 0 0 0 0 0 0 0 0 0 0 0 0 0 0 0 0 0 0 0 0 0 0 0]
[1 1 1 1 1 1 1 1 1 1 1 1 1 1 1 1 1 1 1 1 1 1 1 1 1 1 1 1 1 1 1 1 1 1 1 1 1
 1 1 1 1 1 1 1 1 1 1 1 1 1 1 1 1 1 1 1 1 1 1 1 1 1 1 1 1 1 1 1 1 1 1 1 1 1
 1 1 1 1 1 1 1 1 1 1 1 1 1 1 1 1 1 1 1 1 1 1 1 1 1 1]
