[ 0  1  2  3  4  5  6  7  8  9 10 11 12 13 14 15 16 17 18 19 20 21 22 23
 24 25 26 27 28 29 30 31 32 33 34 35 36 37 38 39 40 41 42 43 44 45 46 47
 48 49 50 51 52 53 54 55 56 57 58 59 60 61 62 63 64 65 66 67 68 69 70 71
 72 73 74 75 76 77 78 79 80 81 82 83 84 85 86 87 88 89 90 91 92 93 94 95
 96 97 98 99]
[74 47 60 55 -1 20 -1 56 -1 41 33 -1 51 -1 -1 -1 -1 -1 52 36 -1 -1 40 80
 41 72 -1 64 17 53 -1 40 27 94 89 58 -1 -1 -1 95 -1 -1 95 98 27 27 38 33
 97 -1 62 81 13 -1 -1 89  9 -1 76  3 -1 -1 82 94 -1 93 73 48 -1 67 -1 78
 63 16 41 -1 -1 -1 -1 66 21 67 56  9 -1 53 97 -1 -1 78 31 19 61  2 68 67
  0 62 13 39]
[0 0 0 1 1 1 0 1 0 0 0 0 1 0 1 0 1 0 1 1 0 0 0 0 1 0 1 0 0 0 1 0 0 0 1 1 0
 0 0 1 0 0 1 0 1 0 0 1 0 0 1 0 1 1 0 0 0 0 0 1 0 0 0 0 1 0 1 0 1 1 0 0 0 1
 0 0 0 1 1 1 0 1 0 0 1 0 0 0 0 0 0 0 1 0 0 1 1 1 0 0]
[0 0 0 3 4 2 0 0 0 1 2 0 0 4 0 0 0 0 0 3 0 3 0 3 1 2 3 2 0 1 2 2 0 0 0 2 3
 3 4 1 0 0 3 0 1 2 4 0 1 4 0 3 0 4 0 3 2 0 0 1 0 1 2 2 2 3 0 0 4 0 0 4 1 0
 1 0 0 0 1 3 4 3 0 0 0 0 0 0 4 0 0 0 2 1 0 1 0 0 0 0]
[0 0 0 3 4 2 0 0 0 1 2 0 0 4 0 0 0 0 0 3 0 3 0 3 1 2 3 2 0 1 2 2 0 0 0 2 3
 3 4 1 0 0 3 0 1 2 4 0 1 4 0 3 0 4 0 3 2 0 0 1 0 1 2 2 2 3 0 0 4 0 0 4 1 0
 1 0 0 0 1 3 4 3 0 0 0 0 0 0 4 0 0 0 2 1 0 1 0 0 0 0]
[9 6 7 4 8 1 4 4 8 5 4 4 5 1 1 5 5 8 4 5 5 3 5 5 4 1 2 9 3 8 7 1 6 1 1 8 9
 1 8 9 1 4 4 3 8 1 4 4 1 8 8 6 4 5 2 2 7 1 5 7 2 6 1 1 9 5 3 9 4 3 6 6 1 7
 7 3 3 7 5 1 8 8 4 5 5 9 4 4 2 9 9 9 6 8 4 3 6 8 2 3]
[9 6 7 4 8 1 4 4 8 5 4 4 5 1 1 5 5 8 4 5 5 3 5 5 4 1 2 9 3 8 7 1 6 1 1 8 9
 1 8 9 1 4 4 3 8 1 4 4 1 8 8 6 4 5 2 2 7 1 5 7 2 6 1 1 9 5 3 9 4 3 6 6 1 7
 7 3 3 7 5 1 8 8 4 5 5 9 4 4 2 9 9 9 6 8 4 3 6 8 2 3]
[26, 50, 50, 50, 50, 50, 19, 27, 33, 12, 50, 50, 50, 50, 33, 44, 38, 14, 50, 50, 50, 50, 16, 50, 32, 50, 18, 35, 36, 50, 50, 50, 21, 50, 45, 50, 28, 15, 50, 37, 50, 50, 50, 50, 50, 37, 50, 50, 13, 50, 14, 19, 37, 50, 50, 48, 50, 16, 50, 50, 40, 50, 50, 50, 50, 38, 50, 50, 50, 33, 50, 26, 14, 50, 45, 49, 26, 47, 11, 11, 50, 50, 45, 12, 50, 19, 29, 10, 50, 23, 50, 24, 50, 50, 50, 50, 35, 50, 50, 50]
[0 0 0 0 0 0 0 0 0 0 0 0 0 0 0 0 0 0 0 0 0 0 0 0 0 0 0 0 0 0 0 0 0 0 0 0 0
 0 0 0 0 0 0 0 0 0 0 0 0 0 0 0 0 0 0 0 0 0 0 0 0 0 0 0 0 0 0 0 0 0 0 0 0 0
 0 0 0 0 0 0 0 0 0 0 0 0 0 0 0 0 0 0 0 0 0 0 0 0 0 0]
[1 1 1 1 1 1 1 1 1 1 1 1 1 1 1 1 1 1 1 1 1 1 1 1 1 1 1 1 1 1 1 1 1 1 1 1 1
 1 1 1 1 1 1 1 1 1 1 1 1 1 1 1 1 1 1 1 1 1 1 1 1 1 1 1 1 1 1 1 1 1 1 1 1 1
 1 1 1 1 1 1 1 1 1 1 1 1 1 1 1 1 1 1 1 1 1 1 1 1 1 1]
