[ 0  1  2  3  4  5  6  7  8  9 10 11 12 13 14 15 16 17 18 19 20 21 22 23
 24 25 26 27 28 29 30 31 32 33 34 35 36 37 38 39 40 41 42 43 44 45 46 47
 48 49 50 51 52 53 54 55 56 57 58 59 60 61 62 63 64 65 66 67 68 69 70 71
 72 73 74 75 76 77 78 79 80 81 82 83 84 85 86 87 88 89 90 91 92 93 94 95
 96 97 98 99]
[-1  5 34 -1 -1 12 -1 88 -1 -1 42 82 92 45 34 58 21 89 40  9 41 61  2 50
 88 -1 -1 38 60 -1 84 88 -1 51 -1 21 61 -1 88 20 -1 60 43 90 32 64 -1 29
 25 -1 -1 32 48  9 -1 -1 -1 -1 11 33 56 -1 14 45 19 58 -1 -1 63 94 24 56
  5 -1 79 -1 -1 71 50 -1 -1 -1 -1 -1 24 70 59 62 74 48 17 -1 -1 69 -1 28
 -1 30 76 -1]
[1 1 0 1 0 1 0 1 1 0 0 1 0 1 0 0 0 0 1 1 0 1 0 0 0 0 1 1 0 0 0 0 0 0 1 0 1
 0 0 0 1 1 0 1 0 1 0 0 0 0 0 1 1 1 0 1 0 1 1 1 0 0 1 1 0 1 1 1 0 1 1 1 0 0
 1 1 1 0 0 1 1 1 0 0 0 0 0 0 1 1 0 1 1 0 1 0 1 0 0 1]
[3 0 4 0 3 1 3 4 0 1 0 4 0 0 0 2 0 0 1 0 0 1 4 0 4 1 0 4 3 0 1 3 2 4 3 3 0
 0 0 0 4 0 3 0 0 1 0 4 1 3 1 0 0 1 3 1 4 3 0 2 0 1 0 0 0 1 3 2 4 3 0 0 4 2
 0 1 3 0 0 0 0 0 0 0 4 0 0 0 0 0 2 0 0 0 1 0 1 0 0 0]
[3 0 4 0 3 1 3 4 0 1 0 4 0 0 0 2 0 0 1 0 0 1 4 0 4 1 0 4 3 0 1 3 2 4 3 3 0
 0 0 0 4 0 3 0 0 1 0 4 1 3 1 0 0 1 3 1 4 3 0 2 0 1 0 0 0 1 3 2 4 3 0 0 4 2
 0 1 3 0 0 0 0 0 0 0 4 0 0 0 0 0 2 0 0 0 1 0 1 0 0 0]
[4 6 5 3 2 8 9 7 8 9 9 5 6 8 2 3 1 8 6 9 1 1 3 4 4 9 1 9 3 8 5 4 7 8 8 6 8
 1 1 8 5 5 2 6 6 8 2 4 7 3 6 1 6 7 3 8 3 7 8 3 2 1 7 4 6 2 2 9 6 9 8 9 9 9
 1 1 4 3 3 2 1 2 3 8 5 5 7 2 3 5 2 2 4 3 5 1 4 6 4 7]
[4 6 5 3 2 8 9 7 8 9 9 5 6 8 2 3 1 8 6 9 1 1 3 4 4 9 1 9 3 8 5 4 7 8 8 6 8
 1 1 8 5 5 2 6 6 8 2 4 7 3 6 1 6 7 3 8 3 7 8 3 2 1 7 4 6 2 2 9 6 9 8 9 9 9
 1 1 4 3 3 2 1 2 3 8 5 5 7 2 3 5 2 2 4 3 5 1 4 6 4 7]
[36, 50, 50, 36, 25, 12, 44, 50, 17, 22, 50, 50, 31, 50, 46, 50, 50, 50, 50, 50, 50, 50, 50, 50, 50, 14, 28, 50, 50, 20, 35, 30, 47, 36, 50, 47, 20, 40, 12, 19, 50, 50, 50, 47, 50, 33, 22, 50, 28, 50, 38, 26, 21, 50, 50, 14, 32, 34, 50, 37, 50, 50, 50, 31, 18, 50, 50, 15, 45, 50, 50, 50, 50, 50, 33, 25, 15, 50, 17, 50, 50, 50, 17, 38, 50, 50, 39, 50, 35, 20, 41, 50, 50, 50, 38, 50, 27, 47, 50, 50]
[0 0 0 0 0 0 0 0 0 0 0 0 0 0 0 0 0 0 0 0 0 0 0 0 0 0 0 0 0 0 0 0 0 0 0 0 0
 0 0 0 0 0 0 0 0 0 0 0 0 0 0 0 0 0 0 0 0 0 0 0 0 0 0 0 0 0 0 0 0 0 0 0 0 0
 0 0 0 0 0 0 0 0 0 0 0 0 0 0 0 0 0 0 0 0 0 0 0 0 0 0]
[1 1 1 1 1 1 1 1 1 1 1 1 1 1 1 1 1 1 1 1 1 1 1 1 1 1 1 1 1 1 1 1 1 1 1 1 1
 1 1 1 1 1 1 1 1 1 1 1 1 1 1 1 1 1 1 1 1 1 1 1 1 1 1 1 1 1 1 1 1 1 1 1 1 1
 1 1 1 1 1 1 1 1 1 1 1 1 1 1 1 1 1 1 1 1 1 1 1 1 1 1]
