[ 0  1  2  3  4  5  6  7  8  9 10 11 12 13 14 15 16 17 18 19 20 21 22 23
 24 25 26 27 28 29 30 31 32 33 34 35 36 37 38 39 40 41 42 43 44 45 46 47
 48 49 50 51 52 53 54 55 56 57 58 59 60 61 62 63 64 65 66 67 68 69 70 71
 72 73 74 75 76 77 78 79 80 81 82 83 84 85 86 87 88 89 90 91 92 93 94 95
 96 97 98 99]
[60 53 62 -1 97 -1 92 -1 -1 72 -1 29 -1  8 -1 72 49 50 -1 -1 64 -1 -1 77
 31 28 -1 -1 29 95 -1 72 -1 76 -1 33 72 -1 14 -1 -1 77 83 29 78 84  1 46
 -1 72 37  6 -1 28 -1 -1 49 63 -1 -1 -1 77 -1 90 53 56 -1 70 -1 59  0 45
 70 65 -1 -1 -1 31 -1 -1 61 -1 85 81 -1 -1 -1  6 17 21 71 58 -1 86 -1 49
 -1 73  1 61]
[0 0 0 1 1 1 1 1 1 0 0 0 0 1 1 1 1 1 1 0 0 0 0 1 1 1 1 1 0 0 0 1 0 1 1 1 0
 0 1 1 0 1 0 0 0 0 1 1 0 0 1 0 0 0 0 0 0 1 1 1 0 1 0 1 0 0 1 0 0 0 0 0 1 0
 1 0 0 0 1 1 0 0 1 0 0 1 0 1 1 1 0 1 1 1 1 0 1 1 0 1]
[0 2 2 3 0 2 3 3 0 0 0 4 0 4 3 3 0 1 0 3 0 0 0 0 0 3 0 0 4 1 3 0 4 0 4 0 0
 4 4 2 1 0 1 0 0 3 4 0 0 0 0 2 1 1 0 2 4 4 1 0 0 0 3 2 3 1 0 0 0 1 0 0 0 0
 4 4 0 0 3 0 0 3 1 4 0 2 4 0 1 0 0 1 4 0 0 0 0 0 2 4]
[0 2 2 3 0 2 3 3 0 0 0 4 0 4 3 3 0 1 0 3 0 0 0 0 0 3 0 0 4 1 3 0 4 0 4 0 0
 4 4 2 1 0 1 0 0 3 4 0 0 0 0 2 1 1 0 2 4 4 1 0 0 0 3 2 3 1 0 0 0 1 0 0 0 0
 4 4 0 0 3 0 0 3 1 4 0 2 4 0 1 0 0 1 4 0 0 0 0 0 2 4]
[6 9 8 9 8 7 8 4 6 6 9 4 2 8 5 5 4 9 2 1 5 7 7 4 4 7 6 5 8 2 3 6 9 8 8 2 5
 2 8 9 6 2 8 2 6 4 6 6 6 4 7 9 2 6 3 2 8 2 9 5 5 5 8 8 9 1 6 8 2 2 1 6 1 3
 8 5 6 8 3 5 6 3 3 9 5 1 2 8 9 3 8 7 8 3 8 1 4 2 2 9]
[6 9 8 9 8 7 8 4 6 6 9 4 2 8 5 5 4 9 2 1 5 7 7 4 4 7 6 5 8 2 3 6 9 8 8 2 5
 2 8 9 6 2 8 2 6 4 6 6 6 4 7 9 2 6 3 2 8 2 9 5 5 5 8 8 9 1 6 8 2 2 1 6 1 3
 8 5 6 8 3 5 6 3 3 9 5 1 2 8 9 3 8 7 8 3 8 1 4 2 2 9]
[50, 50, 50, 39, 49, 33, 30, 20, 21, 50, 50, 49, 41, 45, 47, 50, 38, 50, 49, 50, 39, 50, 42, 50, 46, 33, 50, 50, 50, 30, 35, 50, 14, 50, 28, 50, 45, 16, 50, 27, 21, 49, 31, 50, 50, 50, 23, 39, 50, 45, 43, 47, 19, 50, 18, 21, 41, 32, 50, 19, 39, 50, 50, 50, 43, 15, 50, 50, 50, 50, 43, 50, 26, 16, 50, 15, 49, 50, 50, 47, 34, 40, 12, 50, 34, 26, 48, 12, 50, 50, 16, 43, 42, 50, 50, 31, 37, 50, 50, 18]
[0 0 0 0 0 0 0 0 0 0 0 0 0 0 0 0 0 0 0 0 0 0 0 0 0 0 0 0 0 0 0 0 0 0 0 0 0
 0 0 0 0 0 0 0 0 0 0 0 0 0 0 0 0 0 0 0 0 0 0 0 0 0 0 0 0 0 0 0 0 0 0 0 0 0
 0 0 0 0 0 0 0 0 0 0 0 0 0 0 0 0 0 0 0 0 0 0 0 0 0 0]
[1 1 1 1 1 1 1 1 1 1 1 1 1 1 1 1 1 1 1 1 1 1 1 1 1 1 1 1 1 1 1 1 1 1 1 1 1
 1 1 1 1 1 1 1 1 1 1 1 1 1 1 1 1 1 1 1 1 1 1 1 1 1 1 1 1 1 1 1 1 1 1 1 1 1
 1 1 1 1 1 1 1 1 1 1 1 1 1 1 1 1 1 1 1 1 1 1 1 1 1 1]
