[ 0  1  2  3  4  5  6  7  8  9 10 11 12 13 14 15 16 17 18 19 20 21 22 23
 24 25 26 27 28 29 30 31 32 33 34 35 36 37 38 39 40 41 42 43 44 45 46 47
 48 49 50 51 52 53 54 55 56 57 58 59 60 61 62 63 64 65 66 67 68 69 70 71
 72 73 74 75 76 77 78 79 80 81 82 83 84 85 86 87 88 89 90 91 92 93 94 95
 96 97 98 99]
[90 32 61 -1 78 90 77 89 59 -1 -1 -1 87 62 60 65 -1 21 -1 74  0 12 -1 -1
  8 -1 -1 47 -1 -1 19 17 67 64 93 -1  4 84 34 96 71 14  4  7 -1 83 24 -1
 71 18 83 36 87 21 69 40 89 -1 29 -1 62 69 87 77 -1 77 37 94 49 -1 13 -1
 54 39 67 -1 67 -1 41 14 13 22 60 88 -1 -1 -1 -1 -1 35 23 39 -1 -1 -1 -1
 -1 81 -1 95]
[1 0 0 0 0 0 1 1 1 1 1 1 0 0 0 1 0 0 1 0 1 0 1 1 1 0 0 0 0 0 0 0 0 1 1 0 0
 0 0 1 0 0 0 1 0 1 0 1 0 1 1 1 1 1 0 1 0 1 0 1 1 0 0 1 0 0 1 1 1 1 0 0 0 1
 0 1 1 1 0 1 1 1 1 0 1 0 0 1 0 1 0 1 1 0 1 0 1 0 1 0]
[0 0 3 0 0 3 0 1 0 0 4 2 0 2 2 4 2 4 0 1 0 0 0 0 0 0 3 2 3 0 0 0 4 0 2 0 2
 0 4 0 0 0 0 2 2 0 4 2 2 0 2 1 4 1 3 1 0 2 0 0 0 0 4 0 0 0 0 2 0 0 3 0 0 4
 2 2 1 0 0 1 1 0 3 0 4 0 0 1 0 1 3 4 0 0 4 4 4 0 4 0]
[0 0 3 0 0 3 0 1 0 0 4 2 0 2 2 4 2 4 0 1 0 0 0 0 0 0 3 2 3 0 0 0 4 0 2 0 2
 0 4 0 0 0 0 2 2 0 4 2 2 0 2 1 4 1 3 1 0 2 0 0 0 0 4 0 0 0 0 2 0 0 3 0 0 4
 2 2 1 0 0 1 1 0 3 0 4 0 0 1 0 1 3 4 0 0 4 4 4 0 4 0]
[4 5 8 8 8 4 1 3 1 2 6 5 7 5 9 6 6 7 2 6 4 6 5 1 9 7 6 3 6 1 8 6 6 6 8 7 2
 2 9 6 7 9 1 1 3 6 9 5 1 8 3 6 5 5 5 9 3 5 6 3 3 6 9 3 2 5 1 5 9 2 1 1 8 5
 4 8 9 6 9 2 1 5 1 5 7 8 8 8 9 1 6 4 4 4 9 5 7 4 6 8]
[4 5 8 8 8 4 1 3 1 2 6 5 7 5 9 6 6 7 2 6 4 6 5 1 9 7 6 3 6 1 8 6 6 6 8 7 2
 2 9 6 7 9 1 1 3 6 9 5 1 8 3 6 5 5 5 9 3 5 6 3 3 6 9 3 2 5 1 5 9 2 1 1 8 5
 4 8 9 6 9 2 1 5 1 5 7 8 8 8 9 1 6 4 4 4 9 5 7 4 6 8]
[50, 21, 50, 42, 50, 50, 27, 28, 38, 34, 12, 50, 50, 50, 11, 50, 50, 11, 18, 50, 50, 50, 11, 39, 47, 50, 43, 50, 50, 19, 50, 50, 16, 50, 28, 38, 50, 45, 14, 50, 50, 17, 45, 20, 50, 50, 50, 50, 50, 30, 50, 37, 50, 20, 34, 50, 36, 16, 50, 46, 50, 50, 50, 50, 14, 50, 50, 50, 12, 50, 46, 50, 12, 50, 50, 23, 50, 42, 37, 50, 40, 50, 13, 50, 50, 30, 50, 19, 50, 21, 50, 14, 50, 50, 50, 46, 50, 50, 50, 38]
[0 0 0 0 0 0 0 0 0 0 0 0 0 0 0 0 0 0 0 0 0 0 0 0 0 0 0 0 0 0 0 0 0 0 0 0 0
 0 0 0 0 0 0 0 0 0 0 0 0 0 0 0 0 0 0 0 0 0 0 0 0 0 0 0 0 0 0 0 0 0 0 0 0 0
 0 0 0 0 0 0 0 0 0 0 0 0 0 0 0 0 0 0 0 0 0 0 0 0 0 0]
[1 1 1 1 1 1 1 1 1 1 1 1 1 1 1 1 1 1 1 1 1 1 1 1 1 1 1 1 1 1 1 1 1 1 1 1 1
 1 1 1 1 1 1 1 1 1 1 1 1 1 1 1 1 1 1 1 1 1 1 1 1 1 1 1 1 1 1 1 1 1 1 1 1 1
 1 1 1 1 1 1 1 1 1 1 1 1 1 1 1 1 1 1 1 1 1 1 1 1 1 1]
