[ 0  1  2  3  4  5  6  7  8  9 10 11 12 13 14 15 16 17 18 19 20 21 22 23
 24 25 26 27 28 29 30 31 32 33 34 35 36 37 38 39 40 41 42 43 44 45 46 47
 48 49 50 51 52 53 54 55 56 57 58 59 60 61 62 63 64 65 66 67 68 69 70 71
 72 73 74 75 76 77 78 79 80 81 82 83 84 85 86 87 88 89 90 91 92 93 94 95
 96 97 98 99]
[-1 96 -1 52 -1 81 34 19 87 16 67 44 -1 -1 -1 90 34 74  3 47 44 77 12 68
 -1 68 10 -1 86 13 94 34 -1 58 53 46  5 83 -1 -1 -1 -1 50 83 66 -1 -1  2
 34 87 55  3  1 -1 -1 -1 -1 20 -1 11 -1 18 28 -1  3 -1 65 16 41 49 60 91
 33 -1 -1 90 44 53 -1 51 91 -1 28 15 -1 16 -1 27 -1  8 16 82 -1 -1 86 98
 -1 -1 18 56]
[0 1 0 0 1 0 1 1 1 1 1 1 0 0 1 0 1 1 0 1 0 1 0 0 1 1 0 1 0 0 1 0 1 0 0 0 1
 1 0 1 0 0 1 0 1 1 0 0 0 1 1 0 1 1 0 1 0 1 0 1 0 1 0 0 1 1 1 0 1 0 0 1 0 0
 1 0 1 1 0 1 1 1 1 1 0 0 0 0 1 1 1 0 0 1 0 1 1 1 1 1]
[0 4 0 0 0 0 3 0 0 0 0 2 3 1 0 3 0 0 0 0 0 0 0 3 4 0 0 1 3 0 4 0 0 0 0 0 1
 3 3 0 0 4 3 0 2 0 0 3 0 0 0 0 1 0 2 0 3 0 2 3 4 1 0 4 1 2 4 2 2 0 1 0 1 2
 0 0 0 4 4 2 0 2 0 0 0 1 0 0 0 1 0 4 4 0 2 2 2 0 3 3]
[0 4 0 0 0 0 3 0 0 0 0 2 3 1 0 3 0 0 0 0 0 0 0 3 4 0 0 1 3 0 4 0 0 0 0 0 1
 3 3 0 0 4 3 0 2 0 0 3 0 0 0 0 1 0 2 0 3 0 2 3 4 1 0 4 1 2 4 2 2 0 1 0 1 2
 0 0 0 4 4 2 0 2 0 0 0 1 0 0 0 1 0 4 4 0 2 2 2 0 3 3]
[6 8 6 3 4 8 3 1 6 4 3 5 9 7 9 4 9 8 6 6 2 3 6 3 2 5 6 4 5 1 1 5 9 1 7 7 5
 6 9 7 4 7 2 8 2 2 6 8 8 2 1 3 8 5 8 4 4 7 2 8 7 9 7 8 2 2 1 4 2 8 5 1 3 5
 1 5 4 6 2 8 4 2 9 7 1 6 3 1 5 8 8 7 4 3 2 4 4 6 5 6]
[6 8 6 3 4 8 3 1 6 4 3 5 9 7 9 4 9 8 6 6 2 3 6 3 2 5 6 4 5 1 1 5 9 1 7 7 5
 6 9 7 4 7 2 8 2 2 6 8 8 2 1 3 8 5 8 4 4 7 2 8 7 9 7 8 2 2 1 4 2 8 5 1 3 5
 1 5 4 6 2 8 4 2 9 7 1 6 3 1 5 8 8 7 4 3 2 4 4 6 5 6]
[50, 50, 23, 30, 46, 22, 50, 50, 50, 50, 31, 29, 50, 38, 50, 50, 50, 13, 45, 16, 42, 44, 35, 29, 50, 50, 23, 50, 50, 44, 29, 50, 50, 50, 50, 50, 11, 50, 50, 33, 50, 44, 50, 27, 50, 50, 42, 45, 20, 50, 41, 50, 50, 50, 40, 12, 50, 50, 14, 50, 24, 18, 50, 12, 50, 50, 11, 50, 50, 17, 32, 29, 50, 50, 50, 43, 35, 50, 50, 30, 50, 50, 50, 50, 19, 50, 50, 35, 18, 15, 37, 17, 14, 50, 26, 50, 50, 50, 50, 50]
[0 0 0 0 0 0 0 0 0 0 0 0 0 0 0 0 0 0 0 0 0 0 0 0 0 0 0 0 0 0 0 0 0 0 0 0 0
 0 0 0 0 0 0 0 0 0 0 0 0 0 0 0 0 0 0 0 0 0 0 0 0 0 0 0 0 0 0 0 0 0 0 0 0 0
 0 0 0 0 0 0 0 0 0 0 0 0 0 0 0 0 0 0 0 0 0 0 0 0 0 0]
[1 1 1 1 1 1 1 1 1 1 1 1 1 1 1 1 1 1 1 1 1 1 1 1 1 1 1 1 1 1 1 1 1 1 1 1 1
 1 1 1 1 1 1 1 1 1 1 1 1 1 1 1 1 1 1 1 1 1 1 1 1 1 1 1 1 1 1 1 1 1 1 1 1 1
 1 1 1 1 1 1 1 1 1 1 1 1 1 1 1 1 1 1 1 1 1 1 1 1 1 1]
