[ 0  1  2  3  4  5  6  7  8  9 10 11 12 13 14 15 16 17 18 19 20 21 22 23
 24 25 26 27 28 29 30 31 32 33 34 35 36 37 38 39 40 41 42 43 44 45 46 47
 48 49 50 51 52 53 54 55 56 57 58 59 60 61 62 63 64 65 66 67 68 69 70 71
 72 73 74 75 76 77 78 79 80 81 82 83 84 85 86 87 88 89 90 91 92 93 94 95
 96 97 98 99]
[35 -1 -1 -1 18 78 86 -1 -1 -1  0 -1 95 69 25 97 -1  3 19 -1 -1 -1 -1 -1
 -1 83 -1  5 17 -1 43 78 -1 -1 -1 -1 23 71 -1  9 67 37 84 -1 27 63 99 93
 34 24 -1 -1 -1 -1 -1 82 11 20 31 66 -1 -1 75 -1 65  9 93 99 53 -1 -1 99
 33 58 -1 32 13 97 35 -1 -1  5 73 49 25  5 69 -1 48 -1 20 15 -1 38 80 19
 88 95 45 -1]
[1 0 0 1 1 0 0 0 1 0 1 1 0 1 1 0 1 0 1 1 0 0 1 0 0 1 1 1 0 1 1 1 1 0 0 0 0
 1 1 0 0 1 1 0 0 1 1 0 0 1 1 1 1 0 1 0 0 0 1 1 0 0 0 1 0 1 0 1 1 0 0 1 1 1
 0 0 0 0 1 1 0 0 0 1 0 1 1 1 0 1 1 0 0 0 1 0 0 1 1 0]
[3 3 0 4 3 2 1 0 3 1 0 0 2 3 0 2 0 3 3 3 0 2 4 0 3 0 0 0 3 4 0 0 0 0 0 2 0
 0 3 0 1 0 4 0 1 0 0 4 4 0 2 3 0 1 2 4 0 4 0 0 0 0 3 0 0 4 0 1 0 0 1 0 0 0
 0 4 1 2 2 0 0 0 0 4 0 2 4 1 0 0 4 0 0 0 3 0 0 2 4 1]
[3 3 0 4 3 2 1 0 3 1 0 0 2 3 0 2 0 3 3 3 0 2 4 0 3 0 0 0 3 4 0 0 0 0 0 2 0
 0 3 0 1 0 4 0 1 0 0 4 4 0 2 3 0 1 2 4 0 4 0 0 0 0 3 0 0 4 0 1 0 0 1 0 0 0
 0 4 1 2 2 0 0 0 0 4 0 2 4 1 0 0 4 0 0 0 3 0 0 2 4 1]
[8 3 4 5 7 1 2 6 1 6 3 5 2 7 3 6 2 6 7 6 7 2 8 9 9 8 4 1 2 6 2 5 9 1 1 6 5
 1 9 4 2 2 3 4 5 5 9 6 9 3 9 5 5 1 7 1 7 6 4 5 6 7 8 4 6 2 7 7 9 6 5 7 9 9
 8 7 1 8 5 1 3 8 4 8 3 5 9 1 9 7 2 2 5 3 5 4 8 4 8 6]
[8 3 4 5 7 1 2 6 1 6 3 5 2 7 3 6 2 6 7 6 7 2 8 9 9 8 4 1 2 6 2 5 9 1 1 6 5
 1 9 4 2 2 3 4 5 5 9 6 9 3 9 5 5 1 7 1 7 6 4 5 6 7 8 4 6 2 7 7 9 6 5 7 9 9
 8 7 1 8 5 1 3 8 4 8 3 5 9 1 9 7 2 2 5 3 5 4 8 4 8 6]
[42, 50, 50, 50, 19, 50, 50, 50, 50, 50, 50, 41, 42, 50, 44, 50, 50, 14, 50, 32, 19, 50, 38, 43, 44, 50, 50, 50, 41, 37, 37, 39, 50, 50, 25, 31, 50, 31, 14, 25, 50, 50, 10, 50, 45, 50, 50, 33, 50, 14, 44, 46, 35, 41, 32, 35, 46, 20, 50, 10, 26, 50, 50, 20, 50, 33, 50, 50, 50, 31, 20, 50, 43, 50, 46, 50, 49, 37, 26, 44, 46, 50, 31, 22, 11, 23, 50, 50, 50, 41, 30, 48, 40, 50, 50, 50, 36, 14, 14, 50]
[0 0 0 0 0 0 0 0 0 0 0 0 0 0 0 0 0 0 0 0 0 0 0 0 0 0 0 0 0 0 0 0 0 0 0 0 0
 0 0 0 0 0 0 0 0 0 0 0 0 0 0 0 0 0 0 0 0 0 0 0 0 0 0 0 0 0 0 0 0 0 0 0 0 0
 0 0 0 0 0 0 0 0 0 0 0 0 0 0 0 0 0 0 0 0 0 0 0 0 0 0]
[1 1 1 1 1 1 1 1 1 1 1 1 1 1 1 1 1 1 1 1 1 1 1 1 1 1 1 1 1 1 1 1 1 1 1 1 1
 1 1 1 1 1 1 1 1 1 1 1 1 1 1 1 1 1 1 1 1 1 1 1 1 1 1 1 1 1 1 1 1 1 1 1 1 1
 1 1 1 1 1 1 1 1 1 1 1 1 1 1 1 1 1 1 1 1 1 1 1 1 1 1]
