[ 0  1  2  3  4  5  6  7  8  9 10 11 12 13 14 15 16 17 18 19 20 21 22 23
 24 25 26 27 28 29 30 31 32 33 34 35 36 37 38 39 40 41 42 43 44 45 46 47
 48 49 50 51 52 53 54 55 56 57 58 59 60 61 62 63 64 65 66 67 68 69 70 71
 72 73 74 75 76 77 78 79 80 81 82 83 84 85 86 87 88 89 90 91 92 93 94 95
 96 97 98 99]
[73 -1 12 54 -1 -1 -1 82 -1 67 63 -1 83 47 54 -1 61 53 47 -1 -1 67 -1 -1
 81  0 -1 -1 21 23 33  0 52 83 87 52 57 49 -1 45 16 77 -1 -1 88 13  7 81
 -1  5 -1  5  6 69 -1 89 -1 -1 -1 67 98 39 12 -1 44 19 -1 90 13 96 -1 85
 56 67 -1 26 93 -1 -1 58 87 -1 16 -1 93 23 10 -1  8 62 -1 32 59 49 -1 17
 58 -1 -1 -1]
[0 1 1 1 1 1 0 1 0 0 0 0 1 1 1 1 1 0 0 0 0 0 0 1 1 0 1 0 0 0 1 0 0 0 1 0 1
 0 0 0 0 0 1 1 0 1 0 0 0 0 0 0 0 0 0 0 0 0 0 0 0 0 1 0 1 0 1 1 1 1 1 0 0 1
 1 1 1 1 1 0 0 0 1 0 1 1 1 0 0 1 1 1 0 1 1 1 1 1 1 0]
[0 4 3 0 1 1 0 2 2 2 3 1 0 4 2 0 4 0 2 0 4 0 3 0 0 4 0 0 0 2 3 0 0 0 1 2 0
 2 0 2 0 2 0 0 3 4 0 0 0 0 2 1 0 2 0 2 2 0 0 3 0 1 0 0 3 2 3 4 4 0 3 0 0 1
 1 3 3 4 1 0 3 0 0 3 2 2 3 0 2 3 0 0 0 0 0 0 0 0 0 0]
[0 4 3 0 1 1 0 2 2 2 3 1 0 4 2 0 4 0 2 0 4 0 3 0 0 4 0 0 0 2 3 0 0 0 1 2 0
 2 0 2 0 2 0 0 3 4 0 0 0 0 2 1 0 2 0 2 2 0 0 3 0 1 0 0 3 2 3 4 4 0 3 0 0 1
 1 3 3 4 1 0 3 0 0 3 2 2 3 0 2 3 0 0 0 0 0 0 0 0 0 0]
[1 5 3 1 1 3 1 6 1 6 2 9 6 4 4 8 9 2 6 9 4 4 2 6 3 8 8 3 5 1 7 2 3 8 1 2 3
 5 1 2 4 8 4 4 5 5 5 5 3 8 8 9 5 4 1 7 6 7 5 2 8 8 4 4 6 4 2 3 1 3 3 2 8 6
 9 7 5 3 2 4 9 9 2 4 8 4 2 1 6 1 5 2 4 4 7 1 2 6 9 2]
[1 5 3 1 1 3 1 6 1 6 2 9 6 4 4 8 9 2 6 9 4 4 2 6 3 8 8 3 5 1 7 2 3 8 1 2 3
 5 1 2 4 8 4 4 5 5 5 5 3 8 8 9 5 4 1 7 6 7 5 2 8 8 4 4 6 4 2 3 1 3 3 2 8 6
 9 7 5 3 2 4 9 9 2 4 8 4 2 1 6 1 5 2 4 4 7 1 2 6 9 2]
[10, 50, 50, 50, 35, 50, 50, 50, 50, 18, 29, 27, 50, 50, 19, 36, 50, 50, 22, 50, 50, 23, 20, 33, 34, 50, 18, 23, 14, 44, 41, 40, 29, 50, 14, 32, 50, 50, 18, 15, 22, 20, 30, 50, 50, 24, 50, 50, 50, 30, 50, 50, 50, 31, 13, 50, 50, 50, 50, 29, 31, 50, 50, 43, 17, 50, 50, 50, 50, 50, 50, 50, 50, 50, 50, 50, 50, 41, 48, 49, 50, 42, 48, 50, 50, 50, 50, 45, 50, 27, 11, 50, 34, 18, 42, 22, 50, 50, 46, 43]
[0 0 0 0 0 0 0 0 0 0 0 0 0 0 0 0 0 0 0 0 0 0 0 0 0 0 0 0 0 0 0 0 0 0 0 0 0
 0 0 0 0 0 0 0 0 0 0 0 0 0 0 0 0 0 0 0 0 0 0 0 0 0 0 0 0 0 0 0 0 0 0 0 0 0
 0 0 0 0 0 0 0 0 0 0 0 0 0 0 0 0 0 0 0 0 0 0 0 0 0 0]
[1 1 1 1 1 1 1 1 1 1 1 1 1 1 1 1 1 1 1 1 1 1 1 1 1 1 1 1 1 1 1 1 1 1 1 1 1
 1 1 1 1 1 1 1 1 1 1 1 1 1 1 1 1 1 1 1 1 1 1 1 1 1 1 1 1 1 1 1 1 1 1 1 1 1
 1 1 1 1 1 1 1 1 1 1 1 1 1 1 1 1 1 1 1 1 1 1 1 1 1 1]
