[ 0  1  2  3  4  5  6  7  8  9 10 11 12 13 14 15 16 17 18 19 20 21 22 23
 24 25 26 27 28 29 30 31 32 33 34 35 36 37 38 39 40 41 42 43 44 45 46 47
 48 49 50 51 52 53 54 55 56 57 58 59 60 61 62 63 64 65 66 67 68 69 70 71
 72 73 74 75 76 77 78 79 80 81 82 83 84 85 86 87 88 89 90 91 92 93 94 95
 96 97 98 99]
[-1 54 -1 62 -1 32 -1 -1 37 -1 -1 -1  3  1 65 91 35 45 -1 70 49 15 -1 29
 46 78 22 68 53 79 68 90 65 -1 -1 59  4 35 -1 -1 96 -1 -1 -1 91 -1 -1 -1
 68 13 -1 -1  9 47 92 -1  2 44  9 75 -1 -1  0 97 -1 -1 -1 59 42 68 34 -1
 16 14 82 -1 88 -1 17  7 -1 -1 -1 -1 -1 -1 58 -1 -1 34 45 -1 38 15 30 99
 42 38 68  0]
[1 0 0 0 0 1 1 1 1 0 0 1 0 1 0 1 0 1 1 1 0 1 0 0 1 1 0 1 1 0 0 0 1 0 0 0 0
 0 0 0 0 0 1 0 0 1 0 0 0 0 0 1 1 1 0 1 1 1 1 0 0 1 0 0 1 1 0 1 1 0 0 0 1 0
 1 0 1 1 1 1 0 1 0 0 0 1 0 1 1 0 0 0 1 1 1 1 0 1 1 1]
[1 0 0 0 0 0 0 0 0 3 0 0 0 0 0 0 0 0 0 0 2 0 2 0 3 0 0 3 0 4 0 0 4 0 0 2 1
 3 0 2 0 3 3 0 0 2 4 1 4 4 2 2 0 0 0 1 3 2 0 0 0 4 0 1 0 0 4 0 3 0 0 2 0 0
 1 0 1 2 4 0 3 0 4 2 4 0 2 0 0 0 0 4 0 0 0 2 0 2 3 0]
[1 0 0 0 0 0 0 0 0 3 0 0 0 0 0 0 0 0 0 0 2 0 2 0 3 0 0 3 0 4 0 0 4 0 0 2 1
 3 0 2 0 3 3 0 0 2 4 1 4 4 2 2 0 0 0 1 3 2 0 0 0 4 0 1 0 0 4 0 3 0 0 2 0 0
 1 0 1 2 4 0 3 0 4 2 4 0 2 0 0 0 0 4 0 0 0 2 0 2 3 0]
[5 8 7 2 8 4 2 1 8 5 3 2 1 5 7 4 7 7 7 9 6 7 2 8 2 7 5 7 7 3 5 4 5 4 9 3 5
 1 7 4 7 1 4 2 9 1 2 5 5 7 1 9 6 9 6 6 6 9 5 9 8 9 8 9 7 3 1 3 2 1 3 4 8 9
 5 1 6 1 3 6 8 9 3 7 3 1 6 2 1 7 8 3 9 9 7 1 8 3 5 2]
[5 8 7 2 8 4 2 1 8 5 3 2 1 5 7 4 7 7 7 9 6 7 2 8 2 7 5 7 7 3 5 4 5 4 9 3 5
 1 7 4 7 1 4 2 9 1 2 5 5 7 1 9 6 9 6 6 6 9 5 9 8 9 8 9 7 3 1 3 2 1 3 4 8 9
 5 1 6 1 3 6 8 9 3 7 3 1 6 2 1 7 8 3 9 9 7 1 8 3 5 2]
[33, 50, 45, 50, 50, 50, 27, 50, 50, 50, 35, 50, 50, 50, 36, 50, 11, 50, 50, 50, 50, 19, 50, 50, 50, 50, 12, 32, 50, 45, 44, 50, 50, 50, 31, 20, 10, 40, 18, 50, 32, 44, 50, 20, 46, 27, 50, 50, 50, 50, 50, 10, 38, 33, 50, 17, 33, 50, 50, 50, 50, 50, 27, 50, 50, 50, 40, 19, 39, 35, 17, 50, 50, 50, 50, 50, 13, 21, 50, 26, 39, 50, 11, 50, 50, 17, 38, 50, 50, 50, 36, 20, 20, 50, 34, 42, 38, 50, 10, 50]
[0 0 0 0 0 0 0 0 0 0 0 0 0 0 0 0 0 0 0 0 0 0 0 0 0 0 0 0 0 0 0 0 0 0 0 0 0
 0 0 0 0 0 0 0 0 0 0 0 0 0 0 0 0 0 0 0 0 0 0 0 0 0 0 0 0 0 0 0 0 0 0 0 0 0
 0 0 0 0 0 0 0 0 0 0 0 0 0 0 0 0 0 0 0 0 0 0 0 0 0 0]
[1 1 1 1 1 1 1 1 1 1 1 1 1 1 1 1 1 1 1 1 1 1 1 1 1 1 1 1 1 1 1 1 1 1 1 1 1
 1 1 1 1 1 1 1 1 1 1 1 1 1 1 1 1 1 1 1 1 1 1 1 1 1 1 1 1 1 1 1 1 1 1 1 1 1
 1 1 1 1 1 1 1 1 1 1 1 1 1 1 1 1 1 1 1 1 1 1 1 1 1 1]
