[ 0  1  2  3  4  5  6  7  8  9 10 11 12 13 14 15 16 17 18 19 20 21 22 23
 24 25 26 27 28 29 30 31 32 33 34 35 36 37 38 39 40 41 42 43 44 45 46 47
 48 49 50 51 52 53 54 55 56 57 58 59 60 61 62 63 64 65 66 67 68 69 70 71
 72 73 74 75 76 77 78 79 80 81 82 83 84 85 86 87 88 89 90 91 92 93 94 95
 96 97 98 99]
[49 31 -1  5 -1 -1 -1 44 -1 -1 23 -1 -1  7 83 19 36 93 -1 -1  8 -1 76 -1
 54 -1 -1 76 43 -1 14 -1 -1 -1 -1 75 44 -1 -1 -1 -1 26 32 31 51 23 -1 -1
 92 31 63 56 99  7 56  5 35 78 25 84 -1 69 -1 -1 25  7 83 96 -1 93 87  0
 99 53 70 -1 -1 36 51 24 94 -1 74 -1 -1 46 -1 47 73 25 41 -1 -1 -1 27 18
 -1 -1 80 42]
[0 1 0 0 1 0 1 1 0 0 0 1 1 0 1 0 0 1 1 1 0 0 0 1 0 0 1 1 0 0 0 0 0 0 0 1 1
 1 1 0 1 0 1 0 0 0 1 0 1 1 1 0 0 0 0 1 0 1 0 0 1 1 1 0 1 1 1 0 1 1 0 0 0 0
 0 1 1 0 1 0 0 1 0 0 1 1 0 0 0 0 0 1 0 1 0 1 0 1 0 0]
[3 3 4 0 4 0 0 0 2 0 0 0 3 0 0 4 0 4 3 2 0 0 0 0 0 0 0 0 1 4 0 0 4 2 2 4 0
 0 0 1 0 0 3 4 3 0 3 0 2 3 4 0 0 0 0 1 4 0 3 4 1 0 4 1 0 3 3 4 0 1 3 0 0 4
 0 0 3 0 1 4 4 0 0 0 0 1 0 2 0 0 2 2 0 0 0 0 0 1 4 0]
[3 3 4 0 4 0 0 0 2 0 0 0 3 0 0 4 0 4 3 2 0 0 0 0 0 0 0 0 1 4 0 0 4 2 2 4 0
 0 0 1 0 0 3 4 3 0 3 0 2 3 4 0 0 0 0 1 4 0 3 4 1 0 4 1 0 3 3 4 0 1 3 0 0 4
 0 0 3 0 1 4 4 0 0 0 0 1 0 2 0 0 2 2 0 0 0 0 0 1 4 0]
[3 8 5 6 9 4 5 1 1 4 1 1 6 7 8 7 6 5 5 6 7 3 7 8 2 6 1 2 2 8 8 2 9 7 4 6 6
 4 4 6 1 6 8 9 1 5 8 7 7 6 3 2 3 3 6 9 9 7 2 3 9 5 7 7 8 9 3 9 4 4 7 4 6 3
 8 8 4 9 7 3 8 3 9 7 3 2 8 8 8 4 8 5 1 8 8 5 9 1 4 9]
[3 8 5 6 9 4 5 1 1 4 1 1 6 7 8 7 6 5 5 6 7 3 7 8 2 6 1 2 2 8 8 2 9 7 4 6 6
 4 4 6 1 6 8 9 1 5 8 7 7 6 3 2 3 3 6 9 9 7 2 3 9 5 7 7 8 9 3 9 4 4 7 4 6 3
 8 8 4 9 7 3 8 3 9 7 3 2 8 8 8 4 8 5 1 8 8 5 9 1 4 9]
[25, 50, 32, 50, 45, 26, 15, 50, 50, 50, 50, 37, 50, 46, 48, 23, 50, 50, 43, 22, 50, 50, 29, 50, 12, 50, 50, 11, 50, 16, 17, 29, 50, 35, 30, 50, 12, 50, 36, 50, 33, 38, 12, 21, 38, 50, 50, 50, 50, 43, 50, 24, 50, 50, 50, 50, 46, 50, 25, 13, 50, 20, 50, 50, 42, 27, 50, 50, 29, 50, 10, 30, 16, 33, 50, 32, 50, 48, 50, 19, 50, 50, 50, 50, 50, 50, 17, 50, 50, 50, 25, 40, 50, 50, 43, 50, 50, 50, 37, 50]
[0 0 0 0 0 0 0 0 0 0 0 0 0 0 0 0 0 0 0 0 0 0 0 0 0 0 0 0 0 0 0 0 0 0 0 0 0
 0 0 0 0 0 0 0 0 0 0 0 0 0 0 0 0 0 0 0 0 0 0 0 0 0 0 0 0 0 0 0 0 0 0 0 0 0
 0 0 0 0 0 0 0 0 0 0 0 0 0 0 0 0 0 0 0 0 0 0 0 0 0 0]
[1 1 1 1 1 1 1 1 1 1 1 1 1 1 1 1 1 1 1 1 1 1 1 1 1 1 1 1 1 1 1 1 1 1 1 1 1
 1 1 1 1 1 1 1 1 1 1 1 1 1 1 1 1 1 1 1 1 1 1 1 1 1 1 1 1 1 1 1 1 1 1 1 1 1
 1 1 1 1 1 1 1 1 1 1 1 1 1 1 1 1 1 1 1 1 1 1 1 1 1 1]
