[ 0  1  2  3  4  5  6  7  8  9 10 11 12 13 14 15 16 17 18 19 20 21 22 23
 24 25 26 27 28 29 30 31 32 33 34 35 36 37 38 39 40 41 42 43 44 45 46 47
 48 49 50 51 52 53 54 55 56 57 58 59 60 61 62 63 64 65 66 67 68 69 70 71
 72 73 74 75 76 77 78 79 80 81 82 83 84 85 86 87 88 89 90 91 92 93 94 95
 96 97 98 99]
[-1 -1 61 62 -1  3 71 84 40 16 74 21 92 -1 34 31 14 47 15 -1 -1 28 11  3
 -1 49 -1 98 -1 85 74 -1  2 -1  4 -1 -1  2 -1  5 91 16 26 -1 32 -1 38 50
 78 -1 -1 -1 31  4 18 95 91 79 -1 86 52 25 90 -1 -1 -1 30 36 97 -1 -1 92
 49 64 61 35 96 16 -1 82 -1 43 -1 47 -1 34 -1 82 22 -1 46 82 39 19 -1 54
 77 -1  6 -1]
[0 1 1 0 0 1 0 0 1 0 0 1 1 0 0 0 0 0 1 0 1 0 1 1 1 1 1 0 1 1 0 1 1 1 0 0 1
 1 0 0 1 0 0 1 1 1 1 1 0 0 0 0 1 0 1 0 0 0 1 0 0 1 0 0 0 1 1 1 1 0 1 1 0 0
 0 0 0 0 0 1 1 0 0 0 0 0 1 1 1 0 1 0 0 1 0 1 0 1 1 0]
[3 0 1 0 0 3 1 0 0 1 2 0 0 0 0 1 3 0 0 2 0 0 0 4 0 4 0 1 3 4 2 1 1 2 0 0 0
 1 0 2 1 2 0 3 0 0 0 3 0 0 4 1 4 0 3 0 2 0 4 2 2 0 0 0 3 1 1 0 0 1 0 2 2 0
 0 4 0 3 4 3 0 0 1 2 1 3 0 0 0 0 0 2 0 0 0 0 4 4 0 2]
[3 0 1 0 0 3 1 0 0 1 2 0 0 0 0 1 3 0 0 2 0 0 0 4 0 4 0 1 3 4 2 1 1 2 0 0 0
 1 0 2 1 2 0 3 0 0 0 3 0 0 4 1 4 0 3 0 2 0 4 2 2 0 0 0 3 1 1 0 0 1 0 2 2 0
 0 4 0 3 4 3 0 0 1 2 1 3 0 0 0 0 0 2 0 0 0 0 4 4 0 2]
[6 8 5 2 3 2 7 2 8 4 2 6 4 5 6 5 2 6 3 2 6 1 2 7 1 8 1 2 1 8 9 9 5 9 1 7 5
 5 8 7 5 8 2 4 7 2 8 3 7 7 4 8 5 7 1 5 2 6 3 7 7 9 9 9 6 9 6 9 1 4 8 5 5 4
 1 7 1 5 6 2 5 9 6 7 1 4 9 6 9 1 1 6 1 8 9 3 3 5 4 1]
[6 8 5 2 3 2 7 2 8 4 2 6 4 5 6 5 2 6 3 2 6 1 2 7 1 8 1 2 1 8 9 9 5 9 1 7 5
 5 8 7 5 8 2 4 7 2 8 3 7 7 4 8 5 7 1 5 2 6 3 7 7 9 9 9 6 9 6 9 1 4 8 5 5 4
 1 7 1 5 6 2 5 9 6 7 1 4 9 6 9 1 1 6 1 8 9 3 3 5 4 1]
[48, 45, 50, 30, 28, 50, 30, 50, 33, 50, 50, 30, 50, 24, 43, 38, 50, 50, 30, 50, 20, 29, 50, 11, 42, 47, 28, 50, 50, 19, 50, 50, 50, 50, 33, 13, 50, 50, 50, 31, 50, 50, 50, 49, 50, 50, 50, 38, 17, 15, 50, 10, 45, 50, 31, 50, 50, 50, 50, 45, 32, 50, 44, 19, 41, 50, 50, 50, 50, 50, 50, 50, 10, 17, 50, 25, 13, 50, 31, 10, 31, 39, 50, 50, 18, 18, 50, 50, 50, 50, 18, 20, 50, 50, 50, 50, 15, 50, 47, 50]
[0 0 0 0 0 0 0 0 0 0 0 0 0 0 0 0 0 0 0 0 0 0 0 0 0 0 0 0 0 0 0 0 0 0 0 0 0
 0 0 0 0 0 0 0 0 0 0 0 0 0 0 0 0 0 0 0 0 0 0 0 0 0 0 0 0 0 0 0 0 0 0 0 0 0
 0 0 0 0 0 0 0 0 0 0 0 0 0 0 0 0 0 0 0 0 0 0 0 0 0 0]
[1 1 1 1 1 1 1 1 1 1 1 1 1 1 1 1 1 1 1 1 1 1 1 1 1 1 1 1 1 1 1 1 1 1 1 1 1
 1 1 1 1 1 1 1 1 1 1 1 1 1 1 1 1 1 1 1 1 1 1 1 1 1 1 1 1 1 1 1 1 1 1 1 1 1
 1 1 1 1 1 1 1 1 1 1 1 1 1 1 1 1 1 1 1 1 1 1 1 1 1 1]
