[ 0  1  2  3  4  5  6  7  8  9 10 11 12 13 14 15 16 17 18 19 20 21 22 23
 24 25 26 27 28 29 30 31 32 33 34 35 36 37 38 39 40 41 42 43 44 45 46 47
 48 49 50 51 52 53 54 55 56 57 58 59 60 61 62 63 64 65 66 67 68 69 70 71
 72 73 74 75 76 77 78 79 80 81 82 83 84 85 86 87 88 89 90 91 92 93 94 95
 96 97 98 99]
[-1 38 -1 32 13 75 -1 94 -1 16 48 27 -1 77 41 69 -1 -1 99 -1  6 36 -1 77
 35 -1 80 79 92 28 -1 69 66 17 36 -1 -1 57 37 89 75 20 -1 -1 51 71 43 -1
 -1 -1 54  8 -1 66 61 67 -1 14 84 20 -1 57 51  9 -1 79 -1 -1  3 -1  4 62
 34 -1 54 23 -1 64 61  9 63 -1 30 -1 46 44 22 74 -1 67 -1 34  8 79 -1 44
 -1 79 28 -1]
[0 0 0 1 0 0 1 0 0 0 0 0 0 0 1 1 1 0 1 0 0 1 0 0 0 0 0 1 1 1 1 0 1 0 0 0 0
 0 1 1 1 1 0 1 0 0 1 1 1 1 0 0 1 0 0 0 1 1 1 1 1 1 0 0 1 1 0 1 1 1 1 1 1 1
 0 1 1 1 1 0 0 1 1 1 0 0 0 1 0 0 0 0 0 0 1 0 0 0 1 1]
[2 0 3 0 4 0 0 0 0 3 2 0 0 0 2 0 0 1 2 0 2 3 4 0 4 0 0 2 2 0 0 0 1 0 0 2 4
 3 2 1 4 4 2 0 4 4 3 0 2 2 0 0 0 3 4 0 0 3 1 3 3 3 4 0 1 2 0 3 0 0 0 4 1 0
 0 0 2 0 0 0 3 3 1 0 2 2 2 2 0 2 3 1 3 1 0 0 1 0 2 0]
[2 0 3 0 4 0 0 0 0 3 2 0 0 0 2 0 0 1 2 0 2 3 4 0 4 0 0 2 2 0 0 0 1 0 0 2 4
 3 2 1 4 4 2 0 4 4 3 0 2 2 0 0 0 3 4 0 0 3 1 3 3 3 4 0 1 2 0 3 0 0 0 4 1 0
 0 0 2 0 0 0 3 3 1 0 2 2 2 2 0 2 3 1 3 1 0 0 1 0 2 0]
[1 8 1 5 5 8 3 4 9 6 1 7 8 3 8 7 8 4 9 2 2 3 8 2 7 4 1 3 9 4 3 1 4 5 2 3 5
 6 4 2 6 2 5 3 3 3 7 7 5 9 1 3 2 7 2 6 9 2 3 7 9 9 5 3 1 4 5 3 3 8 1 2 4 4
 8 4 3 4 8 7 7 1 3 2 7 1 5 1 1 6 3 9 1 4 5 4 5 1 1 6]
[1 8 1 5 5 8 3 4 9 6 1 7 8 3 8 7 8 4 9 2 2 3 8 2 7 4 1 3 9 4 3 1 4 5 2 3 5
 6 4 2 6 2 5 3 3 3 7 7 5 9 1 3 2 7 2 6 9 2 3 7 9 9 5 3 1 4 5 3 3 8 1 2 4 4
 8 4 3 4 8 7 7 1 3 2 7 1 5 1 1 6 3 9 1 4 5 4 5 1 1 6]
[20, 20, 33, 50, 37, 50, 50, 31, 18, 31, 50, 44, 50, 43, 28, 15, 40, 50, 11, 30, 21, 43, 35, 50, 50, 38, 47, 50, 17, 50, 50, 37, 17, 50, 50, 50, 31, 44, 50, 50, 41, 31, 43, 50, 15, 50, 38, 50, 34, 50, 50, 50, 50, 50, 17, 28, 50, 50, 50, 50, 17, 21, 21, 31, 24, 50, 50, 50, 50, 50, 50, 50, 50, 50, 50, 50, 50, 12, 50, 29, 28, 50, 33, 38, 50, 10, 50, 50, 50, 50, 50, 49, 50, 18, 50, 29, 50, 50, 50, 12]
[0 0 0 0 0 0 0 0 0 0 0 0 0 0 0 0 0 0 0 0 0 0 0 0 0 0 0 0 0 0 0 0 0 0 0 0 0
 0 0 0 0 0 0 0 0 0 0 0 0 0 0 0 0 0 0 0 0 0 0 0 0 0 0 0 0 0 0 0 0 0 0 0 0 0
 0 0 0 0 0 0 0 0 0 0 0 0 0 0 0 0 0 0 0 0 0 0 0 0 0 0]
[1 1 1 1 1 1 1 1 1 1 1 1 1 1 1 1 1 1 1 1 1 1 1 1 1 1 1 1 1 1 1 1 1 1 1 1 1
 1 1 1 1 1 1 1 1 1 1 1 1 1 1 1 1 1 1 1 1 1 1 1 1 1 1 1 1 1 1 1 1 1 1 1 1 1
 1 1 1 1 1 1 1 1 1 1 1 1 1 1 1 1 1 1 1 1 1 1 1 1 1 1]
