[ 0  1  2  3  4  5  6  7  8  9 10 11 12 13 14 15 16 17 18 19 20 21 22 23
 24 25 26 27 28 29 30 31 32 33 34 35 36 37 38 39 40 41 42 43 44 45 46 47
 48 49 50 51 52 53 54 55 56 57 58 59 60 61 62 63 64 65 66 67 68 69 70 71
 72 73 74 75 76 77 78 79 80 81 82 83 84 85 86 87 88 89 90 91 92 93 94 95
 96 97 98 99]
[67 17 67 83 45 12 -1 -1 55 78 -1 36 -1 45 97 74  9 41 92 54 60 -1 -1 -1
 -1 65 -1 46 24 -1 -1 -1 -1 59 -1 -1 99 -1 -1 -1 -1 -1 13 93 -1 41 86 79
 47 -1 -1 -1 25 26 96 92 50 -1 64 42 -1 29 65 75 38 -1 43 40 23 80  5  8
 24 76 26 79 55  6 -1 94 73 -1 -1 15 86 -1 25 20 15 -1 66 26 -1  5 71 -1
 -1 -1 88 73]
[0 1 0 1 1 0 1 0 0 1 1 0 1 0 1 0 0 0 1 0 1 0 0 0 0 0 0 1 0 1 0 1 1 1 0 0 1
 0 1 1 0 1 0 0 1 1 0 1 1 1 0 0 0 0 0 0 0 1 1 1 1 1 1 1 0 1 1 1 0 0 1 1 0 0
 1 0 0 0 0 1 0 0 0 1 1 0 1 0 1 1 1 0 1 1 1 0 0 0 1 0]
[1 0 0 4 2 3 0 0 2 4 1 0 0 2 0 1 3 1 0 0 2 0 0 3 0 3 0 0 0 1 4 2 4 0 4 4 0
 0 2 3 0 0 0 0 2 0 0 0 1 0 4 0 2 0 3 1 1 0 4 0 3 0 0 0 0 1 1 1 1 2 4 1 3 2
 1 3 0 0 0 1 0 3 3 0 0 1 4 4 0 0 2 1 4 0 0 3 3 4 4 2]
[1 0 0 4 2 3 0 0 2 4 1 0 0 2 0 1 3 1 0 0 2 0 0 3 0 3 0 0 0 1 4 2 4 0 4 4 0
 0 2 3 0 0 0 0 2 0 0 0 1 0 4 0 2 0 3 1 1 0 4 0 3 0 0 0 0 1 1 1 1 2 4 1 3 2
 1 3 0 0 0 1 0 3 3 0 0 1 4 4 0 0 2 1 4 0 0 3 3 4 4 2]
[3 6 6 1 8 6 9 1 4 2 1 5 6 3 9 6 3 2 2 1 7 1 8 4 6 6 8 2 5 5 1 2 9 3 7 5 5
 2 7 5 2 9 5 4 7 1 1 8 3 7 3 4 7 8 4 9 2 5 7 4 9 8 8 4 5 3 4 7 2 3 8 2 3 2
 9 1 5 7 7 8 1 2 8 6 1 7 1 3 8 5 1 9 5 8 1 5 3 3 6 5]
[3 6 6 1 8 6 9 1 4 2 1 5 6 3 9 6 3 2 2 1 7 1 8 4 6 6 8 2 5 5 1 2 9 3 7 5 5
 2 7 5 2 9 5 4 7 1 1 8 3 7 3 4 7 8 4 9 2 5 7 4 9 8 8 4 5 3 4 7 2 3 8 2 3 2
 9 1 5 7 7 8 1 2 8 6 1 7 1 3 8 5 1 9 5 8 1 5 3 3 6 5]
[37, 50, 50, 34, 48, 50, 38, 50, 50, 45, 11, 50, 24, 37, 50, 50, 50, 40, 50, 50, 20, 50, 50, 50, 50, 50, 33, 50, 50, 50, 38, 50, 12, 38, 41, 17, 50, 50, 50, 50, 14, 50, 50, 17, 45, 30, 14, 40, 25, 50, 40, 50, 50, 50, 18, 50, 43, 36, 50, 31, 50, 50, 28, 50, 40, 17, 47, 32, 48, 17, 18, 13, 42, 42, 50, 50, 50, 14, 50, 50, 43, 50, 50, 12, 18, 11, 50, 34, 32, 50, 42, 50, 50, 46, 26, 50, 37, 50, 50, 25]
[0 0 0 0 0 0 0 0 0 0 0 0 0 0 0 0 0 0 0 0 0 0 0 0 0 0 0 0 0 0 0 0 0 0 0 0 0
 0 0 0 0 0 0 0 0 0 0 0 0 0 0 0 0 0 0 0 0 0 0 0 0 0 0 0 0 0 0 0 0 0 0 0 0 0
 0 0 0 0 0 0 0 0 0 0 0 0 0 0 0 0 0 0 0 0 0 0 0 0 0 0]
[1 1 1 1 1 1 1 1 1 1 1 1 1 1 1 1 1 1 1 1 1 1 1 1 1 1 1 1 1 1 1 1 1 1 1 1 1
 1 1 1 1 1 1 1 1 1 1 1 1 1 1 1 1 1 1 1 1 1 1 1 1 1 1 1 1 1 1 1 1 1 1 1 1 1
 1 1 1 1 1 1 1 1 1 1 1 1 1 1 1 1 1 1 1 1 1 1 1 1 1 1]
