[ 0  1  2  3  4  5  6  7  8  9 10 11 12 13 14 15 16 17 18 19 20 21 22 23
 24 25 26 27 28 29 30 31 32 33 34 35 36 37 38 39 40 41 42 43 44 45 46 47
 48 49 50 51 52 53 54 55 56 57 58 59 60 61 62 63 64 65 66 67 68 69 70 71
 72 73 74 75 76 77 78 79 80 81 82 83 84 85 86 87 88 89 90 91 92 93 94 95
 96 97 98 99]
[-1 40 -1 -1 -1  9 -1 45 -1 30 -1 87 -1 -1 90 19  6 56 57 93 -1 52 -1 87
 50 34 12 10 -1 15 -1 23 -1 39 67 59 -1 11 -1 82 -1 27 95 -1 64  5 -1 40
 86 19 -1 -1 29 62 89 23 67 82 -1 -1 54 42 18 89 12 -1 53  5 -1 84 38  8
 -1 12 -1 60 -1 -1 -1 71  4 25 -1 -1 74 82 70 96 34 -1 64 88 49 62 12 60
 25 22 -1 83]
[0 0 1 1 1 1 0 0 1 1 1 0 0 0 0 0 1 1 1 1 0 0 0 1 1 0 0 0 1 0 0 1 1 0 1 0 1
 1 0 1 1 0 1 1 1 1 0 0 1 1 1 1 1 1 1 1 1 0 0 0 0 1 0 0 0 1 0 1 0 1 0 0 1 0
 1 0 1 1 0 0 1 0 1 0 0 1 0 1 0 0 0 0 0 1 0 0 0 0 0 1]
[4 1 4 1 0 0 2 0 2 0 2 0 1 3 2 1 2 4 2 1 0 4 0 3 4 0 2 0 2 0 3 4 1 2 1 0 0
 0 4 0 0 0 0 3 0 0 0 4 3 2 2 2 0 0 2 4 0 3 0 0 0 1 0 0 0 3 4 0 4 0 1 3 0 0
 0 2 2 0 0 4 0 1 0 0 0 2 4 0 0 2 2 1 1 0 1 1 2 0 3 0]
[4 1 4 1 0 0 2 0 2 0 2 0 1 3 2 1 2 4 2 1 0 4 0 3 4 0 2 0 2 0 3 4 1 2 1 0 0
 0 4 0 0 0 0 3 0 0 0 4 3 2 2 2 0 0 2 4 0 3 0 0 0 1 0 0 0 3 4 0 4 0 1 3 0 0
 0 2 2 0 0 4 0 1 0 0 0 2 4 0 0 2 2 1 1 0 1 1 2 0 3 0]
[6 2 7 3 5 8 1 1 3 1 1 1 9 6 7 8 4 9 8 8 9 2 8 2 4 7 8 3 2 3 4 6 4 3 3 2 1
 2 3 9 9 5 2 1 7 4 7 9 7 6 2 6 9 6 5 9 1 3 4 4 1 9 1 4 8 3 9 6 4 2 7 8 7 4
 8 5 5 9 9 2 8 2 5 8 3 8 6 4 6 7 6 9 6 3 8 4 6 6 2 1]
[6 2 7 3 5 8 1 1 3 1 1 1 9 6 7 8 4 9 8 8 9 2 8 2 4 7 8 3 2 3 4 6 4 3 3 2 1
 2 3 9 9 5 2 1 7 4 7 9 7 6 2 6 9 6 5 9 1 3 4 4 1 9 1 4 8 3 9 6 4 2 7 8 7 4
 8 5 5 9 9 2 8 2 5 8 3 8 6 4 6 7 6 9 6 3 8 4 6 6 2 1]
[27, 50, 13, 50, 50, 28, 50, 34, 50, 34, 50, 47, 12, 50, 16, 42, 43, 50, 50, 23, 28, 16, 50, 26, 34, 16, 50, 50, 22, 31, 50, 50, 50, 50, 50, 50, 50, 36, 50, 50, 50, 42, 50, 50, 21, 50, 49, 28, 29, 42, 50, 42, 42, 50, 50, 29, 36, 39, 50, 50, 50, 35, 25, 50, 50, 49, 50, 12, 50, 50, 25, 50, 33, 50, 50, 24, 50, 24, 50, 11, 50, 50, 36, 50, 20, 50, 38, 34, 50, 43, 19, 50, 50, 50, 50, 34, 18, 33, 24, 36]
[0 0 0 0 0 0 0 0 0 0 0 0 0 0 0 0 0 0 0 0 0 0 0 0 0 0 0 0 0 0 0 0 0 0 0 0 0
 0 0 0 0 0 0 0 0 0 0 0 0 0 0 0 0 0 0 0 0 0 0 0 0 0 0 0 0 0 0 0 0 0 0 0 0 0
 0 0 0 0 0 0 0 0 0 0 0 0 0 0 0 0 0 0 0 0 0 0 0 0 0 0]
[1 1 1 1 1 1 1 1 1 1 1 1 1 1 1 1 1 1 1 1 1 1 1 1 1 1 1 1 1 1 1 1 1 1 1 1 1
 1 1 1 1 1 1 1 1 1 1 1 1 1 1 1 1 1 1 1 1 1 1 1 1 1 1 1 1 1 1 1 1 1 1 1 1 1
 1 1 1 1 1 1 1 1 1 1 1 1 1 1 1 1 1 1 1 1 1 1 1 1 1 1]
