[ 0  1  2  3  4  5  6  7  8  9 10 11 12 13 14 15 16 17 18 19 20 21 22 23
 24 25 26 27 28 29 30 31 32 33 34 35 36 37 38 39 40 41 42 43 44 45 46 47
 48 49 50 51 52 53 54 55 56 57 58 59 60 61 62 63 64 65 66 67 68 69 70 71
 72 73 74 75 76 77 78 79 80 81 82 83 84 85 86 87 88 89 90 91 92 93 94 95
 96 97 98 99]
[44 84 97 -1 -1 -1 -1 33 -1 -1 -1 81 55 -1  0 -1 96 63 -1 17 66 61 83 49
 21 63 31 -1 54 77 -1 -1 91 78 62 -1 -1 22 61 11 32 77 83 -1 -1 42 32 68
 -1 70  5 43 90 58  9  7 61 86 59 -1 -1  4 59 57 51 20 41 40 80 64 64 -1
 42 89  3 44 -1 17 46 -1 49 43 52  4 90 -1 -1 83 -1 51 -1 -1 35 -1 -1 65
 -1 -1 52 41]
[1 1 1 0 0 0 1 1 0 0 1 1 0 1 0 0 1 1 0 1 1 1 0 0 1 1 0 1 0 1 1 0 1 1 1 1 1
 0 1 0 0 0 0 1 1 0 1 0 0 1 1 1 1 1 1 1 1 0 1 1 0 0 0 1 1 1 0 1 0 1 0 1 0 0
 0 0 1 0 1 0 0 0 1 1 1 1 0 0 1 1 0 0 1 1 1 0 0 1 0 1]
[1 4 1 0 3 0 1 4 1 0 0 1 0 0 0 0 3 2 0 3 0 3 0 2 4 1 1 0 0 3 0 2 3 3 1 2 1
 1 0 1 2 1 4 2 1 4 0 3 0 4 1 0 0 2 0 3 4 2 2 3 4 1 0 0 0 2 4 0 3 4 0 0 0 0
 1 1 3 0 0 3 3 0 0 0 4 1 1 0 0 0 0 3 0 1 0 1 2 0 0 4]
[1 4 1 0 3 0 1 4 1 0 0 1 0 0 0 0 3 2 0 3 0 3 0 2 4 1 1 0 0 3 0 2 3 3 1 2 1
 1 0 1 2 1 4 2 1 4 0 3 0 4 1 0 0 2 0 3 4 2 2 3 4 1 0 0 0 2 4 0 3 4 0 0 0 0
 1 1 3 0 0 3 3 0 0 0 4 1 1 0 0 0 0 3 0 1 0 1 2 0 0 4]
[5 6 3 7 8 7 7 5 2 4 8 5 5 7 8 7 8 8 9 1 1 7 8 3 2 2 7 9 1 3 9 1 8 6 7 9 6
 9 7 9 1 7 2 6 2 5 8 7 7 2 5 9 9 6 3 1 3 2 1 4 8 9 7 5 1 4 4 2 8 2 2 5 9 8
 3 3 9 6 4 6 1 8 3 2 7 3 6 6 9 8 8 9 2 2 4 5 1 7 3 2]
[5 6 3 7 8 7 7 5 2 4 8 5 5 7 8 7 8 8 9 1 1 7 8 3 2 2 7 9 1 3 9 1 8 6 7 9 6
 9 7 9 1 7 2 6 2 5 8 7 7 2 5 9 9 6 3 1 3 2 1 4 8 9 7 5 1 4 4 2 8 2 2 5 9 8
 3 3 9 6 4 6 1 8 3 2 7 3 6 6 9 8 8 9 2 2 4 5 1 7 3 2]
[50, 50, 50, 29, 50, 50, 50, 16, 30, 50, 50, 46, 50, 16, 30, 38, 37, 50, 50, 50, 50, 50, 50, 27, 50, 34, 50, 50, 50, 50, 21, 15, 50, 37, 50, 50, 17, 50, 22, 48, 21, 37, 14, 50, 26, 50, 13, 21, 50, 50, 50, 50, 50, 17, 21, 48, 15, 26, 26, 29, 22, 50, 50, 50, 50, 50, 50, 50, 50, 41, 42, 50, 50, 50, 15, 37, 50, 50, 48, 33, 23, 50, 33, 50, 26, 50, 26, 44, 34, 31, 50, 50, 24, 50, 19, 50, 50, 25, 50, 50]
[0 0 0 0 0 0 0 0 0 0 0 0 0 0 0 0 0 0 0 0 0 0 0 0 0 0 0 0 0 0 0 0 0 0 0 0 0
 0 0 0 0 0 0 0 0 0 0 0 0 0 0 0 0 0 0 0 0 0 0 0 0 0 0 0 0 0 0 0 0 0 0 0 0 0
 0 0 0 0 0 0 0 0 0 0 0 0 0 0 0 0 0 0 0 0 0 0 0 0 0 0]
[1 1 1 1 1 1 1 1 1 1 1 1 1 1 1 1 1 1 1 1 1 1 1 1 1 1 1 1 1 1 1 1 1 1 1 1 1
 1 1 1 1 1 1 1 1 1 1 1 1 1 1 1 1 1 1 1 1 1 1 1 1 1 1 1 1 1 1 1 1 1 1 1 1 1
 1 1 1 1 1 1 1 1 1 1 1 1 1 1 1 1 1 1 1 1 1 1 1 1 1 1]
