[ 0  1  2  3  4  5  6  7  8  9 10 11 12 13 14 15 16 17 18 19 20 21 22 23
 24 25 26 27 28 29 30 31 32 33 34 35 36 37 38 39 40 41 42 43 44 45 46 47
 48 49 50 51 52 53 54 55 56 57 58 59 60 61 62 63 64 65 66 67 68 69 70 71
 72 73 74 75 76 77 78 79 80 81 82 83 84 85 86 87 88 89 90 91 92 93 94 95
 96 97 98 99]
[-1 -1 -1 -1 17 78 67 76 -1 87 13 95 19 -1 72 92 87 -1 -1 62 -1 66 44 31
 33 87 30 -1 -1  2 72 93  5 70 54 -1 76 81 -1 51 51 -1 79  5 62 -1 21 65
 95 -1 -1 45 64 -1 65 95 92 18 12  3 50  7 15 -1 79 43 93 97 59 11  8 15
 10 -1 47 96 -1 96 -1 11  3 29 74 22 -1 -1 17 -1 45 12 96 55 -1 95 65 89
 -1 72 73 31]
[0 1 1 0 0 0 1 1 1 1 0 1 1 0 0 1 1 0 0 0 0 1 1 1 1 1 0 1 1 0 0 0 1 0 1 0 1
 1 1 0 0 0 1 1 0 0 0 0 0 0 0 0 0 1 0 1 0 0 1 0 1 0 1 1 0 0 0 0 0 0 1 1 1 1
 1 0 1 0 0 0 0 1 1 0 1 0 1 0 1 0 0 0 1 0 0 0 1 1 1 1]
[4 4 0 1 3 0 2 0 0 0 0 0 1 0 0 4 0 2 3 3 4 0 2 3 0 4 1 1 3 0 2 1 0 0 2 0 0
 2 2 0 4 0 0 3 0 0 0 4 0 2 0 2 1 2 0 4 2 1 1 0 0 2 0 3 2 0 3 0 4 0 0 0 0 2
 0 0 0 1 3 4 4 0 0 1 0 4 1 0 4 0 0 4 3 0 4 0 3 0 0 0]
[4 4 0 1 3 0 2 0 0 0 0 0 1 0 0 4 0 2 3 3 4 0 2 3 0 4 1 1 3 0 2 1 0 0 2 0 0
 2 2 0 4 0 0 3 0 0 0 4 0 2 0 2 1 2 0 4 2 1 1 0 0 2 0 3 2 0 3 0 4 0 0 0 0 2
 0 0 0 1 3 4 4 0 0 1 0 4 1 0 4 0 0 4 3 0 4 0 3 0 0 0]
[5 9 6 1 2 5 3 4 2 6 2 8 6 2 1 1 3 9 2 2 2 8 2 1 8 7 9 5 5 9 1 9 1 6 8 3 3
 1 8 8 7 9 1 9 4 8 9 4 7 2 4 3 4 6 9 9 5 1 3 2 5 6 1 4 1 2 5 4 8 8 5 4 3 5
 7 9 2 1 1 4 1 9 5 5 9 9 3 7 7 1 8 2 8 8 1 9 7 7 5 9]
[5 9 6 1 2 5 3 4 2 6 2 8 6 2 1 1 3 9 2 2 2 8 2 1 8 7 9 5 5 9 1 9 1 6 8 3 3
 1 8 8 7 9 1 9 4 8 9 4 7 2 4 3 4 6 9 9 5 1 3 2 5 6 1 4 1 2 5 4 8 8 5 4 3 5
 7 9 2 1 1 4 1 9 5 5 9 9 3 7 7 1 8 2 8 8 1 9 7 7 5 9]
[29, 50, 11, 24, 50, 11, 44, 11, 42, 49, 17, 50, 50, 11, 50, 22, 33, 24, 50, 50, 50, 50, 11, 50, 15, 50, 13, 45, 50, 50, 36, 50, 50, 50, 50, 50, 33, 36, 50, 48, 50, 50, 36, 50, 31, 41, 11, 50, 50, 50, 47, 50, 49, 31, 50, 50, 36, 50, 50, 50, 50, 19, 39, 50, 15, 50, 19, 50, 38, 18, 50, 50, 10, 50, 50, 50, 50, 50, 16, 50, 50, 27, 50, 50, 44, 50, 43, 50, 50, 50, 50, 18, 24, 50, 50, 11, 50, 25, 50, 37]
[0 0 0 0 0 0 0 0 0 0 0 0 0 0 0 0 0 0 0 0 0 0 0 0 0 0 0 0 0 0 0 0 0 0 0 0 0
 0 0 0 0 0 0 0 0 0 0 0 0 0 0 0 0 0 0 0 0 0 0 0 0 0 0 0 0 0 0 0 0 0 0 0 0 0
 0 0 0 0 0 0 0 0 0 0 0 0 0 0 0 0 0 0 0 0 0 0 0 0 0 0]
[1 1 1 1 1 1 1 1 1 1 1 1 1 1 1 1 1 1 1 1 1 1 1 1 1 1 1 1 1 1 1 1 1 1 1 1 1
 1 1 1 1 1 1 1 1 1 1 1 1 1 1 1 1 1 1 1 1 1 1 1 1 1 1 1 1 1 1 1 1 1 1 1 1 1
 1 1 1 1 1 1 1 1 1 1 1 1 1 1 1 1 1 1 1 1 1 1 1 1 1 1]
