[ 0  1  2  3  4  5  6  7  8  9 10 11 12 13 14 15 16 17 18 19 20 21 22 23
 24 25 26 27 28 29 30 31 32 33 34 35 36 37 38 39 40 41 42 43 44 45 46 47
 48 49 50 51 52 53 54 55 56 57 58 59 60 61 62 63 64 65 66 67 68 69 70 71
 72 73 74 75 76 77 78 79 80 81 82 83 84 85 86 87 88 89 90 91 92 93 94 95
 96 97 98 99]
[40 35 43 90 11 77 80 90 65 24 -1 -1 58 29 72  5 51 75 72 59 56 92 -1 67
 -1 59 32 54 -1 51 46 57 72 25 -1 86 70 -1 20 24 24 -1 77 60 38 71 81 66
 -1 17 71 53 -1 -1 72 70 -1  2 43 73 85 -1 72 -1 89 37  0 39 18 -1 30 -1
 -1 93 -1 -1 91 39 85 -1 18 64  1  9 -1  5 -1 -1 29 65 -1 20 97 89 -1 91
 -1 42 13 -1]
[1 0 1 0 1 1 1 0 1 0 0 0 1 1 0 0 1 1 1 0 1 0 1 1 1 1 1 1 1 1 1 1 0 0 1 0 0
 0 1 0 0 1 0 1 1 1 0 1 0 0 0 0 0 1 0 0 1 1 1 0 1 0 1 0 1 1 0 0 0 0 1 0 1 1
 0 1 0 0 1 0 1 1 1 0 0 0 1 0 0 1 1 0 0 1 1 1 1 1 0 1]
[0 0 3 4 1 4 0 2 0 0 0 0 0 1 4 0 3 0 0 3 0 4 4 3 3 0 0 0 4 4 0 0 2 0 3 4 0
 0 0 0 0 0 3 0 1 1 0 3 0 0 4 3 0 1 0 1 0 0 0 0 1 0 0 1 0 0 3 0 2 0 4 0 0 0
 0 4 0 0 2 0 2 4 0 1 0 0 1 3 4 0 4 0 0 0 0 2 0 2 0 0]
[0 0 3 4 1 4 0 2 0 0 0 0 0 1 4 0 3 0 0 3 0 4 4 3 3 0 0 0 4 4 0 0 2 0 3 4 0
 0 0 0 0 0 3 0 1 1 0 3 0 0 4 3 0 1 0 1 0 0 0 0 1 0 0 1 0 0 3 0 2 0 4 0 0 0
 0 4 0 0 2 0 2 4 0 1 0 0 1 3 4 0 4 0 0 0 0 2 0 2 0 0]
[3 9 6 9 5 9 2 9 9 7 8 4 1 1 6 3 4 6 2 9 2 4 9 3 6 9 7 2 5 1 5 2 3 4 9 6 6
 8 2 4 9 2 1 8 3 5 7 8 3 4 5 4 5 9 4 5 1 1 6 4 8 4 9 9 3 7 1 6 3 1 3 4 8 3
 1 4 7 7 3 2 7 7 3 3 7 3 8 4 7 5 2 4 8 4 4 6 2 7 3 8]
[3 9 6 9 5 9 2 9 9 7 8 4 1 1 6 3 4 6 2 9 2 4 9 3 6 9 7 2 5 1 5 2 3 4 9 6 6
 8 2 4 9 2 1 8 3 5 7 8 3 4 5 4 5 9 4 5 1 1 6 4 8 4 9 9 3 7 1 6 3 1 3 4 8 3
 1 4 7 7 3 2 7 7 3 3 7 3 8 4 7 5 2 4 8 4 4 6 2 7 3 8]
[50, 13, 50, 37, 50, 38, 50, 50, 50, 50, 21, 36, 10, 27, 50, 50, 37, 50, 44, 50, 31, 50, 14, 50, 17, 34, 13, 38, 39, 50, 27, 33, 45, 50, 50, 35, 50, 23, 50, 50, 50, 10, 50, 50, 50, 50, 24, 50, 50, 40, 50, 50, 50, 50, 10, 11, 50, 34, 50, 50, 50, 29, 17, 50, 50, 30, 50, 50, 50, 47, 15, 22, 50, 17, 50, 21, 50, 35, 50, 49, 21, 44, 20, 50, 50, 50, 29, 50, 50, 10, 41, 50, 32, 50, 50, 50, 30, 50, 50, 50]
[0 0 0 0 0 0 0 0 0 0 0 0 0 0 0 0 0 0 0 0 0 0 0 0 0 0 0 0 0 0 0 0 0 0 0 0 0
 0 0 0 0 0 0 0 0 0 0 0 0 0 0 0 0 0 0 0 0 0 0 0 0 0 0 0 0 0 0 0 0 0 0 0 0 0
 0 0 0 0 0 0 0 0 0 0 0 0 0 0 0 0 0 0 0 0 0 0 0 0 0 0]
[1 1 1 1 1 1 1 1 1 1 1 1 1 1 1 1 1 1 1 1 1 1 1 1 1 1 1 1 1 1 1 1 1 1 1 1 1
 1 1 1 1 1 1 1 1 1 1 1 1 1 1 1 1 1 1 1 1 1 1 1 1 1 1 1 1 1 1 1 1 1 1 1 1 1
 1 1 1 1 1 1 1 1 1 1 1 1 1 1 1 1 1 1 1 1 1 1 1 1 1 1]
