[ 0  1  2  3  4  5  6  7  8  9 10 11 12 13 14 15 16 17 18 19 20 21 22 23
 24 25 26 27 28 29 30 31 32 33 34 35 36 37 38 39 40 41 42 43 44 45 46 47
 48 49 50 51 52 53 54 55 56 57 58 59 60 61 62 63 64 65 66 67 68 69 70 71
 72 73 74 75 76 77 78 79 80 81 82 83 84 85 86 87 88 89 90 91 92 93 94 95
 96 97 98 99]
[41 30 18 14 19 94 59 78 77 86 -1 -1 -1 86 -1 83 17 84 22 -1 -1 -1 -1  4
 55 88 -1 50 -1 20 -1 40 -1 27 12 28 -1 18 87 51 55 51 56 -1 -1 21 -1 94
 -1 91 75 69 -1 62 -1 49 10 84 57 55 -1 65 67 92 54 59 -1 -1 26 62 -1 -1
 -1 16 27 -1 14 -1 60 -1 85 68 38 96 98 84 -1 96 65 91 40 99 -1 -1 84 68
 95 -1 -1 -1]
[0 0 1 1 1 1 0 0 0 1 1 0 1 1 0 0 0 1 1 1 1 1 0 0 0 1 0 0 1 1 1 0 1 1 1 1 0
 1 1 1 1 1 1 1 0 1 1 0 1 1 1 0 0 1 0 0 1 0 0 0 0 0 1 1 1 1 1 1 0 1 0 1 1 0
 0 1 1 0 1 1 0 1 0 1 1 0 0 1 1 1 1 1 1 0 0 0 1 0 1 0]
[3 0 0 0 2 3 0 3 0 0 0 3 1 0 0 0 1 4 0 3 2 1 1 0 0 4 3 0 0 1 2 0 2 3 0 0 4
 1 0 0 4 2 3 1 2 0 1 0 1 0 0 2 1 2 3 0 4 3 4 1 0 0 3 2 4 0 0 0 0 0 0 4 1 0
 0 2 3 1 0 3 3 4 0 4 0 0 0 2 3 0 2 0 0 2 0 0 1 4 4 3]
[3 0 0 0 2 3 0 3 0 0 0 3 1 0 0 0 1 4 0 3 2 1 1 0 0 4 3 0 0 1 2 0 2 3 0 0 4
 1 0 0 4 2 3 1 2 0 1 0 1 0 0 2 1 2 3 0 4 3 4 1 0 0 3 2 4 0 0 0 0 0 0 4 1 0
 0 2 3 1 0 3 3 4 0 4 0 0 0 2 3 0 2 0 0 2 0 0 1 4 4 3]
[7 2 8 1 1 4 1 1 1 7 2 2 8 9 4 3 8 6 5 6 2 4 8 2 2 3 7 5 8 5 2 9 9 5 8 8 1
 7 7 9 4 7 4 7 7 5 4 4 8 8 6 6 5 2 4 7 5 3 4 7 2 6 5 4 8 1 5 4 6 4 5 5 6 5
 4 4 7 7 4 4 9 8 1 1 4 5 1 1 3 1 5 7 2 5 3 6 7 1 2 6]
[7 2 8 1 1 4 1 1 1 7 2 2 8 9 4 3 8 6 5 6 2 4 8 2 2 3 7 5 8 5 2 9 9 5 8 8 1
 7 7 9 4 7 4 7 7 5 4 4 8 8 6 6 5 2 4 7 5 3 4 7 2 6 5 4 8 1 5 4 6 4 5 5 6 5
 4 4 7 7 4 4 9 8 1 1 4 5 1 1 3 1 5 7 2 5 3 6 7 1 2 6]
[50, 47, 24, 10, 24, 50, 19, 50, 32, 38, 50, 50, 50, 50, 50, 49, 21, 50, 50, 50, 50, 36, 50, 50, 50, 39, 41, 14, 43, 21, 27, 50, 50, 42, 50, 12, 11, 50, 24, 50, 50, 50, 50, 39, 50, 50, 38, 50, 15, 36, 50, 43, 50, 35, 25, 50, 30, 50, 50, 50, 50, 50, 15, 50, 44, 47, 11, 31, 15, 50, 29, 50, 50, 12, 50, 50, 50, 36, 50, 50, 50, 48, 11, 50, 49, 50, 20, 33, 50, 10, 32, 17, 50, 50, 32, 50, 50, 23, 50, 50]
[0 0 0 0 0 0 0 0 0 0 0 0 0 0 0 0 0 0 0 0 0 0 0 0 0 0 0 0 0 0 0 0 0 0 0 0 0
 0 0 0 0 0 0 0 0 0 0 0 0 0 0 0 0 0 0 0 0 0 0 0 0 0 0 0 0 0 0 0 0 0 0 0 0 0
 0 0 0 0 0 0 0 0 0 0 0 0 0 0 0 0 0 0 0 0 0 0 0 0 0 0]
[1 1 1 1 1 1 1 1 1 1 1 1 1 1 1 1 1 1 1 1 1 1 1 1 1 1 1 1 1 1 1 1 1 1 1 1 1
 1 1 1 1 1 1 1 1 1 1 1 1 1 1 1 1 1 1 1 1 1 1 1 1 1 1 1 1 1 1 1 1 1 1 1 1 1
 1 1 1 1 1 1 1 1 1 1 1 1 1 1 1 1 1 1 1 1 1 1 1 1 1 1]
