[ 0  1  2  3  4  5  6  7  8  9 10 11 12 13 14 15 16 17 18 19 20 21 22 23
 24 25 26 27 28 29 30 31 32 33 34 35 36 37 38 39 40 41 42 43 44 45 46 47
 48 49 50 51 52 53 54 55 56 57 58 59 60 61 62 63 64 65 66 67 68 69 70 71
 72 73 74 75 76 77 78 79 80 81 82 83 84 85 86 87 88 89 90 91 92 93 94 95
 96 97 98 99]
[97 35 93 89 24 -1 29 -1 -1 26 48 76 -1  5 -1 60 -1 33 92 -1 78 16 41 25
 -1 -1 -1 55 31 -1 -1 68 93 -1 49 43 95 -1 56 -1 -1 77 -1 -1  2 76 67 -1
 -1 16 -1 -1 33 -1 15 69 -1 78 12 15 61 -1 56 95 -1 -1 -1 57 20 -1 31 73
 27 -1 24 29 33 72 51 81 49 -1 24 35 95 98 84 59  7 -1 34 59 43 23  9 21
 -1 41  9 25]
[0 1 0 0 1 1 1 0 0 0 1 1 1 1 0 0 0 0 0 1 1 1 1 0 1 0 0 0 0 0 1 0 1 0 0 1 1
 1 1 0 0 0 1 0 0 0 0 0 0 1 0 0 0 0 1 0 1 0 1 0 0 0 0 0 1 0 0 0 0 1 0 1 1 1
 0 0 1 1 1 0 1 0 1 1 0 0 0 1 0 1 0 1 1 1 1 0 0 1 1 0]
[0 0 0 0 2 2 4 2 0 1 3 2 2 3 1 2 1 0 4 0 2 0 4 3 2 0 0 1 3 0 1 0 0 0 4 0 2
 0 4 3 0 1 0 4 0 2 0 3 4 4 3 1 0 0 4 0 0 4 4 0 1 2 4 1 4 3 1 1 4 3 0 0 0 1
 0 0 0 0 0 0 0 0 0 0 3 0 0 2 4 4 3 1 0 0 0 0 0 0 0 4]
[0 0 0 0 2 2 4 2 0 1 3 2 2 3 1 2 1 0 4 0 2 0 4 3 2 0 0 1 3 0 1 0 0 0 4 0 2
 0 4 3 0 1 0 4 0 2 0 3 4 4 3 1 0 0 4 0 0 4 4 0 1 2 4 1 4 3 1 1 4 3 0 0 0 1
 0 0 0 0 0 0 0 0 0 0 3 0 0 2 4 4 3 1 0 0 0 0 0 0 0 4]
[2 9 3 6 2 4 7 4 5 7 7 3 6 5 4 4 3 9 5 6 9 1 3 5 9 8 8 7 7 2 1 4 8 3 2 2 1
 3 9 6 6 6 6 5 1 8 7 8 5 6 7 8 4 9 2 6 5 7 4 2 7 2 1 7 4 7 8 7 5 7 6 4 8 5
 9 7 3 9 8 2 9 8 3 6 4 5 8 5 3 7 8 2 8 1 3 9 3 7 8 1]
[2 9 3 6 2 4 7 4 5 7 7 3 6 5 4 4 3 9 5 6 9 1 3 5 9 8 8 7 7 2 1 4 8 3 2 2 1
 3 9 6 6 6 6 5 1 8 7 8 5 6 7 8 4 9 2 6 5 7 4 2 7 2 1 7 4 7 8 7 5 7 6 4 8 5
 9 7 3 9 8 2 9 8 3 6 4 5 8 5 3 7 8 2 8 1 3 9 3 7 8 1]
[50, 12, 50, 25, 50, 50, 50, 50, 50, 39, 50, 35, 18, 50, 43, 50, 41, 30, 50, 26, 17, 10, 27, 50, 13, 22, 50, 15, 21, 50, 16, 50, 50, 35, 50, 50, 34, 48, 50, 49, 28, 50, 37, 50, 50, 12, 42, 20, 50, 50, 47, 50, 50, 50, 50, 26, 50, 50, 50, 24, 50, 50, 50, 50, 50, 50, 18, 35, 34, 23, 50, 50, 50, 22, 50, 50, 50, 37, 50, 48, 50, 50, 50, 39, 50, 15, 50, 50, 50, 50, 21, 10, 26, 50, 21, 50, 50, 19, 20, 50]
[0 0 0 0 0 0 0 0 0 0 0 0 0 0 0 0 0 0 0 0 0 0 0 0 0 0 0 0 0 0 0 0 0 0 0 0 0
 0 0 0 0 0 0 0 0 0 0 0 0 0 0 0 0 0 0 0 0 0 0 0 0 0 0 0 0 0 0 0 0 0 0 0 0 0
 0 0 0 0 0 0 0 0 0 0 0 0 0 0 0 0 0 0 0 0 0 0 0 0 0 0]
[1 1 1 1 1 1 1 1 1 1 1 1 1 1 1 1 1 1 1 1 1 1 1 1 1 1 1 1 1 1 1 1 1 1 1 1 1
 1 1 1 1 1 1 1 1 1 1 1 1 1 1 1 1 1 1 1 1 1 1 1 1 1 1 1 1 1 1 1 1 1 1 1 1 1
 1 1 1 1 1 1 1 1 1 1 1 1 1 1 1 1 1 1 1 1 1 1 1 1 1 1]
