[ 0  1  2  3  4  5  6  7  8  9 10 11 12 13 14 15 16 17 18 19 20 21 22 23
 24 25 26 27 28 29 30 31 32 33 34 35 36 37 38 39 40 41 42 43 44 45 46 47
 48 49 50 51 52 53 54 55 56 57 58 59 60 61 62 63 64 65 66 67 68 69 70 71
 72 73 74 75 76 77 78 79 80 81 82 83 84 85 86 87 88 89 90 91 92 93 94 95
 96 97 98 99]
[16 24 80 46 82 34 12 -1 76 62 -1 -1 81  1 25 78 59 -1 19 -1 -1 -1 92 49
 -1 10 -1 23 55 -1 -1 10 33 11 -1 96 -1 58 69 41 14 -1 47 -1 -1 19 -1 31
 -1  3 -1 80 28 68 80 24 -1 -1 38 46 79 59 30 41 96 52 -1 -1 -1 13 39 -1
 96 85 75 -1 -1 -1 52 50 24 72 -1  4 -1 69 -1 -1 -1  0 -1 14 75 56 -1 52
  5 81 62 -1]
[0 0 0 1 0 1 0 1 0 0 0 0 0 1 0 1 1 0 0 1 1 0 0 0 1 1 0 1 0 1 0 0 1 1 1 0 1
 1 0 0 1 1 1 1 1 1 1 0 0 0 0 0 0 0 1 1 0 0 1 0 0 0 1 1 0 1 0 0 1 1 0 0 0 0
 0 1 0 0 0 1 1 1 0 1 0 0 0 0 1 1 1 1 1 0 1 0 1 1 1 1]
[4 2 0 1 0 0 1 2 0 0 0 2 4 0 0 0 3 3 3 0 0 2 4 0 2 4 1 0 0 0 0 0 0 4 0 0 4
 1 0 1 2 0 0 2 0 1 0 2 1 0 1 0 0 1 0 0 2 0 0 0 1 0 2 3 3 0 0 0 3 3 3 0 4 0
 2 3 0 0 3 0 1 4 0 0 3 2 0 1 2 0 4 2 0 0 0 0 0 4 0 0]
[4 2 0 1 0 0 1 2 0 0 0 2 4 0 0 0 3 3 3 0 0 2 4 0 2 4 1 0 0 0 0 0 0 4 0 0 4
 1 0 1 2 0 0 2 0 1 0 2 1 0 1 0 0 1 0 0 2 0 0 0 1 0 2 3 3 0 0 0 3 3 3 0 4 0
 2 3 0 0 3 0 1 4 0 0 3 2 0 1 2 0 4 2 0 0 0 0 0 4 0 0]
[5 4 9 7 1 9 2 1 9 4 1 3 3 9 8 1 3 6 1 9 8 4 5 5 9 3 1 1 2 5 7 8 8 3 2 2 6
 5 5 9 4 4 9 1 8 8 9 5 9 2 4 8 5 5 3 1 3 1 1 3 9 9 9 6 4 5 3 6 7 2 9 1 3 3
 1 8 5 3 4 6 9 5 1 8 8 4 6 8 9 1 6 1 1 8 9 1 7 1 7 6]
[5 4 9 7 1 9 2 1 9 4 1 3 3 9 8 1 3 6 1 9 8 4 5 5 9 3 1 1 2 5 7 8 8 3 2 2 6
 5 5 9 4 4 9 1 8 8 9 5 9 2 4 8 5 5 3 1 3 1 1 3 9 9 9 6 4 5 3 6 7 2 9 1 3 3
 1 8 5 3 4 6 9 5 1 8 8 4 6 8 9 1 6 1 1 8 9 1 7 1 7 6]
[50, 50, 50, 20, 39, 37, 24, 18, 45, 50, 12, 48, 23, 28, 50, 50, 42, 22, 15, 34, 50, 16, 29, 18, 40, 46, 50, 50, 50, 50, 46, 50, 34, 48, 50, 50, 50, 50, 23, 50, 33, 50, 50, 32, 43, 21, 35, 30, 50, 50, 50, 50, 50, 50, 14, 50, 50, 40, 50, 36, 50, 25, 50, 50, 47, 27, 37, 50, 36, 39, 50, 50, 50, 49, 40, 32, 42, 50, 50, 27, 42, 28, 50, 44, 34, 50, 23, 25, 28, 16, 50, 50, 50, 38, 18, 50, 26, 50, 50, 36]
[0 0 0 0 0 0 0 0 0 0 0 0 0 0 0 0 0 0 0 0 0 0 0 0 0 0 0 0 0 0 0 0 0 0 0 0 0
 0 0 0 0 0 0 0 0 0 0 0 0 0 0 0 0 0 0 0 0 0 0 0 0 0 0 0 0 0 0 0 0 0 0 0 0 0
 0 0 0 0 0 0 0 0 0 0 0 0 0 0 0 0 0 0 0 0 0 0 0 0 0 0]
[1 1 1 1 1 1 1 1 1 1 1 1 1 1 1 1 1 1 1 1 1 1 1 1 1 1 1 1 1 1 1 1 1 1 1 1 1
 1 1 1 1 1 1 1 1 1 1 1 1 1 1 1 1 1 1 1 1 1 1 1 1 1 1 1 1 1 1 1 1 1 1 1 1 1
 1 1 1 1 1 1 1 1 1 1 1 1 1 1 1 1 1 1 1 1 1 1 1 1 1 1]
