[ 0  1  2  3  4  5  6  7  8  9 10 11 12 13 14 15 16 17 18 19 20 21 22 23
 24 25 26 27 28 29 30 31 32 33 34 35 36 37 38 39 40 41 42 43 44 45 46 47
 48 49 50 51 52 53 54 55 56 57 58 59 60 61 62 63 64 65 66 67 68 69 70 71
 72 73 74 75 76 77 78 79 80 81 82 83 84 85 86 87 88 89 90 91 92 93 94 95
 96 97 98 99]
[-1 19 -1 78  8 -1 19 -1 76  0 -1 -1 -1 64 -1 50  8 16 -1 46 18 67 -1 -1
 23 37 18 -1 -1 96 -1 -1 41 82  1 74 -1 -1 -1 62 81 -1 -1  7 -1 11 47 -1
 37 61 -1 50 55 10 -1 64 14 -1 34 -1 -1 51 46  5 -1 28 84 94 -1 67 -1 -1
  9 57 -1 87 27  7 40 69 29 30 45 28 78 82 67 16 25 46 -1 67 19 -1 61 11
 50 94 16 68]
[1 1 1 0 1 1 0 1 0 1 0 0 0 0 1 0 1 1 1 0 0 0 0 0 1 0 0 0 0 0 1 0 1 0 1 1 1
 1 1 0 0 0 1 1 1 0 0 1 0 0 1 1 0 1 0 0 0 1 1 1 1 0 0 1 0 0 1 0 1 0 0 0 0 0
 0 0 0 0 0 1 1 1 1 1 0 0 0 0 0 1 1 0 0 0 1 0 0 0 0 0]
[4 2 2 2 1 0 0 0 0 0 0 4 3 0 0 1 0 1 0 4 0 1 0 0 2 3 4 3 4 2 2 0 4 0 0 2 0
 0 3 1 0 0 1 0 3 4 0 0 1 0 0 0 0 0 0 0 0 4 3 4 3 0 0 0 0 0 0 2 2 0 2 1 4 0
 0 3 0 4 0 0 3 0 0 1 0 1 0 3 3 0 0 0 0 3 0 0 3 0 0 2]
[4 2 2 2 1 0 0 0 0 0 0 4 3 0 0 1 0 1 0 4 0 1 0 0 2 3 4 3 4 2 2 0 4 0 0 2 0
 0 3 1 0 0 1 0 3 4 0 0 1 0 0 0 0 0 0 0 0 4 3 4 3 0 0 0 0 0 0 2 2 0 2 1 4 0
 0 3 0 4 0 0 3 0 0 1 0 1 0 3 3 0 0 0 0 3 0 0 3 0 0 2]
[4 6 2 1 9 6 2 5 9 7 1 5 5 5 1 9 5 1 5 6 6 9 4 3 8 3 1 4 4 6 8 7 9 8 8 9 9
 5 4 1 8 7 8 1 8 2 8 2 3 2 7 1 8 9 6 1 1 7 8 4 7 9 1 4 5 4 6 7 1 9 9 5 1 7
 6 9 2 9 5 3 9 7 3 6 9 1 9 7 1 9 7 4 8 5 1 2 1 2 3 7]
[4 6 2 1 9 6 2 5 9 7 1 5 5 5 1 9 5 1 5 6 6 9 4 3 8 3 1 4 4 6 8 7 9 8 8 9 9
 5 4 1 8 7 8 1 8 2 8 2 3 2 7 1 8 9 6 1 1 7 8 4 7 9 1 4 5 4 6 7 1 9 9 5 1 7
 6 9 2 9 5 3 9 7 3 6 9 1 9 7 1 9 7 4 8 5 1 2 1 2 3 7]
[50, 50, 50, 41, 50, 50, 50, 20, 16, 50, 16, 39, 50, 50, 49, 18, 50, 31, 45, 50, 22, 17, 29, 50, 50, 50, 46, 12, 40, 37, 50, 41, 50, 50, 50, 50, 50, 25, 50, 50, 45, 50, 41, 50, 50, 31, 50, 35, 36, 43, 50, 50, 45, 50, 50, 42, 50, 30, 25, 50, 10, 50, 50, 32, 50, 15, 50, 50, 50, 29, 32, 50, 50, 50, 50, 43, 50, 33, 10, 50, 50, 34, 50, 31, 11, 50, 30, 50, 26, 48, 50, 50, 50, 27, 13, 20, 25, 10, 22, 32]
[0 0 0 0 0 0 0 0 0 0 0 0 0 0 0 0 0 0 0 0 0 0 0 0 0 0 0 0 0 0 0 0 0 0 0 0 0
 0 0 0 0 0 0 0 0 0 0 0 0 0 0 0 0 0 0 0 0 0 0 0 0 0 0 0 0 0 0 0 0 0 0 0 0 0
 0 0 0 0 0 0 0 0 0 0 0 0 0 0 0 0 0 0 0 0 0 0 0 0 0 0]
[1 1 1 1 1 1 1 1 1 1 1 1 1 1 1 1 1 1 1 1 1 1 1 1 1 1 1 1 1 1 1 1 1 1 1 1 1
 1 1 1 1 1 1 1 1 1 1 1 1 1 1 1 1 1 1 1 1 1 1 1 1 1 1 1 1 1 1 1 1 1 1 1 1 1
 1 1 1 1 1 1 1 1 1 1 1 1 1 1 1 1 1 1 1 1 1 1 1 1 1 1]
