[ 0  1  2  3  4  5  6  7  8  9 10 11 12 13 14 15 16 17 18 19 20 21 22 23
 24 25 26 27 28 29 30 31 32 33 34 35 36 37 38 39 40 41 42 43 44 45 46 47
 48 49 50 51 52 53 54 55 56 57 58 59 60 61 62 63 64 65 66 67 68 69 70 71
 72 73 74 75 76 77 78 79 80 81 82 83 84 85 86 87 88 89 90 91 92 93 94 95
 96 97 98 99]
[ 6 88 32 53  9 79 99 -1 59 51 -1 -1 -1 82  7 30 82 -1 37 98 45 62 38 69
 56 -1 -1 94 -1 59 97 -1 59 90 29  1 12  5 53 -1 14 -1 30 -1 73  2 22 -1
 53 37 -1 34 16  8  4  5 -1 51 74 -1 67 -1 -1 32  2 54 -1 94 38 54 74 -1
 98 -1 19 30 -1 27 -1 54 -1 36 70 -1 37 60 -1 69 -1 -1 44 -1 -1 63 44 -1
 -1 -1 32 -1]
[1 1 0 0 1 0 0 1 0 1 0 1 0 0 0 1 0 1 1 1 0 0 1 1 1 1 0 0 0 1 1 1 1 0 1 0 0
 1 0 0 1 1 0 0 1 1 1 1 1 1 0 0 0 0 0 1 0 0 1 1 1 1 0 1 1 0 1 0 1 1 1 1 1 0
 0 1 0 0 1 1 0 0 1 1 1 1 0 1 0 0 1 1 1 1 1 0 1 1 0 1]
[0 4 4 0 0 1 2 0 0 0 3 2 0 0 0 0 0 0 1 3 1 2 1 4 0 0 0 0 0 0 0 4 0 0 0 3 0
 3 1 4 3 0 0 0 4 0 3 0 0 4 1 0 0 0 1 0 1 2 0 0 3 0 0 1 3 1 0 3 0 0 0 0 0 0
 1 3 2 0 0 2 0 0 0 3 4 0 3 3 0 0 2 4 0 1 0 0 3 0 2 2]
[0 4 4 0 0 1 2 0 0 0 3 2 0 0 0 0 0 0 1 3 1 2 1 4 0 0 0 0 0 0 0 4 0 0 0 3 0
 3 1 4 3 0 0 0 4 0 3 0 0 4 1 0 0 0 1 0 1 2 0 0 3 0 0 1 3 1 0 3 0 0 0 0 0 0
 1 3 2 0 0 2 0 0 0 3 4 0 3 3 0 0 2 4 0 1 0 0 3 0 2 2]
[1 1 7 8 7 4 3 1 1 4 8 1 9 9 6 6 1 5 9 6 9 3 6 6 3 5 6 2 3 6 9 8 7 1 2 8 5
 3 8 8 5 4 9 6 3 8 3 1 3 5 5 2 2 3 1 5 2 4 4 6 7 7 3 6 2 7 8 7 2 3 9 4 3 8
 9 2 3 5 9 3 9 2 8 5 9 2 7 5 3 5 2 1 6 6 2 4 5 3 6 1]
[1 1 7 8 7 4 3 1 1 4 8 1 9 9 6 6 1 5 9 6 9 3 6 6 3 5 6 2 3 6 9 8 7 1 2 8 5
 3 8 8 5 4 9 6 3 8 3 1 3 5 5 2 2 3 1 5 2 4 4 6 7 7 3 6 2 7 8 7 2 3 9 4 3 8
 9 2 3 5 9 3 9 2 8 5 9 2 7 5 3 5 2 1 6 6 2 4 5 3 6 1]
[28, 50, 50, 50, 50, 50, 50, 35, 34, 50, 30, 14, 50, 22, 50, 50, 34, 16, 36, 14, 16, 36, 48, 50, 50, 50, 50, 27, 50, 30, 50, 39, 38, 50, 29, 50, 50, 16, 40, 43, 50, 16, 50, 22, 45, 50, 50, 50, 21, 22, 50, 29, 50, 44, 50, 38, 50, 37, 50, 49, 50, 50, 50, 26, 50, 50, 50, 10, 50, 50, 40, 36, 37, 50, 42, 50, 41, 50, 50, 20, 19, 26, 50, 50, 50, 35, 44, 50, 10, 50, 21, 10, 45, 43, 50, 50, 32, 50, 46, 19]
[0 0 0 0 0 0 0 0 0 0 0 0 0 0 0 0 0 0 0 0 0 0 0 0 0 0 0 0 0 0 0 0 0 0 0 0 0
 0 0 0 0 0 0 0 0 0 0 0 0 0 0 0 0 0 0 0 0 0 0 0 0 0 0 0 0 0 0 0 0 0 0 0 0 0
 0 0 0 0 0 0 0 0 0 0 0 0 0 0 0 0 0 0 0 0 0 0 0 0 0 0]
[1 1 1 1 1 1 1 1 1 1 1 1 1 1 1 1 1 1 1 1 1 1 1 1 1 1 1 1 1 1 1 1 1 1 1 1 1
 1 1 1 1 1 1 1 1 1 1 1 1 1 1 1 1 1 1 1 1 1 1 1 1 1 1 1 1 1 1 1 1 1 1 1 1 1
 1 1 1 1 1 1 1 1 1 1 1 1 1 1 1 1 1 1 1 1 1 1 1 1 1 1]
