[ 0  1  2  3  4  5  6  7  8  9 10 11 12 13 14 15 16 17 18 19 20 21 22 23
 24 25 26 27 28 29 30 31 32 33 34 35 36 37 38 39 40 41 42 43 44 45 46 47
 48 49 50 51 52 53 54 55 56 57 58 59 60 61 62 63 64 65 66 67 68 69 70 71
 72 73 74 75 76 77 78 79 80 81 82 83 84 85 86 87 88 89 90 91 92 93 94 95
 96 97 98 99]
[-1 -1 85 61 55 93 75 -1 -1 64 -1 12 92 -1 -1 46 78 -1 -1 -1 92 59 -1 11
 -1 -1 -1 85 -1 78 -1 -1 -1 -1 -1 97 66 40 91 -1 86 -1 74 -1 -1 -1 70 -1
 39 48 92 -1  4 43 26 -1 68 -1 37 74 -1 96 -1 -1 39 -1 -1 10 90 -1 -1 -1
 29 -1 88 -1 82 20 -1 73 61 -1 -1  3 -1 18 72 -1 25 29 73 -1 -1 -1 25 -1
 -1 -1 -1 39]
[0 0 1 1 1 1 0 0 0 0 0 0 0 1 1 1 0 1 1 0 0 1 1 0 1 0 0 0 0 0 0 0 1 1 1 0 0
 1 0 1 0 1 1 1 0 1 0 1 1 0 1 1 0 1 0 1 0 0 1 1 0 1 0 0 1 0 0 1 0 1 1 1 0 0
 0 1 0 1 0 1 1 1 0 0 1 1 1 0 0 1 0 1 1 1 1 0 0 0 0 1]
[4 0 4 3 0 3 2 0 2 2 4 2 0 3 0 4 2 0 0 3 2 0 0 0 2 1 0 4 1 0 0 4 0 0 0 0 1
 0 0 0 0 0 0 2 0 2 1 3 2 2 1 0 3 4 3 2 2 0 0 1 3 2 4 0 0 3 0 1 0 1 1 0 0 0
 0 0 4 0 3 3 3 4 0 0 3 0 3 4 0 4 3 2 0 2 1 1 4 0 3 0]
[4 0 4 3 0 3 2 0 2 2 4 2 0 3 0 4 2 0 0 3 2 0 0 0 2 1 0 4 1 0 0 4 0 0 0 0 1
 0 0 0 0 0 0 2 0 2 1 3 2 2 1 0 3 4 3 2 2 0 0 1 3 2 4 0 0 3 0 1 0 1 1 0 0 0
 0 0 4 0 3 3 3 4 0 0 3 0 3 4 0 4 3 2 0 2 1 1 4 0 3 0]
[4 8 2 5 6 8 5 2 7 1 2 6 1 3 7 4 4 2 1 6 7 2 9 1 5 4 9 2 7 3 9 2 8 1 2 8 2
 1 6 2 8 7 2 9 3 8 9 2 7 8 6 5 7 3 6 2 6 3 9 6 9 3 5 5 5 6 4 3 1 5 7 8 7 6
 4 4 3 5 1 8 9 6 8 2 8 1 4 9 8 8 1 3 1 4 7 7 1 4 6 6]
[4 8 2 5 6 8 5 2 7 1 2 6 1 3 7 4 4 2 1 6 7 2 9 1 5 4 9 2 7 3 9 2 8 1 2 8 2
 1 6 2 8 7 2 9 3 8 9 2 7 8 6 5 7 3 6 2 6 3 9 6 9 3 5 5 5 6 4 3 1 5 7 8 7 6
 4 4 3 5 1 8 9 6 8 2 8 1 4 9 8 8 1 3 1 4 7 7 1 4 6 6]
[12, 50, 34, 30, 50, 50, 42, 50, 50, 13, 50, 28, 50, 28, 23, 50, 50, 50, 50, 50, 14, 39, 11, 26, 50, 50, 50, 50, 32, 46, 18, 35, 50, 50, 35, 45, 33, 50, 19, 50, 50, 50, 45, 50, 50, 50, 50, 50, 50, 50, 25, 47, 48, 20, 30, 50, 46, 50, 50, 49, 50, 50, 50, 34, 10, 19, 34, 50, 16, 50, 35, 46, 49, 28, 50, 40, 38, 21, 50, 32, 49, 32, 50, 50, 46, 25, 31, 50, 14, 13, 50, 31, 31, 27, 50, 50, 31, 45, 50, 50]
[0 0 0 0 0 0 0 0 0 0 0 0 0 0 0 0 0 0 0 0 0 0 0 0 0 0 0 0 0 0 0 0 0 0 0 0 0
 0 0 0 0 0 0 0 0 0 0 0 0 0 0 0 0 0 0 0 0 0 0 0 0 0 0 0 0 0 0 0 0 0 0 0 0 0
 0 0 0 0 0 0 0 0 0 0 0 0 0 0 0 0 0 0 0 0 0 0 0 0 0 0]
[1 1 1 1 1 1 1 1 1 1 1 1 1 1 1 1 1 1 1 1 1 1 1 1 1 1 1 1 1 1 1 1 1 1 1 1 1
 1 1 1 1 1 1 1 1 1 1 1 1 1 1 1 1 1 1 1 1 1 1 1 1 1 1 1 1 1 1 1 1 1 1 1 1 1
 1 1 1 1 1 1 1 1 1 1 1 1 1 1 1 1 1 1 1 1 1 1 1 1 1 1]
