[ 0  1  2  3  4  5  6  7  8  9 10 11 12 13 14 15 16 17 18 19 20 21 22 23
 24 25 26 27 28 29 30 31 32 33 34 35 36 37 38 39 40 41 42 43 44 45 46 47
 48 49 50 51 52 53 54 55 56 57 58 59 60 61 62 63 64 65 66 67 68 69 70 71
 72 73 74 75 76 77 78 79 80 81 82 83 84 85 86 87 88 89 90 91 92 93 94 95
 96 97 98 99]
[66 22 -1 92 -1 -1 22 60 -1 -1 -1 -1 -1 -1 99 38 75 74 72 -1 -1  2 51 67
 -1 45 87  6 45 62 82 -1 38 35  3 57 79 -1 -1 -1 64 -1 46  2 31 81 -1 -1
 -1 53 -1 42 81 25 -1 66 11 -1 -1 32 87 -1 -1 15 -1 -1 -1 -1  9 -1  8 -1
 96 26 -1 59 74 61 24 -1 92 70 15  5 69 36  2 37 -1 44 18 55 -1 53 -1 79
 -1 86 -1 67]
[0 1 0 1 1 0 0 1 1 0 0 0 1 0 0 1 0 0 0 0 0 1 0 0 0 0 1 0 1 1 0 0 0 1 0 1 1
 1 1 0 0 0 1 0 1 0 1 0 0 0 1 1 0 1 0 0 1 0 1 0 1 0 1 0 1 1 1 0 0 0 0 0 1 0
 0 0 0 0 0 0 1 0 1 1 0 0 0 1 0 1 0 0 0 1 0 0 0 0 0 0]
[0 0 1 4 0 0 0 3 1 2 1 1 0 0 0 2 2 0 2 1 0 2 0 0 0 4 2 1 1 3 2 0 2 0 1 0 1
 0 0 1 3 4 0 2 0 0 0 2 2 0 1 4 2 1 0 2 0 4 0 1 3 2 0 3 0 0 2 1 0 0 0 2 0 1
 2 0 1 0 2 0 2 3 0 2 2 0 0 1 3 0 4 1 4 4 1 0 1 0 4 4]
[0 0 1 4 0 0 0 3 1 2 1 1 0 0 0 2 2 0 2 1 0 2 0 0 0 4 2 1 1 3 2 0 2 0 1 0 1
 0 0 1 3 4 0 2 0 0 0 2 2 0 1 4 2 1 0 2 0 4 0 1 3 2 0 3 0 0 2 1 0 0 0 2 0 1
 2 0 1 0 2 0 2 3 0 2 2 0 0 1 3 0 4 1 4 4 1 0 1 0 4 4]
[7 7 9 3 4 2 7 7 9 3 4 1 4 4 9 6 7 3 3 2 4 6 5 8 8 3 4 7 8 9 9 5 7 2 4 6 8
 2 3 8 2 2 8 5 5 8 8 9 3 7 7 2 1 3 8 1 3 5 8 1 5 8 4 1 7 9 5 6 4 7 4 6 2 8
 5 7 1 6 8 8 9 8 3 2 7 9 4 8 2 5 1 8 1 7 1 7 2 2 7 8]
[7 7 9 3 4 2 7 7 9 3 4 1 4 4 9 6 7 3 3 2 4 6 5 8 8 3 4 7 8 9 9 5 7 2 4 6 8
 2 3 8 2 2 8 5 5 8 8 9 3 7 7 2 1 3 8 1 3 5 8 1 5 8 4 1 7 9 5 6 4 7 4 6 2 8
 5 7 1 6 8 8 9 8 3 2 7 9 4 8 2 5 1 8 1 7 1 7 2 2 7 8]
[50, 50, 21, 50, 50, 25, 50, 50, 18, 48, 12, 50, 50, 50, 50, 22, 50, 39, 50, 50, 42, 46, 50, 50, 28, 50, 50, 43, 37, 13, 33, 50, 35, 50, 36, 29, 50, 50, 50, 50, 10, 50, 50, 11, 50, 50, 50, 20, 41, 35, 50, 50, 46, 46, 50, 50, 50, 15, 23, 50, 16, 28, 17, 21, 17, 50, 50, 10, 50, 50, 50, 50, 15, 33, 50, 34, 50, 50, 38, 43, 50, 22, 50, 17, 48, 50, 12, 50, 50, 50, 39, 20, 48, 50, 19, 35, 50, 50, 50, 44]
[0 0 0 0 0 0 0 0 0 0 0 0 0 0 0 0 0 0 0 0 0 0 0 0 0 0 0 0 0 0 0 0 0 0 0 0 0
 0 0 0 0 0 0 0 0 0 0 0 0 0 0 0 0 0 0 0 0 0 0 0 0 0 0 0 0 0 0 0 0 0 0 0 0 0
 0 0 0 0 0 0 0 0 0 0 0 0 0 0 0 0 0 0 0 0 0 0 0 0 0 0]
[1 1 1 1 1 1 1 1 1 1 1 1 1 1 1 1 1 1 1 1 1 1 1 1 1 1 1 1 1 1 1 1 1 1 1 1 1
 1 1 1 1 1 1 1 1 1 1 1 1 1 1 1 1 1 1 1 1 1 1 1 1 1 1 1 1 1 1 1 1 1 1 1 1 1
 1 1 1 1 1 1 1 1 1 1 1 1 1 1 1 1 1 1 1 1 1 1 1 1 1 1]
