[ 0  1  2  3  4  5  6  7  8  9 10 11 12 13 14 15 16 17 18 19 20 21 22 23
 24 25 26 27 28 29 30 31 32 33 34 35 36 37 38 39 40 41 42 43 44 45 46 47
 48 49 50 51 52 53 54 55 56 57 58 59 60 61 62 63 64 65 66 67 68 69 70 71
 72 73 74 75 76 77 78 79 80 81 82 83 84 85 86 87 88 89 90 91 92 93 94 95
 96 97 98 99]
[-1 -1 10  0 -1 24 -1 72 -1 -1 35 31 -1 -1 57 -1 92 -1 55 40  6 17 92 68
  6 12 -1 -1 77 62 48 19 81 68 -1 -1 61 -1 23  7 -1 -1 -1 83  9 89  9 20
 -1 -1 79 59 -1 23 31 -1  9 -1 70 -1 35 -1 -1 91  7 -1  5 79 21 54 -1 64
 18 -1 -1 -1 84 38 94 91 -1 46 25 99 59 -1 -1 -1 -1 55 83 -1 18 51 35 39
 14 29 -1 21]
[0 0 1 1 1 0 0 1 0 0 1 1 0 0 1 1 0 1 1 1 1 0 0 1 1 1 1 0 0 0 0 1 0 0 0 0 1
 0 1 0 0 0 0 1 0 1 0 0 0 1 0 1 0 1 1 1 0 0 0 0 0 0 0 0 0 1 1 1 0 1 1 1 0 0
 1 0 1 0 0 1 0 1 1 0 0 0 0 1 0 0 0 0 0 0 0 1 1 1 0 1]
[0 0 3 4 0 0 0 3 0 0 0 1 0 4 1 0 0 1 3 0 0 0 1 0 0 0 0 4 0 0 3 0 1 1 3 3 4
 4 1 4 4 0 0 1 0 3 0 3 4 0 0 1 1 0 0 3 2 2 0 0 0 3 0 2 0 1 3 1 3 0 2 1 1 0
 0 0 3 0 2 0 0 0 3 0 0 0 0 0 0 1 0 0 4 0 0 1 2 0 0 2]
[0 0 3 4 0 0 0 3 0 0 0 1 0 4 1 0 0 1 3 0 0 0 1 0 0 0 0 4 0 0 3 0 1 1 3 3 4
 4 1 4 4 0 0 1 0 3 0 3 4 0 0 1 1 0 0 3 2 2 0 0 0 3 0 2 0 1 3 1 3 0 2 1 1 0
 0 0 3 0 2 0 0 0 3 0 0 0 0 0 0 1 0 0 4 0 0 1 2 0 0 2]
[8 4 1 6 3 3 8 1 3 2 5 3 1 9 6 6 9 7 1 5 4 1 3 8 1 1 1 7 6 1 8 8 8 4 8 2 3
 3 2 5 5 6 4 3 4 1 8 2 3 2 3 1 4 4 1 9 3 7 8 1 7 3 4 9 7 9 1 8 9 9 6 7 7 1
 1 3 8 2 2 7 2 1 1 8 3 3 8 2 9 9 2 3 4 8 5 4 5 3 5 8]
[8 4 1 6 3 3 8 1 3 2 5 3 1 9 6 6 9 7 1 5 4 1 3 8 1 1 1 7 6 1 8 8 8 4 8 2 3
 3 2 5 5 6 4 3 4 1 8 2 3 2 3 1 4 4 1 9 3 7 8 1 7 3 4 9 7 9 1 8 9 9 6 7 7 1
 1 3 8 2 2 7 2 1 1 8 3 3 8 2 9 9 2 3 4 8 5 4 5 3 5 8]
[50, 25, 50, 50, 19, 10, 37, 50, 34, 22, 15, 50, 45, 31, 50, 37, 50, 27, 50, 50, 40, 44, 39, 50, 50, 50, 19, 50, 13, 46, 50, 21, 50, 50, 49, 35, 29, 50, 15, 50, 50, 43, 16, 50, 33, 50, 50, 40, 28, 21, 50, 50, 50, 50, 50, 50, 47, 18, 50, 38, 50, 50, 35, 50, 15, 50, 43, 29, 50, 50, 50, 50, 48, 50, 50, 20, 34, 50, 50, 50, 50, 12, 14, 12, 50, 50, 50, 16, 22, 50, 50, 30, 50, 47, 41, 27, 50, 35, 41, 43]
[0 0 0 0 0 0 0 0 0 0 0 0 0 0 0 0 0 0 0 0 0 0 0 0 0 0 0 0 0 0 0 0 0 0 0 0 0
 0 0 0 0 0 0 0 0 0 0 0 0 0 0 0 0 0 0 0 0 0 0 0 0 0 0 0 0 0 0 0 0 0 0 0 0 0
 0 0 0 0 0 0 0 0 0 0 0 0 0 0 0 0 0 0 0 0 0 0 0 0 0 0]
[1 1 1 1 1 1 1 1 1 1 1 1 1 1 1 1 1 1 1 1 1 1 1 1 1 1 1 1 1 1 1 1 1 1 1 1 1
 1 1 1 1 1 1 1 1 1 1 1 1 1 1 1 1 1 1 1 1 1 1 1 1 1 1 1 1 1 1 1 1 1 1 1 1 1
 1 1 1 1 1 1 1 1 1 1 1 1 1 1 1 1 1 1 1 1 1 1 1 1 1 1]
