[ 0  1  2  3  4  5  6  7  8  9 10 11 12 13 14 15 16 17 18 19 20 21 22 23
 24 25 26 27 28 29 30 31 32 33 34 35 36 37 38 39 40 41 42 43 44 45 46 47
 48 49 50 51 52 53 54 55 56 57 58 59 60 61 62 63 64 65 66 67 68 69 70 71
 72 73 74 75 76 77 78 79 80 81 82 83 84 85 86 87 88 89 90 91 92 93 94 95
 96 97 98 99]
[-1 56 -1 49 -1 12 82 -1 -1 19 -1 -1 15 -1 74  4 98 78 -1 -1 25 -1 31  0
 64 55 49 -1 -1 -1 25 57 69 41 22 -1 -1 64 -1 71 -1 18 62 62 19 37 -1 -1
 -1 -1 -1 18 12 79 14 11 -1 43 92 22 40 -1 33 57 -1 48 74 -1 -1 81 17 -1
 32 32 -1 11 59 93 -1  4 41 65 -1 56 10 88 61 -1 73 48 -1 34 25 -1 36 -1
 25 27 65  7]
[0 0 0 0 0 1 0 0 0 1 0 1 0 0 0 1 0 1 0 0 1 0 0 0 1 0 0 1 1 0 1 1 1 1 1 1 0
 0 0 1 0 0 0 0 1 0 1 0 1 0 1 1 0 1 0 1 1 0 1 0 1 1 0 1 0 1 0 0 1 0 0 0 0 1
 0 0 1 1 1 1 1 1 1 0 0 0 1 1 1 1 1 1 1 1 1 0 1 1 1 0]
[0 4 2 2 0 0 2 0 3 4 0 1 0 0 0 4 0 0 4 0 0 0 0 2 2 2 0 4 3 1 0 3 2 0 0 3 4
 2 3 4 4 2 0 2 2 0 0 4 0 1 1 0 1 0 0 0 1 2 0 3 0 0 0 4 0 2 2 1 0 2 0 1 2 0
 3 0 0 0 1 0 0 0 0 0 4 0 3 0 0 3 0 0 2 0 0 0 0 1 1 0]
[0 4 2 2 0 0 2 0 3 4 0 1 0 0 0 4 0 0 4 0 0 0 0 2 2 2 0 4 3 1 0 3 2 0 0 3 4
 2 3 4 4 2 0 2 2 0 0 4 0 1 1 0 1 0 0 0 1 2 0 3 0 0 0 4 0 2 2 1 0 2 0 1 2 0
 3 0 0 0 1 0 0 0 0 0 4 0 3 0 0 3 0 0 2 0 0 0 0 1 1 0]
[9 7 2 3 3 8 8 8 3 9 9 7 5 4 5 4 5 4 1 1 2 8 3 3 7 1 4 1 8 5 2 9 2 5 5 9 7
 6 2 7 7 1 5 3 5 7 7 6 1 8 8 6 3 7 7 9 1 1 2 3 8 4 8 9 8 9 4 1 3 2 7 2 7 8
 1 6 4 1 2 1 1 9 8 6 9 9 7 9 7 1 4 2 9 2 9 4 6 1 7 8]
[9 7 2 3 3 8 8 8 3 9 9 7 5 4 5 4 5 4 1 1 2 8 3 3 7 1 4 1 8 5 2 9 2 5 5 9 7
 6 2 7 7 1 5 3 5 7 7 6 1 8 8 6 3 7 7 9 1 1 2 3 8 4 8 9 8 9 4 1 3 2 7 2 7 8
 1 6 4 1 2 1 1 9 8 6 9 9 7 9 7 1 4 2 9 2 9 4 6 1 7 8]
[50, 50, 29, 42, 50, 50, 22, 50, 18, 34, 50, 50, 50, 50, 50, 33, 50, 50, 45, 50, 50, 49, 50, 30, 17, 35, 41, 43, 18, 50, 45, 50, 22, 49, 50, 45, 10, 50, 21, 25, 50, 50, 36, 50, 50, 50, 50, 50, 50, 50, 42, 22, 50, 10, 14, 33, 50, 50, 29, 50, 50, 50, 50, 11, 50, 21, 50, 41, 43, 15, 50, 50, 50, 50, 33, 50, 50, 44, 24, 50, 50, 24, 43, 15, 46, 50, 10, 34, 20, 50, 47, 24, 34, 50, 49, 19, 31, 50, 50, 13]
[0 0 0 0 0 0 0 0 0 0 0 0 0 0 0 0 0 0 0 0 0 0 0 0 0 0 0 0 0 0 0 0 0 0 0 0 0
 0 0 0 0 0 0 0 0 0 0 0 0 0 0 0 0 0 0 0 0 0 0 0 0 0 0 0 0 0 0 0 0 0 0 0 0 0
 0 0 0 0 0 0 0 0 0 0 0 0 0 0 0 0 0 0 0 0 0 0 0 0 0 0]
[1 1 1 1 1 1 1 1 1 1 1 1 1 1 1 1 1 1 1 1 1 1 1 1 1 1 1 1 1 1 1 1 1 1 1 1 1
 1 1 1 1 1 1 1 1 1 1 1 1 1 1 1 1 1 1 1 1 1 1 1 1 1 1 1 1 1 1 1 1 1 1 1 1 1
 1 1 1 1 1 1 1 1 1 1 1 1 1 1 1 1 1 1 1 1 1 1 1 1 1 1]
