[ 0  1  2  3  4  5  6  7  8  9 10 11 12 13 14 15 16 17 18 19 20 21 22 23
 24 25 26 27 28 29 30 31 32 33 34 35 36 37 38 39 40 41 42 43 44 45 46 47
 48 49 50 51 52 53 54 55 56 57 58 59 60 61 62 63 64 65 66 67 68 69 70 71
 72 73 74 75 76 77 78 79 80 81 82 83 84 85 86 87 88 89 90 91 92 93 94 95
 96 97 98 99]
[88 -1 45 -1 -1 12 -1 25 54 84 -1 56 98 29  9 -1 47 33 72 87 26 27 -1 -1
 28 -1 73 38 70 14 59 -1  6 77 -1 54 -1 56 80 41  1 -1 -1 -1 -1 -1  9 28
 -1 60 66 92 -1 86 34  9 60 -1 26 -1 82 -1 65 33 -1  7 25 92 83 -1 83 84
 55 34 -1 47 29 32 13 -1 25 -1 -1 -1  4 -1 14 25 53 29 10 13 46 82 47 85
 56 81 99 24]
[0 1 1 1 0 0 1 1 1 1 1 1 0 1 0 1 1 0 0 1 1 0 0 0 1 1 0 1 1 1 1 0 1 1 1 0 1
 0 1 1 1 1 0 1 0 0 1 0 0 0 1 0 0 0 1 0 0 1 1 0 0 1 1 0 0 0 0 0 0 0 0 1 1 1
 0 0 0 1 1 0 0 1 1 1 1 0 1 0 1 1 1 1 1 0 0 1 1 1 0 1]
[0 0 0 1 0 0 3 4 0 0 0 0 0 2 0 3 0 2 0 2 0 2 0 2 0 3 0 1 0 0 0 0 0 4 0 1 0
 2 3 0 1 0 0 4 0 0 0 4 3 0 0 0 4 1 1 0 1 0 0 0 1 0 1 3 1 4 1 3 0 1 1 4 1 2
 3 2 2 2 1 0 4 0 4 2 0 0 4 4 0 0 0 4 1 0 0 0 4 0 0 0]
[0 0 0 1 0 0 3 4 0 0 0 0 0 2 0 3 0 2 0 2 0 2 0 2 0 3 0 1 0 0 0 0 0 4 0 1 0
 2 3 0 1 0 0 4 0 0 0 4 3 0 0 0 4 1 1 0 1 0 0 0 1 0 1 3 1 4 1 3 0 1 1 4 1 2
 3 2 2 2 1 0 4 0 4 2 0 0 4 4 0 0 0 4 1 0 0 0 4 0 0 0]
[6 1 2 3 3 8 7 6 2 4 2 6 7 4 2 4 1 2 2 3 8 4 3 5 9 1 2 8 4 8 9 5 9 9 4 5 5
 4 6 8 3 7 3 8 2 6 6 1 2 9 5 8 2 8 6 8 3 7 6 6 1 6 5 7 6 3 2 7 5 1 2 5 9 2
 6 4 4 8 3 3 2 8 2 1 2 9 2 9 7 5 3 4 4 6 9 9 7 1 8 4]
[6 1 2 3 3 8 7 6 2 4 2 6 7 4 2 4 1 2 2 3 8 4 3 5 9 1 2 8 4 8 9 5 9 9 4 5 5
 4 6 8 3 7 3 8 2 6 6 1 2 9 5 8 2 8 6 8 3 7 6 6 1 6 5 7 6 3 2 7 5 1 2 5 9 2
 6 4 4 8 3 3 2 8 2 1 2 9 2 9 7 5 3 4 4 6 9 9 7 1 8 4]
[14, 50, 50, 11, 34, 45, 35, 50, 40, 23, 50, 17, 50, 26, 50, 50, 50, 50, 28, 38, 19, 50, 47, 50, 50, 48, 50, 25, 50, 32, 45, 24, 25, 50, 50, 50, 50, 15, 50, 44, 50, 32, 50, 34, 41, 15, 15, 50, 50, 28, 38, 50, 50, 22, 50, 50, 15, 43, 50, 45, 50, 50, 50, 16, 50, 50, 50, 50, 28, 19, 50, 50, 50, 50, 50, 50, 50, 29, 50, 19, 24, 41, 22, 13, 50, 50, 48, 50, 50, 50, 12, 50, 20, 32, 50, 50, 50, 50, 50, 14]
[0 0 0 0 0 0 0 0 0 0 0 0 0 0 0 0 0 0 0 0 0 0 0 0 0 0 0 0 0 0 0 0 0 0 0 0 0
 0 0 0 0 0 0 0 0 0 0 0 0 0 0 0 0 0 0 0 0 0 0 0 0 0 0 0 0 0 0 0 0 0 0 0 0 0
 0 0 0 0 0 0 0 0 0 0 0 0 0 0 0 0 0 0 0 0 0 0 0 0 0 0]
[1 1 1 1 1 1 1 1 1 1 1 1 1 1 1 1 1 1 1 1 1 1 1 1 1 1 1 1 1 1 1 1 1 1 1 1 1
 1 1 1 1 1 1 1 1 1 1 1 1 1 1 1 1 1 1 1 1 1 1 1 1 1 1 1 1 1 1 1 1 1 1 1 1 1
 1 1 1 1 1 1 1 1 1 1 1 1 1 1 1 1 1 1 1 1 1 1 1 1 1 1]
