[ 0  1  2  3  4  5  6  7  8  9 10 11 12 13 14 15 16 17 18 19 20 21 22 23
 24 25 26 27 28 29 30 31 32 33 34 35 36 37 38 39 40 41 42 43 44 45 46 47
 48 49 50 51 52 53 54 55 56 57 58 59 60 61 62 63 64 65 66 67 68 69 70 71
 72 73 74 75 76 77 78 79 80 81 82 83 84 85 86 87 88 89 90 91 92 93 94 95
 96 97 98 99]
[-1 -1 47 86  1 62 16 64 69 -1 61 40 -1 31 43 37 -1 -1 45 73  6 37 -1 -1
 42 -1 35 -1 -1 13 71 -1 29 63 -1 -1 87  2 -1 34 -1 -1 46 -1 91 69 31 65
 63 -1 -1 -1 56 96 93 61 85 11 13 -1 -1  5 60 -1 68 50 29 -1 70 64 -1  3
 90 35 19 -1 -1 30 20 41 37 -1 43 84 -1 64 68 45 -1 -1 -1 -1  0 52 77 -1
 67 56 27 53]
[0 0 0 1 1 1 1 1 1 1 1 0 0 0 0 0 1 1 0 1 0 1 0 0 1 1 0 1 1 0 1 1 0 1 1 0 1
 1 1 0 0 0 0 1 0 1 1 1 1 0 1 0 1 0 0 1 1 1 0 0 0 0 1 0 0 0 1 0 0 1 1 0 0 1
 1 1 1 1 0 0 0 1 0 0 0 1 1 1 1 0 1 0 1 0 0 0 0 0 0 0]
[3 0 1 2 4 4 4 0 0 0 0 1 3 0 1 3 4 0 1 0 0 0 3 1 3 1 4 0 4 0 0 0 0 4 0 4 0
 0 1 4 4 2 2 0 0 0 1 2 1 3 4 3 0 0 0 0 2 0 0 0 0 4 0 0 0 0 2 0 0 3 4 4 4 0
 0 0 1 0 2 0 4 0 3 0 3 2 0 0 0 0 4 0 4 2 3 1 0 4 1 3]
[3 0 1 2 4 4 4 0 0 0 0 1 3 0 1 3 4 0 1 0 0 0 3 1 3 1 4 0 4 0 0 0 0 4 0 4 0
 0 1 4 4 2 2 0 0 0 1 2 1 3 4 3 0 0 0 0 2 0 0 0 0 4 0 0 0 0 2 0 0 3 4 4 4 0
 0 0 1 0 2 0 4 0 3 0 3 2 0 0 0 0 4 0 4 2 3 1 0 4 1 3]
[7 3 3 3 2 1 2 9 5 5 5 7 5 3 8 6 6 7 5 9 2 2 3 8 5 9 4 2 1 6 2 5 5 9 6 6 4
 6 6 7 6 3 7 8 6 9 9 4 4 4 6 7 9 2 7 4 7 8 3 9 8 4 6 8 9 3 6 8 9 9 8 7 8 6
 5 4 6 6 6 1 6 2 8 3 4 7 9 4 7 3 4 4 9 8 2 1 7 4 4 8]
[7 3 3 3 2 1 2 9 5 5 5 7 5 3 8 6 6 7 5 9 2 2 3 8 5 9 4 2 1 6 2 5 5 9 6 6 4
 6 6 7 6 3 7 8 6 9 9 4 4 4 6 7 9 2 7 4 7 8 3 9 8 4 6 8 9 3 6 8 9 9 8 7 8 6
 5 4 6 6 6 1 6 2 8 3 4 7 9 4 7 3 4 4 9 8 2 1 7 4 4 8]
[50, 50, 12, 38, 50, 39, 33, 50, 13, 50, 15, 30, 50, 29, 50, 39, 48, 50, 50, 21, 50, 50, 50, 43, 50, 50, 50, 32, 50, 36, 50, 50, 50, 50, 50, 50, 31, 50, 46, 50, 23, 50, 32, 16, 50, 50, 50, 50, 26, 26, 50, 21, 50, 50, 50, 49, 39, 50, 50, 18, 50, 50, 29, 12, 50, 22, 23, 50, 47, 36, 50, 49, 18, 33, 50, 14, 50, 50, 11, 33, 50, 50, 50, 50, 50, 44, 45, 18, 48, 50, 24, 38, 50, 16, 50, 36, 18, 28, 42, 11]
[0 0 0 0 0 0 0 0 0 0 0 0 0 0 0 0 0 0 0 0 0 0 0 0 0 0 0 0 0 0 0 0 0 0 0 0 0
 0 0 0 0 0 0 0 0 0 0 0 0 0 0 0 0 0 0 0 0 0 0 0 0 0 0 0 0 0 0 0 0 0 0 0 0 0
 0 0 0 0 0 0 0 0 0 0 0 0 0 0 0 0 0 0 0 0 0 0 0 0 0 0]
[1 1 1 1 1 1 1 1 1 1 1 1 1 1 1 1 1 1 1 1 1 1 1 1 1 1 1 1 1 1 1 1 1 1 1 1 1
 1 1 1 1 1 1 1 1 1 1 1 1 1 1 1 1 1 1 1 1 1 1 1 1 1 1 1 1 1 1 1 1 1 1 1 1 1
 1 1 1 1 1 1 1 1 1 1 1 1 1 1 1 1 1 1 1 1 1 1 1 1 1 1]
