[ 0  1  2  3  4  5  6  7  8  9 10 11 12 13 14 15 16 17 18 19 20 21 22 23
 24 25 26 27 28 29 30 31 32 33 34 35 36 37 38 39 40 41 42 43 44 45 46 47
 48 49 50 51 52 53 54 55 56 57 58 59 60 61 62 63 64 65 66 67 68 69 70 71
 72 73 74 75 76 77 78 79 80 81 82 83 84 85 86 87 88 89 90 91 92 93 94 95
 96 97 98 99]
[83 90 72 17 93 -1 16 77 88 32 -1 -1 -1 31 83 91 -1 88  8 62 21 -1 70 -1
 47 -1 96 -1 60 69 74 -1 79 63 84 40 -1 -1 -1 -1 -1 54 10 -1 18  9 45 -1
 92  2 -1 63 87 -1 -1 -1 71 11  6 -1 59 -1 72 -1 37 -1 -1 -1 66 -1 -1 -1
 48 26 38 -1 11 -1 -1 38  1 95  8 -1 -1 79 -1 -1 90 29 46 -1 34 -1 63 97
 -1 24 -1 64]
[1 0 0 1 0 1 1 0 0 1 0 0 0 0 0 0 1 1 1 0 1 1 0 0 0 0 0 1 0 0 1 0 0 0 1 0 0
 1 1 0 1 0 1 1 1 0 0 1 0 1 1 1 1 1 0 1 0 0 1 0 0 0 1 0 0 0 1 1 1 0 0 0 1 0
 0 1 1 1 1 1 0 1 0 1 0 0 1 0 0 1 0 1 1 0 0 0 0 0 1 0]
[3 1 0 0 0 0 0 0 0 2 2 0 0 0 4 0 0 0 0 0 0 4 4 3 2 1 0 2 2 1 0 0 4 4 2 0 0
 0 0 0 4 2 4 0 3 1 3 4 0 0 0 3 0 3 0 4 0 0 4 0 0 0 4 3 0 0 0 0 0 3 0 0 0 0
 3 1 3 2 0 0 0 2 0 0 2 4 0 0 3 0 1 1 0 0 2 0 4 0 1 0]
[3 1 0 0 0 0 0 0 0 2 2 0 0 0 4 0 0 0 0 0 0 4 4 3 2 1 0 2 2 1 0 0 4 4 2 0 0
 0 0 0 4 2 4 0 3 1 3 4 0 0 0 3 0 3 0 4 0 0 4 0 0 0 4 3 0 0 0 0 0 3 0 0 0 0
 3 1 3 2 0 0 0 2 0 0 2 4 0 0 3 0 1 1 0 0 2 0 4 0 1 0]
[9 3 9 4 2 9 4 5 3 7 1 9 1 1 4 6 8 4 2 9 6 2 4 1 6 6 4 7 8 1 1 8 4 8 2 8 2
 7 5 3 7 3 5 9 4 8 2 2 9 4 8 3 9 7 3 2 6 2 6 5 7 2 5 3 2 4 5 2 2 5 2 6 4 3
 9 1 6 4 9 8 6 4 6 3 8 3 9 5 2 9 7 8 6 7 8 2 6 2 9 1]
[9 3 9 4 2 9 4 5 3 7 1 9 1 1 4 6 8 4 2 9 6 2 4 1 6 6 4 7 8 1 1 8 4 8 2 8 2
 7 5 3 7 3 5 9 4 8 2 2 9 4 8 3 9 7 3 2 6 2 6 5 7 2 5 3 2 4 5 2 2 5 2 6 4 3
 9 1 6 4 9 8 6 4 6 3 8 3 9 5 2 9 7 8 6 7 8 2 6 2 9 1]
[21, 49, 39, 50, 50, 50, 41, 50, 50, 50, 50, 25, 31, 20, 32, 50, 23, 50, 50, 38, 50, 32, 46, 45, 50, 22, 50, 22, 20, 50, 23, 50, 13, 44, 49, 50, 50, 50, 50, 41, 50, 50, 32, 39, 50, 26, 50, 50, 50, 50, 50, 31, 14, 50, 50, 50, 50, 50, 50, 50, 11, 50, 13, 50, 50, 46, 29, 18, 50, 14, 20, 41, 50, 50, 50, 10, 37, 50, 50, 35, 27, 50, 42, 50, 50, 31, 12, 50, 48, 28, 50, 30, 28, 43, 30, 50, 16, 23, 50, 50]
[0 0 0 0 0 0 0 0 0 0 0 0 0 0 0 0 0 0 0 0 0 0 0 0 0 0 0 0 0 0 0 0 0 0 0 0 0
 0 0 0 0 0 0 0 0 0 0 0 0 0 0 0 0 0 0 0 0 0 0 0 0 0 0 0 0 0 0 0 0 0 0 0 0 0
 0 0 0 0 0 0 0 0 0 0 0 0 0 0 0 0 0 0 0 0 0 0 0 0 0 0]
[1 1 1 1 1 1 1 1 1 1 1 1 1 1 1 1 1 1 1 1 1 1 1 1 1 1 1 1 1 1 1 1 1 1 1 1 1
 1 1 1 1 1 1 1 1 1 1 1 1 1 1 1 1 1 1 1 1 1 1 1 1 1 1 1 1 1 1 1 1 1 1 1 1 1
 1 1 1 1 1 1 1 1 1 1 1 1 1 1 1 1 1 1 1 1 1 1 1 1 1 1]
