[ 0  1  2  3  4  5  6  7  8  9 10 11 12 13 14 15 16 17 18 19 20 21 22 23
 24 25 26 27 28 29 30 31 32 33 34 35 36 37 38 39 40 41 42 43 44 45 46 47
 48 49 50 51 52 53 54 55 56 57 58 59 60 61 62 63 64 65 66 67 68 69 70 71
 72 73 74 75 76 77 78 79 80 81 82 83 84 85 86 87 88 89 90 91 92 93 94 95
 96 97 98 99]
[96 77  0 81  6 91 95 92 30 52 -1 56 -1 -1 11 46 22 -1 40 -1 -1 -1 93 68
 -1 -1 -1 58 -1 -1 59  1 71 49 24 -1 -1 81 22 -1 34 37 15 11 95 -1 22 -1
 -1 47 -1 17 36 95 64 -1 -1 15 48 -1 43 99 76 76 99 -1 13 83 83 50 54 -1
 -1 -1 75 70 -1 -1 21 14 -1 61 28 99 -1 37 -1 14 19 97 33 80 12 -1 -1 -1
 -1  4 66 -1]
[1 0 0 0 0 0 1 0 1 0 1 0 0 0 0 0 1 0 1 1 0 0 1 0 1 0 0 0 0 1 1 1 1 0 1 1 1
 0 0 0 1 1 0 0 0 1 1 0 1 1 1 0 0 1 0 0 0 0 1 1 1 0 0 1 0 1 0 1 1 0 1 1 1 0
 1 0 0 0 0 0 1 0 1 1 0 0 1 0 1 0 0 0 0 1 1 0 0 1 0 1]
[0 0 0 3 0 3 0 3 0 0 0 0 1 3 0 4 0 3 2 1 1 3 0 0 0 2 0 0 0 3 3 0 0 1 3 3 4
 0 0 0 0 0 0 4 4 0 3 0 0 0 0 0 4 1 4 4 2 3 1 0 0 0 0 2 0 0 1 0 1 0 0 2 4 0
 2 0 0 0 4 4 2 1 4 0 0 0 0 3 2 3 3 4 4 0 0 2 2 0 1 3]
[0 0 0 3 0 3 0 3 0 0 0 0 1 3 0 4 0 3 2 1 1 3 0 0 0 2 0 0 0 3 3 0 0 1 3 3 4
 0 0 0 0 0 0 4 4 0 3 0 0 0 0 0 4 1 4 4 2 3 1 0 0 0 0 2 0 0 1 0 1 0 0 2 4 0
 2 0 0 0 4 4 2 1 4 0 0 0 0 3 2 3 3 4 4 0 0 2 2 0 1 3]
[5 2 2 1 4 6 6 5 3 7 2 7 6 6 7 9 6 9 1 8 4 5 2 5 1 2 8 4 3 2 8 3 5 6 1 8 1
 2 1 6 6 8 3 7 5 3 9 3 3 3 3 4 7 5 3 3 6 7 8 5 3 9 1 9 1 8 7 6 9 3 8 3 5 2
 1 5 6 3 7 2 9 9 5 1 8 6 1 3 7 1 2 4 7 5 8 4 3 3 2 8]
[5 2 2 1 4 6 6 5 3 7 2 7 6 6 7 9 6 9 1 8 4 5 2 5 1 2 8 4 3 2 8 3 5 6 1 8 1
 2 1 6 6 8 3 7 5 3 9 3 3 3 3 4 7 5 3 3 6 7 8 5 3 9 1 9 1 8 7 6 9 3 8 3 5 2
 1 5 6 3 7 2 9 9 5 1 8 6 1 3 7 1 2 4 7 5 8 4 3 3 2 8]
[37, 28, 50, 50, 27, 50, 14, 50, 50, 35, 50, 40, 50, 37, 42, 50, 50, 50, 50, 50, 38, 11, 47, 50, 50, 50, 50, 50, 39, 50, 50, 50, 28, 50, 15, 50, 26, 50, 26, 20, 50, 50, 50, 50, 50, 48, 36, 13, 50, 50, 50, 32, 10, 41, 20, 38, 28, 12, 50, 50, 32, 31, 50, 50, 13, 37, 49, 50, 39, 23, 39, 12, 43, 50, 10, 18, 50, 50, 21, 50, 36, 43, 50, 50, 50, 50, 27, 50, 32, 50, 50, 50, 50, 12, 50, 34, 50, 50, 50, 11]
[0 0 0 0 0 0 0 0 0 0 0 0 0 0 0 0 0 0 0 0 0 0 0 0 0 0 0 0 0 0 0 0 0 0 0 0 0
 0 0 0 0 0 0 0 0 0 0 0 0 0 0 0 0 0 0 0 0 0 0 0 0 0 0 0 0 0 0 0 0 0 0 0 0 0
 0 0 0 0 0 0 0 0 0 0 0 0 0 0 0 0 0 0 0 0 0 0 0 0 0 0]
[1 1 1 1 1 1 1 1 1 1 1 1 1 1 1 1 1 1 1 1 1 1 1 1 1 1 1 1 1 1 1 1 1 1 1 1 1
 1 1 1 1 1 1 1 1 1 1 1 1 1 1 1 1 1 1 1 1 1 1 1 1 1 1 1 1 1 1 1 1 1 1 1 1 1
 1 1 1 1 1 1 1 1 1 1 1 1 1 1 1 1 1 1 1 1 1 1 1 1 1 1]
