[ 0  1  2  3  4  5  6  7  8  9 10 11 12 13 14 15 16 17 18 19 20 21 22 23
 24 25 26 27 28 29 30 31 32 33 34 35 36 37 38 39 40 41 42 43 44 45 46 47
 48 49 50 51 52 53 54 55 56 57 58 59 60 61 62 63 64 65 66 67 68 69 70 71
 72 73 74 75 76 77 78 79 80 81 82 83 84 85 86 87 88 89 90 91 92 93 94 95
 96 97 98 99]
[99  4 18 60 69 22 63 -1 -1 -1 69 -1 -1 47 -1 29 71 77 -1 89 -1 67 -1 -1
 -1 -1 51 46 90 50 72 11 59 10 -1  8 -1 68 91 52 -1 -1 -1 18  9 -1 -1 -1
 46 89 -1 79 42 49 -1 -1 77 90 45 -1 -1 77  8 31 23 48 -1 -1  1 99 -1 -1
 -1 -1 33 65 -1 26 72 48 59 -1 45 38 30 74 31  0  2 38 59 -1 -1 32  1 -1
 82 76 -1 11]
[0 0 1 1 1 1 1 1 1 0 0 1 1 1 1 0 1 1 0 0 0 1 1 1 0 0 1 0 1 0 1 0 0 0 0 0 0
 1 0 0 1 1 1 1 1 0 0 0 1 0 1 0 0 0 0 1 1 0 0 1 0 0 1 1 1 1 0 0 0 0 0 0 0 1
 1 0 0 1 0 1 1 1 1 1 1 0 1 0 1 1 0 1 0 1 1 0 1 0 1 1]
[1 0 0 4 0 1 0 0 0 0 3 0 0 1 0 0 2 3 0 0 2 3 2 1 0 0 0 2 0 2 2 2 0 0 0 3 0
 0 0 1 2 1 1 3 1 0 0 0 0 1 0 3 0 0 0 4 0 0 1 0 4 4 0 1 4 0 0 0 4 4 0 0 3 0
 2 0 0 0 0 3 0 0 4 3 0 2 0 4 0 4 4 0 0 0 4 3 0 0 3 2]
[1 0 0 4 0 1 0 0 0 0 3 0 0 1 0 0 2 3 0 0 2 3 2 1 0 0 0 2 0 2 2 2 0 0 0 3 0
 0 0 1 2 1 1 3 1 0 0 0 0 1 0 3 0 0 0 4 0 0 1 0 4 4 0 1 4 0 0 0 4 4 0 0 3 0
 2 0 0 0 0 3 0 0 4 3 0 2 0 4 0 4 4 0 0 0 4 3 0 0 3 2]
[7 5 3 3 4 7 9 6 6 3 1 5 7 6 2 5 6 5 1 3 7 6 8 2 4 1 7 7 5 3 2 1 8 4 1 4 8
 3 3 8 5 2 1 2 7 7 9 2 7 6 7 7 1 7 5 3 2 8 1 6 7 9 6 7 9 4 4 2 4 8 3 3 6 6
 2 5 9 5 3 1 3 4 5 6 1 1 2 7 5 1 3 5 3 4 8 3 5 7 1 8]
[7 5 3 3 4 7 9 6 6 3 1 5 7 6 2 5 6 5 1 3 7 6 8 2 4 1 7 7 5 3 2 1 8 4 1 4 8
 3 3 8 5 2 1 2 7 7 9 2 7 6 7 7 1 7 5 3 2 8 1 6 7 9 6 7 9 4 4 2 4 8 3 3 6 6
 2 5 9 5 3 1 3 4 5 6 1 1 2 7 5 1 3 5 3 4 8 3 5 7 1 8]
[23, 50, 50, 50, 50, 39, 50, 15, 50, 40, 32, 50, 18, 50, 31, 40, 21, 39, 19, 14, 43, 20, 50, 49, 37, 21, 43, 50, 50, 24, 50, 50, 50, 43, 13, 19, 50, 26, 17, 32, 50, 50, 50, 11, 25, 50, 50, 50, 48, 20, 50, 50, 50, 32, 37, 50, 50, 50, 50, 50, 50, 50, 20, 20, 48, 50, 50, 50, 50, 50, 14, 50, 41, 37, 31, 25, 50, 50, 39, 50, 11, 50, 50, 32, 30, 43, 50, 12, 50, 50, 50, 50, 36, 50, 44, 36, 50, 50, 50, 40]
[0 0 0 0 0 0 0 0 0 0 0 0 0 0 0 0 0 0 0 0 0 0 0 0 0 0 0 0 0 0 0 0 0 0 0 0 0
 0 0 0 0 0 0 0 0 0 0 0 0 0 0 0 0 0 0 0 0 0 0 0 0 0 0 0 0 0 0 0 0 0 0 0 0 0
 0 0 0 0 0 0 0 0 0 0 0 0 0 0 0 0 0 0 0 0 0 0 0 0 0 0]
[1 1 1 1 1 1 1 1 1 1 1 1 1 1 1 1 1 1 1 1 1 1 1 1 1 1 1 1 1 1 1 1 1 1 1 1 1
 1 1 1 1 1 1 1 1 1 1 1 1 1 1 1 1 1 1 1 1 1 1 1 1 1 1 1 1 1 1 1 1 1 1 1 1 1
 1 1 1 1 1 1 1 1 1 1 1 1 1 1 1 1 1 1 1 1 1 1 1 1 1 1]
