[ 0  1  2  3  4  5  6  7  8  9 10 11 12 13 14 15 16 17 18 19 20 21 22 23
 24 25 26 27 28 29 30 31 32 33 34 35 36 37 38 39 40 41 42 43 44 45 46 47
 48 49 50 51 52 53 54 55 56 57 58 59 60 61 62 63 64 65 66 67 68 69 70 71
 72 73 74 75 76 77 78 79 80 81 82 83 84 85 86 87 88 89 90 91 92 93 94 95
 96 97 98 99]
[56 20 -1  2 15  7 76  9 -1 72  0 42 -1 -1 63  8 19 -1 61 28 17 11 23  2
 48 -1 67  9 57 86  5 66 -1 42 75 -1  6 49 73 -1  6 51 12 -1 -1 51 12 34
 26 99 63  1 -1 -1 53 68 49 90 -1 -1 65 71 -1 91 35 -1 23 31 93 40 93 -1
 -1 60 18 -1 93 -1 -1  0 75 82 -1 61 32 -1 -1 42 37 34 75 75 52 54 -1 -1
 -1 14 43 65]
[0 1 1 0 1 1 1 0 1 1 1 1 1 0 0 1 0 0 0 0 0 1 0 0 1 0 0 0 1 0 0 1 1 1 1 1 1
 0 1 1 0 0 0 0 0 0 1 1 0 0 1 1 1 1 1 0 0 1 1 1 1 0 1 0 1 0 0 0 0 0 1 0 1 0
 1 0 0 0 0 0 0 1 1 0 1 1 0 1 0 0 0 0 0 1 1 0 0 0 1 1]
[0 1 3 2 0 1 0 0 4 0 4 4 0 0 0 0 0 3 0 3 1 1 0 4 2 4 0 1 4 0 2 0 1 0 0 3 2
 3 1 2 0 0 0 3 0 2 0 0 0 0 0 4 3 0 0 4 4 2 0 0 0 0 0 0 0 0 3 0 1 0 1 0 0 1
 0 0 0 4 2 0 0 1 4 4 2 4 4 0 3 1 0 2 0 0 4 1 2 0 0 0]
[0 1 3 2 0 1 0 0 4 0 4 4 0 0 0 0 0 3 0 3 1 1 0 4 2 4 0 1 4 0 2 0 1 0 0 3 2
 3 1 2 0 0 0 3 0 2 0 0 0 0 0 4 3 0 0 4 4 2 0 0 0 0 0 0 0 0 3 0 1 0 1 0 0 1
 0 0 0 4 2 0 0 1 4 4 2 4 4 0 3 1 0 2 0 0 4 1 2 0 0 0]
[7 3 4 6 2 8 8 6 7 2 7 4 1 5 8 5 9 1 2 2 4 1 5 9 2 9 8 3 7 2 8 5 2 3 2 6 9
 2 7 7 9 5 3 7 5 1 4 9 4 8 7 9 8 4 7 3 6 8 9 4 7 4 9 6 9 1 1 5 2 9 1 6 1 1
 2 8 4 3 2 8 1 5 7 1 7 3 8 7 2 4 3 9 8 3 7 1 7 7 4 6]
[7 3 4 6 2 8 8 6 7 2 7 4 1 5 8 5 9 1 2 2 4 1 5 9 2 9 8 3 7 2 8 5 2 3 2 6 9
 2 7 7 9 5 3 7 5 1 4 9 4 8 7 9 8 4 7 3 6 8 9 4 7 4 9 6 9 1 1 5 2 9 1 6 1 1
 2 8 4 3 2 8 1 5 7 1 7 3 8 7 2 4 3 9 8 3 7 1 7 7 4 6]
[50, 50, 46, 44, 50, 16, 21, 49, 46, 50, 50, 50, 16, 50, 50, 48, 38, 29, 41, 50, 37, 16, 50, 47, 50, 50, 50, 12, 38, 22, 50, 50, 50, 13, 15, 50, 50, 50, 10, 50, 50, 50, 50, 28, 50, 50, 50, 17, 25, 38, 36, 50, 19, 50, 20, 22, 36, 30, 50, 50, 41, 38, 50, 20, 50, 50, 50, 50, 50, 38, 32, 50, 50, 50, 41, 30, 50, 42, 47, 50, 50, 50, 33, 30, 12, 29, 37, 46, 50, 10, 50, 50, 18, 37, 50, 43, 50, 25, 37, 39]
[0 0 0 0 0 0 0 0 0 0 0 0 0 0 0 0 0 0 0 0 0 0 0 0 0 0 0 0 0 0 0 0 0 0 0 0 0
 0 0 0 0 0 0 0 0 0 0 0 0 0 0 0 0 0 0 0 0 0 0 0 0 0 0 0 0 0 0 0 0 0 0 0 0 0
 0 0 0 0 0 0 0 0 0 0 0 0 0 0 0 0 0 0 0 0 0 0 0 0 0 0]
[1 1 1 1 1 1 1 1 1 1 1 1 1 1 1 1 1 1 1 1 1 1 1 1 1 1 1 1 1 1 1 1 1 1 1 1 1
 1 1 1 1 1 1 1 1 1 1 1 1 1 1 1 1 1 1 1 1 1 1 1 1 1 1 1 1 1 1 1 1 1 1 1 1 1
 1 1 1 1 1 1 1 1 1 1 1 1 1 1 1 1 1 1 1 1 1 1 1 1 1 1]
