[ 0  1  2  3  4  5  6  7  8  9 10 11 12 13 14 15 16 17 18 19 20 21 22 23
 24 25 26 27 28 29 30 31 32 33 34 35 36 37 38 39 40 41 42 43 44 45 46 47
 48 49 50 51 52 53 54 55 56 57 58 59 60 61 62 63 64 65 66 67 68 69 70 71
 72 73 74 75 76 77 78 79 80 81 82 83 84 85 86 87 88 89 90 91 92 93 94 95
 96 97 98 99]
[-1 25 -1 43 43  3 -1 -1 -1 -1 -1 40 75 -1 73 -1 83 51 -1 -1 -1 -1 -1 -1
 13 54 27 38 67 68 -1 -1 -1 -1 53  7 20 64 -1 95 -1 20 82 57 40 54 19  6
 -1 -1 73 -1  5 37  6 -1 91 -1 37 -1 96 97 88 78 85 58 -1 36 -1 88 -1 88
 55 64 21 -1 18 91 52 59 64 98 26 -1 89 13 -1 81 22 68 76 -1 91 46 -1 18
 22 82 -1 -1]
[1 1 1 1 1 1 1 1 1 0 0 0 0 0 1 1 1 0 0 1 0 1 0 1 0 0 1 1 0 1 1 0 1 1 0 0 0
 1 1 1 1 0 0 1 0 1 1 0 0 0 1 0 0 0 0 0 1 0 1 1 0 0 0 0 0 1 1 0 1 0 1 1 1 1
 1 1 0 0 1 1 0 0 0 0 1 1 0 1 0 0 1 0 1 0 1 1 1 1 0 1]
[0 1 0 2 0 3 2 3 2 0 4 0 0 0 3 1 0 0 0 0 3 3 1 0 0 0 0 1 4 0 3 0 2 0 0 0 0
 2 0 0 0 0 0 1 3 1 1 0 1 4 3 2 0 3 1 1 2 1 0 0 0 0 1 0 0 0 0 2 4 3 4 4 3 0
 1 1 0 0 1 0 0 3 4 0 4 0 0 4 2 2 2 3 1 0 0 1 3 1 0 2]
[0 1 0 2 0 3 2 3 2 0 4 0 0 0 3 1 0 0 0 0 3 3 1 0 0 0 0 1 4 0 3 0 2 0 0 0 0
 2 0 0 0 0 0 1 3 1 1 0 1 4 3 2 0 3 1 1 2 1 0 0 0 0 1 0 0 0 0 2 4 3 4 4 3 0
 1 1 0 0 1 0 0 3 4 0 4 0 0 4 2 2 2 3 1 0 0 1 3 1 0 2]
[3 1 8 6 7 9 6 9 8 7 9 5 7 1 3 7 5 5 6 2 1 3 6 9 8 7 8 9 2 8 6 7 5 2 3 9 6
 9 2 2 4 2 8 4 9 7 2 8 3 6 2 8 9 3 7 3 4 4 8 5 7 3 6 9 2 3 6 5 8 8 3 9 2 7
 9 5 4 8 1 7 9 2 6 5 8 8 8 1 6 7 1 3 7 1 3 4 1 7 2 7]
[3 1 8 6 7 9 6 9 8 7 9 5 7 1 3 7 5 5 6 2 1 3 6 9 8 7 8 9 2 8 6 7 5 2 3 9 6
 9 2 2 4 2 8 4 9 7 2 8 3 6 2 8 9 3 7 3 4 4 8 5 7 3 6 9 2 3 6 5 8 8 3 9 2 7
 9 5 4 8 1 7 9 2 6 5 8 8 8 1 6 7 1 3 7 1 3 4 1 7 2 7]
[50, 48, 50, 38, 34, 10, 28, 14, 50, 13, 29, 21, 49, 49, 45, 50, 50, 50, 50, 43, 50, 44, 37, 50, 27, 50, 49, 50, 50, 50, 50, 50, 39, 31, 28, 38, 50, 18, 50, 50, 50, 30, 31, 50, 29, 14, 36, 50, 35, 50, 50, 49, 31, 14, 42, 33, 50, 40, 50, 50, 50, 39, 50, 10, 27, 50, 50, 50, 18, 48, 27, 50, 48, 50, 26, 50, 50, 50, 26, 28, 50, 50, 47, 31, 50, 28, 22, 50, 12, 40, 50, 50, 37, 13, 50, 50, 50, 50, 33, 24]
[0 0 0 0 0 0 0 0 0 0 0 0 0 0 0 0 0 0 0 0 0 0 0 0 0 0 0 0 0 0 0 0 0 0 0 0 0
 0 0 0 0 0 0 0 0 0 0 0 0 0 0 0 0 0 0 0 0 0 0 0 0 0 0 0 0 0 0 0 0 0 0 0 0 0
 0 0 0 0 0 0 0 0 0 0 0 0 0 0 0 0 0 0 0 0 0 0 0 0 0 0]
[1 1 1 1 1 1 1 1 1 1 1 1 1 1 1 1 1 1 1 1 1 1 1 1 1 1 1 1 1 1 1 1 1 1 1 1 1
 1 1 1 1 1 1 1 1 1 1 1 1 1 1 1 1 1 1 1 1 1 1 1 1 1 1 1 1 1 1 1 1 1 1 1 1 1
 1 1 1 1 1 1 1 1 1 1 1 1 1 1 1 1 1 1 1 1 1 1 1 1 1 1]
