[ 0  1  2  3  4  5  6  7  8  9 10 11 12 13 14 15 16 17 18 19 20 21 22 23
 24 25 26 27 28 29 30 31 32 33 34 35 36 37 38 39 40 41 42 43 44 45 46 47
 48 49 50 51 52 53 54 55 56 57 58 59 60 61 62 63 64 65 66 67 68 69 70 71
 72 73 74 75 76 77 78 79 80 81 82 83 84 85 86 87 88 89 90 91 92 93 94 95
 96 97 98 99]
[-1 94 -1 47 -1 96 -1 -1 -1 -1 28 66 34 22 92 18 -1 75 16 -1 72 -1 40 -1
 -1 64 -1 90 17 99 42 -1 55 11 90 54 74 31 51 28 33 97 50 74 -1  7 72 80
 45 41 66 -1 -1 -1 81  8 -1 90 71 87 51 -1 14 23 -1 85 54 99 20 75 33 29
 92 98 28 96 71 68 -1 86  9 -1  1 48 -1 23 30 10 -1 55 -1 33 85 -1  7 -1
  0 85 -1 -1]
[1 1 0 0 1 1 0 1 1 0 1 0 1 0 0 1 0 1 0 1 0 1 1 0 0 0 1 1 1 0 0 0 0 1 1 1 0
 0 1 0 1 0 0 1 1 1 1 0 1 1 1 0 1 0 1 1 0 0 1 1 0 1 1 0 1 0 1 0 1 1 0 1 0 0
 1 0 0 0 1 0 0 0 0 1 0 1 0 1 1 1 0 1 0 1 1 0 1 0 0 1]
[0 2 1 0 0 0 1 2 0 1 2 4 1 1 4 4 0 0 0 3 3 3 0 0 0 0 4 4 0 2 0 2 3 3 2 0 1
 0 3 0 1 0 0 0 4 4 3 1 2 0 0 4 1 1 0 0 0 4 1 4 0 0 0 0 0 2 0 0 0 0 1 3 2 4
 0 2 0 0 1 0 0 0 1 2 0 4 1 2 0 3 4 0 0 4 2 2 2 1 1 4]
[0 2 1 0 0 0 1 2 0 1 2 4 1 1 4 4 0 0 0 3 3 3 0 0 0 0 4 4 0 2 0 2 3 3 2 0 1
 0 3 0 1 0 0 0 4 4 3 1 2 0 0 4 1 1 0 0 0 4 1 4 0 0 0 0 0 2 0 0 0 0 1 3 2 4
 0 2 0 0 1 0 0 0 1 2 0 4 1 2 0 3 4 0 0 4 2 2 2 1 1 4]
[4 2 1 2 3 9 7 4 6 1 1 4 3 7 4 2 5 8 8 4 9 1 7 8 3 5 9 9 1 7 5 5 7 9 5 2 7
 3 8 5 2 7 2 5 3 3 2 3 1 2 3 7 9 3 3 8 1 6 4 8 4 3 6 1 7 5 7 3 5 8 1 1 5 9
 3 4 4 1 8 9 2 8 9 4 8 6 7 4 3 9 2 9 1 6 8 1 6 1 5 1]
[4 2 1 2 3 9 7 4 6 1 1 4 3 7 4 2 5 8 8 4 9 1 7 8 3 5 9 9 1 7 5 5 7 9 5 2 7
 3 8 5 2 7 2 5 3 3 2 3 1 2 3 7 9 3 3 8 1 6 4 8 4 3 6 1 7 5 7 3 5 8 1 1 5 9
 3 4 4 1 8 9 2 8 9 4 8 6 7 4 3 9 2 9 1 6 8 1 6 1 5 1]
[50, 27, 43, 50, 44, 28, 50, 15, 50, 29, 16, 50, 50, 50, 47, 50, 50, 15, 21, 50, 26, 50, 50, 14, 50, 50, 40, 50, 17, 50, 50, 18, 50, 35, 50, 41, 15, 38, 50, 32, 44, 38, 37, 50, 50, 50, 37, 50, 46, 50, 39, 50, 46, 36, 31, 41, 50, 26, 25, 50, 33, 26, 38, 48, 50, 50, 17, 50, 43, 11, 50, 26, 28, 50, 50, 50, 50, 28, 50, 43, 50, 32, 50, 50, 37, 18, 50, 50, 35, 20, 50, 27, 24, 50, 50, 50, 36, 23, 50, 50]
[0 0 0 0 0 0 0 0 0 0 0 0 0 0 0 0 0 0 0 0 0 0 0 0 0 0 0 0 0 0 0 0 0 0 0 0 0
 0 0 0 0 0 0 0 0 0 0 0 0 0 0 0 0 0 0 0 0 0 0 0 0 0 0 0 0 0 0 0 0 0 0 0 0 0
 0 0 0 0 0 0 0 0 0 0 0 0 0 0 0 0 0 0 0 0 0 0 0 0 0 0]
[1 1 1 1 1 1 1 1 1 1 1 1 1 1 1 1 1 1 1 1 1 1 1 1 1 1 1 1 1 1 1 1 1 1 1 1 1
 1 1 1 1 1 1 1 1 1 1 1 1 1 1 1 1 1 1 1 1 1 1 1 1 1 1 1 1 1 1 1 1 1 1 1 1 1
 1 1 1 1 1 1 1 1 1 1 1 1 1 1 1 1 1 1 1 1 1 1 1 1 1 1]
