[ 0  1  2  3  4  5  6  7  8  9 10 11 12 13 14 15 16 17 18 19 20 21 22 23
 24 25 26 27 28 29 30 31 32 33 34 35 36 37 38 39 40 41 42 43 44 45 46 47
 48 49 50 51 52 53 54 55 56 57 58 59 60 61 62 63 64 65 66 67 68 69 70 71
 72 73 74 75 76 77 78 79 80 81 82 83 84 85 86 87 88 89 90 91 92 93 94 95
 96 97 98 99]
[12 27 65 -1 -1 34 47 50 -1 20 65 12 72  4 89 47 86 49 82 96 91 -1 10 65
 12 57 -1 77 -1 44 -1 30 76 38 35 98 -1 27 -1 91 -1 13 -1 92 62 92 -1 -1
 -1 84 20 -1 25 24 -1 83 -1 -1 47 27 58 75 77 35 -1  4 -1 -1 -1 32 67 -1
 64 30 -1 -1 -1 17 96 71 72 97 78 -1 76 42 59 22 17 76 -1  8 44 10 -1 -1
 90 -1 28 65]
[0 1 1 0 1 1 0 1 1 0 1 0 1 1 1 0 1 0 0 0 0 1 1 1 0 0 0 0 1 1 1 1 1 0 1 1 1
 0 0 1 1 0 0 1 1 0 1 0 1 0 1 1 0 1 0 1 0 0 0 0 1 1 1 0 0 1 1 0 0 1 1 1 0 1
 1 0 0 0 1 1 0 0 0 0 1 1 0 0 0 0 0 1 0 1 0 1 1 0 1 0]
[1 0 1 4 0 0 1 0 0 4 4 0 0 0 4 3 0 4 3 0 0 4 0 0 4 0 3 4 0 0 0 0 0 4 0 0 1
 0 0 0 0 0 3 4 0 3 3 1 0 3 1 0 1 0 0 0 4 2 0 0 0 3 2 0 0 0 0 4 3 0 3 0 4 3
 0 0 0 1 2 1 3 2 4 0 2 3 3 3 1 0 0 1 0 4 4 2 0 0 3 4]
[1 0 1 4 0 0 1 0 0 4 4 0 0 0 4 3 0 4 3 0 0 4 0 0 4 0 3 4 0 0 0 0 0 4 0 0 1
 0 0 0 0 0 3 4 0 3 3 1 0 3 1 0 1 0 0 0 4 2 0 0 0 3 2 0 0 0 0 4 3 0 3 0 4 3
 0 0 0 1 2 1 3 2 4 0 2 3 3 3 1 0 0 1 0 4 4 2 0 0 3 4]
[1 3 5 2 5 7 4 4 2 7 1 8 2 9 8 2 3 3 2 5 4 4 8 3 5 7 6 2 4 8 8 5 3 4 1 7 1
 8 3 8 8 2 6 8 9 1 3 1 7 2 1 3 1 8 9 7 4 3 8 5 7 2 5 8 5 3 6 8 2 5 7 1 1 8
 5 1 4 2 7 6 7 8 7 9 3 3 8 5 4 2 4 5 8 3 2 8 9 8 3 8]
[1 3 5 2 5 7 4 4 2 7 1 8 2 9 8 2 3 3 2 5 4 4 8 3 5 7 6 2 4 8 8 5 3 4 1 7 1
 8 3 8 8 2 6 8 9 1 3 1 7 2 1 3 1 8 9 7 4 3 8 5 7 2 5 8 5 3 6 8 2 5 7 1 1 8
 5 1 4 2 7 6 7 8 7 9 3 3 8 5 4 2 4 5 8 3 2 8 9 8 3 8]
[21, 34, 16, 50, 18, 50, 50, 25, 50, 11, 48, 50, 50, 41, 50, 50, 50, 50, 38, 50, 27, 23, 24, 50, 31, 50, 50, 49, 50, 50, 50, 50, 50, 50, 43, 50, 50, 45, 50, 19, 50, 50, 11, 50, 12, 50, 49, 38, 36, 50, 30, 50, 50, 50, 40, 25, 34, 50, 50, 31, 50, 50, 50, 16, 50, 35, 28, 24, 41, 23, 50, 50, 50, 50, 19, 21, 26, 28, 50, 16, 50, 50, 50, 43, 37, 50, 14, 50, 29, 50, 27, 15, 18, 50, 48, 50, 23, 50, 50, 50]
[0 0 0 0 0 0 0 0 0 0 0 0 0 0 0 0 0 0 0 0 0 0 0 0 0 0 0 0 0 0 0 0 0 0 0 0 0
 0 0 0 0 0 0 0 0 0 0 0 0 0 0 0 0 0 0 0 0 0 0 0 0 0 0 0 0 0 0 0 0 0 0 0 0 0
 0 0 0 0 0 0 0 0 0 0 0 0 0 0 0 0 0 0 0 0 0 0 0 0 0 0]
[1 1 1 1 1 1 1 1 1 1 1 1 1 1 1 1 1 1 1 1 1 1 1 1 1 1 1 1 1 1 1 1 1 1 1 1 1
 1 1 1 1 1 1 1 1 1 1 1 1 1 1 1 1 1 1 1 1 1 1 1 1 1 1 1 1 1 1 1 1 1 1 1 1 1
 1 1 1 1 1 1 1 1 1 1 1 1 1 1 1 1 1 1 1 1 1 1 1 1 1 1]
