[ 0  1  2  3  4  5  6  7  8  9 10 11 12 13 14 15 16 17 18 19 20 21 22 23
 24 25 26 27 28 29 30 31 32 33 34 35 36 37 38 39 40 41 42 43 44 45 46 47
 48 49 50 51 52 53 54 55 56 57 58 59 60 61 62 63 64 65 66 67 68 69 70 71
 72 73 74 75 76 77 78 79 80 81 82 83 84 85 86 87 88 89 90 91 92 93 94 95
 96 97 98 99]
[-1 80 52 -1 15 -1 35 -1 -1 -1 78 84 13 95 -1 78 13 -1 -1 -1 -1 -1 31 62
 56 50 19 91 86 -1 33 -1  3 -1 38 -1  5 -1 -1 85 27 -1 -1 35 -1 -1 -1 -1
 20 20 77 67 94 38 -1 -1 22 91 -1 -1 -1 97 -1 37 58 -1 70 -1 73 82 55 98
 -1 -1 -1 51 -1 61 34 95 -1 18 67 -1  9 -1 -1 10 -1 74 27 72 -1 -1 68 77
 56 -1 -1 29]
[1 0 0 1 0 0 0 1 1 1 0 0 0 1 0 0 0 1 1 1 0 0 1 1 0 0 0 0 0 0 1 0 1 0 1 0 0
 0 0 0 0 0 0 0 1 1 1 1 1 0 0 0 0 1 0 0 0 1 1 1 0 1 0 0 0 1 0 1 0 0 0 1 1 1
 0 0 0 1 0 0 1 0 1 1 0 0 1 1 0 1 0 0 1 0 1 0 0 1 0 1]
[4 2 3 0 0 0 2 2 0 3 3 0 3 4 2 3 2 0 3 0 0 4 4 1 0 0 3 2 0 0 0 1 4 0 0 3 4
 4 0 3 0 0 0 2 0 0 0 3 2 0 0 0 4 0 0 0 2 0 1 0 0 2 0 0 0 4 0 3 0 0 4 0 4 4
 4 0 0 0 0 0 3 3 0 3 0 0 1 1 0 0 0 3 0 1 2 4 0 3 0 3]
[4 2 3 0 0 0 2 2 0 3 3 0 3 4 2 3 2 0 3 0 0 4 4 1 0 0 3 2 0 0 0 1 4 0 0 3 4
 4 0 3 0 0 0 2 0 0 0 3 2 0 0 0 4 0 0 0 2 0 1 0 0 2 0 0 0 4 0 3 0 0 4 0 4 4
 4 0 0 0 0 0 3 3 0 3 0 0 1 1 0 0 0 3 0 1 2 4 0 3 0 3]
[9 2 3 3 3 7 1 2 2 1 4 3 6 6 9 3 7 6 7 2 4 7 9 6 8 1 2 8 4 9 9 2 1 7 6 6 4
 1 6 9 6 7 5 5 6 4 4 7 7 4 8 5 3 3 1 9 8 2 1 3 7 2 4 9 7 4 2 5 2 6 9 6 7 5
 5 4 5 3 9 3 1 9 7 2 4 1 3 1 8 2 9 1 6 4 5 9 7 1 1 8]
[9 2 3 3 3 7 1 2 2 1 4 3 6 6 9 3 7 6 7 2 4 7 9 6 8 1 2 8 4 9 9 2 1 7 6 6 4
 1 6 9 6 7 5 5 6 4 4 7 7 4 8 5 3 3 1 9 8 2 1 3 7 2 4 9 7 4 2 5 2 6 9 6 7 5
 5 4 5 3 9 3 1 9 7 2 4 1 3 1 8 2 9 1 6 4 5 9 7 1 1 8]
[21, 46, 44, 38, 45, 37, 38, 50, 50, 50, 50, 30, 47, 12, 24, 24, 50, 35, 33, 50, 19, 50, 50, 32, 50, 43, 50, 25, 50, 50, 50, 44, 24, 50, 41, 18, 50, 36, 35, 50, 50, 50, 50, 50, 39, 50, 43, 50, 17, 50, 42, 50, 43, 18, 50, 50, 50, 16, 50, 50, 50, 35, 44, 50, 32, 50, 30, 14, 50, 33, 50, 31, 21, 50, 43, 50, 45, 37, 48, 13, 34, 29, 10, 37, 50, 50, 50, 33, 50, 13, 50, 21, 29, 50, 50, 40, 50, 36, 33, 50]
[0 0 0 0 0 0 0 0 0 0 0 0 0 0 0 0 0 0 0 0 0 0 0 0 0 0 0 0 0 0 0 0 0 0 0 0 0
 0 0 0 0 0 0 0 0 0 0 0 0 0 0 0 0 0 0 0 0 0 0 0 0 0 0 0 0 0 0 0 0 0 0 0 0 0
 0 0 0 0 0 0 0 0 0 0 0 0 0 0 0 0 0 0 0 0 0 0 0 0 0 0]
[1 1 1 1 1 1 1 1 1 1 1 1 1 1 1 1 1 1 1 1 1 1 1 1 1 1 1 1 1 1 1 1 1 1 1 1 1
 1 1 1 1 1 1 1 1 1 1 1 1 1 1 1 1 1 1 1 1 1 1 1 1 1 1 1 1 1 1 1 1 1 1 1 1 1
 1 1 1 1 1 1 1 1 1 1 1 1 1 1 1 1 1 1 1 1 1 1 1 1 1 1]
