[ 0  1  2  3  4  5  6  7  8  9 10 11 12 13 14 15 16 17 18 19 20 21 22 23
 24 25 26 27 28 29 30 31 32 33 34 35 36 37 38 39 40 41 42 43 44 45 46 47
 48 49 50 51 52 53 54 55 56 57 58 59 60 61 62 63 64 65 66 67 68 69 70 71
 72 73 74 75 76 77 78 79 80 81 82 83 84 85 86 87 88 89 90 91 92 93 94 95
 96 97 98 99]
[-1 61  0 91 43 25 77 -1 -1 43 -1 77 98 -1 74 -1 92 -1 86  1 81  0 21 79
 47 -1 -1 39 -1 37 13 89 -1 72  6 78 -1 -1 31 31 78 93  9 90 79 51 -1 10
 28 22 88 -1 -1 38 68 33 30 80 -1 -1 -1 77 39 36 84 84 85 47 -1 -1 -1 -1
 -1 56 -1 -1 -1 -1 68 -1 -1 18 76 73 21 34 65 62 60 12 -1 19 -1 -1 -1  7
  6  7 69 -1]
[0 0 0 0 0 0 1 1 1 0 0 1 1 0 1 1 0 1 1 1 1 0 1 0 1 0 1 0 0 0 1 0 0 1 1 0 0
 0 1 1 1 0 1 0 0 0 0 1 0 0 0 1 1 1 1 1 1 1 1 0 0 1 0 1 1 1 1 0 1 0 1 0 1 1
 1 1 0 1 1 1 0 1 1 1 0 0 0 1 1 1 0 0 1 0 0 1 1 0 0 0]
[3 1 0 3 0 4 1 2 2 4 2 0 2 0 0 0 0 3 4 3 3 2 3 2 3 3 4 0 0 4 0 1 0 1 0 1 3
 0 2 0 2 4 1 2 2 0 2 0 0 3 1 0 3 1 0 0 0 1 0 4 1 0 1 0 1 0 1 0 1 0 0 3 3 0
 1 0 0 1 1 0 0 4 3 0 0 0 1 1 0 0 2 0 3 0 4 0 3 0 2 3]
[3 1 0 3 0 4 1 2 2 4 2 0 2 0 0 0 0 3 4 3 3 2 3 2 3 3 4 0 0 4 0 1 0 1 0 1 3
 0 2 0 2 4 1 2 2 0 2 0 0 3 1 0 3 1 0 0 0 1 0 4 1 0 1 0 1 0 1 0 1 0 0 3 3 0
 1 0 0 1 1 0 0 4 3 0 0 0 1 1 0 0 2 0 3 0 4 0 3 0 2 3]
[9 7 8 3 9 9 7 8 6 6 2 2 1 1 8 4 4 2 9 7 1 3 6 9 9 7 7 1 4 4 5 2 9 1 8 6 7
 8 6 3 8 6 7 5 1 3 9 7 6 6 5 6 6 3 1 9 3 7 5 7 8 3 5 4 8 6 4 5 8 8 7 6 7 6
 2 2 1 4 3 3 6 2 5 9 5 3 5 4 2 3 5 6 7 5 3 6 6 9 1 2]
[9 7 8 3 9 9 7 8 6 6 2 2 1 1 8 4 4 2 9 7 1 3 6 9 9 7 7 1 4 4 5 2 9 1 8 6 7
 8 6 3 8 6 7 5 1 3 9 7 6 6 5 6 6 3 1 9 3 7 5 7 8 3 5 4 8 6 4 5 8 8 7 6 7 6
 2 2 1 4 3 3 6 2 5 9 5 3 5 4 2 3 5 6 7 5 3 6 6 9 1 2]
[46, 17, 50, 23, 43, 50, 50, 35, 44, 50, 50, 50, 37, 34, 27, 50, 48, 48, 50, 50, 32, 50, 35, 47, 50, 36, 50, 50, 33, 50, 50, 36, 47, 33, 49, 17, 42, 48, 16, 50, 44, 48, 50, 50, 50, 38, 19, 14, 50, 50, 22, 46, 50, 37, 10, 50, 19, 50, 50, 41, 50, 50, 33, 50, 40, 19, 50, 30, 17, 18, 50, 23, 29, 40, 37, 23, 40, 50, 48, 14, 37, 50, 50, 38, 34, 50, 38, 41, 33, 44, 34, 17, 50, 50, 50, 23, 44, 45, 50, 50]
[0 0 0 0 0 0 0 0 0 0 0 0 0 0 0 0 0 0 0 0 0 0 0 0 0 0 0 0 0 0 0 0 0 0 0 0 0
 0 0 0 0 0 0 0 0 0 0 0 0 0 0 0 0 0 0 0 0 0 0 0 0 0 0 0 0 0 0 0 0 0 0 0 0 0
 0 0 0 0 0 0 0 0 0 0 0 0 0 0 0 0 0 0 0 0 0 0 0 0 0 0]
[1 1 1 1 1 1 1 1 1 1 1 1 1 1 1 1 1 1 1 1 1 1 1 1 1 1 1 1 1 1 1 1 1 1 1 1 1
 1 1 1 1 1 1 1 1 1 1 1 1 1 1 1 1 1 1 1 1 1 1 1 1 1 1 1 1 1 1 1 1 1 1 1 1 1
 1 1 1 1 1 1 1 1 1 1 1 1 1 1 1 1 1 1 1 1 1 1 1 1 1 1]
