[ 0  1  2  3  4  5  6  7  8  9 10 11 12 13 14 15 16 17 18 19 20 21 22 23
 24 25 26 27 28 29 30 31 32 33 34 35 36 37 38 39 40 41 42 43 44 45 46 47
 48 49 50 51 52 53 54 55 56 57 58 59 60 61 62 63 64 65 66 67 68 69 70 71
 72 73 74 75 76 77 78 79 80 81 82 83 84 85 86 87 88 89 90 91 92 93 94 95
 96 97 98 99]
[83 -1 -1 95 80 -1 -1 97 49 82 81 68 54 -1 -1  0 40 -1 38 36 55  1  3 51
 -1 -1 -1 61 33 -1 14 69  1 61 90 86  0 -1 86 14 -1 78 67 28 -1 68 -1 32
 11 -1 40 -1 42 11 -1 35 84 77  7 83 -1 74 44 -1 93 38 18 -1 92 67 -1 59
 33  4 -1 -1  1 55  1 97 41 26 14 61 67 -1 31 20 -1 41 -1 -1 -1 95 19 -1
 71 46 20 77]
[0 1 0 0 0 0 1 0 0 0 1 0 0 0 0 1 0 0 1 1 1 1 0 1 1 1 0 0 0 1 1 0 1 0 0 0 0
 0 1 1 1 1 0 0 1 0 0 1 0 0 0 1 1 0 1 0 0 1 0 0 1 0 1 1 1 0 1 1 1 0 1 1 0 0
 0 0 1 1 1 0 0 0 0 1 1 1 1 1 1 1 0 1 0 0 1 1 0 0 0 0]
[0 0 4 4 2 3 3 2 0 1 0 4 2 1 0 0 0 4 3 1 0 1 0 0 0 2 0 0 1 0 1 0 0 0 0 0 0
 2 1 4 4 0 0 3 1 0 0 0 2 0 2 1 0 1 4 2 1 0 1 4 0 4 2 2 0 1 4 4 3 4 2 0 0 1
 2 3 0 0 2 2 2 3 0 0 3 3 2 0 0 1 0 2 0 1 0 0 0 0 3 0]
[0 0 4 4 2 3 3 2 0 1 0 4 2 1 0 0 0 4 3 1 0 1 0 0 0 2 0 0 1 0 1 0 0 0 0 0 0
 2 1 4 4 0 0 3 1 0 0 0 2 0 2 1 0 1 4 2 1 0 1 4 0 4 2 2 0 1 4 4 3 4 2 0 0 1
 2 3 0 0 2 2 2 3 0 0 3 3 2 0 0 1 0 2 0 1 0 0 0 0 3 0]
[3 2 3 1 2 8 7 5 6 9 7 5 7 9 6 8 7 3 2 1 7 8 4 4 2 5 2 4 5 4 4 4 5 9 4 9 1
 5 8 1 5 8 6 8 6 5 9 9 6 9 7 8 5 3 7 4 5 8 4 2 1 6 1 4 6 7 4 4 6 4 7 4 8 5
 4 5 3 2 8 1 2 9 9 5 3 8 3 6 5 9 6 9 8 8 7 4 7 9 5 5]
[3 2 3 1 2 8 7 5 6 9 7 5 7 9 6 8 7 3 2 1 7 8 4 4 2 5 2 4 5 4 4 4 5 9 4 9 1
 5 8 1 5 8 6 8 6 5 9 9 6 9 7 8 5 3 7 4 5 8 4 2 1 6 1 4 6 7 4 4 6 4 7 4 8 5
 4 5 3 2 8 1 2 9 9 5 3 8 3 6 5 9 6 9 8 8 7 4 7 9 5 5]
[50, 48, 11, 50, 50, 50, 25, 50, 40, 17, 25, 16, 21, 50, 50, 37, 19, 50, 12, 50, 50, 29, 31, 18, 50, 50, 23, 50, 19, 18, 38, 50, 32, 28, 11, 50, 23, 23, 50, 24, 22, 50, 49, 50, 50, 50, 29, 50, 29, 50, 50, 50, 50, 39, 35, 50, 50, 50, 50, 50, 50, 50, 42, 50, 50, 50, 40, 45, 50, 50, 50, 50, 50, 50, 50, 50, 28, 50, 50, 50, 50, 11, 50, 26, 15, 50, 50, 50, 33, 27, 31, 50, 50, 50, 38, 19, 41, 21, 42, 50]
[0 0 0 0 0 0 0 0 0 0 0 0 0 0 0 0 0 0 0 0 0 0 0 0 0 0 0 0 0 0 0 0 0 0 0 0 0
 0 0 0 0 0 0 0 0 0 0 0 0 0 0 0 0 0 0 0 0 0 0 0 0 0 0 0 0 0 0 0 0 0 0 0 0 0
 0 0 0 0 0 0 0 0 0 0 0 0 0 0 0 0 0 0 0 0 0 0 0 0 0 0]
[1 1 1 1 1 1 1 1 1 1 1 1 1 1 1 1 1 1 1 1 1 1 1 1 1 1 1 1 1 1 1 1 1 1 1 1 1
 1 1 1 1 1 1 1 1 1 1 1 1 1 1 1 1 1 1 1 1 1 1 1 1 1 1 1 1 1 1 1 1 1 1 1 1 1
 1 1 1 1 1 1 1 1 1 1 1 1 1 1 1 1 1 1 1 1 1 1 1 1 1 1]
