[ 0  1  2  3  4  5  6  7  8  9 10 11 12 13 14 15 16 17 18 19 20 21 22 23
 24 25 26 27 28 29 30 31 32 33 34 35 36 37 38 39 40 41 42 43 44 45 46 47
 48 49 50 51 52 53 54 55 56 57 58 59 60 61 62 63 64 65 66 67 68 69 70 71
 72 73 74 75 76 77 78 79 80 81 82 83 84 85 86 87 88 89 90 91 92 93 94 95
 96 97 98 99]
[-1 -1 83 41 42 20 -1 -1 72 46  0 91 13 -1 -1 -1 -1 38 69 -1 77  4  6 33
 85 -1 33 75 -1 65 23 -1 -1 55 35  6 87 89 92 -1 -1 -1 -1 58 23 -1 -1 62
 94 91  3 15 19 72 42 51 -1 80 22 -1 -1 48 80 41 -1 58 80 -1 63 -1 67 76
 91 84  5 89 -1 -1 15  7 22 54 31 53 91  0 -1 11 57 82 -1 -1 14 99 -1 51
 62 36  9 -1]
[0 1 0 0 0 1 0 0 1 0 0 0 0 1 0 0 1 0 1 0 1 1 1 1 0 0 1 0 0 0 0 0 1 0 1 1 1
 0 1 0 1 0 0 0 0 0 1 0 1 0 0 0 1 0 0 0 1 0 0 1 1 0 0 0 0 1 1 1 1 1 1 0 0 1
 0 0 1 1 0 1 0 1 0 0 1 0 0 0 0 0 1 0 1 0 1 0 1 1 1 0]
[2 3 0 2 1 0 0 0 0 2 0 4 1 3 0 0 2 0 0 0 1 0 3 0 0 2 0 0 4 0 1 1 3 4 3 0 3
 1 0 0 4 0 0 0 0 1 3 0 0 2 0 1 0 1 3 0 4 0 0 3 0 3 3 0 3 0 3 0 0 0 1 1 4 0
 1 0 0 0 1 3 0 2 0 1 3 0 3 0 0 0 2 1 0 4 2 2 3 0 1 4]
[2 3 0 2 1 0 0 0 0 2 0 4 1 3 0 0 2 0 0 0 1 0 3 0 0 2 0 0 4 0 1 1 3 4 3 0 3
 1 0 0 4 0 0 0 0 1 3 0 0 2 0 1 0 1 3 0 4 0 0 3 0 3 3 0 3 0 3 0 0 0 1 1 4 0
 1 0 0 0 1 3 0 2 0 1 3 0 3 0 0 0 2 1 0 4 2 2 3 0 1 4]
[1 7 9 8 8 3 2 3 1 6 7 5 8 9 7 9 4 5 1 2 3 7 9 7 8 5 7 8 9 3 6 7 1 4 5 3 6
 3 4 9 2 5 2 1 8 6 6 8 2 4 4 3 8 3 1 3 9 3 1 8 5 8 5 4 3 1 5 1 5 8 3 5 3 5
 6 6 6 1 1 2 1 2 3 7 8 8 8 8 3 7 1 5 8 3 9 5 7 3 9 7]
[1 7 9 8 8 3 2 3 1 6 7 5 8 9 7 9 4 5 1 2 3 7 9 7 8 5 7 8 9 3 6 7 1 4 5 3 6
 3 4 9 2 5 2 1 8 6 6 8 2 4 4 3 8 3 1 3 9 3 1 8 5 8 5 4 3 1 5 1 5 8 3 5 3 5
 6 6 6 1 1 2 1 2 3 7 8 8 8 8 3 7 1 5 8 3 9 5 7 3 9 7]
[28, 50, 37, 50, 47, 50, 50, 50, 50, 17, 50, 50, 41, 31, 50, 50, 50, 50, 27, 44, 47, 50, 50, 50, 50, 50, 40, 50, 50, 50, 50, 32, 50, 50, 50, 50, 25, 44, 50, 38, 23, 10, 18, 19, 38, 50, 45, 50, 20, 42, 50, 50, 17, 50, 22, 35, 18, 50, 46, 50, 50, 30, 32, 50, 50, 50, 39, 30, 50, 41, 12, 17, 48, 50, 50, 50, 14, 23, 42, 24, 50, 37, 29, 50, 50, 10, 50, 25, 50, 22, 50, 50, 28, 19, 17, 50, 34, 50, 50, 26]
[0 0 0 0 0 0 0 0 0 0 0 0 0 0 0 0 0 0 0 0 0 0 0 0 0 0 0 0 0 0 0 0 0 0 0 0 0
 0 0 0 0 0 0 0 0 0 0 0 0 0 0 0 0 0 0 0 0 0 0 0 0 0 0 0 0 0 0 0 0 0 0 0 0 0
 0 0 0 0 0 0 0 0 0 0 0 0 0 0 0 0 0 0 0 0 0 0 0 0 0 0]
[1 1 1 1 1 1 1 1 1 1 1 1 1 1 1 1 1 1 1 1 1 1 1 1 1 1 1 1 1 1 1 1 1 1 1 1 1
 1 1 1 1 1 1 1 1 1 1 1 1 1 1 1 1 1 1 1 1 1 1 1 1 1 1 1 1 1 1 1 1 1 1 1 1 1
 1 1 1 1 1 1 1 1 1 1 1 1 1 1 1 1 1 1 1 1 1 1 1 1 1 1]
