[ 0  1  2  3  4  5  6  7  8  9 10 11 12 13 14 15 16 17 18 19 20 21 22 23
 24 25 26 27 28 29 30 31 32 33 34 35 36 37 38 39 40 41 42 43 44 45 46 47
 48 49 50 51 52 53 54 55 56 57 58 59 60 61 62 63 64 65 66 67 68 69 70 71
 72 73 74 75 76 77 78 79 80 81 82 83 84 85 86 87 88 89 90 91 92 93 94 95
 96 97 98 99]
[22 13 -1 68 -1 84 -1 24 -1 14 32 -1 27 -1 58 -1 18 78 -1  0 -1 -1 29 61
 95 72 82 38 -1 -1 81 -1 75 -1 -1 -1 67 55 -1 69 -1 -1 77 13  0 80 -1 81
 37 52 61 29 -1 -1 61  9 21 92 82 -1 -1  0 -1 26 43 -1 -1 19 46 85 87 63
 -1 -1 -1  2 33 14 14 86  1 -1 29 55 -1 -1 87  6 26 96 43 -1 96 26  9 82
 -1 31 94 -1]
[0 1 0 0 1 1 0 0 0 1 0 1 0 0 1 1 1 1 1 1 1 1 0 1 1 1 1 0 0 0 1 1 1 0 1 1 1
 0 0 1 1 1 0 0 1 0 1 0 0 1 0 0 0 0 1 1 0 0 0 1 1 1 0 1 0 0 0 1 0 1 1 1 0 0
 0 1 1 0 0 1 1 0 1 1 0 0 0 0 1 1 0 1 1 1 0 1 1 1 0 0]
[0 3 0 0 0 0 1 1 1 1 0 0 2 3 0 0 3 0 0 3 0 3 1 4 2 2 3 1 4 2 0 3 1 0 0 0 0
 0 0 0 0 0 0 3 4 1 4 2 4 0 4 0 2 0 0 1 0 0 0 3 4 1 0 0 1 3 2 0 0 3 0 0 0 0
 0 2 0 0 0 1 3 4 4 0 1 0 0 1 0 1 0 0 0 4 2 0 0 2 3 0]
[0 3 0 0 0 0 1 1 1 1 0 0 2 3 0 0 3 0 0 3 0 3 1 4 2 2 3 1 4 2 0 3 1 0 0 0 0
 0 0 0 0 0 0 3 4 1 4 2 4 0 4 0 2 0 0 1 0 0 0 3 4 1 0 0 1 3 2 0 0 3 0 0 0 0
 0 2 0 0 0 1 3 4 4 0 1 0 0 1 0 1 0 0 0 4 2 0 0 2 3 0]
[1 7 3 4 8 2 9 7 8 1 5 1 6 9 5 9 5 4 4 4 2 1 7 2 6 9 7 1 6 6 8 9 9 6 1 8 6
 1 5 2 3 6 6 6 9 7 1 6 9 3 1 4 4 4 7 9 5 2 3 3 2 4 5 1 7 3 3 5 8 2 9 3 4 1
 1 4 7 8 1 4 8 3 3 9 5 2 1 6 9 4 1 3 5 7 4 3 7 9 3 2]
[1 7 3 4 8 2 9 7 8 1 5 1 6 9 5 9 5 4 4 4 2 1 7 2 6 9 7 1 6 6 8 9 9 6 1 8 6
 1 5 2 3 6 6 6 9 7 1 6 9 3 1 4 4 4 7 9 5 2 3 3 2 4 5 1 7 3 3 5 8 2 9 3 4 1
 1 4 7 8 1 4 8 3 3 9 5 2 1 6 9 4 1 3 5 7 4 3 7 9 3 2]
[40, 50, 26, 15, 36, 18, 24, 29, 49, 50, 45, 50, 50, 33, 50, 50, 15, 50, 28, 44, 50, 50, 50, 49, 50, 50, 49, 46, 16, 34, 50, 50, 50, 18, 50, 50, 10, 27, 50, 50, 50, 42, 35, 50, 25, 12, 50, 49, 50, 48, 29, 37, 50, 50, 43, 17, 50, 37, 36, 27, 50, 46, 50, 46, 43, 50, 50, 50, 50, 50, 50, 29, 17, 47, 50, 35, 50, 10, 50, 28, 50, 50, 31, 29, 46, 50, 28, 50, 50, 11, 49, 14, 50, 50, 11, 50, 12, 50, 30, 50]
[0 0 0 0 0 0 0 0 0 0 0 0 0 0 0 0 0 0 0 0 0 0 0 0 0 0 0 0 0 0 0 0 0 0 0 0 0
 0 0 0 0 0 0 0 0 0 0 0 0 0 0 0 0 0 0 0 0 0 0 0 0 0 0 0 0 0 0 0 0 0 0 0 0 0
 0 0 0 0 0 0 0 0 0 0 0 0 0 0 0 0 0 0 0 0 0 0 0 0 0 0]
[1 1 1 1 1 1 1 1 1 1 1 1 1 1 1 1 1 1 1 1 1 1 1 1 1 1 1 1 1 1 1 1 1 1 1 1 1
 1 1 1 1 1 1 1 1 1 1 1 1 1 1 1 1 1 1 1 1 1 1 1 1 1 1 1 1 1 1 1 1 1 1 1 1 1
 1 1 1 1 1 1 1 1 1 1 1 1 1 1 1 1 1 1 1 1 1 1 1 1 1 1]
