[ 0  1  2  3  4  5  6  7  8  9 10 11 12 13 14 15 16 17 18 19 20 21 22 23
 24 25 26 27 28 29 30 31 32 33 34 35 36 37 38 39 40 41 42 43 44 45 46 47
 48 49 50 51 52 53 54 55 56 57 58 59 60 61 62 63 64 65 66 67 68 69 70 71
 72 73 74 75 76 77 78 79 80 81 82 83 84 85 86 87 88 89 90 91 92 93 94 95
 96 97 98 99]
[38 72 79 62 97 46 -1 67 -1 11 62 21 93 98  3 -1 97 16 94 -1 66 40 53 72
 49 -1 76 99 -1 -1 -1 81  2 41 63 -1  9 -1 -1 44 42 95 38  8 41 76 13 -1
 92 31 94 -1 -1  2 -1 45 60 -1 -1 -1 -1 -1  9 84 -1 -1 14 18 -1 20 -1 91
 33 29 52 58 -1 -1 -1  7 -1 76 85 -1 99 34  4 35 -1 96 44 88 11 54 -1 34
 -1 -1 47 -1]
[1 1 0 0 0 1 0 0 1 1 1 0 0 1 0 0 0 0 0 0 0 1 0 0 0 1 1 1 0 1 0 1 0 1 0 1 0
 0 1 0 1 1 1 1 0 1 1 0 1 1 0 0 1 1 1 0 0 1 0 1 0 0 0 0 1 1 1 1 1 1 1 1 0 1
 0 1 0 1 1 0 1 0 1 1 0 0 0 1 0 0 1 1 1 1 1 1 0 1 1 0]
[3 3 0 0 4 2 3 0 0 2 0 3 1 3 0 1 4 0 0 0 1 0 4 4 0 2 3 4 3 4 0 4 0 4 3 0 0
 3 4 0 3 2 0 0 0 1 1 0 0 2 0 1 0 2 0 2 1 1 1 3 4 4 1 1 3 1 0 0 0 0 1 1 4 1
 0 0 0 0 1 0 2 0 0 4 0 1 2 0 0 0 1 0 2 3 0 0 3 0 0 0]
[3 3 0 0 4 2 3 0 0 2 0 3 1 3 0 1 4 0 0 0 1 0 4 4 0 2 3 4 3 4 0 4 0 4 3 0 0
 3 4 0 3 2 0 0 0 1 1 0 0 2 0 1 0 2 0 2 1 1 1 3 4 4 1 1 3 1 0 0 0 0 1 1 4 1
 0 0 0 0 1 0 2 0 0 4 0 1 2 0 0 0 1 0 2 3 0 0 3 0 0 0]
[2 7 7 5 3 9 2 6 5 7 4 4 7 1 4 3 4 5 8 3 8 8 7 4 3 7 3 7 3 6 9 9 6 4 6 9 2
 1 5 3 7 3 6 1 5 3 6 9 1 2 6 8 6 9 5 3 1 4 1 4 5 1 9 2 3 4 3 3 8 2 5 9 9 1
 6 3 5 2 6 1 9 5 3 3 6 6 2 5 1 6 3 9 6 2 6 8 9 1 8 7]
[2 7 7 5 3 9 2 6 5 7 4 4 7 1 4 3 4 5 8 3 8 8 7 4 3 7 3 7 3 6 9 9 6 4 6 9 2
 1 5 3 7 3 6 1 5 3 6 9 1 2 6 8 6 9 5 3 1 4 1 4 5 1 9 2 3 4 3 3 8 2 5 9 9 1
 6 3 5 2 6 1 9 5 3 3 6 6 2 5 1 6 3 9 6 2 6 8 9 1 8 7]
[50, 50, 50, 50, 21, 38, 26, 50, 18, 50, 50, 36, 14, 50, 21, 25, 50, 50, 50, 50, 11, 50, 10, 50, 14, 50, 19, 50, 21, 50, 50, 42, 50, 43, 50, 50, 50, 26, 50, 50, 42, 50, 50, 25, 50, 50, 42, 49, 50, 22, 13, 50, 50, 50, 49, 50, 50, 50, 50, 12, 25, 50, 50, 19, 50, 50, 45, 20, 50, 50, 50, 50, 15, 50, 32, 23, 50, 50, 28, 43, 50, 50, 50, 50, 50, 39, 11, 50, 50, 50, 50, 19, 35, 50, 22, 17, 19, 10, 50, 39]
[0 0 0 0 0 0 0 0 0 0 0 0 0 0 0 0 0 0 0 0 0 0 0 0 0 0 0 0 0 0 0 0 0 0 0 0 0
 0 0 0 0 0 0 0 0 0 0 0 0 0 0 0 0 0 0 0 0 0 0 0 0 0 0 0 0 0 0 0 0 0 0 0 0 0
 0 0 0 0 0 0 0 0 0 0 0 0 0 0 0 0 0 0 0 0 0 0 0 0 0 0]
[1 1 1 1 1 1 1 1 1 1 1 1 1 1 1 1 1 1 1 1 1 1 1 1 1 1 1 1 1 1 1 1 1 1 1 1 1
 1 1 1 1 1 1 1 1 1 1 1 1 1 1 1 1 1 1 1 1 1 1 1 1 1 1 1 1 1 1 1 1 1 1 1 1 1
 1 1 1 1 1 1 1 1 1 1 1 1 1 1 1 1 1 1 1 1 1 1 1 1 1 1]
