[ 0  1  2  3  4  5  6  7  8  9 10 11 12 13 14 15 16 17 18 19 20 21 22 23
 24 25 26 27 28 29 30 31 32 33 34 35 36 37 38 39 40 41 42 43 44 45 46 47
 48 49 50 51 52 53 54 55 56 57 58 59 60 61 62 63 64 65 66 67 68 69 70 71
 72 73 74 75 76 77 78 79 80 81 82 83 84 85 86 87 88 89 90 91 92 93 94 95
 96 97 98 99]
[-1 -1 44 -1 13  0 -1 73 22 -1 -1  6 10 -1 45 31 53 -1 89 -1 25 19 47 18
 54 -1 59 22 73 -1 -1 35  2 89 -1 29 -1 -1 14 -1 79 -1 64 96 19 78 -1 95
 31 37 93 -1 24 45 43 77 71 -1 51 10 -1  1 52 18 12 -1 27 94 -1 78 94 25
 33 -1 87 -1 93  1 -1 98 45 -1 21 90 82 76 85 -1 -1 10 57 92 97 35 -1 75
 10 -1 24 -1]
[1 1 1 1 1 0 0 0 1 0 1 1 0 0 0 0 1 1 1 1 0 0 1 1 0 0 0 0 1 1 0 0 0 0 1 0 0
 1 1 0 0 0 0 0 0 1 1 1 1 1 0 1 1 1 1 0 1 0 0 1 0 0 1 0 1 0 1 0 1 1 1 0 1 0
 0 1 0 0 0 0 0 0 0 1 0 0 0 0 0 0 1 0 0 0 0 1 1 0 0 1]
[2 0 2 0 0 0 0 3 0 2 2 0 4 0 0 1 0 0 2 4 2 2 3 3 0 0 0 0 0 3 0 4 1 3 2 2 0
 1 0 0 0 0 4 0 4 0 0 1 3 4 0 0 0 2 3 0 2 2 3 1 0 1 0 2 0 0 0 4 3 0 1 0 0 0
 3 4 0 4 0 0 0 0 4 0 0 4 1 2 0 4 3 4 3 4 0 3 4 3 3 0]
[2 0 2 0 0 0 0 3 0 2 2 0 4 0 0 1 0 0 2 4 2 2 3 3 0 0 0 0 0 3 0 4 1 3 2 2 0
 1 0 0 0 0 4 0 4 0 0 1 3 4 0 0 0 2 3 0 2 2 3 1 0 1 0 2 0 0 0 4 3 0 1 0 0 0
 3 4 0 4 0 0 0 0 4 0 0 4 1 2 0 4 3 4 3 4 0 3 4 3 3 0]
[4 1 8 1 4 3 6 1 7 2 8 4 8 6 7 1 8 6 8 7 3 3 7 3 1 7 8 6 6 4 1 8 6 4 8 4 1
 5 5 4 2 4 7 2 8 1 8 5 6 6 6 3 4 8 2 6 9 9 6 9 1 2 4 7 3 1 1 2 8 6 1 7 8 6
 1 4 1 3 1 4 6 9 9 3 3 2 4 3 1 8 3 3 8 3 6 3 1 3 1 2]
[4 1 8 1 4 3 6 1 7 2 8 4 8 6 7 1 8 6 8 7 3 3 7 3 1 7 8 6 6 4 1 8 6 4 8 4 1
 5 5 4 2 4 7 2 8 1 8 5 6 6 6 3 4 8 2 6 9 9 6 9 1 2 4 7 3 1 1 2 8 6 1 7 8 6
 1 4 1 3 1 4 6 9 9 3 3 2 4 3 1 8 3 3 8 3 6 3 1 3 1 2]
[36, 41, 50, 50, 50, 50, 21, 15, 40, 50, 17, 50, 29, 46, 50, 41, 23, 50, 50, 50, 20, 10, 22, 50, 43, 17, 45, 50, 50, 15, 24, 48, 50, 10, 41, 10, 50, 50, 50, 36, 50, 50, 15, 50, 50, 50, 41, 50, 50, 33, 45, 43, 50, 50, 50, 50, 50, 50, 29, 50, 50, 50, 12, 21, 16, 20, 50, 50, 49, 50, 50, 25, 50, 50, 50, 50, 24, 50, 25, 26, 50, 42, 41, 50, 50, 50, 33, 50, 50, 50, 26, 25, 42, 28, 50, 40, 50, 36, 13, 50]
[0 0 0 0 0 0 0 0 0 0 0 0 0 0 0 0 0 0 0 0 0 0 0 0 0 0 0 0 0 0 0 0 0 0 0 0 0
 0 0 0 0 0 0 0 0 0 0 0 0 0 0 0 0 0 0 0 0 0 0 0 0 0 0 0 0 0 0 0 0 0 0 0 0 0
 0 0 0 0 0 0 0 0 0 0 0 0 0 0 0 0 0 0 0 0 0 0 0 0 0 0]
[1 1 1 1 1 1 1 1 1 1 1 1 1 1 1 1 1 1 1 1 1 1 1 1 1 1 1 1 1 1 1 1 1 1 1 1 1
 1 1 1 1 1 1 1 1 1 1 1 1 1 1 1 1 1 1 1 1 1 1 1 1 1 1 1 1 1 1 1 1 1 1 1 1 1
 1 1 1 1 1 1 1 1 1 1 1 1 1 1 1 1 1 1 1 1 1 1 1 1 1 1]
