[ 0  1  2  3  4  5  6  7  8  9 10 11 12 13 14 15 16 17 18 19 20 21 22 23
 24 25 26 27 28 29 30 31 32 33 34 35 36 37 38 39 40 41 42 43 44 45 46 47
 48 49 50 51 52 53 54 55 56 57 58 59 60 61 62 63 64 65 66 67 68 69 70 71
 72 73 74 75 76 77 78 79 80 81 82 83 84 85 86 87 88 89 90 91 92 93 94 95
 96 97 98 99]
[13 -1 62 98 56 -1 71 -1 -1 63 -1 91 40 -1  0 -1  4 -1 -1 82 -1 17 45 53
 -1 32 25 84 -1  6  8 -1 59 81 71 45 14 26  9 42 80 21 -1 82 63 37 -1 28
 51 -1 63 90  2 64 80 38 61 38 -1 14 10 -1 98 70 91 51 29 43 67 53 17 26
  7 82 55 -1 -1 -1 -1 -1 31 29 37 -1 -1 -1 -1  9 60 -1 61 -1 -1 77 18 17
 -1 20 57 57]
[0 0 0 0 0 1 0 1 1 1 0 0 0 1 1 0 1 1 1 0 1 0 0 1 0 1 0 0 0 1 1 0 0 1 0 1 0
 1 1 0 0 1 1 0 1 0 1 0 1 0 1 0 1 0 1 1 0 0 1 0 0 1 1 0 0 1 0 0 0 1 0 1 0 0
 1 1 1 1 1 1 1 1 1 1 0 0 0 0 0 0 1 0 0 0 0 1 0 0 1 0]
[1 2 1 0 2 3 0 0 0 0 0 0 3 4 2 3 2 0 1 0 3 0 0 2 3 4 0 1 2 2 0 0 0 4 0 2 0
 0 0 0 2 3 0 1 0 0 2 0 1 1 0 4 0 0 0 0 4 3 0 4 0 3 0 2 1 0 1 0 4 1 0 0 0 0
 2 3 0 0 0 0 3 1 0 0 0 4 4 3 4 0 0 4 1 0 3 0 3 0 0 0]
[1 2 1 0 2 3 0 0 0 0 0 0 3 4 2 3 2 0 1 0 3 0 0 2 3 4 0 1 2 2 0 0 0 4 0 2 0
 0 0 0 2 3 0 1 0 0 2 0 1 1 0 4 0 0 0 0 4 3 0 4 0 3 0 2 1 0 1 0 4 1 0 0 0 0
 2 3 0 0 0 0 3 1 0 0 0 4 4 3 4 0 0 4 1 0 3 0 3 0 0 0]
[6 5 3 9 7 6 4 3 8 1 1 9 1 6 7 2 7 4 1 7 4 4 6 8 9 5 6 1 2 2 8 1 1 8 7 3 6
 1 8 5 3 2 6 4 5 5 2 5 5 6 1 7 1 6 5 7 8 6 6 1 4 9 9 7 2 4 8 8 1 2 4 2 8 1
 8 9 1 6 9 7 8 8 3 8 6 9 8 7 9 3 3 2 3 1 5 5 5 5 4 8]
[6 5 3 9 7 6 4 3 8 1 1 9 1 6 7 2 7 4 1 7 4 4 6 8 9 5 6 1 2 2 8 1 1 8 7 3 6
 1 8 5 3 2 6 4 5 5 2 5 5 6 1 7 1 6 5 7 8 6 6 1 4 9 9 7 2 4 8 8 1 2 4 2 8 1
 8 9 1 6 9 7 8 8 3 8 6 9 8 7 9 3 3 2 3 1 5 5 5 5 4 8]
[20, 50, 50, 50, 20, 50, 32, 50, 50, 50, 13, 50, 23, 22, 15, 50, 50, 25, 50, 17, 43, 36, 22, 50, 43, 32, 50, 44, 50, 18, 46, 18, 27, 10, 50, 14, 50, 37, 17, 50, 15, 45, 44, 50, 50, 50, 35, 31, 32, 50, 17, 50, 50, 50, 21, 46, 10, 18, 50, 50, 50, 50, 50, 50, 42, 50, 27, 41, 50, 50, 44, 50, 50, 50, 50, 50, 50, 50, 50, 50, 50, 50, 50, 18, 24, 50, 50, 37, 50, 11, 50, 50, 47, 17, 50, 50, 50, 48, 45, 41]
[0 0 0 0 0 0 0 0 0 0 0 0 0 0 0 0 0 0 0 0 0 0 0 0 0 0 0 0 0 0 0 0 0 0 0 0 0
 0 0 0 0 0 0 0 0 0 0 0 0 0 0 0 0 0 0 0 0 0 0 0 0 0 0 0 0 0 0 0 0 0 0 0 0 0
 0 0 0 0 0 0 0 0 0 0 0 0 0 0 0 0 0 0 0 0 0 0 0 0 0 0]
[1 1 1 1 1 1 1 1 1 1 1 1 1 1 1 1 1 1 1 1 1 1 1 1 1 1 1 1 1 1 1 1 1 1 1 1 1
 1 1 1 1 1 1 1 1 1 1 1 1 1 1 1 1 1 1 1 1 1 1 1 1 1 1 1 1 1 1 1 1 1 1 1 1 1
 1 1 1 1 1 1 1 1 1 1 1 1 1 1 1 1 1 1 1 1 1 1 1 1 1 1]
