[ 0  1  2  3  4  5  6  7  8  9 10 11 12 13 14 15 16 17 18 19 20 21 22 23
 24 25 26 27 28 29 30 31 32 33 34 35 36 37 38 39 40 41 42 43 44 45 46 47
 48 49 50 51 52 53 54 55 56 57 58 59 60 61 62 63 64 65 66 67 68 69 70 71
 72 73 74 75 76 77 78 79 80 81 82 83 84 85 86 87 88 89 90 91 92 93 94 95
 96 97 98 99]
[-1 97 52 54 -1 -1  0 17 -1 87 77 78  6 74 51 -1 50 77 -1 63 64  0 29 59
 47 -1 50 45 11 -1  6 79 -1 63 68 24 -1 -1 21 12 43 -1 93 96 -1 12 -1 -1
 91 89 -1 37 54 88 47 77 72 -1 69 -1 -1 98 31 -1 38 50 39 49 62 -1 21 -1
 -1 -1 49 -1 70 99 81 92 56 31 24 77  5 59 53 50 -1 -1 51 70 -1 -1 42 -1
 45 79 -1 78]
[0 1 1 1 1 1 0 1 0 1 1 1 0 1 0 0 1 0 0 0 0 0 0 0 1 1 0 1 1 0 1 1 1 0 0 1 1
 0 1 1 1 0 0 1 1 1 0 1 0 1 0 0 1 0 1 0 0 0 1 1 0 1 0 0 1 1 1 0 1 1 0 1 0 0
 1 1 0 1 0 0 0 0 1 0 1 0 1 1 0 1 0 1 1 1 0 1 1 0 1 0]
[0 0 0 0 0 0 0 0 4 0 0 3 1 4 0 4 3 3 0 0 0 0 4 0 4 1 2 0 2 2 0 2 3 0 4 4 0
 0 4 4 2 0 0 0 2 2 0 0 4 3 0 0 1 2 3 0 2 3 2 3 0 1 0 2 0 0 0 0 3 0 4 0 0 0
 1 0 0 3 3 4 1 0 0 0 0 0 3 0 1 0 3 0 1 0 0 0 0 4 2 0]
[0 0 0 0 0 0 0 0 4 0 0 3 1 4 0 4 3 3 0 0 0 0 4 0 4 1 2 0 2 2 0 2 3 0 4 4 0
 0 4 4 2 0 0 0 2 2 0 0 4 3 0 0 1 2 3 0 2 3 2 3 0 1 0 2 0 0 0 0 3 0 4 0 0 0
 1 0 0 3 3 4 1 0 0 0 0 0 3 0 1 0 3 0 1 0 0 0 0 4 2 0]
[5 6 6 5 3 7 9 1 2 2 9 5 2 9 9 9 7 9 9 8 1 2 8 9 7 1 3 1 8 8 1 5 6 3 5 5 8
 5 1 6 3 2 1 6 6 1 2 7 2 5 1 6 6 4 3 5 2 4 8 1 6 6 7 7 3 5 5 6 1 9 3 6 9 6
 1 9 8 4 5 5 8 8 9 9 9 3 8 6 9 9 8 2 1 9 3 9 5 1 3 4]
[5 6 6 5 3 7 9 1 2 2 9 5 2 9 9 9 7 9 9 8 1 2 8 9 7 1 3 1 8 8 1 5 6 3 5 5 8
 5 1 6 3 2 1 6 6 1 2 7 2 5 1 6 6 4 3 5 2 4 8 1 6 6 7 7 3 5 5 6 1 9 3 6 9 6
 1 9 8 4 5 5 8 8 9 9 9 3 8 6 9 9 8 2 1 9 3 9 5 1 3 4]
[50, 34, 50, 50, 50, 35, 50, 50, 50, 50, 31, 14, 21, 50, 19, 30, 50, 24, 50, 50, 41, 50, 50, 27, 50, 29, 50, 50, 17, 19, 50, 16, 11, 50, 50, 34, 50, 13, 50, 50, 50, 50, 14, 50, 17, 50, 50, 13, 50, 50, 50, 27, 23, 49, 50, 23, 50, 50, 36, 21, 50, 50, 48, 50, 21, 46, 50, 20, 22, 10, 50, 50, 45, 50, 50, 50, 50, 50, 50, 23, 50, 50, 44, 21, 18, 50, 33, 48, 50, 50, 50, 17, 15, 50, 50, 50, 31, 50, 50, 50]
[0 0 0 0 0 0 0 0 0 0 0 0 0 0 0 0 0 0 0 0 0 0 0 0 0 0 0 0 0 0 0 0 0 0 0 0 0
 0 0 0 0 0 0 0 0 0 0 0 0 0 0 0 0 0 0 0 0 0 0 0 0 0 0 0 0 0 0 0 0 0 0 0 0 0
 0 0 0 0 0 0 0 0 0 0 0 0 0 0 0 0 0 0 0 0 0 0 0 0 0 0]
[1 1 1 1 1 1 1 1 1 1 1 1 1 1 1 1 1 1 1 1 1 1 1 1 1 1 1 1 1 1 1 1 1 1 1 1 1
 1 1 1 1 1 1 1 1 1 1 1 1 1 1 1 1 1 1 1 1 1 1 1 1 1 1 1 1 1 1 1 1 1 1 1 1 1
 1 1 1 1 1 1 1 1 1 1 1 1 1 1 1 1 1 1 1 1 1 1 1 1 1 1]
