[ 0  1  2  3  4  5  6  7  8  9 10 11 12 13 14 15 16 17 18 19 20 21 22 23
 24 25 26 27 28 29 30 31 32 33 34 35 36 37 38 39 40 41 42 43 44 45 46 47
 48 49 50 51 52 53 54 55 56 57 58 59 60 61 62 63 64 65 66 67 68 69 70 71
 72 73 74 75 76 77 78 79 80 81 82 83 84 85 86 87 88 89 90 91 92 93 94 95
 96 97 98 99]
[-1  9 -1 71 25 30 42 68 15 35 18  7 14 94 13 -1 -1 12 87 -1  3 -1 78 72
 -1 60 89 -1 -1 88 44 10 -1 50 -1  8 16  2 -1 46 82 -1 97 77 61 -1 59 63
 70 -1 41 11 37 19 15 54 14 20 -1 41 10 11 99 65 33 -1 62 -1  8 80 -1 98
 93 -1 72 72  6 38 -1 -1  7 13 87 77 97 82 72 78 -1 61 66 41 61 97 98 -1
 56 71 16 -1]
[0 0 0 0 1 1 1 0 1 1 0 0 1 0 0 1 1 1 0 1 1 0 0 0 0 1 0 0 1 0 0 1 1 0 1 1 0
 0 1 0 1 0 0 0 0 1 0 1 0 0 0 0 0 0 0 0 0 0 0 0 1 0 0 0 1 1 0 1 0 0 1 1 1 0
 1 0 0 0 1 1 1 0 1 1 0 1 1 1 0 0 1 1 1 0 0 0 1 0 0 0]
[1 0 0 1 4 2 3 0 0 0 3 0 2 0 0 2 1 2 4 4 0 1 0 4 2 0 0 0 4 0 4 4 0 2 0 0 2
 0 1 0 3 0 0 4 0 0 0 0 2 3 0 2 3 0 0 0 0 1 2 3 0 0 2 2 2 0 2 4 0 2 2 0 4 0
 1 2 0 2 0 0 0 0 0 2 0 0 1 3 4 0 0 2 1 2 0 4 0 3 0 0]
[1 0 0 1 4 2 3 0 0 0 3 0 2 0 0 2 1 2 4 4 0 1 0 4 2 0 0 0 4 0 4 4 0 2 0 0 2
 0 1 0 3 0 0 4 0 0 0 0 2 3 0 2 3 0 0 0 0 1 2 3 0 0 2 2 2 0 2 4 0 2 2 0 4 0
 1 2 0 2 0 0 0 0 0 2 0 0 1 3 4 0 0 2 1 2 0 4 0 3 0 0]
[4 5 3 6 8 8 1 4 2 4 9 2 6 5 4 3 4 8 7 8 6 8 2 5 5 1 8 9 6 2 3 5 8 7 2 9 4
 3 7 3 8 6 4 8 5 6 9 1 8 6 8 2 6 1 8 6 2 5 5 7 9 3 1 1 8 6 4 8 4 7 5 7 4 6
 8 6 3 6 7 9 6 2 4 8 3 8 2 3 1 6 4 9 9 4 7 9 7 3 8 2]
[4 5 3 6 8 8 1 4 2 4 9 2 6 5 4 3 4 8 7 8 6 8 2 5 5 1 8 9 6 2 3 5 8 7 2 9 4
 3 7 3 8 6 4 8 5 6 9 1 8 6 8 2 6 1 8 6 2 5 5 7 9 3 1 1 8 6 4 8 4 7 5 7 4 6
 8 6 3 6 7 9 6 2 4 8 3 8 2 3 1 6 4 9 9 4 7 9 7 3 8 2]
[50, 30, 11, 47, 50, 50, 50, 50, 50, 16, 25, 50, 50, 29, 34, 29, 38, 43, 50, 36, 50, 50, 13, 15, 19, 50, 32, 50, 50, 50, 33, 34, 37, 50, 44, 50, 50, 48, 50, 50, 41, 18, 50, 42, 32, 44, 25, 31, 47, 50, 27, 50, 17, 50, 50, 50, 17, 50, 50, 42, 50, 50, 50, 14, 50, 50, 50, 49, 50, 14, 12, 50, 17, 36, 13, 50, 32, 50, 50, 36, 40, 26, 50, 50, 44, 18, 34, 49, 50, 12, 50, 50, 46, 37, 50, 42, 33, 50, 50, 50]
[0 0 0 0 0 0 0 0 0 0 0 0 0 0 0 0 0 0 0 0 0 0 0 0 0 0 0 0 0 0 0 0 0 0 0 0 0
 0 0 0 0 0 0 0 0 0 0 0 0 0 0 0 0 0 0 0 0 0 0 0 0 0 0 0 0 0 0 0 0 0 0 0 0 0
 0 0 0 0 0 0 0 0 0 0 0 0 0 0 0 0 0 0 0 0 0 0 0 0 0 0]
[1 1 1 1 1 1 1 1 1 1 1 1 1 1 1 1 1 1 1 1 1 1 1 1 1 1 1 1 1 1 1 1 1 1 1 1 1
 1 1 1 1 1 1 1 1 1 1 1 1 1 1 1 1 1 1 1 1 1 1 1 1 1 1 1 1 1 1 1 1 1 1 1 1 1
 1 1 1 1 1 1 1 1 1 1 1 1 1 1 1 1 1 1 1 1 1 1 1 1 1 1]
