[ 0  1  2  3  4  5  6  7  8  9 10 11 12 13 14 15 16 17 18 19 20 21 22 23
 24 25 26 27 28 29 30 31 32 33 34 35 36 37 38 39 40 41 42 43 44 45 46 47
 48 49 50 51 52 53 54 55 56 57 58 59 60 61 62 63 64 65 66 67 68 69 70 71
 72 73 74 75 76 77 78 79 80 81 82 83 84 85 86 87 88 89 90 91 92 93 94 95
 96 97 98 99]
[87 -1 55 -1 17 54 -1 -1 14 -1 19 35 64 -1 64 66 56 -1 -1 51 93 23 26 54
 69 56 46 -1 -1 82 72 25 89 13 29 42 -1  1 44 58 81 11 -1 95 -1 25 89  0
 -1 -1 79 93 82  8 75 62 -1 78 37 -1 34 67 28 11 -1 83 74 58 12 11  5 -1
 84 51 -1 -1  3 36 12 97 55 25 12 86  6 81 -1  5  6 -1 -1 66 -1 25 93 14
 69 -1 51 89]
[1 0 0 1 1 1 0 0 0 1 0 1 0 0 1 1 0 1 0 0 0 0 1 0 1 0 1 0 0 0 0 0 0 1 0 0 1
 0 1 0 1 0 0 0 0 1 1 1 0 1 1 1 0 1 1 1 0 0 0 1 1 1 0 0 1 1 1 1 0 0 0 0 1 0
 1 1 0 0 1 1 1 0 1 0 0 1 1 0 0 0 0 0 0 1 0 1 0 0 1 0]
[0 4 0 3 1 3 0 3 4 0 2 0 4 0 0 0 0 0 1 1 3 0 0 0 0 0 4 0 0 3 1 0 0 2 3 0 0
 0 0 0 0 0 1 0 0 0 0 3 2 0 1 0 1 1 0 0 4 0 3 4 3 0 0 4 1 0 3 0 0 1 4 1 4 3
 3 0 0 3 4 1 0 0 0 0 0 4 1 0 0 1 0 0 0 1 0 3 0 1 0 0]
[0 4 0 3 1 3 0 3 4 0 2 0 4 0 0 0 0 0 1 1 3 0 0 0 0 0 4 0 0 3 1 0 0 2 3 0 0
 0 0 0 0 0 1 0 0 0 0 3 2 0 1 0 1 1 0 0 4 0 3 4 3 0 0 4 1 0 3 0 0 1 4 1 4 3
 3 0 0 3 4 1 0 0 0 0 0 4 1 0 0 1 0 0 0 1 0 3 0 1 0 0]
[8 1 4 3 1 5 7 8 1 1 5 4 5 4 2 9 2 6 1 7 8 2 3 2 7 2 2 1 8 2 7 1 1 9 5 7 8
 4 8 4 9 4 5 8 4 6 8 6 1 6 9 9 4 4 1 5 3 8 2 8 2 6 7 1 3 3 4 4 4 9 6 8 9 5
 1 4 1 6 2 4 6 8 9 5 3 7 7 8 9 5 9 2 5 2 3 7 7 6 5 9]
[8 1 4 3 1 5 7 8 1 1 5 4 5 4 2 9 2 6 1 7 8 2 3 2 7 2 2 1 8 2 7 1 1 9 5 7 8
 4 8 4 9 4 5 8 4 6 8 6 1 6 9 9 4 4 1 5 3 8 2 8 2 6 7 1 3 3 4 4 4 9 6 8 9 5
 1 4 1 6 2 4 6 8 9 5 3 7 7 8 9 5 9 2 5 2 3 7 7 6 5 9]
[14, 18, 37, 50, 24, 50, 24, 50, 47, 50, 46, 30, 19, 39, 50, 33, 29, 35, 30, 50, 44, 50, 31, 23, 33, 50, 33, 35, 30, 43, 44, 26, 37, 33, 49, 30, 37, 44, 50, 47, 44, 50, 27, 50, 50, 47, 22, 44, 31, 50, 37, 34, 50, 38, 31, 50, 50, 16, 33, 50, 50, 26, 50, 50, 50, 50, 50, 50, 37, 50, 34, 48, 33, 50, 46, 50, 47, 15, 39, 50, 41, 50, 25, 42, 42, 42, 31, 43, 50, 44, 34, 50, 44, 50, 50, 50, 15, 39, 39, 46]
[0 0 0 0 0 0 0 0 0 0 0 0 0 0 0 0 0 0 0 0 0 0 0 0 0 0 0 0 0 0 0 0 0 0 0 0 0
 0 0 0 0 0 0 0 0 0 0 0 0 0 0 0 0 0 0 0 0 0 0 0 0 0 0 0 0 0 0 0 0 0 0 0 0 0
 0 0 0 0 0 0 0 0 0 0 0 0 0 0 0 0 0 0 0 0 0 0 0 0 0 0]
[1 1 1 1 1 1 1 1 1 1 1 1 1 1 1 1 1 1 1 1 1 1 1 1 1 1 1 1 1 1 1 1 1 1 1 1 1
 1 1 1 1 1 1 1 1 1 1 1 1 1 1 1 1 1 1 1 1 1 1 1 1 1 1 1 1 1 1 1 1 1 1 1 1 1
 1 1 1 1 1 1 1 1 1 1 1 1 1 1 1 1 1 1 1 1 1 1 1 1 1 1]
