[ 0  1  2  3  4  5  6  7  8  9 10 11 12 13 14 15 16 17 18 19 20 21 22 23
 24 25 26 27 28 29 30 31 32 33 34 35 36 37 38 39 40 41 42 43 44 45 46 47
 48 49 50 51 52 53 54 55 56 57 58 59 60 61 62 63 64 65 66 67 68 69 70 71
 72 73 74 75 76 77 78 79 80 81 82 83 84 85 86 87 88 89 90 91 92 93 94 95
 96 97 98 99]
[-1 -1 -1 -1 44 -1 77 53 14 15  6 99 99 -1 69 94 55 85 37 61 45 -1 -1 -1
 -1 50  0  7  0 -1 44 82 -1 34 91 73 92 96 -1 43 -1 77 -1 40 77 61 31 39
 -1 12 55 -1 -1 48 60 96 -1 15 80 61 95 36 -1 78 50 53 70 51 -1 52 34 63
 -1 88 -1 -1 -1 16 83 17 68 -1 92 -1 -1 11 33 52 58 -1 50 42 50  4  0 -1
 -1 24 97 -1]
[1 1 1 1 1 0 1 1 0 1 0 0 0 0 0 1 1 0 1 0 0 0 0 1 1 0 1 1 0 0 1 0 0 1 1 1 0
 1 1 0 0 1 0 0 1 1 0 0 1 0 0 1 0 1 1 1 1 0 1 1 0 0 1 0 0 1 0 1 1 1 0 1 1 0
 0 0 1 0 1 0 0 0 1 1 1 1 1 0 1 0 1 0 1 0 0 1 1 1 1 0]
[3 4 0 2 0 0 3 4 0 0 2 3 4 0 0 4 0 0 2 0 4 3 4 0 0 0 0 0 1 2 0 1 4 0 2 0 0
 2 0 1 0 1 4 0 0 4 0 2 0 0 0 0 4 0 0 1 3 4 2 0 1 4 3 0 2 4 1 0 4 3 2 4 1 0
 2 4 2 4 4 0 1 2 3 3 0 4 0 2 0 2 1 0 3 0 0 0 3 2 0 3]
[3 4 0 2 0 0 3 4 0 0 2 3 4 0 0 4 0 0 2 0 4 3 4 0 0 0 0 0 1 2 0 1 4 0 2 0 0
 2 0 1 0 1 4 0 0 4 0 2 0 0 0 0 4 0 0 1 3 4 2 0 1 4 3 0 2 4 1 0 4 3 2 4 1 0
 2 4 2 4 4 0 1 2 3 3 0 4 0 2 0 2 1 0 3 0 0 0 3 2 0 3]
[3 1 4 4 1 3 5 9 4 7 8 3 6 2 4 6 2 8 9 2 6 1 8 5 2 3 1 1 4 6 2 8 1 3 3 8 2
 8 9 6 8 6 5 7 6 9 9 1 5 5 8 3 5 5 4 3 4 7 3 3 5 5 5 4 6 5 4 8 7 6 8 5 8 6
 8 8 9 9 3 9 3 6 1 4 2 4 7 6 1 9 1 3 9 6 1 6 2 5 3 9]
[3 1 4 4 1 3 5 9 4 7 8 3 6 2 4 6 2 8 9 2 6 1 8 5 2 3 1 1 4 6 2 8 1 3 3 8 2
 8 9 6 8 6 5 7 6 9 9 1 5 5 8 3 5 5 4 3 4 7 3 3 5 5 5 4 6 5 4 8 7 6 8 5 8 6
 8 8 9 9 3 9 3 6 1 4 2 4 7 6 1 9 1 3 9 6 1 6 2 5 3 9]
[50, 50, 31, 50, 50, 37, 36, 50, 50, 50, 50, 50, 50, 50, 50, 50, 28, 30, 50, 50, 28, 18, 50, 50, 40, 37, 50, 37, 50, 50, 48, 39, 50, 26, 50, 50, 50, 30, 50, 45, 50, 14, 12, 42, 50, 30, 24, 13, 13, 15, 50, 50, 29, 27, 50, 50, 50, 19, 38, 20, 50, 50, 14, 35, 50, 50, 22, 18, 50, 50, 37, 50, 23, 50, 50, 50, 50, 50, 50, 15, 33, 50, 50, 50, 19, 50, 44, 50, 43, 10, 50, 14, 50, 50, 33, 28, 46, 10, 50, 50]
[0 0 0 0 0 0 0 0 0 0 0 0 0 0 0 0 0 0 0 0 0 0 0 0 0 0 0 0 0 0 0 0 0 0 0 0 0
 0 0 0 0 0 0 0 0 0 0 0 0 0 0 0 0 0 0 0 0 0 0 0 0 0 0 0 0 0 0 0 0 0 0 0 0 0
 0 0 0 0 0 0 0 0 0 0 0 0 0 0 0 0 0 0 0 0 0 0 0 0 0 0]
[1 1 1 1 1 1 1 1 1 1 1 1 1 1 1 1 1 1 1 1 1 1 1 1 1 1 1 1 1 1 1 1 1 1 1 1 1
 1 1 1 1 1 1 1 1 1 1 1 1 1 1 1 1 1 1 1 1 1 1 1 1 1 1 1 1 1 1 1 1 1 1 1 1 1
 1 1 1 1 1 1 1 1 1 1 1 1 1 1 1 1 1 1 1 1 1 1 1 1 1 1]
