[ 0  1  2  3  4  5  6  7  8  9 10 11 12 13 14 15 16 17 18 19 20 21 22 23
 24 25 26 27 28 29 30 31 32 33 34 35 36 37 38 39 40 41 42 43 44 45 46 47
 48 49 50 51 52 53 54 55 56 57 58 59 60 61 62 63 64 65 66 67 68 69 70 71
 72 73 74 75 76 77 78 79 80 81 82 83 84 85 86 87 88 89 90 91 92 93 94 95
 96 97 98 99]
[37  6 -1 26 69 68 32 59 -1 65 76 35 45 -1 35 49 52 47 16 57 -1 -1 68 22
 10 -1 -1 63 -1 30 -1 38 -1  1 46 98 48 -1 -1 66 24 12 78 76 -1 38 92  4
 19 89 35 75 29 79 81 -1 94 -1 74 -1 57 74 48 14 -1 54 67 86 96 50 81 91
 77 33 34 -1 -1 70 22 -1 28 35  9  1 70 76 -1 97 -1 -1 20 -1 57 69 15 71
 99  3 -1 -1]
[0 1 1 1 1 1 1 0 0 1 1 1 1 1 0 1 0 0 0 1 1 0 0 1 0 1 0 0 1 0 0 1 0 1 1 0 0
 1 1 0 0 1 1 0 0 1 1 1 0 0 0 1 1 1 1 0 0 0 1 1 0 1 0 1 0 0 1 0 0 1 1 1 0 1
 0 1 0 0 1 1 1 0 1 0 1 0 0 0 1 0 1 1 0 1 1 1 1 0 0 1]
[2 0 0 0 0 0 3 3 0 2 2 4 2 1 2 2 0 0 3 0 0 1 0 0 0 0 4 0 0 4 3 3 0 0 4 0 0
 0 0 0 2 4 2 0 0 0 3 0 0 0 0 2 1 0 0 4 3 0 1 3 4 0 0 0 0 3 4 0 0 4 0 2 0 1
 3 0 4 0 0 0 2 0 0 0 0 0 1 4 3 3 4 0 2 2 0 4 1 1 0 3]
[2 0 0 0 0 0 3 3 0 2 2 4 2 1 2 2 0 0 3 0 0 1 0 0 0 0 4 0 0 4 3 3 0 0 4 0 0
 0 0 0 2 4 2 0 0 0 3 0 0 0 0 2 1 0 0 4 3 0 1 3 4 0 0 0 0 3 4 0 0 4 0 2 0 1
 3 0 4 0 0 0 2 0 0 0 0 0 1 4 3 3 4 0 2 2 0 4 1 1 0 3]
[7 8 6 5 3 7 4 9 2 1 2 8 2 4 2 5 3 9 8 1 5 5 2 1 3 2 9 3 4 9 1 8 2 3 5 5 9
 9 7 3 7 7 3 1 8 2 8 9 7 2 9 2 6 6 6 2 7 6 1 8 9 6 4 4 5 1 9 5 8 5 9 8 4 1
 2 8 8 4 7 7 6 5 8 8 8 3 5 6 7 3 5 8 6 3 7 8 3 8 1 7]
[7 8 6 5 3 7 4 9 2 1 2 8 2 4 2 5 3 9 8 1 5 5 2 1 3 2 9 3 4 9 1 8 2 3 5 5 9
 9 7 3 7 7 3 1 8 2 8 9 7 2 9 2 6 6 6 2 7 6 1 8 9 6 4 4 5 1 9 5 8 5 9 8 4 1
 2 8 8 4 7 7 6 5 8 8 8 3 5 6 7 3 5 8 6 3 7 8 3 8 1 7]
[29, 44, 11, 50, 50, 50, 27, 46, 13, 14, 37, 50, 33, 11, 50, 45, 50, 12, 50, 50, 50, 35, 50, 17, 50, 37, 50, 50, 50, 12, 50, 50, 36, 14, 50, 50, 11, 16, 50, 50, 50, 42, 50, 40, 50, 50, 41, 50, 35, 47, 44, 50, 32, 50, 41, 49, 50, 27, 36, 42, 50, 12, 13, 34, 29, 48, 50, 50, 50, 37, 37, 50, 48, 11, 50, 36, 50, 50, 45, 50, 50, 35, 50, 50, 50, 11, 24, 50, 15, 28, 42, 50, 50, 50, 40, 50, 38, 41, 50, 50]
[0 0 0 0 0 0 0 0 0 0 0 0 0 0 0 0 0 0 0 0 0 0 0 0 0 0 0 0 0 0 0 0 0 0 0 0 0
 0 0 0 0 0 0 0 0 0 0 0 0 0 0 0 0 0 0 0 0 0 0 0 0 0 0 0 0 0 0 0 0 0 0 0 0 0
 0 0 0 0 0 0 0 0 0 0 0 0 0 0 0 0 0 0 0 0 0 0 0 0 0 0]
[1 1 1 1 1 1 1 1 1 1 1 1 1 1 1 1 1 1 1 1 1 1 1 1 1 1 1 1 1 1 1 1 1 1 1 1 1
 1 1 1 1 1 1 1 1 1 1 1 1 1 1 1 1 1 1 1 1 1 1 1 1 1 1 1 1 1 1 1 1 1 1 1 1 1
 1 1 1 1 1 1 1 1 1 1 1 1 1 1 1 1 1 1 1 1 1 1 1 1 1 1]
