[ 0  1  2  3  4  5  6  7  8  9 10 11 12 13 14 15 16 17 18 19 20 21 22 23
 24 25 26 27 28 29 30 31 32 33 34 35 36 37 38 39 40 41 42 43 44 45 46 47
 48 49 50 51 52 53 54 55 56 57 58 59 60 61 62 63 64 65 66 67 68 69 70 71
 72 73 74 75 76 77 78 79 80 81 82 83 84 85 86 87 88 89 90 91 92 93 94 95
 96 97 98 99]
[-1 82 -1 -1 -1 76 -1  0 71 -1 23 81 -1 29 -1 66 17 -1 -1 -1 87  0 33 35
 -1 82 23  0 -1 50 -1 18 22 43 -1 -1 67 -1 17 87 -1 18 75 88 86 14 -1 23
  6 32 63 -1 -1 -1 69 64 -1 -1 34 58 48 50 86 99 39 -1 78  5 -1 43 57 93
 -1 -1 25 77 85 70 -1 16 25 49 -1 46 -1 68 -1  6  7  9 -1 -1 -1 -1  9 67
 51 -1 26 11]
[0 0 0 1 1 1 1 0 0 1 1 0 0 1 0 0 1 1 0 1 0 0 1 0 1 0 0 1 1 0 1 1 0 0 1 1 0
 0 1 0 0 0 1 1 1 0 1 0 1 1 0 1 1 1 1 1 0 0 1 0 1 0 1 0 0 0 0 1 0 0 0 0 0 1
 1 1 0 0 1 0 0 0 0 1 1 1 0 0 1 1 0 0 0 1 1 0 0 0 0 0]
[0 1 4 2 0 0 1 0 0 0 3 4 1 3 0 3 0 0 0 2 0 0 0 0 0 2 2 0 0 0 0 3 3 0 0 3 2
 0 2 2 4 0 4 2 4 0 2 0 0 3 3 4 0 0 0 0 4 0 0 4 3 0 0 2 4 0 0 0 2 0 0 2 2 0
 2 4 2 0 0 4 1 4 0 0 3 3 3 0 0 2 1 0 0 0 0 0 1 0 0 0]
[0 1 4 2 0 0 1 0 0 0 3 4 1 3 0 3 0 0 0 2 0 0 0 0 0 2 2 0 0 0 0 3 3 0 0 3 2
 0 2 2 4 0 4 2 4 0 2 0 0 3 3 4 0 0 0 0 4 0 0 4 3 0 0 2 4 0 0 0 2 0 0 2 2 0
 2 4 2 0 0 4 1 4 0 0 3 3 3 0 0 2 1 0 0 0 0 0 1 0 0 0]
[3 4 7 1 7 6 8 3 3 6 6 7 3 6 6 4 3 2 1 8 8 1 4 8 6 1 8 8 8 7 6 1 7 6 4 8 6
 9 2 2 9 9 5 4 7 3 9 3 8 4 4 5 5 1 5 2 8 4 5 8 5 4 5 6 4 6 9 5 4 3 2 9 7 3
 8 9 9 8 6 9 9 6 7 2 7 4 8 9 8 5 8 5 5 1 1 9 5 7 7 3]
[3 4 7 1 7 6 8 3 3 6 6 7 3 6 6 4 3 2 1 8 8 1 4 8 6 1 8 8 8 7 6 1 7 6 4 8 6
 9 2 2 9 9 5 4 7 3 9 3 8 4 4 5 5 1 5 2 8 4 5 8 5 4 5 6 4 6 9 5 4 3 2 9 7 3
 8 9 9 8 6 9 9 6 7 2 7 4 8 9 8 5 8 5 5 1 1 9 5 7 7 3]
[11, 50, 31, 27, 30, 28, 50, 26, 27, 50, 28, 39, 50, 19, 20, 50, 48, 32, 50, 38, 50, 50, 36, 32, 50, 37, 50, 25, 50, 45, 30, 35, 50, 50, 10, 50, 42, 50, 47, 33, 42, 50, 50, 50, 50, 50, 33, 29, 50, 42, 22, 15, 39, 46, 50, 17, 50, 50, 50, 50, 50, 41, 50, 21, 42, 38, 50, 18, 50, 50, 50, 50, 14, 50, 24, 17, 50, 50, 19, 14, 27, 50, 22, 50, 50, 34, 50, 50, 47, 50, 50, 48, 50, 50, 41, 50, 32, 40, 50, 50]
[0 0 0 0 0 0 0 0 0 0 0 0 0 0 0 0 0 0 0 0 0 0 0 0 0 0 0 0 0 0 0 0 0 0 0 0 0
 0 0 0 0 0 0 0 0 0 0 0 0 0 0 0 0 0 0 0 0 0 0 0 0 0 0 0 0 0 0 0 0 0 0 0 0 0
 0 0 0 0 0 0 0 0 0 0 0 0 0 0 0 0 0 0 0 0 0 0 0 0 0 0]
[1 1 1 1 1 1 1 1 1 1 1 1 1 1 1 1 1 1 1 1 1 1 1 1 1 1 1 1 1 1 1 1 1 1 1 1 1
 1 1 1 1 1 1 1 1 1 1 1 1 1 1 1 1 1 1 1 1 1 1 1 1 1 1 1 1 1 1 1 1 1 1 1 1 1
 1 1 1 1 1 1 1 1 1 1 1 1 1 1 1 1 1 1 1 1 1 1 1 1 1 1]
