[ 0  1  2  3  4  5  6  7  8  9 10 11 12 13 14 15 16 17 18 19 20 21 22 23
 24 25 26 27 28 29 30 31 32 33 34 35 36 37 38 39 40 41 42 43 44 45 46 47
 48 49 50 51 52 53 54 55 56 57 58 59 60 61 62 63 64 65 66 67 68 69 70 71
 72 73 74 75 76 77 78 79 80 81 82 83 84 85 86 87 88 89 90 91 92 93 94 95
 96 97 98 99]
[-1 14 22 18 93 53 -1 -1 58 63 69 -1 91 90 -1  0 21 -1 47 -1 54 -1 89 50
 90 96 -1 -1 42 98 -1 -1 -1 -1 68 -1 -1 41 -1 -1 21 42 68 37 -1 56 -1 97
 90 55 88 18 66 42 88 44 91 73 39 65 -1 22 13 -1 35 42 27 91 33 77 98  1
 -1 -1 -1  4 -1 42 71 -1 -1 53 35 40 58 14  4  7 86 43 64 19 -1 46 -1 10
 -1 67 22 62]
[0 1 0 0 1 1 1 0 1 1 0 0 1 1 0 0 1 1 1 0 0 0 0 1 1 0 0 0 1 0 0 1 0 0 0 1 0
 0 0 0 0 1 0 1 1 1 0 1 0 1 1 0 0 0 1 1 0 1 0 0 0 0 1 0 1 0 0 1 0 1 0 1 1 0
 0 0 0 0 0 0 1 1 0 0 1 1 0 0 1 1 0 1 0 0 1 0 1 0 1 0]
[0 0 0 0 3 0 0 0 0 2 0 4 0 2 0 0 4 0 2 0 0 0 0 2 1 0 3 0 0 2 0 2 4 3 1 2 2
 0 0 0 0 0 0 4 0 3 0 0 0 1 0 4 0 3 4 0 0 2 0 3 1 0 2 0 0 0 0 0 0 4 0 1 0 0
 3 2 4 1 0 0 0 4 1 0 0 0 2 0 0 0 4 0 4 0 0 0 0 0 0 0]
[0 0 0 0 3 0 0 0 0 2 0 4 0 2 0 0 4 0 2 0 0 0 0 2 1 0 3 0 0 2 0 2 4 3 1 2 2
 0 0 0 0 0 0 4 0 3 0 0 0 1 0 4 0 3 4 0 0 2 0 3 1 0 2 0 0 0 0 0 0 4 0 1 0 0
 3 2 4 1 0 0 0 4 1 0 0 0 2 0 0 0 4 0 4 0 0 0 0 0 0 0]
[1 9 4 3 9 6 3 3 4 4 1 4 8 2 6 4 1 4 9 4 1 8 8 1 8 3 6 3 9 9 2 7 1 3 8 7 4
 3 9 9 8 9 3 6 8 1 1 4 3 8 6 2 7 4 9 5 5 7 6 6 3 7 2 7 1 8 7 8 2 3 5 6 1 7
 9 4 9 2 4 8 5 3 1 4 4 5 6 5 5 1 3 3 7 4 2 9 4 5 4 5]
[1 9 4 3 9 6 3 3 4 4 1 4 8 2 6 4 1 4 9 4 1 8 8 1 8 3 6 3 9 9 2 7 1 3 8 7 4
 3 9 9 8 9 3 6 8 1 1 4 3 8 6 2 7 4 9 5 5 7 6 6 3 7 2 7 1 8 7 8 2 3 5 6 1 7
 9 4 9 2 4 8 5 3 1 4 4 5 6 5 5 1 3 3 7 4 2 9 4 5 4 5]
[14, 22, 50, 50, 46, 50, 36, 29, 15, 50, 11, 50, 50, 10, 47, 39, 37, 39, 38, 43, 50, 45, 50, 47, 21, 42, 50, 50, 35, 37, 47, 27, 50, 49, 50, 50, 50, 50, 17, 20, 33, 50, 50, 33, 15, 38, 37, 39, 34, 50, 50, 41, 50, 50, 50, 50, 31, 50, 31, 18, 47, 49, 14, 41, 11, 50, 50, 50, 37, 50, 34, 50, 15, 47, 47, 50, 50, 47, 47, 49, 47, 50, 31, 27, 50, 21, 20, 50, 50, 50, 50, 38, 42, 10, 50, 45, 47, 33, 50, 41]
[0 0 0 0 0 0 0 0 0 0 0 0 0 0 0 0 0 0 0 0 0 0 0 0 0 0 0 0 0 0 0 0 0 0 0 0 0
 0 0 0 0 0 0 0 0 0 0 0 0 0 0 0 0 0 0 0 0 0 0 0 0 0 0 0 0 0 0 0 0 0 0 0 0 0
 0 0 0 0 0 0 0 0 0 0 0 0 0 0 0 0 0 0 0 0 0 0 0 0 0 0]
[1 1 1 1 1 1 1 1 1 1 1 1 1 1 1 1 1 1 1 1 1 1 1 1 1 1 1 1 1 1 1 1 1 1 1 1 1
 1 1 1 1 1 1 1 1 1 1 1 1 1 1 1 1 1 1 1 1 1 1 1 1 1 1 1 1 1 1 1 1 1 1 1 1 1
 1 1 1 1 1 1 1 1 1 1 1 1 1 1 1 1 1 1 1 1 1 1 1 1 1 1]
