[ 0  1  2  3  4  5  6  7  8  9 10 11 12 13 14 15 16 17 18 19 20 21 22 23
 24 25 26 27 28 29 30 31 32 33 34 35 36 37 38 39 40 41 42 43 44 45 46 47
 48 49 50 51 52 53 54 55 56 57 58 59 60 61 62 63 64 65 66 67 68 69 70 71
 72 73 74 75 76 77 78 79 80 81 82 83 84 85 86 87 88 89 90 91 92 93 94 95
 96 97 98 99]
[ 2 58 70 -1 -1 -1 32 -1 -1 60 97 -1 -1 20 59  9  2 66 23  6 42 76 66 -1
 62 14 -1 -1 -1 -1 65 47 -1 45 -1 80 -1 33 12 88 -1 38 -1 70 40 -1 -1 95
 88  0 11 62 -1 10 -1 14 25 -1 45 70 19 -1 90 91 23 99  7 -1 42 14  5 58
 -1 70 10 31 -1  4 67 94 91  7 59 80 55 -1 72 -1 -1 77 -1  8 -1 -1 80 16
 -1 91 39 68]
[0 1 0 1 0 0 0 1 1 1 1 1 1 1 1 1 0 0 1 1 1 0 0 0 1 0 1 1 1 0 0 1 1 0 0 1 0
 0 1 0 1 1 1 1 1 1 0 1 1 1 0 1 1 0 0 0 0 0 1 0 0 0 0 1 0 0 0 0 1 1 1 0 0 0
 0 1 0 0 0 0 0 0 0 0 1 0 1 0 0 1 1 0 0 0 1 0 0 0 0 1]
[0 4 0 0 3 3 2 2 0 0 0 0 4 2 3 1 0 0 3 3 0 0 0 3 4 0 0 0 1 4 0 4 0 0 1 0 2
 2 2 0 0 2 0 0 0 1 0 0 0 0 3 3 2 1 1 0 3 2 1 0 0 1 0 0 0 0 1 2 0 0 3 0 0 3
 0 0 3 0 1 0 0 0 0 1 2 0 0 1 0 0 4 0 0 2 1 1 3 0 0 4]
[0 4 0 0 3 3 2 2 0 0 0 0 4 2 3 1 0 0 3 3 0 0 0 3 4 0 0 0 1 4 0 4 0 0 1 0 2
 2 2 0 0 2 0 0 0 1 0 0 0 0 3 3 2 1 1 0 3 2 1 0 0 1 0 0 0 0 1 2 0 0 3 0 0 3
 0 0 3 0 1 0 0 0 0 1 2 0 0 1 0 0 4 0 0 2 1 1 3 0 0 4]
[9 3 5 7 3 5 4 7 1 9 9 5 1 7 2 6 4 6 5 7 9 3 7 8 1 7 1 7 5 8 9 4 7 1 8 3 1
 9 4 8 4 5 1 7 8 3 5 3 2 8 1 2 4 1 1 1 9 4 7 9 7 9 2 9 5 1 9 5 5 8 4 1 2 5
 9 3 6 6 8 9 5 4 5 7 9 6 8 6 7 5 6 3 5 4 5 2 9 7 4 9]
[9 3 5 7 3 5 4 7 1 9 9 5 1 7 2 6 4 6 5 7 9 3 7 8 1 7 1 7 5 8 9 4 7 1 8 3 1
 9 4 8 4 5 1 7 8 3 5 3 2 8 1 2 4 1 1 1 9 4 7 9 7 9 2 9 5 1 9 5 5 8 4 1 2 5
 9 3 6 6 8 9 5 4 5 7 9 6 8 6 7 5 6 3 5 4 5 2 9 7 4 9]
[48, 50, 13, 48, 13, 24, 50, 50, 50, 34, 32, 42, 50, 22, 50, 50, 25, 50, 25, 35, 50, 31, 50, 50, 50, 49, 50, 50, 28, 28, 50, 50, 50, 49, 30, 13, 50, 33, 16, 28, 23, 30, 47, 50, 50, 44, 34, 48, 41, 50, 50, 26, 14, 50, 50, 35, 50, 17, 16, 39, 50, 49, 50, 50, 50, 19, 50, 50, 50, 50, 50, 50, 50, 37, 14, 50, 29, 33, 50, 50, 50, 43, 45, 42, 30, 26, 13, 50, 50, 40, 50, 50, 18, 30, 50, 50, 32, 50, 20, 50]
[0 0 0 0 0 0 0 0 0 0 0 0 0 0 0 0 0 0 0 0 0 0 0 0 0 0 0 0 0 0 0 0 0 0 0 0 0
 0 0 0 0 0 0 0 0 0 0 0 0 0 0 0 0 0 0 0 0 0 0 0 0 0 0 0 0 0 0 0 0 0 0 0 0 0
 0 0 0 0 0 0 0 0 0 0 0 0 0 0 0 0 0 0 0 0 0 0 0 0 0 0]
[1 1 1 1 1 1 1 1 1 1 1 1 1 1 1 1 1 1 1 1 1 1 1 1 1 1 1 1 1 1 1 1 1 1 1 1 1
 1 1 1 1 1 1 1 1 1 1 1 1 1 1 1 1 1 1 1 1 1 1 1 1 1 1 1 1 1 1 1 1 1 1 1 1 1
 1 1 1 1 1 1 1 1 1 1 1 1 1 1 1 1 1 1 1 1 1 1 1 1 1 1]
