[ 0  1  2  3  4  5  6  7  8  9 10 11 12 13 14 15 16 17 18 19 20 21 22 23
 24 25 26 27 28 29 30 31 32 33 34 35 36 37 38 39 40 41 42 43 44 45 46 47
 48 49 50 51 52 53 54 55 56 57 58 59 60 61 62 63 64 65 66 67 68 69 70 71
 72 73 74 75 76 77 78 79 80 81 82 83 84 85 86 87 88 89 90 91 92 93 94 95
 96 97 98 99]
[-1 -1 89 90 -1 26 69 77 -1 -1 -1 75 55 -1 -1 66 -1 59 -1 58 34 15 20 -1
 -1 46 83 94 40 78 35 -1 -1 94 -1  7 80 -1 79 81 -1 50 -1 39  4 92 58 98
 26 -1 -1 -1 47 -1 -1 71 31 25 -1 -1 22 51 58 -1 -1 84 17 10  9 45 13 54
 28 -1 53 60 72 50 -1 -1 89  8 -1 66 -1 98 49 21 24 39 -1 11 11 45 47 -1
 69 14 97 78]
[1 1 1 1 1 1 1 0 0 1 1 0 1 1 0 1 1 0 1 1 1 0 1 1 1 1 0 0 0 0 0 1 0 0 0 0 1
 0 0 0 1 1 0 0 0 1 1 0 1 1 1 0 0 0 0 1 1 0 1 1 0 0 0 0 0 0 0 1 0 0 1 0 1 0
 0 0 0 0 1 0 0 1 1 1 1 0 0 1 1 0 1 1 1 1 0 0 0 0 0 0]
[3 0 2 0 0 0 0 0 0 2 1 0 1 0 0 0 0 0 3 0 2 0 0 0 0 4 0 4 0 2 2 0 0 0 0 2 0
 1 4 4 4 0 3 4 3 3 0 1 1 0 0 0 3 1 3 0 2 0 0 4 1 0 4 4 0 1 2 3 1 0 4 4 4 0
 1 3 3 0 3 2 0 0 1 0 1 0 4 2 3 1 0 0 3 1 1 0 1 4 4 2]
[3 0 2 0 0 0 0 0 0 2 1 0 1 0 0 0 0 0 3 0 2 0 0 0 0 4 0 4 0 2 2 0 0 0 0 2 0
 1 4 4 4 0 3 4 3 3 0 1 1 0 0 0 3 1 3 0 2 0 0 4 1 0 4 4 0 1 2 3 1 0 4 4 4 0
 1 3 3 0 3 2 0 0 1 0 1 0 4 2 3 1 0 0 3 1 1 0 1 4 4 2]
[1 4 4 4 6 8 6 1 3 9 7 7 8 5 7 1 3 3 2 3 5 9 9 3 9 5 8 5 8 9 4 6 1 2 4 4 1
 3 5 5 2 7 8 9 4 8 4 6 2 9 9 4 9 7 1 7 6 7 5 3 5 5 6 5 3 2 4 1 4 2 6 3 3 7
 8 3 4 5 1 2 5 6 9 6 8 8 3 1 1 7 7 8 7 5 9 8 6 9 8 7]
[1 4 4 4 6 8 6 1 3 9 7 7 8 5 7 1 3 3 2 3 5 9 9 3 9 5 8 5 8 9 4 6 1 2 4 4 1
 3 5 5 2 7 8 9 4 8 4 6 2 9 9 4 9 7 1 7 6 7 5 3 5 5 6 5 3 2 4 1 4 2 6 3 3 7
 8 3 4 5 1 2 5 6 9 6 8 8 3 1 1 7 7 8 7 5 9 8 6 9 8 7]
[50, 43, 50, 50, 50, 19, 31, 33, 50, 50, 21, 36, 13, 31, 50, 50, 50, 50, 50, 50, 25, 50, 50, 18, 50, 43, 50, 19, 33, 50, 50, 50, 50, 50, 50, 26, 50, 25, 36, 50, 31, 50, 50, 50, 40, 50, 16, 50, 25, 38, 50, 19, 31, 10, 50, 46, 50, 50, 20, 50, 50, 50, 11, 35, 50, 50, 50, 50, 50, 50, 50, 50, 50, 13, 18, 14, 42, 41, 50, 42, 24, 50, 50, 50, 13, 35, 50, 14, 50, 50, 36, 35, 50, 44, 24, 50, 10, 50, 21, 50]
[0 0 0 0 0 0 0 0 0 0 0 0 0 0 0 0 0 0 0 0 0 0 0 0 0 0 0 0 0 0 0 0 0 0 0 0 0
 0 0 0 0 0 0 0 0 0 0 0 0 0 0 0 0 0 0 0 0 0 0 0 0 0 0 0 0 0 0 0 0 0 0 0 0 0
 0 0 0 0 0 0 0 0 0 0 0 0 0 0 0 0 0 0 0 0 0 0 0 0 0 0]
[1 1 1 1 1 1 1 1 1 1 1 1 1 1 1 1 1 1 1 1 1 1 1 1 1 1 1 1 1 1 1 1 1 1 1 1 1
 1 1 1 1 1 1 1 1 1 1 1 1 1 1 1 1 1 1 1 1 1 1 1 1 1 1 1 1 1 1 1 1 1 1 1 1 1
 1 1 1 1 1 1 1 1 1 1 1 1 1 1 1 1 1 1 1 1 1 1 1 1 1 1]
