[ 0  1  2  3  4  5  6  7  8  9 10 11 12 13 14 15 16 17 18 19 20 21 22 23
 24 25 26 27 28 29 30 31 32 33 34 35 36 37 38 39 40 41 42 43 44 45 46 47
 48 49 50 51 52 53 54 55 56 57 58 59 60 61 62 63 64 65 66 67 68 69 70 71
 72 73 74 75 76 77 78 79 80 81 82 83 84 85 86 87 88 89 90 91 92 93 94 95
 96 97 98 99]
[ 3 82 26 -1 62 36 31 83 -1 -1 41 67 14 46 34 55  7 -1 -1 22 -1 27 92 55
 43 14 61 -1 -1 77 96 62 17 -1 -1  4 -1 -1 19 69 -1 44 38 -1 31 -1 -1 67
 22 -1 -1 -1 37 83 98 -1 60 -1 12 27 99 -1 14  3 75 74 -1 -1 -1 10 45 67
 -1 -1 92  1 64 -1 86 38  8 64 35 13 -1 -1  7 14 72 68 64 -1 -1 10 66 -1
 13 38 -1 -1]
[1 0 0 0 1 1 1 0 1 1 0 1 1 1 0 1 0 0 0 0 1 1 0 0 0 1 0 0 1 1 1 1 0 1 1 1 0
 0 0 0 1 0 1 0 1 0 1 1 1 1 0 0 1 1 0 1 1 1 1 1 0 1 0 0 0 1 0 0 0 1 1 1 0 1
 1 0 0 0 1 0 0 1 0 0 0 1 0 0 1 1 0 1 0 0 1 0 0 1 0 0]
[3 0 0 0 1 2 4 4 4 0 4 0 0 0 2 0 4 1 1 0 4 4 3 0 3 0 3 0 0 4 0 0 0 4 1 0 3
 3 4 0 2 4 4 0 4 0 0 3 0 0 0 2 0 0 2 1 4 2 0 0 2 2 0 0 0 0 0 0 0 0 1 4 2 0
 3 3 3 4 2 0 0 2 0 1 0 2 3 0 0 1 1 0 2 0 3 1 0 0 0 4]
[3 0 0 0 1 2 4 4 4 0 4 0 0 0 2 0 4 1 1 0 4 4 3 0 3 0 3 0 0 4 0 0 0 4 1 0 3
 3 4 0 2 4 4 0 4 0 0 3 0 0 0 2 0 0 2 1 4 2 0 0 2 2 0 0 0 0 0 0 0 0 1 4 2 0
 3 3 3 4 2 0 0 2 0 1 0 2 3 0 0 1 1 0 2 0 3 1 0 0 0 4]
[4 3 6 1 8 8 1 6 8 4 8 3 3 2 5 4 2 3 8 1 8 6 2 4 2 1 7 3 2 7 9 7 9 9 5 2 4
 7 8 4 8 3 3 1 9 5 5 5 5 2 2 8 6 3 2 5 7 4 5 5 3 9 7 5 5 3 3 7 8 8 1 8 2 1
 9 1 7 8 5 8 6 5 2 9 9 6 5 6 1 5 4 8 8 6 2 9 9 8 3 9]
[4 3 6 1 8 8 1 6 8 4 8 3 3 2 5 4 2 3 8 1 8 6 2 4 2 1 7 3 2 7 9 7 9 9 5 2 4
 7 8 4 8 3 3 1 9 5 5 5 5 2 2 8 6 3 2 5 7 4 5 5 3 9 7 5 5 3 3 7 8 8 1 8 2 1
 9 1 7 8 5 8 6 5 2 9 9 6 5 6 1 5 4 8 8 6 2 9 9 8 3 9]
[50, 50, 50, 50, 30, 50, 50, 50, 33, 26, 50, 28, 45, 15, 17, 31, 50, 50, 50, 45, 50, 50, 50, 50, 50, 50, 17, 36, 50, 50, 50, 50, 43, 50, 37, 50, 50, 19, 50, 50, 50, 50, 42, 14, 25, 40, 46, 50, 28, 24, 50, 19, 28, 50, 10, 33, 15, 46, 50, 50, 49, 50, 42, 14, 50, 47, 12, 12, 17, 50, 50, 11, 50, 40, 50, 27, 50, 43, 50, 29, 50, 50, 50, 50, 50, 50, 20, 40, 18, 50, 14, 31, 50, 24, 37, 50, 48, 34, 49, 50]
[0 0 0 0 0 0 0 0 0 0 0 0 0 0 0 0 0 0 0 0 0 0 0 0 0 0 0 0 0 0 0 0 0 0 0 0 0
 0 0 0 0 0 0 0 0 0 0 0 0 0 0 0 0 0 0 0 0 0 0 0 0 0 0 0 0 0 0 0 0 0 0 0 0 0
 0 0 0 0 0 0 0 0 0 0 0 0 0 0 0 0 0 0 0 0 0 0 0 0 0 0]
[1 1 1 1 1 1 1 1 1 1 1 1 1 1 1 1 1 1 1 1 1 1 1 1 1 1 1 1 1 1 1 1 1 1 1 1 1
 1 1 1 1 1 1 1 1 1 1 1 1 1 1 1 1 1 1 1 1 1 1 1 1 1 1 1 1 1 1 1 1 1 1 1 1 1
 1 1 1 1 1 1 1 1 1 1 1 1 1 1 1 1 1 1 1 1 1 1 1 1 1 1]
