[ 0  1  2  3  4  5  6  7  8  9 10 11 12 13 14 15 16 17 18 19 20 21 22 23
 24 25 26 27 28 29 30 31 32 33 34 35 36 37 38 39 40 41 42 43 44 45 46 47
 48 49 50 51 52 53 54 55 56 57 58 59 60 61 62 63 64 65 66 67 68 69 70 71
 72 73 74 75 76 77 78 79 80 81 82 83 84 85 86 87 88 89 90 91 92 93 94 95
 96 97 98 99]
[-1 -1 -1 56 98 67 84 -1 71 37 -1 47 81 -1 -1 25 28  3 -1 -1 -1 22  1 15
 76 69 -1 88 39 64 -1 -1 11 -1 52 -1 -1 32 23 62 -1 -1 45 90 -1 94 79 88
 -1 -1 -1 50 -1  9 13 -1 -1 60 16 -1 45 -1 10 50  7 92 85 -1 -1 -1 43 -1
 25 95 89 -1 -1 -1 76 18 88 -1 22 -1 -1 26 33 58 91 51 98 95 -1 -1 64 96
 82 93 -1 -1]
[0 0 1 0 1 1 1 0 0 0 1 1 0 1 1 1 1 1 1 1 1 1 0 0 0 0 1 1 1 1 1 0 1 0 0 1 0
 1 0 1 1 1 1 0 1 1 1 0 0 0 1 0 0 0 0 1 1 1 1 0 1 0 1 0 0 1 1 1 0 0 1 0 0 1
 0 0 1 0 1 0 0 1 0 0 1 1 1 0 1 0 0 0 1 0 0 1 0 0 0 1]
[1 0 0 4 0 1 3 4 1 1 0 0 2 0 0 0 3 1 0 0 0 1 0 0 0 0 4 2 4 1 0 0 4 0 4 4 0
 0 0 2 3 2 1 3 0 2 2 0 0 1 0 2 0 4 0 2 0 0 0 2 4 2 0 0 4 4 0 0 3 0 0 2 0 0
 0 2 3 0 0 0 0 3 0 0 2 0 0 1 3 0 0 4 1 4 3 0 0 0 0 0]
[1 0 0 4 0 1 3 4 1 1 0 0 2 0 0 0 3 1 0 0 0 1 0 0 0 0 4 2 4 1 0 0 4 0 4 4 0
 0 0 2 3 2 1 3 0 2 2 0 0 1 0 2 0 4 0 2 0 0 0 2 4 2 0 0 4 4 0 0 3 0 0 2 0 0
 0 2 3 0 0 0 0 3 0 0 2 0 0 1 3 0 0 4 1 4 3 0 0 0 0 0]
[6 1 6 7 3 9 5 3 8 6 6 9 1 8 5 8 9 3 7 6 9 2 6 6 9 9 9 4 7 5 4 1 1 3 6 4 2
 5 9 1 6 3 1 3 4 6 6 2 5 4 7 5 6 5 2 4 6 2 4 5 8 6 3 3 3 8 9 4 6 6 4 8 5 3
 8 8 4 4 6 3 7 3 3 6 5 1 4 3 1 4 4 7 3 7 4 3 9 9 2 2]
[6 1 6 7 3 9 5 3 8 6 6 9 1 8 5 8 9 3 7 6 9 2 6 6 9 9 9 4 7 5 4 1 1 3 6 4 2
 5 9 1 6 3 1 3 4 6 6 2 5 4 7 5 6 5 2 4 6 2 4 5 8 6 3 3 3 8 9 4 6 6 4 8 5 3
 8 8 4 4 6 3 7 3 3 6 5 1 4 3 1 4 4 7 3 7 4 3 9 9 2 2]
[30, 50, 50, 50, 50, 50, 10, 50, 50, 50, 43, 50, 11, 50, 50, 50, 50, 12, 50, 50, 14, 50, 50, 11, 50, 50, 49, 50, 50, 50, 27, 14, 50, 50, 33, 50, 50, 50, 31, 50, 50, 11, 50, 49, 43, 50, 50, 50, 20, 35, 15, 50, 50, 34, 48, 50, 50, 50, 20, 50, 50, 11, 50, 50, 23, 50, 50, 44, 23, 14, 50, 50, 50, 50, 10, 50, 45, 24, 50, 50, 32, 29, 50, 23, 37, 22, 18, 20, 43, 28, 27, 23, 50, 33, 50, 27, 50, 50, 48, 36]
[0 0 0 0 0 0 0 0 0 0 0 0 0 0 0 0 0 0 0 0 0 0 0 0 0 0 0 0 0 0 0 0 0 0 0 0 0
 0 0 0 0 0 0 0 0 0 0 0 0 0 0 0 0 0 0 0 0 0 0 0 0 0 0 0 0 0 0 0 0 0 0 0 0 0
 0 0 0 0 0 0 0 0 0 0 0 0 0 0 0 0 0 0 0 0 0 0 0 0 0 0]
[1 1 1 1 1 1 1 1 1 1 1 1 1 1 1 1 1 1 1 1 1 1 1 1 1 1 1 1 1 1 1 1 1 1 1 1 1
 1 1 1 1 1 1 1 1 1 1 1 1 1 1 1 1 1 1 1 1 1 1 1 1 1 1 1 1 1 1 1 1 1 1 1 1 1
 1 1 1 1 1 1 1 1 1 1 1 1 1 1 1 1 1 1 1 1 1 1 1 1 1 1]
