[ 0  1  2  3  4  5  6  7  8  9 10 11 12 13 14 15 16 17 18 19 20 21 22 23
 24 25 26 27 28 29 30 31 32 33 34 35 36 37 38 39 40 41 42 43 44 45 46 47
 48 49 50 51 52 53 54 55 56 57 58 59 60 61 62 63 64 65 66 67 68 69 70 71
 72 73 74 75 76 77 78 79 80 81 82 83 84 85 86 87 88 89 90 91 92 93 94 95
 96 97 98 99]
[ 8 57 -1 -1 57 -1 -1 59 17 -1 -1 -1 10 -1 61 -1 71 -1 -1  2 79 73 -1 98
 -1 86 86 58 29 94 98 43 11 -1 28 32 51 55 34 62 67 20 13 -1 97 71 -1 77
 49 45 25 10 36 61 55 85 48 -1  9 62 69 75 92 39 45 43 99 77 66 98 -1 90
 37 -1 28 80 10  3 -1 -1 63 44 80 26  4 -1 78  7 65 84 -1 -1 98 43 19 -1
 40  2  6 24]
[0 0 1 1 0 1 1 0 0 1 1 0 0 1 1 0 1 0 1 1 0 0 0 1 0 1 1 0 1 0 0 1 0 1 0 0 0
 1 0 1 0 0 1 1 1 0 0 1 1 1 0 1 1 1 0 0 0 0 1 0 1 1 0 0 0 1 0 1 1 1 1 1 0 0
 0 1 0 0 0 0 0 0 1 0 0 1 1 1 1 1 0 1 0 0 0 1 0 1 0 0]
[0 1 1 0 1 0 0 0 3 0 0 0 0 0 3 1 1 3 0 2 2 0 1 0 2 0 2 3 0 0 0 0 3 4 0 0 0
 0 0 4 0 0 3 0 1 2 0 0 4 4 0 0 0 0 3 1 1 2 0 0 0 2 0 0 0 0 0 4 0 0 2 1 0 0
 0 0 2 3 0 3 1 2 3 0 0 0 0 1 2 2 0 2 2 0 0 0 0 1 0 0]
[0 1 1 0 1 0 0 0 3 0 0 0 0 0 3 1 1 3 0 2 2 0 1 0 2 0 2 3 0 0 0 0 3 4 0 0 0
 0 0 4 0 0 3 0 1 2 0 0 4 4 0 0 0 0 3 1 1 2 0 0 0 2 0 0 0 0 0 4 0 0 2 1 0 0
 0 0 2 3 0 3 1 2 3 0 0 0 0 1 2 2 0 2 2 0 0 0 0 1 0 0]
[7 5 9 9 2 5 1 9 9 5 4 2 2 2 2 2 2 4 5 5 3 5 5 9 5 3 6 5 2 8 4 9 2 9 8 2 1
 1 2 5 6 9 9 1 9 8 9 7 5 7 7 7 8 7 3 7 5 8 1 3 1 9 6 7 8 4 4 4 7 6 5 2 3 4
 2 2 2 5 8 6 1 3 1 1 8 6 3 5 5 6 2 6 1 9 5 1 7 8 6 8]
[7 5 9 9 2 5 1 9 9 5 4 2 2 2 2 2 2 4 5 5 3 5 5 9 5 3 6 5 2 8 4 9 2 9 8 2 1
 1 2 5 6 9 9 1 9 8 9 7 5 7 7 7 8 7 3 7 5 8 1 3 1 9 6 7 8 4 4 4 7 6 5 2 3 4
 2 2 2 5 8 6 1 3 1 1 8 6 3 5 5 6 2 6 1 9 5 1 7 8 6 8]
[50, 19, 50, 40, 44, 50, 48, 36, 50, 50, 25, 50, 50, 50, 42, 50, 48, 50, 50, 50, 45, 50, 30, 25, 50, 30, 27, 50, 37, 43, 50, 50, 43, 19, 26, 17, 21, 47, 36, 50, 50, 12, 50, 35, 22, 50, 31, 26, 11, 36, 50, 50, 50, 50, 50, 15, 50, 50, 15, 14, 17, 50, 15, 41, 39, 34, 23, 50, 50, 21, 38, 50, 50, 42, 50, 29, 50, 50, 46, 50, 50, 28, 50, 28, 50, 22, 50, 50, 19, 22, 47, 50, 50, 32, 42, 50, 50, 50, 50, 50]
[0 0 0 0 0 0 0 0 0 0 0 0 0 0 0 0 0 0 0 0 0 0 0 0 0 0 0 0 0 0 0 0 0 0 0 0 0
 0 0 0 0 0 0 0 0 0 0 0 0 0 0 0 0 0 0 0 0 0 0 0 0 0 0 0 0 0 0 0 0 0 0 0 0 0
 0 0 0 0 0 0 0 0 0 0 0 0 0 0 0 0 0 0 0 0 0 0 0 0 0 0]
[1 1 1 1 1 1 1 1 1 1 1 1 1 1 1 1 1 1 1 1 1 1 1 1 1 1 1 1 1 1 1 1 1 1 1 1 1
 1 1 1 1 1 1 1 1 1 1 1 1 1 1 1 1 1 1 1 1 1 1 1 1 1 1 1 1 1 1 1 1 1 1 1 1 1
 1 1 1 1 1 1 1 1 1 1 1 1 1 1 1 1 1 1 1 1 1 1 1 1 1 1]
