[ 0  1  2  3  4  5  6  7  8  9 10 11 12 13 14 15 16 17 18 19 20 21 22 23
 24 25 26 27 28 29 30 31 32 33 34 35 36 37 38 39 40 41 42 43 44 45 46 47
 48 49 50 51 52 53 54 55 56 57 58 59 60 61 62 63 64 65 66 67 68 69 70 71
 72 73 74 75 76 77 78 79 80 81 82 83 84 85 86 87 88 89 90 91 92 93 94 95
 96 97 98 99]
[25 37 57 -1 -1 -1 89 75 13 43 -1 44 19 -1 -1 13 -1 33 49 21 81 -1 21 77
  6 31 -1 80 74 82  9  1 78 60 -1 95 63 20 81 96 62  6 -1 84 81 69 -1 94
 73 -1 -1 84 90 -1 -1 87 54 81 -1 -1 36 21 49 13 34 20 53 -1 34 83 -1 65
 -1  1 48 -1 49 88 70 72 34 90 78 -1 21 73 -1 48 -1 95 35 94 56 78 60 -1
 76 95 62 29]
[1 1 1 1 0 0 1 0 1 1 0 0 1 0 0 1 0 0 0 0 0 1 0 0 1 1 1 0 1 0 0 1 0 0 1 1 0
 1 1 1 1 0 0 0 0 1 0 0 1 1 1 0 0 1 0 1 1 1 1 1 1 0 0 1 0 0 0 1 1 0 1 1 1 0
 0 0 0 0 1 1 0 0 1 0 1 1 0 1 1 1 0 1 0 1 0 0 1 1 0 1]
[1 2 0 4 0 0 1 0 0 3 0 3 1 3 0 4 0 0 3 4 1 0 0 2 0 0 1 0 4 2 0 3 0 0 0 0 0
 0 0 0 0 3 0 0 3 3 3 0 3 4 0 2 0 0 2 2 4 1 0 0 0 1 0 0 1 0 0 0 0 0 0 0 3 0
 0 4 2 0 3 2 0 0 2 0 0 2 0 0 1 4 3 0 0 0 1 1 1 0 2 0]
[1 2 0 4 0 0 1 0 0 3 0 3 1 3 0 4 0 0 3 4 1 0 0 2 0 0 1 0 4 2 0 3 0 0 0 0 0
 0 0 0 0 3 0 0 3 3 3 0 3 4 0 2 0 0 2 2 4 1 0 0 0 1 0 0 1 0 0 0 0 0 0 0 3 0
 0 4 2 0 3 2 0 0 2 0 0 2 0 0 1 4 3 0 0 0 1 1 1 0 2 0]
[5 8 8 7 5 5 3 4 2 4 1 7 3 6 4 9 3 4 3 9 3 9 5 1 4 8 2 6 1 9 6 4 5 4 5 3 5
 2 6 4 5 4 2 6 5 7 1 2 2 1 4 9 2 8 4 8 3 9 2 6 2 3 8 1 7 7 2 6 2 6 7 1 9 4
 6 3 6 3 4 6 3 5 4 8 1 6 9 7 5 8 1 5 7 1 9 9 2 9 5 3]
[5 8 8 7 5 5 3 4 2 4 1 7 3 6 4 9 3 4 3 9 3 9 5 1 4 8 2 6 1 9 6 4 5 4 5 3 5
 2 6 4 5 4 2 6 5 7 1 2 2 1 4 9 2 8 4 8 3 9 2 6 2 3 8 1 7 7 2 6 2 6 7 1 9 4
 6 3 6 3 4 6 3 5 4 8 1 6 9 7 5 8 1 5 7 1 9 9 2 9 5 3]
[50, 16, 50, 50, 26, 24, 50, 41, 50, 50, 50, 50, 50, 50, 50, 50, 50, 34, 50, 50, 50, 50, 14, 35, 50, 46, 32, 26, 50, 50, 50, 50, 50, 46, 12, 11, 19, 50, 50, 50, 29, 50, 50, 50, 44, 50, 46, 50, 23, 26, 50, 23, 50, 29, 50, 50, 26, 33, 50, 26, 50, 50, 50, 42, 47, 50, 50, 21, 50, 50, 50, 20, 12, 50, 31, 50, 16, 14, 19, 21, 50, 50, 11, 50, 50, 50, 23, 13, 50, 50, 33, 14, 50, 40, 30, 50, 50, 42, 50, 14]
[0 0 0 0 0 0 0 0 0 0 0 0 0 0 0 0 0 0 0 0 0 0 0 0 0 0 0 0 0 0 0 0 0 0 0 0 0
 0 0 0 0 0 0 0 0 0 0 0 0 0 0 0 0 0 0 0 0 0 0 0 0 0 0 0 0 0 0 0 0 0 0 0 0 0
 0 0 0 0 0 0 0 0 0 0 0 0 0 0 0 0 0 0 0 0 0 0 0 0 0 0]
[1 1 1 1 1 1 1 1 1 1 1 1 1 1 1 1 1 1 1 1 1 1 1 1 1 1 1 1 1 1 1 1 1 1 1 1 1
 1 1 1 1 1 1 1 1 1 1 1 1 1 1 1 1 1 1 1 1 1 1 1 1 1 1 1 1 1 1 1 1 1 1 1 1 1
 1 1 1 1 1 1 1 1 1 1 1 1 1 1 1 1 1 1 1 1 1 1 1 1 1 1]
