[ 0  1  2  3  4  5  6  7  8  9 10 11 12 13 14 15 16 17 18 19 20 21 22 23
 24 25 26 27 28 29 30 31 32 33 34 35 36 37 38 39 40 41 42 43 44 45 46 47
 48 49 50 51 52 53 54 55 56 57 58 59 60 61 62 63 64 65 66 67 68 69 70 71
 72 73 74 75 76 77 78 79 80 81 82 83 84 85 86 87 88 89 90 91 92 93 94 95
 96 97 98 99]
[11 42 27 42 41 24 65 42 18 66 60 -1 -1 -1 88 -1 37 96 -1 34 41 37 31 22
 -1 46 57 69 -1  1 -1 89 -1 -1 -1 -1 47 -1 22 -1 51 74 -1 39 -1 -1 62 -1
 91 -1  6 53 41 67 64 -1 -1 17 -1 -1 97 51 94 -1 -1 -1 -1  6 39 67 -1 77
 -1 98 -1 14 26 12 32 24 23 -1 -1  6 -1 -1 70 -1 46 30 -1 73 -1 -1 -1 93
 80 28 15 91]
[0 1 1 1 1 1 1 0 0 1 1 1 1 0 0 1 0 1 1 0 0 1 1 0 1 0 1 0 1 1 1 0 1 1 0 1 0
 1 0 0 1 1 0 0 1 0 0 1 0 1 0 0 0 0 0 1 0 1 0 1 1 1 0 1 1 1 1 1 1 1 1 1 1 1
 0 1 0 1 0 0 0 1 0 1 0 1 0 0 0 0 1 1 1 0 1 1 0 0 0 0]
[0 0 2 1 2 1 0 0 1 2 0 0 2 1 4 1 3 0 0 0 4 4 3 0 0 2 0 0 1 0 1 0 3 0 2 0 0
 3 0 0 4 0 0 4 4 0 2 3 0 4 3 1 2 4 1 0 0 4 0 0 0 0 4 1 0 0 0 0 4 0 0 0 0 0
 0 0 2 0 0 0 2 0 3 0 2 0 0 0 0 2 0 1 4 0 0 0 1 4 1 2]
[0 0 2 1 2 1 0 0 1 2 0 0 2 1 4 1 3 0 0 0 4 4 3 0 0 2 0 0 1 0 1 0 3 0 2 0 0
 3 0 0 4 0 0 4 4 0 2 3 0 4 3 1 2 4 1 0 0 4 0 0 0 0 4 1 0 0 0 0 4 0 0 0 0 0
 0 0 2 0 0 0 2 0 3 0 2 0 0 0 0 2 0 1 4 0 0 0 1 4 1 2]
[7 6 6 2 9 2 9 6 3 3 1 7 6 2 4 7 4 9 9 3 8 1 8 5 4 9 6 7 4 3 9 1 8 3 7 4 7
 5 5 3 5 1 2 3 7 1 6 4 2 9 7 7 7 5 6 3 3 9 8 9 4 8 7 3 1 8 3 4 4 3 8 9 2 8
 5 9 2 9 1 8 2 8 6 1 5 8 5 9 2 5 2 7 4 8 8 2 4 1 8 2]
[7 6 6 2 9 2 9 6 3 3 1 7 6 2 4 7 4 9 9 3 8 1 8 5 4 9 6 7 4 3 9 1 8 3 7 4 7
 5 5 3 5 1 2 3 7 1 6 4 2 9 7 7 7 5 6 3 3 9 8 9 4 8 7 3 1 8 3 4 4 3 8 9 2 8
 5 9 2 9 1 8 2 8 6 1 5 8 5 9 2 5 2 7 4 8 8 2 4 1 8 2]
[50, 32, 50, 50, 50, 50, 50, 50, 27, 50, 15, 12, 34, 39, 49, 28, 50, 50, 50, 22, 13, 22, 45, 50, 50, 17, 50, 50, 23, 50, 50, 47, 14, 28, 50, 15, 50, 50, 50, 50, 50, 35, 50, 11, 28, 50, 20, 50, 26, 15, 50, 50, 33, 37, 50, 50, 50, 50, 26, 43, 40, 47, 42, 13, 50, 19, 50, 50, 31, 24, 50, 32, 50, 50, 50, 50, 49, 50, 50, 50, 40, 17, 50, 50, 50, 50, 14, 50, 50, 11, 50, 20, 30, 46, 19, 50, 50, 50, 50, 50]
[0 0 0 0 0 0 0 0 0 0 0 0 0 0 0 0 0 0 0 0 0 0 0 0 0 0 0 0 0 0 0 0 0 0 0 0 0
 0 0 0 0 0 0 0 0 0 0 0 0 0 0 0 0 0 0 0 0 0 0 0 0 0 0 0 0 0 0 0 0 0 0 0 0 0
 0 0 0 0 0 0 0 0 0 0 0 0 0 0 0 0 0 0 0 0 0 0 0 0 0 0]
[1 1 1 1 1 1 1 1 1 1 1 1 1 1 1 1 1 1 1 1 1 1 1 1 1 1 1 1 1 1 1 1 1 1 1 1 1
 1 1 1 1 1 1 1 1 1 1 1 1 1 1 1 1 1 1 1 1 1 1 1 1 1 1 1 1 1 1 1 1 1 1 1 1 1
 1 1 1 1 1 1 1 1 1 1 1 1 1 1 1 1 1 1 1 1 1 1 1 1 1 1]
