[ 0  1  2  3  4  5  6  7  8  9 10 11 12 13 14 15 16 17 18 19 20 21 22 23
 24 25 26 27 28 29 30 31 32 33 34 35 36 37 38 39 40 41 42 43 44 45 46 47
 48 49 50 51 52 53 54 55 56 57 58 59 60 61 62 63 64 65 66 67 68 69 70 71
 72 73 74 75 76 77 78 79 80 81 82 83 84 85 86 87 88 89 90 91 92 93 94 95
 96 97 98 99]
[-1 54 68 52 60 30 74 -1 -1 68 95 42  8 72 77 18 -1 80 -1 -1 75 -1  8 -1
 -1 -1 -1 97 44 -1 52  1 52 56 65  4 -1  1 82 -1 67 -1 96 -1 -1  2 -1 -1
 38 78 -1 56 46 93 69 90 -1 24 -1 -1 20 91 -1 42  8 71 -1 17 -1 81 46 -1
 53 80 -1 26 -1 -1 65 -1 32 41 28 32 94 14 50 97 -1 -1 24 63 -1 -1 -1 35
 26 -1  3 -1]
[1 1 0 1 1 1 1 0 0 1 0 0 1 1 1 0 0 1 1 0 0 0 1 1 1 1 0 1 0 0 0 1 1 1 1 1 0
 1 1 1 0 0 0 0 0 1 0 0 1 1 0 0 1 0 0 1 0 1 0 0 1 0 1 1 1 0 1 1 1 1 0 0 0 1
 1 1 0 0 0 1 0 1 0 1 0 0 1 0 0 1 1 0 1 0 0 1 1 1 0 0]
[4 0 0 0 0 3 0 0 0 1 1 0 0 2 3 0 3 4 3 1 0 0 0 0 0 0 4 4 0 1 0 1 2 2 0 0 4
 1 4 0 1 0 3 0 0 1 4 0 0 1 0 1 0 1 0 0 3 0 0 1 0 0 0 1 2 3 4 0 4 0 2 0 0 0
 1 4 0 0 1 1 1 1 4 2 4 0 3 0 0 3 2 2 2 0 1 0 0 0 3 4]
[4 0 0 0 0 3 0 0 0 1 1 0 0 2 3 0 3 4 3 1 0 0 0 0 0 0 4 4 0 1 0 1 2 2 0 0 4
 1 4 0 1 0 3 0 0 1 4 0 0 1 0 1 0 1 0 0 3 0 0 1 0 0 0 1 2 3 4 0 4 0 2 0 0 0
 1 4 0 0 1 1 1 1 4 2 4 0 3 0 0 3 2 2 2 0 1 0 0 0 3 4]
[3 9 4 5 3 1 6 5 7 9 1 4 9 6 7 1 7 2 5 2 2 9 7 4 8 5 3 2 4 4 9 2 1 9 5 6 5
 8 9 8 7 7 4 5 8 9 5 6 6 3 5 6 1 3 5 5 1 3 9 6 5 4 4 1 5 8 2 8 7 1 2 6 7 7
 8 7 3 4 7 8 8 1 4 8 4 1 9 5 5 7 3 7 7 2 1 2 5 3 8 9]
[3 9 4 5 3 1 6 5 7 9 1 4 9 6 7 1 7 2 5 2 2 9 7 4 8 5 3 2 4 4 9 2 1 9 5 6 5
 8 9 8 7 7 4 5 8 9 5 6 6 3 5 6 1 3 5 5 1 3 9 6 5 4 4 1 5 8 2 8 7 1 2 6 7 7
 8 7 3 4 7 8 8 1 4 8 4 1 9 5 5 7 3 7 7 2 1 2 5 3 8 9]
[33, 21, 50, 50, 27, 45, 29, 50, 10, 50, 37, 50, 50, 43, 50, 50, 37, 50, 34, 11, 50, 46, 50, 50, 10, 12, 50, 50, 50, 50, 50, 11, 50, 50, 25, 20, 50, 26, 14, 49, 39, 50, 50, 50, 19, 41, 47, 46, 19, 42, 50, 19, 50, 21, 48, 50, 27, 50, 30, 12, 22, 50, 34, 50, 42, 44, 50, 50, 50, 10, 34, 50, 50, 50, 50, 50, 50, 50, 13, 50, 39, 50, 50, 50, 50, 50, 50, 50, 48, 44, 50, 46, 50, 50, 50, 15, 50, 37, 11, 11]
[0 0 0 0 0 0 0 0 0 0 0 0 0 0 0 0 0 0 0 0 0 0 0 0 0 0 0 0 0 0 0 0 0 0 0 0 0
 0 0 0 0 0 0 0 0 0 0 0 0 0 0 0 0 0 0 0 0 0 0 0 0 0 0 0 0 0 0 0 0 0 0 0 0 0
 0 0 0 0 0 0 0 0 0 0 0 0 0 0 0 0 0 0 0 0 0 0 0 0 0 0]
[1 1 1 1 1 1 1 1 1 1 1 1 1 1 1 1 1 1 1 1 1 1 1 1 1 1 1 1 1 1 1 1 1 1 1 1 1
 1 1 1 1 1 1 1 1 1 1 1 1 1 1 1 1 1 1 1 1 1 1 1 1 1 1 1 1 1 1 1 1 1 1 1 1 1
 1 1 1 1 1 1 1 1 1 1 1 1 1 1 1 1 1 1 1 1 1 1 1 1 1 1]
