[ 0  1  2  3  4  5  6  7  8  9 10 11 12 13 14 15 16 17 18 19 20 21 22 23
 24 25 26 27 28 29 30 31 32 33 34 35 36 37 38 39 40 41 42 43 44 45 46 47
 48 49 50 51 52 53 54 55 56 57 58 59 60 61 62 63 64 65 66 67 68 69 70 71
 72 73 74 75 76 77 78 79 80 81 82 83 84 85 86 87 88 89 90 91 92 93 94 95
 96 97 98 99]
[19 90 73 -1 10 -1 -1 93 -1 23 -1 -1 -1 15 44 12 31 32 39 36 31 93 -1 43
 -1 21 82 12 -1 95 -1  8 47  9 -1 31 -1 -1 -1  0 79 -1 -1 69 40  1 30 46
 -1 83 -1 -1 -1 -1 39 16 61 -1 54 35 45 38 -1 -1 -1 -1 10 80  6 75 59 -1
 -1 -1 14 18 40  4 -1 -1 -1 -1 13 59 67 97 -1 -1 -1 39  5 -1  2  8 39 79
 32 -1 -1 96]
[1 1 0 1 1 0 0 1 0 0 1 0 1 1 1 1 1 0 1 1 0 0 0 0 1 1 0 1 1 1 1 0 0 1 0 0 0
 1 1 1 1 0 0 1 0 0 1 1 1 1 0 1 0 0 0 0 0 1 0 1 1 1 0 1 0 0 1 0 0 0 0 0 1 1
 1 1 1 0 0 1 1 0 1 0 0 1 1 0 0 1 0 1 0 0 0 1 0 0 0 1]
[1 4 4 4 4 1 1 0 0 2 0 2 0 4 3 1 0 0 0 4 0 2 3 0 0 0 0 0 4 2 4 0 2 0 0 0 2
 1 1 1 1 4 0 0 1 3 0 4 4 1 4 0 2 4 0 4 3 2 0 0 0 0 4 0 0 1 0 0 0 0 0 3 0 0
 0 2 0 0 2 1 4 2 0 3 0 0 1 0 4 0 4 1 3 4 1 0 2 3 0 4]
[1 4 4 4 4 1 1 0 0 2 0 2 0 4 3 1 0 0 0 4 0 2 3 0 0 0 0 0 4 2 4 0 2 0 0 0 2
 1 1 1 1 4 0 0 1 3 0 4 4 1 4 0 2 4 0 4 3 2 0 0 0 0 4 0 0 1 0 0 0 0 0 3 0 0
 0 2 0 0 2 1 4 2 0 3 0 0 1 0 4 0 4 1 3 4 1 0 2 3 0 4]
[7 2 9 5 9 1 2 9 8 5 9 7 1 7 1 5 1 6 7 7 7 5 7 2 8 1 3 6 6 5 6 5 8 4 5 1 7
 9 2 8 3 4 8 4 7 5 3 1 1 4 8 5 8 1 2 3 8 5 9 4 2 5 6 3 8 1 9 7 4 6 6 3 6 8
 9 1 6 8 4 9 3 5 5 8 7 7 9 7 8 9 3 1 5 3 5 5 9 1 8 8]
[7 2 9 5 9 1 2 9 8 5 9 7 1 7 1 5 1 6 7 7 7 5 7 2 8 1 3 6 6 5 6 5 8 4 5 1 7
 9 2 8 3 4 8 4 7 5 3 1 1 4 8 5 8 1 2 3 8 5 9 4 2 5 6 3 8 1 9 7 4 6 6 3 6 8
 9 1 6 8 4 9 3 5 5 8 7 7 9 7 8 9 3 1 5 3 5 5 9 1 8 8]
[43, 13, 37, 19, 50, 50, 45, 47, 36, 50, 47, 43, 26, 50, 50, 50, 50, 50, 19, 50, 35, 33, 50, 23, 50, 50, 50, 50, 50, 28, 36, 50, 29, 50, 50, 21, 50, 50, 41, 50, 42, 50, 14, 50, 17, 43, 50, 34, 50, 50, 29, 50, 50, 50, 50, 50, 34, 23, 10, 46, 50, 25, 14, 50, 19, 12, 50, 50, 50, 50, 50, 37, 50, 50, 29, 26, 15, 16, 50, 40, 50, 14, 41, 50, 50, 50, 50, 50, 50, 23, 50, 13, 50, 50, 26, 18, 50, 50, 19, 50]
[0 0 0 0 0 0 0 0 0 0 0 0 0 0 0 0 0 0 0 0 0 0 0 0 0 0 0 0 0 0 0 0 0 0 0 0 0
 0 0 0 0 0 0 0 0 0 0 0 0 0 0 0 0 0 0 0 0 0 0 0 0 0 0 0 0 0 0 0 0 0 0 0 0 0
 0 0 0 0 0 0 0 0 0 0 0 0 0 0 0 0 0 0 0 0 0 0 0 0 0 0]
[1 1 1 1 1 1 1 1 1 1 1 1 1 1 1 1 1 1 1 1 1 1 1 1 1 1 1 1 1 1 1 1 1 1 1 1 1
 1 1 1 1 1 1 1 1 1 1 1 1 1 1 1 1 1 1 1 1 1 1 1 1 1 1 1 1 1 1 1 1 1 1 1 1 1
 1 1 1 1 1 1 1 1 1 1 1 1 1 1 1 1 1 1 1 1 1 1 1 1 1 1]
