[ 0  1  2  3  4  5  6  7  8  9 10 11 12 13 14 15 16 17 18 19 20 21 22 23
 24 25 26 27 28 29 30 31 32 33 34 35 36 37 38 39 40 41 42 43 44 45 46 47
 48 49 50 51 52 53 54 55 56 57 58 59 60 61 62 63 64 65 66 67 68 69 70 71
 72 73 74 75 76 77 78 79 80 81 82 83 84 85 86 87 88 89 90 91 92 93 94 95
 96 97 98 99]
[-1 41 98 43 -1 -1 12 10 11  1 33 66 21 -1 85 -1 66 97 76 59 36 97 -1 73
 -1 70 -1 -1 -1 13 19 78 80 -1 -1 74 18 -1 66 -1 -1 87 -1 40 63 -1  1 -1
 56 -1 -1 57 48 88 -1  5 -1 31 -1 -1 -1 -1  0 24 -1 86 -1 98 56 97 -1 70
 -1 -1  1 67 -1 81 -1 85 22  9 44  8  8 76 79 86 22 83 -1 -1 -1 63 -1 -1
 94 72 26 86]
[1 0 1 1 1 0 0 1 0 1 1 0 0 1 1 1 0 0 0 1 0 1 1 1 0 0 0 1 1 1 0 0 0 1 0 0 1
 0 1 1 0 0 0 0 0 1 0 1 1 1 1 1 1 0 1 0 1 1 1 1 1 1 0 0 1 1 0 1 1 0 1 1 1 1
 1 0 0 0 0 0 0 0 1 1 0 0 1 0 1 1 0 1 0 1 0 0 1 0 0 1]
[3 0 2 4 0 4 0 0 0 0 0 2 2 0 3 0 2 4 2 0 2 3 0 0 1 0 0 3 2 0 1 0 0 0 0 0 0
 3 2 4 0 0 0 1 3 2 0 3 2 4 0 1 2 0 0 0 0 0 4 1 0 2 0 4 0 0 0 0 4 0 0 3 0 0
 0 0 3 0 4 0 0 0 4 1 3 0 0 2 1 0 0 2 0 2 0 3 3 0 0 0]
[3 0 2 4 0 4 0 0 0 0 0 2 2 0 3 0 2 4 2 0 2 3 0 0 1 0 0 3 2 0 1 0 0 0 0 0 0
 3 2 4 0 0 0 1 3 2 0 3 2 4 0 1 2 0 0 0 0 0 4 1 0 2 0 4 0 0 0 0 4 0 0 3 0 0
 0 0 3 0 4 0 0 0 4 1 3 0 0 2 1 0 0 2 0 2 0 3 3 0 0 0]
[1 4 8 9 3 7 5 5 5 3 9 6 1 2 3 2 2 8 2 2 7 7 8 9 6 4 7 9 5 2 3 5 9 3 3 1 2
 3 3 3 2 7 2 3 6 9 6 6 4 8 6 3 2 4 7 7 1 4 2 6 2 1 4 4 6 5 2 2 7 5 5 4 3 5
 8 1 4 8 1 5 5 1 4 1 4 5 8 7 5 7 6 9 5 7 7 3 3 2 5 2]
[1 4 8 9 3 7 5 5 5 3 9 6 1 2 3 2 2 8 2 2 7 7 8 9 6 4 7 9 5 2 3 5 9 3 3 1 2
 3 3 3 2 7 2 3 6 9 6 6 4 8 6 3 2 4 7 7 1 4 2 6 2 1 4 4 6 5 2 2 7 5 5 4 3 5
 8 1 4 8 1 5 5 1 4 1 4 5 8 7 5 7 6 9 5 7 7 3 3 2 5 2]
[50, 24, 33, 20, 50, 50, 50, 50, 50, 30, 50, 47, 50, 50, 26, 50, 50, 50, 39, 31, 46, 29, 39, 49, 44, 17, 50, 50, 30, 33, 50, 42, 50, 45, 50, 17, 35, 50, 32, 13, 13, 21, 43, 41, 43, 44, 39, 50, 50, 50, 50, 50, 50, 50, 19, 10, 45, 50, 30, 50, 50, 29, 39, 32, 50, 39, 50, 50, 18, 50, 33, 50, 50, 35, 41, 50, 50, 11, 21, 50, 45, 26, 35, 26, 50, 50, 11, 50, 50, 25, 50, 20, 50, 32, 34, 50, 50, 50, 29, 50]
[0 0 0 0 0 0 0 0 0 0 0 0 0 0 0 0 0 0 0 0 0 0 0 0 0 0 0 0 0 0 0 0 0 0 0 0 0
 0 0 0 0 0 0 0 0 0 0 0 0 0 0 0 0 0 0 0 0 0 0 0 0 0 0 0 0 0 0 0 0 0 0 0 0 0
 0 0 0 0 0 0 0 0 0 0 0 0 0 0 0 0 0 0 0 0 0 0 0 0 0 0]
[1 1 1 1 1 1 1 1 1 1 1 1 1 1 1 1 1 1 1 1 1 1 1 1 1 1 1 1 1 1 1 1 1 1 1 1 1
 1 1 1 1 1 1 1 1 1 1 1 1 1 1 1 1 1 1 1 1 1 1 1 1 1 1 1 1 1 1 1 1 1 1 1 1 1
 1 1 1 1 1 1 1 1 1 1 1 1 1 1 1 1 1 1 1 1 1 1 1 1 1 1]
