[ 0  1  2  3  4  5  6  7  8  9 10 11 12 13 14 15 16 17 18 19 20 21 22 23
 24 25 26 27 28 29 30 31 32 33 34 35 36 37 38 39 40 41 42 43 44 45 46 47
 48 49 50 51 52 53 54 55 56 57 58 59 60 61 62 63 64 65 66 67 68 69 70 71
 72 73 74 75 76 77 78 79 80 81 82 83 84 85 86 87 88 89 90 91 92 93 94 95
 96 97 98 99]
[78 15 28 11  2 -1  9 -1 26 30 -1 26 24 21 63 -1 52  6 58 88 -1 73 12 71
 63 36 -1 -1 60 85 -1 -1 13 -1 -1 -1 30 89 -1 58 -1 13 69 47 49 -1 34 94
 84 -1 -1 87 31 -1  4 56 -1 -1 -1 -1 19 -1 69  6 14 87 70 65 77 49 54 -1
 23 -1 62 -1 27 -1 -1 40 14 10 -1  6 95 -1 -1 61 36 -1 57 -1 -1 52 14 75
 65 -1 -1 -1]
[0 0 1 1 0 0 1 0 0 1 1 1 0 1 0 1 1 1 0 1 0 1 0 1 1 0 1 1 1 1 1 1 1 0 1 1 0
 1 0 1 0 0 0 0 0 1 0 0 1 0 1 1 0 1 0 1 1 0 1 1 0 1 0 1 0 0 1 0 1 1 0 1 1 0
 0 0 0 1 0 0 0 0 1 1 0 0 1 1 0 1 0 1 0 1 1 0 1 0 1 0]
[0 2 3 0 0 3 0 4 1 2 1 4 0 0 4 0 0 0 1 0 0 0 1 0 2 0 0 2 1 2 0 3 1 4 3 0 4
 2 0 0 2 0 0 0 0 2 0 3 0 4 3 4 1 1 2 1 2 3 1 0 0 3 3 2 0 1 4 3 0 0 3 0 0 0
 0 1 1 2 2 2 4 1 0 0 3 1 3 1 1 3 1 0 2 2 0 4 2 4 4 0]
[0 2 3 0 0 3 0 4 1 2 1 4 0 0 4 0 0 0 1 0 0 0 1 0 2 0 0 2 1 2 0 3 1 4 3 0 4
 2 0 0 2 0 0 0 0 2 0 3 0 4 3 4 1 1 2 1 2 3 1 0 0 3 3 2 0 1 4 3 0 0 3 0 0 0
 0 1 1 2 2 2 4 1 0 0 3 1 3 1 1 3 1 0 2 2 0 4 2 4 4 0]
[4 5 8 8 8 6 7 7 4 4 5 5 5 5 8 1 2 4 5 7 6 9 9 2 3 4 6 4 5 9 1 9 5 2 4 6 2
 8 9 2 3 2 3 8 7 1 3 3 5 6 6 7 8 8 7 3 4 5 8 5 9 5 5 9 3 8 7 3 8 8 8 4 7 6
 2 3 3 4 8 5 1 3 1 8 3 7 8 9 5 2 9 3 6 3 1 4 7 6 9 7]
[4 5 8 8 8 6 7 7 4 4 5 5 5 5 8 1 2 4 5 7 6 9 9 2 3 4 6 4 5 9 1 9 5 2 4 6 2
 8 9 2 3 2 3 8 7 1 3 3 5 6 6 7 8 8 7 3 4 5 8 5 9 5 5 9 3 8 7 3 8 8 8 4 7 6
 2 3 3 4 8 5 1 3 1 8 3 7 8 9 5 2 9 3 6 3 1 4 7 6 9 7]
[14, 50, 50, 31, 50, 50, 20, 20, 50, 50, 42, 21, 11, 29, 28, 11, 14, 44, 38, 50, 45, 50, 15, 50, 20, 50, 32, 50, 50, 50, 50, 21, 24, 40, 50, 50, 50, 50, 50, 50, 12, 50, 50, 41, 22, 50, 32, 50, 50, 50, 50, 50, 12, 25, 18, 39, 50, 13, 47, 40, 50, 50, 50, 50, 50, 50, 50, 50, 50, 50, 50, 50, 34, 50, 50, 50, 20, 46, 50, 50, 36, 50, 50, 37, 50, 50, 50, 20, 49, 25, 50, 15, 50, 14, 50, 50, 19, 50, 14, 50]
[0 0 0 0 0 0 0 0 0 0 0 0 0 0 0 0 0 0 0 0 0 0 0 0 0 0 0 0 0 0 0 0 0 0 0 0 0
 0 0 0 0 0 0 0 0 0 0 0 0 0 0 0 0 0 0 0 0 0 0 0 0 0 0 0 0 0 0 0 0 0 0 0 0 0
 0 0 0 0 0 0 0 0 0 0 0 0 0 0 0 0 0 0 0 0 0 0 0 0 0 0]
[1 1 1 1 1 1 1 1 1 1 1 1 1 1 1 1 1 1 1 1 1 1 1 1 1 1 1 1 1 1 1 1 1 1 1 1 1
 1 1 1 1 1 1 1 1 1 1 1 1 1 1 1 1 1 1 1 1 1 1 1 1 1 1 1 1 1 1 1 1 1 1 1 1 1
 1 1 1 1 1 1 1 1 1 1 1 1 1 1 1 1 1 1 1 1 1 1 1 1 1 1]
