[ 0  1  2  3  4  5  6  7  8  9 10 11 12 13 14 15 16 17 18 19 20 21 22 23
 24 25 26 27 28 29 30 31 32 33 34 35 36 37 38 39 40 41 42 43 44 45 46 47
 48 49 50 51 52 53 54 55 56 57 58 59 60 61 62 63 64 65 66 67 68 69 70 71
 72 73 74 75 76 77 78 79 80 81 82 83 84 85 86 87 88 89 90 91 92 93 94 95
 96 97 98 99]
[31 41 49 72 82 32  2 -1 65 60 -1 -1 -1 -1 65 21 -1 -1 -1 -1 -1 42 84 17
 -1 95 64 76 -1 -1 -1 18 -1 -1 54 -1 81 67 -1 -1 30 43 36 -1 -1 27 63 23
 51 -1 16 72 87 65  8 15 89 23 87 -1 40  4 -1 69 54 84 69 72 33 10 -1 -1
 81 -1 -1 92 57 -1 93 14 72 93 -1  1 98 44 90 47 42 -1 -1 -1 -1 69 -1 10
 45 90  1 71]
[1 1 1 1 0 0 0 1 0 1 1 1 0 0 0 0 0 0 0 0 1 0 0 1 1 0 0 1 1 0 0 0 1 1 1 1 0
 0 1 1 1 0 1 1 0 1 1 0 0 1 0 0 1 0 0 0 1 0 1 0 1 0 1 1 1 0 1 0 1 1 1 1 1 1
 0 0 0 1 1 0 1 0 1 0 1 0 1 1 1 0 0 1 1 0 1 1 1 1 1 1]
[3 0 1 3 0 0 2 4 3 1 0 0 4 0 3 3 1 0 2 0 0 3 1 3 4 2 4 3 2 3 4 4 2 1 0 4 0
 0 0 0 4 0 4 4 2 1 0 0 3 0 2 1 1 0 0 3 0 0 1 0 3 3 0 2 0 0 0 0 0 4 0 0 1 2
 0 3 0 4 0 0 3 0 0 0 0 0 1 2 2 3 0 4 0 0 0 0 2 0 3 0]
[3 0 1 3 0 0 2 4 3 1 0 0 4 0 3 3 1 0 2 0 0 3 1 3 4 2 4 3 2 3 4 4 2 1 0 4 0
 0 0 0 4 0 4 4 2 1 0 0 3 0 2 1 1 0 0 3 0 0 1 0 3 3 0 2 0 0 0 0 0 4 0 0 1 2
 0 3 0 4 0 0 3 0 0 0 0 0 1 2 2 3 0 4 0 0 0 0 2 0 3 0]
[2 1 4 6 3 8 6 8 7 5 2 6 2 1 5 1 5 4 8 6 2 8 6 8 7 4 9 8 5 7 5 5 2 2 8 9 3
 7 1 8 1 4 1 7 2 5 7 1 9 2 5 6 5 2 4 3 6 4 7 6 4 1 2 9 8 3 4 4 3 8 3 6 8 7
 5 9 9 4 6 1 1 8 8 1 9 6 7 9 9 6 1 7 8 9 2 3 7 1 1 7]
[2 1 4 6 3 8 6 8 7 5 2 6 2 1 5 1 5 4 8 6 2 8 6 8 7 4 9 8 5 7 5 5 2 2 8 9 3
 7 1 8 1 4 1 7 2 5 7 1 9 2 5 6 5 2 4 3 6 4 7 6 4 1 2 9 8 3 4 4 3 8 3 6 8 7
 5 9 9 4 6 1 1 8 8 1 9 6 7 9 9 6 1 7 8 9 2 3 7 1 1 7]
[50, 33, 23, 42, 50, 42, 50, 50, 35, 50, 50, 12, 50, 50, 50, 42, 25, 40, 50, 50, 47, 50, 50, 44, 42, 50, 50, 50, 50, 22, 50, 50, 18, 36, 50, 50, 50, 50, 50, 15, 50, 49, 50, 50, 50, 38, 15, 41, 18, 15, 50, 44, 50, 41, 20, 35, 21, 50, 50, 10, 41, 10, 21, 23, 43, 15, 50, 14, 42, 50, 47, 36, 49, 43, 50, 50, 50, 40, 44, 44, 50, 50, 41, 21, 50, 50, 50, 12, 15, 50, 50, 35, 50, 50, 14, 50, 31, 34, 31, 39]
[0 0 0 0 0 0 0 0 0 0 0 0 0 0 0 0 0 0 0 0 0 0 0 0 0 0 0 0 0 0 0 0 0 0 0 0 0
 0 0 0 0 0 0 0 0 0 0 0 0 0 0 0 0 0 0 0 0 0 0 0 0 0 0 0 0 0 0 0 0 0 0 0 0 0
 0 0 0 0 0 0 0 0 0 0 0 0 0 0 0 0 0 0 0 0 0 0 0 0 0 0]
[1 1 1 1 1 1 1 1 1 1 1 1 1 1 1 1 1 1 1 1 1 1 1 1 1 1 1 1 1 1 1 1 1 1 1 1 1
 1 1 1 1 1 1 1 1 1 1 1 1 1 1 1 1 1 1 1 1 1 1 1 1 1 1 1 1 1 1 1 1 1 1 1 1 1
 1 1 1 1 1 1 1 1 1 1 1 1 1 1 1 1 1 1 1 1 1 1 1 1 1 1]
