[ 0  1  2  3  4  5  6  7  8  9 10 11 12 13 14 15 16 17 18 19 20 21 22 23
 24 25 26 27 28 29 30 31 32 33 34 35 36 37 38 39 40 41 42 43 44 45 46 47
 48 49 50 51 52 53 54 55 56 57 58 59 60 61 62 63 64 65 66 67 68 69 70 71
 72 73 74 75 76 77 78 79 80 81 82 83 84 85 86 87 88 89 90 91 92 93 94 95
 96 97 98 99]
[-1 -1 -1 40 -1 11 15 -1 -1 -1  7 88 -1 98 -1 -1 -1 -1 97 -1 32 25 14 89
 -1 -1 59 61 -1 25 95 90 -1  8 73 40  8 -1 15 43 19 80 53 66 56 -1 73  9
 18 42 38 -1 -1 55 -1 -1 24 73  8 -1 -1 89 72 33 60 81 28 20 75 -1 63 28
 92 49 88 12 -1 -1 38 -1 77 28 -1 61 10 43 -1 72 -1 68 72 -1 -1 28 -1 -1
 45 33 34 32]
[1 1 1 0 1 1 0 0 0 0 1 1 1 1 0 1 0 1 0 0 0 0 1 0 0 1 1 1 0 1 0 0 0 1 1 1 1
 1 1 1 0 0 1 1 0 0 1 0 1 0 1 1 0 0 1 0 1 1 0 1 0 0 0 0 0 1 1 0 1 0 1 1 0 0
 0 0 0 1 0 1 0 1 1 0 1 0 1 1 0 0 0 1 0 1 0 1 1 0 0 1]
[3 0 4 0 2 0 0 0 1 0 4 2 4 0 0 3 4 0 0 1 0 0 0 3 3 0 3 0 0 0 0 2 0 0 0 0 0
 2 0 1 1 0 0 0 0 1 0 0 0 1 0 4 2 2 0 0 0 0 0 3 0 0 2 0 0 4 0 0 0 2 0 0 4 4
 3 0 1 0 0 0 0 4 2 2 0 0 0 4 3 0 0 4 0 0 0 4 1 0 3 4]
[3 0 4 0 2 0 0 0 1 0 4 2 4 0 0 3 4 0 0 1 0 0 0 3 3 0 3 0 0 0 0 2 0 0 0 0 0
 2 0 1 1 0 0 0 0 1 0 0 0 1 0 4 2 2 0 0 0 0 0 3 0 0 2 0 0 4 0 0 0 2 0 0 4 4
 3 0 1 0 0 0 0 4 2 2 0 0 0 4 3 0 0 4 0 0 0 4 1 0 3 4]
[9 2 8 2 4 8 4 5 5 6 3 4 4 3 2 5 4 6 5 7 6 9 7 3 1 8 3 9 2 4 2 6 5 6 7 4 7
 7 2 4 7 4 5 8 2 6 6 1 6 4 2 4 3 4 8 1 1 1 4 2 9 9 1 2 5 3 7 8 3 8 7 5 9 8
 6 3 8 1 3 9 3 8 8 2 7 8 9 1 3 6 4 9 8 6 6 3 1 4 2 8]
[9 2 8 2 4 8 4 5 5 6 3 4 4 3 2 5 4 6 5 7 6 9 7 3 1 8 3 9 2 4 2 6 5 6 7 4 7
 7 2 4 7 4 5 8 2 6 6 1 6 4 2 4 3 4 8 1 1 1 4 2 9 9 1 2 5 3 7 8 3 8 7 5 9 8
 6 3 8 1 3 9 3 8 8 2 7 8 9 1 3 6 4 9 8 6 6 3 1 4 2 8]
[50, 41, 22, 50, 50, 50, 50, 22, 23, 50, 43, 50, 48, 34, 50, 50, 50, 50, 18, 16, 30, 50, 50, 50, 29, 47, 37, 12, 50, 27, 50, 50, 44, 50, 30, 20, 21, 50, 50, 50, 50, 29, 50, 50, 22, 50, 32, 14, 50, 48, 50, 47, 37, 50, 24, 50, 50, 44, 22, 50, 10, 50, 50, 29, 50, 47, 28, 50, 32, 50, 15, 50, 33, 49, 50, 50, 50, 31, 50, 16, 40, 19, 50, 50, 50, 47, 24, 50, 50, 34, 35, 36, 47, 18, 50, 28, 43, 50, 41, 15]
[0 0 0 0 0 0 0 0 0 0 0 0 0 0 0 0 0 0 0 0 0 0 0 0 0 0 0 0 0 0 0 0 0 0 0 0 0
 0 0 0 0 0 0 0 0 0 0 0 0 0 0 0 0 0 0 0 0 0 0 0 0 0 0 0 0 0 0 0 0 0 0 0 0 0
 0 0 0 0 0 0 0 0 0 0 0 0 0 0 0 0 0 0 0 0 0 0 0 0 0 0]
[1 1 1 1 1 1 1 1 1 1 1 1 1 1 1 1 1 1 1 1 1 1 1 1 1 1 1 1 1 1 1 1 1 1 1 1 1
 1 1 1 1 1 1 1 1 1 1 1 1 1 1 1 1 1 1 1 1 1 1 1 1 1 1 1 1 1 1 1 1 1 1 1 1 1
 1 1 1 1 1 1 1 1 1 1 1 1 1 1 1 1 1 1 1 1 1 1 1 1 1 1]
