[ 0  1  2  3  4  5  6  7  8  9 10 11 12 13 14 15 16 17 18 19 20 21 22 23
 24 25 26 27 28 29 30 31 32 33 34 35 36 37 38 39 40 41 42 43 44 45 46 47
 48 49 50 51 52 53 54 55 56 57 58 59 60 61 62 63 64 65 66 67 68 69 70 71
 72 73 74 75 76 77 78 79 80 81 82 83 84 85 86 87 88 89 90 91 92 93 94 95
 96 97 98 99]
[33 52 57 26 12 11 51 49 -1 88 76 -1 -1 64 -1 59  0 -1 61 -1 -1 -1 84 56
 85 88 -1  7 13 -1 93 21 -1 42 19 70 99 -1 70 67 15 34 29 55 34 -1 14 69
 61 -1 86 86 76 -1 67 69 -1 41 -1 23 39 27 30 -1 -1 -1 -1 -1 76 14 -1 -1
 -1 27 -1 81 -1 91 84 -1 44 71 -1 78 -1 29 -1 96 95 38 11  7 20 41 96 51
 -1 -1 74 -1]
[0 1 1 1 1 1 1 1 1 0 1 1 0 0 0 1 0 1 1 0 0 1 1 1 0 1 1 1 1 0 1 1 1 0 1 0 0
 1 1 0 1 0 0 0 1 1 0 1 1 0 0 0 1 0 0 1 1 0 1 1 0 0 0 0 0 0 0 0 0 1 1 1 0 1
 1 0 1 0 1 1 0 1 0 1 0 0 1 0 0 1 1 1 0 0 1 0 0 0 1 0]
[0 0 3 4 3 0 0 1 0 0 0 1 1 4 1 0 1 0 3 0 0 0 3 2 0 0 4 2 0 0 3 0 4 2 0 2 4
 0 1 0 1 0 0 0 1 0 3 4 4 0 3 2 0 3 0 2 0 0 4 4 0 4 0 3 0 0 1 0 0 0 1 2 0 4
 1 0 0 1 0 0 2 3 2 3 0 1 4 3 0 4 0 0 0 0 0 3 0 0 4 2]
[0 0 3 4 3 0 0 1 0 0 0 1 1 4 1 0 1 0 3 0 0 0 3 2 0 0 4 2 0 0 3 0 4 2 0 2 4
 0 1 0 1 0 0 0 1 0 3 4 4 0 3 2 0 3 0 2 0 0 4 4 0 4 0 3 0 0 1 0 0 0 1 2 0 4
 1 0 0 1 0 0 2 3 2 3 0 1 4 3 0 4 0 0 0 0 0 3 0 0 4 2]
[7 8 7 3 7 1 8 3 8 5 9 2 1 3 3 3 7 9 2 7 5 7 9 9 8 4 3 4 3 6 5 5 4 2 7 8 2
 8 2 9 4 8 3 3 2 8 4 3 1 9 8 5 6 5 5 4 2 2 5 4 2 4 2 5 4 4 6 4 3 6 1 5 2 4
 1 6 4 6 6 9 7 5 5 4 7 7 1 5 9 5 2 2 1 3 3 4 6 1 9 5]
[7 8 7 3 7 1 8 3 8 5 9 2 1 3 3 3 7 9 2 7 5 7 9 9 8 4 3 4 3 6 5 5 4 2 7 8 2
 8 2 9 4 8 3 3 2 8 4 3 1 9 8 5 6 5 5 4 2 2 5 4 2 4 2 5 4 4 6 4 3 6 1 5 2 4
 1 6 4 6 6 9 7 5 5 4 7 7 1 5 9 5 2 2 1 3 3 4 6 1 9 5]
[50, 33, 18, 50, 10, 18, 50, 50, 50, 50, 50, 34, 28, 50, 28, 10, 16, 23, 50, 50, 50, 17, 50, 50, 39, 33, 21, 33, 50, 50, 50, 26, 50, 50, 50, 50, 47, 50, 27, 50, 50, 50, 31, 49, 50, 50, 30, 50, 50, 43, 18, 17, 50, 21, 50, 41, 50, 50, 20, 50, 50, 48, 50, 42, 11, 28, 50, 16, 50, 50, 50, 50, 50, 50, 49, 50, 43, 38, 50, 11, 32, 25, 25, 12, 31, 50, 19, 43, 50, 50, 50, 50, 38, 50, 50, 50, 50, 50, 44, 14]
[0 0 0 0 0 0 0 0 0 0 0 0 0 0 0 0 0 0 0 0 0 0 0 0 0 0 0 0 0 0 0 0 0 0 0 0 0
 0 0 0 0 0 0 0 0 0 0 0 0 0 0 0 0 0 0 0 0 0 0 0 0 0 0 0 0 0 0 0 0 0 0 0 0 0
 0 0 0 0 0 0 0 0 0 0 0 0 0 0 0 0 0 0 0 0 0 0 0 0 0 0]
[1 1 1 1 1 1 1 1 1 1 1 1 1 1 1 1 1 1 1 1 1 1 1 1 1 1 1 1 1 1 1 1 1 1 1 1 1
 1 1 1 1 1 1 1 1 1 1 1 1 1 1 1 1 1 1 1 1 1 1 1 1 1 1 1 1 1 1 1 1 1 1 1 1 1
 1 1 1 1 1 1 1 1 1 1 1 1 1 1 1 1 1 1 1 1 1 1 1 1 1 1]
