[ 0  1  2  3  4  5  6  7  8  9 10 11 12 13 14 15 16 17 18 19 20 21 22 23
 24 25 26 27 28 29 30 31 32 33 34 35 36 37 38 39 40 41 42 43 44 45 46 47
 48 49 50 51 52 53 54 55 56 57 58 59 60 61 62 63 64 65 66 67 68 69 70 71
 72 73 74 75 76 77 78 79 80 81 82 83 84 85 86 87 88 89 90 91 92 93 94 95
 96 97 98 99]
[42 -1 85 -1 99 15 13 48  6 23 79 27 83 69 -1 -1 -1 70 69 71 72 -1 34 66
 -1 75 23  2  9 31 10 -1 86 63 -1 -1 73 49 -1  2 -1  9 59 90 -1 -1 15 28
 79 69 68 50 90 30 99 63 -1 -1 28 37  9 38 92 -1 17 62 -1 81 95 30 96 -1
 42 45 -1 -1 -1 -1 -1 47  1 78 76 13 -1 38 -1 -1 83 -1 99 35 11  9 12 -1
 -1 54 -1 85]
[1 0 1 0 0 1 0 0 0 0 0 0 0 0 0 1 1 0 0 0 1 0 0 0 1 1 1 0 0 0 1 1 0 1 1 0 0
 1 0 1 0 0 0 0 0 1 1 1 0 0 1 0 0 1 0 0 0 1 1 1 0 0 1 1 1 0 1 0 0 1 0 1 1 0
 0 0 0 0 1 0 0 0 1 0 1 0 1 1 1 0 1 0 1 1 1 0 1 1 1 1]
[0 0 0 0 4 0 0 0 1 0 3 0 0 0 0 0 4 0 3 2 0 2 0 2 1 4 0 0 2 0 0 0 0 0 1 2 0
 0 0 1 4 1 0 0 0 4 2 2 0 0 0 3 0 3 2 0 4 2 2 1 0 0 0 3 2 2 0 3 1 0 3 0 0 4
 0 0 0 1 1 2 0 4 4 3 0 1 2 0 4 0 4 0 2 0 0 1 0 3 0 1]
[0 0 0 0 4 0 0 0 1 0 3 0 0 0 0 0 4 0 3 2 0 2 0 2 1 4 0 0 2 0 0 0 0 0 1 2 0
 0 0 1 4 1 0 0 0 4 2 2 0 0 0 3 0 3 2 0 4 2 2 1 0 0 0 3 2 2 0 3 1 0 3 0 0 4
 0 0 0 1 1 2 0 4 4 3 0 1 2 0 4 0 4 0 2 0 0 1 0 3 0 1]
[4 8 6 7 8 3 5 7 9 2 2 7 5 4 5 3 7 4 7 8 9 9 7 6 8 6 7 7 8 1 4 8 6 8 2 1 7
 8 5 5 3 6 2 3 9 4 8 2 2 4 9 1 5 8 2 1 8 9 9 6 9 6 9 9 2 9 5 9 2 1 6 6 3 7
 4 7 7 9 1 5 6 5 9 9 8 3 9 8 2 3 9 9 4 6 1 2 5 5 6 1]
[4 8 6 7 8 3 5 7 9 2 2 7 5 4 5 3 7 4 7 8 9 9 7 6 8 6 7 7 8 1 4 8 6 8 2 1 7
 8 5 5 3 6 2 3 9 4 8 2 2 4 9 1 5 8 2 1 8 9 9 6 9 6 9 9 2 9 5 9 2 1 6 6 3 7
 4 7 7 9 1 5 6 5 9 9 8 3 9 8 2 3 9 9 4 6 1 2 5 5 6 1]
[50, 11, 36, 21, 11, 50, 50, 37, 50, 50, 50, 50, 10, 50, 24, 50, 48, 50, 25, 50, 50, 18, 50, 50, 40, 50, 50, 11, 23, 49, 50, 17, 22, 50, 50, 30, 46, 46, 11, 50, 50, 50, 50, 31, 50, 50, 35, 50, 36, 50, 29, 50, 50, 31, 50, 50, 50, 50, 50, 13, 37, 50, 21, 24, 50, 50, 50, 50, 10, 50, 19, 13, 50, 50, 50, 36, 48, 50, 50, 17, 50, 50, 14, 36, 50, 46, 43, 41, 50, 32, 50, 37, 50, 14, 50, 50, 36, 50, 15, 50]
[0 0 0 0 0 0 0 0 0 0 0 0 0 0 0 0 0 0 0 0 0 0 0 0 0 0 0 0 0 0 0 0 0 0 0 0 0
 0 0 0 0 0 0 0 0 0 0 0 0 0 0 0 0 0 0 0 0 0 0 0 0 0 0 0 0 0 0 0 0 0 0 0 0 0
 0 0 0 0 0 0 0 0 0 0 0 0 0 0 0 0 0 0 0 0 0 0 0 0 0 0]
[1 1 1 1 1 1 1 1 1 1 1 1 1 1 1 1 1 1 1 1 1 1 1 1 1 1 1 1 1 1 1 1 1 1 1 1 1
 1 1 1 1 1 1 1 1 1 1 1 1 1 1 1 1 1 1 1 1 1 1 1 1 1 1 1 1 1 1 1 1 1 1 1 1 1
 1 1 1 1 1 1 1 1 1 1 1 1 1 1 1 1 1 1 1 1 1 1 1 1 1 1]
