[ 0  1  2  3  4  5  6  7  8  9 10 11 12 13 14 15 16 17 18 19 20 21 22 23
 24 25 26 27 28 29 30 31 32 33 34 35 36 37 38 39 40 41 42 43 44 45 46 47
 48 49 50 51 52 53 54 55 56 57 58 59 60 61 62 63 64 65 66 67 68 69 70 71
 72 73 74 75 76 77 78 79 80 81 82 83 84 85 86 87 88 89 90 91 92 93 94 95
 96 97 98 99]
[43 70 89 14 19 33 96 -1 -1 63 -1 75 -1 12 -1 -1 -1 -1 -1  8 88 47 -1 83
 22  4 12 -1 87 -1  2 54 20 20 35 -1 17 -1 19 -1 74 30 36 39 33 14 -1 39
 75 87 -1 89 25 18 22 -1 -1 -1 92 80 70 -1 -1 -1 -1 -1 -1 -1  0 -1 -1 -1
 25 -1 -1 -1 77 -1  1 32 34 -1  6 -1 96 -1 60 10 -1 -1 49 70 37 -1 -1 17
 67 -1 91 60]
[1 0 1 0 1 1 0 1 1 1 1 1 1 1 1 0 0 1 1 1 0 1 1 1 1 1 0 1 1 0 0 0 0 1 1 1 0
 0 1 1 0 0 1 1 1 0 1 1 1 1 0 1 0 0 0 1 1 1 0 1 1 1 1 1 0 0 0 0 0 1 1 0 1 1
 1 0 1 1 0 0 1 1 1 0 1 0 1 0 1 0 0 0 1 0 1 1 1 1 0 0]
[0 0 0 0 1 0 1 2 0 4 2 0 4 4 2 4 2 0 0 0 2 3 0 0 0 0 3 0 1 4 3 0 0 0 0 1 2
 0 0 1 3 0 0 3 3 3 4 0 3 4 1 0 0 3 0 0 1 1 1 0 4 0 2 0 0 0 0 0 4 2 3 0 0 0
 0 2 0 3 3 0 3 1 0 0 3 4 4 0 0 0 0 0 1 0 3 0 2 0 0 0]
[0 0 0 0 1 0 1 2 0 4 2 0 4 4 2 4 2 0 0 0 2 3 0 0 0 0 3 0 1 4 3 0 0 0 0 1 2
 0 0 1 3 0 0 3 3 3 4 0 3 4 1 0 0 3 0 0 1 1 1 0 4 0 2 0 0 0 0 0 4 2 3 0 0 0
 0 2 0 3 3 0 3 1 0 0 3 4 4 0 0 0 0 0 1 0 3 0 2 0 0 0]
[1 9 9 9 5 2 5 4 1 7 2 1 2 5 3 5 3 5 8 4 3 5 3 2 4 1 8 9 9 9 5 9 6 5 6 1 2
 2 1 9 1 7 6 7 9 1 5 6 5 9 2 9 5 6 3 2 6 1 1 2 7 2 3 8 5 2 5 8 8 9 9 8 2 4
 1 7 5 3 3 1 1 2 3 9 9 9 3 1 8 4 2 2 1 2 7 7 2 2 9 6]
[1 9 9 9 5 2 5 4 1 7 2 1 2 5 3 5 3 5 8 4 3 5 3 2 4 1 8 9 9 9 5 9 6 5 6 1 2
 2 1 9 1 7 6 7 9 1 5 6 5 9 2 9 5 6 3 2 6 1 1 2 7 2 3 8 5 2 5 8 8 9 9 8 2 4
 1 7 5 3 3 1 1 2 3 9 9 9 3 1 8 4 2 2 1 2 7 7 2 2 9 6]
[40, 50, 21, 41, 50, 18, 36, 49, 50, 33, 11, 32, 50, 50, 14, 50, 50, 17, 46, 50, 50, 50, 35, 50, 50, 41, 50, 36, 38, 50, 15, 50, 50, 50, 42, 50, 50, 24, 50, 50, 50, 23, 37, 11, 50, 32, 50, 50, 50, 50, 50, 50, 50, 39, 17, 50, 24, 44, 50, 50, 50, 38, 13, 50, 16, 32, 50, 50, 50, 50, 50, 36, 50, 10, 50, 50, 50, 27, 19, 14, 50, 18, 40, 14, 20, 50, 50, 16, 35, 50, 50, 50, 50, 50, 39, 26, 46, 50, 25, 50]
[0 0 0 0 0 0 0 0 0 0 0 0 0 0 0 0 0 0 0 0 0 0 0 0 0 0 0 0 0 0 0 0 0 0 0 0 0
 0 0 0 0 0 0 0 0 0 0 0 0 0 0 0 0 0 0 0 0 0 0 0 0 0 0 0 0 0 0 0 0 0 0 0 0 0
 0 0 0 0 0 0 0 0 0 0 0 0 0 0 0 0 0 0 0 0 0 0 0 0 0 0]
[1 1 1 1 1 1 1 1 1 1 1 1 1 1 1 1 1 1 1 1 1 1 1 1 1 1 1 1 1 1 1 1 1 1 1 1 1
 1 1 1 1 1 1 1 1 1 1 1 1 1 1 1 1 1 1 1 1 1 1 1 1 1 1 1 1 1 1 1 1 1 1 1 1 1
 1 1 1 1 1 1 1 1 1 1 1 1 1 1 1 1 1 1 1 1 1 1 1 1 1 1]
