[ 0  1  2  3  4  5  6  7  8  9 10 11 12 13 14 15 16 17 18 19 20 21 22 23
 24 25 26 27 28 29 30 31 32 33 34 35 36 37 38 39 40 41 42 43 44 45 46 47
 48 49 50 51 52 53 54 55 56 57 58 59 60 61 62 63 64 65 66 67 68 69 70 71
 72 73 74 75 76 77 78 79 80 81 82 83 84 85 86 87 88 89 90 91 92 93 94 95
 96 97 98 99]
[31 -1 24 85  3 66 -1 32 -1 25 -1 57 -1 35 60 -1 32 -1 -1 69 -1 90 47 -1
 91 62 93 15 -1 -1 37 40 -1 70 70 39 59 45 85 89 45 -1  6 13 -1 78 52 31
 -1 -1 -1 43 21 44 10  6 -1 -1 -1 -1 -1  3 95 55 -1 -1 53 61 44 84 23 -1
 -1 -1 96 22 -1 -1 50 -1 67 -1 73  9 70 -1 56 95 -1 42 84 80  6 15 -1 -1
 -1 73  1 12]
[0 1 0 1 0 1 1 1 1 1 1 1 1 0 1 0 1 1 1 0 1 0 0 1 0 0 0 0 0 1 1 0 1 1 1 0 0
 0 1 0 0 0 0 1 1 1 0 1 1 1 0 1 1 1 1 0 1 0 0 1 1 1 1 0 0 0 1 1 0 1 0 1 0 1
 1 0 1 1 1 1 1 0 0 0 0 0 0 1 1 0 0 0 1 1 1 0 0 0 1 1]
[0 0 1 4 1 0 2 0 4 4 0 4 1 3 0 0 0 1 2 0 0 0 0 0 0 0 2 0 3 4 3 4 0 4 0 1 0
 2 0 0 4 0 0 0 0 0 1 0 1 1 2 0 0 2 0 3 2 1 0 4 0 4 1 0 0 3 0 4 0 0 0 1 0 0
 4 4 0 0 1 0 3 3 0 0 4 2 0 0 2 0 0 2 0 2 0 3 2 0 1 0]
[0 0 1 4 1 0 2 0 4 4 0 4 1 3 0 0 0 1 2 0 0 0 0 0 0 0 2 0 3 4 3 4 0 4 0 1 0
 2 0 0 4 0 0 0 0 0 1 0 1 1 2 0 0 2 0 3 2 1 0 4 0 4 1 0 0 3 0 4 0 0 0 1 0 0
 4 4 0 0 1 0 3 3 0 0 4 2 0 0 2 0 0 2 0 2 0 3 2 0 1 0]
[6 9 6 2 4 4 2 4 5 7 8 3 7 1 4 8 9 2 6 4 8 6 1 2 5 9 8 6 9 2 9 5 3 9 2 3 6
 1 1 9 9 2 3 9 7 8 1 1 5 2 7 5 3 7 5 4 4 9 9 9 9 3 6 1 1 5 8 5 2 3 7 1 7 8
 8 1 5 8 5 4 5 1 9 6 4 7 3 3 4 5 5 2 4 3 1 3 4 7 4 9]
[6 9 6 2 4 4 2 4 5 7 8 3 7 1 4 8 9 2 6 4 8 6 1 2 5 9 8 6 9 2 9 5 3 9 2 3 6
 1 1 9 9 2 3 9 7 8 1 1 5 2 7 5 3 7 5 4 4 9 9 9 9 3 6 1 1 5 8 5 2 3 7 1 7 8
 8 1 5 8 5 4 5 1 9 6 4 7 3 3 4 5 5 2 4 3 1 3 4 7 4 9]
[50, 16, 41, 26, 41, 50, 50, 50, 50, 31, 11, 50, 50, 48, 29, 50, 50, 20, 50, 50, 44, 48, 50, 45, 50, 17, 50, 23, 50, 50, 14, 50, 50, 25, 28, 43, 40, 50, 13, 50, 31, 50, 43, 23, 48, 50, 50, 31, 50, 19, 50, 24, 42, 50, 50, 46, 50, 25, 50, 50, 23, 50, 50, 29, 44, 22, 30, 41, 35, 12, 25, 50, 50, 50, 14, 50, 50, 50, 50, 15, 30, 10, 50, 50, 11, 43, 50, 50, 38, 50, 50, 28, 50, 50, 50, 19, 50, 46, 50, 50]
[0 0 0 0 0 0 0 0 0 0 0 0 0 0 0 0 0 0 0 0 0 0 0 0 0 0 0 0 0 0 0 0 0 0 0 0 0
 0 0 0 0 0 0 0 0 0 0 0 0 0 0 0 0 0 0 0 0 0 0 0 0 0 0 0 0 0 0 0 0 0 0 0 0 0
 0 0 0 0 0 0 0 0 0 0 0 0 0 0 0 0 0 0 0 0 0 0 0 0 0 0]
[1 1 1 1 1 1 1 1 1 1 1 1 1 1 1 1 1 1 1 1 1 1 1 1 1 1 1 1 1 1 1 1 1 1 1 1 1
 1 1 1 1 1 1 1 1 1 1 1 1 1 1 1 1 1 1 1 1 1 1 1 1 1 1 1 1 1 1 1 1 1 1 1 1 1
 1 1 1 1 1 1 1 1 1 1 1 1 1 1 1 1 1 1 1 1 1 1 1 1 1 1]
