[ 0  1  2  3  4  5  6  7  8  9 10 11 12 13 14 15 16 17 18 19 20 21 22 23
 24 25 26 27 28 29 30 31 32 33 34 35 36 37 38 39 40 41 42 43 44 45 46 47
 48 49 50 51 52 53 54 55 56 57 58 59 60 61 62 63 64 65 66 67 68 69 70 71
 72 73 74 75 76 77 78 79 80 81 82 83 84 85 86 87 88 89 90 91 92 93 94 95
 96 97 98 99]
[27 11 41 72 -1 84 98 72 -1 10 13 88 -1 16 -1 -1 42 -1 85 -1 -1 18 59 -1
 77 -1 54 37 36 75 -1 72 43 53 -1 62 96 88 -1 -1 -1 74 48 40 93 -1 -1 43
 61 -1 34 10 79 88 58 16 89  5 71 61 28 -1 -1 -1 -1 42 56 29 -1 -1 46 -1
 -1 51 34 -1 -1 61 27 98 -1 -1 -1 94 -1 57 15 57 58 -1 46 29 -1 60 17 11
 -1 -1  4 79]
[0 1 0 1 0 1 1 0 0 1 0 1 1 1 1 1 0 0 0 0 0 0 1 1 1 0 1 0 1 1 0 1 1 1 0 0 0
 1 0 0 0 0 1 0 1 1 1 1 1 1 0 1 1 0 1 0 0 0 1 1 1 1 1 1 1 0 0 1 1 1 0 1 0 0
 1 0 1 0 0 1 0 0 1 1 0 0 1 0 0 1 0 0 1 0 0 0 0 1 0 1]
[2 0 0 0 2 4 0 0 2 0 1 0 4 2 0 0 3 3 1 1 0 0 0 0 0 3 0 0 0 0 1 4 2 0 0 0 0
 2 0 1 0 0 0 0 0 1 3 0 3 0 2 0 0 3 4 0 4 0 0 3 0 0 0 4 0 0 0 4 3 0 2 0 4 0
 0 3 4 0 0 0 1 1 0 0 0 0 2 0 0 0 3 0 4 1 0 0 0 0 3 0]
[2 0 0 0 2 4 0 0 2 0 1 0 4 2 0 0 3 3 1 1 0 0 0 0 0 3 0 0 0 0 1 4 2 0 0 0 0
 2 0 1 0 0 0 0 0 1 3 0 3 0 2 0 0 3 4 0 4 0 0 3 0 0 0 4 0 0 0 4 3 0 2 0 4 0
 0 3 4 0 0 0 1 1 0 0 0 0 2 0 0 0 3 0 4 1 0 0 0 0 3 0]
[2 8 1 9 5 7 8 5 1 4 8 6 6 8 7 9 7 4 3 5 4 2 7 4 2 3 6 7 3 8 1 1 3 7 2 7 9
 4 7 3 7 6 7 1 9 7 9 4 3 9 2 7 1 3 9 6 1 7 6 4 4 9 9 2 8 7 4 7 1 3 4 4 4 1
 4 6 5 4 2 4 6 9 1 9 5 4 7 1 6 9 5 6 2 2 8 7 7 8 3 3]
[2 8 1 9 5 7 8 5 1 4 8 6 6 8 7 9 7 4 3 5 4 2 7 4 2 3 6 7 3 8 1 1 3 7 2 7 9
 4 7 3 7 6 7 1 9 7 9 4 3 9 2 7 1 3 9 6 1 7 6 4 4 9 9 2 8 7 4 7 1 3 4 4 4 1
 4 6 5 4 2 4 6 9 1 9 5 4 7 1 6 9 5 6 2 2 8 7 7 8 3 3]
[33, 50, 50, 27, 37, 30, 13, 50, 50, 17, 17, 50, 50, 50, 45, 50, 47, 46, 38, 40, 50, 29, 34, 50, 50, 50, 37, 43, 50, 44, 50, 11, 38, 50, 50, 50, 48, 50, 50, 50, 47, 50, 39, 50, 50, 50, 49, 26, 12, 24, 50, 41, 41, 50, 50, 50, 50, 50, 50, 50, 21, 21, 43, 50, 13, 23, 29, 50, 16, 12, 42, 44, 50, 17, 15, 41, 28, 50, 45, 24, 47, 49, 50, 10, 50, 32, 50, 24, 50, 50, 17, 50, 23, 50, 50, 36, 29, 50, 50, 46]
[0 0 0 0 0 0 0 0 0 0 0 0 0 0 0 0 0 0 0 0 0 0 0 0 0 0 0 0 0 0 0 0 0 0 0 0 0
 0 0 0 0 0 0 0 0 0 0 0 0 0 0 0 0 0 0 0 0 0 0 0 0 0 0 0 0 0 0 0 0 0 0 0 0 0
 0 0 0 0 0 0 0 0 0 0 0 0 0 0 0 0 0 0 0 0 0 0 0 0 0 0]
[1 1 1 1 1 1 1 1 1 1 1 1 1 1 1 1 1 1 1 1 1 1 1 1 1 1 1 1 1 1 1 1 1 1 1 1 1
 1 1 1 1 1 1 1 1 1 1 1 1 1 1 1 1 1 1 1 1 1 1 1 1 1 1 1 1 1 1 1 1 1 1 1 1 1
 1 1 1 1 1 1 1 1 1 1 1 1 1 1 1 1 1 1 1 1 1 1 1 1 1 1]
