[ 0  1  2  3  4  5  6  7  8  9 10 11 12 13 14 15 16 17 18 19 20 21 22 23
 24 25 26 27 28 29 30 31 32 33 34 35 36 37 38 39 40 41 42 43 44 45 46 47
 48 49 50 51 52 53 54 55 56 57 58 59 60 61 62 63 64 65 66 67 68 69 70 71
 72 73 74 75 76 77 78 79 80 81 82 83 84 85 86 87 88 89 90 91 92 93 94 95
 96 97 98 99]
[ 8 -1 -1 14 94 -1 71 71 99 -1 31 47 92 -1 68 48 92 -1 53 32 94 19 52 34
 -1 24 -1 -1 60 45 -1 29 -1 69 74  2 97 67 35 63 34 -1 44 93 -1 -1 65 -1
 -1 -1 -1 84 77 -1 96 -1 -1 -1 -1 -1 92 78 -1 36 20 52 72  6 -1 79 76 -1
 86 -1 13 -1 -1 -1 94 71 38 33 95 62 -1 -1 -1 20 -1 -1 38 46 36 -1 -1 86
 -1 42 -1 57]
[1 1 1 0 0 1 1 0 1 0 1 0 1 0 1 1 1 1 0 1 0 1 1 0 1 0 1 1 1 0 0 0 0 0 1 1 1
 1 0 1 1 0 0 1 0 0 0 1 1 1 1 0 0 0 1 0 1 1 0 1 1 0 1 1 1 0 0 0 0 1 1 0 1 1
 1 0 0 1 1 0 1 0 1 1 1 0 0 0 1 0 0 1 0 1 0 1 0 1 1 0]
[0 2 0 1 0 3 0 0 1 1 0 2 2 2 2 3 0 0 1 3 0 0 3 4 2 0 1 3 0 3 4 0 0 4 0 0 2
 1 2 0 0 0 0 1 4 0 0 0 4 4 0 1 0 2 0 0 4 3 1 0 0 2 0 2 1 0 4 3 0 3 0 4 4 0
 0 1 4 0 0 0 0 0 3 1 2 2 0 2 1 4 0 0 1 2 0 0 3 0 1 0]
[0 2 0 1 0 3 0 0 1 1 0 2 2 2 2 3 0 0 1 3 0 0 3 4 2 0 1 3 0 3 4 0 0 4 0 0 2
 1 2 0 0 0 0 1 4 0 0 0 4 4 0 1 0 2 0 0 4 3 1 0 0 2 0 2 1 0 4 3 0 3 0 4 4 0
 0 1 4 0 0 0 0 0 3 1 2 2 0 2 1 4 0 0 1 2 0 0 3 0 1 0]
[1 7 8 5 4 1 8 8 6 7 7 9 2 1 9 5 9 4 2 2 4 1 2 2 9 3 3 8 8 4 6 5 7 6 6 6 9
 8 8 2 8 8 8 3 6 8 7 3 6 8 9 2 6 9 5 2 7 3 5 7 9 9 5 1 3 3 5 2 1 4 9 2 6 5
 5 7 8 3 8 6 6 2 5 5 5 2 4 3 4 7 5 2 5 7 7 6 7 4 2 7]
[1 7 8 5 4 1 8 8 6 7 7 9 2 1 9 5 9 4 2 2 4 1 2 2 9 3 3 8 8 4 6 5 7 6 6 6 9
 8 8 2 8 8 8 3 6 8 7 3 6 8 9 2 6 9 5 2 7 3 5 7 9 9 5 1 3 3 5 2 1 4 9 2 6 5
 5 7 8 3 8 6 6 2 5 5 5 2 4 3 4 7 5 2 5 7 7 6 7 4 2 7]
[37, 18, 14, 50, 50, 50, 50, 50, 50, 43, 49, 50, 15, 50, 16, 50, 49, 31, 50, 15, 39, 14, 50, 50, 50, 22, 15, 50, 50, 50, 50, 50, 50, 50, 49, 50, 11, 50, 50, 43, 17, 34, 29, 50, 49, 13, 21, 50, 50, 23, 50, 50, 50, 50, 50, 50, 50, 15, 37, 50, 24, 50, 50, 50, 29, 50, 11, 50, 36, 11, 40, 39, 50, 37, 39, 50, 21, 12, 50, 36, 50, 50, 50, 50, 44, 25, 32, 38, 45, 47, 49, 20, 16, 50, 47, 50, 41, 50, 43, 50]
[0 0 0 0 0 0 0 0 0 0 0 0 0 0 0 0 0 0 0 0 0 0 0 0 0 0 0 0 0 0 0 0 0 0 0 0 0
 0 0 0 0 0 0 0 0 0 0 0 0 0 0 0 0 0 0 0 0 0 0 0 0 0 0 0 0 0 0 0 0 0 0 0 0 0
 0 0 0 0 0 0 0 0 0 0 0 0 0 0 0 0 0 0 0 0 0 0 0 0 0 0]
[1 1 1 1 1 1 1 1 1 1 1 1 1 1 1 1 1 1 1 1 1 1 1 1 1 1 1 1 1 1 1 1 1 1 1 1 1
 1 1 1 1 1 1 1 1 1 1 1 1 1 1 1 1 1 1 1 1 1 1 1 1 1 1 1 1 1 1 1 1 1 1 1 1 1
 1 1 1 1 1 1 1 1 1 1 1 1 1 1 1 1 1 1 1 1 1 1 1 1 1 1]
