[ 0  1  2  3  4  5  6  7  8  9 10 11 12 13 14 15 16 17 18 19 20 21 22 23
 24 25 26 27 28 29 30 31 32 33 34 35 36 37 38 39 40 41 42 43 44 45 46 47
 48 49 50 51 52 53 54 55 56 57 58 59 60 61 62 63 64 65 66 67 68 69 70 71
 72 73 74 75 76 77 78 79 80 81 82 83 84 85 86 87 88 89 90 91 92 93 94 95
 96 97 98 99]
[34 50 73 40 -1 24 -1 71 26 86 61 43 75 96 59  9 27 76 84 81 94 15 -1 -1
 47 26 -1 17 83 11 22 -1 -1 -1 -1 47 -1 28 95 -1 -1 -1 13 76 -1 67 31 51
 15  6 65 73 16  2 -1 98 31  9 -1 97 63 32 13 -1 74 -1 57 -1 83 -1 63 -1
 40 62 -1 -1 79 13 22 70 82 -1 -1 -1  9 -1 74  4 85 -1 89 47 98 70 -1 70
 -1 28 95 61]
[1 0 1 1 0 1 0 1 1 0 1 1 0 0 1 0 1 0 0 0 0 0 1 1 0 1 0 1 1 1 1 0 0 1 1 0 0
 0 0 0 0 0 0 1 1 1 0 0 1 1 0 1 0 0 0 0 1 1 0 1 0 1 0 1 0 1 1 0 0 0 0 0 1 1
 0 0 1 0 0 1 1 0 1 1 0 0 0 1 1 1 0 1 0 0 0 1 1 1 0 0]
[0 0 1 0 2 0 3 0 4 3 0 1 2 1 3 4 0 0 0 0 3 1 0 0 4 1 4 2 4 1 2 0 1 1 0 4 2
 3 1 1 0 1 0 3 4 1 0 2 3 4 0 2 0 0 1 4 0 2 3 3 0 1 4 0 0 0 0 4 0 2 0 3 0 0
 1 3 0 1 0 0 0 0 0 1 2 1 2 2 0 0 4 2 0 4 4 3 0 0 0 0]
[0 0 1 0 2 0 3 0 4 3 0 1 2 1 3 4 0 0 0 0 3 1 0 0 4 1 4 2 4 1 2 0 1 1 0 4 2
 3 1 1 0 1 0 3 4 1 0 2 3 4 0 2 0 0 1 4 0 2 3 3 0 1 4 0 0 0 0 4 0 2 0 3 0 0
 1 3 0 1 0 0 0 0 0 1 2 1 2 2 0 0 4 2 0 4 4 3 0 0 0 0]
[1 2 1 3 7 9 5 3 9 5 9 7 8 1 7 8 3 3 7 2 1 7 8 9 3 4 9 3 2 5 8 8 9 4 4 2 2
 3 8 6 2 8 6 5 5 1 5 6 2 5 6 9 4 8 3 4 7 9 1 4 9 5 2 5 3 3 5 2 1 7 6 5 2 9
 1 9 7 2 2 8 2 4 9 8 4 3 6 5 2 7 6 8 1 9 4 3 5 7 3 3]
[1 2 1 3 7 9 5 3 9 5 9 7 8 1 7 8 3 3 7 2 1 7 8 9 3 4 9 3 2 5 8 8 9 4 4 2 2
 3 8 6 2 8 6 5 5 1 5 6 2 5 6 9 4 8 3 4 7 9 1 4 9 5 2 5 3 3 5 2 1 7 6 5 2 9
 1 9 7 2 2 8 2 4 9 8 4 3 6 5 2 7 6 8 1 9 4 3 5 7 3 3]
[50, 12, 48, 50, 50, 40, 50, 26, 50, 14, 50, 50, 45, 45, 36, 24, 50, 50, 10, 50, 50, 50, 45, 19, 50, 50, 28, 35, 50, 50, 23, 45, 14, 50, 50, 37, 41, 50, 50, 50, 50, 50, 32, 17, 34, 37, 26, 25, 50, 50, 31, 34, 28, 47, 22, 27, 29, 42, 27, 50, 50, 45, 50, 50, 41, 24, 50, 50, 42, 13, 29, 50, 50, 50, 50, 28, 42, 50, 50, 23, 50, 50, 34, 50, 36, 48, 50, 16, 50, 50, 23, 50, 48, 44, 28, 50, 44, 10, 37, 50]
[0 0 0 0 0 0 0 0 0 0 0 0 0 0 0 0 0 0 0 0 0 0 0 0 0 0 0 0 0 0 0 0 0 0 0 0 0
 0 0 0 0 0 0 0 0 0 0 0 0 0 0 0 0 0 0 0 0 0 0 0 0 0 0 0 0 0 0 0 0 0 0 0 0 0
 0 0 0 0 0 0 0 0 0 0 0 0 0 0 0 0 0 0 0 0 0 0 0 0 0 0]
[1 1 1 1 1 1 1 1 1 1 1 1 1 1 1 1 1 1 1 1 1 1 1 1 1 1 1 1 1 1 1 1 1 1 1 1 1
 1 1 1 1 1 1 1 1 1 1 1 1 1 1 1 1 1 1 1 1 1 1 1 1 1 1 1 1 1 1 1 1 1 1 1 1 1
 1 1 1 1 1 1 1 1 1 1 1 1 1 1 1 1 1 1 1 1 1 1 1 1 1 1]
