[ 0  1  2  3  4  5  6  7  8  9 10 11 12 13 14 15 16 17 18 19 20 21 22 23
 24 25 26 27 28 29 30 31 32 33 34 35 36 37 38 39 40 41 42 43 44 45 46 47
 48 49 50 51 52 53 54 55 56 57 58 59 60 61 62 63 64 65 66 67 68 69 70 71
 72 73 74 75 76 77 78 79 80 81 82 83 84 85 86 87 88 89 90 91 92 93 94 95
 96 97 98 99]
[-1 83 99 41 24 -1 20 -1 -1  0 -1 72 78 82 63 -1 -1  3 99 25 35 -1 -1 -1
 87 -1 -1 24 63  2 40 -1 -1 11 84 -1  6 79 12 47 18 -1 -1 57 -1 63  2 -1
 78 71  5 20  7 60 95 68 79 51 -1 89  4 -1 39 39 -1 92 -1 -1 86 15 44 -1
 40 -1  7 16 -1 42  1 -1 -1 52 23 34 -1 -1 66 54 -1 79 40 -1 -1 -1 -1 13
 40 40 13 93]
[0 0 1 0 0 1 1 1 0 0 0 1 1 1 0 1 1 0 1 0 1 1 0 0 0 1 0 1 0 1 1 1 0 1 0 1 1
 1 1 0 1 0 1 0 1 0 1 0 1 0 0 0 1 1 1 1 1 1 0 1 0 0 1 0 1 0 1 1 0 0 0 0 1 1
 1 1 0 0 1 0 0 1 0 1 1 1 0 1 0 1 0 0 1 1 1 0 1 1 1 1]
[2 3 1 2 3 0 3 0 0 4 1 3 3 1 3 0 0 1 0 0 3 0 0 0 3 2 0 0 3 0 1 3 1 0 0 0 0
 3 0 0 0 0 3 3 4 4 0 0 0 4 2 3 0 2 3 1 2 4 0 4 0 0 4 0 4 3 2 3 0 2 0 2 4 0
 1 0 4 0 4 4 0 3 0 1 3 0 4 4 0 4 0 3 0 0 0 4 2 0 1 1]
[2 3 1 2 3 0 3 0 0 4 1 3 3 1 3 0 0 1 0 0 3 0 0 0 3 2 0 0 3 0 1 3 1 0 0 0 0
 3 0 0 0 0 3 3 4 4 0 0 0 4 2 3 0 2 3 1 2 4 0 4 0 0 4 0 4 3 2 3 0 2 0 2 4 0
 1 0 4 0 4 4 0 3 0 1 3 0 4 4 0 4 0 3 0 0 0 4 2 0 1 1]
[3 1 4 6 6 7 4 2 9 2 5 8 5 7 7 3 8 6 9 1 4 1 8 3 9 5 9 3 7 8 6 3 6 5 2 6 3
 3 9 5 4 6 7 5 8 2 2 5 8 8 5 6 7 6 1 6 4 6 2 6 1 3 4 7 5 8 7 8 7 8 2 6 2 8
 4 5 8 4 3 9 8 5 2 4 2 7 9 1 7 6 8 1 5 4 9 8 4 2 6 7]
[3 1 4 6 6 7 4 2 9 2 5 8 5 7 7 3 8 6 9 1 4 1 8 3 9 5 9 3 7 8 6 3 6 5 2 6 3
 3 9 5 4 6 7 5 8 2 2 5 8 8 5 6 7 6 1 6 4 6 2 6 1 3 4 7 5 8 7 8 7 8 2 6 2 8
 4 5 8 4 3 9 8 5 2 4 2 7 9 1 7 6 8 1 5 4 9 8 4 2 6 7]
[32, 50, 30, 50, 28, 49, 12, 50, 43, 50, 50, 36, 22, 50, 50, 50, 26, 12, 23, 47, 27, 34, 50, 47, 19, 50, 12, 46, 50, 36, 39, 50, 50, 47, 50, 19, 28, 12, 50, 50, 41, 35, 50, 50, 49, 50, 25, 24, 50, 29, 50, 37, 28, 22, 50, 34, 49, 23, 24, 50, 50, 18, 50, 50, 50, 47, 50, 47, 50, 40, 50, 48, 50, 44, 11, 50, 50, 50, 31, 36, 32, 33, 33, 36, 49, 50, 24, 50, 31, 15, 39, 44, 46, 50, 50, 50, 50, 50, 50, 50]
[0 0 0 0 0 0 0 0 0 0 0 0 0 0 0 0 0 0 0 0 0 0 0 0 0 0 0 0 0 0 0 0 0 0 0 0 0
 0 0 0 0 0 0 0 0 0 0 0 0 0 0 0 0 0 0 0 0 0 0 0 0 0 0 0 0 0 0 0 0 0 0 0 0 0
 0 0 0 0 0 0 0 0 0 0 0 0 0 0 0 0 0 0 0 0 0 0 0 0 0 0]
[1 1 1 1 1 1 1 1 1 1 1 1 1 1 1 1 1 1 1 1 1 1 1 1 1 1 1 1 1 1 1 1 1 1 1 1 1
 1 1 1 1 1 1 1 1 1 1 1 1 1 1 1 1 1 1 1 1 1 1 1 1 1 1 1 1 1 1 1 1 1 1 1 1 1
 1 1 1 1 1 1 1 1 1 1 1 1 1 1 1 1 1 1 1 1 1 1 1 1 1 1]
