[ 0  1  2  3  4  5  6  7  8  9 10 11 12 13 14 15 16 17 18 19 20 21 22 23
 24 25 26 27 28 29 30 31 32 33 34 35 36 37 38 39 40 41 42 43 44 45 46 47
 48 49 50 51 52 53 54 55 56 57 58 59 60 61 62 63 64 65 66 67 68 69 70 71
 72 73 74 75 76 77 78 79 80 81 82 83 84 85 86 87 88 89 90 91 92 93 94 95
 96 97 98 99]
[31 -1 33 -1 98 80 25 93 32 54 34 -1 95 33 80 64 26 -1 76 35  2 -1  7 -1
 -1 83 35 23 95 -1 97 -1 -1 63 45 96 10 13  9 20 -1 -1 77 -1 90 -1 -1 54
 -1 43 38 63 97 95 63 -1 24 51 26 45 33  6 69 -1 -1 64 64 20 37 29 -1 -1
 97 -1 -1 18 89 61 16 78 -1 73 -1 -1 -1 -1 89 -1 43 24  8 17 -1 -1 43 -1
 62 -1 55 11]
[0 1 1 0 0 0 0 0 0 1 1 1 1 1 1 0 1 0 1 1 1 1 0 0 1 1 1 0 1 0 1 0 1 1 1 0 0
 1 0 0 0 0 0 1 1 1 1 0 1 1 0 0 0 0 1 1 1 1 1 0 1 1 1 1 0 0 0 0 1 1 1 0 0 0
 0 0 1 1 0 1 0 0 0 1 1 1 1 0 0 0 1 0 0 0 1 0 1 0 1 1]
[1 4 2 3 2 0 0 2 0 1 0 4 2 0 4 1 4 0 0 3 0 0 2 1 0 0 0 2 1 0 0 0 1 0 0 0 0
 0 0 2 0 1 3 1 4 0 2 0 0 2 0 2 0 0 4 0 0 2 0 0 0 0 4 1 2 2 0 0 3 0 0 1 1 0
 2 3 0 2 4 2 4 0 0 4 2 3 2 0 3 0 0 0 3 0 0 3 1 3 3 0]
[1 4 2 3 2 0 0 2 0 1 0 4 2 0 4 1 4 0 0 3 0 0 2 1 0 0 0 2 1 0 0 0 1 0 0 0 0
 0 0 2 0 1 3 1 4 0 2 0 0 2 0 2 0 0 4 0 0 2 0 0 0 0 4 1 2 2 0 0 3 0 0 1 1 0
 2 3 0 2 4 2 4 0 0 4 2 3 2 0 3 0 0 0 3 0 0 3 1 3 3 0]
[2 1 8 6 8 7 2 1 6 5 4 3 1 9 8 8 5 2 7 1 5 7 8 8 1 3 2 6 3 2 2 1 8 5 2 8 6
 3 4 3 4 6 9 9 7 4 7 3 9 9 8 4 4 6 9 1 6 6 6 7 9 7 7 4 6 6 1 3 9 6 7 5 9 5
 8 7 3 2 9 4 8 4 7 1 6 4 9 4 5 9 2 7 5 6 3 5 3 8 7 5]
[2 1 8 6 8 7 2 1 6 5 4 3 1 9 8 8 5 2 7 1 5 7 8 8 1 3 2 6 3 2 2 1 8 5 2 8 6
 3 4 3 4 6 9 9 7 4 7 3 9 9 8 4 4 6 9 1 6 6 6 7 9 7 7 4 6 6 1 3 9 6 7 5 9 5
 8 7 3 2 9 4 8 4 7 1 6 4 9 4 5 9 2 7 5 6 3 5 3 8 7 5]
[15, 50, 35, 50, 36, 31, 50, 13, 24, 47, 26, 21, 11, 50, 50, 13, 38, 11, 50, 50, 23, 50, 50, 50, 40, 50, 44, 44, 50, 50, 25, 50, 27, 40, 50, 47, 38, 50, 50, 11, 26, 50, 41, 50, 50, 50, 50, 38, 50, 50, 50, 50, 50, 24, 50, 11, 46, 50, 50, 23, 50, 50, 50, 50, 47, 22, 50, 47, 10, 39, 42, 50, 50, 27, 50, 50, 50, 40, 23, 45, 24, 50, 50, 50, 38, 50, 18, 29, 50, 50, 29, 34, 19, 50, 13, 50, 50, 50, 39, 46]
[0 0 0 0 0 0 0 0 0 0 0 0 0 0 0 0 0 0 0 0 0 0 0 0 0 0 0 0 0 0 0 0 0 0 0 0 0
 0 0 0 0 0 0 0 0 0 0 0 0 0 0 0 0 0 0 0 0 0 0 0 0 0 0 0 0 0 0 0 0 0 0 0 0 0
 0 0 0 0 0 0 0 0 0 0 0 0 0 0 0 0 0 0 0 0 0 0 0 0 0 0]
[1 1 1 1 1 1 1 1 1 1 1 1 1 1 1 1 1 1 1 1 1 1 1 1 1 1 1 1 1 1 1 1 1 1 1 1 1
 1 1 1 1 1 1 1 1 1 1 1 1 1 1 1 1 1 1 1 1 1 1 1 1 1 1 1 1 1 1 1 1 1 1 1 1 1
 1 1 1 1 1 1 1 1 1 1 1 1 1 1 1 1 1 1 1 1 1 1 1 1 1 1]
