[ 0  1  2  3  4  5  6  7  8  9 10 11 12 13 14 15 16 17 18 19 20 21 22 23
 24 25 26 27 28 29 30 31 32 33 34 35 36 37 38 39 40 41 42 43 44 45 46 47
 48 49 50 51 52 53 54 55 56 57 58 59 60 61 62 63 64 65 66 67 68 69 70 71
 72 73 74 75 76 77 78 79 80 81 82 83 84 85 86 87 88 89 90 91 92 93 94 95
 96 97 98 99]
[30 16 34 74 99 20 53 -1 13 66 39 -1 -1 -1 47  8 -1  2 -1 38 24  5 19 90
 81 35 -1 94 84 92 94 78 31 99 35 -1 -1 -1 40 47 57 45 14 95 -1 34 -1 85
  0 75 47 62 -1 40 11 79 42 -1 92 99  6 65 79 -1 17 -1 77 74 87 47 99 -1
 99 -1 94 -1 22 -1 13 -1 56 14 -1 -1 45 -1 -1 32 14 33 62  3  1  2 28 -1
 12 -1 51 10]
[1 0 1 1 0 0 1 1 0 0 1 1 1 1 0 0 1 1 0 0 1 1 0 1 1 0 0 0 0 0 1 0 0 1 0 1 1
 1 1 1 1 0 1 0 0 0 1 0 0 1 1 1 1 0 0 1 0 0 0 0 0 0 0 1 1 0 1 0 0 1 1 0 1 0
 0 1 1 0 1 0 0 1 0 0 1 0 0 0 1 1 1 0 0 1 0 1 0 0 1 0]
[0 1 1 0 2 0 0 0 2 0 0 3 0 0 0 3 0 0 0 0 4 0 0 0 0 0 0 0 0 0 0 1 0 2 0 0 1
 2 2 1 0 0 4 0 3 0 1 0 0 0 0 4 0 2 0 0 0 0 0 2 4 1 0 0 4 1 0 0 0 0 1 2 0 1
 0 3 0 0 0 2 1 0 4 4 3 2 1 1 2 3 4 0 0 2 1 0 3 3 3 0]
[0 1 1 0 2 0 0 0 2 0 0 3 0 0 0 3 0 0 0 0 4 0 0 0 0 0 0 0 0 0 0 1 0 2 0 0 1
 2 2 1 0 0 4 0 3 0 1 0 0 0 0 4 0 2 0 0 0 0 0 2 4 1 0 0 4 1 0 0 0 0 1 2 0 1
 0 3 0 0 0 2 1 0 4 4 3 2 1 1 2 3 4 0 0 2 1 0 3 3 3 0]
[8 4 3 4 9 7 3 9 5 7 6 3 3 7 8 1 4 1 9 1 6 5 8 1 4 1 2 7 7 8 9 2 9 7 7 6 9
 1 2 1 6 5 9 3 8 2 6 9 3 2 6 3 3 6 9 9 7 7 5 5 4 7 3 7 2 1 6 5 6 7 3 5 1 3
 8 8 1 3 1 4 4 4 2 1 1 1 9 5 8 8 4 6 1 6 7 3 8 7 5 5]
[8 4 3 4 9 7 3 9 5 7 6 3 3 7 8 1 4 1 9 1 6 5 8 1 4 1 2 7 7 8 9 2 9 7 7 6 9
 1 2 1 6 5 9 3 8 2 6 9 3 2 6 3 3 6 9 9 7 7 5 5 4 7 3 7 2 1 6 5 6 7 3 5 1 3
 8 8 1 3 1 4 4 4 2 1 1 1 9 5 8 8 4 6 1 6 7 3 8 7 5 5]
[50, 50, 50, 50, 50, 50, 17, 18, 50, 45, 50, 12, 28, 36, 50, 19, 11, 50, 50, 36, 50, 39, 29, 50, 49, 41, 17, 11, 30, 50, 44, 30, 32, 50, 12, 50, 44, 12, 44, 43, 50, 50, 50, 26, 36, 50, 30, 50, 50, 50, 16, 29, 23, 50, 49, 31, 50, 50, 50, 50, 48, 50, 50, 50, 50, 50, 50, 50, 29, 41, 50, 50, 50, 46, 50, 50, 50, 50, 50, 50, 20, 26, 50, 16, 21, 43, 30, 50, 36, 22, 19, 34, 50, 50, 48, 26, 50, 37, 19, 50]
[0 0 0 0 0 0 0 0 0 0 0 0 0 0 0 0 0 0 0 0 0 0 0 0 0 0 0 0 0 0 0 0 0 0 0 0 0
 0 0 0 0 0 0 0 0 0 0 0 0 0 0 0 0 0 0 0 0 0 0 0 0 0 0 0 0 0 0 0 0 0 0 0 0 0
 0 0 0 0 0 0 0 0 0 0 0 0 0 0 0 0 0 0 0 0 0 0 0 0 0 0]
[1 1 1 1 1 1 1 1 1 1 1 1 1 1 1 1 1 1 1 1 1 1 1 1 1 1 1 1 1 1 1 1 1 1 1 1 1
 1 1 1 1 1 1 1 1 1 1 1 1 1 1 1 1 1 1 1 1 1 1 1 1 1 1 1 1 1 1 1 1 1 1 1 1 1
 1 1 1 1 1 1 1 1 1 1 1 1 1 1 1 1 1 1 1 1 1 1 1 1 1 1]
