[ 0  1  2  3  4  5  6  7  8  9 10 11 12 13 14 15 16 17 18 19 20 21 22 23
 24 25 26 27 28 29 30 31 32 33 34 35 36 37 38 39 40 41 42 43 44 45 46 47
 48 49 50 51 52 53 54 55 56 57 58 59 60 61 62 63 64 65 66 67 68 69 70 71
 72 73 74 75 76 77 78 79 80 81 82 83 84 85 86 87 88 89 90 91 92 93 94 95
 96 97 98 99]
[-1 -1 59 42 -1 -1 -1  6 67 48 49 28 -1 82 -1 13 -1 -1 -1 79 55 -1 31 48
 -1 -1 -1 71 68 -1 -1 70 11  5 -1 -1 29  9 -1 -1 74 70 -1 23  0 43 -1 73
 34 23 31 68 68 27 -1 56 66 31  5 97 76 86 61 -1 53 95 -1 -1 -1 37 -1 -1
 78 83 -1 69 59  1 82 87 94 14 33 -1 83 26 83 -1 65 75 -1 17 -1  0 -1 61
 35 95 57 34]
[1 1 0 1 0 1 0 1 0 0 1 0 1 1 0 1 1 1 1 0 1 1 1 0 0 1 0 1 0 0 0 0 1 0 0 1 1
 0 0 1 0 0 0 0 1 1 0 1 0 1 0 1 1 0 0 1 1 1 0 0 1 0 1 1 1 1 1 1 1 1 0 1 1 1
 0 0 1 0 0 0 0 0 0 1 1 0 0 0 0 1 0 0 1 0 1 0 0 0 1 1]
[3 0 1 0 0 2 2 0 0 0 0 0 1 0 4 0 0 1 0 0 0 0 1 4 0 0 4 0 1 0 0 0 0 2 0 3 0
 4 2 4 0 2 0 0 0 0 1 2 2 0 0 3 4 0 0 0 4 4 2 1 2 4 4 0 1 0 0 4 2 4 1 0 0 1
 0 1 4 0 2 0 0 4 0 1 0 3 3 2 0 0 3 2 1 0 0 3 1 3 0 4]
[3 0 1 0 0 2 2 0 0 0 0 0 1 0 4 0 0 1 0 0 0 0 1 4 0 0 4 0 1 0 0 0 0 2 0 3 0
 4 2 4 0 2 0 0 0 0 1 2 2 0 0 3 4 0 0 0 4 4 2 1 2 4 4 0 1 0 0 4 2 4 1 0 0 1
 0 1 4 0 2 0 0 4 0 1 0 3 3 2 0 0 3 2 1 0 0 3 1 3 0 4]
[2 1 6 5 3 9 5 8 2 9 2 7 7 1 7 7 9 5 7 7 6 1 5 2 5 4 5 5 3 8 5 1 3 5 9 1 1
 2 6 9 9 8 4 2 5 3 6 4 1 1 8 8 5 5 6 6 8 4 9 2 4 6 1 8 7 7 8 4 4 2 8 2 5 7
 9 1 9 2 3 6 3 4 9 1 3 3 3 3 4 2 8 5 4 5 1 1 6 2 9 5]
[2 1 6 5 3 9 5 8 2 9 2 7 7 1 7 7 9 5 7 7 6 1 5 2 5 4 5 5 3 8 5 1 3 5 9 1 1
 2 6 9 9 8 4 2 5 3 6 4 1 1 8 8 5 5 6 6 8 4 9 2 4 6 1 8 7 7 8 4 4 2 8 2 5 7
 9 1 9 2 3 6 3 4 9 1 3 3 3 3 4 2 8 5 4 5 1 1 6 2 9 5]
[15, 20, 50, 50, 50, 49, 26, 50, 50, 50, 48, 16, 50, 49, 24, 16, 50, 50, 50, 50, 38, 50, 50, 50, 50, 33, 50, 10, 50, 50, 47, 50, 13, 47, 27, 47, 50, 50, 50, 50, 32, 50, 50, 18, 50, 50, 33, 37, 50, 32, 26, 19, 46, 19, 26, 50, 50, 50, 30, 50, 50, 50, 29, 16, 25, 50, 40, 26, 17, 50, 50, 40, 50, 16, 50, 50, 50, 37, 21, 50, 20, 25, 50, 49, 13, 35, 50, 50, 50, 48, 50, 50, 36, 50, 16, 50, 50, 21, 50, 27]
[0 0 0 0 0 0 0 0 0 0 0 0 0 0 0 0 0 0 0 0 0 0 0 0 0 0 0 0 0 0 0 0 0 0 0 0 0
 0 0 0 0 0 0 0 0 0 0 0 0 0 0 0 0 0 0 0 0 0 0 0 0 0 0 0 0 0 0 0 0 0 0 0 0 0
 0 0 0 0 0 0 0 0 0 0 0 0 0 0 0 0 0 0 0 0 0 0 0 0 0 0]
[1 1 1 1 1 1 1 1 1 1 1 1 1 1 1 1 1 1 1 1 1 1 1 1 1 1 1 1 1 1 1 1 1 1 1 1 1
 1 1 1 1 1 1 1 1 1 1 1 1 1 1 1 1 1 1 1 1 1 1 1 1 1 1 1 1 1 1 1 1 1 1 1 1 1
 1 1 1 1 1 1 1 1 1 1 1 1 1 1 1 1 1 1 1 1 1 1 1 1 1 1]
