[ 0  1  2  3  4  5  6  7  8  9 10 11 12 13 14 15 16 17 18 19 20 21 22 23
 24 25 26 27 28 29 30 31 32 33 34 35 36 37 38 39 40 41 42 43 44 45 46 47
 48 49 50 51 52 53 54 55 56 57 58 59 60 61 62 63 64 65 66 67 68 69 70 71
 72 73 74 75 76 77 78 79 80 81 82 83 84 85 86 87 88 89 90 91 92 93 94 95
 96 97 98 99]
[60 -1 -1 59 -1 58  5 18 -1 70 -1 95 -1 -1 -1  9 41 99 13 15 -1 18 -1 -1
 -1 87 21 35 -1 -1 96 57 89 45  5 59 72 23 20 47 94 10 90 48 90 47 -1 11
 10 97  1 -1 44 31 67 65 -1 60 -1 -1 -1 -1 78 77 -1 74 -1 61 14 -1 72 25
 49 -1 83 -1 -1  9 28 88 58 76 96 19 -1 35 80 43 84 76 -1 -1 -1 61 -1 -1
 -1 -1 -1 66]
[1 1 1 1 1 0 1 0 1 0 0 0 1 1 1 0 0 0 1 0 0 1 1 0 0 0 0 0 0 1 0 1 0 0 1 1 1
 1 0 1 0 0 1 0 0 0 1 1 1 0 1 0 1 0 0 0 1 0 0 1 1 0 1 1 0 1 1 1 1 0 0 1 0 0
 0 1 0 1 0 0 1 0 0 1 1 1 0 1 0 1 0 1 1 0 0 0 0 0 0 1]
[1 1 0 4 4 2 1 4 1 0 2 0 1 3 4 0 0 3 2 4 2 2 0 0 0 1 0 1 4 0 0 0 0 0 0 0 0
 3 1 1 2 3 3 2 0 0 0 4 0 4 0 0 0 3 0 2 0 0 0 0 0 0 3 2 0 0 3 0 0 0 2 0 3 3
 0 0 0 0 0 1 2 0 0 0 4 0 0 3 0 3 1 1 0 0 2 0 0 0 1 0]
[1 1 0 4 4 2 1 4 1 0 2 0 1 3 4 0 0 3 2 4 2 2 0 0 0 1 0 1 4 0 0 0 0 0 0 0 0
 3 1 1 2 3 3 2 0 0 0 4 0 4 0 0 0 3 0 2 0 0 0 0 0 0 3 2 0 0 3 0 0 0 2 0 3 3
 0 0 0 0 0 1 2 0 0 0 4 0 0 3 0 3 1 1 0 0 2 0 0 0 1 0]
[3 6 4 9 5 1 6 4 5 5 2 8 4 4 8 9 5 2 8 1 3 9 6 2 8 7 1 7 3 3 9 4 4 8 3 1 1
 8 1 8 7 5 7 5 7 7 8 5 2 3 2 3 5 7 8 3 9 5 3 1 1 2 7 7 3 5 8 1 3 3 8 1 2 7
 8 1 6 6 1 6 1 9 5 7 5 9 5 1 4 3 6 2 6 1 6 2 3 3 7 9]
[3 6 4 9 5 1 6 4 5 5 2 8 4 4 8 9 5 2 8 1 3 9 6 2 8 7 1 7 3 3 9 4 4 8 3 1 1
 8 1 8 7 5 7 5 7 7 8 5 2 3 2 3 5 7 8 3 9 5 3 1 1 2 7 7 3 5 8 1 3 3 8 1 2 7
 8 1 6 6 1 6 1 9 5 7 5 9 5 1 4 3 6 2 6 1 6 2 3 3 7 9]
[50, 38, 50, 20, 46, 30, 50, 21, 32, 32, 44, 42, 50, 50, 41, 50, 32, 50, 37, 33, 50, 17, 34, 50, 16, 50, 50, 50, 50, 29, 48, 10, 49, 50, 50, 50, 15, 26, 22, 50, 50, 50, 18, 45, 17, 49, 43, 50, 37, 50, 27, 50, 48, 50, 12, 20, 50, 50, 14, 50, 50, 38, 24, 35, 50, 12, 35, 25, 26, 16, 50, 50, 29, 50, 50, 50, 50, 19, 47, 50, 31, 50, 32, 50, 50, 50, 50, 50, 40, 37, 50, 50, 37, 44, 50, 35, 50, 50, 44, 50]
[0 0 0 0 0 0 0 0 0 0 0 0 0 0 0 0 0 0 0 0 0 0 0 0 0 0 0 0 0 0 0 0 0 0 0 0 0
 0 0 0 0 0 0 0 0 0 0 0 0 0 0 0 0 0 0 0 0 0 0 0 0 0 0 0 0 0 0 0 0 0 0 0 0 0
 0 0 0 0 0 0 0 0 0 0 0 0 0 0 0 0 0 0 0 0 0 0 0 0 0 0]
[1 1 1 1 1 1 1 1 1 1 1 1 1 1 1 1 1 1 1 1 1 1 1 1 1 1 1 1 1 1 1 1 1 1 1 1 1
 1 1 1 1 1 1 1 1 1 1 1 1 1 1 1 1 1 1 1 1 1 1 1 1 1 1 1 1 1 1 1 1 1 1 1 1 1
 1 1 1 1 1 1 1 1 1 1 1 1 1 1 1 1 1 1 1 1 1 1 1 1 1 1]
