[ 0  1  2  3  4  5  6  7  8  9 10 11 12 13 14 15 16 17 18 19 20 21 22 23
 24 25 26 27 28 29 30 31 32 33 34 35 36 37 38 39 40 41 42 43 44 45 46 47
 48 49 50 51 52 53 54 55 56 57 58 59 60 61 62 63 64 65 66 67 68 69 70 71
 72 73 74 75 76 77 78 79 80 81 82 83 84 85 86 87 88 89 90 91 92 93 94 95
 96 97 98 99]
[-1 81 57  2 96 -1 40 -1 -1 87 89 -1 52 -1 -1 -1 -1 60 40 60 41 92 61 98
 88 36 -1 82 -1 70 70 -1 70 49 87  8 -1 98 65 31 36 30 87 -1 22  3  2 -1
 65 -1 70 -1 70 41 86 87 -1 74 -1 94 52 75 60 -1 -1 16 -1 96 67 -1 -1 47
 -1 -1 -1 -1 -1 -1 -1  7 -1 -1 80 -1 12 91 87 56 -1 -1 88 -1 97 -1 -1 88
 39 64 -1 67]
[1 0 1 1 1 0 0 0 0 1 0 1 0 0 1 0 0 1 1 0 0 1 1 1 1 1 0 0 0 1 1 0 1 1 0 1 0
 1 0 1 0 0 1 0 1 1 1 1 1 1 1 0 1 0 0 1 0 1 1 0 1 1 1 0 0 1 0 1 0 1 0 0 0 1
 1 1 0 1 1 0 1 0 1 1 1 0 0 0 1 0 0 1 0 1 1 1 1 1 0 1]
[1 3 0 0 0 3 0 3 4 0 0 2 0 4 4 0 0 1 2 2 2 0 0 0 1 3 0 4 0 1 0 1 4 0 0 4 3
 1 4 0 4 0 4 4 4 0 0 0 0 0 1 0 4 3 0 3 0 4 0 1 0 4 0 1 4 0 0 0 1 2 3 1 0 1
 3 0 4 4 4 3 0 0 1 3 0 2 0 4 0 0 4 0 1 0 0 0 0 3 0 2]
[1 3 0 0 0 3 0 3 4 0 0 2 0 4 4 0 0 1 2 2 2 0 0 0 1 3 0 4 0 1 0 1 4 0 0 4 3
 1 4 0 4 0 4 4 4 0 0 0 0 0 1 0 4 3 0 3 0 4 0 1 0 4 0 1 4 0 0 0 1 2 3 1 0 1
 3 0 4 4 4 3 0 0 1 3 0 2 0 4 0 0 4 0 1 0 0 0 0 3 0 2]
[4 2 4 6 8 7 5 8 7 2 8 5 4 6 4 1 8 7 6 4 8 1 3 2 4 8 8 3 3 1 2 8 1 6 5 9 8
 1 9 2 2 8 9 1 1 2 9 5 6 5 6 2 6 3 5 6 5 9 2 3 3 4 9 5 3 4 8 8 2 8 8 8 7 9
 2 2 8 5 6 6 7 5 4 4 8 5 5 5 3 3 6 4 8 1 6 5 9 4 3 5]
[4 2 4 6 8 7 5 8 7 2 8 5 4 6 4 1 8 7 6 4 8 1 3 2 4 8 8 3 3 1 2 8 1 6 5 9 8
 1 9 2 2 8 9 1 1 2 9 5 6 5 6 2 6 3 5 6 5 9 2 3 3 4 9 5 3 4 8 8 2 8 8 8 7 9
 2 2 8 5 6 6 7 5 4 4 8 5 5 5 3 3 6 4 8 1 6 5 9 4 3 5]
[28, 41, 30, 50, 48, 50, 50, 50, 50, 37, 29, 41, 18, 23, 18, 50, 50, 18, 50, 50, 26, 50, 15, 50, 50, 30, 26, 21, 35, 50, 26, 50, 50, 50, 50, 50, 50, 50, 44, 14, 30, 26, 29, 12, 39, 28, 50, 48, 50, 50, 50, 19, 37, 38, 31, 15, 50, 50, 48, 40, 50, 50, 36, 31, 34, 44, 50, 50, 50, 42, 50, 49, 14, 45, 50, 50, 35, 50, 50, 50, 50, 21, 42, 50, 44, 50, 24, 14, 31, 21, 50, 50, 42, 50, 50, 50, 50, 23, 50, 50]
[0 0 0 0 0 0 0 0 0 0 0 0 0 0 0 0 0 0 0 0 0 0 0 0 0 0 0 0 0 0 0 0 0 0 0 0 0
 0 0 0 0 0 0 0 0 0 0 0 0 0 0 0 0 0 0 0 0 0 0 0 0 0 0 0 0 0 0 0 0 0 0 0 0 0
 0 0 0 0 0 0 0 0 0 0 0 0 0 0 0 0 0 0 0 0 0 0 0 0 0 0]
[1 1 1 1 1 1 1 1 1 1 1 1 1 1 1 1 1 1 1 1 1 1 1 1 1 1 1 1 1 1 1 1 1 1 1 1 1
 1 1 1 1 1 1 1 1 1 1 1 1 1 1 1 1 1 1 1 1 1 1 1 1 1 1 1 1 1 1 1 1 1 1 1 1 1
 1 1 1 1 1 1 1 1 1 1 1 1 1 1 1 1 1 1 1 1 1 1 1 1 1 1]
