[ 0  1  2  3  4  5  6  7  8  9 10 11 12 13 14 15 16 17 18 19 20 21 22 23
 24 25 26 27 28 29 30 31 32 33 34 35 36 37 38 39 40 41 42 43 44 45 46 47
 48 49 50 51 52 53 54 55 56 57 58 59 60 61 62 63 64 65 66 67 68 69 70 71
 72 73 74 75 76 77 78 79 80 81 82 83 84 85 86 87 88 89 90 91 92 93 94 95
 96 97 98 99]
[68 -1 -1 -1 -1 -1 88 50 -1 37 -1 -1 61 66 76 31 28 -1 37 -1 68 -1 40 -1
 -1 -1 -1 16  3 -1 -1 27 -1  3 48 97  6 -1 -1 -1 -1 62 -1 -1 40 -1 35 71
 -1 29  2 -1 -1 36 38 83 89 83 45 -1 63 -1 10 11 90 87 -1 78 71 82 12 -1
 97 -1 86 -1 65 94 -1 83 21 -1 96 31 -1 -1 52 71 57 32 22 -1 18 34 24 -1
 14 85 23 90]
[0 0 0 1 0 0 1 0 0 0 1 1 0 1 0 0 1 1 1 1 1 1 1 1 0 1 1 1 1 0 1 1 1 0 0 1 0
 0 0 0 0 1 1 1 0 1 1 1 1 0 0 1 1 1 1 0 0 1 0 0 1 0 0 0 1 1 0 0 1 0 1 0 0 1
 1 0 1 0 0 0 1 1 0 0 1 0 0 0 0 0 0 0 1 0 0 0 1 1 0 0]
[3 3 1 3 2 3 2 1 0 2 3 4 4 0 4 0 0 0 0 4 0 1 1 0 4 1 0 0 0 0 0 0 3 0 2 2 0
 0 0 0 0 0 0 0 0 2 0 0 0 4 2 4 0 0 0 1 0 3 0 0 0 0 0 3 1 0 0 0 2 0 0 0 0 0
 0 0 0 0 0 4 0 2 4 0 2 1 2 4 2 4 0 4 1 0 2 1 1 3 1 0]
[3 3 1 3 2 3 2 1 0 2 3 4 4 0 4 0 0 0 0 4 0 1 1 0 4 1 0 0 0 0 0 0 3 0 2 2 0
 0 0 0 0 0 0 0 0 2 0 0 0 4 2 4 0 0 0 1 0 3 0 0 0 0 0 3 1 0 0 0 2 0 0 0 0 0
 0 0 0 0 0 4 0 2 4 0 2 1 2 4 2 4 0 4 1 0 2 1 1 3 1 0]
[4 4 7 5 9 6 2 6 2 5 5 9 2 8 1 8 4 1 9 2 8 6 5 7 1 4 7 4 4 2 2 2 1 1 6 5 2
 6 4 2 1 6 5 4 7 8 3 1 2 2 2 3 8 4 3 7 5 1 1 9 5 7 8 8 5 5 5 3 9 4 8 5 7 1
 1 9 4 1 1 7 8 9 2 1 8 2 9 8 8 5 2 9 1 3 8 4 6 5 8 4]
[4 4 7 5 9 6 2 6 2 5 5 9 2 8 1 8 4 1 9 2 8 6 5 7 1 4 7 4 4 2 2 2 1 1 6 5 2
 6 4 2 1 6 5 4 7 8 3 1 2 2 2 3 8 4 3 7 5 1 1 9 5 7 8 8 5 5 5 3 9 4 8 5 7 1
 1 9 4 1 1 7 8 9 2 1 8 2 9 8 8 5 2 9 1 3 8 4 6 5 8 4]
[50, 29, 50, 27, 50, 50, 50, 30, 50, 30, 50, 50, 50, 50, 50, 50, 50, 31, 22, 20, 50, 50, 45, 50, 50, 30, 31, 50, 50, 49, 50, 45, 50, 30, 43, 42, 35, 50, 17, 21, 50, 50, 21, 28, 24, 23, 50, 30, 40, 50, 20, 50, 50, 50, 20, 49, 50, 22, 50, 50, 50, 28, 50, 50, 50, 33, 20, 50, 50, 50, 46, 50, 24, 23, 12, 50, 50, 50, 31, 50, 13, 34, 25, 19, 50, 50, 50, 50, 35, 12, 21, 50, 50, 24, 50, 35, 50, 26, 35, 50]
[0 0 0 0 0 0 0 0 0 0 0 0 0 0 0 0 0 0 0 0 0 0 0 0 0 0 0 0 0 0 0 0 0 0 0 0 0
 0 0 0 0 0 0 0 0 0 0 0 0 0 0 0 0 0 0 0 0 0 0 0 0 0 0 0 0 0 0 0 0 0 0 0 0 0
 0 0 0 0 0 0 0 0 0 0 0 0 0 0 0 0 0 0 0 0 0 0 0 0 0 0]
[1 1 1 1 1 1 1 1 1 1 1 1 1 1 1 1 1 1 1 1 1 1 1 1 1 1 1 1 1 1 1 1 1 1 1 1 1
 1 1 1 1 1 1 1 1 1 1 1 1 1 1 1 1 1 1 1 1 1 1 1 1 1 1 1 1 1 1 1 1 1 1 1 1 1
 1 1 1 1 1 1 1 1 1 1 1 1 1 1 1 1 1 1 1 1 1 1 1 1 1 1]
