[ 0  1  2  3  4  5  6  7  8  9 10 11 12 13 14 15 16 17 18 19 20 21 22 23
 24 25 26 27 28 29 30 31 32 33 34 35 36 37 38 39 40 41 42 43 44 45 46 47
 48 49 50 51 52 53 54 55 56 57 58 59 60 61 62 63 64 65 66 67 68 69 70 71
 72 73 74 75 76 77 78 79 80 81 82 83 84 85 86 87 88 89 90 91 92 93 94 95
 96 97 98 99]
[-1 -1 79 94 10 -1 -1 49 99 53 44 -1 -1 94 -1 -1 22 -1 40 -1 62 -1  4 69
 66 91 -1 68 -1 55 45 88 87 -1 99 -1 -1 -1 75 -1 -1 -1 27 -1 53 29 97 10
 -1 -1 84 82 -1 17 71 14 33 91 -1 54 -1 -1 63 -1 -1 11 46 59 -1 10 11 -1
 33 -1 32 -1 49 32 90 -1 69 89 66 -1 -1 53 42 -1 45 34 15 -1 -1  7 -1 39
 16 -1 73  0]
[1 0 0 0 0 0 0 0 0 1 0 1 1 1 0 1 0 1 1 0 0 1 0 1 0 1 1 1 0 0 0 1 0 1 1 1 1
 0 0 1 1 0 0 1 0 0 0 1 1 0 0 0 0 1 1 1 0 1 1 0 0 0 0 1 0 1 0 1 0 1 1 0 1 0
 1 1 1 1 0 0 0 1 1 0 1 0 1 0 0 1 1 1 0 1 0 1 0 0 1 0]
[4 3 0 0 0 4 0 1 1 3 0 4 1 0 0 0 2 0 1 0 4 0 0 0 1 0 0 4 3 0 1 2 0 0 4 1 4
 1 3 1 2 2 4 1 4 0 0 2 0 0 0 3 0 4 0 1 3 3 1 2 2 0 4 0 2 0 1 4 0 3 3 0 2 1
 3 0 0 2 3 0 2 4 0 1 0 0 0 4 2 0 4 0 4 2 3 4 0 3 2 1]
[4 3 0 0 0 4 0 1 1 3 0 4 1 0 0 0 2 0 1 0 4 0 0 0 1 0 0 4 3 0 1 2 0 0 4 1 4
 1 3 1 2 2 4 1 4 0 0 2 0 0 0 3 0 4 0 1 3 3 1 2 2 0 4 0 2 0 1 4 0 3 3 0 2 1
 3 0 0 2 3 0 2 4 0 1 0 0 0 4 2 0 4 0 4 2 3 4 0 3 2 1]
[4 4 7 3 3 7 3 5 9 6 8 3 1 2 1 5 7 3 7 1 9 1 1 8 6 2 9 2 3 7 6 9 4 5 3 2 1
 7 7 1 8 9 4 2 1 7 8 3 2 3 8 6 4 9 2 3 1 9 6 2 6 8 3 8 8 5 7 4 4 5 3 9 4 9
 9 9 7 8 1 4 3 1 2 8 3 8 8 9 6 2 3 2 9 3 5 1 2 7 7 4]
[4 4 7 3 3 7 3 5 9 6 8 3 1 2 1 5 7 3 7 1 9 1 1 8 6 2 9 2 3 7 6 9 4 5 3 2 1
 7 7 1 8 9 4 2 1 7 8 3 2 3 8 6 4 9 2 3 1 9 6 2 6 8 3 8 8 5 7 4 4 5 3 9 4 9
 9 9 7 8 1 4 3 1 2 8 3 8 8 9 6 2 3 2 9 3 5 1 2 7 7 4]
[15, 50, 50, 50, 48, 31, 50, 50, 50, 44, 36, 18, 50, 48, 16, 50, 20, 50, 50, 14, 34, 50, 50, 26, 25, 50, 29, 50, 13, 35, 50, 14, 50, 31, 39, 42, 12, 40, 50, 50, 50, 22, 50, 20, 50, 39, 50, 13, 50, 50, 50, 50, 28, 50, 50, 26, 25, 50, 10, 50, 50, 50, 36, 50, 32, 50, 50, 17, 40, 36, 44, 48, 50, 39, 30, 40, 50, 50, 45, 50, 19, 39, 50, 50, 30, 50, 50, 50, 32, 50, 50, 50, 50, 50, 21, 21, 50, 50, 46, 22]
[0 0 0 0 0 0 0 0 0 0 0 0 0 0 0 0 0 0 0 0 0 0 0 0 0 0 0 0 0 0 0 0 0 0 0 0 0
 0 0 0 0 0 0 0 0 0 0 0 0 0 0 0 0 0 0 0 0 0 0 0 0 0 0 0 0 0 0 0 0 0 0 0 0 0
 0 0 0 0 0 0 0 0 0 0 0 0 0 0 0 0 0 0 0 0 0 0 0 0 0 0]
[1 1 1 1 1 1 1 1 1 1 1 1 1 1 1 1 1 1 1 1 1 1 1 1 1 1 1 1 1 1 1 1 1 1 1 1 1
 1 1 1 1 1 1 1 1 1 1 1 1 1 1 1 1 1 1 1 1 1 1 1 1 1 1 1 1 1 1 1 1 1 1 1 1 1
 1 1 1 1 1 1 1 1 1 1 1 1 1 1 1 1 1 1 1 1 1 1 1 1 1 1]
