[ 0  1  2  3  4  5  6  7  8  9 10 11 12 13 14 15 16 17 18 19 20 21 22 23
 24 25 26 27 28 29 30 31 32 33 34 35 36 37 38 39 40 41 42 43 44 45 46 47
 48 49 50 51 52 53 54 55 56 57 58 59 60 61 62 63 64 65 66 67 68 69 70 71
 72 73 74 75 76 77 78 79 80 81 82 83 84 85 86 87 88 89 90 91 92 93 94 95
 96 97 98 99]
[-1 86 -1 84 -1 34 71  4 -1 96 -1 84 93 -1 -1 89 61 34 99 89 -1 -1 71  2
 68 75 -1 47 72 49 59 27 65 68 95 -1 51 -1 71  2 13 67 22 52 -1 36 95 98
 25 -1 -1 -1 67 -1 80 19 -1 33 -1 -1 -1 35 -1 71 72 -1 53 48 99 89 62 67
  2 52 -1 -1 31 10 -1 45 30 -1 45 -1 61 -1  6 -1 -1 40  4 46 51 54 -1 20
 -1 -1 -1 89]
[1 0 0 0 1 0 1 1 1 1 0 0 1 1 0 1 0 0 0 1 0 1 1 0 0 1 1 1 1 0 1 1 1 0 1 1 1
 0 1 0 0 0 1 1 0 1 0 1 1 0 1 0 0 0 1 0 0 0 0 0 0 1 1 0 0 0 1 1 1 0 1 0 1 0
 0 1 1 1 1 1 0 0 1 0 0 1 0 1 1 0 0 1 0 0 1 0 0 0 1 0]
[4 3 2 2 0 1 0 0 0 1 1 3 0 1 0 0 0 4 0 0 0 2 0 0 2 3 0 0 1 2 1 0 0 3 0 2 3
 0 2 2 4 0 2 0 1 1 0 0 2 0 0 0 0 1 2 0 0 0 1 3 0 0 1 0 2 1 0 1 1 3 0 1 1 4
 1 0 3 3 0 0 3 0 0 0 1 0 0 0 0 0 3 2 0 4 0 0 2 3 2 1]
[4 3 2 2 0 1 0 0 0 1 1 3 0 1 0 0 0 4 0 0 0 2 0 0 2 3 0 0 1 2 1 0 0 3 0 2 3
 0 2 2 4 0 2 0 1 1 0 0 2 0 0 0 0 1 2 0 0 0 1 3 0 0 1 0 2 1 0 1 1 3 0 1 1 4
 1 0 3 3 0 0 3 0 0 0 1 0 0 0 0 0 3 2 0 4 0 0 2 3 2 1]
[9 5 8 5 1 7 3 7 8 8 3 8 8 7 4 5 5 2 5 5 6 8 5 2 1 5 4 4 8 3 9 7 7 2 6 5 8
 7 8 8 6 1 8 8 8 6 5 9 9 1 3 4 4 1 5 7 2 5 7 3 7 6 4 9 2 4 4 6 2 4 9 7 2 2
 4 1 6 7 7 4 4 8 8 3 4 8 3 2 6 7 8 6 7 8 3 7 6 5 4 4]
[9 5 8 5 1 7 3 7 8 8 3 8 8 7 4 5 5 2 5 5 6 8 5 2 1 5 4 4 8 3 9 7 7 2 6 5 8
 7 8 8 6 1 8 8 8 6 5 9 9 1 3 4 4 1 5 7 2 5 7 3 7 6 4 9 2 4 4 6 2 4 9 7 2 2
 4 1 6 7 7 4 4 8 8 3 4 8 3 2 6 7 8 6 7 8 3 7 6 5 4 4]
[50, 50, 50, 17, 26, 22, 50, 50, 50, 50, 21, 50, 50, 10, 42, 50, 47, 50, 50, 45, 50, 50, 27, 13, 30, 50, 24, 32, 47, 29, 50, 46, 50, 50, 40, 50, 50, 17, 50, 50, 14, 50, 30, 50, 50, 20, 50, 50, 24, 50, 50, 50, 44, 50, 50, 34, 50, 50, 16, 50, 30, 50, 16, 47, 50, 42, 50, 50, 23, 46, 10, 50, 36, 35, 50, 39, 20, 50, 50, 50, 50, 16, 50, 13, 50, 50, 16, 43, 16, 50, 16, 21, 18, 50, 50, 50, 47, 50, 33, 50]
[0 0 0 0 0 0 0 0 0 0 0 0 0 0 0 0 0 0 0 0 0 0 0 0 0 0 0 0 0 0 0 0 0 0 0 0 0
 0 0 0 0 0 0 0 0 0 0 0 0 0 0 0 0 0 0 0 0 0 0 0 0 0 0 0 0 0 0 0 0 0 0 0 0 0
 0 0 0 0 0 0 0 0 0 0 0 0 0 0 0 0 0 0 0 0 0 0 0 0 0 0]
[1 1 1 1 1 1 1 1 1 1 1 1 1 1 1 1 1 1 1 1 1 1 1 1 1 1 1 1 1 1 1 1 1 1 1 1 1
 1 1 1 1 1 1 1 1 1 1 1 1 1 1 1 1 1 1 1 1 1 1 1 1 1 1 1 1 1 1 1 1 1 1 1 1 1
 1 1 1 1 1 1 1 1 1 1 1 1 1 1 1 1 1 1 1 1 1 1 1 1 1 1]
