[ 0  1  2  3  4  5  6  7  8  9 10 11 12 13 14 15 16 17 18 19 20 21 22 23
 24 25 26 27 28 29 30 31 32 33 34 35 36 37 38 39 40 41 42 43 44 45 46 47
 48 49 50 51 52 53 54 55 56 57 58 59 60 61 62 63 64 65 66 67 68 69 70 71
 72 73 74 75 76 77 78 79 80 81 82 83 84 85 86 87 88 89 90 91 92 93 94 95
 96 97 98 99]
[ 4  8 72 -1 30 -1 34 -1 30 15 15 70 57 -1 53 37 -1 -1 10  5 -1 66 53 54
 87 11 38 78 -1 42 -1 -1 -1 72 39 -1  6 -1 85 -1 54 32 -1 76 22 10 48 -1
 77 75 72 83 39 -1 36 65 90 -1 88 -1 28 20 95 -1 93 53 -1 -1 -1 -1 52 -1
  6 -1 84  5 60 11  9 62 49 -1 -1 -1 67 -1 -1 -1 85 -1 -1 48 87 -1 -1 -1
 92 -1 -1 77]
[1 1 0 0 1 1 1 1 0 0 0 0 1 0 0 1 0 0 1 0 0 1 1 0 1 0 0 0 0 0 1 0 1 1 0 0 1
 1 0 0 1 1 0 0 0 1 0 1 0 1 0 1 0 0 1 1 1 0 1 1 1 0 0 0 0 1 0 1 0 0 0 1 0 1
 1 0 0 0 0 1 1 0 1 1 0 1 0 1 1 1 0 1 0 0 0 0 0 0 0 1]
[1 0 0 1 0 2 0 0 2 0 0 1 0 1 0 0 3 0 2 0 0 4 0 0 4 2 4 4 0 2 3 1 0 0 3 4 0
 0 3 2 1 0 4 2 0 3 0 4 2 0 0 3 3 0 0 4 0 1 3 0 1 0 2 0 3 3 1 0 0 0 0 2 3 0
 0 3 1 0 3 0 0 3 0 0 4 0 3 2 0 2 1 1 3 0 0 0 3 0 4 0]
[1 0 0 1 0 2 0 0 2 0 0 1 0 1 0 0 3 0 2 0 0 4 0 0 4 2 4 4 0 2 3 1 0 0 3 4 0
 0 3 2 1 0 4 2 0 3 0 4 2 0 0 3 3 0 0 4 0 1 3 0 1 0 2 0 3 3 1 0 0 0 0 2 3 0
 0 3 1 0 3 0 0 3 0 0 4 0 3 2 0 2 1 1 3 0 0 0 3 0 4 0]
[6 7 1 1 2 7 6 1 4 9 3 7 5 1 4 2 9 6 1 9 7 4 3 3 4 4 8 1 4 6 9 1 6 5 9 4 4
 6 4 7 4 4 1 4 3 6 1 7 8 4 3 4 8 1 2 8 4 5 1 8 6 6 3 2 3 4 1 2 7 9 2 4 8 5
 9 5 6 8 5 5 8 7 1 4 4 4 1 1 9 5 9 6 5 7 1 2 7 1 3 5]
[6 7 1 1 2 7 6 1 4 9 3 7 5 1 4 2 9 6 1 9 7 4 3 3 4 4 8 1 4 6 9 1 6 5 9 4 4
 6 4 7 4 4 1 4 3 6 1 7 8 4 3 4 8 1 2 8 4 5 1 8 6 6 3 2 3 4 1 2 7 9 2 4 8 5
 9 5 6 8 5 5 8 7 1 4 4 4 1 1 9 5 9 6 5 7 1 2 7 1 3 5]
[41, 50, 50, 50, 44, 25, 50, 50, 50, 50, 50, 50, 50, 50, 34, 50, 42, 14, 50, 50, 36, 37, 50, 47, 25, 25, 40, 45, 50, 21, 33, 50, 29, 24, 33, 50, 50, 36, 14, 20, 15, 48, 50, 50, 30, 50, 44, 11, 35, 43, 50, 50, 50, 48, 22, 27, 50, 46, 33, 50, 37, 50, 39, 36, 50, 50, 50, 35, 42, 18, 50, 26, 50, 50, 25, 50, 48, 50, 44, 44, 20, 25, 50, 50, 50, 50, 32, 50, 12, 47, 50, 42, 16, 50, 12, 50, 12, 21, 50, 50]
[0 0 0 0 0 0 0 0 0 0 0 0 0 0 0 0 0 0 0 0 0 0 0 0 0 0 0 0 0 0 0 0 0 0 0 0 0
 0 0 0 0 0 0 0 0 0 0 0 0 0 0 0 0 0 0 0 0 0 0 0 0 0 0 0 0 0 0 0 0 0 0 0 0 0
 0 0 0 0 0 0 0 0 0 0 0 0 0 0 0 0 0 0 0 0 0 0 0 0 0 0]
[1 1 1 1 1 1 1 1 1 1 1 1 1 1 1 1 1 1 1 1 1 1 1 1 1 1 1 1 1 1 1 1 1 1 1 1 1
 1 1 1 1 1 1 1 1 1 1 1 1 1 1 1 1 1 1 1 1 1 1 1 1 1 1 1 1 1 1 1 1 1 1 1 1 1
 1 1 1 1 1 1 1 1 1 1 1 1 1 1 1 1 1 1 1 1 1 1 1 1 1 1]
