[ 0  1  2  3  4  5  6  7  8  9 10 11 12 13 14 15 16 17 18 19 20 21 22 23
 24 25 26 27 28 29 30 31 32 33 34 35 36 37 38 39 40 41 42 43 44 45 46 47
 48 49 50 51 52 53 54 55 56 57 58 59 60 61 62 63 64 65 66 67 68 69 70 71
 72 73 74 75 76 77 78 79 80 81 82 83 84 85 86 87 88 89 90 91 92 93 94 95
 96 97 98 99]
[-1 -1 -1 31 -1 -1 26 85 -1 -1 29 72 78 86 44  4 24  3 64 55 -1 26 -1 -1
 66 51 -1 63 85 49 28 97 27 83 56 -1 26 -1 54 83 30 -1 -1 -1 26 -1 61 -1
 83 41 24 26 -1 87 43 -1 90 -1 40 70 79 62 47  9 91 73 28 -1  3 -1 -1 -1
 33 82  6 -1 10 -1 76 72 72 -1 -1 -1 -1 88 98 34 31 27 42 67 -1 -1 87 67
 95 -1 75 50]
[1 1 1 0 1 0 1 1 1 0 0 0 0 1 0 1 1 0 0 1 0 0 0 1 0 0 0 0 0 0 0 0 0 0 0 1 0
 0 0 1 1 0 0 0 0 1 0 0 0 1 1 1 1 1 1 0 1 0 1 1 0 0 1 0 1 0 1 0 0 0 0 0 0 1
 0 1 1 1 0 1 0 0 1 1 0 1 1 1 1 0 0 1 0 0 1 1 1 0 0 1]
[3 0 2 0 2 0 0 1 0 0 0 0 0 0 0 0 1 4 4 1 0 1 1 0 0 0 0 4 0 0 1 0 0 0 0 2 4
 2 0 0 3 1 0 2 0 0 1 1 0 2 2 2 0 0 1 1 0 0 0 0 0 2 2 3 0 0 3 1 4 3 0 0 1 0
 4 0 0 4 0 0 0 0 0 0 0 0 0 0 0 0 1 4 3 4 0 0 1 0 2 4]
[3 0 2 0 2 0 0 1 0 0 0 0 0 0 0 0 1 4 4 1 0 1 1 0 0 0 0 4 0 0 1 0 0 0 0 2 4
 2 0 0 3 1 0 2 0 0 1 1 0 2 2 2 0 0 1 1 0 0 0 0 0 2 2 3 0 0 3 1 4 3 0 0 1 0
 4 0 0 4 0 0 0 0 0 0 0 0 0 0 0 0 1 4 3 4 0 0 1 0 2 4]
[4 5 1 2 9 2 4 5 3 2 6 6 7 7 2 7 4 4 2 6 6 4 5 8 2 2 1 4 6 4 7 1 8 2 3 2 4
 1 8 6 5 3 6 7 7 5 4 8 3 8 5 7 1 6 1 6 4 5 1 6 2 2 5 6 4 8 4 3 6 2 8 6 8 8
 4 8 5 7 8 1 9 8 6 7 7 8 4 9 4 9 8 1 1 4 5 1 3 4 8 9]
[4 5 1 2 9 2 4 5 3 2 6 6 7 7 2 7 4 4 2 6 6 4 5 8 2 2 1 4 6 4 7 1 8 2 3 2 4
 1 8 6 5 3 6 7 7 5 4 8 3 8 5 7 1 6 1 6 4 5 1 6 2 2 5 6 4 8 4 3 6 2 8 6 8 8
 4 8 5 7 8 1 9 8 6 7 7 8 4 9 4 9 8 1 1 4 5 1 3 4 8 9]
[50, 42, 50, 48, 21, 50, 50, 50, 50, 18, 19, 50, 22, 50, 32, 35, 50, 50, 38, 50, 11, 26, 50, 38, 38, 50, 22, 26, 24, 50, 18, 49, 38, 50, 50, 50, 50, 44, 36, 50, 22, 50, 50, 50, 11, 38, 50, 14, 50, 50, 13, 50, 39, 27, 28, 38, 36, 50, 50, 50, 20, 50, 50, 50, 50, 27, 43, 20, 50, 11, 46, 50, 46, 50, 37, 50, 48, 50, 26, 12, 46, 50, 50, 50, 50, 50, 50, 50, 35, 16, 50, 29, 43, 50, 18, 50, 29, 50, 37, 50]
[0 0 0 0 0 0 0 0 0 0 0 0 0 0 0 0 0 0 0 0 0 0 0 0 0 0 0 0 0 0 0 0 0 0 0 0 0
 0 0 0 0 0 0 0 0 0 0 0 0 0 0 0 0 0 0 0 0 0 0 0 0 0 0 0 0 0 0 0 0 0 0 0 0 0
 0 0 0 0 0 0 0 0 0 0 0 0 0 0 0 0 0 0 0 0 0 0 0 0 0 0]
[1 1 1 1 1 1 1 1 1 1 1 1 1 1 1 1 1 1 1 1 1 1 1 1 1 1 1 1 1 1 1 1 1 1 1 1 1
 1 1 1 1 1 1 1 1 1 1 1 1 1 1 1 1 1 1 1 1 1 1 1 1 1 1 1 1 1 1 1 1 1 1 1 1 1
 1 1 1 1 1 1 1 1 1 1 1 1 1 1 1 1 1 1 1 1 1 1 1 1 1 1]
