[ 0  1  2  3  4  5  6  7  8  9 10 11 12 13 14 15 16 17 18 19 20 21 22 23
 24 25 26 27 28 29 30 31 32 33 34 35 36 37 38 39 40 41 42 43 44 45 46 47
 48 49 50 51 52 53 54 55 56 57 58 59 60 61 62 63 64 65 66 67 68 69 70 71
 72 73 74 75 76 77 78 79 80 81 82 83 84 85 86 87 88 89 90 91 92 93 94 95
 96 97 98 99]
[-1 -1 -1 71 55 68 46 16 53 -1 29 16 -1 -1 -1 24 19 -1 15 99 60 -1 34 -1
 47 94 27 -1 22 74 55 -1 -1 71 52 40 53 33 50 -1 -1 95 58 53 60 43 58 70
 79 77 -1 -1 98 40 81 34 82 -1 -1 -1 65 -1 96 -1 56 98 20 75 59 38 51 -1
  8 44 -1 36 81  2 -1 -1 -1 -1 -1 17 89 -1 -1 26 65 98 -1 59 -1 39 91 23
 47 68 50 67]
[0 0 1 0 1 1 1 1 1 1 0 1 1 0 1 0 0 0 0 1 0 1 1 0 1 1 1 1 1 1 1 0 1 0 0 0 1
 0 1 0 0 0 1 1 1 1 0 1 0 1 1 0 0 0 1 0 1 1 0 0 1 0 0 1 1 0 0 0 1 1 0 1 1 1
 0 1 0 0 0 0 0 0 1 1 1 0 1 0 1 0 0 0 0 1 0 0 1 0 0 1]
[0 4 3 0 0 4 0 3 0 0 0 0 0 0 0 0 0 0 0 0 2 4 0 2 3 1 0 4 0 1 4 1 0 0 1 0 2
 4 1 2 0 0 4 0 0 1 0 2 3 0 1 1 2 2 0 0 0 0 4 2 0 0 4 0 2 3 4 0 3 1 4 1 2 2
 4 0 0 0 0 0 0 1 0 2 0 4 0 0 0 4 0 2 1 2 4 1 0 0 3 2]
[0 4 3 0 0 4 0 3 0 0 0 0 0 0 0 0 0 0 0 0 2 4 0 2 3 1 0 4 0 1 4 1 0 0 1 0 2
 4 1 2 0 0 4 0 0 1 0 2 3 0 1 1 2 2 0 0 0 0 4 2 0 0 4 0 2 3 4 0 3 1 4 1 2 2
 4 0 0 0 0 0 0 1 0 2 0 4 0 0 0 4 0 2 1 2 4 1 0 0 3 2]
[4 8 1 1 6 4 1 6 3 6 8 8 4 3 1 2 4 5 9 2 7 4 3 5 6 2 2 4 9 8 9 3 5 5 7 6 3
 3 5 2 7 4 3 3 4 8 2 4 6 8 5 6 5 8 4 9 1 1 3 2 1 2 2 9 3 2 6 1 4 6 3 2 4 3
 4 3 6 3 9 4 5 8 9 5 5 5 8 6 7 1 2 8 9 4 8 2 4 9 9 2]
[4 8 1 1 6 4 1 6 3 6 8 8 4 3 1 2 4 5 9 2 7 4 3 5 6 2 2 4 9 8 9 3 5 5 7 6 3
 3 5 2 7 4 3 3 4 8 2 4 6 8 5 6 5 8 4 9 1 1 3 2 1 2 2 9 3 2 6 1 4 6 3 2 4 3
 4 3 6 3 9 4 5 8 9 5 5 5 8 6 7 1 2 8 9 4 8 2 4 9 9 2]
[25, 47, 39, 12, 50, 13, 50, 43, 30, 50, 50, 11, 19, 49, 50, 50, 37, 50, 16, 50, 28, 24, 50, 50, 50, 50, 35, 46, 50, 50, 50, 45, 50, 50, 17, 36, 50, 12, 45, 27, 50, 50, 50, 50, 23, 13, 41, 21, 50, 50, 41, 24, 31, 10, 50, 38, 47, 40, 50, 33, 34, 36, 35, 38, 34, 27, 50, 50, 48, 50, 50, 50, 50, 29, 45, 50, 49, 11, 50, 45, 50, 50, 38, 47, 50, 30, 50, 50, 50, 25, 50, 50, 50, 50, 25, 12, 50, 24, 50, 50]
[0 0 0 0 0 0 0 0 0 0 0 0 0 0 0 0 0 0 0 0 0 0 0 0 0 0 0 0 0 0 0 0 0 0 0 0 0
 0 0 0 0 0 0 0 0 0 0 0 0 0 0 0 0 0 0 0 0 0 0 0 0 0 0 0 0 0 0 0 0 0 0 0 0 0
 0 0 0 0 0 0 0 0 0 0 0 0 0 0 0 0 0 0 0 0 0 0 0 0 0 0]
[1 1 1 1 1 1 1 1 1 1 1 1 1 1 1 1 1 1 1 1 1 1 1 1 1 1 1 1 1 1 1 1 1 1 1 1 1
 1 1 1 1 1 1 1 1 1 1 1 1 1 1 1 1 1 1 1 1 1 1 1 1 1 1 1 1 1 1 1 1 1 1 1 1 1
 1 1 1 1 1 1 1 1 1 1 1 1 1 1 1 1 1 1 1 1 1 1 1 1 1 1]
