[ 0  1  2  3  4  5  6  7  8  9 10 11 12 13 14 15 16 17 18 19 20 21 22 23
 24 25 26 27 28 29 30 31 32 33 34 35 36 37 38 39 40 41 42 43 44 45 46 47
 48 49 50 51 52 53 54 55 56 57 58 59 60 61 62 63 64 65 66 67 68 69 70 71
 72 73 74 75 76 77 78 79 80 81 82 83 84 85 86 87 88 89 90 91 92 93 94 95
 96 97 98 99]
[82 60 -1 56 -1 49 63 -1 69 94 -1 38 36 85 74 64 37 -1 32 -1  7 -1 -1 57
 18 26 -1 17 84 -1 40 38 -1 -1 70 -1 -1 86 67 -1 -1 11 37 19 57 34 83 -1
 81 39 33 -1 -1 -1 98 -1 54 26 76 -1 18 -1 -1 42 -1 29  8 95 -1 12 -1 20
 58 -1  2 -1 35 -1 -1 99 -1 53 -1 -1 -1 -1 -1 91 80 30 51 45 -1 28 70 53
 54 72 62 95]
[1 0 1 1 1 1 1 0 0 0 1 0 0 0 0 0 0 1 0 0 1 1 1 1 0 1 0 1 1 1 0 0 1 0 0 0 0
 0 0 0 0 1 0 1 1 1 0 1 1 0 0 1 0 0 1 0 1 1 1 0 1 0 0 1 1 1 1 0 1 0 0 1 1 0
 1 1 0 0 1 0 0 1 0 1 0 0 0 0 0 0 0 1 1 0 1 0 1 0 0 1]
[3 0 4 0 4 1 0 0 0 3 0 2 1 0 1 2 0 2 0 0 0 0 4 3 1 0 0 0 1 4 3 4 2 0 2 0 0
 0 4 1 1 0 0 0 2 2 4 0 4 4 1 0 4 3 3 1 0 0 0 0 0 0 0 4 0 0 0 0 0 2 0 0 4 0
 3 0 0 1 1 0 4 3 0 0 4 2 1 0 0 4 0 4 0 1 1 0 2 0 1 3]
[3 0 4 0 4 1 0 0 0 3 0 2 1 0 1 2 0 2 0 0 0 0 4 3 1 0 0 0 1 4 3 4 2 0 2 0 0
 0 4 1 1 0 0 0 2 2 4 0 4 4 1 0 4 3 3 1 0 0 0 0 0 0 0 4 0 0 0 0 0 2 0 0 4 0
 3 0 0 1 1 0 4 3 0 0 4 2 1 0 0 4 0 4 0 1 1 0 2 0 1 3]
[7 6 6 1 1 8 8 3 5 1 8 3 3 9 5 1 2 8 1 6 8 5 1 4 8 8 4 5 8 7 6 2 5 2 4 7 4
 5 8 4 3 3 3 1 3 3 8 7 2 9 9 5 3 4 9 3 8 5 1 3 9 5 1 7 7 3 5 6 1 6 5 2 7 6
 7 5 8 1 4 9 2 7 6 7 6 5 5 1 9 9 9 2 9 9 6 2 2 7 5 4]
[7 6 6 1 1 8 8 3 5 1 8 3 3 9 5 1 2 8 1 6 8 5 1 4 8 8 4 5 8 7 6 2 5 2 4 7 4
 5 8 4 3 3 3 1 3 3 8 7 2 9 9 5 3 4 9 3 8 5 1 3 9 5 1 7 7 3 5 6 1 6 5 2 7 6
 7 5 8 1 4 9 2 7 6 7 6 5 5 1 9 9 9 2 9 9 6 2 2 7 5 4]
[48, 48, 50, 46, 37, 50, 35, 41, 31, 10, 14, 12, 50, 50, 50, 49, 47, 50, 16, 50, 28, 19, 32, 34, 19, 43, 12, 50, 50, 33, 50, 11, 31, 46, 50, 37, 46, 50, 50, 50, 33, 50, 26, 50, 50, 50, 38, 20, 50, 45, 50, 18, 23, 28, 50, 22, 41, 43, 50, 50, 39, 50, 27, 50, 50, 13, 50, 50, 50, 37, 33, 20, 39, 50, 50, 50, 50, 50, 50, 50, 27, 50, 36, 39, 50, 50, 46, 21, 41, 50, 50, 50, 49, 48, 39, 50, 50, 23, 18, 43]
[0 0 0 0 0 0 0 0 0 0 0 0 0 0 0 0 0 0 0 0 0 0 0 0 0 0 0 0 0 0 0 0 0 0 0 0 0
 0 0 0 0 0 0 0 0 0 0 0 0 0 0 0 0 0 0 0 0 0 0 0 0 0 0 0 0 0 0 0 0 0 0 0 0 0
 0 0 0 0 0 0 0 0 0 0 0 0 0 0 0 0 0 0 0 0 0 0 0 0 0 0]
[1 1 1 1 1 1 1 1 1 1 1 1 1 1 1 1 1 1 1 1 1 1 1 1 1 1 1 1 1 1 1 1 1 1 1 1 1
 1 1 1 1 1 1 1 1 1 1 1 1 1 1 1 1 1 1 1 1 1 1 1 1 1 1 1 1 1 1 1 1 1 1 1 1 1
 1 1 1 1 1 1 1 1 1 1 1 1 1 1 1 1 1 1 1 1 1 1 1 1 1 1]
