[ 0  1  2  3  4  5  6  7  8  9 10 11 12 13 14 15 16 17 18 19 20 21 22 23
 24 25 26 27 28 29 30 31 32 33 34 35 36 37 38 39 40 41 42 43 44 45 46 47
 48 49 50 51 52 53 54 55 56 57 58 59 60 61 62 63 64 65 66 67 68 69 70 71
 72 73 74 75 76 77 78 79 80 81 82 83 84 85 86 87 88 89 90 91 92 93 94 95
 96 97 98 99]
[28 62 13 23 -1 -1 19 65 29 48 -1 -1 -1 -1 -1 47  5 39 -1 -1 98 72 -1 -1
 67 86 92 -1 -1 95 -1 47 37 18 -1 -1 39 77 12 33 29 12 22 80 63 -1 -1 -1
 94 -1 -1 33 57 51 -1 91 -1 15 -1 13 -1 -1 77 86 -1 26 -1 97 -1 91 -1 -1
 81 84 -1 50 -1 -1 37 -1 33 65  5 -1 21 84 -1 91 81 76 18 79 96 -1 66 97
  5  7 90 12]
[0 0 1 1 1 1 0 1 1 0 1 1 1 0 1 0 1 0 1 1 0 0 0 0 1 1 1 1 1 0 1 0 1 1 1 1 0
 0 0 1 0 0 1 1 1 0 1 0 1 1 0 0 1 0 1 0 1 0 0 1 1 0 1 0 0 0 1 0 0 1 0 0 0 0
 0 0 1 0 1 0 1 1 1 0 0 1 0 0 0 0 0 1 0 0 1 1 1 1 0 1]
[1 4 0 0 3 3 0 0 3 1 3 0 0 0 0 4 4 2 0 1 0 4 2 1 0 0 2 1 4 3 4 3 0 4 0 0 2
 0 4 4 0 0 0 0 0 2 0 4 0 2 2 0 0 0 4 0 1 0 0 0 0 1 3 1 0 0 0 0 0 1 0 0 0 2
 0 0 0 0 2 0 3 2 0 1 4 4 0 4 2 1 0 2 0 2 1 0 3 2 0 2]
[1 4 0 0 3 3 0 0 3 1 3 0 0 0 0 4 4 2 0 1 0 4 2 1 0 0 2 1 4 3 4 3 0 4 0 0 2
 0 4 4 0 0 0 0 0 2 0 4 0 2 2 0 0 0 4 0 1 0 0 0 0 1 3 1 0 0 0 0 0 1 0 0 0 2
 0 0 0 0 2 0 3 2 0 1 4 4 0 4 2 1 0 2 0 2 1 0 3 2 0 2]
[2 4 8 8 1 2 8 6 7 6 5 9 3 3 2 3 1 9 1 4 6 2 1 2 1 2 7 2 2 4 1 2 1 8 9 2 7
 5 3 7 3 1 6 6 6 5 8 5 9 2 8 8 9 3 4 4 6 5 5 7 7 7 4 1 3 4 2 6 2 7 1 3 7 2
 2 8 3 3 6 4 7 5 5 8 9 8 3 2 1 5 1 6 4 4 6 4 2 7 5 3]
[2 4 8 8 1 2 8 6 7 6 5 9 3 3 2 3 1 9 1 4 6 2 1 2 1 2 7 2 2 4 1 2 1 8 9 2 7
 5 3 7 3 1 6 6 6 5 8 5 9 2 8 8 9 3 4 4 6 5 5 7 7 7 4 1 3 4 2 6 2 7 1 3 7 2
 2 8 3 3 6 4 7 5 5 8 9 8 3 2 1 5 1 6 4 4 6 4 2 7 5 3]
[49, 50, 50, 50, 43, 24, 49, 50, 28, 35, 50, 49, 50, 50, 29, 33, 50, 41, 50, 50, 18, 50, 50, 50, 47, 50, 50, 50, 50, 50, 32, 36, 50, 25, 14, 22, 12, 21, 15, 50, 45, 50, 17, 50, 50, 50, 14, 50, 11, 15, 30, 50, 50, 50, 50, 23, 50, 50, 50, 38, 50, 50, 18, 23, 50, 45, 23, 48, 45, 50, 15, 15, 50, 50, 25, 50, 50, 50, 50, 42, 50, 50, 11, 44, 32, 27, 44, 43, 50, 50, 50, 50, 50, 50, 50, 11, 48, 45, 13, 18]
[0 0 0 0 0 0 0 0 0 0 0 0 0 0 0 0 0 0 0 0 0 0 0 0 0 0 0 0 0 0 0 0 0 0 0 0 0
 0 0 0 0 0 0 0 0 0 0 0 0 0 0 0 0 0 0 0 0 0 0 0 0 0 0 0 0 0 0 0 0 0 0 0 0 0
 0 0 0 0 0 0 0 0 0 0 0 0 0 0 0 0 0 0 0 0 0 0 0 0 0 0]
[1 1 1 1 1 1 1 1 1 1 1 1 1 1 1 1 1 1 1 1 1 1 1 1 1 1 1 1 1 1 1 1 1 1 1 1 1
 1 1 1 1 1 1 1 1 1 1 1 1 1 1 1 1 1 1 1 1 1 1 1 1 1 1 1 1 1 1 1 1 1 1 1 1 1
 1 1 1 1 1 1 1 1 1 1 1 1 1 1 1 1 1 1 1 1 1 1 1 1 1 1]
