[ 0  1  2  3  4  5  6  7  8  9 10 11 12 13 14 15 16 17 18 19 20 21 22 23
 24 25 26 27 28 29 30 31 32 33 34 35 36 37 38 39 40 41 42 43 44 45 46 47
 48 49 50 51 52 53 54 55 56 57 58 59 60 61 62 63 64 65 66 67 68 69 70 71
 72 73 74 75 76 77 78 79 80 81 82 83 84 85 86 87 88 89 90 91 92 93 94 95
 96 97 98 99]
[-1 -1 48 10 -1 66 -1 83 -1 41 65 -1 76 -1 84 44 67 15 10 33 45 25 72 84
 39 43 -1 -1 -1 24  0 -1 41  1 41 23  1  6 22 -1 14 56  4 -1 -1 13 44 97
 81 97 71 -1 27  5 -1  5 65 42 -1 36 47 -1 -1 -1 11 52 84 79 66 68 69 94
 46 79 47 82 -1 45 -1 93 60 -1 86 -1 48 81 -1 18 -1 37 -1 -1 -1 56 61  9
 61 -1 73 60]
[1 1 1 1 0 0 0 1 0 1 1 0 0 0 0 1 1 1 1 0 1 0 1 1 1 1 1 0 0 0 0 0 1 1 0 1 1
 1 1 0 1 1 0 1 0 1 1 0 0 1 0 1 0 1 1 0 1 0 1 0 0 0 1 0 1 1 1 1 1 1 0 0 1 0
 1 0 1 0 1 1 0 0 1 0 0 1 0 0 0 1 0 0 0 1 0 0 1 1 1 1]
[2 0 0 0 4 3 4 0 1 3 0 0 1 0 1 0 4 0 0 0 0 2 3 0 3 2 1 0 3 0 0 3 3 2 0 3 0
 0 0 3 0 0 0 4 0 0 2 3 0 0 0 0 4 0 0 3 3 4 0 4 0 0 0 0 4 2 0 0 0 3 0 0 0 0
 0 2 4 0 2 1 0 4 3 0 2 4 3 0 0 0 4 0 0 4 0 3 0 0 0 4]
[2 0 0 0 4 3 4 0 1 3 0 0 1 0 1 0 4 0 0 0 0 2 3 0 3 2 1 0 3 0 0 3 3 2 0 3 0
 0 0 3 0 0 0 4 0 0 2 3 0 0 0 0 4 0 0 3 3 4 0 4 0 0 0 0 4 2 0 0 0 3 0 0 0 0
 0 2 4 0 2 1 0 4 3 0 2 4 3 0 0 0 4 0 0 4 0 3 0 0 0 4]
[6 5 1 4 1 6 6 3 8 8 5 6 7 1 1 5 9 2 2 9 7 1 8 3 8 3 8 5 9 3 9 2 1 4 9 9 7
 2 2 8 6 7 3 4 1 5 5 3 9 6 5 5 6 3 2 3 3 5 5 7 5 4 6 1 2 1 4 2 9 6 1 3 8 4
 7 6 1 1 7 2 1 1 6 3 4 3 8 5 5 6 6 8 4 5 5 9 9 7 5 7]
[6 5 1 4 1 6 6 3 8 8 5 6 7 1 1 5 9 2 2 9 7 1 8 3 8 3 8 5 9 3 9 2 1 4 9 9 7
 2 2 8 6 7 3 4 1 5 5 3 9 6 5 5 6 3 2 3 3 5 5 7 5 4 6 1 2 1 4 2 9 6 1 3 8 4
 7 6 1 1 7 2 1 1 6 3 4 3 8 5 5 6 6 8 4 5 5 9 9 7 5 7]
[36, 40, 50, 50, 50, 50, 50, 50, 50, 47, 50, 25, 50, 50, 50, 20, 50, 50, 37, 50, 26, 50, 50, 25, 50, 18, 50, 13, 50, 20, 50, 42, 50, 23, 50, 18, 50, 46, 50, 43, 50, 50, 50, 50, 50, 50, 22, 50, 41, 24, 23, 50, 48, 50, 45, 50, 50, 50, 30, 15, 50, 23, 40, 10, 50, 12, 37, 50, 28, 37, 28, 50, 14, 50, 50, 25, 50, 50, 50, 50, 50, 14, 50, 16, 50, 16, 50, 36, 50, 26, 29, 10, 50, 24, 21, 39, 38, 50, 50, 50]
[0 0 0 0 0 0 0 0 0 0 0 0 0 0 0 0 0 0 0 0 0 0 0 0 0 0 0 0 0 0 0 0 0 0 0 0 0
 0 0 0 0 0 0 0 0 0 0 0 0 0 0 0 0 0 0 0 0 0 0 0 0 0 0 0 0 0 0 0 0 0 0 0 0 0
 0 0 0 0 0 0 0 0 0 0 0 0 0 0 0 0 0 0 0 0 0 0 0 0 0 0]
[1 1 1 1 1 1 1 1 1 1 1 1 1 1 1 1 1 1 1 1 1 1 1 1 1 1 1 1 1 1 1 1 1 1 1 1 1
 1 1 1 1 1 1 1 1 1 1 1 1 1 1 1 1 1 1 1 1 1 1 1 1 1 1 1 1 1 1 1 1 1 1 1 1 1
 1 1 1 1 1 1 1 1 1 1 1 1 1 1 1 1 1 1 1 1 1 1 1 1 1 1]
