[ 0  1  2  3  4  5  6  7  8  9 10 11 12 13 14 15 16 17 18 19 20 21 22 23
 24 25 26 27 28 29 30 31 32 33 34 35 36 37 38 39 40 41 42 43 44 45 46 47
 48 49 50 51 52 53 54 55 56 57 58 59 60 61 62 63 64 65 66 67 68 69 70 71
 72 73 74 75 76 77 78 79 80 81 82 83 84 85 86 87 88 89 90 91 92 93 94 95
 96 97 98 99]
[-1 99 10 72 -1 -1 -1 35  4 -1 56 -1 75 -1 31 16  8 54 26 76 27 -1 98 73
  0 56 -1 97 93 57 78 -1 59  4 50 -1 40 -1 40 -1 31 -1 -1 -1 -1 -1 95 21
 19 29 -1 40 98 10 78 -1 30 73 10 46 47 -1 35 25 28 57 -1 37  6 12 97 -1
 76 34 -1 41 92 59 84 -1  6 42 32 -1 15 -1 53 -1 43 77 15 30 34 -1 15  9
 -1 -1 68 40]
[0 1 0 0 1 0 0 0 0 0 0 0 1 1 1 0 1 0 0 1 1 0 0 0 0 0 0 1 1 0 1 0 1 1 1 1 0
 0 1 1 0 0 1 1 0 0 0 0 1 1 1 0 1 0 0 1 1 0 1 0 1 0 0 1 0 0 0 0 1 0 1 1 0 0
 0 1 0 1 0 0 0 1 1 0 1 1 1 1 0 1 1 0 1 1 1 1 0 1 0 1]
[0 3 1 0 1 4 0 0 0 0 0 0 0 4 3 0 0 0 4 0 0 3 2 4 0 0 0 0 1 1 0 0 1 3 2 0 1
 3 0 1 0 0 3 2 0 0 1 0 2 0 1 0 4 4 3 4 0 0 1 2 0 0 1 3 0 2 2 0 0 0 1 0 4 3
 1 3 1 0 0 4 0 0 0 0 0 0 0 1 3 0 1 4 0 0 2 4 2 0 1 0]
[0 3 1 0 1 4 0 0 0 0 0 0 0 4 3 0 0 0 4 0 0 3 2 4 0 0 0 0 1 1 0 0 1 3 2 0 1
 3 0 1 0 0 3 2 0 0 1 0 2 0 1 0 4 4 3 4 0 0 1 2 0 0 1 3 0 2 2 0 0 0 1 0 4 3
 1 3 1 0 0 4 0 0 0 0 0 0 0 1 3 0 1 4 0 0 2 4 2 0 1 0]
[4 1 7 1 7 2 9 2 5 8 2 6 3 9 3 4 8 9 7 3 1 4 1 2 7 1 8 6 7 7 9 7 8 2 9 4 4
 6 3 1 6 6 1 7 7 4 3 5 1 2 8 7 2 4 5 8 1 2 1 8 7 5 1 5 8 5 6 2 3 5 3 3 4 1
 6 6 8 3 4 5 7 3 4 3 6 8 6 9 8 2 6 2 4 7 3 8 4 3 7 1]
[4 1 7 1 7 2 9 2 5 8 2 6 3 9 3 4 8 9 7 3 1 4 1 2 7 1 8 6 7 7 9 7 8 2 9 4 4
 6 3 1 6 6 1 7 7 4 3 5 1 2 8 7 2 4 5 8 1 2 1 8 7 5 1 5 8 5 6 2 3 5 3 3 4 1
 6 6 8 3 4 5 7 3 4 3 6 8 6 9 8 2 6 2 4 7 3 8 4 3 7 1]
[50, 50, 49, 50, 50, 18, 50, 33, 23, 50, 50, 31, 50, 50, 50, 28, 25, 50, 33, 33, 42, 19, 50, 28, 46, 50, 50, 21, 24, 29, 37, 50, 36, 50, 22, 30, 37, 49, 50, 14, 50, 49, 50, 50, 19, 50, 14, 50, 18, 38, 46, 24, 31, 50, 32, 47, 50, 22, 50, 50, 22, 50, 32, 50, 45, 50, 50, 19, 50, 50, 46, 49, 50, 50, 50, 23, 50, 50, 49, 50, 18, 34, 27, 50, 50, 24, 30, 14, 50, 50, 50, 50, 43, 50, 50, 23, 44, 50, 11, 50]
[0 0 0 0 0 0 0 0 0 0 0 0 0 0 0 0 0 0 0 0 0 0 0 0 0 0 0 0 0 0 0 0 0 0 0 0 0
 0 0 0 0 0 0 0 0 0 0 0 0 0 0 0 0 0 0 0 0 0 0 0 0 0 0 0 0 0 0 0 0 0 0 0 0 0
 0 0 0 0 0 0 0 0 0 0 0 0 0 0 0 0 0 0 0 0 0 0 0 0 0 0]
[1 1 1 1 1 1 1 1 1 1 1 1 1 1 1 1 1 1 1 1 1 1 1 1 1 1 1 1 1 1 1 1 1 1 1 1 1
 1 1 1 1 1 1 1 1 1 1 1 1 1 1 1 1 1 1 1 1 1 1 1 1 1 1 1 1 1 1 1 1 1 1 1 1 1
 1 1 1 1 1 1 1 1 1 1 1 1 1 1 1 1 1 1 1 1 1 1 1 1 1 1]
