[ 0  1  2  3  4  5  6  7  8  9 10 11 12 13 14 15 16 17 18 19 20 21 22 23
 24 25 26 27 28 29 30 31 32 33 34 35 36 37 38 39 40 41 42 43 44 45 46 47
 48 49 50 51 52 53 54 55 56 57 58 59 60 61 62 63 64 65 66 67 68 69 70 71
 72 73 74 75 76 77 78 79 80 81 82 83 84 85 86 87 88 89 90 91 92 93 94 95
 96 97 98 99]
[98 11 -1 90  3 65 81 33 -1  0 46 -1 -1 -1 -1 -1  8 -1 -1 67  5 48 17 16
 26 -1 -1 97 -1 99 99  5 88 52 92  2 74  0 87 84 73 53 45 -1 10 -1 84 10
 39 62 86 -1  8 -1 19 62 -1 90 -1  4 -1 67 31 -1 45 43 -1 50 98 -1 -1  0
 -1 -1 56 -1 44 -1 94 12 71 -1  6 75 98 -1 -1 51 97 66  6 69 -1  8 25 78
 62 72 27 46]
[1 1 0 0 1 1 1 1 1 0 1 0 0 1 0 0 1 0 0 0 1 0 1 1 1 0 0 1 0 0 0 1 0 0 1 1 0
 1 1 1 0 1 1 0 1 0 0 0 1 1 1 1 1 0 0 0 1 1 0 1 0 0 1 1 0 0 1 1 1 1 0 1 0 0
 0 0 0 1 1 1 1 0 1 0 0 0 1 1 1 1 1 1 1 0 1 1 1 0 1 0]
[0 3 4 0 0 0 2 3 2 0 3 0 0 0 1 0 4 2 2 3 4 0 3 0 0 2 2 0 1 0 0 0 3 0 1 2 0
 2 0 0 0 2 0 0 0 4 0 2 0 2 0 0 4 0 3 1 0 2 0 0 0 0 2 0 2 0 1 0 0 1 0 0 0 4
 0 4 0 2 0 2 0 0 0 4 0 0 0 0 4 2 4 0 3 3 3 3 3 3 2 2]
[0 3 4 0 0 0 2 3 2 0 3 0 0 0 1 0 4 2 2 3 4 0 3 0 0 2 2 0 1 0 0 0 3 0 1 2 0
 2 0 0 0 2 0 0 0 4 0 2 0 2 0 0 4 0 3 1 0 2 0 0 0 0 2 0 2 0 1 0 0 1 0 0 0 4
 0 4 0 2 0 2 0 0 0 4 0 0 0 0 4 2 4 0 3 3 3 3 3 3 2 2]
[4 7 5 9 6 1 6 6 4 6 3 6 9 8 8 3 9 6 4 1 2 1 5 2 2 9 5 9 4 1 9 8 6 2 6 8 3
 2 5 1 8 7 9 7 5 8 4 8 5 5 6 1 4 5 9 2 6 8 3 9 6 9 5 9 3 9 8 8 3 6 5 4 6 9
 2 1 6 2 9 6 3 4 2 2 4 2 4 6 6 1 9 6 2 8 4 6 1 4 1 4]
[4 7 5 9 6 1 6 6 4 6 3 6 9 8 8 3 9 6 4 1 2 1 5 2 2 9 5 9 4 1 9 8 6 2 6 8 3
 2 5 1 8 7 9 7 5 8 4 8 5 5 6 1 4 5 9 2 6 8 3 9 6 9 5 9 3 9 8 8 3 6 5 4 6 9
 2 1 6 2 9 6 3 4 2 2 4 2 4 6 6 1 9 6 2 8 4 6 1 4 1 4]
[45, 50, 34, 48, 16, 37, 50, 50, 40, 39, 48, 50, 50, 16, 50, 50, 49, 50, 18, 38, 32, 34, 20, 50, 50, 50, 50, 20, 50, 11, 50, 28, 30, 21, 26, 45, 16, 50, 38, 50, 50, 11, 32, 25, 50, 50, 50, 25, 50, 36, 50, 45, 44, 48, 50, 13, 50, 35, 41, 50, 50, 39, 50, 42, 34, 50, 50, 50, 50, 50, 50, 44, 50, 50, 26, 35, 50, 50, 40, 50, 23, 18, 38, 50, 50, 50, 50, 14, 26, 50, 34, 50, 38, 50, 21, 14, 34, 31, 50, 45]
[0 0 0 0 0 0 0 0 0 0 0 0 0 0 0 0 0 0 0 0 0 0 0 0 0 0 0 0 0 0 0 0 0 0 0 0 0
 0 0 0 0 0 0 0 0 0 0 0 0 0 0 0 0 0 0 0 0 0 0 0 0 0 0 0 0 0 0 0 0 0 0 0 0 0
 0 0 0 0 0 0 0 0 0 0 0 0 0 0 0 0 0 0 0 0 0 0 0 0 0 0]
[1 1 1 1 1 1 1 1 1 1 1 1 1 1 1 1 1 1 1 1 1 1 1 1 1 1 1 1 1 1 1 1 1 1 1 1 1
 1 1 1 1 1 1 1 1 1 1 1 1 1 1 1 1 1 1 1 1 1 1 1 1 1 1 1 1 1 1 1 1 1 1 1 1 1
 1 1 1 1 1 1 1 1 1 1 1 1 1 1 1 1 1 1 1 1 1 1 1 1 1 1]
