[ 0  1  2  3  4  5  6  7  8  9 10 11 12 13 14 15 16 17 18 19 20 21 22 23
 24 25 26 27 28 29 30 31 32 33 34 35 36 37 38 39 40 41 42 43 44 45 46 47
 48 49 50 51 52 53 54 55 56 57 58 59 60 61 62 63 64 65 66 67 68 69 70 71
 72 73 74 75 76 77 78 79 80 81 82 83 84 85 86 87 88 89 90 91 92 93 94 95
 96 97 98 99]
[77 51 -1 40 -1 -1 42 -1 -1 77 23 73 -1 38 60  0 82 57 -1 83 -1 -1 -1 11
 -1 83 -1  3 95 -1 -1 92 92 45  7 69 -1 -1 96 -1 69 82 81 -1 59 20 -1 68
 37 63 -1 90 -1 76 -1 64 -1 89 -1 68 -1 -1 -1 98  1  2 86 36 53 -1 89 -1
 -1 70 90 85 50 20 73 -1 44 89 -1 44 25 -1 75 -1 65 -1 45 -1  0 -1 77 -1
 84 -1 -1 11]
[1 1 0 1 0 1 1 0 1 1 0 0 0 1 0 1 0 1 0 0 0 0 0 1 1 1 0 0 0 1 1 1 0 1 1 1 0
 0 1 1 0 0 1 1 0 1 1 0 0 1 1 1 1 0 0 0 1 1 0 1 0 0 0 1 0 1 1 1 1 1 0 0 0 1
 1 0 1 1 1 0 0 0 1 1 0 1 1 1 0 1 0 1 1 1 0 1 0 0 0 0]
[1 0 1 3 2 1 1 0 0 0 0 0 0 0 2 4 2 1 0 1 2 2 3 1 0 0 0 2 3 4 0 4 1 4 3 4 0
 0 2 0 3 0 3 3 0 0 0 4 1 1 0 1 3 2 4 0 4 4 0 0 0 4 0 4 2 0 2 2 4 4 0 3 3 4
 4 2 1 2 2 1 1 0 0 2 3 4 0 1 0 0 0 1 3 1 4 3 0 3 0 0]
[1 0 1 3 2 1 1 0 0 0 0 0 0 0 2 4 2 1 0 1 2 2 3 1 0 0 0 2 3 4 0 4 1 4 3 4 0
 0 2 0 3 0 3 3 0 0 0 4 1 1 0 1 3 2 4 0 4 4 0 0 0 4 0 4 2 0 2 2 4 4 0 3 3 4
 4 2 1 2 2 1 1 0 0 2 3 4 0 1 0 0 0 1 3 1 4 3 0 3 0 0]
[4 5 7 8 4 8 9 1 7 6 5 6 3 7 6 1 5 7 8 6 4 2 5 7 8 1 4 8 6 2 2 4 9 8 2 5 2
 9 9 7 3 7 6 9 9 1 8 1 8 7 9 2 7 6 7 8 6 3 8 2 2 8 2 3 2 3 3 7 9 3 7 5 1 9
 7 3 1 5 4 2 9 7 2 2 2 9 8 7 6 9 6 6 6 8 9 8 3 8 4 1]
[4 5 7 8 4 8 9 1 7 6 5 6 3 7 6 1 5 7 8 6 4 2 5 7 8 1 4 8 6 2 2 4 9 8 2 5 2
 9 9 7 3 7 6 9 9 1 8 1 8 7 9 2 7 6 7 8 6 3 8 2 2 8 2 3 2 3 3 7 9 3 7 5 1 9
 7 3 1 5 4 2 9 7 2 2 2 9 8 7 6 9 6 6 6 8 9 8 3 8 4 1]
[50, 28, 50, 50, 50, 50, 31, 28, 38, 50, 40, 24, 21, 46, 43, 50, 50, 42, 50, 50, 14, 23, 47, 50, 29, 50, 50, 48, 50, 50, 50, 50, 50, 50, 50, 34, 50, 25, 30, 37, 50, 25, 15, 16, 50, 18, 50, 36, 20, 39, 42, 50, 45, 50, 48, 19, 50, 30, 46, 50, 44, 10, 27, 50, 50, 50, 50, 32, 22, 41, 50, 50, 38, 50, 25, 50, 50, 50, 30, 50, 39, 20, 20, 13, 25, 39, 50, 10, 50, 50, 41, 50, 50, 16, 49, 42, 50, 50, 50, 40]
[0 0 0 0 0 0 0 0 0 0 0 0 0 0 0 0 0 0 0 0 0 0 0 0 0 0 0 0 0 0 0 0 0 0 0 0 0
 0 0 0 0 0 0 0 0 0 0 0 0 0 0 0 0 0 0 0 0 0 0 0 0 0 0 0 0 0 0 0 0 0 0 0 0 0
 0 0 0 0 0 0 0 0 0 0 0 0 0 0 0 0 0 0 0 0 0 0 0 0 0 0]
[1 1 1 1 1 1 1 1 1 1 1 1 1 1 1 1 1 1 1 1 1 1 1 1 1 1 1 1 1 1 1 1 1 1 1 1 1
 1 1 1 1 1 1 1 1 1 1 1 1 1 1 1 1 1 1 1 1 1 1 1 1 1 1 1 1 1 1 1 1 1 1 1 1 1
 1 1 1 1 1 1 1 1 1 1 1 1 1 1 1 1 1 1 1 1 1 1 1 1 1 1]
