[ 0  1  2  3  4  5  6  7  8  9 10 11 12 13 14 15 16 17 18 19 20 21 22 23
 24 25 26 27 28 29 30 31 32 33 34 35 36 37 38 39 40 41 42 43 44 45 46 47
 48 49 50 51 52 53 54 55 56 57 58 59 60 61 62 63 64 65 66 67 68 69 70 71
 72 73 74 75 76 77 78 79 80 81 82 83 84 85 86 87 88 89 90 91 92 93 94 95
 96 97 98 99]
[92 62 -1  1 53 57 82 54 65 81  9 -1 69 41 -1 -1 -1 -1 15 20 41 44 -1 -1
 -1 66 51 -1 -1 75 -1 77  4 34 28 97 -1 80 94  9 88 -1 43 80 56 37 -1  5
 74 55 -1 -1 73 -1 86 15 82 -1 89 -1 -1 33 12 50  2 98 43 51 67 97 13 51
 -1 41  8 -1 -1 -1 63 75 48 61 -1 71 93 26 50 90 85 25 -1 -1 -1 51 -1 -1
 -1 34 76 80]
[0 0 1 1 1 1 0 1 1 0 0 0 0 1 0 1 1 1 0 1 0 0 0 0 0 1 1 0 0 0 0 1 1 0 0 1 1
 0 0 1 1 1 0 1 0 1 1 1 0 1 0 0 0 1 0 0 1 0 0 0 0 0 0 0 0 1 0 0 0 0 0 1 1 0
 1 0 1 1 1 1 1 1 0 0 1 0 0 0 0 1 0 1 1 0 1 1 0 0 0 1]
[1 0 1 0 3 4 0 0 3 4 0 1 1 4 0 2 2 4 0 0 0 2 2 3 2 2 0 0 0 0 0 1 4 1 4 0 0
 3 4 2 2 0 3 0 0 4 0 4 1 0 0 1 0 0 1 2 2 4 4 3 0 0 3 4 2 0 3 0 0 0 0 2 4 0
 0 1 4 4 4 4 3 0 2 0 2 0 0 3 3 3 4 4 0 4 2 0 3 1 0 2]
[1 0 1 0 3 4 0 0 3 4 0 1 1 4 0 2 2 4 0 0 0 2 2 3 2 2 0 0 0 0 0 1 4 1 4 0 0
 3 4 2 2 0 3 0 0 4 0 4 1 0 0 1 0 0 1 2 2 4 4 3 0 0 3 4 2 0 3 0 0 0 0 2 4 0
 0 1 4 4 4 4 3 0 2 0 2 0 0 3 3 3 4 4 0 4 2 0 3 1 0 2]
[2 2 1 1 2 1 3 4 3 7 8 7 4 6 5 5 3 9 8 6 6 4 9 1 4 4 4 7 6 5 7 4 5 4 9 6 2
 9 3 3 9 5 2 9 7 6 6 9 9 6 7 3 9 5 4 2 3 4 4 1 6 5 7 7 3 2 9 5 9 9 5 4 6 3
 1 2 1 8 5 9 2 4 9 9 5 7 4 9 2 1 5 8 6 6 1 2 3 9 7 6]
[2 2 1 1 2 1 3 4 3 7 8 7 4 6 5 5 3 9 8 6 6 4 9 1 4 4 4 7 6 5 7 4 5 4 9 6 2
 9 3 3 9 5 2 9 7 6 6 9 9 6 7 3 9 5 4 2 3 4 4 1 6 5 7 7 3 2 9 5 9 9 5 4 6 3
 1 2 1 8 5 9 2 4 9 9 5 7 4 9 2 1 5 8 6 6 1 2 3 9 7 6]
[50, 19, 50, 50, 41, 50, 50, 50, 50, 42, 34, 22, 29, 39, 50, 50, 50, 32, 50, 50, 24, 50, 50, 50, 34, 33, 43, 50, 50, 50, 50, 50, 23, 11, 50, 50, 50, 50, 17, 37, 50, 20, 50, 50, 50, 39, 50, 33, 11, 50, 43, 50, 50, 50, 50, 31, 19, 38, 50, 26, 50, 50, 29, 45, 11, 50, 35, 43, 44, 50, 50, 50, 50, 50, 12, 50, 10, 27, 50, 10, 47, 26, 42, 40, 12, 50, 13, 41, 50, 50, 33, 50, 50, 50, 18, 16, 41, 15, 50, 50]
[0 0 0 0 0 0 0 0 0 0 0 0 0 0 0 0 0 0 0 0 0 0 0 0 0 0 0 0 0 0 0 0 0 0 0 0 0
 0 0 0 0 0 0 0 0 0 0 0 0 0 0 0 0 0 0 0 0 0 0 0 0 0 0 0 0 0 0 0 0 0 0 0 0 0
 0 0 0 0 0 0 0 0 0 0 0 0 0 0 0 0 0 0 0 0 0 0 0 0 0 0]
[1 1 1 1 1 1 1 1 1 1 1 1 1 1 1 1 1 1 1 1 1 1 1 1 1 1 1 1 1 1 1 1 1 1 1 1 1
 1 1 1 1 1 1 1 1 1 1 1 1 1 1 1 1 1 1 1 1 1 1 1 1 1 1 1 1 1 1 1 1 1 1 1 1 1
 1 1 1 1 1 1 1 1 1 1 1 1 1 1 1 1 1 1 1 1 1 1 1 1 1 1]
