[ 0  1  2  3  4  5  6  7  8  9 10 11 12 13 14 15 16 17 18 19 20 21 22 23
 24 25 26 27 28 29 30 31 32 33 34 35 36 37 38 39 40 41 42 43 44 45 46 47
 48 49 50 51 52 53 54 55 56 57 58 59 60 61 62 63 64 65 66 67 68 69 70 71
 72 73 74 75 76 77 78 79 80 81 82 83 84 85 86 87 88 89 90 91 92 93 94 95
 96 97 98 99]
[56 68 -1 35 -1 69 -1 74  6 54 -1 24 43 82 78 50 -1 69 10 47 -1 86  2 50
  3 -1 -1 86 98 -1 94 42 78 69 -1 32 -1 -1 84 46 70 34 39 91 62 93 -1 63
 32 74 62 96 -1 12 -1 54 21 -1 62 22 15 95 77  9 -1  1 11 -1 45 -1 24 -1
 -1 27 -1  2 12 -1 90 -1 -1 73 68 -1 67 86 62  9 70  8 20 65 71 42 10 84
 36 -1 91 67]
[0 0 0 0 1 1 1 1 0 0 1 0 0 0 1 0 1 1 0 0 1 0 0 0 1 0 0 0 0 0 0 0 1 0 0 0 0
 0 1 1 0 1 1 1 1 0 1 0 1 1 0 0 1 1 1 1 0 1 1 0 0 1 0 0 0 0 1 1 0 1 0 0 0 1
 0 0 1 1 1 1 1 0 1 1 0 1 1 0 1 1 0 0 1 0 1 0 1 1 1 0]
[3 4 3 0 4 0 0 1 0 4 4 3 3 0 4 0 0 4 0 4 0 1 0 4 4 0 4 0 0 4 3 1 0 4 0 0 0
 0 2 0 3 0 1 2 3 0 2 1 0 3 0 4 0 1 0 4 0 1 0 0 1 4 1 2 0 0 0 3 0 2 1 1 2 0
 0 4 0 0 0 0 3 1 0 3 3 0 4 0 3 4 0 0 0 0 0 2 4 0 2 4]
[3 4 3 0 4 0 0 1 0 4 4 3 3 0 4 0 0 4 0 4 0 1 0 4 4 0 4 0 0 4 3 1 0 4 0 0 0
 0 2 0 3 0 1 2 3 0 2 1 0 3 0 4 0 1 0 4 0 1 0 0 1 4 1 2 0 0 0 3 0 2 1 1 2 0
 0 4 0 0 0 0 3 1 0 3 3 0 4 0 3 4 0 0 0 0 0 2 4 0 2 4]
[6 7 4 1 3 8 5 5 4 9 8 2 9 3 3 3 6 4 5 2 2 6 1 9 5 9 7 2 9 4 8 1 4 1 8 8 9
 1 9 1 7 9 3 5 7 1 8 9 2 4 3 8 3 6 3 4 3 7 1 6 8 4 2 7 4 9 1 6 8 2 1 6 7 5
 4 6 2 2 3 5 6 7 9 6 6 3 9 6 5 3 9 9 2 6 8 9 5 2 3 8]
[6 7 4 1 3 8 5 5 4 9 8 2 9 3 3 3 6 4 5 2 2 6 1 9 5 9 7 2 9 4 8 1 4 1 8 8 9
 1 9 1 7 9 3 5 7 1 8 9 2 4 3 8 3 6 3 4 3 7 1 6 8 4 2 7 4 9 1 6 8 2 1 6 7 5
 4 6 2 2 3 5 6 7 9 6 6 3 9 6 5 3 9 9 2 6 8 9 5 2 3 8]
[50, 50, 50, 25, 50, 50, 50, 50, 23, 13, 50, 50, 50, 20, 30, 33, 50, 50, 50, 50, 28, 50, 44, 50, 50, 50, 50, 50, 26, 50, 16, 50, 50, 31, 24, 50, 30, 37, 37, 50, 39, 15, 50, 50, 50, 50, 50, 19, 44, 49, 50, 50, 20, 50, 25, 11, 50, 50, 26, 50, 28, 50, 37, 50, 37, 50, 50, 14, 50, 50, 45, 11, 50, 50, 19, 10, 50, 50, 42, 23, 12, 11, 50, 50, 34, 18, 42, 50, 50, 50, 50, 24, 50, 50, 50, 50, 24, 50, 21, 33]
[0 0 0 0 0 0 0 0 0 0 0 0 0 0 0 0 0 0 0 0 0 0 0 0 0 0 0 0 0 0 0 0 0 0 0 0 0
 0 0 0 0 0 0 0 0 0 0 0 0 0 0 0 0 0 0 0 0 0 0 0 0 0 0 0 0 0 0 0 0 0 0 0 0 0
 0 0 0 0 0 0 0 0 0 0 0 0 0 0 0 0 0 0 0 0 0 0 0 0 0 0]
[1 1 1 1 1 1 1 1 1 1 1 1 1 1 1 1 1 1 1 1 1 1 1 1 1 1 1 1 1 1 1 1 1 1 1 1 1
 1 1 1 1 1 1 1 1 1 1 1 1 1 1 1 1 1 1 1 1 1 1 1 1 1 1 1 1 1 1 1 1 1 1 1 1 1
 1 1 1 1 1 1 1 1 1 1 1 1 1 1 1 1 1 1 1 1 1 1 1 1 1 1]
