[ 0  1  2  3  4  5  6  7  8  9 10 11 12 13 14 15 16 17 18 19 20 21 22 23
 24 25 26 27 28 29 30 31 32 33 34 35 36 37 38 39 40 41 42 43 44 45 46 47
 48 49 50 51 52 53 54 55 56 57 58 59 60 61 62 63 64 65 66 67 68 69 70 71
 72 73 74 75 76 77 78 79 80 81 82 83 84 85 86 87 88 89 90 91 92 93 94 95
 96 97 98 99]
[-1 -1 11 63 46 64  1 -1 60 -1 -1  1 75 50 16 -1 -1 87  5  3 35 12  3 94
 35 -1 27 -1 -1 57 -1 -1 88 38 -1  7 64 59 68 84 -1  5 45 73 33 34 -1 82
 29 10 24 67 -1 81  1 28 53 -1 68 -1 -1 -1 -1 -1 34  3 -1 37 49 59 41 -1
 83 -1 -1 14 38 72 69 -1 76 77 61 -1 61 96 -1 46 67 -1 98  7 21 11 26 -1
 -1 61 -1 32]
[0 1 0 1 1 1 1 0 0 0 0 1 0 1 0 1 0 1 1 0 1 0 0 1 0 1 0 0 0 0 1 1 0 0 0 0 1
 0 0 0 0 0 0 0 0 1 1 0 0 0 1 0 0 0 1 0 0 1 0 1 1 1 1 0 1 0 0 1 1 0 0 1 1 1
 0 0 1 0 0 1 1 0 1 1 0 1 1 1 0 1 1 1 0 0 1 0 0 1 1 1]
[0 0 0 4 0 4 0 0 2 0 0 2 1 4 4 2 0 0 4 0 0 3 0 2 0 1 2 0 3 4 2 4 2 1 0 0 2
 1 0 4 0 1 0 1 4 4 0 0 3 3 0 3 2 3 4 4 0 0 4 0 2 0 0 1 0 4 0 0 0 0 1 0 3 0
 2 0 4 0 3 0 3 0 2 0 0 0 1 0 0 3 4 2 0 0 0 3 0 0 0 2]
[0 0 0 4 0 4 0 0 2 0 0 2 1 4 4 2 0 0 4 0 0 3 0 2 0 1 2 0 3 4 2 4 2 1 0 0 2
 1 0 4 0 1 0 1 4 4 0 0 3 3 0 3 2 3 4 4 0 0 4 0 2 0 0 1 0 4 0 0 0 0 1 0 3 0
 2 0 4 0 3 0 3 0 2 0 0 0 1 0 0 3 4 2 0 0 0 3 0 0 0 2]
[4 1 7 9 3 3 2 1 2 1 5 5 7 4 4 5 1 9 9 2 8 8 2 7 4 5 3 9 2 6 4 6 3 1 6 6 9
 2 2 9 4 2 2 4 7 8 2 1 1 2 8 6 2 2 5 6 7 1 7 1 5 9 5 1 3 8 3 9 6 7 4 3 5 3
 2 3 3 2 7 9 9 4 6 4 4 3 4 6 6 6 1 2 3 3 5 8 7 8 5 1]
[4 1 7 9 3 3 2 1 2 1 5 5 7 4 4 5 1 9 9 2 8 8 2 7 4 5 3 9 2 6 4 6 3 1 6 6 9
 2 2 9 4 2 2 4 7 8 2 1 1 2 8 6 2 2 5 6 7 1 7 1 5 9 5 1 3 8 3 9 6 7 4 3 5 3
 2 3 3 2 7 9 9 4 6 4 4 3 4 6 6 6 1 2 3 3 5 8 7 8 5 1]
[22, 46, 50, 26, 18, 42, 50, 50, 50, 50, 35, 50, 50, 28, 16, 50, 44, 33, 50, 21, 50, 43, 28, 30, 50, 50, 50, 50, 38, 28, 10, 50, 50, 31, 16, 38, 31, 50, 50, 50, 49, 26, 34, 50, 50, 50, 30, 50, 15, 50, 50, 15, 50, 50, 50, 50, 19, 42, 50, 18, 50, 50, 41, 50, 12, 50, 50, 36, 17, 45, 36, 16, 50, 17, 50, 48, 50, 50, 50, 50, 49, 50, 35, 43, 16, 48, 50, 50, 50, 14, 50, 19, 31, 38, 50, 28, 39, 50, 50, 50]
[0 0 0 0 0 0 0 0 0 0 0 0 0 0 0 0 0 0 0 0 0 0 0 0 0 0 0 0 0 0 0 0 0 0 0 0 0
 0 0 0 0 0 0 0 0 0 0 0 0 0 0 0 0 0 0 0 0 0 0 0 0 0 0 0 0 0 0 0 0 0 0 0 0 0
 0 0 0 0 0 0 0 0 0 0 0 0 0 0 0 0 0 0 0 0 0 0 0 0 0 0]
[1 1 1 1 1 1 1 1 1 1 1 1 1 1 1 1 1 1 1 1 1 1 1 1 1 1 1 1 1 1 1 1 1 1 1 1 1
 1 1 1 1 1 1 1 1 1 1 1 1 1 1 1 1 1 1 1 1 1 1 1 1 1 1 1 1 1 1 1 1 1 1 1 1 1
 1 1 1 1 1 1 1 1 1 1 1 1 1 1 1 1 1 1 1 1 1 1 1 1 1 1]
