[ 0  1  2  3  4  5  6  7  8  9 10 11 12 13 14 15 16 17 18 19 20 21 22 23
 24 25 26 27 28 29 30 31 32 33 34 35 36 37 38 39 40 41 42 43 44 45 46 47
 48 49 50 51 52 53 54 55 56 57 58 59 60 61 62 63 64 65 66 67 68 69 70 71
 72 73 74 75 76 77 78 79 80 81 82 83 84 85 86 87 88 89 90 91 92 93 94 95
 96 97 98 99]
[24 -1 -1 84 62 99 25 25 60 96 76 -1 32 65 16 -1 25 -1 -1 92 -1 -1 44 44
 59 24 -1 50 39 -1 -1 97 69 73 89 30 69 71 -1 92 33 39 -1 94 82 37 -1 63
  6 -1 -1 -1 30 44 -1 -1 12 83 49  8 76 -1 -1 17 72 56 97 -1 -1 26 -1 34
 52 -1 -1 32 73 95 -1 80 -1 -1 -1 -1 -1 -1 79 57 22 -1 59 71 66  5 -1 57
 19 -1 17 56]
[1 0 0 1 1 0 0 1 1 1 0 0 0 1 1 1 0 1 1 1 0 0 0 0 1 0 1 0 0 0 1 0 0 0 0 0 1
 0 0 0 0 0 0 0 0 0 1 0 1 1 1 1 1 1 1 0 0 0 1 0 0 0 1 1 0 0 1 0 1 0 1 1 0 0
 0 1 0 1 0 0 1 0 1 0 1 1 0 1 1 0 0 1 0 1 0 1 0 0 1 0]
[1 3 0 3 0 1 0 0 0 0 0 3 3 0 0 0 3 2 0 0 0 4 4 3 0 4 0 1 0 0 4 0 0 0 2 2 1
 0 0 0 3 3 0 0 1 0 3 0 0 4 0 3 0 0 0 4 0 0 0 0 4 0 1 0 0 0 3 0 1 4 2 0 1 4
 0 0 0 3 0 0 1 3 1 1 2 0 0 0 3 4 0 0 0 0 4 1 3 0 1 0]
[1 3 0 3 0 1 0 0 0 0 0 3 3 0 0 0 3 2 0 0 0 4 4 3 0 4 0 1 0 0 4 0 0 0 2 2 1
 0 0 0 3 3 0 0 1 0 3 0 0 4 0 3 0 0 0 4 0 0 0 0 4 0 1 0 0 0 3 0 1 4 2 0 1 4
 0 0 0 3 0 0 1 3 1 1 2 0 0 0 3 4 0 0 0 0 4 1 3 0 1 0]
[5 9 7 9 2 6 7 2 8 6 2 7 3 1 2 7 9 7 4 9 1 9 4 5 1 9 4 8 5 6 1 9 8 9 9 4 2
 8 2 9 7 5 3 1 8 9 3 8 4 2 8 2 9 5 4 6 8 1 6 1 5 2 4 2 7 8 2 2 1 9 4 4 4 2
 4 9 2 2 6 8 9 1 2 9 8 6 5 7 3 6 4 7 8 7 3 6 9 9 6 2]
[5 9 7 9 2 6 7 2 8 6 2 7 3 1 2 7 9 7 4 9 1 9 4 5 1 9 4 8 5 6 1 9 8 9 9 4 2
 8 2 9 7 5 3 1 8 9 3 8 4 2 8 2 9 5 4 6 8 1 6 1 5 2 4 2 7 8 2 2 1 9 4 4 4 2
 4 9 2 2 6 8 9 1 2 9 8 6 5 7 3 6 4 7 8 7 3 6 9 9 6 2]
[25, 50, 50, 50, 15, 50, 47, 50, 50, 50, 50, 50, 50, 26, 50, 50, 35, 17, 50, 48, 35, 38, 12, 50, 50, 50, 50, 50, 27, 50, 50, 50, 50, 50, 50, 47, 45, 50, 32, 50, 50, 50, 40, 11, 12, 50, 50, 33, 23, 50, 50, 30, 46, 24, 26, 50, 50, 29, 50, 50, 50, 44, 50, 29, 50, 50, 50, 50, 18, 50, 46, 50, 50, 16, 21, 50, 12, 47, 23, 50, 11, 29, 30, 46, 50, 20, 50, 50, 44, 50, 13, 29, 21, 38, 50, 11, 17, 40, 50, 22]
[0 0 0 0 0 0 0 0 0 0 0 0 0 0 0 0 0 0 0 0 0 0 0 0 0 0 0 0 0 0 0 0 0 0 0 0 0
 0 0 0 0 0 0 0 0 0 0 0 0 0 0 0 0 0 0 0 0 0 0 0 0 0 0 0 0 0 0 0 0 0 0 0 0 0
 0 0 0 0 0 0 0 0 0 0 0 0 0 0 0 0 0 0 0 0 0 0 0 0 0 0]
[1 1 1 1 1 1 1 1 1 1 1 1 1 1 1 1 1 1 1 1 1 1 1 1 1 1 1 1 1 1 1 1 1 1 1 1 1
 1 1 1 1 1 1 1 1 1 1 1 1 1 1 1 1 1 1 1 1 1 1 1 1 1 1 1 1 1 1 1 1 1 1 1 1 1
 1 1 1 1 1 1 1 1 1 1 1 1 1 1 1 1 1 1 1 1 1 1 1 1 1 1]
