[ 0  1  2  3  4  5  6  7  8  9 10 11 12 13 14 15 16 17 18 19 20 21 22 23
 24 25 26 27 28 29 30 31 32 33 34 35 36 37 38 39 40 41 42 43 44 45 46 47
 48 49 50 51 52 53 54 55 56 57 58 59 60 61 62 63 64 65 66 67 68 69 70 71
 72 73 74 75 76 77 78 79 80 81 82 83 84 85 86 87 88 89 90 91 92 93 94 95
 96 97 98 99]
[-1 -1 20 10 -1 53 -1 53 64  3 75 35 -1 54 84 -1 91  3 -1 63 -1 90 80 18
 -1 68 -1 -1 -1 -1 74 24 64  9 24 -1 24 -1 70 -1 37 20 -1 36 -1 68 -1 97
 85 17 16 -1 -1 -1 47 49 51 14 -1 91 -1 -1 63 20 -1 -1 98 -1 -1 95 64 -1
 29 -1 22 76 -1 -1 96 40 11 -1 -1 -1 91 -1 -1 -1 46 71 82 -1 -1 -1 -1 -1
 92 40 68 94]
[1 1 0 1 0 1 0 1 1 0 0 1 0 0 0 0 0 1 0 0 1 0 0 0 1 0 0 1 1 1 0 1 0 0 0 0 0
 1 0 1 0 0 1 0 0 1 1 1 0 0 0 1 1 0 0 0 1 0 1 1 0 0 0 1 1 1 1 1 1 1 1 1 0 0
 1 1 0 1 1 0 0 1 1 1 1 1 1 1 1 0 0 0 0 0 0 0 1 0 1 0]
[0 2 0 0 0 4 2 0 0 0 0 0 4 0 2 0 4 0 0 0 0 0 2 1 0 3 4 2 1 1 0 2 0 4 0 4 1
 0 0 0 0 0 2 0 4 1 3 3 0 0 0 0 2 0 4 0 2 1 0 0 3 1 0 2 2 3 0 3 4 0 0 1 0 3
 0 0 0 0 1 0 0 4 0 4 0 1 0 4 3 0 0 0 4 0 0 0 0 0 4 3]
[0 2 0 0 0 4 2 0 0 0 0 0 4 0 2 0 4 0 0 0 0 0 2 1 0 3 4 2 1 1 0 2 0 4 0 4 1
 0 0 0 0 0 2 0 4 1 3 3 0 0 0 0 2 0 4 0 2 1 0 0 3 1 0 2 2 3 0 3 4 0 0 1 0 3
 0 0 0 0 1 0 0 4 0 4 0 1 0 4 3 0 0 0 4 0 0 0 0 0 4 3]
[4 5 6 6 4 6 6 9 1 8 3 9 5 2 1 4 8 4 1 1 7 5 2 5 6 9 7 2 7 1 1 1 7 8 2 3 1
 2 4 6 3 8 1 4 8 7 8 6 7 2 9 3 6 3 4 9 4 5 8 1 8 8 5 3 3 4 5 3 3 1 6 2 7 6
 5 3 5 5 9 9 5 6 6 3 1 3 7 6 6 3 4 8 5 4 4 5 1 1 6 6]
[4 5 6 6 4 6 6 9 1 8 3 9 5 2 1 4 8 4 1 1 7 5 2 5 6 9 7 2 7 1 1 1 7 8 2 3 1
 2 4 6 3 8 1 4 8 7 8 6 7 2 9 3 6 3 4 9 4 5 8 1 8 8 5 3 3 4 5 3 3 1 6 2 7 6
 5 3 5 5 9 9 5 6 6 3 1 3 7 6 6 3 4 8 5 4 4 5 1 1 6 6]
[50, 50, 26, 50, 49, 37, 20, 50, 39, 50, 17, 39, 50, 50, 10, 11, 50, 41, 50, 50, 14, 50, 50, 26, 50, 43, 50, 25, 30, 50, 50, 21, 42, 50, 50, 50, 19, 50, 50, 47, 13, 50, 50, 50, 11, 50, 50, 37, 46, 30, 50, 44, 43, 50, 14, 41, 35, 50, 50, 50, 50, 50, 22, 50, 50, 16, 50, 50, 33, 30, 15, 50, 50, 50, 50, 50, 50, 37, 50, 50, 11, 18, 50, 24, 50, 21, 50, 50, 50, 50, 16, 35, 50, 50, 46, 50, 35, 50, 10, 11]
[0 0 0 0 0 0 0 0 0 0 0 0 0 0 0 0 0 0 0 0 0 0 0 0 0 0 0 0 0 0 0 0 0 0 0 0 0
 0 0 0 0 0 0 0 0 0 0 0 0 0 0 0 0 0 0 0 0 0 0 0 0 0 0 0 0 0 0 0 0 0 0 0 0 0
 0 0 0 0 0 0 0 0 0 0 0 0 0 0 0 0 0 0 0 0 0 0 0 0 0 0]
[1 1 1 1 1 1 1 1 1 1 1 1 1 1 1 1 1 1 1 1 1 1 1 1 1 1 1 1 1 1 1 1 1 1 1 1 1
 1 1 1 1 1 1 1 1 1 1 1 1 1 1 1 1 1 1 1 1 1 1 1 1 1 1 1 1 1 1 1 1 1 1 1 1 1
 1 1 1 1 1 1 1 1 1 1 1 1 1 1 1 1 1 1 1 1 1 1 1 1 1 1]
