[ 0  1  2  3  4  5  6  7  8  9 10 11 12 13 14 15 16 17 18 19 20 21 22 23
 24 25 26 27 28 29 30 31 32 33 34 35 36 37 38 39 40 41 42 43 44 45 46 47
 48 49 50 51 52 53 54 55 56 57 58 59 60 61 62 63 64 65 66 67 68 69 70 71
 72 73 74 75 76 77 78 79 80 81 82 83 84 85 86 87 88 89 90 91 92 93 94 95
 96 97 98 99]
[62 48 89 56  6 25 94 -1 -1 73  3 -1 42 60 93 -1 69 -1 39 -1  2  2 96 -1
 -1 26 -1 -1  5 -1 89 -1 11 40 -1 15 76 66 75 63 -1 -1 72 96 -1 47 36 87
 65 58 40 28 64 -1 79 -1 31 -1 40 13 43 82 45 -1 54 90 98 49 -1 42 36 -1
 86 -1 68 93 -1 68 18 -1 -1  4  8  3 49 13 -1 64 82 57 67 -1 36 63 32 37
  7 68 -1 -1]
[0 1 0 0 1 0 0 1 1 1 0 0 0 0 0 1 0 1 1 0 1 0 1 1 0 1 1 1 1 0 1 0 1 1 1 0 1
 0 0 0 0 1 0 0 0 0 0 1 0 1 1 1 1 1 1 1 1 1 1 0 0 0 0 0 1 1 1 1 0 1 1 1 1 0
 0 1 1 1 1 0 1 0 1 1 0 1 0 0 0 0 0 1 1 1 0 1 0 1 0 0]
[2 0 0 2 0 3 0 0 0 3 0 0 0 3 0 4 1 0 4 0 1 0 0 4 4 0 1 0 3 0 1 4 4 0 1 0 4
 0 0 3 0 0 0 0 4 4 0 0 3 2 4 2 0 0 3 0 2 0 0 1 1 0 0 0 2 0 0 2 2 0 2 2 0 0
 0 0 0 3 0 1 0 0 0 0 0 0 0 3 4 0 0 3 0 2 0 3 1 3 0 4]
[2 0 0 2 0 3 0 0 0 3 0 0 0 3 0 4 1 0 4 0 1 0 0 4 4 0 1 0 3 0 1 4 4 0 1 0 4
 0 0 3 0 0 0 0 4 4 0 0 3 2 4 2 0 0 3 0 2 0 0 1 1 0 0 0 2 0 0 2 2 0 2 2 0 0
 0 0 0 3 0 1 0 0 0 0 0 0 0 3 4 0 0 3 0 2 0 3 1 3 0 4]
[6 2 3 5 9 8 8 6 2 7 1 1 4 4 3 6 2 2 2 2 3 3 2 2 4 7 9 9 8 6 5 9 5 5 1 8 2
 2 1 8 2 1 3 7 1 5 2 7 5 9 4 7 3 3 5 1 3 5 6 5 8 7 8 7 6 7 5 5 4 7 3 9 1 4
 1 4 7 6 5 8 1 7 7 2 7 5 1 7 9 7 2 6 4 9 5 7 3 9 9 6]
[6 2 3 5 9 8 8 6 2 7 1 1 4 4 3 6 2 2 2 2 3 3 2 2 4 7 9 9 8 6 5 9 5 5 1 8 2
 2 1 8 2 1 3 7 1 5 2 7 5 9 4 7 3 3 5 1 3 5 6 5 8 7 8 7 6 7 5 5 4 7 3 9 1 4
 1 4 7 6 5 8 1 7 7 2 7 5 1 7 9 7 2 6 4 9 5 7 3 9 9 6]
[50, 50, 50, 30, 50, 50, 50, 46, 50, 50, 50, 11, 50, 35, 50, 50, 50, 50, 37, 48, 20, 34, 32, 45, 25, 34, 24, 50, 50, 50, 50, 17, 12, 50, 50, 44, 50, 50, 50, 50, 50, 50, 10, 50, 38, 50, 12, 50, 50, 44, 50, 23, 42, 50, 50, 50, 21, 15, 50, 50, 21, 50, 32, 50, 47, 50, 28, 35, 50, 50, 50, 29, 26, 31, 50, 50, 50, 19, 18, 11, 50, 31, 15, 23, 50, 32, 50, 50, 42, 17, 23, 50, 18, 50, 50, 15, 38, 50, 50, 50]
[0 0 0 0 0 0 0 0 0 0 0 0 0 0 0 0 0 0 0 0 0 0 0 0 0 0 0 0 0 0 0 0 0 0 0 0 0
 0 0 0 0 0 0 0 0 0 0 0 0 0 0 0 0 0 0 0 0 0 0 0 0 0 0 0 0 0 0 0 0 0 0 0 0 0
 0 0 0 0 0 0 0 0 0 0 0 0 0 0 0 0 0 0 0 0 0 0 0 0 0 0]
[1 1 1 1 1 1 1 1 1 1 1 1 1 1 1 1 1 1 1 1 1 1 1 1 1 1 1 1 1 1 1 1 1 1 1 1 1
 1 1 1 1 1 1 1 1 1 1 1 1 1 1 1 1 1 1 1 1 1 1 1 1 1 1 1 1 1 1 1 1 1 1 1 1 1
 1 1 1 1 1 1 1 1 1 1 1 1 1 1 1 1 1 1 1 1 1 1 1 1 1 1]
