[ 0  1  2  3  4  5  6  7  8  9 10 11 12 13 14 15 16 17 18 19 20 21 22 23
 24 25 26 27 28 29 30 31 32 33 34 35 36 37 38 39 40 41 42 43 44 45 46 47
 48 49 50 51 52 53 54 55 56 57 58 59 60 61 62 63 64 65 66 67 68 69 70 71
 72 73 74 75 76 77 78 79 80 81 82 83 84 85 86 87 88 89 90 91 92 93 94 95
 96 97 98 99]
[-1 37 44 -1 -1 -1 28 -1 11 -1 -1 -1 75 73 59 53 74 -1 93 52 59 32 68 54
 -1 75 43 54 24 12 21  3 -1 -1 67 -1 -1  4 78 51 62 -1 26 -1 17 82 98 -1
 -1 -1 25 -1 -1 66 -1 45 -1  5 -1 50 34 88 73 12 39 75 34 -1 25 39 -1 31
 47 -1 25 46 56  1 68 26 43 41 -1 75 20 42  4  1  8 -1 -1 89 -1  7 97 66
 -1 34 27 -1]
[1 1 0 0 1 0 0 0 1 1 1 1 0 1 0 0 1 1 1 1 1 1 0 0 1 0 1 0 0 0 1 0 0 0 0 1 0
 0 0 0 0 1 0 1 1 0 1 0 1 1 1 1 0 1 1 1 0 0 1 0 0 0 0 1 1 1 1 0 1 0 1 1 1 1
 1 1 0 0 1 1 0 1 0 0 0 0 1 0 1 0 0 0 0 0 1 0 1 1 1 1]
[1 0 1 1 0 0 0 3 1 0 0 4 2 1 0 4 0 0 0 0 0 0 0 1 1 3 0 0 4 0 2 3 3 3 4 0 0
 3 0 4 0 2 3 2 2 4 4 0 0 4 0 3 3 0 0 3 0 1 4 0 0 2 1 3 0 1 0 3 4 1 0 4 4 1
 0 0 0 4 4 0 0 0 0 1 0 0 0 4 4 0 0 0 3 2 0 0 3 4 2 2]
[1 0 1 1 0 0 0 3 1 0 0 4 2 1 0 4 0 0 0 0 0 0 0 1 1 3 0 0 4 0 2 3 3 3 4 0 0
 3 0 4 0 2 3 2 2 4 4 0 0 4 0 3 3 0 0 3 0 1 4 0 0 2 1 3 0 1 0 3 4 1 0 4 4 1
 0 0 0 4 4 0 0 0 0 1 0 0 0 4 4 0 0 0 3 2 0 0 3 4 2 2]
[3 6 7 1 9 3 8 7 6 5 5 2 5 4 8 9 6 8 4 3 1 5 7 7 4 4 7 2 8 5 8 1 7 7 8 5 8
 2 6 9 1 5 8 4 3 7 1 2 1 8 8 8 1 9 8 6 8 8 4 6 6 8 8 8 4 3 9 6 1 3 9 8 9 4
 5 9 1 9 5 4 8 5 8 3 6 1 6 6 7 1 3 9 2 6 3 1 6 1 4 5]
[3 6 7 1 9 3 8 7 6 5 5 2 5 4 8 9 6 8 4 3 1 5 7 7 4 4 7 2 8 5 8 1 7 7 8 5 8
 2 6 9 1 5 8 4 3 7 1 2 1 8 8 8 1 9 8 6 8 8 4 6 6 8 8 8 4 3 9 6 1 3 9 8 9 4
 5 9 1 9 5 4 8 5 8 3 6 1 6 6 7 1 3 9 2 6 3 1 6 1 4 5]
[26, 50, 16, 19, 11, 50, 50, 50, 28, 50, 50, 16, 50, 50, 32, 28, 30, 42, 50, 12, 50, 50, 50, 26, 50, 43, 50, 50, 19, 50, 50, 23, 44, 50, 50, 50, 30, 28, 25, 49, 10, 50, 33, 50, 29, 50, 50, 46, 23, 50, 50, 50, 43, 48, 46, 45, 50, 47, 50, 50, 16, 50, 50, 50, 50, 50, 50, 50, 45, 46, 50, 29, 50, 44, 50, 50, 18, 25, 37, 50, 38, 44, 31, 50, 34, 29, 39, 50, 22, 50, 44, 13, 50, 37, 18, 14, 50, 50, 10, 50]
[0 0 0 0 0 0 0 0 0 0 0 0 0 0 0 0 0 0 0 0 0 0 0 0 0 0 0 0 0 0 0 0 0 0 0 0 0
 0 0 0 0 0 0 0 0 0 0 0 0 0 0 0 0 0 0 0 0 0 0 0 0 0 0 0 0 0 0 0 0 0 0 0 0 0
 0 0 0 0 0 0 0 0 0 0 0 0 0 0 0 0 0 0 0 0 0 0 0 0 0 0]
[1 1 1 1 1 1 1 1 1 1 1 1 1 1 1 1 1 1 1 1 1 1 1 1 1 1 1 1 1 1 1 1 1 1 1 1 1
 1 1 1 1 1 1 1 1 1 1 1 1 1 1 1 1 1 1 1 1 1 1 1 1 1 1 1 1 1 1 1 1 1 1 1 1 1
 1 1 1 1 1 1 1 1 1 1 1 1 1 1 1 1 1 1 1 1 1 1 1 1 1 1]
