[ 0  1  2  3  4  5  6  7  8  9 10 11 12 13 14 15 16 17 18 19 20 21 22 23
 24 25 26 27 28 29 30 31 32 33 34 35 36 37 38 39 40 41 42 43 44 45 46 47
 48 49 50 51 52 53 54 55 56 57 58 59 60 61 62 63 64 65 66 67 68 69 70 71
 72 73 74 75 76 77 78 79 80 81 82 83 84 85 86 87 88 89 90 91 92 93 94 95
 96 97 98 99]
[80 51 78 -1 45 12 67 21 79 83 -1 -1 14 39 73 37 18 -1 -1 52 79 89 96 55
 17 13 -1  0 -1 62 -1 32 -1 -1 -1  6 -1 77 32 30 -1 28 -1 -1 73 -1 63 30
 67 38 -1 -1 39 52 -1 -1 -1 39 59 20 -1 21  2 -1 85 24 77 30 -1 65 36 -1
 15 -1 53 28 27 -1 17  3 40 -1 34  3 47 -1 -1 -1 69 44 -1 76 52 86 -1 -1
 -1 98 20 95]
[0 1 1 1 0 0 0 1 1 1 0 0 0 0 0 1 0 0 0 0 0 0 0 0 0 1 0 0 1 1 0 1 1 0 1 1 1
 1 1 1 1 1 0 1 0 0 0 0 1 1 0 0 0 0 1 1 1 0 1 1 1 1 1 1 1 1 1 1 0 1 0 1 1 1
 1 1 0 0 0 0 1 0 1 1 1 0 1 1 0 1 0 1 1 0 1 1 0 0 0 0]
[0 1 0 1 2 0 1 3 0 3 0 1 0 0 0 1 0 0 0 0 1 3 0 0 0 3 0 1 1 0 4 3 0 2 2 0 0
 0 0 1 0 3 0 0 4 3 2 3 1 2 0 0 4 0 0 0 1 1 0 2 0 4 0 4 0 0 1 0 4 2 0 0 3 1
 4 0 0 3 0 1 4 2 4 0 2 3 1 0 4 0 0 2 4 1 3 0 4 2 0 0]
[0 1 0 1 2 0 1 3 0 3 0 1 0 0 0 1 0 0 0 0 1 3 0 0 0 3 0 1 1 0 4 3 0 2 2 0 0
 0 0 1 0 3 0 0 4 3 2 3 1 2 0 0 4 0 0 0 1 1 0 2 0 4 0 4 0 0 1 0 4 2 0 0 3 1
 4 0 0 3 0 1 4 2 4 0 2 3 1 0 4 0 0 2 4 1 3 0 4 2 0 0]
[6 2 7 8 1 5 5 9 6 2 6 8 4 7 1 9 2 7 7 4 1 2 4 9 8 7 2 7 8 3 5 8 3 1 6 1 7
 5 6 9 6 2 3 5 1 4 3 8 4 5 8 4 5 9 8 3 7 2 9 8 3 7 4 9 5 3 1 2 8 9 3 9 4 7
 9 9 6 7 8 6 7 7 3 8 3 4 9 4 3 3 9 8 8 2 8 4 5 7 7 2]
[6 2 7 8 1 5 5 9 6 2 6 8 4 7 1 9 2 7 7 4 1 2 4 9 8 7 2 7 8 3 5 8 3 1 6 1 7
 5 6 9 6 2 3 5 1 4 3 8 4 5 8 4 5 9 8 3 7 2 9 8 3 7 4 9 5 3 1 2 8 9 3 9 4 7
 9 9 6 7 8 6 7 7 3 8 3 4 9 4 3 3 9 8 8 2 8 4 5 7 7 2]
[41, 50, 50, 50, 11, 24, 18, 31, 50, 50, 50, 50, 14, 50, 50, 50, 50, 50, 50, 13, 18, 50, 50, 50, 25, 50, 19, 23, 50, 50, 41, 11, 50, 50, 50, 12, 50, 50, 50, 42, 50, 50, 50, 27, 21, 38, 50, 43, 50, 32, 45, 34, 50, 50, 24, 50, 33, 50, 50, 36, 50, 50, 50, 50, 50, 36, 50, 31, 50, 31, 31, 19, 15, 29, 46, 50, 10, 30, 50, 50, 47, 11, 10, 50, 18, 50, 47, 50, 50, 43, 50, 50, 11, 50, 50, 50, 29, 50, 30, 50]
[0 0 0 0 0 0 0 0 0 0 0 0 0 0 0 0 0 0 0 0 0 0 0 0 0 0 0 0 0 0 0 0 0 0 0 0 0
 0 0 0 0 0 0 0 0 0 0 0 0 0 0 0 0 0 0 0 0 0 0 0 0 0 0 0 0 0 0 0 0 0 0 0 0 0
 0 0 0 0 0 0 0 0 0 0 0 0 0 0 0 0 0 0 0 0 0 0 0 0 0 0]
[1 1 1 1 1 1 1 1 1 1 1 1 1 1 1 1 1 1 1 1 1 1 1 1 1 1 1 1 1 1 1 1 1 1 1 1 1
 1 1 1 1 1 1 1 1 1 1 1 1 1 1 1 1 1 1 1 1 1 1 1 1 1 1 1 1 1 1 1 1 1 1 1 1 1
 1 1 1 1 1 1 1 1 1 1 1 1 1 1 1 1 1 1 1 1 1 1 1 1 1 1]
