[ 0  1  2  3  4  5  6  7  8  9 10 11 12 13 14 15 16 17 18 19 20 21 22 23
 24 25 26 27 28 29 30 31 32 33 34 35 36 37 38 39 40 41 42 43 44 45 46 47
 48 49 50 51 52 53 54 55 56 57 58 59 60 61 62 63 64 65 66 67 68 69 70 71
 72 73 74 75 76 77 78 79 80 81 82 83 84 85 86 87 88 89 90 91 92 93 94 95
 96 97 98 99]
[-1 33 10 61 90 94 -1 24 -1 -1 95 84  1 -1 -1 52 13 95 71 -1 -1 11 68 -1
  4 53 30 92  2  7 25 61 83 54  1 13 70 72 -1 76 49 88 65 84 62 58 86  4
 -1 59 24 23 58 78 76 64 68 26 25 -1 -1 -1 53 26 53 41 -1 -1 98 72 69 91
 -1 -1 19 -1 30 36 24 26 -1  7 40 -1 78 67 71 50 38 80 71 27 -1  2 50 94
 40 -1 12 73]
[1 1 0 0 1 1 0 1 1 0 0 0 0 1 1 1 1 0 1 1 0 0 1 1 1 0 0 0 1 0 0 0 0 1 0 0 1
 0 0 1 1 0 1 0 1 1 0 0 1 0 0 0 0 1 0 0 0 1 1 0 1 1 1 0 0 1 1 1 1 0 1 1 0 1
 0 0 0 1 0 1 0 0 0 0 1 0 1 0 0 0 1 0 1 1 1 0 1 0 0 1]
[4 1 0 3 0 2 0 0 4 0 0 0 3 0 2 2 2 0 0 0 2 3 0 0 0 1 0 0 0 0 2 3 0 0 0 1 4
 4 0 0 1 1 0 2 3 4 4 3 0 0 0 0 0 0 0 0 2 4 2 4 1 2 0 0 3 0 3 0 1 0 0 0 0 0
 0 0 2 0 2 0 0 0 1 4 1 0 1 2 0 4 0 0 2 3 4 3 0 0 3 3]
[4 1 0 3 0 2 0 0 4 0 0 0 3 0 2 2 2 0 0 0 2 3 0 0 0 1 0 0 0 0 2 3 0 0 0 1 4
 4 0 0 1 1 0 2 3 4 4 3 0 0 0 0 0 0 0 0 2 4 2 4 1 2 0 0 3 0 3 0 1 0 0 0 0 0
 0 0 2 0 2 0 0 0 1 4 1 0 1 2 0 4 0 0 2 3 4 3 0 0 3 3]
[6 1 4 8 2 2 9 3 5 2 1 8 4 2 1 2 3 3 1 3 3 7 5 4 9 1 8 1 2 3 8 2 2 2 3 8 4
 3 2 2 2 4 6 1 9 6 1 3 2 4 5 4 7 5 2 1 7 4 9 3 1 8 6 7 2 6 4 8 5 2 6 4 2 4
 3 9 8 2 7 2 6 3 3 2 9 1 5 5 5 4 6 3 3 5 2 7 5 4 6 8]
[6 1 4 8 2 2 9 3 5 2 1 8 4 2 1 2 3 3 1 3 3 7 5 4 9 1 8 1 2 3 8 2 2 2 3 8 4
 3 2 2 2 4 6 1 9 6 1 3 2 4 5 4 7 5 2 1 7 4 9 3 1 8 6 7 2 6 4 8 5 2 6 4 2 4
 3 9 8 2 7 2 6 3 3 2 9 1 5 5 5 4 6 3 3 5 2 7 5 4 6 8]
[11, 34, 50, 50, 50, 28, 50, 47, 50, 36, 37, 50, 50, 18, 38, 50, 14, 49, 33, 49, 39, 50, 36, 36, 10, 21, 33, 50, 50, 50, 50, 34, 41, 48, 11, 34, 49, 50, 47, 35, 47, 50, 50, 14, 41, 15, 50, 50, 50, 33, 50, 31, 50, 12, 50, 34, 37, 50, 50, 40, 49, 50, 50, 50, 50, 50, 34, 26, 20, 49, 50, 21, 46, 38, 17, 50, 26, 28, 50, 50, 36, 47, 50, 14, 50, 50, 50, 50, 48, 46, 36, 50, 20, 37, 30, 26, 42, 42, 50, 50]
[0 0 0 0 0 0 0 0 0 0 0 0 0 0 0 0 0 0 0 0 0 0 0 0 0 0 0 0 0 0 0 0 0 0 0 0 0
 0 0 0 0 0 0 0 0 0 0 0 0 0 0 0 0 0 0 0 0 0 0 0 0 0 0 0 0 0 0 0 0 0 0 0 0 0
 0 0 0 0 0 0 0 0 0 0 0 0 0 0 0 0 0 0 0 0 0 0 0 0 0 0]
[1 1 1 1 1 1 1 1 1 1 1 1 1 1 1 1 1 1 1 1 1 1 1 1 1 1 1 1 1 1 1 1 1 1 1 1 1
 1 1 1 1 1 1 1 1 1 1 1 1 1 1 1 1 1 1 1 1 1 1 1 1 1 1 1 1 1 1 1 1 1 1 1 1 1
 1 1 1 1 1 1 1 1 1 1 1 1 1 1 1 1 1 1 1 1 1 1 1 1 1 1]
