[ 0  1  2  3  4  5  6  7  8  9 10 11 12 13 14 15 16 17 18 19 20 21 22 23
 24 25 26 27 28 29 30 31 32 33 34 35 36 37 38 39 40 41 42 43 44 45 46 47
 48 49 50 51 52 53 54 55 56 57 58 59 60 61 62 63 64 65 66 67 68 69 70 71
 72 73 74 75 76 77 78 79 80 81 82 83 84 85 86 87 88 89 90 91 92 93 94 95
 96 97 98 99]
[59 22 83 61 72 80 54 74 -1 -1 -1 83 39 -1 95 88 26 19 58 87 -1 68 -1 -1
 22 37 61 -1 10 -1 -1 -1 81 -1 87 -1 19 83 74 71 25 -1 87 -1 89 78 48 -1
 47 28 30 31 30 -1 85 67 -1 -1 71 42 21 -1 -1 75 53 26  6 63 -1 18 -1  1
 89 -1 50 95 -1 90 -1 85 -1 59 87 78 17 -1 65 -1  1 -1 56 18 -1 62 -1 -1
 12 -1 47 62]
[1 0 1 1 0 1 1 0 1 1 1 1 1 1 1 1 1 1 0 1 1 1 0 0 0 0 0 1 0 1 1 1 1 1 0 0 0
 1 1 1 0 0 1 1 0 1 1 1 1 0 1 0 1 0 1 0 1 0 1 1 1 0 0 0 0 1 1 0 0 1 1 0 1 0
 1 0 0 0 0 1 0 0 0 1 0 1 0 0 1 1 0 0 0 0 1 1 0 1 0 1]
[0 0 4 4 4 1 3 2 3 4 3 4 4 0 0 1 0 0 0 3 3 3 0 3 1 0 3 0 1 0 0 0 0 2 0 0 1
 2 4 0 0 1 0 0 2 0 0 4 0 0 3 0 3 0 0 4 4 0 2 0 0 2 3 0 1 2 0 0 2 3 4 0 0 0
 2 0 0 3 1 0 0 0 1 1 0 4 0 2 4 4 0 0 0 3 3 2 0 2 4 0]
[0 0 4 4 4 1 3 2 3 4 3 4 4 0 0 1 0 0 0 3 3 3 0 3 1 0 3 0 1 0 0 0 0 2 0 0 1
 2 4 0 0 1 0 0 2 0 0 4 0 0 3 0 3 0 0 4 4 0 2 0 0 2 3 0 1 2 0 0 2 3 4 0 0 0
 2 0 0 3 1 0 0 0 1 1 0 4 0 2 4 4 0 0 0 3 3 2 0 2 4 0]
[4 4 4 7 4 6 4 1 8 8 1 2 7 4 1 8 7 2 6 2 2 9 7 5 1 3 6 8 5 7 4 5 3 4 9 4 4
 1 3 3 3 1 2 5 3 8 9 3 8 8 8 6 5 3 6 1 9 8 6 2 4 3 6 7 1 5 2 1 1 5 3 8 1 4
 2 4 2 5 8 2 3 1 9 1 4 2 4 2 6 2 6 8 3 5 5 5 5 3 4 1]
[4 4 4 7 4 6 4 1 8 8 1 2 7 4 1 8 7 2 6 2 2 9 7 5 1 3 6 8 5 7 4 5 3 4 9 4 4
 1 3 3 3 1 2 5 3 8 9 3 8 8 8 6 5 3 6 1 9 8 6 2 4 3 6 7 1 5 2 1 1 5 3 8 1 4
 2 4 2 5 8 2 3 1 9 1 4 2 4 2 6 2 6 8 3 5 5 5 5 3 4 1]
[33, 50, 36, 41, 26, 50, 50, 47, 50, 50, 11, 28, 50, 50, 50, 24, 25, 43, 21, 42, 50, 36, 26, 50, 17, 50, 50, 16, 12, 32, 50, 50, 50, 48, 50, 45, 50, 50, 46, 12, 14, 50, 25, 37, 38, 50, 17, 50, 12, 20, 50, 50, 43, 50, 37, 50, 50, 41, 39, 50, 42, 26, 46, 13, 50, 27, 47, 50, 40, 50, 31, 50, 50, 25, 30, 43, 50, 41, 50, 30, 50, 38, 49, 50, 50, 50, 50, 50, 47, 50, 17, 50, 44, 47, 25, 44, 50, 21, 50, 37]
[0 0 0 0 0 0 0 0 0 0 0 0 0 0 0 0 0 0 0 0 0 0 0 0 0 0 0 0 0 0 0 0 0 0 0 0 0
 0 0 0 0 0 0 0 0 0 0 0 0 0 0 0 0 0 0 0 0 0 0 0 0 0 0 0 0 0 0 0 0 0 0 0 0 0
 0 0 0 0 0 0 0 0 0 0 0 0 0 0 0 0 0 0 0 0 0 0 0 0 0 0]
[1 1 1 1 1 1 1 1 1 1 1 1 1 1 1 1 1 1 1 1 1 1 1 1 1 1 1 1 1 1 1 1 1 1 1 1 1
 1 1 1 1 1 1 1 1 1 1 1 1 1 1 1 1 1 1 1 1 1 1 1 1 1 1 1 1 1 1 1 1 1 1 1 1 1
 1 1 1 1 1 1 1 1 1 1 1 1 1 1 1 1 1 1 1 1 1 1 1 1 1 1]
