[ 0  1  2  3  4  5  6  7  8  9 10 11 12 13 14 15 16 17 18 19 20 21 22 23
 24 25 26 27 28 29 30 31 32 33 34 35 36 37 38 39 40 41 42 43 44 45 46 47
 48 49 50 51 52 53 54 55 56 57 58 59 60 61 62 63 64 65 66 67 68 69 70 71
 72 73 74 75 76 77 78 79 80 81 82 83 84 85 86 87 88 89 90 91 92 93 94 95
 96 97 98 99]
[77 57 55 -1 73 -1 73 26 62 95 66 51  9 26 -1 88  5 23 -1 54 -1 72 39 -1
 95 93 -1 19 82 83 -1 23 -1 -1 74 -1 71 -1 94 13 56 -1 48 -1  9 -1 92 25
 -1 25 -1 -1 53 75 -1 -1 30 61 37 -1 -1 -1  2 -1 -1 -1 -1 95 84 -1 98 18
 98 -1 -1 60 29 -1 -1 -1 -1 -1 93 59 81 44 35 38 -1 98 72  5 78 74 31 -1
 87 -1 -1 33]
[1 0 0 0 1 1 0 1 1 1 0 1 0 1 0 0 0 0 1 0 0 0 1 1 1 0 1 1 1 1 1 0 0 1 0 0 1
 1 0 1 1 1 0 1 1 1 0 0 1 0 0 1 1 1 0 0 1 0 0 1 1 0 1 1 1 1 0 0 0 1 0 1 0 1
 0 0 0 0 0 1 1 0 0 1 1 0 1 0 1 0 1 0 1 0 0 1 1 1 0 1]
[0 0 4 0 0 0 0 1 4 3 0 3 3 0 0 0 0 4 4 0 4 4 0 2 1 3 4 0 0 4 0 2 4 0 0 2 0
 3 3 0 0 0 0 4 0 0 0 3 0 3 4 0 2 0 3 0 0 2 0 0 0 0 0 2 3 0 0 1 1 0 4 0 2 0
 0 0 0 0 0 4 2 0 2 0 4 0 3 4 0 1 0 0 3 0 2 0 4 2 0 1]
[0 0 4 0 0 0 0 1 4 3 0 3 3 0 0 0 0 4 4 0 4 4 0 2 1 3 4 0 0 4 0 2 4 0 0 2 0
 3 3 0 0 0 0 4 0 0 0 3 0 3 4 0 2 0 3 0 0 2 0 0 0 0 0 2 3 0 0 1 1 0 4 0 2 0
 0 0 0 0 0 4 2 0 2 0 4 0 3 4 0 1 0 0 3 0 2 0 4 2 0 1]
[6 6 3 5 9 6 3 2 8 1 2 5 6 9 6 6 8 9 6 5 9 6 6 6 3 4 4 2 6 4 5 9 1 2 3 1 4
 6 6 3 3 3 9 4 6 4 3 8 4 4 4 4 7 1 3 9 5 1 3 3 7 3 9 1 6 1 5 7 8 9 3 9 7 4
 2 2 8 9 1 5 2 6 7 6 7 8 1 6 7 4 5 7 9 4 4 6 3 1 5 7]
[6 6 3 5 9 6 3 2 8 1 2 5 6 9 6 6 8 9 6 5 9 6 6 6 3 4 4 2 6 4 5 9 1 2 3 1 4
 6 6 3 3 3 9 4 6 4 3 8 4 4 4 4 7 1 3 9 5 1 3 3 7 3 9 1 6 1 5 7 8 9 3 9 7 4
 2 2 8 9 1 5 2 6 7 6 7 8 1 6 7 4 5 7 9 4 4 6 3 1 5 7]
[13, 23, 50, 30, 50, 49, 50, 18, 36, 31, 17, 11, 28, 38, 50, 50, 25, 38, 47, 50, 16, 25, 23, 50, 50, 50, 50, 50, 50, 50, 50, 50, 50, 44, 22, 50, 43, 42, 50, 44, 20, 37, 50, 50, 45, 50, 50, 50, 50, 50, 48, 38, 27, 50, 50, 33, 50, 50, 50, 50, 35, 50, 29, 30, 50, 50, 50, 50, 50, 42, 33, 36, 50, 20, 50, 50, 29, 14, 18, 29, 50, 27, 27, 50, 50, 18, 50, 50, 50, 32, 24, 19, 30, 50, 50, 50, 22, 42, 50, 33]
[0 0 0 0 0 0 0 0 0 0 0 0 0 0 0 0 0 0 0 0 0 0 0 0 0 0 0 0 0 0 0 0 0 0 0 0 0
 0 0 0 0 0 0 0 0 0 0 0 0 0 0 0 0 0 0 0 0 0 0 0 0 0 0 0 0 0 0 0 0 0 0 0 0 0
 0 0 0 0 0 0 0 0 0 0 0 0 0 0 0 0 0 0 0 0 0 0 0 0 0 0]
[1 1 1 1 1 1 1 1 1 1 1 1 1 1 1 1 1 1 1 1 1 1 1 1 1 1 1 1 1 1 1 1 1 1 1 1 1
 1 1 1 1 1 1 1 1 1 1 1 1 1 1 1 1 1 1 1 1 1 1 1 1 1 1 1 1 1 1 1 1 1 1 1 1 1
 1 1 1 1 1 1 1 1 1 1 1 1 1 1 1 1 1 1 1 1 1 1 1 1 1 1]
