[ 0  1  2  3  4  5  6  7  8  9 10 11 12 13 14 15 16 17 18 19 20 21 22 23
 24 25 26 27 28 29 30 31 32 33 34 35 36 37 38 39 40 41 42 43 44 45 46 47
 48 49 50 51 52 53 54 55 56 57 58 59 60 61 62 63 64 65 66 67 68 69 70 71
 72 73 74 75 76 77 78 79 80 81 82 83 84 85 86 87 88 89 90 91 92 93 94 95
 96 97 98 99]
[ 1 -1 -1 -1 -1 -1 53 -1 24 36  6 -1 27 90 24 -1 92 -1 56 58 44  5 64 -1
 29 43 19 -1 -1 -1 -1 63 28 -1 -1 70 50 84 26 -1 23 92 -1 -1 -1 39 61 30
 47 -1 70 48 -1 -1 -1 79 43 -1 -1 84 -1 86 -1 26 18 68 -1 -1 27 95  0 -1
 -1 84 29 13 75 63 86 -1 69 27 15 87 -1 -1 16 20 70 32 94  8 -1  1 -1 44
 26 91 61 60]
[0 0 1 1 0 0 0 1 1 1 1 1 1 1 0 1 0 0 0 0 1 1 0 0 0 1 1 0 0 0 1 1 0 1 1 0 0
 1 1 0 1 1 0 1 0 1 0 1 0 1 1 0 0 0 1 0 1 0 0 1 1 1 0 1 1 1 0 0 0 1 0 1 1 1
 1 1 1 0 0 1 1 1 1 1 1 1 0 0 1 0 1 0 0 1 1 1 1 0 1 0]
[1 0 2 0 0 1 2 4 0 0 0 0 2 0 0 4 2 0 0 0 0 0 4 1 0 0 2 0 1 0 0 0 3 1 0 1 0
 1 3 0 0 4 1 0 0 0 4 2 2 0 2 0 0 0 2 0 0 0 2 0 4 0 4 0 3 1 0 0 1 0 1 0 0 4
 0 0 0 2 3 1 2 0 0 0 3 3 0 0 0 0 0 0 0 4 4 2 0 0 0 0]
[1 0 2 0 0 1 2 4 0 0 0 0 2 0 0 4 2 0 0 0 0 0 4 1 0 0 2 0 1 0 0 0 3 1 0 1 0
 1 3 0 0 4 1 0 0 0 4 2 2 0 2 0 0 0 2 0 0 0 2 0 4 0 4 0 3 1 0 0 1 0 1 0 0 4
 0 0 0 2 3 1 2 0 0 0 3 3 0 0 0 0 0 0 0 4 4 2 0 0 0 0]
[3 4 2 6 9 8 9 3 5 8 1 4 4 3 2 6 6 5 4 5 4 8 4 1 8 7 1 5 2 2 8 2 7 2 3 2 5
 4 3 2 1 2 3 8 9 2 8 2 2 1 7 3 8 6 1 8 9 1 2 9 5 3 8 7 8 5 1 9 6 4 1 3 7 4
 7 3 1 7 1 2 7 3 9 2 4 3 5 5 8 2 5 6 8 2 2 3 1 7 8 8]
[3 4 2 6 9 8 9 3 5 8 1 4 4 3 2 6 6 5 4 5 4 8 4 1 8 7 1 5 2 2 8 2 7 2 3 2 5
 4 3 2 1 2 3 8 9 2 8 2 2 1 7 3 8 6 1 8 9 1 2 9 5 3 8 7 8 5 1 9 6 4 1 3 7 4
 7 3 1 7 1 2 7 3 9 2 4 3 5 5 8 2 5 6 8 2 2 3 1 7 8 8]
[50, 50, 26, 16, 26, 11, 20, 20, 34, 23, 50, 14, 40, 10, 24, 50, 50, 43, 50, 50, 50, 49, 50, 50, 27, 21, 50, 45, 50, 50, 50, 50, 50, 50, 47, 24, 50, 39, 50, 44, 16, 22, 50, 50, 16, 50, 44, 50, 42, 50, 50, 46, 50, 43, 29, 50, 50, 50, 50, 50, 50, 50, 50, 50, 41, 50, 50, 50, 50, 49, 39, 35, 48, 50, 50, 25, 25, 50, 50, 30, 32, 50, 21, 21, 15, 21, 14, 48, 21, 30, 50, 49, 50, 26, 50, 47, 42, 34, 26, 50]
[0 0 0 0 0 0 0 0 0 0 0 0 0 0 0 0 0 0 0 0 0 0 0 0 0 0 0 0 0 0 0 0 0 0 0 0 0
 0 0 0 0 0 0 0 0 0 0 0 0 0 0 0 0 0 0 0 0 0 0 0 0 0 0 0 0 0 0 0 0 0 0 0 0 0
 0 0 0 0 0 0 0 0 0 0 0 0 0 0 0 0 0 0 0 0 0 0 0 0 0 0]
[1 1 1 1 1 1 1 1 1 1 1 1 1 1 1 1 1 1 1 1 1 1 1 1 1 1 1 1 1 1 1 1 1 1 1 1 1
 1 1 1 1 1 1 1 1 1 1 1 1 1 1 1 1 1 1 1 1 1 1 1 1 1 1 1 1 1 1 1 1 1 1 1 1 1
 1 1 1 1 1 1 1 1 1 1 1 1 1 1 1 1 1 1 1 1 1 1 1 1 1 1]
