[ 0  1  2  3  4  5  6  7  8  9 10 11 12 13 14 15 16 17 18 19 20 21 22 23
 24 25 26 27 28 29 30 31 32 33 34 35 36 37 38 39 40 41 42 43 44 45 46 47
 48 49 50 51 52 53 54 55 56 57 58 59 60 61 62 63 64 65 66 67 68 69 70 71
 72 73 74 75 76 77 78 79 80 81 82 83 84 85 86 87 88 89 90 91 92 93 94 95
 96 97 98 99]
[ 9 80 21 -1 -1 20 -1 83 26 -1 -1 87  8 99 15 -1 -1 21 47 79 15 -1 16 84
 82 95 52 87  2 -1  5 96 60 34 77 14 -1 88 -1 -1 -1  3 -1 -1 21 80 86 -1
 83 -1 20 17 -1 -1 50 -1  0 51 -1  2 -1 -1 -1 38  7 -1 -1  0 -1 14 23 56
 38  3 52  1 44 -1  4 84 50 -1 56 -1 38 79 60 -1 83 79 70 75 -1  1 80 52
 23 34 32 35]
[0 1 0 1 1 0 0 1 0 1 0 1 1 0 1 1 0 1 0 1 1 0 0 0 0 1 1 0 0 1 0 0 1 1 0 1 1
 1 0 1 0 0 0 1 1 0 0 1 0 1 0 0 1 0 0 0 1 1 1 0 1 1 1 0 1 0 0 1 0 0 0 0 1 0
 1 0 1 1 0 1 0 0 0 1 1 1 0 1 0 0 0 1 0 0 1 0 0 0 1 1]
[0 3 0 0 4 1 0 4 0 1 0 0 4 3 0 1 1 0 4 3 0 1 0 0 3 0 4 1 0 3 1 0 1 2 0 0 0
 3 0 0 0 1 1 2 1 0 0 1 0 2 1 2 4 0 0 2 4 0 0 0 0 0 0 0 1 3 0 1 1 4 0 0 0 4
 0 3 0 2 0 2 0 0 1 3 0 0 2 2 0 0 2 2 2 1 4 2 3 2 0 3]
[0 3 0 0 4 1 0 4 0 1 0 0 4 3 0 1 1 0 4 3 0 1 0 0 3 0 4 1 0 3 1 0 1 2 0 0 0
 3 0 0 0 1 1 2 1 0 0 1 0 2 1 2 4 0 0 2 4 0 0 0 0 0 0 0 1 3 0 1 1 4 0 0 0 4
 0 3 0 2 0 2 0 0 1 3 0 0 2 2 0 0 2 2 2 1 4 2 3 2 0 3]
[4 2 5 9 4 3 3 8 1 7 9 4 8 3 9 9 1 2 6 2 5 6 4 2 3 1 9 7 8 4 3 5 8 7 5 8 5
 8 9 7 8 4 9 9 5 5 9 8 7 9 9 8 9 4 7 8 9 6 8 6 1 6 9 5 3 7 1 7 1 3 1 8 8 4
 7 2 3 3 3 3 6 1 3 4 8 5 1 9 3 4 7 7 9 4 3 7 1 5 4 2]
[4 2 5 9 4 3 3 8 1 7 9 4 8 3 9 9 1 2 6 2 5 6 4 2 3 1 9 7 8 4 3 5 8 7 5 8 5
 8 9 7 8 4 9 9 5 5 9 8 7 9 9 8 9 4 7 8 9 6 8 6 1 6 9 5 3 7 1 7 1 3 1 8 8 4
 7 2 3 3 3 3 6 1 3 4 8 5 1 9 3 4 7 7 9 4 3 7 1 5 4 2]
[25, 35, 21, 50, 50, 32, 24, 50, 50, 50, 13, 34, 31, 32, 50, 50, 50, 50, 18, 45, 50, 50, 50, 50, 50, 50, 50, 50, 39, 17, 28, 48, 27, 50, 50, 50, 14, 39, 50, 50, 17, 50, 12, 16, 45, 50, 50, 50, 50, 20, 50, 50, 25, 50, 50, 27, 50, 25, 38, 50, 50, 50, 50, 50, 50, 30, 39, 50, 50, 27, 17, 19, 50, 19, 50, 43, 18, 50, 32, 50, 39, 50, 50, 50, 25, 38, 29, 50, 50, 50, 19, 50, 50, 50, 50, 19, 45, 28, 50, 17]
[0 0 0 0 0 0 0 0 0 0 0 0 0 0 0 0 0 0 0 0 0 0 0 0 0 0 0 0 0 0 0 0 0 0 0 0 0
 0 0 0 0 0 0 0 0 0 0 0 0 0 0 0 0 0 0 0 0 0 0 0 0 0 0 0 0 0 0 0 0 0 0 0 0 0
 0 0 0 0 0 0 0 0 0 0 0 0 0 0 0 0 0 0 0 0 0 0 0 0 0 0]
[1 1 1 1 1 1 1 1 1 1 1 1 1 1 1 1 1 1 1 1 1 1 1 1 1 1 1 1 1 1 1 1 1 1 1 1 1
 1 1 1 1 1 1 1 1 1 1 1 1 1 1 1 1 1 1 1 1 1 1 1 1 1 1 1 1 1 1 1 1 1 1 1 1 1
 1 1 1 1 1 1 1 1 1 1 1 1 1 1 1 1 1 1 1 1 1 1 1 1 1 1]
