[ 0  1  2  3  4  5  6  7  8  9 10 11 12 13 14 15 16 17 18 19 20 21 22 23
 24 25 26 27 28 29 30 31 32 33 34 35 36 37 38 39 40 41 42 43 44 45 46 47
 48 49 50 51 52 53 54 55 56 57 58 59 60 61 62 63 64 65 66 67 68 69 70 71
 72 73 74 75 76 77 78 79 80 81 82 83 84 85 86 87 88 89 90 91 92 93 94 95
 96 97 98 99]
[73 65 97 63 -1 56 34 49 20 73 71 25  4 11  5 -1  0 31 -1 43  6 94 72 48
  5  1 -1 -1 -1 63 -1 41 -1 54 29 56 46 42 23  3 83 40 -1 16 69 28 -1 10
 -1 68 -1 -1 64 50  2 31 -1 -1 -1 63 -1 50 -1 57 -1 -1 38 -1 -1 54 -1  5
 80 98 -1 66 37 25 -1 87 75 19 99 -1 -1 96 -1 -1 48 -1 76 88 -1 41 61 26
 -1 -1 63 33]
[1 0 0 1 0 1 0 1 1 1 0 0 0 1 1 1 1 0 1 1 1 1 0 1 1 1 0 0 1 1 0 0 1 1 1 0 1
 0 1 0 0 1 0 1 1 1 0 0 1 1 0 0 0 1 1 0 0 0 1 1 1 0 0 0 1 1 1 1 0 1 1 1 0 1
 1 0 0 0 1 1 1 1 0 0 1 0 1 0 0 0 0 1 1 1 0 0 1 1 0 1]
[3 0 3 3 0 1 4 0 0 0 4 0 0 0 2 0 0 0 0 2 1 0 1 0 4 0 4 1 3 2 1 1 4 0 1 0 1
 0 2 0 3 4 0 0 2 0 4 0 2 0 1 0 0 2 3 3 2 4 4 1 0 0 1 1 0 0 0 2 0 2 0 0 0 1
 2 2 3 0 0 0 1 0 3 3 3 0 2 0 0 0 0 0 1 2 1 3 1 1 2 0]
[3 0 3 3 0 1 4 0 0 0 4 0 0 0 2 0 0 0 0 2 1 0 1 0 4 0 4 1 3 2 1 1 4 0 1 0 1
 0 2 0 3 4 0 0 2 0 4 0 2 0 1 0 0 2 3 3 2 4 4 1 0 0 1 1 0 0 0 2 0 2 0 0 0 1
 2 2 3 0 0 0 1 0 3 3 3 0 2 0 0 0 0 0 1 2 1 3 1 1 2 0]
[2 8 3 7 1 5 2 6 5 3 2 8 5 6 6 2 8 1 8 8 5 5 4 1 3 5 7 4 3 1 5 6 4 2 2 5 2
 7 5 7 4 7 6 9 2 3 2 4 4 8 8 6 9 4 8 7 1 8 4 9 4 3 6 4 7 7 4 2 1 5 7 6 3 6
 5 7 8 1 8 2 9 5 2 1 1 5 4 4 8 3 6 1 4 1 4 2 8 8 9 6]
[2 8 3 7 1 5 2 6 5 3 2 8 5 6 6 2 8 1 8 8 5 5 4 1 3 5 7 4 3 1 5 6 4 2 2 5 2
 7 5 7 4 7 6 9 2 3 2 4 4 8 8 6 9 4 8 7 1 8 4 9 4 3 6 4 7 7 4 2 1 5 7 6 3 6
 5 7 8 1 8 2 9 5 2 1 1 5 4 4 8 3 6 1 4 1 4 2 8 8 9 6]
[50, 50, 50, 22, 34, 50, 17, 44, 50, 50, 21, 15, 50, 42, 50, 50, 50, 50, 50, 50, 50, 23, 49, 50, 50, 17, 13, 50, 50, 11, 18, 50, 50, 50, 50, 50, 13, 50, 45, 16, 50, 30, 50, 18, 17, 50, 50, 26, 50, 50, 50, 50, 50, 50, 36, 50, 50, 50, 11, 50, 15, 34, 37, 20, 50, 50, 34, 39, 50, 50, 50, 21, 50, 50, 50, 40, 45, 32, 13, 50, 46, 50, 28, 19, 50, 37, 50, 28, 50, 21, 43, 41, 38, 41, 44, 50, 50, 16, 50, 30]
[0 0 0 0 0 0 0 0 0 0 0 0 0 0 0 0 0 0 0 0 0 0 0 0 0 0 0 0 0 0 0 0 0 0 0 0 0
 0 0 0 0 0 0 0 0 0 0 0 0 0 0 0 0 0 0 0 0 0 0 0 0 0 0 0 0 0 0 0 0 0 0 0 0 0
 0 0 0 0 0 0 0 0 0 0 0 0 0 0 0 0 0 0 0 0 0 0 0 0 0 0]
[1 1 1 1 1 1 1 1 1 1 1 1 1 1 1 1 1 1 1 1 1 1 1 1 1 1 1 1 1 1 1 1 1 1 1 1 1
 1 1 1 1 1 1 1 1 1 1 1 1 1 1 1 1 1 1 1 1 1 1 1 1 1 1 1 1 1 1 1 1 1 1 1 1 1
 1 1 1 1 1 1 1 1 1 1 1 1 1 1 1 1 1 1 1 1 1 1 1 1 1 1]
