[ 0  1  2  3  4  5  6  7  8  9 10 11 12 13 14 15 16 17 18 19 20 21 22 23
 24 25 26 27 28 29 30 31 32 33 34 35 36 37 38 39 40 41 42 43 44 45 46 47
 48 49 50 51 52 53 54 55 56 57 58 59 60 61 62 63 64 65 66 67 68 69 70 71
 72 73 74 75 76 77 78 79 80 81 82 83 84 85 86 87 88 89 90 91 92 93 94 95
 96 97 98 99]
[-1  3 82  5 87 67 38 10 70 32 12 -1  0 20 -1 71 90 63 -1 -1 14 -1 -1 -1
 28 -1 25 48 78 16 18 97 -1 65 -1 56 28  6 -1 61 -1 36 85 16 26 25 75 83
 -1 57 56 78 66 -1 -1 95 -1 21 54 14 -1 71  8 87 98 -1 73 37 86 -1 95 63
 62  7 97 73 -1 47 82 -1 40 77 -1  1 27 27 -1 -1 52 -1 56 -1 -1 98 28 29
 27 -1 -1 62]
[0 1 1 1 1 0 0 0 0 1 1 1 0 0 1 0 1 1 1 1 1 0 1 1 0 0 0 1 1 1 0 1 1 0 0 1 0
 0 0 1 1 0 0 0 0 1 0 1 0 0 0 1 0 0 1 1 1 1 0 0 1 1 1 0 1 1 1 1 1 1 0 1 0 1
 0 1 0 1 0 1 1 1 1 0 1 1 1 0 0 1 0 0 0 1 1 0 1 1 0 1]
[2 0 0 0 0 2 0 0 0 0 4 0 4 3 2 0 1 4 4 0 0 1 0 1 1 0 4 1 0 4 4 0 3 0 3 3 3
 0 1 1 0 0 0 0 0 0 4 4 0 4 2 1 0 4 0 2 0 3 2 2 0 0 4 0 4 0 4 4 3 1 3 0 0 1
 1 0 0 3 4 3 3 0 0 0 0 3 2 0 2 0 0 0 4 0 3 0 0 0 0 2]
[2 0 0 0 0 2 0 0 0 0 4 0 4 3 2 0 1 4 4 0 0 1 0 1 1 0 4 1 0 4 4 0 3 0 3 3 3
 0 1 1 0 0 0 0 0 0 4 4 0 4 2 1 0 4 0 2 0 3 2 2 0 0 4 0 4 0 4 4 3 1 3 0 0 1
 1 0 0 3 4 3 3 0 0 0 0 3 2 0 2 0 0 0 4 0 3 0 0 0 0 2]
[8 8 5 3 1 3 6 6 7 4 9 1 4 2 4 7 7 4 2 4 6 1 6 3 5 4 5 3 8 2 6 6 9 7 5 9 7
 9 3 3 1 6 2 7 8 3 9 1 2 5 3 2 2 3 1 6 4 8 4 6 6 8 3 2 9 4 1 6 3 3 3 6 1 3
 3 6 3 3 2 5 8 6 8 3 6 4 6 7 7 7 9 5 5 9 4 9 8 2 1 5]
[8 8 5 3 1 3 6 6 7 4 9 1 4 2 4 7 7 4 2 4 6 1 6 3 5 4 5 3 8 2 6 6 9 7 5 9 7
 9 3 3 1 6 2 7 8 3 9 1 2 5 3 2 2 3 1 6 4 8 4 6 6 8 3 2 9 4 1 6 3 3 3 6 1 3
 3 6 3 3 2 5 8 6 8 3 6 4 6 7 7 7 9 5 5 9 4 9 8 2 1 5]
[50, 50, 50, 44, 45, 34, 50, 50, 50, 41, 22, 26, 50, 50, 50, 50, 11, 32, 50, 49, 41, 19, 50, 25, 19, 11, 24, 50, 50, 23, 35, 50, 10, 45, 26, 50, 50, 36, 50, 50, 24, 50, 17, 13, 50, 50, 25, 50, 50, 20, 50, 50, 25, 50, 50, 45, 50, 27, 50, 33, 36, 50, 29, 50, 50, 50, 50, 50, 50, 14, 50, 23, 50, 50, 50, 50, 17, 50, 26, 16, 50, 34, 15, 50, 50, 29, 23, 41, 50, 42, 50, 10, 50, 50, 50, 50, 50, 50, 48, 50]
[0 0 0 0 0 0 0 0 0 0 0 0 0 0 0 0 0 0 0 0 0 0 0 0 0 0 0 0 0 0 0 0 0 0 0 0 0
 0 0 0 0 0 0 0 0 0 0 0 0 0 0 0 0 0 0 0 0 0 0 0 0 0 0 0 0 0 0 0 0 0 0 0 0 0
 0 0 0 0 0 0 0 0 0 0 0 0 0 0 0 0 0 0 0 0 0 0 0 0 0 0]
[1 1 1 1 1 1 1 1 1 1 1 1 1 1 1 1 1 1 1 1 1 1 1 1 1 1 1 1 1 1 1 1 1 1 1 1 1
 1 1 1 1 1 1 1 1 1 1 1 1 1 1 1 1 1 1 1 1 1 1 1 1 1 1 1 1 1 1 1 1 1 1 1 1 1
 1 1 1 1 1 1 1 1 1 1 1 1 1 1 1 1 1 1 1 1 1 1 1 1 1 1]
