[ 0  1  2  3  4  5  6  7  8  9 10 11 12 13 14 15 16 17 18 19 20 21 22 23
 24 25 26 27 28 29 30 31 32 33 34 35 36 37 38 39 40 41 42 43 44 45 46 47
 48 49 50 51 52 53 54 55 56 57 58 59 60 61 62 63 64 65 66 67 68 69 70 71
 72 73 74 75 76 77 78 79 80 81 82 83 84 85 86 87 88 89 90 91 92 93 94 95
 96 97 98 99]
[63 48 89 -1 18 -1  8  4 85 37 94 82 60 -1 -1 71 62 37 89 80 74 -1 -1 82
 59 96 -1  6 -1  9 -1 -1 18 -1 77 72  5 54 54 98 76 -1 -1  7 -1 64 82 12
 41 71 -1 69 -1 31 -1 99 -1 -1 -1 -1 -1 -1 31 -1  1 -1 73 75 31 -1  1 -1
 31 38 -1 40 21 -1  2 -1 54 41 30 87 73 -1 -1 18 -1 -1 75 81 65 -1 18 53
 50 88 58 -1]
[1 1 0 0 0 0 1 1 1 0 1 1 1 0 0 1 0 1 0 0 1 1 1 0 1 1 0 1 1 0 1 1 0 1 1 1 0
 0 0 0 0 1 0 1 1 1 0 0 0 0 1 0 0 1 0 0 1 1 1 1 1 0 1 0 0 1 1 0 0 0 0 1 0 0
 0 0 1 0 1 1 1 1 0 1 0 1 0 1 1 1 1 0 1 1 1 0 0 0 1 1]
[0 0 2 0 1 2 0 0 3 1 3 2 0 0 1 1 0 4 0 0 0 4 0 0 0 0 3 4 4 0 0 1 1 0 0 0 0
 0 2 0 3 2 0 0 0 2 0 1 3 0 0 0 1 4 2 0 0 4 0 0 0 3 1 3 4 1 1 0 0 0 0 0 1 1
 0 3 3 1 4 4 2 0 0 0 1 0 0 4 3 4 0 0 2 4 3 4 0 1 0 4]
[0 0 2 0 1 2 0 0 3 1 3 2 0 0 1 1 0 4 0 0 0 4 0 0 0 0 3 4 4 0 0 1 1 0 0 0 0
 0 2 0 3 2 0 0 0 2 0 1 3 0 0 0 1 4 2 0 0 4 0 0 0 3 1 3 4 1 1 0 0 0 0 0 1 1
 0 3 3 1 4 4 2 0 0 0 1 0 0 4 3 4 0 0 2 4 3 4 0 1 0 4]
[1 4 6 6 5 1 8 6 3 4 6 1 3 1 3 9 9 6 7 8 8 7 2 5 5 1 6 6 4 7 2 8 1 7 7 2 5
 9 2 3 3 2 9 5 4 4 1 1 6 4 8 7 9 7 3 8 8 7 5 4 4 6 9 4 2 6 4 5 5 6 2 3 2 6
 6 3 3 5 5 3 2 1 9 7 3 9 5 4 5 4 8 1 6 4 2 7 1 6 6 9]
[1 4 6 6 5 1 8 6 3 4 6 1 3 1 3 9 9 6 7 8 8 7 2 5 5 1 6 6 4 7 2 8 1 7 7 2 5
 9 2 3 3 2 9 5 4 4 1 1 6 4 8 7 9 7 3 8 8 7 5 4 4 6 9 4 2 6 4 5 5 6 2 3 2 6
 6 3 3 5 5 3 2 1 9 7 3 9 5 4 5 4 8 1 6 4 2 7 1 6 6 9]
[50, 50, 50, 50, 29, 46, 50, 14, 16, 50, 50, 50, 50, 50, 50, 24, 50, 50, 50, 50, 35, 50, 50, 17, 44, 50, 48, 11, 50, 50, 50, 50, 11, 15, 44, 16, 36, 50, 28, 50, 50, 50, 15, 48, 30, 24, 11, 13, 50, 50, 15, 50, 50, 50, 44, 50, 50, 37, 50, 50, 50, 32, 50, 50, 15, 50, 11, 26, 50, 38, 44, 50, 11, 30, 16, 50, 50, 50, 38, 50, 50, 26, 31, 42, 41, 50, 50, 50, 45, 12, 50, 50, 29, 50, 16, 29, 50, 50, 50, 47]
[0 0 0 0 0 0 0 0 0 0 0 0 0 0 0 0 0 0 0 0 0 0 0 0 0 0 0 0 0 0 0 0 0 0 0 0 0
 0 0 0 0 0 0 0 0 0 0 0 0 0 0 0 0 0 0 0 0 0 0 0 0 0 0 0 0 0 0 0 0 0 0 0 0 0
 0 0 0 0 0 0 0 0 0 0 0 0 0 0 0 0 0 0 0 0 0 0 0 0 0 0]
[1 1 1 1 1 1 1 1 1 1 1 1 1 1 1 1 1 1 1 1 1 1 1 1 1 1 1 1 1 1 1 1 1 1 1 1 1
 1 1 1 1 1 1 1 1 1 1 1 1 1 1 1 1 1 1 1 1 1 1 1 1 1 1 1 1 1 1 1 1 1 1 1 1 1
 1 1 1 1 1 1 1 1 1 1 1 1 1 1 1 1 1 1 1 1 1 1 1 1 1 1]
