[ 0  1  2  3  4  5  6  7  8  9 10 11 12 13 14 15 16 17 18 19 20 21 22 23
 24 25 26 27 28 29 30 31 32 33 34 35 36 37 38 39 40 41 42 43 44 45 46 47
 48 49 50 51 52 53 54 55 56 57 58 59 60 61 62 63 64 65 66 67 68 69 70 71
 72 73 74 75 76 77 78 79 80 81 82 83 84 85 86 87 88 89 90 91 92 93 94 95
 96 97 98 99]
[-1 22 -1 67 81 35 43 35 -1 -1 76 -1 32 -1 19 -1 -1 51 -1 79 76 -1 -1 -1
 -1 -1 40 96 55 82 76 -1 53 -1 22 24 47 -1 25 49 55  0 75 32 -1 67 18 12
 90 91 73 10 16 23 56 11 38 87  2 -1 31  0 -1 30 -1  9 -1 -1 -1 30 -1 54
 33 -1 14 -1  0 99 -1 91 75 -1 25 46 -1 -1 94 78 76 49 72 28 45 97 55 25
 76 -1  8 18]
[1 0 1 0 1 0 0 0 0 1 0 1 1 0 0 0 0 0 1 1 0 0 1 0 0 0 0 0 0 0 0 0 0 1 1 0 1
 0 1 0 0 1 1 0 0 0 1 1 0 0 0 0 1 1 0 0 1 0 1 1 0 1 1 1 0 0 0 1 1 1 1 0 1 1
 1 0 1 0 1 1 1 1 0 0 1 0 1 1 0 0 0 0 1 0 0 1 0 0 0 1]
[3 1 0 2 4 3 2 2 4 3 0 4 4 1 0 0 4 4 3 0 0 0 0 4 2 2 0 0 0 4 0 0 0 3 1 0 2
 2 3 0 2 0 0 2 1 3 2 0 4 0 0 0 0 0 2 0 0 2 1 0 0 0 4 0 2 0 2 2 0 1 0 2 0 0
 0 0 1 3 4 0 1 1 0 2 0 1 0 0 3 3 0 2 0 0 2 0 4 1 0 0]
[3 1 0 2 4 3 2 2 4 3 0 4 4 1 0 0 4 4 3 0 0 0 0 4 2 2 0 0 0 4 0 0 0 3 1 0 2
 2 3 0 2 0 0 2 1 3 2 0 4 0 0 0 0 0 2 0 0 2 1 0 0 0 4 0 2 0 2 2 0 1 0 2 0 0
 0 0 1 3 4 0 1 1 0 2 0 1 0 0 3 3 0 2 0 0 2 0 4 1 0 0]
[1 6 1 4 9 1 8 5 4 4 4 3 3 5 1 8 7 8 4 8 1 8 7 1 5 5 3 9 9 6 5 5 9 3 8 4 8
 2 1 7 1 9 6 7 4 2 9 8 4 4 6 3 5 9 7 7 7 4 8 8 9 8 5 5 3 4 9 2 3 8 1 7 9 8
 7 6 8 7 7 1 4 2 7 4 8 1 3 1 7 5 7 4 7 6 2 8 9 5 9 8]
[1 6 1 4 9 1 8 5 4 4 4 3 3 5 1 8 7 8 4 8 1 8 7 1 5 5 3 9 9 6 5 5 9 3 8 4 8
 2 1 7 1 9 6 7 4 2 9 8 4 4 6 3 5 9 7 7 7 4 8 8 9 8 5 5 3 4 9 2 3 8 1 7 9 8
 7 6 8 7 7 1 4 2 7 4 8 1 3 1 7 5 7 4 7 6 2 8 9 5 9 8]
[50, 50, 50, 50, 32, 27, 45, 42, 50, 38, 50, 50, 50, 49, 50, 49, 50, 50, 46, 50, 50, 50, 50, 26, 24, 50, 16, 50, 50, 49, 32, 30, 20, 40, 50, 50, 12, 50, 11, 50, 11, 50, 22, 29, 50, 25, 50, 50, 23, 44, 17, 34, 47, 12, 50, 35, 50, 49, 14, 50, 50, 26, 41, 50, 20, 22, 50, 50, 50, 46, 50, 23, 10, 50, 50, 50, 50, 28, 11, 50, 19, 38, 45, 39, 50, 47, 30, 50, 50, 23, 50, 23, 50, 50, 50, 50, 45, 50, 50, 14]
[0 0 0 0 0 0 0 0 0 0 0 0 0 0 0 0 0 0 0 0 0 0 0 0 0 0 0 0 0 0 0 0 0 0 0 0 0
 0 0 0 0 0 0 0 0 0 0 0 0 0 0 0 0 0 0 0 0 0 0 0 0 0 0 0 0 0 0 0 0 0 0 0 0 0
 0 0 0 0 0 0 0 0 0 0 0 0 0 0 0 0 0 0 0 0 0 0 0 0 0 0]
[1 1 1 1 1 1 1 1 1 1 1 1 1 1 1 1 1 1 1 1 1 1 1 1 1 1 1 1 1 1 1 1 1 1 1 1 1
 1 1 1 1 1 1 1 1 1 1 1 1 1 1 1 1 1 1 1 1 1 1 1 1 1 1 1 1 1 1 1 1 1 1 1 1 1
 1 1 1 1 1 1 1 1 1 1 1 1 1 1 1 1 1 1 1 1 1 1 1 1 1 1]
