[ 0  1  2  3  4  5  6  7  8  9 10 11 12 13 14 15 16 17 18 19 20 21 22 23
 24 25 26 27 28 29 30 31 32 33 34 35 36 37 38 39 40 41 42 43 44 45 46 47
 48 49 50 51 52 53 54 55 56 57 58 59 60 61 62 63 64 65 66 67 68 69 70 71
 72 73 74 75 76 77 78 79 80 81 82 83 84 85 86 87 88 89 90 91 92 93 94 95
 96 97 98 99]
[91 15 29 88 -1  1 -1 41 -1 71 58 -1 -1 84 -1 54 31 -1 69 39 17 -1 -1 -1
 55 -1 11 89 34 66 -1 40 -1 78  5 92 20 70 -1 -1 -1 17 51 19 11 50 -1 39
 22 79 15  9 81 78 -1 -1  7 21 -1 60 -1 87 -1  4 21 47 28 58 67 -1 10 50
 -1 -1 99 -1 13 94 16  1 10 34 24 -1 23 35 -1  2 37 38 -1 -1  6 79 -1 77
 -1 85 34 47]
[1 1 1 1 0 0 0 0 1 0 1 1 1 1 1 1 1 1 0 1 1 1 1 1 0 0 0 0 1 1 0 1 1 1 0 1 0
 1 0 0 1 0 0 0 1 0 0 0 1 0 0 1 0 0 1 0 1 1 1 1 1 1 0 1 1 0 0 0 1 0 0 0 1 1
 1 1 0 1 0 0 0 0 1 1 1 1 1 0 1 1 1 0 1 1 0 1 0 0 0 0]
[0 1 4 4 3 1 0 3 2 0 0 1 0 0 1 0 0 1 3 0 4 0 4 0 3 0 0 1 0 4 0 1 4 4 3 0 0
 1 2 0 0 2 3 0 0 4 0 0 0 1 2 0 0 1 0 0 2 0 0 0 3 3 2 3 4 0 0 0 0 0 2 4 0 0
 0 0 3 2 0 0 1 4 0 3 0 4 0 4 3 2 0 0 0 2 0 0 1 0 0 3]
[0 1 4 4 3 1 0 3 2 0 0 1 0 0 1 0 0 1 3 0 4 0 4 0 3 0 0 1 0 4 0 1 4 4 3 0 0
 1 2 0 0 2 3 0 0 4 0 0 0 1 2 0 0 1 0 0 2 0 0 0 3 3 2 3 4 0 0 0 0 0 2 4 0 0
 0 0 3 2 0 0 1 4 0 3 0 4 0 4 3 2 0 0 0 2 0 0 1 0 0 3]
[7 9 7 2 2 1 2 9 7 9 8 5 1 8 3 5 5 3 4 8 5 9 8 7 9 3 4 5 6 6 2 6 5 1 8 7 7
 6 7 7 4 9 4 8 3 2 8 2 2 9 8 7 6 4 8 6 7 6 2 7 1 6 7 9 3 1 6 2 7 2 2 1 8 4
 4 9 1 3 4 3 1 7 7 1 4 9 8 1 9 2 5 4 5 5 2 6 2 3 3 3]
[7 9 7 2 2 1 2 9 7 9 8 5 1 8 3 5 5 3 4 8 5 9 8 7 9 3 4 5 6 6 2 6 5 1 8 7 7
 6 7 7 4 9 4 8 3 2 8 2 2 9 8 7 6 4 8 6 7 6 2 7 1 6 7 9 3 1 6 2 7 2 2 1 8 4
 4 9 1 3 4 3 1 7 7 1 4 9 8 1 9 2 5 4 5 5 2 6 2 3 3 3]
[33, 47, 50, 50, 50, 41, 38, 16, 50, 50, 47, 43, 32, 26, 50, 50, 50, 50, 50, 50, 35, 39, 50, 50, 50, 38, 25, 33, 50, 44, 35, 10, 50, 27, 11, 50, 24, 19, 28, 17, 50, 38, 50, 47, 39, 14, 45, 50, 50, 50, 50, 38, 50, 50, 50, 50, 50, 48, 15, 15, 50, 50, 50, 50, 50, 27, 50, 50, 28, 50, 33, 50, 43, 50, 42, 50, 50, 12, 17, 50, 36, 50, 32, 50, 19, 45, 50, 39, 20, 50, 47, 11, 50, 13, 32, 50, 37, 50, 10, 50]
[0 0 0 0 0 0 0 0 0 0 0 0 0 0 0 0 0 0 0 0 0 0 0 0 0 0 0 0 0 0 0 0 0 0 0 0 0
 0 0 0 0 0 0 0 0 0 0 0 0 0 0 0 0 0 0 0 0 0 0 0 0 0 0 0 0 0 0 0 0 0 0 0 0 0
 0 0 0 0 0 0 0 0 0 0 0 0 0 0 0 0 0 0 0 0 0 0 0 0 0 0]
[1 1 1 1 1 1 1 1 1 1 1 1 1 1 1 1 1 1 1 1 1 1 1 1 1 1 1 1 1 1 1 1 1 1 1 1 1
 1 1 1 1 1 1 1 1 1 1 1 1 1 1 1 1 1 1 1 1 1 1 1 1 1 1 1 1 1 1 1 1 1 1 1 1 1
 1 1 1 1 1 1 1 1 1 1 1 1 1 1 1 1 1 1 1 1 1 1 1 1 1 1]
