[ 0  1  2  3  4  5  6  7  8  9 10 11 12 13 14 15 16 17 18 19 20 21 22 23
 24 25 26 27 28 29 30 31 32 33 34 35 36 37 38 39 40 41 42 43 44 45 46 47
 48 49 50 51 52 53 54 55 56 57 58 59 60 61 62 63 64 65 66 67 68 69 70 71
 72 73 74 75 76 77 78 79 80 81 82 83 84 85 86 87 88 89 90 91 92 93 94 95
 96 97 98 99]
[-1 90 99 65 96 38 43 -1 -1 15 -1 97 -1  6  3 69  5 79 -1 -1 37 -1 -1 49
 79 44 93 82 26 62 -1 89 -1 -1 -1 50 -1 -1 96 -1 -1 11 -1 64 45 74 41 33
 15 -1 43 58 84 65 -1 85 42 55 34 91 43 56  0 39 -1  8 35 -1 -1 80 18 -1
  6 -1 71 95 -1 39 -1 38 13 45 79 24 57 92 19 45 18 66 82 48 -1 -1 -1 -1
 77 -1 -1 55]
[0 1 1 1 1 1 0 0 0 1 1 0 0 0 0 1 0 1 0 1 0 1 1 1 0 1 0 0 0 1 0 0 1 1 0 0 0
 1 0 0 1 0 0 0 1 0 0 0 0 0 1 0 1 1 1 1 0 1 0 0 1 0 1 0 0 0 1 1 0 1 0 1 1 1
 1 0 0 0 0 0 1 1 1 0 1 0 1 0 0 1 0 0 1 1 1 0 0 0 1 0]
[0 4 0 0 3 2 3 0 4 3 0 2 0 0 2 4 1 0 0 1 0 0 2 0 0 4 0 3 0 4 0 3 0 3 3 0 1
 4 2 0 1 0 1 1 0 0 1 2 0 1 2 4 0 0 3 0 1 0 3 2 0 3 0 2 4 2 0 1 0 4 2 3 0 0
 0 1 0 1 2 4 0 3 4 0 3 1 1 1 2 3 0 0 0 0 3 0 0 0 0 2]
[0 4 0 0 3 2 3 0 4 3 0 2 0 0 2 4 1 0 0 1 0 0 2 0 0 4 0 3 0 4 0 3 0 3 3 0 1
 4 2 0 1 0 1 1 0 0 1 2 0 1 2 4 0 0 3 0 1 0 3 2 0 3 0 2 4 2 0 1 0 4 2 3 0 0
 0 1 0 1 2 4 0 3 4 0 3 1 1 1 2 3 0 0 0 0 3 0 0 0 0 2]
[4 5 1 7 6 8 6 6 7 8 2 7 5 3 2 5 3 2 9 7 2 2 2 2 9 9 9 5 3 8 6 8 9 5 2 3 1
 8 8 7 9 8 3 4 5 7 6 7 8 9 4 9 1 5 9 3 3 9 5 7 2 8 9 2 4 6 9 7 4 6 7 5 4 4
 7 4 6 4 6 7 9 1 9 8 4 8 7 8 5 6 9 2 4 9 5 7 2 8 1 1]
[4 5 1 7 6 8 6 6 7 8 2 7 5 3 2 5 3 2 9 7 2 2 2 2 9 9 9 5 3 8 6 8 9 5 2 3 1
 8 8 7 9 8 3 4 5 7 6 7 8 9 4 9 1 5 9 3 3 9 5 7 2 8 9 2 4 6 9 7 4 6 7 5 4 4
 7 4 6 4 6 7 9 1 9 8 4 8 7 8 5 6 9 2 4 9 5 7 2 8 1 1]
[23, 50, 22, 17, 29, 23, 50, 31, 50, 50, 22, 46, 50, 39, 18, 40, 40, 50, 36, 50, 50, 33, 50, 50, 50, 50, 35, 50, 50, 50, 40, 50, 50, 50, 36, 15, 33, 50, 32, 25, 49, 50, 48, 41, 21, 50, 40, 50, 46, 50, 50, 37, 50, 49, 38, 48, 34, 50, 50, 39, 50, 16, 37, 32, 50, 21, 50, 50, 43, 41, 50, 14, 50, 50, 13, 42, 50, 18, 35, 27, 50, 50, 50, 26, 37, 50, 18, 50, 21, 11, 27, 36, 50, 31, 50, 50, 50, 50, 50, 29]
[0 0 0 0 0 0 0 0 0 0 0 0 0 0 0 0 0 0 0 0 0 0 0 0 0 0 0 0 0 0 0 0 0 0 0 0 0
 0 0 0 0 0 0 0 0 0 0 0 0 0 0 0 0 0 0 0 0 0 0 0 0 0 0 0 0 0 0 0 0 0 0 0 0 0
 0 0 0 0 0 0 0 0 0 0 0 0 0 0 0 0 0 0 0 0 0 0 0 0 0 0]
[1 1 1 1 1 1 1 1 1 1 1 1 1 1 1 1 1 1 1 1 1 1 1 1 1 1 1 1 1 1 1 1 1 1 1 1 1
 1 1 1 1 1 1 1 1 1 1 1 1 1 1 1 1 1 1 1 1 1 1 1 1 1 1 1 1 1 1 1 1 1 1 1 1 1
 1 1 1 1 1 1 1 1 1 1 1 1 1 1 1 1 1 1 1 1 1 1 1 1 1 1]
