[ 0  1  2  3  4  5  6  7  8  9 10 11 12 13 14 15 16 17 18 19 20 21 22 23
 24 25 26 27 28 29 30 31 32 33 34 35 36 37 38 39 40 41 42 43 44 45 46 47
 48 49 50 51 52 53 54 55 56 57 58 59 60 61 62 63 64 65 66 67 68 69 70 71
 72 73 74 75 76 77 78 79 80 81 82 83 84 85 86 87 88 89 90 91 92 93 94 95
 96 97 98 99]
[44 -1  4 45 -1 90 -1 93 57 46  6  1 -1 62 52 24 10 97 95 -1 -1 -1  3 72
 86 59 80 -1 43 62 -1 96 50 -1 16 -1 38 -1 82 -1 37 -1 -1 -1 -1  4 -1 25
 -1 42 44  0 66 54 32 89 84 -1  0  7 34 69 16 98 -1 33 -1 -1 97 92 -1 -1
 -1 84 -1  6 66 29  3 20 16 14  7 44  7 -1 -1 11 15  4 -1 71 20 53 -1 -1
 86 -1 -1  1]
[1 0 1 1 1 1 1 1 1 0 0 1 0 0 0 1 1 0 0 0 1 1 1 0 0 1 0 0 1 0 0 0 0 1 0 0 1
 1 1 0 0 1 0 1 0 0 1 1 0 0 0 1 0 1 1 1 0 0 1 0 1 0 1 0 0 0 1 0 0 0 0 1 1 1
 0 1 1 0 1 1 1 1 0 1 0 1 1 1 1 1 1 0 0 0 1 1 1 1 0 0]
[4 0 0 2 4 0 0 0 0 4 3 0 1 0 3 3 2 1 4 0 0 0 3 0 0 0 0 2 0 0 0 0 0 0 2 2 4
 0 1 2 3 2 2 2 2 0 0 4 2 0 0 0 0 0 2 0 3 4 3 0 0 4 3 0 2 4 3 0 4 0 2 1 0 3
 3 0 0 0 3 3 2 0 0 0 3 1 0 0 0 0 2 0 1 1 0 4 1 3 0 0]
[4 0 0 2 4 0 0 0 0 4 3 0 1 0 3 3 2 1 4 0 0 0 3 0 0 0 0 2 0 0 0 0 0 0 2 2 4
 0 1 2 3 2 2 2 2 0 0 4 2 0 0 0 0 0 2 0 3 4 3 0 0 4 3 0 2 4 3 0 4 0 2 1 0 3
 3 0 0 0 3 3 2 0 0 0 3 1 0 0 0 0 2 0 1 1 0 4 1 3 0 0]
[7 3 6 4 2 2 7 7 3 5 2 3 2 2 8 5 4 3 2 2 5 7 8 9 3 8 1 1 3 4 5 8 9 7 1 1 7
 4 3 6 8 3 4 7 5 6 3 2 7 2 1 2 3 8 4 5 9 3 9 7 4 3 2 3 4 3 3 4 2 8 2 9 3 5
 3 2 9 4 9 5 5 7 2 4 1 5 1 3 9 9 9 1 9 8 4 7 2 8 8 6]
[7 3 6 4 2 2 7 7 3 5 2 3 2 2 8 5 4 3 2 2 5 7 8 9 3 8 1 1 3 4 5 8 9 7 1 1 7
 4 3 6 8 3 4 7 5 6 3 2 7 2 1 2 3 8 4 5 9 3 9 7 4 3 2 3 4 3 3 4 2 8 2 9 3 5
 3 2 9 4 9 5 5 7 2 4 1 5 1 3 9 9 9 1 9 8 4 7 2 8 8 6]
[49, 44, 50, 13, 50, 14, 50, 29, 25, 24, 50, 17, 50, 35, 23, 50, 16, 16, 48, 50, 42, 50, 34, 50, 27, 36, 50, 31, 37, 13, 13, 50, 50, 50, 50, 15, 50, 50, 50, 50, 26, 50, 50, 23, 50, 50, 50, 50, 50, 18, 50, 31, 38, 35, 25, 14, 46, 22, 50, 50, 50, 50, 50, 50, 29, 50, 50, 50, 50, 50, 50, 50, 21, 50, 50, 43, 27, 50, 16, 25, 35, 50, 50, 50, 50, 50, 50, 42, 50, 43, 38, 45, 36, 50, 50, 34, 20, 50, 17, 50]
[0 0 0 0 0 0 0 0 0 0 0 0 0 0 0 0 0 0 0 0 0 0 0 0 0 0 0 0 0 0 0 0 0 0 0 0 0
 0 0 0 0 0 0 0 0 0 0 0 0 0 0 0 0 0 0 0 0 0 0 0 0 0 0 0 0 0 0 0 0 0 0 0 0 0
 0 0 0 0 0 0 0 0 0 0 0 0 0 0 0 0 0 0 0 0 0 0 0 0 0 0]
[1 1 1 1 1 1 1 1 1 1 1 1 1 1 1 1 1 1 1 1 1 1 1 1 1 1 1 1 1 1 1 1 1 1 1 1 1
 1 1 1 1 1 1 1 1 1 1 1 1 1 1 1 1 1 1 1 1 1 1 1 1 1 1 1 1 1 1 1 1 1 1 1 1 1
 1 1 1 1 1 1 1 1 1 1 1 1 1 1 1 1 1 1 1 1 1 1 1 1 1 1]
