[ 0  1  2  3  4  5  6  7  8  9 10 11 12 13 14 15 16 17 18 19 20 21 22 23
 24 25 26 27 28 29 30 31 32 33 34 35 36 37 38 39 40 41 42 43 44 45 46 47
 48 49 50 51 52 53 54 55 56 57 58 59 60 61 62 63 64 65 66 67 68 69 70 71
 72 73 74 75 76 77 78 79 80 81 82 83 84 85 86 87 88 89 90 91 92 93 94 95
 96 97 98 99]
[80 79 -1 35 -1 -1 45 37 -1 -1 -1 -1 -1 -1  4 -1 70 29 63 -1 94 34 -1 -1
 98 86 -1 28 72 94 16 -1 -1 68 62 73 47 82 -1 81 86 -1 15 99 41 -1 -1 92
 74 86 -1  7 77 38 24 16 -1 92 29 95  8 -1 76 -1 61 93 64 -1 -1 -1 48 -1
 73 -1 53 79 -1 -1 62 34 28 82 -1 52 61 99 97  3 81 64 20 27 98 69 38 63
 72 -1 16 87]
[0 1 0 1 1 1 1 1 1 1 1 1 0 1 0 0 1 0 0 0 0 0 0 0 1 0 0 1 1 1 1 0 1 1 0 1 0
 0 1 1 1 1 0 0 1 1 0 0 1 1 1 1 1 1 1 1 1 1 1 1 0 0 0 0 1 1 0 0 1 1 1 1 0 0
 0 1 0 0 1 0 0 1 1 1 1 0 1 0 1 1 1 0 0 1 1 0 0 0 0 0]
[4 0 0 0 0 3 2 0 2 3 1 2 3 3 3 0 0 4 3 2 1 4 3 3 0 0 0 1 0 0 0 0 3 1 2 2 1
 0 0 3 3 0 0 3 0 0 0 1 3 0 2 1 1 0 3 2 3 2 3 0 3 1 3 0 0 0 0 3 0 4 3 0 3 0
 0 4 2 4 4 0 0 2 2 0 4 0 3 0 0 3 0 1 0 0 4 1 2 0 1 0]
[4 0 0 0 0 3 2 0 2 3 1 2 3 3 3 0 0 4 3 2 1 4 3 3 0 0 0 1 0 0 0 0 3 1 2 2 1
 0 0 3 3 0 0 3 0 0 0 1 3 0 2 1 1 0 3 2 3 2 3 0 3 1 3 0 0 0 0 3 0 4 3 0 3 0
 0 4 2 4 4 0 0 2 2 0 4 0 3 0 0 3 0 1 0 0 4 1 2 0 1 0]
[5 4 1 7 2 1 1 8 8 6 2 2 9 6 5 2 9 9 1 9 7 9 6 5 3 7 8 4 9 5 5 4 8 5 2 6 4
 6 8 3 6 6 7 8 4 1 2 2 1 9 6 1 1 8 9 2 2 6 1 1 7 6 5 7 1 3 8 2 8 2 3 4 7 7
 2 2 9 6 7 8 8 5 1 4 4 7 7 2 1 7 4 7 8 4 2 4 6 5 9 1]
[5 4 1 7 2 1 1 8 8 6 2 2 9 6 5 2 9 9 1 9 7 9 6 5 3 7 8 4 9 5 5 4 8 5 2 6 4
 6 8 3 6 6 7 8 4 1 2 2 1 9 6 1 1 8 9 2 2 6 1 1 7 6 5 7 1 3 8 2 8 2 3 4 7 7
 2 2 9 6 7 8 8 5 1 4 4 7 7 2 1 7 4 7 8 4 2 4 6 5 9 1]
[50, 28, 48, 50, 25, 44, 50, 50, 50, 50, 50, 50, 50, 50, 37, 46, 43, 50, 50, 23, 44, 34, 50, 50, 46, 42, 50, 47, 16, 50, 46, 21, 50, 30, 10, 38, 11, 50, 42, 29, 50, 50, 43, 30, 38, 50, 50, 39, 45, 50, 44, 50, 48, 50, 50, 50, 50, 47, 22, 50, 50, 22, 50, 15, 32, 50, 50, 44, 17, 20, 27, 47, 47, 50, 46, 12, 38, 12, 50, 29, 26, 37, 50, 40, 36, 50, 42, 21, 16, 50, 46, 50, 20, 50, 11, 32, 50, 48, 49, 12]
[0 0 0 0 0 0 0 0 0 0 0 0 0 0 0 0 0 0 0 0 0 0 0 0 0 0 0 0 0 0 0 0 0 0 0 0 0
 0 0 0 0 0 0 0 0 0 0 0 0 0 0 0 0 0 0 0 0 0 0 0 0 0 0 0 0 0 0 0 0 0 0 0 0 0
 0 0 0 0 0 0 0 0 0 0 0 0 0 0 0 0 0 0 0 0 0 0 0 0 0 0]
[1 1 1 1 1 1 1 1 1 1 1 1 1 1 1 1 1 1 1 1 1 1 1 1 1 1 1 1 1 1 1 1 1 1 1 1 1
 1 1 1 1 1 1 1 1 1 1 1 1 1 1 1 1 1 1 1 1 1 1 1 1 1 1 1 1 1 1 1 1 1 1 1 1 1
 1 1 1 1 1 1 1 1 1 1 1 1 1 1 1 1 1 1 1 1 1 1 1 1 1 1]
