[ 0  1  2  3  4  5  6  7  8  9 10 11 12 13 14 15 16 17 18 19 20 21 22 23
 24 25 26 27 28 29 30 31 32 33 34 35 36 37 38 39 40 41 42 43 44 45 46 47
 48 49 50 51 52 53 54 55 56 57 58 59 60 61 62 63 64 65 66 67 68 69 70 71
 72 73 74 75 76 77 78 79 80 81 82 83 84 85 86 87 88 89 90 91 92 93 94 95
 96 97 98 99]
[15 73 -1 50 48 30 47 -1 -1 -1 75 10 29 -1 -1 14 35 -1 -1 79 80 -1 11 83
 13 -1 -1 -1 46 63 80 -1 85 72 -1 59 10 -1 -1 -1 25 10 -1 -1 81 39 80 76
 -1 40 93 -1 -1 -1 -1 92 38 -1 -1 -1 -1 32 -1  0 32 55 12 -1 -1 18 91 -1
 49 19 -1 77 18 30 29 87 62 38 -1 78 38 -1 -1 -1 78 50 25 -1 -1 -1 55 -1
 -1 -1 71 45]
[0 0 0 1 0 1 0 0 0 1 0 0 1 1 1 1 0 1 1 0 1 1 1 0 0 1 0 1 1 0 1 1 0 1 1 1 0
 0 0 0 0 1 0 1 1 0 0 1 1 0 0 1 0 0 1 0 1 1 0 1 0 1 0 1 0 1 0 0 0 1 1 1 0 1
 0 1 1 0 0 0 0 0 1 1 0 1 0 0 1 0 1 1 1 0 1 0 0 1 1 0]
[4 3 3 0 2 0 0 0 0 0 4 0 0 0 0 0 0 0 2 3 2 3 0 0 2 1 1 1 3 2 0 0 0 0 0 0 1
 0 0 0 1 4 2 0 0 1 0 0 0 1 2 0 3 3 4 3 2 1 0 1 3 0 2 0 0 3 0 3 0 0 1 3 0 1
 0 4 1 4 0 1 0 0 0 0 4 2 0 0 0 0 3 0 1 3 0 0 0 0 2 0]
[4 3 3 0 2 0 0 0 0 0 4 0 0 0 0 0 0 0 2 3 2 3 0 0 2 1 1 1 3 2 0 0 0 0 0 0 1
 0 0 0 1 4 2 0 0 1 0 0 0 1 2 0 3 3 4 3 2 1 0 1 3 0 2 0 0 3 0 3 0 0 1 3 0 1
 0 4 1 4 0 1 0 0 0 0 4 2 0 0 0 0 3 0 1 3 0 0 0 0 2 0]
[7 7 4 2 7 9 2 7 1 2 6 1 7 4 9 7 1 3 4 8 2 7 4 6 2 6 6 1 9 5 6 3 4 8 9 9 2
 6 7 4 8 3 3 3 7 2 6 3 9 4 7 2 2 3 9 3 6 1 1 6 7 9 3 2 7 4 2 2 1 6 4 2 4 8
 3 1 1 6 3 9 3 8 3 8 1 2 3 8 9 9 2 6 9 8 8 2 6 3 4 5]
[7 7 4 2 7 9 2 7 1 2 6 1 7 4 9 7 1 3 4 8 2 7 4 6 2 6 6 1 9 5 6 3 4 8 9 9 2
 6 7 4 8 3 3 3 7 2 6 3 9 4 7 2 2 3 9 3 6 1 1 6 7 9 3 2 7 4 2 2 1 6 4 2 4 8
 3 1 1 6 3 9 3 8 3 8 1 2 3 8 9 9 2 6 9 8 8 2 6 3 4 5]
[29, 36, 46, 50, 50, 50, 40, 50, 50, 50, 50, 50, 44, 50, 50, 50, 19, 50, 45, 50, 50, 31, 25, 19, 23, 11, 50, 50, 50, 11, 50, 25, 29, 49, 16, 25, 50, 50, 10, 50, 50, 17, 50, 50, 50, 14, 50, 50, 50, 26, 31, 50, 10, 50, 50, 50, 50, 30, 50, 50, 50, 34, 50, 30, 50, 20, 50, 50, 19, 50, 50, 50, 20, 29, 46, 50, 50, 17, 50, 50, 27, 50, 45, 50, 50, 45, 50, 18, 42, 50, 22, 50, 20, 23, 50, 43, 33, 50, 22, 34]
[0 0 0 0 0 0 0 0 0 0 0 0 0 0 0 0 0 0 0 0 0 0 0 0 0 0 0 0 0 0 0 0 0 0 0 0 0
 0 0 0 0 0 0 0 0 0 0 0 0 0 0 0 0 0 0 0 0 0 0 0 0 0 0 0 0 0 0 0 0 0 0 0 0 0
 0 0 0 0 0 0 0 0 0 0 0 0 0 0 0 0 0 0 0 0 0 0 0 0 0 0]
[1 1 1 1 1 1 1 1 1 1 1 1 1 1 1 1 1 1 1 1 1 1 1 1 1 1 1 1 1 1 1 1 1 1 1 1 1
 1 1 1 1 1 1 1 1 1 1 1 1 1 1 1 1 1 1 1 1 1 1 1 1 1 1 1 1 1 1 1 1 1 1 1 1 1
 1 1 1 1 1 1 1 1 1 1 1 1 1 1 1 1 1 1 1 1 1 1 1 1 1 1]
