[ 0  1  2  3  4  5  6  7  8  9 10 11 12 13 14 15 16 17 18 19 20 21 22 23
 24 25 26 27 28 29 30 31 32 33 34 35 36 37 38 39 40 41 42 43 44 45 46 47
 48 49 50 51 52 53 54 55 56 57 58 59 60 61 62 63 64 65 66 67 68 69 70 71
 72 73 74 75 76 77 78 79 80 81 82 83 84 85 86 87 88 89 90 91 92 93 94 95
 96 97 98 99]
[-1 33 63 -1 46 73 -1 28 34 22 88 -1 -1  7 88 -1 -1 44 68 -1 -1 49 97 45
 89 80 -1 88 76 -1 21  9 97 65 81 -1 41 62 -1  6 21 29 -1 -1 -1 73 -1 -1
 61 50 -1 29 -1 33 26 -1 -1  0 -1 30 72 39 -1 18  5 -1 61 -1 40 -1 -1 67
 -1 47 20 89 37 36 -1 26 -1 25 52 89 15 37 34 91 -1 -1 46 88  3 31 11 -1
 72 11 -1 -1]
[1 0 0 0 1 1 1 0 1 0 0 0 1 0 0 0 1 1 0 0 1 1 1 0 1 1 0 1 0 0 0 0 0 0 1 0 0
 0 1 0 0 1 0 0 0 1 0 1 1 0 0 1 0 0 1 1 1 1 0 1 1 1 1 0 1 1 0 0 0 0 1 1 1 1
 1 1 0 1 1 1 1 1 1 0 1 0 0 1 1 0 1 1 1 1 1 0 0 0 0 1]
[3 0 0 1 3 4 0 2 2 0 0 0 3 1 3 3 0 2 4 0 0 0 0 3 0 0 0 0 2 0 2 0 0 0 0 0 1
 0 0 0 0 0 0 0 4 4 0 2 3 4 4 3 0 0 3 0 3 4 1 0 0 0 0 0 0 0 1 0 0 0 4 2 0 2
 3 3 0 1 1 0 0 0 0 1 0 0 0 4 4 0 2 1 1 1 1 0 2 1 0 2]
[3 0 0 1 3 4 0 2 2 0 0 0 3 1 3 3 0 2 4 0 0 0 0 3 0 0 0 0 2 0 2 0 0 0 0 0 1
 0 0 0 0 0 0 0 4 4 0 2 3 4 4 3 0 0 3 0 3 4 1 0 0 0 0 0 0 0 1 0 0 0 4 2 0 2
 3 3 0 1 1 0 0 0 0 1 0 0 0 4 4 0 2 1 1 1 1 0 2 1 0 2]
[6 3 2 5 1 2 9 9 4 1 2 1 9 9 4 1 6 4 7 5 9 8 8 8 9 1 9 3 3 8 9 4 4 7 5 4 1
 5 9 1 9 5 9 5 4 8 1 9 9 8 9 9 6 9 7 9 7 1 9 2 7 4 5 7 2 2 7 6 9 4 8 6 1 8
 3 4 5 2 4 1 5 6 8 4 9 2 7 7 4 5 9 1 1 3 8 6 4 2 5 6]
[6 3 2 5 1 2 9 9 4 1 2 1 9 9 4 1 6 4 7 5 9 8 8 8 9 1 9 3 3 8 9 4 4 7 5 4 1
 5 9 1 9 5 9 5 4 8 1 9 9 8 9 9 6 9 7 9 7 1 9 2 7 4 5 7 2 2 7 6 9 4 8 6 1 8
 3 4 5 2 4 1 5 6 8 4 9 2 7 7 4 5 9 1 1 3 8 6 4 2 5 6]
[50, 50, 13, 24, 28, 50, 50, 44, 39, 50, 50, 50, 45, 49, 50, 36, 50, 50, 49, 50, 30, 50, 42, 29, 50, 50, 50, 14, 50, 50, 50, 50, 50, 15, 50, 50, 50, 50, 12, 44, 23, 46, 38, 50, 32, 24, 50, 31, 34, 17, 50, 50, 32, 50, 50, 40, 34, 50, 13, 34, 22, 13, 10, 12, 50, 23, 35, 45, 50, 50, 50, 50, 50, 50, 40, 50, 33, 50, 48, 18, 50, 11, 50, 41, 36, 50, 28, 50, 45, 32, 50, 50, 44, 50, 20, 50, 24, 50, 20, 39]
[0 0 0 0 0 0 0 0 0 0 0 0 0 0 0 0 0 0 0 0 0 0 0 0 0 0 0 0 0 0 0 0 0 0 0 0 0
 0 0 0 0 0 0 0 0 0 0 0 0 0 0 0 0 0 0 0 0 0 0 0 0 0 0 0 0 0 0 0 0 0 0 0 0 0
 0 0 0 0 0 0 0 0 0 0 0 0 0 0 0 0 0 0 0 0 0 0 0 0 0 0]
[1 1 1 1 1 1 1 1 1 1 1 1 1 1 1 1 1 1 1 1 1 1 1 1 1 1 1 1 1 1 1 1 1 1 1 1 1
 1 1 1 1 1 1 1 1 1 1 1 1 1 1 1 1 1 1 1 1 1 1 1 1 1 1 1 1 1 1 1 1 1 1 1 1 1
 1 1 1 1 1 1 1 1 1 1 1 1 1 1 1 1 1 1 1 1 1 1 1 1 1 1]
