[ 0  1  2  3  4  5  6  7  8  9 10 11 12 13 14 15 16 17 18 19 20 21 22 23
 24 25 26 27 28 29 30 31 32 33 34 35 36 37 38 39 40 41 42 43 44 45 46 47
 48 49 50 51 52 53 54 55 56 57 58 59 60 61 62 63 64 65 66 67 68 69 70 71
 72 73 74 75 76 77 78 79 80 81 82 83 84 85 86 87 88 89 90 91 92 93 94 95
 96 97 98 99]
[ 5 -1 -1 -1 40 80 96 64 24 55 -1 83 83 30 -1 -1 34 -1 47 85 30 -1 44  6
  5 92 -1 14 -1 11 86 39 -1 -1 24 30 -1 -1 -1 -1  3 37 43 -1 48 -1 -1 93
 -1 -1 -1 68 -1 62 -1 -1 -1 -1 -1 -1 -1 29 96 30 28 77 -1 99 -1 53 93 -1
 -1 21 -1 27 -1 -1 91 14 56 33 -1 98 28 -1 -1  6 -1 -1 42 -1 48 22 -1 14
 74 72 45 56]
[0 1 1 0 0 0 0 1 0 1 1 1 0 1 0 0 1 0 0 0 0 0 0 0 0 0 1 0 0 1 1 0 1 1 0 0 1
 1 0 0 0 1 0 1 0 1 1 0 1 0 1 1 1 1 1 1 1 1 1 1 1 0 1 1 1 1 0 1 1 0 0 1 1 1
 1 1 0 1 1 0 1 0 1 1 1 1 1 0 1 0 1 0 1 0 1 1 1 0 0 1]
[2 4 4 0 0 2 3 0 0 2 0 4 3 3 2 1 3 0 1 3 2 3 4 0 0 2 3 1 3 0 1 0 2 4 4 2 3
 3 1 0 4 3 0 0 3 1 3 1 3 4 2 2 4 0 4 4 3 0 3 4 4 3 0 0 2 0 0 0 4 2 4 2 1 2
 3 0 3 3 2 2 0 2 0 1 0 0 0 0 0 3 1 0 4 3 4 0 2 4 1 3]
[2 4 4 0 0 2 3 0 0 2 0 4 3 3 2 1 3 0 1 3 2 3 4 0 0 2 3 1 3 0 1 0 2 4 4 2 3
 3 1 0 4 3 0 0 3 1 3 1 3 4 2 2 4 0 4 4 3 0 3 4 4 3 0 0 2 0 0 0 4 2 4 2 1 2
 3 0 3 3 2 2 0 2 0 1 0 0 0 0 0 3 1 0 4 3 4 0 2 4 1 3]
[2 8 9 8 6 2 1 6 9 5 4 6 4 4 3 8 8 4 9 8 6 5 9 8 1 2 3 2 8 8 5 8 4 6 8 7 5
 9 1 1 5 1 7 7 9 4 9 9 9 4 4 7 7 3 9 3 2 1 9 6 1 4 8 3 1 9 2 8 2 7 2 6 5 3
 2 7 9 4 3 9 8 9 8 5 4 3 8 3 5 4 9 4 7 7 8 1 9 8 6 1]
[2 8 9 8 6 2 1 6 9 5 4 6 4 4 3 8 8 4 9 8 6 5 9 8 1 2 3 2 8 8 5 8 4 6 8 7 5
 9 1 1 5 1 7 7 9 4 9 9 9 4 4 7 7 3 9 3 2 1 9 6 1 4 8 3 1 9 2 8 2 7 2 6 5 3
 2 7 9 4 3 9 8 9 8 5 4 3 8 3 5 4 9 4 7 7 8 1 9 8 6 1]
[29, 34, 50, 24, 47, 13, 11, 50, 15, 50, 10, 50, 19, 50, 50, 45, 43, 50, 50, 50, 50, 50, 50, 12, 24, 50, 50, 50, 50, 50, 50, 20, 50, 38, 11, 50, 33, 50, 34, 50, 50, 28, 50, 50, 50, 25, 45, 50, 50, 50, 50, 50, 27, 15, 18, 50, 50, 50, 50, 21, 14, 39, 50, 30, 46, 50, 50, 11, 28, 10, 11, 50, 50, 36, 50, 50, 50, 50, 50, 50, 50, 21, 37, 50, 49, 50, 34, 50, 50, 50, 25, 50, 29, 26, 39, 50, 28, 50, 46, 50]
[0 0 0 0 0 0 0 0 0 0 0 0 0 0 0 0 0 0 0 0 0 0 0 0 0 0 0 0 0 0 0 0 0 0 0 0 0
 0 0 0 0 0 0 0 0 0 0 0 0 0 0 0 0 0 0 0 0 0 0 0 0 0 0 0 0 0 0 0 0 0 0 0 0 0
 0 0 0 0 0 0 0 0 0 0 0 0 0 0 0 0 0 0 0 0 0 0 0 0 0 0]
[1 1 1 1 1 1 1 1 1 1 1 1 1 1 1 1 1 1 1 1 1 1 1 1 1 1 1 1 1 1 1 1 1 1 1 1 1
 1 1 1 1 1 1 1 1 1 1 1 1 1 1 1 1 1 1 1 1 1 1 1 1 1 1 1 1 1 1 1 1 1 1 1 1 1
 1 1 1 1 1 1 1 1 1 1 1 1 1 1 1 1 1 1 1 1 1 1 1 1 1 1]
