[ 0  1  2  3  4  5  6  7  8  9 10 11 12 13 14 15 16 17 18 19 20 21 22 23
 24 25 26 27 28 29 30 31 32 33 34 35 36 37 38 39 40 41 42 43 44 45 46 47
 48 49 50 51 52 53 54 55 56 57 58 59 60 61 62 63 64 65 66 67 68 69 70 71
 72 73 74 75 76 77 78 79 80 81 82 83 84 85 86 87 88 89 90 91 92 93 94 95
 96 97 98 99]
[17 13 40 85 45  9 -1  2 -1 50 -1 -1 51 33 42 -1  1 46 33 98 40 78 43 32
 32 80 -1 79 47 76 84 -1 -1 -1 -1 28 51 14 -1 -1 -1 -1 -1 -1 42 27 -1 43
 -1 37 90 -1 76 16 -1  8 -1 38 34 71 39 38  6 -1 40 23 32 76 24 -1 96 -1
 -1 -1 56 22 40 69 93 57 75 -1 44 -1 -1 56 96 60 -1 -1 98 -1 16 25 30 22
 31 54 15 -1]
[0 0 1 1 0 0 1 0 0 1 0 1 1 1 1 1 1 1 1 0 0 0 1 0 0 1 1 1 1 0 0 0 0 1 1 1 0
 0 1 0 0 0 1 1 1 1 0 0 0 0 1 1 0 0 0 0 0 0 1 1 1 0 0 0 1 1 0 0 1 0 0 0 0 0
 0 1 1 1 0 1 0 1 1 0 0 1 0 1 0 1 0 1 0 0 0 0 0 1 1 1]
[3 0 0 3 3 0 4 4 4 3 2 2 4 1 0 2 0 0 3 2 1 0 2 1 0 0 4 0 0 2 1 3 0 0 0 1 0
 0 4 4 0 0 0 0 0 0 0 4 1 0 1 0 0 0 2 0 2 0 3 3 0 0 1 4 2 0 3 0 3 2 1 0 0 0
 0 3 4 0 0 0 0 0 0 4 3 2 0 1 0 3 4 0 2 1 4 3 0 0 3 1]
[3 0 0 3 3 0 4 4 4 3 2 2 4 1 0 2 0 0 3 2 1 0 2 1 0 0 4 0 0 2 1 3 0 0 0 1 0
 0 4 4 0 0 0 0 0 0 0 4 1 0 1 0 0 0 2 0 2 0 3 3 0 0 1 4 2 0 3 0 3 2 1 0 0 0
 0 3 4 0 0 0 0 0 0 4 3 2 0 1 0 3 4 0 2 1 4 3 0 0 3 1]
[8 3 1 9 4 8 2 7 8 2 3 5 6 6 3 3 8 7 2 5 5 1 8 8 3 5 2 6 7 4 3 7 5 8 4 3 4
 2 6 9 8 9 6 1 2 7 7 4 8 9 2 5 9 3 8 6 7 2 7 9 9 1 6 2 2 8 4 3 2 6 3 8 9 1
 3 7 5 3 3 7 3 9 1 2 7 2 7 8 8 7 1 7 4 1 6 6 1 5 8 2]
[8 3 1 9 4 8 2 7 8 2 3 5 6 6 3 3 8 7 2 5 5 1 8 8 3 5 2 6 7 4 3 7 5 8 4 3 4
 2 6 9 8 9 6 1 2 7 7 4 8 9 2 5 9 3 8 6 7 2 7 9 9 1 6 2 2 8 4 3 2 6 3 8 9 1
 3 7 5 3 3 7 3 9 1 2 7 2 7 8 8 7 1 7 4 1 6 6 1 5 8 2]
[50, 16, 50, 37, 50, 50, 47, 50, 50, 50, 30, 32, 50, 50, 50, 50, 46, 21, 13, 50, 50, 50, 13, 12, 43, 50, 25, 20, 50, 40, 50, 32, 50, 13, 41, 50, 50, 50, 50, 50, 50, 48, 50, 33, 50, 24, 10, 50, 11, 50, 50, 50, 50, 50, 50, 50, 50, 50, 50, 14, 14, 50, 50, 27, 12, 41, 28, 50, 50, 34, 50, 37, 27, 21, 27, 40, 50, 35, 50, 23, 50, 35, 20, 50, 13, 50, 50, 50, 20, 50, 50, 50, 50, 50, 10, 50, 15, 50, 50, 50]
[0 0 0 0 0 0 0 0 0 0 0 0 0 0 0 0 0 0 0 0 0 0 0 0 0 0 0 0 0 0 0 0 0 0 0 0 0
 0 0 0 0 0 0 0 0 0 0 0 0 0 0 0 0 0 0 0 0 0 0 0 0 0 0 0 0 0 0 0 0 0 0 0 0 0
 0 0 0 0 0 0 0 0 0 0 0 0 0 0 0 0 0 0 0 0 0 0 0 0 0 0]
[1 1 1 1 1 1 1 1 1 1 1 1 1 1 1 1 1 1 1 1 1 1 1 1 1 1 1 1 1 1 1 1 1 1 1 1 1
 1 1 1 1 1 1 1 1 1 1 1 1 1 1 1 1 1 1 1 1 1 1 1 1 1 1 1 1 1 1 1 1 1 1 1 1 1
 1 1 1 1 1 1 1 1 1 1 1 1 1 1 1 1 1 1 1 1 1 1 1 1 1 1]
