[ 0  1  2  3  4  5  6  7  8  9 10 11 12 13 14 15 16 17 18 19 20 21 22 23
 24 25 26 27 28 29 30 31 32 33 34 35 36 37 38 39 40 41 42 43 44 45 46 47
 48 49 50 51 52 53 54 55 56 57 58 59 60 61 62 63 64 65 66 67 68 69 70 71
 72 73 74 75 76 77 78 79 80 81 82 83 84 85 86 87 88 89 90 91 92 93 94 95
 96 97 98 99]
[-1 -1 62 13 31 65 25 19 -1 16 -1 -1 -1 74 37 71 -1 60  6 22 74 95  3 74
 93 44  3 36 43 -1 -1 90 15 76 -1 -1 -1 31 -1 97 17  3 47 49 -1 93 28 -1
 -1 -1 -1 -1 -1 -1 -1 69 39 72 46 83 -1 -1 -1 46 53 -1 46 90 -1 91 79 51
 43 94 70 97 88 81  0  4 76 -1 -1 49 75 -1 14 -1 -1 38 85 -1 46 -1 45 20
 74 57 24 -1]
[1 0 0 1 1 1 0 1 0 0 1 1 1 0 0 1 1 0 0 0 1 0 1 1 0 1 0 1 1 1 1 1 0 0 0 0 1
 0 1 1 0 1 1 0 1 1 0 1 0 1 1 0 1 0 0 0 0 0 0 0 0 0 0 1 0 1 1 0 0 0 1 1 0 0
 1 0 0 1 0 0 0 0 1 0 0 1 1 1 0 1 0 1 1 1 0 1 1 0 0 1]
[0 1 0 0 4 0 2 1 3 4 2 2 2 0 2 1 0 0 0 4 0 0 4 1 0 0 2 0 4 0 4 1 0 0 1 1 0
 3 0 1 0 4 0 0 0 2 4 3 1 0 0 3 0 0 0 2 4 1 3 0 2 2 3 2 3 0 4 0 3 0 3 3 4 2
 4 0 0 0 0 3 2 3 0 0 0 0 0 2 2 3 0 0 2 0 2 1 3 2 2 0]
[0 1 0 0 4 0 2 1 3 4 2 2 2 0 2 1 0 0 0 4 0 0 4 1 0 0 2 0 4 0 4 1 0 0 1 1 0
 3 0 1 0 4 0 0 0 2 4 3 1 0 0 3 0 0 0 2 4 1 3 0 2 2 3 2 3 0 4 0 3 0 3 3 4 2
 4 0 0 0 0 3 2 3 0 0 0 0 0 2 2 3 0 0 2 0 2 1 3 2 2 0]
[3 3 1 1 9 9 5 4 8 5 9 4 9 7 3 2 3 4 7 1 7 8 5 7 9 7 3 4 2 3 6 2 9 3 4 1 2
 6 4 6 7 8 1 9 9 5 4 3 3 1 2 9 9 7 6 8 9 7 5 8 8 6 3 6 7 6 6 8 6 9 2 9 4 7
 3 4 9 3 5 6 9 7 4 3 6 9 1 1 3 8 3 2 6 9 6 3 6 4 2 2]
[3 3 1 1 9 9 5 4 8 5 9 4 9 7 3 2 3 4 7 1 7 8 5 7 9 7 3 4 2 3 6 2 9 3 4 1 2
 6 4 6 7 8 1 9 9 5 4 3 3 1 2 9 9 7 6 8 9 7 5 8 8 6 3 6 7 6 6 8 6 9 2 9 4 7
 3 4 9 3 5 6 9 7 4 3 6 9 1 1 3 8 3 2 6 9 6 3 6 4 2 2]
[50, 50, 50, 50, 50, 41, 50, 50, 45, 50, 26, 50, 23, 50, 50, 13, 50, 50, 25, 41, 50, 17, 35, 40, 50, 50, 17, 50, 50, 50, 14, 35, 50, 50, 50, 26, 46, 50, 35, 33, 50, 38, 50, 50, 50, 50, 40, 13, 19, 48, 32, 34, 29, 32, 47, 31, 50, 50, 10, 50, 22, 48, 44, 47, 26, 50, 50, 50, 50, 27, 29, 50, 19, 21, 50, 16, 50, 21, 23, 50, 49, 50, 39, 50, 50, 25, 50, 16, 21, 50, 50, 49, 15, 40, 50, 50, 18, 50, 50, 50]
[0 0 0 0 0 0 0 0 0 0 0 0 0 0 0 0 0 0 0 0 0 0 0 0 0 0 0 0 0 0 0 0 0 0 0 0 0
 0 0 0 0 0 0 0 0 0 0 0 0 0 0 0 0 0 0 0 0 0 0 0 0 0 0 0 0 0 0 0 0 0 0 0 0 0
 0 0 0 0 0 0 0 0 0 0 0 0 0 0 0 0 0 0 0 0 0 0 0 0 0 0]
[1 1 1 1 1 1 1 1 1 1 1 1 1 1 1 1 1 1 1 1 1 1 1 1 1 1 1 1 1 1 1 1 1 1 1 1 1
 1 1 1 1 1 1 1 1 1 1 1 1 1 1 1 1 1 1 1 1 1 1 1 1 1 1 1 1 1 1 1 1 1 1 1 1 1
 1 1 1 1 1 1 1 1 1 1 1 1 1 1 1 1 1 1 1 1 1 1 1 1 1 1]
