[ 0  1  2  3  4  5  6  7  8  9 10 11 12 13 14 15 16 17 18 19 20 21 22 23
 24 25 26 27 28 29 30 31 32 33 34 35 36 37 38 39 40 41 42 43 44 45 46 47
 48 49 50 51 52 53 54 55 56 57 58 59 60 61 62 63 64 65 66 67 68 69 70 71
 72 73 74 75 76 77 78 79 80 81 82 83 84 85 86 87 88 89 90 91 92 93 94 95
 96 97 98 99]
[66 -1 29 18  0 52 -1 38 23 60 -1 -1 -1 -1 50 98 50  0 38  2 -1 34 50  7
 -1 48 -1 84 72 48 -1 -1 37 95 -1 -1  7 61 -1 76 -1 -1 -1 74 49 78 94 33
 -1 -1 77 -1 72 -1  7  5 23 80 64 -1 55 82 -1 -1 -1 -1 45 24 -1 -1  2 26
 -1 50 -1 30  9 83 -1 82 79 -1 66 -1 73 -1 -1 -1 79 63 -1 27 -1 -1 22 16
 -1  1 36 80]
[0 1 1 1 1 0 0 1 1 1 1 0 1 0 0 1 1 1 1 0 0 1 0 0 0 0 1 0 0 0 1 0 0 1 1 0 0
 0 1 0 1 1 1 1 0 1 1 1 0 1 0 1 0 0 1 0 0 0 1 1 0 0 1 0 0 0 0 0 0 0 1 1 1 0
 1 1 1 0 1 1 0 0 1 0 1 1 1 0 0 0 1 1 1 1 0 1 0 0 0 1]
[0 0 0 0 0 2 0 3 0 0 0 1 2 1 2 2 4 2 0 2 0 0 0 3 3 0 0 1 2 1 0 3 0 3 3 0 2
 0 2 0 0 2 0 0 1 0 4 0 0 1 0 0 0 0 3 3 3 2 2 0 3 3 2 0 0 4 3 0 0 0 4 0 2 0
 1 2 0 2 3 0 0 3 2 0 1 0 3 3 0 0 1 0 3 4 0 0 2 4 0 0]
[0 0 0 0 0 2 0 3 0 0 0 1 2 1 2 2 4 2 0 2 0 0 0 3 3 0 0 1 2 1 0 3 0 3 3 0 2
 0 2 0 0 2 0 0 1 0 4 0 0 1 0 0 0 0 3 3 3 2 2 0 3 3 2 0 0 4 3 0 0 0 4 0 2 0
 1 2 0 2 3 0 0 3 2 0 1 0 3 3 0 0 1 0 3 4 0 0 2 4 0 0]
[9 7 6 3 2 7 1 1 3 5 9 1 7 3 8 3 7 6 4 5 2 7 6 8 4 2 6 8 7 1 9 3 9 7 1 4 6
 7 4 9 5 3 5 4 6 3 5 5 9 1 1 3 2 2 3 7 9 5 9 6 9 7 5 4 1 8 3 3 4 5 4 9 7 5
 6 5 7 1 7 1 9 6 3 2 7 8 8 8 9 7 2 3 8 8 8 6 9 4 5 1]
[9 7 6 3 2 7 1 1 3 5 9 1 7 3 8 3 7 6 4 5 2 7 6 8 4 2 6 8 7 1 9 3 9 7 1 4 6
 7 4 9 5 3 5 4 6 3 5 5 9 1 1 3 2 2 3 7 9 5 9 6 9 7 5 4 1 8 3 3 4 5 4 9 7 5
 6 5 7 1 7 1 9 6 3 2 7 8 8 8 9 7 2 3 8 8 8 6 9 4 5 1]
[32, 50, 20, 15, 50, 50, 50, 50, 50, 43, 50, 50, 50, 50, 50, 37, 50, 27, 50, 17, 31, 50, 49, 19, 11, 50, 32, 22, 50, 43, 50, 50, 50, 20, 50, 47, 20, 50, 27, 34, 50, 50, 50, 50, 50, 50, 50, 17, 50, 14, 50, 29, 50, 50, 50, 35, 50, 12, 48, 19, 13, 50, 37, 50, 29, 50, 50, 37, 50, 50, 50, 20, 50, 50, 50, 50, 22, 39, 35, 34, 32, 32, 32, 50, 47, 37, 43, 15, 29, 48, 50, 50, 24, 50, 39, 41, 50, 21, 24, 50]
[0 0 0 0 0 0 0 0 0 0 0 0 0 0 0 0 0 0 0 0 0 0 0 0 0 0 0 0 0 0 0 0 0 0 0 0 0
 0 0 0 0 0 0 0 0 0 0 0 0 0 0 0 0 0 0 0 0 0 0 0 0 0 0 0 0 0 0 0 0 0 0 0 0 0
 0 0 0 0 0 0 0 0 0 0 0 0 0 0 0 0 0 0 0 0 0 0 0 0 0 0]
[1 1 1 1 1 1 1 1 1 1 1 1 1 1 1 1 1 1 1 1 1 1 1 1 1 1 1 1 1 1 1 1 1 1 1 1 1
 1 1 1 1 1 1 1 1 1 1 1 1 1 1 1 1 1 1 1 1 1 1 1 1 1 1 1 1 1 1 1 1 1 1 1 1 1
 1 1 1 1 1 1 1 1 1 1 1 1 1 1 1 1 1 1 1 1 1 1 1 1 1 1]
