[ 0  1  2  3  4  5  6  7  8  9 10 11 12 13 14 15 16 17 18 19 20 21 22 23
 24 25 26 27 28 29 30 31 32 33 34 35 36 37 38 39 40 41 42 43 44 45 46 47
 48 49 50 51 52 53 54 55 56 57 58 59 60 61 62 63 64 65 66 67 68 69 70 71
 72 73 74 75 76 77 78 79 80 81 82 83 84 85 86 87 88 89 90 91 92 93 94 95
 96 97 98 99]
[70 68 31 -1  7 -1 79 -1 -1  7 73 89  4 14 -1 82 63  6 -1 -1  9 51 91 82
 26 16 80 -1 -1 25 63 -1 56 81 -1  2 69  1 -1 19  1 -1 53 78 23 -1 34 95
 58 -1 23 45 -1 41  3 81 -1 -1 61 58 29 13 24 -1 44 20 62 -1 21 27 91 -1
 33 21 -1 26 50  2 -1 35 -1 26 77 14 47 63 83 25 -1 65 81 -1 59 -1 80 -1
 40 79 24 44]
[0 0 1 0 0 1 0 1 1 1 0 0 0 1 1 0 0 1 0 1 0 1 0 1 0 0 0 1 0 0 1 1 0 0 1 0 1
 1 1 0 1 1 1 1 0 1 1 1 1 0 1 1 0 1 1 0 0 0 1 1 1 1 1 1 1 1 0 1 0 1 0 1 1 0
 1 0 1 0 0 1 0 1 0 1 1 1 1 0 1 1 0 0 0 0 1 0 1 1 0 1]
[2 2 1 0 4 2 0 0 0 0 1 1 3 2 0 0 1 3 0 0 2 0 4 4 4 3 0 2 1 0 3 0 0 0 3 0 0
 0 3 0 0 0 2 0 0 1 2 2 2 0 0 0 3 2 0 0 0 1 2 4 0 0 3 0 0 0 0 0 0 2 0 0 3 4
 4 0 0 0 0 2 0 1 0 0 2 2 0 0 0 0 3 0 0 0 2 1 4 3 0 0]
[2 2 1 0 4 2 0 0 0 0 1 1 3 2 0 0 1 3 0 0 2 0 4 4 4 3 0 2 1 0 3 0 0 0 3 0 0
 0 3 0 0 0 2 0 0 1 2 2 2 0 0 0 3 2 0 0 0 1 2 4 0 0 3 0 0 0 0 0 0 2 0 0 3 4
 4 0 0 0 0 2 0 1 0 0 2 2 0 0 0 0 3 0 0 0 2 1 4 3 0 0]
[7 5 7 3 2 6 4 4 1 4 7 3 9 9 8 8 6 2 6 6 6 7 5 4 6 8 3 3 3 5 4 2 5 3 6 6 4
 1 6 5 9 2 8 3 2 4 5 8 4 4 8 5 4 3 8 9 5 9 1 8 1 5 8 1 7 1 6 3 7 3 4 9 4 7
 2 7 5 1 5 1 3 6 1 7 2 8 2 2 8 6 4 9 2 1 1 8 8 7 8 6]
[7 5 7 3 2 6 4 4 1 4 7 3 9 9 8 8 6 2 6 6 6 7 5 4 6 8 3 3 3 5 4 2 5 3 6 6 4
 1 6 5 9 2 8 3 2 4 5 8 4 4 8 5 4 3 8 9 5 9 1 8 1 5 8 1 7 1 6 3 7 3 4 9 4 7
 2 7 5 1 5 1 3 6 1 7 2 8 2 2 8 6 4 9 2 1 1 8 8 7 8 6]
[50, 50, 41, 50, 42, 50, 50, 50, 15, 32, 38, 49, 15, 50, 50, 26, 50, 50, 50, 50, 50, 43, 50, 50, 50, 50, 21, 44, 11, 25, 27, 50, 41, 44, 50, 50, 23, 50, 21, 21, 50, 50, 40, 50, 48, 23, 50, 23, 16, 19, 34, 50, 50, 50, 50, 50, 50, 45, 50, 27, 50, 28, 35, 50, 13, 50, 50, 50, 46, 34, 37, 46, 48, 50, 46, 50, 50, 18, 24, 50, 24, 42, 18, 46, 50, 40, 50, 24, 50, 24, 33, 36, 42, 29, 27, 50, 50, 38, 33, 15]
[0 0 0 0 0 0 0 0 0 0 0 0 0 0 0 0 0 0 0 0 0 0 0 0 0 0 0 0 0 0 0 0 0 0 0 0 0
 0 0 0 0 0 0 0 0 0 0 0 0 0 0 0 0 0 0 0 0 0 0 0 0 0 0 0 0 0 0 0 0 0 0 0 0 0
 0 0 0 0 0 0 0 0 0 0 0 0 0 0 0 0 0 0 0 0 0 0 0 0 0 0]
[1 1 1 1 1 1 1 1 1 1 1 1 1 1 1 1 1 1 1 1 1 1 1 1 1 1 1 1 1 1 1 1 1 1 1 1 1
 1 1 1 1 1 1 1 1 1 1 1 1 1 1 1 1 1 1 1 1 1 1 1 1 1 1 1 1 1 1 1 1 1 1 1 1 1
 1 1 1 1 1 1 1 1 1 1 1 1 1 1 1 1 1 1 1 1 1 1 1 1 1 1]
