[ 0  1  2  3  4  5  6  7  8  9 10 11 12 13 14 15 16 17 18 19 20 21 22 23
 24 25 26 27 28 29 30 31 32 33 34 35 36 37 38 39 40 41 42 43 44 45 46 47
 48 49 50 51 52 53 54 55 56 57 58 59 60 61 62 63 64 65 66 67 68 69 70 71
 72 73 74 75 76 77 78 79 80 81 82 83 84 85 86 87 88 89 90 91 92 93 94 95
 96 97 98 99]
[90 48 65 -1 -1 -1 -1 -1 72 -1 64 -1 41 81 -1 44 -1 16  9 -1 -1 30 -1 75
 -1 -1 94 26 -1  7 -1 29 72 23 -1 -1 63 29 12 32 43 -1 93  1 62 65 89 69
 21 -1 -1 86 -1 -1 30 86 17 97 46 62 53 90 78 40 55 83 12 62 24 49 -1 99
 71 32 98 93 84 -1 22 25 82 51 56 94 80 99 -1 92 30 -1 34 -1 50 -1 -1 -1
 69 58 -1 79]
[0 0 1 0 0 1 1 1 0 1 0 1 0 0 1 1 1 0 1 0 1 1 0 0 1 1 0 0 1 0 0 1 0 1 0 0 0
 0 1 1 0 1 1 1 1 1 0 1 0 1 0 0 0 1 1 1 0 0 1 1 0 0 1 0 1 0 1 0 0 0 1 0 0 1
 1 0 0 0 1 1 1 1 1 1 1 0 1 0 1 0 0 1 0 1 0 0 0 1 0 0]
[4 4 0 3 3 4 2 0 4 3 3 0 0 0 4 0 3 0 0 0 0 2 4 4 2 1 1 0 4 0 0 2 0 0 1 0 2
 0 4 1 3 2 4 3 4 0 1 4 0 0 0 2 0 0 2 4 1 1 3 0 1 0 2 1 3 0 0 0 3 2 4 3 3 0
 0 0 1 1 3 2 1 4 0 2 1 0 1 0 0 0 3 0 0 0 3 4 0 0 4 2]
[4 4 0 3 3 4 2 0 4 3 3 0 0 0 4 0 3 0 0 0 0 2 4 4 2 1 1 0 4 0 0 2 0 0 1 0 2
 0 4 1 3 2 4 3 4 0 1 4 0 0 0 2 0 0 2 4 1 1 3 0 1 0 2 1 3 0 0 0 3 2 4 3 3 0
 0 0 1 1 3 2 1 4 0 2 1 0 1 0 0 0 3 0 0 0 3 4 0 0 4 2]
[6 4 5 8 5 2 4 7 1 6 5 2 4 2 6 3 6 9 5 9 6 8 7 6 1 2 5 6 3 6 4 8 8 1 3 6 2
 6 1 1 5 2 4 1 9 5 6 8 7 8 1 1 6 3 9 3 9 5 1 8 8 7 6 9 6 3 4 5 3 9 9 2 9 1
 2 9 3 5 3 3 3 2 7 8 5 9 6 9 3 7 1 6 2 8 5 4 7 1 6 1]
[6 4 5 8 5 2 4 7 1 6 5 2 4 2 6 3 6 9 5 9 6 8 7 6 1 2 5 6 3 6 4 8 8 1 3 6 2
 6 1 1 5 2 4 1 9 5 6 8 7 8 1 1 6 3 9 3 9 5 1 8 8 7 6 9 6 3 4 5 3 9 9 2 9 1
 2 9 3 5 3 3 3 2 7 8 5 9 6 9 3 7 1 6 2 8 5 4 7 1 6 1]
[15, 50, 50, 50, 50, 50, 30, 42, 41, 50, 15, 50, 50, 50, 43, 50, 11, 50, 41, 50, 28, 50, 40, 50, 50, 38, 24, 50, 13, 33, 16, 50, 17, 50, 50, 21, 47, 50, 29, 17, 31, 50, 50, 41, 50, 50, 50, 14, 45, 45, 50, 24, 50, 28, 50, 13, 50, 50, 42, 32, 26, 50, 40, 50, 17, 50, 50, 47, 50, 43, 50, 35, 14, 50, 47, 17, 50, 16, 50, 28, 40, 50, 41, 28, 17, 50, 50, 50, 33, 39, 50, 50, 50, 16, 50, 50, 50, 50, 30, 50]
[0 0 0 0 0 0 0 0 0 0 0 0 0 0 0 0 0 0 0 0 0 0 0 0 0 0 0 0 0 0 0 0 0 0 0 0 0
 0 0 0 0 0 0 0 0 0 0 0 0 0 0 0 0 0 0 0 0 0 0 0 0 0 0 0 0 0 0 0 0 0 0 0 0 0
 0 0 0 0 0 0 0 0 0 0 0 0 0 0 0 0 0 0 0 0 0 0 0 0 0 0]
[1 1 1 1 1 1 1 1 1 1 1 1 1 1 1 1 1 1 1 1 1 1 1 1 1 1 1 1 1 1 1 1 1 1 1 1 1
 1 1 1 1 1 1 1 1 1 1 1 1 1 1 1 1 1 1 1 1 1 1 1 1 1 1 1 1 1 1 1 1 1 1 1 1 1
 1 1 1 1 1 1 1 1 1 1 1 1 1 1 1 1 1 1 1 1 1 1 1 1 1 1]
