[ 0  1  2  3  4  5  6  7  8  9 10 11 12 13 14 15 16 17 18 19 20 21 22 23
 24 25 26 27 28 29 30 31 32 33 34 35 36 37 38 39 40 41 42 43 44 45 46 47
 48 49 50 51 52 53 54 55 56 57 58 59 60 61 62 63 64 65 66 67 68 69 70 71
 72 73 74 75 76 77 78 79 80 81 82 83 84 85 86 87 88 89 90 91 92 93 94 95
 96 97 98 99]
[-1 79 -1 -1 11 -1 20 95 -1 72 84 88 67 -1 42 -1 22 32 -1 26 12 -1 32 30
 87 -1 89  7 94 -1 92 39 38 -1 71  4 -1 17 15 -1  5 20 -1 -1 61 -1 -1 69
 52 -1 76 52 15  5 25 61 -1 -1 -1 75 61  5 93 82 -1 -1 59 80 29 75 10 -1
 53 85 -1 57 -1 26 77 -1 68 68 81 84  8  2 -1 -1 -1  1 47 45 -1 95 -1  9
 68 -1 -1 90]
[0 0 1 0 0 1 0 1 1 1 0 0 0 1 1 0 1 0 1 1 1 0 1 1 1 0 0 1 1 1 1 0 0 1 0 1 0
 1 1 1 1 1 0 0 0 0 1 1 1 0 0 0 1 1 1 0 1 1 1 1 1 1 0 0 0 0 1 1 0 0 1 0 0 1
 0 1 0 0 0 0 1 0 1 0 1 1 1 0 1 1 0 1 0 0 1 0 0 0 0 1]
[2 2 4 2 0 1 1 0 0 1 4 1 0 3 0 3 0 0 0 0 0 0 0 0 2 3 2 0 1 2 4 1 0 3 0 3 0
 0 1 1 0 4 0 0 3 3 0 0 2 0 1 0 3 2 0 0 0 0 0 3 0 0 0 1 0 1 0 2 0 1 0 0 1 1
 4 3 3 0 0 0 0 3 0 0 4 0 4 0 2 0 1 3 0 2 3 4 0 1 3 3]
[2 2 4 2 0 1 1 0 0 1 4 1 0 3 0 3 0 0 0 0 0 0 0 0 2 3 2 0 1 2 4 1 0 3 0 3 0
 0 1 1 0 4 0 0 3 3 0 0 2 0 1 0 3 2 0 0 0 0 0 3 0 0 0 1 0 1 0 2 0 1 0 0 1 1
 4 3 3 0 0 0 0 3 0 0 4 0 4 0 2 0 1 3 0 2 3 4 0 1 3 3]
[4 4 8 7 3 7 6 9 9 9 3 9 7 8 9 8 8 3 7 8 1 1 6 3 5 7 8 1 3 2 7 4 9 8 5 2 9
 5 7 2 3 8 2 8 7 5 1 7 3 9 6 5 1 3 5 5 7 6 3 1 5 2 3 7 4 9 8 6 5 7 7 9 3 5
 8 9 9 5 1 9 3 8 9 8 8 2 2 9 8 6 2 1 8 7 1 1 1 9 9 3]
[4 4 8 7 3 7 6 9 9 9 3 9 7 8 9 8 8 3 7 8 1 1 6 3 5 7 8 1 3 2 7 4 9 8 5 2 9
 5 7 2 3 8 2 8 7 5 1 7 3 9 6 5 1 3 5 5 7 6 3 1 5 2 3 7 4 9 8 6 5 7 7 9 3 5
 8 9 9 5 1 9 3 8 9 8 8 2 2 9 8 6 2 1 8 7 1 1 1 9 9 3]
[50, 50, 50, 50, 16, 23, 50, 50, 50, 50, 40, 44, 50, 50, 21, 16, 50, 50, 50, 18, 50, 34, 50, 50, 37, 41, 43, 50, 50, 50, 12, 50, 50, 41, 50, 50, 16, 50, 50, 50, 24, 50, 38, 24, 50, 21, 40, 31, 20, 50, 50, 50, 50, 18, 45, 50, 50, 45, 50, 20, 45, 41, 24, 50, 33, 50, 50, 50, 50, 11, 50, 50, 15, 23, 40, 50, 50, 23, 26, 50, 23, 30, 50, 50, 21, 50, 50, 50, 50, 22, 50, 30, 50, 50, 27, 29, 42, 23, 26, 18]
[0 0 0 0 0 0 0 0 0 0 0 0 0 0 0 0 0 0 0 0 0 0 0 0 0 0 0 0 0 0 0 0 0 0 0 0 0
 0 0 0 0 0 0 0 0 0 0 0 0 0 0 0 0 0 0 0 0 0 0 0 0 0 0 0 0 0 0 0 0 0 0 0 0 0
 0 0 0 0 0 0 0 0 0 0 0 0 0 0 0 0 0 0 0 0 0 0 0 0 0 0]
[1 1 1 1 1 1 1 1 1 1 1 1 1 1 1 1 1 1 1 1 1 1 1 1 1 1 1 1 1 1 1 1 1 1 1 1 1
 1 1 1 1 1 1 1 1 1 1 1 1 1 1 1 1 1 1 1 1 1 1 1 1 1 1 1 1 1 1 1 1 1 1 1 1 1
 1 1 1 1 1 1 1 1 1 1 1 1 1 1 1 1 1 1 1 1 1 1 1 1 1 1]
