[ 0  1  2  3  4  5  6  7  8  9 10 11 12 13 14 15 16 17 18 19 20 21 22 23
 24 25 26 27 28 29 30 31 32 33 34 35 36 37 38 39 40 41 42 43 44 45 46 47
 48 49 50 51 52 53 54 55 56 57 58 59 60 61 62 63 64 65 66 67 68 69 70 71
 72 73 74 75 76 77 78 79 80 81 82 83 84 85 86 87 88 89 90 91 92 93 94 95
 96 97 98 99]
[95 31 34 -1 -1 64 32 -1 -1 -1 -1 28 -1 52  3 -1 -1 51 47 44 61 -1 85 63
 15 16 -1 -1 95 82 93 54 81 83  8 -1 77 55 47 -1 17 15 -1 56 60 39 -1 25
  8 -1 -1 -1  0 15 -1 20 70 46 -1 -1 22 21  3 22 -1 -1 11 -1 -1 -1 76 -1
 43 30 -1 73 -1 -1 16 -1 72 -1 49 -1 72 -1 61 51 16 -1 -1 -1 -1 -1 -1 94
 -1  0  2 41]
[0 0 1 0 0 1 0 1 0 1 1 1 0 1 0 0 1 0 1 0 1 1 1 0 0 1 1 0 1 0 0 1 0 0 0 1 0
 1 1 1 1 0 0 1 0 1 1 1 0 1 0 0 1 0 1 1 0 1 0 0 1 0 1 0 1 0 0 0 1 0 1 1 1 0
 1 0 1 0 0 1 1 0 1 1 0 1 0 0 1 1 1 0 0 0 1 0 0 0 0 0]
[3 1 0 0 0 0 0 1 0 0 0 4 0 2 4 3 0 0 0 0 0 1 0 0 2 2 1 0 0 0 0 1 0 0 2 4 0
 0 0 0 2 0 0 1 0 0 0 2 0 3 3 0 0 1 4 0 0 0 3 4 1 0 0 2 0 0 4 1 0 0 0 2 0 1
 3 1 4 1 0 1 0 2 1 0 0 4 0 1 4 4 0 0 0 0 0 0 2 4 0 4]
[3 1 0 0 0 0 0 1 0 0 0 4 0 2 4 3 0 0 0 0 0 1 0 0 2 2 1 0 0 0 0 1 0 0 2 4 0
 0 0 0 2 0 0 1 0 0 0 2 0 3 3 0 0 1 4 0 0 0 3 4 1 0 0 2 0 0 4 1 0 0 0 2 0 1
 3 1 4 1 0 1 0 2 1 0 0 4 0 1 4 4 0 0 0 0 0 0 2 4 0 4]
[1 9 2 8 2 9 1 5 7 3 2 8 7 6 2 6 7 8 5 8 6 8 8 8 7 6 2 2 7 9 5 2 4 8 1 6 5
 2 1 9 5 7 8 3 8 5 6 3 2 6 6 9 6 7 9 7 7 6 3 7 1 6 1 4 8 1 7 4 4 8 2 9 4 1
 2 8 7 3 3 7 4 9 1 5 2 5 3 5 3 6 7 4 8 6 4 4 5 8 5 8]
[1 9 2 8 2 9 1 5 7 3 2 8 7 6 2 6 7 8 5 8 6 8 8 8 7 6 2 2 7 9 5 2 4 8 1 6 5
 2 1 9 5 7 8 3 8 5 6 3 2 6 6 9 6 7 9 7 7 6 3 7 1 6 1 4 8 1 7 4 4 8 2 9 4 1
 2 8 7 3 3 7 4 9 1 5 2 5 3 5 3 6 7 4 8 6 4 4 5 8 5 8]
[29, 10, 50, 50, 50, 50, 50, 50, 50, 50, 24, 27, 39, 50, 50, 50, 50, 34, 50, 50, 42, 50, 11, 41, 50, 50, 50, 50, 24, 50, 50, 50, 48, 28, 25, 50, 43, 22, 39, 50, 50, 23, 29, 50, 16, 23, 50, 50, 50, 50, 42, 15, 34, 31, 50, 20, 50, 34, 50, 16, 49, 50, 45, 50, 28, 31, 13, 50, 50, 50, 50, 21, 16, 50, 50, 50, 38, 25, 37, 14, 50, 50, 50, 38, 23, 49, 50, 50, 50, 28, 45, 17, 17, 23, 44, 50, 50, 50, 30, 50]
[0 0 0 0 0 0 0 0 0 0 0 0 0 0 0 0 0 0 0 0 0 0 0 0 0 0 0 0 0 0 0 0 0 0 0 0 0
 0 0 0 0 0 0 0 0 0 0 0 0 0 0 0 0 0 0 0 0 0 0 0 0 0 0 0 0 0 0 0 0 0 0 0 0 0
 0 0 0 0 0 0 0 0 0 0 0 0 0 0 0 0 0 0 0 0 0 0 0 0 0 0]
[1 1 1 1 1 1 1 1 1 1 1 1 1 1 1 1 1 1 1 1 1 1 1 1 1 1 1 1 1 1 1 1 1 1 1 1 1
 1 1 1 1 1 1 1 1 1 1 1 1 1 1 1 1 1 1 1 1 1 1 1 1 1 1 1 1 1 1 1 1 1 1 1 1 1
 1 1 1 1 1 1 1 1 1 1 1 1 1 1 1 1 1 1 1 1 1 1 1 1 1 1]
