[ 0  1  2  3  4  5  6  7  8  9 10 11 12 13 14 15 16 17 18 19 20 21 22 23
 24 25 26 27 28 29 30 31 32 33 34 35 36 37 38 39 40 41 42 43 44 45 46 47
 48 49 50 51 52 53 54 55 56 57 58 59 60 61 62 63 64 65 66 67 68 69 70 71
 72 73 74 75 76 77 78 79 80 81 82 83 84 85 86 87 88 89 90 91 92 93 94 95
 96 97 98 99]
[80 32 -1 43 93 -1 -1 -1  7 -1 69 93 -1 -1 82 -1 -1 -1 34 43  6 -1 -1 -1
 22 -1 16 71 18 -1 21 82 80 91 -1 15 66  7 -1  4 -1 -1 27 -1 22 -1 -1 -1
 46 23  2 78 -1 49 -1 -1 50 87 -1 40 50 -1 -1 44  3 57 -1 19 -1 55 -1 57
 74 93  5 -1 -1 -1 52  5 73 -1 -1 -1 -1 -1 96 43 -1 -1 69 88 67 75  2 63
 26 84 -1 -1]
[1 0 0 0 1 0 0 1 0 1 0 1 1 1 0 0 1 0 1 0 1 0 1 1 0 0 1 0 0 0 0 0 1 0 1 1 0
 0 0 1 0 1 1 0 1 0 1 1 0 0 1 1 0 1 1 1 0 1 1 0 0 0 1 1 1 1 0 1 1 0 0 1 1 1
 1 0 0 0 1 1 1 1 0 0 1 1 1 1 0 0 0 1 0 1 0 0 1 0 1 0]
[0 0 0 0 0 4 0 0 3 3 1 0 0 0 2 0 0 0 0 0 2 3 0 4 2 1 1 2 3 3 2 1 2 0 0 2 1
 4 3 0 0 4 4 0 0 1 1 0 3 2 4 0 0 0 0 3 0 0 4 1 0 2 2 4 4 0 2 0 4 1 4 0 0 3
 0 0 0 0 0 0 0 0 4 0 4 4 2 0 3 3 0 3 0 2 0 0 0 1 2 0]
[0 0 0 0 0 4 0 0 3 3 1 0 0 0 2 0 0 0 0 0 2 3 0 4 2 1 1 2 3 3 2 1 2 0 0 2 1
 4 3 0 0 4 4 0 0 1 1 0 3 2 4 0 0 0 0 3 0 0 4 1 0 2 2 4 4 0 2 0 4 1 4 0 0 3
 0 0 0 0 0 0 0 0 4 0 4 4 2 0 3 3 0 3 0 2 0 0 0 1 2 0]
[1 9 6 4 8 9 8 7 1 1 5 7 6 6 3 5 1 6 7 4 5 4 7 8 4 1 4 8 9 8 3 5 5 7 1 4 9
 8 8 7 1 7 7 8 4 6 2 2 7 2 5 5 2 7 5 6 7 9 1 4 3 2 8 9 3 7 3 1 1 6 2 4 6 4
 2 7 4 4 4 3 5 3 5 4 5 9 1 1 4 8 3 9 8 6 7 8 7 7 2 4]
[1 9 6 4 8 9 8 7 1 1 5 7 6 6 3 5 1 6 7 4 5 4 7 8 4 1 4 8 9 8 3 5 5 7 1 4 9
 8 8 7 1 7 7 8 4 6 2 2 7 2 5 5 2 7 5 6 7 9 1 4 3 2 8 9 3 7 3 1 1 6 2 4 6 4
 2 7 4 4 4 3 5 3 5 4 5 9 1 1 4 8 3 9 8 6 7 8 7 7 2 4]
[16, 50, 50, 35, 50, 50, 50, 50, 17, 50, 17, 16, 50, 50, 31, 19, 50, 50, 33, 11, 50, 50, 50, 50, 50, 45, 50, 25, 50, 50, 13, 44, 50, 50, 46, 50, 22, 36, 50, 19, 50, 50, 13, 44, 17, 42, 32, 50, 50, 50, 27, 50, 50, 44, 50, 50, 40, 50, 50, 37, 32, 49, 23, 50, 44, 47, 50, 13, 40, 50, 50, 50, 35, 48, 30, 39, 50, 50, 42, 50, 50, 20, 22, 50, 50, 50, 50, 50, 17, 50, 35, 29, 47, 33, 10, 37, 50, 34, 12, 21]
[0 0 0 0 0 0 0 0 0 0 0 0 0 0 0 0 0 0 0 0 0 0 0 0 0 0 0 0 0 0 0 0 0 0 0 0 0
 0 0 0 0 0 0 0 0 0 0 0 0 0 0 0 0 0 0 0 0 0 0 0 0 0 0 0 0 0 0 0 0 0 0 0 0 0
 0 0 0 0 0 0 0 0 0 0 0 0 0 0 0 0 0 0 0 0 0 0 0 0 0 0]
[1 1 1 1 1 1 1 1 1 1 1 1 1 1 1 1 1 1 1 1 1 1 1 1 1 1 1 1 1 1 1 1 1 1 1 1 1
 1 1 1 1 1 1 1 1 1 1 1 1 1 1 1 1 1 1 1 1 1 1 1 1 1 1 1 1 1 1 1 1 1 1 1 1 1
 1 1 1 1 1 1 1 1 1 1 1 1 1 1 1 1 1 1 1 1 1 1 1 1 1 1]
