[ 0  1  2  3  4  5  6  7  8  9 10 11 12 13 14 15 16 17 18 19 20 21 22 23
 24 25 26 27 28 29 30 31 32 33 34 35 36 37 38 39 40 41 42 43 44 45 46 47
 48 49 50 51 52 53 54 55 56 57 58 59 60 61 62 63 64 65 66 67 68 69 70 71
 72 73 74 75 76 77 78 79 80 81 82 83 84 85 86 87 88 89 90 91 92 93 94 95
 96 97 98 99]
[69 -1 -1 92 -1 99 -1 -1 98 30 -1 72 59 -1 43 26 -1 -1 -1 82 90 93 -1 64
 89 63 37 11 87 -1 -1 -1 -1 30 -1 26 40 16 31 71 11 61 20 56 -1  2 33  3
 19 22 69 34 -1 57 34 -1  6 37 -1 20 50 85 29 35 -1 58 92  7 35 -1 22 -1
  6 31  4 74 29 67  1 49 -1 -1 99 31 -1 35 12 -1 -1 -1 88 35 14 30 -1 17
 -1 44 65 58]
[1 0 0 1 0 0 0 1 1 1 0 1 1 0 0 0 1 0 0 1 1 1 1 0 1 0 0 0 0 1 1 1 1 0 1 0 0
 1 0 1 0 1 0 0 1 0 1 1 0 1 0 0 0 1 1 0 0 1 0 0 0 1 1 0 0 0 1 0 0 0 1 0 1 0
 0 0 1 1 1 0 1 0 0 0 0 1 0 1 1 0 1 0 1 1 0 0 0 1 0 0]
[4 4 4 1 2 0 4 1 1 0 4 1 4 4 0 2 0 3 4 3 4 0 2 1 0 3 0 2 0 0 0 4 0 3 3 2 1
 0 0 0 2 0 0 0 4 4 3 1 1 2 2 0 4 4 0 0 0 1 3 0 1 0 2 4 0 0 1 2 0 2 4 1 0 1
 0 2 2 0 0 0 1 0 2 0 0 0 3 0 0 4 0 0 0 1 1 3 4 0 1 4]
[4 4 4 1 2 0 4 1 1 0 4 1 4 4 0 2 0 3 4 3 4 0 2 1 0 3 0 2 0 0 0 4 0 3 3 2 1
 0 0 0 2 0 0 0 4 4 3 1 1 2 2 0 4 4 0 0 0 1 3 0 1 0 2 4 0 0 1 2 0 2 4 1 0 1
 0 2 2 0 0 0 1 0 2 0 0 0 3 0 0 4 0 0 0 1 1 3 4 0 1 4]
[4 5 9 2 3 6 1 1 7 2 9 1 2 4 8 2 8 4 6 8 9 7 3 1 2 4 5 8 1 4 8 3 1 5 8 3 3
 2 8 3 7 9 5 2 5 9 3 7 6 8 6 2 8 1 4 8 3 4 9 5 1 3 3 3 1 2 9 1 2 4 6 8 9 5
 2 3 7 6 6 1 1 1 9 3 3 6 8 8 3 1 1 4 3 7 9 7 5 2 6 4]
[4 5 9 2 3 6 1 1 7 2 9 1 2 4 8 2 8 4 6 8 9 7 3 1 2 4 5 8 1 4 8 3 1 5 8 3 3
 2 8 3 7 9 5 2 5 9 3 7 6 8 6 2 8 1 4 8 3 4 9 5 1 3 3 3 1 2 9 1 2 4 6 8 9 5
 2 3 7 6 6 1 1 1 9 3 3 6 8 8 3 1 1 4 3 7 9 7 5 2 6 4]
[50, 50, 50, 50, 32, 22, 17, 11, 33, 50, 25, 50, 45, 12, 50, 46, 50, 14, 34, 42, 50, 50, 50, 50, 41, 34, 37, 50, 50, 28, 46, 12, 33, 50, 25, 22, 13, 46, 25, 29, 50, 36, 50, 50, 29, 50, 18, 17, 13, 50, 38, 27, 50, 25, 39, 30, 50, 50, 50, 50, 29, 50, 50, 50, 36, 25, 29, 50, 50, 41, 50, 49, 50, 50, 50, 50, 50, 34, 20, 50, 50, 50, 33, 50, 50, 50, 11, 50, 50, 50, 50, 35, 50, 19, 50, 46, 50, 47, 50, 50]
[0 0 0 0 0 0 0 0 0 0 0 0 0 0 0 0 0 0 0 0 0 0 0 0 0 0 0 0 0 0 0 0 0 0 0 0 0
 0 0 0 0 0 0 0 0 0 0 0 0 0 0 0 0 0 0 0 0 0 0 0 0 0 0 0 0 0 0 0 0 0 0 0 0 0
 0 0 0 0 0 0 0 0 0 0 0 0 0 0 0 0 0 0 0 0 0 0 0 0 0 0]
[1 1 1 1 1 1 1 1 1 1 1 1 1 1 1 1 1 1 1 1 1 1 1 1 1 1 1 1 1 1 1 1 1 1 1 1 1
 1 1 1 1 1 1 1 1 1 1 1 1 1 1 1 1 1 1 1 1 1 1 1 1 1 1 1 1 1 1 1 1 1 1 1 1 1
 1 1 1 1 1 1 1 1 1 1 1 1 1 1 1 1 1 1 1 1 1 1 1 1 1 1]
