[ 0  1  2  3  4  5  6  7  8  9 10 11 12 13 14 15 16 17 18 19 20 21 22 23
 24 25 26 27 28 29 30 31 32 33 34 35 36 37 38 39 40 41 42 43 44 45 46 47
 48 49 50 51 52 53 54 55 56 57 58 59 60 61 62 63 64 65 66 67 68 69 70 71
 72 73 74 75 76 77 78 79 80 81 82 83 84 85 86 87 88 89 90 91 92 93 94 95
 96 97 98 99]
[50 34 -1 81 -1 29 -1 59 77 -1 -1 60 30 46 20 -1 -1 -1  2 -1 48 -1 -1 -1
 20 33 -1 18 79 -1 -1 81 -1 -1 15 -1 20 20  6 74  8 36 86 46 81 76 18 46
 -1 13 -1 14 -1 38 -1 93 -1 82 77 94 82 -1 51 57 46 29 71 80 -1 -1 -1 -1
  7 84 69 50 -1 -1 83 67 -1 64 26 70 -1 56 91 58 56 83 -1 11 76 20 -1 39
 69 18 -1 74]
[1 1 1 1 1 1 0 0 1 1 1 0 1 0 0 1 0 1 1 1 0 0 0 0 0 1 1 1 0 1 1 1 1 0 0 0 0
 1 0 0 0 1 0 0 0 0 1 0 1 0 0 0 0 0 0 1 1 1 1 0 0 1 1 0 0 1 1 1 0 0 0 0 0 1
 0 0 1 0 1 0 1 1 1 1 0 1 1 1 0 0 0 0 1 0 1 0 1 1 0 0]
[2 2 0 0 1 0 2 2 0 0 0 2 0 2 0 1 0 0 0 2 0 0 3 3 0 0 0 0 0 0 0 0 4 1 0 2 1
 0 4 2 1 0 0 0 4 4 0 0 3 4 0 3 3 0 0 0 0 0 0 1 4 4 0 4 0 2 0 0 0 1 4 1 1 4
 0 4 2 0 2 0 0 1 0 0 0 0 0 0 3 0 3 0 4 3 2 0 4 0 4 1]
[2 2 0 0 1 0 2 2 0 0 0 2 0 2 0 1 0 0 0 2 0 0 3 3 0 0 0 0 0 0 0 0 4 1 0 2 1
 0 4 2 1 0 0 0 4 4 0 0 3 4 0 3 3 0 0 0 0 0 0 1 4 4 0 4 0 2 0 0 0 1 4 1 1 4
 0 4 2 0 2 0 0 1 0 0 0 0 0 0 3 0 3 0 4 3 2 0 4 0 4 1]
[4 2 4 3 2 5 9 5 6 8 5 2 3 2 8 4 6 9 5 5 1 1 4 7 6 6 9 6 2 9 5 6 1 8 8 4 4
 4 4 9 1 4 8 3 6 4 2 8 2 3 3 2 2 9 5 5 7 6 2 9 2 4 4 7 8 8 7 6 9 4 2 1 8 9
 8 6 3 8 1 6 2 6 6 1 4 1 8 2 9 7 7 4 5 4 3 7 6 3 3 9]
[4 2 4 3 2 5 9 5 6 8 5 2 3 2 8 4 6 9 5 5 1 1 4 7 6 6 9 6 2 9 5 6 1 8 8 4 4
 4 4 9 1 4 8 3 6 4 2 8 2 3 3 2 2 9 5 5 7 6 2 9 2 4 4 7 8 8 7 6 9 4 2 1 8 9
 8 6 3 8 1 6 2 6 6 1 4 1 8 2 9 7 7 4 5 4 3 7 6 3 3 9]
[50, 50, 50, 50, 40, 50, 16, 50, 50, 50, 14, 50, 25, 29, 39, 50, 50, 50, 50, 14, 50, 44, 27, 16, 50, 50, 50, 50, 50, 24, 15, 31, 39, 13, 50, 11, 42, 50, 50, 50, 50, 14, 22, 50, 50, 50, 50, 50, 50, 50, 50, 47, 50, 13, 50, 47, 50, 36, 50, 42, 39, 35, 21, 49, 50, 50, 50, 38, 10, 50, 50, 50, 50, 24, 50, 42, 50, 50, 15, 50, 50, 50, 50, 43, 50, 50, 50, 10, 17, 19, 14, 13, 25, 50, 10, 50, 34, 33, 50, 49]
[0 0 0 0 0 0 0 0 0 0 0 0 0 0 0 0 0 0 0 0 0 0 0 0 0 0 0 0 0 0 0 0 0 0 0 0 0
 0 0 0 0 0 0 0 0 0 0 0 0 0 0 0 0 0 0 0 0 0 0 0 0 0 0 0 0 0 0 0 0 0 0 0 0 0
 0 0 0 0 0 0 0 0 0 0 0 0 0 0 0 0 0 0 0 0 0 0 0 0 0 0]
[1 1 1 1 1 1 1 1 1 1 1 1 1 1 1 1 1 1 1 1 1 1 1 1 1 1 1 1 1 1 1 1 1 1 1 1 1
 1 1 1 1 1 1 1 1 1 1 1 1 1 1 1 1 1 1 1 1 1 1 1 1 1 1 1 1 1 1 1 1 1 1 1 1 1
 1 1 1 1 1 1 1 1 1 1 1 1 1 1 1 1 1 1 1 1 1 1 1 1 1 1]
