[ 0  1  2  3  4  5  6  7  8  9 10 11 12 13 14 15 16 17 18 19 20 21 22 23
 24 25 26 27 28 29 30 31 32 33 34 35 36 37 38 39 40 41 42 43 44 45 46 47
 48 49 50 51 52 53 54 55 56 57 58 59 60 61 62 63 64 65 66 67 68 69 70 71
 72 73 74 75 76 77 78 79 80 81 82 83 84 85 86 87 88 89 90 91 92 93 94 95
 96 97 98 99]
[-1 -1 57 -1 47 27  4 39 -1 -1 40 -1 31  4 86  9  7 -1 -1 -1 -1 -1 -1 -1
 -1 78 -1 51  1 96 -1 -1 -1 87 -1 -1 71 81 -1 -1 18 -1 75  5 40  4  0 -1
 62 18 -1  6 43 -1 -1 -1 17 15  5 -1 44 50  6 98  6 -1 88 48 30 22 72 -1
 43 -1  5 -1 41 99 72 90 -1  6 -1 54  7 -1 45 89 43 81 -1 -1 63 37 -1 97
 20 26 -1  2]
[1 0 1 1 0 0 0 1 1 1 0 0 1 1 0 1 1 1 1 0 0 1 1 1 1 0 1 1 1 0 0 0 0 1 1 1 0
 0 1 0 1 1 0 1 1 1 1 0 1 0 1 1 0 1 0 1 1 0 0 0 0 0 1 0 0 1 0 1 0 0 1 0 1 0
 0 1 1 1 0 1 0 1 1 0 1 1 1 1 1 1 1 1 0 1 1 0 0 0 0 1]
[0 1 1 2 4 3 0 1 2 2 4 0 4 3 0 0 4 2 2 2 0 2 0 1 0 0 0 0 0 0 0 0 1 0 0 3 0
 0 0 0 2 0 0 3 4 0 4 3 0 0 0 0 3 0 0 0 0 1 0 1 0 0 4 4 1 2 0 0 4 1 0 4 2 0
 0 1 0 4 0 2 0 0 0 4 0 0 0 0 0 0 4 4 2 2 3 1 1 0 3 0]
[0 1 1 2 4 3 0 1 2 2 4 0 4 3 0 0 4 2 2 2 0 2 0 1 0 0 0 0 0 0 0 0 1 0 0 3 0
 0 0 0 2 0 0 3 4 0 4 3 0 0 0 0 3 0 0 0 0 1 0 1 0 0 4 4 1 2 0 0 4 1 0 4 2 0
 0 1 0 4 0 2 0 0 0 4 0 0 0 0 0 0 4 4 2 2 3 1 1 0 3 0]
[1 3 8 7 8 5 2 6 6 1 4 3 6 3 1 4 4 4 9 9 3 5 9 2 2 9 3 2 9 5 1 2 2 3 2 2 7
 2 6 8 9 4 2 8 7 4 1 5 9 8 5 8 5 2 7 2 6 5 2 8 3 7 4 5 6 8 2 9 7 6 1 6 2 9
 7 5 4 6 9 5 1 1 3 5 8 9 5 8 4 5 9 9 7 6 6 5 5 9 4 9]
[1 3 8 7 8 5 2 6 6 1 4 3 6 3 1 4 4 4 9 9 3 5 9 2 2 9 3 2 9 5 1 2 2 3 2 2 7
 2 6 8 9 4 2 8 7 4 1 5 9 8 5 8 5 2 7 2 6 5 2 8 3 7 4 5 6 8 2 9 7 6 1 6 2 9
 7 5 4 6 9 5 1 1 3 5 8 9 5 8 4 5 9 9 7 6 6 5 5 9 4 9]
[19, 39, 50, 50, 31, 23, 27, 24, 50, 50, 35, 38, 35, 50, 50, 28, 50, 50, 50, 50, 50, 29, 13, 50, 32, 24, 50, 50, 17, 31, 48, 43, 13, 50, 50, 50, 50, 40, 25, 50, 50, 50, 50, 50, 50, 25, 50, 32, 21, 13, 50, 50, 47, 50, 50, 50, 30, 50, 50, 35, 50, 34, 50, 50, 21, 47, 10, 42, 34, 50, 26, 50, 50, 29, 50, 31, 50, 30, 34, 43, 50, 12, 50, 50, 50, 50, 50, 50, 20, 40, 17, 31, 18, 28, 50, 50, 50, 48, 50, 38]
[0 0 0 0 0 0 0 0 0 0 0 0 0 0 0 0 0 0 0 0 0 0 0 0 0 0 0 0 0 0 0 0 0 0 0 0 0
 0 0 0 0 0 0 0 0 0 0 0 0 0 0 0 0 0 0 0 0 0 0 0 0 0 0 0 0 0 0 0 0 0 0 0 0 0
 0 0 0 0 0 0 0 0 0 0 0 0 0 0 0 0 0 0 0 0 0 0 0 0 0 0]
[1 1 1 1 1 1 1 1 1 1 1 1 1 1 1 1 1 1 1 1 1 1 1 1 1 1 1 1 1 1 1 1 1 1 1 1 1
 1 1 1 1 1 1 1 1 1 1 1 1 1 1 1 1 1 1 1 1 1 1 1 1 1 1 1 1 1 1 1 1 1 1 1 1 1
 1 1 1 1 1 1 1 1 1 1 1 1 1 1 1 1 1 1 1 1 1 1 1 1 1 1]
