[ 0  1  2  3  4  5  6  7  8  9 10 11 12 13 14 15 16 17 18 19 20 21 22 23
 24 25 26 27 28 29 30 31 32 33 34 35 36 37 38 39 40 41 42 43 44 45 46 47
 48 49 50 51 52 53 54 55 56 57 58 59 60 61 62 63 64 65 66 67 68 69 70 71
 72 73 74 75 76 77 78 79 80 81 82 83 84 85 86 87 88 89 90 91 92 93 94 95
 96 97 98 99]
[65 -1 -1 66 -1 -1 71 -1 -1 40 -1 69  3 -1 21 26 -1 65 -1 27 57 77 -1 88
 -1 -1 80 -1 -1  9 90 -1 39 78 97 52 28 -1 40 -1 15 -1 53 69 58 74 47 52
 -1 93 53  3 14 20 32 84 64 27 36 49 70 24 42 -1 -1 23 -1 -1 31 29 79 -1
 -1 68 -1 -1 20 -1  2 97 78 -1 -1 46 26 -1 -1 -1 69 -1 -1 36 50 -1 -1 -1
 -1 77 -1  8]
[0 1 1 0 1 0 1 0 1 0 0 1 1 1 1 1 0 1 1 0 1 0 0 1 0 1 1 1 1 0 1 1 0 0 0 1 0
 0 0 1 1 1 0 1 1 1 0 0 0 1 0 0 1 0 0 1 0 1 0 0 0 1 1 1 0 0 0 1 0 1 0 0 0 0
 1 0 0 0 1 1 0 1 1 0 0 1 1 0 1 0 0 1 0 1 1 0 1 1 1 0]
[4 0 0 0 0 3 2 3 0 0 0 3 1 0 4 0 0 1 0 0 4 1 3 0 0 0 0 4 0 1 0 0 0 0 0 4 0
 0 0 0 3 4 0 0 3 0 0 0 2 0 1 0 4 0 0 4 0 2 0 0 4 3 0 0 1 0 0 2 0 1 2 0 2 0
 1 3 4 1 0 0 0 4 0 2 0 0 0 3 1 0 1 0 3 4 0 0 0 3 0 2]
[4 0 0 0 0 3 2 3 0 0 0 3 1 0 4 0 0 1 0 0 4 1 3 0 0 0 0 4 0 1 0 0 0 0 0 4 0
 0 0 0 3 4 0 0 3 0 0 0 2 0 1 0 4 0 0 4 0 2 0 0 4 3 0 0 1 0 0 2 0 1 2 0 2 0
 1 3 4 1 0 0 0 4 0 2 0 0 0 3 1 0 1 0 3 4 0 0 0 3 0 2]
[2 5 8 9 4 5 6 9 6 2 1 2 5 2 3 1 3 6 7 4 4 2 1 8 4 4 3 3 5 4 7 7 5 6 6 6 7
 8 3 7 2 1 6 2 4 6 3 4 7 8 2 5 2 4 7 4 4 8 7 1 1 2 3 2 4 1 1 3 6 9 4 6 4 8
 2 9 3 1 9 7 4 3 9 8 1 6 3 8 4 6 6 2 6 3 9 7 8 3 3 3]
[2 5 8 9 4 5 6 9 6 2 1 2 5 2 3 1 3 6 7 4 4 2 1 8 4 4 3 3 5 4 7 7 5 6 6 6 7
 8 3 7 2 1 6 2 4 6 3 4 7 8 2 5 2 4 7 4 4 8 7 1 1 2 3 2 4 1 1 3 6 9 4 6 4 8
 2 9 3 1 9 7 4 3 9 8 1 6 3 8 4 6 6 2 6 3 9 7 8 3 3 3]
[37, 27, 50, 50, 19, 37, 46, 50, 50, 37, 41, 50, 50, 50, 36, 12, 26, 18, 50, 31, 50, 50, 50, 50, 49, 35, 50, 36, 14, 22, 50, 35, 31, 50, 48, 50, 24, 20, 31, 50, 32, 37, 27, 50, 50, 50, 16, 17, 36, 17, 49, 50, 20, 50, 40, 32, 50, 50, 33, 25, 50, 50, 50, 45, 44, 50, 50, 50, 38, 50, 50, 50, 50, 50, 50, 50, 18, 50, 50, 50, 50, 43, 14, 50, 50, 24, 50, 50, 35, 50, 13, 46, 12, 15, 33, 50, 50, 37, 40, 50]
[0 0 0 0 0 0 0 0 0 0 0 0 0 0 0 0 0 0 0 0 0 0 0 0 0 0 0 0 0 0 0 0 0 0 0 0 0
 0 0 0 0 0 0 0 0 0 0 0 0 0 0 0 0 0 0 0 0 0 0 0 0 0 0 0 0 0 0 0 0 0 0 0 0 0
 0 0 0 0 0 0 0 0 0 0 0 0 0 0 0 0 0 0 0 0 0 0 0 0 0 0]
[1 1 1 1 1 1 1 1 1 1 1 1 1 1 1 1 1 1 1 1 1 1 1 1 1 1 1 1 1 1 1 1 1 1 1 1 1
 1 1 1 1 1 1 1 1 1 1 1 1 1 1 1 1 1 1 1 1 1 1 1 1 1 1 1 1 1 1 1 1 1 1 1 1 1
 1 1 1 1 1 1 1 1 1 1 1 1 1 1 1 1 1 1 1 1 1 1 1 1 1 1]
