[ 0  1  2  3  4  5  6  7  8  9 10 11 12 13 14 15 16 17 18 19 20 21 22 23
 24 25 26 27 28 29 30 31 32 33 34 35 36 37 38 39 40 41 42 43 44 45 46 47
 48 49 50 51 52 53 54 55 56 57 58 59 60 61 62 63 64 65 66 67 68 69 70 71
 72 73 74 75 76 77 78 79 80 81 82 83 84 85 86 87 88 89 90 91 92 93 94 95
 96 97 98 99]
[26 18 75 82 14 40 79 80 -1 -1 45 -1 -1 28 -1  3 55 47 -1 -1 -1 -1 -1 -1
 17 -1 29 33 -1 47 66 30 74 -1 -1 -1 -1 95 24 -1 61 -1 -1 48  3 -1 62 -1
 17  5 -1 21  3 -1 48 -1 50 87 -1 66 92  1 -1 99 -1 -1 81 -1 96 99 49 -1
 95 92 91 64 13 -1 56 95 37 72 39 54 -1 23  1 67 -1 28 -1 40 53 47 24 -1
 29 40 75 -1]
[0 0 1 0 0 0 1 1 1 1 1 1 0 0 0 1 0 1 0 1 0 1 0 1 1 0 1 1 1 0 1 1 1 0 0 0 0
 1 0 1 0 1 0 0 1 1 1 1 0 1 0 1 0 1 0 0 1 1 1 1 1 1 1 1 0 0 1 1 1 0 1 1 1 0
 0 0 0 0 0 1 1 0 1 1 0 1 0 0 1 0 0 1 0 1 1 0 0 0 0 0]
[4 0 0 0 4 3 0 3 0 0 0 0 4 0 4 1 3 4 0 4 0 2 2 4 0 2 1 1 0 0 0 1 0 0 2 2 1
 2 0 1 0 1 0 0 0 0 1 1 0 0 0 0 4 0 0 4 1 0 1 0 0 4 0 0 0 1 0 4 0 0 0 4 0 0
 0 1 0 4 0 0 1 4 2 4 0 0 4 0 0 3 0 0 1 0 2 0 1 3 0 0]
[4 0 0 0 4 3 0 3 0 0 0 0 4 0 4 1 3 4 0 4 0 2 2 4 0 2 1 1 0 0 0 1 0 0 2 2 1
 2 0 1 0 1 0 0 0 0 1 1 0 0 0 0 4 0 0 4 1 0 1 0 0 4 0 0 0 1 0 4 0 0 0 4 0 0
 0 1 0 4 0 0 1 4 2 4 0 0 4 0 0 3 0 0 1 0 2 0 1 3 0 0]
[4 4 8 9 9 5 2 5 2 4 8 8 3 5 7 1 8 6 1 5 9 2 6 7 9 8 8 9 9 7 9 4 4 2 4 4 7
 8 5 6 3 3 9 5 6 2 5 2 7 3 3 1 5 3 7 1 1 2 6 8 3 4 1 8 3 9 7 8 4 1 1 8 3 4
 5 5 2 8 7 3 8 1 6 3 6 6 6 3 3 1 8 8 5 3 6 2 6 9 5 3]
[4 4 8 9 9 5 2 5 2 4 8 8 3 5 7 1 8 6 1 5 9 2 6 7 9 8 8 9 9 7 9 4 4 2 4 4 7
 8 5 6 3 3 9 5 6 2 5 2 7 3 3 1 5 3 7 1 1 2 6 8 3 4 1 8 3 9 7 8 4 1 1 8 3 4
 5 5 2 8 7 3 8 1 6 3 6 6 6 3 3 1 8 8 5 3 6 2 6 9 5 3]
[50, 50, 26, 50, 50, 50, 50, 50, 34, 50, 50, 19, 50, 50, 50, 50, 50, 50, 11, 11, 20, 50, 47, 39, 50, 50, 50, 50, 50, 50, 50, 22, 50, 14, 38, 13, 39, 48, 50, 50, 50, 50, 50, 50, 50, 32, 45, 50, 17, 50, 42, 50, 50, 50, 27, 50, 35, 50, 17, 50, 16, 16, 50, 39, 50, 37, 50, 22, 24, 50, 38, 16, 36, 50, 50, 18, 29, 14, 31, 50, 50, 16, 50, 43, 50, 34, 24, 50, 50, 33, 12, 47, 16, 29, 50, 50, 50, 50, 14, 50]
[0 0 0 0 0 0 0 0 0 0 0 0 0 0 0 0 0 0 0 0 0 0 0 0 0 0 0 0 0 0 0 0 0 0 0 0 0
 0 0 0 0 0 0 0 0 0 0 0 0 0 0 0 0 0 0 0 0 0 0 0 0 0 0 0 0 0 0 0 0 0 0 0 0 0
 0 0 0 0 0 0 0 0 0 0 0 0 0 0 0 0 0 0 0 0 0 0 0 0 0 0]
[1 1 1 1 1 1 1 1 1 1 1 1 1 1 1 1 1 1 1 1 1 1 1 1 1 1 1 1 1 1 1 1 1 1 1 1 1
 1 1 1 1 1 1 1 1 1 1 1 1 1 1 1 1 1 1 1 1 1 1 1 1 1 1 1 1 1 1 1 1 1 1 1 1 1
 1 1 1 1 1 1 1 1 1 1 1 1 1 1 1 1 1 1 1 1 1 1 1 1 1 1]
