[ 0  1  2  3  4  5  6  7  8  9 10 11 12 13 14 15 16 17 18 19 20 21 22 23
 24 25 26 27 28 29 30 31 32 33 34 35 36 37 38 39 40 41 42 43 44 45 46 47
 48 49 50 51 52 53 54 55 56 57 58 59 60 61 62 63 64 65 66 67 68 69 70 71
 72 73 74 75 76 77 78 79 80 81 82 83 84 85 86 87 88 89 90 91 92 93 94 95
 96 97 98 99]
[23  6 75 81 41 -1 -1 -1 -1 -1 92 97 26 95 12 90 35 90 89 34 36 99 -1 22
 -1 68 66 79 -1 98 16 65 93 -1 40 74 -1 44  4  1 17 -1 43 91 15 -1 73 -1
 -1 96 46 -1  0 82  5  5 55 94 94 25 53 17 81 33 -1 77 15 55 -1 38 -1 -1
 44 -1 -1 -1 21 60 -1 -1 21 -1 15 63 83 30 12 32 99 -1 13 26 87 -1 87 -1
 -1 -1 83 56]
[0 0 1 0 1 0 0 1 1 1 1 0 0 0 1 1 0 0 1 0 1 1 0 1 0 1 0 1 1 1 0 1 1 1 1 1 0
 1 0 1 0 0 1 1 0 1 1 1 1 1 1 1 0 1 0 0 0 1 0 0 1 1 0 1 1 0 1 0 1 0 1 1 0 0
 1 1 0 0 1 0 0 0 1 0 1 1 0 0 0 0 1 1 1 1 1 1 0 0 0 0]
[0 2 1 0 1 0 0 1 0 1 3 0 1 0 3 4 1 1 4 3 0 3 1 0 0 2 2 0 2 0 0 1 0 0 0 1 0
 0 0 4 0 0 1 0 3 1 3 0 4 0 0 4 3 0 3 0 2 2 3 3 0 3 2 1 2 0 3 4 0 0 1 0 2 1
 0 3 4 3 0 2 4 0 3 0 0 1 2 1 3 2 3 0 0 3 0 3 3 2 0 4]
[0 2 1 0 1 0 0 1 0 1 3 0 1 0 3 4 1 1 4 3 0 3 1 0 0 2 2 0 2 0 0 1 0 0 0 1 0
 0 0 4 0 0 1 0 3 1 3 0 4 0 0 4 3 0 3 0 2 2 3 3 0 3 2 1 2 0 3 4 0 0 1 0 2 1
 0 3 4 3 0 2 4 0 3 0 0 1 2 1 3 2 3 0 0 3 0 3 3 2 0 4]
[6 3 4 7 1 1 1 1 4 9 3 7 2 4 7 3 3 2 5 2 5 4 2 9 1 5 7 3 8 5 9 1 3 9 6 3 8
 3 2 1 9 1 9 1 1 8 4 6 5 2 3 4 7 5 4 7 1 9 7 3 4 2 9 3 1 8 6 8 3 8 6 7 9 5
 7 3 5 9 1 8 3 9 3 5 1 5 6 6 4 1 4 8 8 8 8 4 6 1 4 9]
[6 3 4 7 1 1 1 1 4 9 3 7 2 4 7 3 3 2 5 2 5 4 2 9 1 5 7 3 8 5 9 1 3 9 6 3 8
 3 2 1 9 1 9 1 1 8 4 6 5 2 3 4 7 5 4 7 1 9 7 3 4 2 9 3 1 8 6 8 3 8 6 7 9 5
 7 3 5 9 1 8 3 9 3 5 1 5 6 6 4 1 4 8 8 8 8 4 6 1 4 9]
[30, 26, 18, 50, 50, 40, 50, 25, 50, 45, 50, 45, 50, 50, 50, 19, 31, 50, 50, 28, 50, 41, 50, 31, 27, 50, 50, 50, 50, 35, 30, 35, 50, 50, 43, 32, 19, 50, 50, 50, 31, 28, 47, 33, 28, 33, 44, 22, 50, 13, 47, 12, 50, 48, 50, 48, 50, 50, 50, 50, 50, 50, 29, 50, 32, 32, 49, 50, 32, 33, 38, 35, 28, 27, 50, 43, 34, 14, 48, 50, 50, 31, 34, 42, 50, 29, 36, 50, 50, 50, 50, 50, 16, 50, 50, 50, 23, 50, 16, 15]
[0 0 0 0 0 0 0 0 0 0 0 0 0 0 0 0 0 0 0 0 0 0 0 0 0 0 0 0 0 0 0 0 0 0 0 0 0
 0 0 0 0 0 0 0 0 0 0 0 0 0 0 0 0 0 0 0 0 0 0 0 0 0 0 0 0 0 0 0 0 0 0 0 0 0
 0 0 0 0 0 0 0 0 0 0 0 0 0 0 0 0 0 0 0 0 0 0 0 0 0 0]
[1 1 1 1 1 1 1 1 1 1 1 1 1 1 1 1 1 1 1 1 1 1 1 1 1 1 1 1 1 1 1 1 1 1 1 1 1
 1 1 1 1 1 1 1 1 1 1 1 1 1 1 1 1 1 1 1 1 1 1 1 1 1 1 1 1 1 1 1 1 1 1 1 1 1
 1 1 1 1 1 1 1 1 1 1 1 1 1 1 1 1 1 1 1 1 1 1 1 1 1 1]
