[ 0  1  2  3  4  5  6  7  8  9 10 11 12 13 14 15 16 17 18 19 20 21 22 23
 24 25 26 27 28 29 30 31 32 33 34 35 36 37 38 39 40 41 42 43 44 45 46 47
 48 49 50 51 52 53 54 55 56 57 58 59 60 61 62 63 64 65 66 67 68 69 70 71
 72 73 74 75 76 77 78 79 80 81 82 83 84 85 86 87 88 89 90 91 92 93 94 95
 96 97 98 99]
[68 76 92 -1  9 -1 91  0  7 91 64 -1 73 34 52 -1 -1 56 22 42 73 11 83 -1
 99 51 -1 -1 37 16 -1 13 -1 71 -1 28  6 -1 -1 -1 24 52 -1 80 -1 51 27 -1
 42 85 42 32  7 -1 -1 -1 22 16 38 -1 11 84 14 37  5 -1 -1 -1 40 -1 31 -1
  8 83 -1 -1 96 -1 26  1 -1 -1 99 34 -1 68 -1 91 -1 -1 25 -1 -1 94 59 -1
 -1  6 56 73]
[1 0 0 1 1 0 0 0 0 0 0 1 1 1 1 0 1 1 1 1 0 1 0 0 0 1 0 1 0 1 1 0 0 1 0 1 1
 0 0 0 0 0 1 1 1 0 0 1 0 0 0 1 1 0 0 0 1 0 1 1 0 1 0 0 1 0 1 1 1 1 0 0 0 1
 0 0 0 0 1 0 0 1 0 1 0 0 0 1 0 0 1 0 1 0 1 0 1 1 1 1]
[0 3 3 3 0 0 0 0 1 3 4 1 3 0 2 2 4 0 0 2 1 0 4 0 2 0 4 1 2 1 2 0 1 0 0 2 1
 3 4 0 4 2 2 0 0 1 3 0 2 4 0 0 2 1 3 0 0 1 4 0 0 2 0 1 0 4 4 0 0 2 1 0 4 1
 0 0 4 3 1 4 4 2 4 3 0 4 0 0 0 0 0 0 0 0 0 4 1 2 0 2]
[0 3 3 3 0 0 0 0 1 3 4 1 3 0 2 2 4 0 0 2 1 0 4 0 2 0 4 1 2 1 2 0 1 0 0 2 1
 3 4 0 4 2 2 0 0 1 3 0 2 4 0 0 2 1 3 0 0 1 4 0 0 2 0 1 0 4 4 0 0 2 1 0 4 1
 0 0 4 3 1 4 4 2 4 3 0 4 0 0 0 0 0 0 0 0 0 4 1 2 0 2]
[4 3 3 6 5 8 7 1 6 4 3 6 2 3 8 8 3 3 8 8 2 9 7 4 9 8 3 5 8 6 6 5 6 8 9 9 5
 7 7 8 8 9 8 8 9 1 9 7 2 4 5 6 4 6 1 4 2 1 7 5 1 6 1 5 8 1 4 2 2 5 3 2 5 7
 9 4 4 3 7 2 3 2 6 5 3 4 3 7 2 7 4 8 7 8 4 3 2 2 5 9]
[4 3 3 6 5 8 7 1 6 4 3 6 2 3 8 8 3 3 8 8 2 9 7 4 9 8 3 5 8 6 6 5 6 8 9 9 5
 7 7 8 8 9 8 8 9 1 9 7 2 4 5 6 4 6 1 4 2 1 7 5 1 6 1 5 8 1 4 2 2 5 3 2 5 7
 9 4 4 3 7 2 3 2 6 5 3 4 3 7 2 7 4 8 7 8 4 3 2 2 5 9]
[26, 24, 50, 50, 32, 35, 49, 50, 33, 48, 34, 31, 50, 50, 50, 45, 50, 28, 37, 50, 34, 20, 50, 50, 21, 12, 50, 11, 22, 24, 36, 15, 50, 50, 30, 50, 50, 50, 50, 50, 31, 33, 50, 50, 50, 50, 50, 13, 40, 22, 47, 50, 21, 23, 50, 50, 47, 33, 36, 33, 50, 22, 23, 49, 28, 50, 50, 25, 50, 50, 50, 42, 40, 50, 50, 50, 42, 25, 13, 50, 47, 32, 50, 50, 50, 50, 50, 21, 50, 35, 50, 50, 50, 44, 50, 50, 20, 50, 16, 50]
[0 0 0 0 0 0 0 0 0 0 0 0 0 0 0 0 0 0 0 0 0 0 0 0 0 0 0 0 0 0 0 0 0 0 0 0 0
 0 0 0 0 0 0 0 0 0 0 0 0 0 0 0 0 0 0 0 0 0 0 0 0 0 0 0 0 0 0 0 0 0 0 0 0 0
 0 0 0 0 0 0 0 0 0 0 0 0 0 0 0 0 0 0 0 0 0 0 0 0 0 0]
[1 1 1 1 1 1 1 1 1 1 1 1 1 1 1 1 1 1 1 1 1 1 1 1 1 1 1 1 1 1 1 1 1 1 1 1 1
 1 1 1 1 1 1 1 1 1 1 1 1 1 1 1 1 1 1 1 1 1 1 1 1 1 1 1 1 1 1 1 1 1 1 1 1 1
 1 1 1 1 1 1 1 1 1 1 1 1 1 1 1 1 1 1 1 1 1 1 1 1 1 1]
