[ 0  1  2  3  4  5  6  7  8  9 10 11 12 13 14 15 16 17 18 19 20 21 22 23
 24 25 26 27 28 29 30 31 32 33 34 35 36 37 38 39 40 41 42 43 44 45 46 47
 48 49 50 51 52 53 54 55 56 57 58 59 60 61 62 63 64 65 66 67 68 69 70 71
 72 73 74 75 76 77 78 79 80 81 82 83 84 85 86 87 88 89 90 91 92 93 94 95
 96 97 98 99]
[92 40 72 75 36  4 63 -1 -1 53 55 -1 52 -1 42 -1 -1 94 65 94 87  0 81 -1
 61 -1 15 -1 12 -1 32 39 -1 31 -1 66 -1 -1 -1 -1 -1 12 60 13 76 38 -1 88
 63 69 -1 65 42 -1 -1 81 97 96 99 70 -1  0 69 -1 87 82 19 56 -1 95 12 95
 83 98 -1 95 -1 72  9 -1 -1 34 -1 79 32 -1 92 72 41 22 69 71 95 40 32 53
 44 28 -1 35]
[0 0 1 0 1 1 0 1 1 0 1 1 1 1 1 1 0 0 0 1 0 1 1 0 0 1 0 0 0 1 1 1 0 1 0 1 1
 0 1 1 1 0 1 0 0 0 0 0 1 0 0 0 0 0 1 0 0 0 1 0 1 1 0 0 1 1 1 0 0 0 1 1 1 1
 0 0 1 0 1 1 0 0 1 0 0 0 0 1 1 0 0 0 0 1 1 0 0 1 1 0]
[0 3 4 0 3 1 3 0 2 4 2 2 1 2 1 0 0 0 1 1 0 1 0 3 3 0 1 4 2 0 1 1 1 4 3 0 0
 0 0 0 0 4 0 4 4 1 3 0 0 0 3 0 0 0 3 0 0 4 3 0 0 2 2 0 0 0 0 0 0 0 0 3 4 1
 3 0 3 0 0 0 0 0 4 0 2 0 0 0 0 0 0 0 3 0 3 0 0 0 4 0]
[0 3 4 0 3 1 3 0 2 4 2 2 1 2 1 0 0 0 1 1 0 1 0 3 3 0 1 4 2 0 1 1 1 4 3 0 0
 0 0 0 0 4 0 4 4 1 3 0 0 0 3 0 0 0 3 0 0 4 3 0 0 2 2 0 0 0 0 0 0 0 0 3 4 1
 3 0 3 0 0 0 0 0 4 0 2 0 0 0 0 0 0 0 3 0 3 0 0 0 4 0]
[1 5 7 3 9 4 1 8 3 7 4 6 1 2 5 5 6 5 6 5 5 8 5 8 1 7 8 9 1 3 3 8 2 8 7 4 1
 1 5 4 8 4 1 9 4 3 8 5 1 5 2 4 2 4 3 3 9 1 5 3 5 5 5 6 1 7 6 8 8 6 9 5 3 2
 7 8 4 1 1 7 8 4 2 6 6 4 3 9 2 6 1 6 7 2 9 3 6 2 3 7]
[1 5 7 3 9 4 1 8 3 7 4 6 1 2 5 5 6 5 6 5 5 8 5 8 1 7 8 9 1 3 3 8 2 8 7 4 1
 1 5 4 8 4 1 9 4 3 8 5 1 5 2 4 2 4 3 3 9 1 5 3 5 5 5 6 1 7 6 8 8 6 9 5 3 2
 7 8 4 1 1 7 8 4 2 6 6 4 3 9 2 6 1 6 7 2 9 3 6 2 3 7]
[20, 42, 11, 50, 50, 50, 50, 50, 50, 50, 46, 19, 50, 10, 43, 50, 50, 31, 50, 50, 50, 21, 42, 50, 50, 13, 50, 50, 50, 50, 24, 50, 34, 50, 28, 50, 25, 39, 50, 50, 45, 50, 43, 50, 21, 50, 38, 13, 48, 50, 33, 48, 50, 50, 50, 18, 36, 50, 50, 23, 50, 15, 42, 31, 50, 50, 50, 50, 19, 21, 39, 12, 27, 50, 13, 50, 15, 50, 44, 50, 20, 50, 50, 42, 50, 50, 50, 16, 28, 41, 44, 50, 46, 50, 43, 16, 50, 31, 36, 45]
[0 0 0 0 0 0 0 0 0 0 0 0 0 0 0 0 0 0 0 0 0 0 0 0 0 0 0 0 0 0 0 0 0 0 0 0 0
 0 0 0 0 0 0 0 0 0 0 0 0 0 0 0 0 0 0 0 0 0 0 0 0 0 0 0 0 0 0 0 0 0 0 0 0 0
 0 0 0 0 0 0 0 0 0 0 0 0 0 0 0 0 0 0 0 0 0 0 0 0 0 0]
[1 1 1 1 1 1 1 1 1 1 1 1 1 1 1 1 1 1 1 1 1 1 1 1 1 1 1 1 1 1 1 1 1 1 1 1 1
 1 1 1 1 1 1 1 1 1 1 1 1 1 1 1 1 1 1 1 1 1 1 1 1 1 1 1 1 1 1 1 1 1 1 1 1 1
 1 1 1 1 1 1 1 1 1 1 1 1 1 1 1 1 1 1 1 1 1 1 1 1 1 1]
