[ 0  1  2  3  4  5  6  7  8  9 10 11 12 13 14 15 16 17 18 19 20 21 22 23
 24 25 26 27 28 29 30 31 32 33 34 35 36 37 38 39 40 41 42 43 44 45 46 47
 48 49 50 51 52 53 54 55 56 57 58 59 60 61 62 63 64 65 66 67 68 69 70 71
 72 73 74 75 76 77 78 79 80 81 82 83 84 85 86 87 88 89 90 91 92 93 94 95
 96 97 98 99]
[-1 -1 15 -1 -1 -1 51 52 46 42 34 40 58 68 23 -1 -1 72 77  6 -1 85  7 12
 -1 60 -1 -1 23 59 11 27 -1 34 35 88 -1 62  8 16 -1 -1 23 77 38 82 47 -1
 -1 80 70 -1 55 82  8 78 58 80 -1 30 18 59 -1 35 -1 -1 -1 97 39 91 35 73
 -1 81 -1 57 99 62 -1 34 -1 10  0 92 -1 -1 -1 -1 25 99 94 92  2 42 88 -1
 19 -1 11 -1]
[1 1 0 0 0 0 1 1 0 1 1 1 0 1 0 1 1 0 0 0 1 1 1 0 1 1 0 0 0 0 0 1 1 0 1 1 0
 0 1 0 0 1 1 0 0 1 1 0 1 0 1 0 0 0 1 1 0 1 1 0 1 1 0 0 1 1 0 0 0 0 1 0 0 0
 1 0 0 0 1 1 0 1 1 1 1 1 1 1 0 1 1 0 1 1 1 0 1 1 1 0]
[0 3 0 3 2 0 3 0 0 3 0 1 2 0 0 2 0 0 4 0 2 0 4 0 0 3 0 4 0 4 0 2 2 3 0 0 0
 0 2 0 4 0 2 4 1 0 0 1 2 1 4 0 0 4 0 3 1 0 1 0 0 4 0 3 0 3 0 3 4 0 1 0 0 0
 0 0 2 4 1 2 0 0 0 4 1 2 0 0 0 0 2 2 0 0 0 0 0 1 2 0]
[0 3 0 3 2 0 3 0 0 3 0 1 2 0 0 2 0 0 4 0 2 0 4 0 0 3 0 4 0 4 0 2 2 3 0 0 0
 0 2 0 4 0 2 4 1 0 0 1 2 1 4 0 0 4 0 3 1 0 1 0 0 4 0 3 0 3 0 3 4 0 1 0 0 0
 0 0 2 4 1 2 0 0 0 4 1 2 0 0 0 0 2 2 0 0 0 0 0 1 2 0]
[8 9 8 9 4 7 6 6 9 7 5 7 7 1 7 6 1 4 4 1 7 2 1 8 4 9 9 1 5 4 9 8 7 4 5 8 3
 9 8 5 4 6 6 2 8 9 7 7 5 9 3 9 9 6 4 7 4 1 8 1 2 7 3 5 7 2 1 3 8 9 9 9 9 4
 9 8 4 2 3 7 5 6 1 2 6 8 4 6 4 6 4 9 8 2 2 2 9 6 8 2]
[8 9 8 9 4 7 6 6 9 7 5 7 7 1 7 6 1 4 4 1 7 2 1 8 4 9 9 1 5 4 9 8 7 4 5 8 3
 9 8 5 4 6 6 2 8 9 7 7 5 9 3 9 9 6 4 7 4 1 8 1 2 7 3 5 7 2 1 3 8 9 9 9 9 4
 9 8 4 2 3 7 5 6 1 2 6 8 4 6 4 6 4 9 8 2 2 2 9 6 8 2]
[22, 50, 46, 11, 48, 50, 50, 13, 32, 50, 24, 50, 50, 17, 50, 15, 25, 25, 50, 13, 50, 37, 50, 50, 39, 30, 50, 35, 41, 45, 25, 16, 24, 50, 50, 50, 50, 43, 50, 50, 50, 50, 50, 50, 50, 25, 50, 25, 50, 45, 50, 50, 50, 50, 50, 22, 50, 50, 18, 50, 50, 50, 50, 50, 50, 50, 50, 29, 32, 50, 50, 10, 22, 23, 40, 50, 23, 50, 12, 50, 50, 50, 50, 44, 12, 10, 50, 22, 50, 50, 23, 50, 28, 50, 50, 50, 50, 32, 27, 50]
[0 0 0 0 0 0 0 0 0 0 0 0 0 0 0 0 0 0 0 0 0 0 0 0 0 0 0 0 0 0 0 0 0 0 0 0 0
 0 0 0 0 0 0 0 0 0 0 0 0 0 0 0 0 0 0 0 0 0 0 0 0 0 0 0 0 0 0 0 0 0 0 0 0 0
 0 0 0 0 0 0 0 0 0 0 0 0 0 0 0 0 0 0 0 0 0 0 0 0 0 0]
[1 1 1 1 1 1 1 1 1 1 1 1 1 1 1 1 1 1 1 1 1 1 1 1 1 1 1 1 1 1 1 1 1 1 1 1 1
 1 1 1 1 1 1 1 1 1 1 1 1 1 1 1 1 1 1 1 1 1 1 1 1 1 1 1 1 1 1 1 1 1 1 1 1 1
 1 1 1 1 1 1 1 1 1 1 1 1 1 1 1 1 1 1 1 1 1 1 1 1 1 1]
