[ 0  1  2  3  4  5  6  7  8  9 10 11 12 13 14 15 16 17 18 19 20 21 22 23
 24 25 26 27 28 29 30 31 32 33 34 35 36 37 38 39 40 41 42 43 44 45 46 47
 48 49 50 51 52 53 54 55 56 57 58 59 60 61 62 63 64 65 66 67 68 69 70 71
 72 73 74 75 76 77 78 79 80 81 82 83 84 85 86 87 88 89 90 91 92 93 94 95
 96 97 98 99]
[73 -1 73 -1 27 78 -1 88 57 -1 -1 38 84  9 -1  1 44 53 20 -1 -1 46 33 99
 92 -1 -1 72 85 41 38 22 41 93 29 16 71 59 -1 69 -1 -1 70 86 74 -1 -1 14
 40 -1 42 20 -1 10 58 -1  2 12 98 -1 80 25 74 15 28 49 -1 29 25 28 -1 18
 89 -1 60 -1 54 49  4 -1 73 47  8 -1 25 62 38  2 -1 43 -1 77 25 99 98 -1
 65 -1 57 -1]
[1 1 1 1 1 1 1 0 1 0 1 1 1 0 1 1 0 0 1 1 0 0 1 1 0 1 1 1 1 1 0 1 0 0 1 1 1
 0 1 0 0 0 1 0 1 0 0 1 1 0 1 1 1 0 1 0 1 1 1 0 1 0 0 0 0 1 0 1 0 1 0 1 1 1
 0 1 1 0 1 1 1 1 1 1 0 0 1 0 1 0 1 0 0 1 0 0 0 1 1 0]
[0 0 3 2 0 1 0 0 4 0 0 1 0 0 0 0 2 3 2 1 0 0 1 4 0 0 2 2 0 3 0 3 0 0 0 3 1
 3 4 4 4 0 3 0 2 3 2 0 3 2 4 1 4 0 2 0 1 0 4 0 2 0 4 0 1 0 0 1 4 2 0 3 0 0
 0 3 2 0 3 1 0 0 3 0 0 0 2 3 0 1 3 0 0 3 0 0 3 0 0 0]
[0 0 3 2 0 1 0 0 4 0 0 1 0 0 0 0 2 3 2 1 0 0 1 4 0 0 2 2 0 3 0 3 0 0 0 3 1
 3 4 4 4 0 3 0 2 3 2 0 3 2 4 1 4 0 2 0 1 0 4 0 2 0 4 0 1 0 0 1 4 2 0 3 0 0
 0 3 2 0 3 1 0 0 3 0 0 0 2 3 0 1 3 0 0 3 0 0 3 0 0 0]
[2 9 2 2 8 5 7 6 5 8 9 1 5 4 8 1 6 1 1 9 9 9 7 4 5 2 3 8 1 1 4 1 9 3 9 5 3
 6 8 2 5 9 3 1 9 4 3 6 9 6 3 5 6 2 3 7 4 8 6 8 8 9 8 4 6 5 2 8 1 5 2 8 9 3
 1 5 6 5 3 2 7 5 5 8 3 8 4 6 7 1 6 5 8 9 7 5 5 1 7 8]
[2 9 2 2 8 5 7 6 5 8 9 1 5 4 8 1 6 1 1 9 9 9 7 4 5 2 3 8 1 1 4 1 9 3 9 5 3
 6 8 2 5 9 3 1 9 4 3 6 9 6 3 5 6 2 3 7 4 8 6 8 8 9 8 4 6 5 2 8 1 5 2 8 9 3
 1 5 6 5 3 2 7 5 5 8 3 8 4 6 7 1 6 5 8 9 7 5 5 1 7 8]
[23, 42, 15, 14, 50, 42, 50, 26, 50, 50, 50, 50, 50, 46, 50, 50, 43, 45, 50, 30, 50, 31, 50, 50, 50, 13, 50, 50, 25, 50, 50, 27, 49, 39, 44, 50, 50, 22, 50, 44, 25, 42, 17, 40, 17, 13, 50, 27, 50, 50, 40, 38, 49, 50, 50, 22, 31, 29, 22, 31, 38, 50, 50, 50, 18, 33, 50, 40, 29, 50, 50, 50, 28, 50, 21, 37, 50, 50, 20, 50, 48, 50, 34, 50, 50, 43, 50, 50, 50, 37, 42, 50, 10, 22, 33, 50, 46, 50, 36, 22]
[0 0 0 0 0 0 0 0 0 0 0 0 0 0 0 0 0 0 0 0 0 0 0 0 0 0 0 0 0 0 0 0 0 0 0 0 0
 0 0 0 0 0 0 0 0 0 0 0 0 0 0 0 0 0 0 0 0 0 0 0 0 0 0 0 0 0 0 0 0 0 0 0 0 0
 0 0 0 0 0 0 0 0 0 0 0 0 0 0 0 0 0 0 0 0 0 0 0 0 0 0]
[1 1 1 1 1 1 1 1 1 1 1 1 1 1 1 1 1 1 1 1 1 1 1 1 1 1 1 1 1 1 1 1 1 1 1 1 1
 1 1 1 1 1 1 1 1 1 1 1 1 1 1 1 1 1 1 1 1 1 1 1 1 1 1 1 1 1 1 1 1 1 1 1 1 1
 1 1 1 1 1 1 1 1 1 1 1 1 1 1 1 1 1 1 1 1 1 1 1 1 1 1]
