[ 0  1  2  3  4  5  6  7  8  9 10 11 12 13 14 15 16 17 18 19 20 21 22 23
 24 25 26 27 28 29 30 31 32 33 34 35 36 37 38 39 40 41 42 43 44 45 46 47
 48 49 50 51 52 53 54 55 56 57 58 59 60 61 62 63 64 65 66 67 68 69 70 71
 72 73 74 75 76 77 78 79 80 81 82 83 84 85 86 87 88 89 90 91 92 93 94 95
 96 97 98 99]
[30 16 -1 56 96 -1 54 -1 78 43 71  6 25 -1  5 -1 -1  8 -1 78 90 -1 -1 -1
 -1 -1 -1 45 46 -1 -1 -1 29 66 -1 -1 -1 73  4 12 -1 -1 93 54 24 -1  8 13
 -1 -1 71 83 14 -1 19  5 30  6 48 44 -1 52 -1 -1 29 80 -1 69 89  2  7 -1
 60 -1 41 42 77 26 31 24 -1 -1 -1 72 63 62 15 -1  6 27 11 32 42 86 47 83
 14 78 80 -1]
[1 0 1 1 1 0 1 0 0 0 1 1 0 1 1 0 0 1 0 0 1 0 1 1 1 0 0 0 0 0 1 1 0 0 0 0 1
 1 1 0 1 1 0 0 1 1 0 0 0 1 1 1 1 0 1 0 1 0 0 0 0 0 0 1 0 0 0 1 1 0 0 0 0 1
 0 1 0 1 0 0 0 0 0 0 0 0 1 1 1 0 1 1 0 1 0 0 1 0 1 0]
[0 2 0 2 2 3 0 0 3 1 0 0 4 0 0 0 3 0 0 4 4 0 1 0 2 1 0 0 0 0 4 3 0 2 4 3 0
 1 4 4 3 0 0 0 3 2 2 0 4 2 3 1 1 1 0 4 1 1 4 3 0 0 0 0 3 4 0 0 1 0 3 2 0 1
 1 0 1 0 0 1 1 3 0 3 0 4 0 0 1 0 0 0 0 0 0 0 0 0 3 4]
[0 2 0 2 2 3 0 0 3 1 0 0 4 0 0 0 3 0 0 4 4 0 1 0 2 1 0 0 0 0 4 3 0 2 4 3 0
 1 4 4 3 0 0 0 3 2 2 0 4 2 3 1 1 1 0 4 1 1 4 3 0 0 0 0 3 4 0 0 1 0 3 2 0 1
 1 0 1 0 0 1 1 3 0 3 0 4 0 0 1 0 0 0 0 0 0 0 0 0 3 4]
[5 6 5 1 9 6 9 7 8 6 5 6 1 8 3 6 6 4 6 2 6 5 6 6 6 6 2 5 3 1 3 7 1 9 6 5 4
 8 1 1 1 2 6 2 9 9 2 2 4 6 9 8 4 3 1 6 7 6 3 7 1 7 5 6 4 2 4 2 1 6 7 8 2 6
 4 7 1 3 4 4 6 5 1 4 5 6 3 1 4 7 2 4 1 4 3 8 3 1 1 1]
[5 6 5 1 9 6 9 7 8 6 5 6 1 8 3 6 6 4 6 2 6 5 6 6 6 6 2 5 3 1 3 7 1 9 6 5 4
 8 1 1 1 2 6 2 9 9 2 2 4 6 9 8 4 3 1 6 7 6 3 7 1 7 5 6 4 2 4 2 1 6 7 8 2 6
 4 7 1 3 4 4 6 5 1 4 5 6 3 1 4 7 2 4 1 4 3 8 3 1 1 1]
[50, 35, 35, 50, 19, 50, 42, 40, 18, 50, 50, 50, 25, 50, 17, 13, 50, 50, 50, 40, 50, 50, 50, 41, 42, 50, 50, 26, 20, 38, 38, 50, 50, 50, 50, 50, 41, 50, 40, 47, 50, 50, 35, 30, 12, 20, 45, 40, 50, 42, 50, 50, 50, 47, 31, 50, 37, 50, 16, 15, 47, 21, 33, 50, 46, 50, 26, 50, 50, 28, 10, 15, 46, 50, 40, 37, 24, 50, 23, 23, 50, 31, 50, 47, 50, 50, 50, 50, 30, 50, 33, 50, 50, 28, 50, 50, 12, 13, 50, 50]
[0 0 0 0 0 0 0 0 0 0 0 0 0 0 0 0 0 0 0 0 0 0 0 0 0 0 0 0 0 0 0 0 0 0 0 0 0
 0 0 0 0 0 0 0 0 0 0 0 0 0 0 0 0 0 0 0 0 0 0 0 0 0 0 0 0 0 0 0 0 0 0 0 0 0
 0 0 0 0 0 0 0 0 0 0 0 0 0 0 0 0 0 0 0 0 0 0 0 0 0 0]
[1 1 1 1 1 1 1 1 1 1 1 1 1 1 1 1 1 1 1 1 1 1 1 1 1 1 1 1 1 1 1 1 1 1 1 1 1
 1 1 1 1 1 1 1 1 1 1 1 1 1 1 1 1 1 1 1 1 1 1 1 1 1 1 1 1 1 1 1 1 1 1 1 1 1
 1 1 1 1 1 1 1 1 1 1 1 1 1 1 1 1 1 1 1 1 1 1 1 1 1 1]
