[ 0  1  2  3  4  5  6  7  8  9 10 11 12 13 14 15 16 17 18 19 20 21 22 23
 24 25 26 27 28 29 30 31 32 33 34 35 36 37 38 39 40 41 42 43 44 45 46 47
 48 49 50 51 52 53 54 55 56 57 58 59 60 61 62 63 64 65 66 67 68 69 70 71
 72 73 74 75 76 77 78 79 80 81 82 83 84 85 86 87 88 89 90 91 92 93 94 95
 96 97 98 99]
[31 70 -1 -1 53 99 67 42 86 10 66 13 39 10 61 35 -1 -1 44 -1 34 -1 -1 50
 -1 30 36 -1 74  6 -1 -1 -1 39 -1 -1 16 28 60 -1 16 -1 80 -1 21 56 -1 15
 -1 60 -1 25 35 38 -1 -1  6 -1  9 75 94 38 39 -1 -1 87 -1 10  8 -1 -1 12
 50 -1 -1 -1 41 14 94 17 12 87  2  2 60 80 21 -1  9 -1 -1 25 -1 39 93 -1
 85 70 89 -1]
[0 0 1 0 1 1 1 1 1 1 0 1 0 0 1 1 0 1 1 0 1 1 1 1 0 0 1 1 0 1 0 0 0 1 0 0 0
 0 1 0 1 1 0 1 0 0 0 1 1 1 1 0 1 0 0 0 0 0 0 0 1 0 0 0 1 0 0 0 0 0 0 0 1 0
 0 1 0 1 1 0 0 1 1 0 1 1 1 1 1 1 0 0 0 0 0 1 0 0 0 0]
[4 0 2 0 0 0 2 0 4 3 0 0 4 4 0 3 2 1 3 2 1 2 4 0 2 0 2 0 4 4 0 0 4 0 0 3 4
 3 4 1 4 0 0 0 3 0 0 3 0 0 4 0 3 4 0 0 0 1 0 3 1 0 0 0 0 0 4 1 0 1 4 4 0 0
 4 2 2 1 3 0 0 0 3 0 0 0 2 1 0 0 3 0 0 3 0 0 0 2 0 1]
[4 0 2 0 0 0 2 0 4 3 0 0 4 4 0 3 2 1 3 2 1 2 4 0 2 0 2 0 4 4 0 0 4 0 0 3 4
 3 4 1 4 0 0 0 3 0 0 3 0 0 4 0 3 4 0 0 0 1 0 3 1 0 0 0 0 0 4 1 0 1 4 4 0 0
 4 2 2 1 3 0 0 0 3 0 0 0 2 1 0 0 3 0 0 3 0 0 0 2 0 1]
[4 4 4 4 4 7 8 9 9 7 4 8 3 8 3 9 4 5 9 2 5 3 8 1 7 4 1 7 5 1 5 1 7 6 9 3 1
 1 4 7 5 8 4 1 3 8 9 7 2 3 9 5 9 1 1 3 4 8 4 1 8 3 4 8 6 9 5 7 5 9 8 5 6 5
 9 8 6 1 4 6 1 6 2 8 9 7 7 7 9 5 1 5 4 6 8 9 8 2 9 4]
[4 4 4 4 4 7 8 9 9 7 4 8 3 8 3 9 4 5 9 2 5 3 8 1 7 4 1 7 5 1 5 1 7 6 9 3 1
 1 4 7 5 8 4 1 3 8 9 7 2 3 9 5 9 1 1 3 4 8 4 1 8 3 4 8 6 9 5 7 5 9 8 5 6 5
 9 8 6 1 4 6 1 6 2 8 9 7 7 7 9 5 1 5 4 6 8 9 8 2 9 4]
[50, 23, 32, 48, 24, 38, 11, 50, 34, 50, 50, 50, 50, 50, 50, 46, 50, 50, 50, 50, 50, 50, 21, 50, 50, 50, 50, 50, 18, 50, 50, 25, 50, 21, 50, 18, 19, 16, 50, 50, 27, 50, 50, 50, 50, 50, 11, 30, 50, 50, 39, 15, 50, 50, 45, 50, 50, 50, 50, 50, 27, 32, 50, 47, 50, 50, 32, 47, 34, 25, 50, 50, 50, 50, 19, 50, 50, 21, 41, 50, 36, 50, 50, 38, 26, 13, 33, 15, 50, 22, 27, 26, 49, 15, 50, 50, 35, 15, 14, 50]
[0 0 0 0 0 0 0 0 0 0 0 0 0 0 0 0 0 0 0 0 0 0 0 0 0 0 0 0 0 0 0 0 0 0 0 0 0
 0 0 0 0 0 0 0 0 0 0 0 0 0 0 0 0 0 0 0 0 0 0 0 0 0 0 0 0 0 0 0 0 0 0 0 0 0
 0 0 0 0 0 0 0 0 0 0 0 0 0 0 0 0 0 0 0 0 0 0 0 0 0 0]
[1 1 1 1 1 1 1 1 1 1 1 1 1 1 1 1 1 1 1 1 1 1 1 1 1 1 1 1 1 1 1 1 1 1 1 1 1
 1 1 1 1 1 1 1 1 1 1 1 1 1 1 1 1 1 1 1 1 1 1 1 1 1 1 1 1 1 1 1 1 1 1 1 1 1
 1 1 1 1 1 1 1 1 1 1 1 1 1 1 1 1 1 1 1 1 1 1 1 1 1 1]
