[ 0  1  2  3  4  5  6  7  8  9 10 11 12 13 14 15 16 17 18 19 20 21 22 23
 24 25 26 27 28 29 30 31 32 33 34 35 36 37 38 39 40 41 42 43 44 45 46 47
 48 49 50 51 52 53 54 55 56 57 58 59 60 61 62 63 64 65 66 67 68 69 70 71
 72 73 74 75 76 77 78 79 80 81 82 83 84 85 86 87 88 89 90 91 92 93 94 95
 96 97 98 99]
[87 -1 -1 -1 -1 -1 23 70 83  2 55 32  1 25 64 -1 42 14  5 -1 -1 18  5 91
 28 20 69 -1 -1 95 -1 46 -1 31  3 -1 -1 20 18 32 93 -1 24 50 54  3 -1 66
 54 73 53 41  0  4 85 30 -1 79 68  5 39 68 36 94 -1 -1 19 49 14 -1 -1  2
 54 59 89 -1 86 -1 -1 65 50 32 68 79 -1 87 61 90 -1 49 76 -1 -1 -1 26 -1
  7 -1 -1 53]
[0 0 0 1 1 0 1 1 1 1 0 0 1 0 0 0 0 0 0 1 1 1 0 0 1 1 1 1 0 1 0 1 0 1 0 0 0
 0 0 1 0 1 1 0 1 0 0 1 1 0 0 1 0 1 0 1 0 0 1 1 1 0 1 1 1 0 1 0 1 1 1 0 1 0
 0 1 1 1 1 1 0 1 0 0 1 1 1 0 0 1 1 0 1 1 1 0 1 0 1 0]
[2 3 4 0 0 0 0 4 3 1 0 1 2 0 0 3 2 1 0 0 3 4 0 0 0 0 0 1 1 2 4 2 4 3 1 2 2
 0 0 1 4 1 2 0 0 4 0 1 4 2 1 2 1 0 0 3 0 0 0 0 2 0 4 0 0 4 1 2 2 3 0 2 1 1
 0 4 4 2 2 4 1 0 3 0 3 4 0 0 2 1 4 0 4 1 2 2 2 0 3 1]
[2 3 4 0 0 0 0 4 3 1 0 1 2 0 0 3 2 1 0 0 3 4 0 0 0 0 0 1 1 2 4 2 4 3 1 2 2
 0 0 1 4 1 2 0 0 4 0 1 4 2 1 2 1 0 0 3 0 0 0 0 2 0 4 0 0 4 1 2 2 3 0 2 1 1
 0 4 4 2 2 4 1 0 3 0 3 4 0 0 2 1 4 0 4 1 2 2 2 0 3 1]
[2 4 6 5 6 4 4 4 6 8 2 9 1 9 7 3 6 9 2 5 6 3 2 3 5 1 2 3 7 2 1 4 5 2 9 8 5
 2 8 6 2 2 4 1 6 1 6 6 1 8 1 5 5 2 6 8 8 8 9 8 9 8 7 5 3 3 1 2 7 7 1 2 9 5
 1 9 3 6 8 9 6 7 3 9 9 3 2 8 3 4 6 7 8 9 9 2 2 2 9 4]
[2 4 6 5 6 4 4 4 6 8 2 9 1 9 7 3 6 9 2 5 6 3 2 3 5 1 2 3 7 2 1 4 5 2 9 8 5
 2 8 6 2 2 4 1 6 1 6 6 1 8 1 5 5 2 6 8 8 8 9 8 9 8 7 5 3 3 1 2 7 7 1 2 9 5
 1 9 3 6 8 9 6 7 3 9 9 3 2 8 3 4 6 7 8 9 9 2 2 2 9 4]
[50, 50, 50, 50, 50, 18, 50, 50, 45, 50, 50, 15, 50, 50, 50, 27, 50, 41, 50, 28, 50, 50, 22, 50, 21, 16, 19, 46, 50, 43, 10, 50, 50, 50, 28, 31, 50, 25, 50, 22, 50, 50, 50, 24, 50, 19, 24, 50, 50, 50, 20, 20, 15, 24, 50, 50, 47, 50, 27, 50, 50, 50, 50, 50, 32, 50, 18, 47, 46, 10, 50, 12, 19, 50, 50, 50, 50, 50, 32, 50, 50, 50, 50, 50, 11, 10, 50, 50, 25, 50, 50, 50, 44, 50, 30, 37, 50, 11, 39, 50]
[0 0 0 0 0 0 0 0 0 0 0 0 0 0 0 0 0 0 0 0 0 0 0 0 0 0 0 0 0 0 0 0 0 0 0 0 0
 0 0 0 0 0 0 0 0 0 0 0 0 0 0 0 0 0 0 0 0 0 0 0 0 0 0 0 0 0 0 0 0 0 0 0 0 0
 0 0 0 0 0 0 0 0 0 0 0 0 0 0 0 0 0 0 0 0 0 0 0 0 0 0]
[1 1 1 1 1 1 1 1 1 1 1 1 1 1 1 1 1 1 1 1 1 1 1 1 1 1 1 1 1 1 1 1 1 1 1 1 1
 1 1 1 1 1 1 1 1 1 1 1 1 1 1 1 1 1 1 1 1 1 1 1 1 1 1 1 1 1 1 1 1 1 1 1 1 1
 1 1 1 1 1 1 1 1 1 1 1 1 1 1 1 1 1 1 1 1 1 1 1 1 1 1]
