[ 0  1  2  3  4  5  6  7  8  9 10 11 12 13 14 15 16 17 18 19 20 21 22 23
 24 25 26 27 28 29 30 31 32 33 34 35 36 37 38 39 40 41 42 43 44 45 46 47
 48 49 50 51 52 53 54 55 56 57 58 59 60 61 62 63 64 65 66 67 68 69 70 71
 72 73 74 75 76 77 78 79 80 81 82 83 84 85 86 87 88 89 90 91 92 93 94 95
 96 97 98 99]
[16 -1 76 -1 10 -1 32 88 -1 -1 -1 74 -1 -1 58 16 59 74 -1 -1 88 33 92 60
 58 -1 75 87 65 -1 -1 66 68 -1 -1 -1 75 16 -1 20 85 -1  3 -1  7  2 35 -1
 -1 -1  5 -1 14 47 -1 25 85 -1 -1 33 -1 -1 94 11 -1  1 41 -1 -1 -1 -1 -1
  6 25 -1 -1 58 35 73 48 -1 89 97 64 54 58 77 75 -1 -1 14  8 -1 54 75 -1
  6  4 -1 82]
[1 0 0 1 1 0 1 1 1 0 0 0 0 0 0 1 1 0 0 0 1 0 1 1 0 0 1 1 0 1 1 1 0 1 1 1 1
 0 0 0 0 1 0 0 0 1 0 0 1 1 0 1 0 0 1 1 0 1 0 0 1 1 0 0 1 1 1 1 0 0 1 1 0 0
 1 0 1 0 0 1 1 1 1 1 0 0 1 0 0 1 1 1 1 0 0 1 1 0 0 0]
[4 0 2 0 0 0 0 4 4 1 1 1 0 2 0 2 0 3 0 0 0 2 4 1 1 4 0 0 4 1 1 2 2 0 0 0 0
 4 1 0 1 0 0 4 2 0 2 4 0 0 2 3 3 1 0 1 1 0 3 0 2 2 0 0 0 0 0 1 1 0 4 0 1 1
 0 1 1 0 0 4 3 0 2 0 2 1 1 0 3 0 2 0 0 0 0 0 0 0 3 3]
[4 0 2 0 0 0 0 4 4 1 1 1 0 2 0 2 0 3 0 0 0 2 4 1 1 4 0 0 4 1 1 2 2 0 0 0 0
 4 1 0 1 0 0 4 2 0 2 4 0 0 2 3 3 1 0 1 1 0 3 0 2 2 0 0 0 0 0 1 1 0 4 0 1 1
 0 1 1 0 0 4 3 0 2 0 2 1 1 0 3 0 2 0 0 0 0 0 0 0 3 3]
[1 4 3 5 9 5 1 8 3 3 6 8 5 7 6 4 6 8 6 9 5 4 6 2 5 7 2 5 9 6 2 5 3 5 4 4 3
 4 9 5 7 6 7 2 5 7 5 8 2 1 8 1 1 1 6 5 3 1 9 7 7 7 3 2 3 6 1 4 8 1 6 1 5 9
 6 9 1 3 6 1 8 2 9 6 6 3 5 3 7 4 2 5 4 8 4 4 8 6 5 1]
[1 4 3 5 9 5 1 8 3 3 6 8 5 7 6 4 6 8 6 9 5 4 6 2 5 7 2 5 9 6 2 5 3 5 4 4 3
 4 9 5 7 6 7 2 5 7 5 8 2 1 8 1 1 1 6 5 3 1 9 7 7 7 3 2 3 6 1 4 8 1 6 1 5 9
 6 9 1 3 6 1 8 2 9 6 6 3 5 3 7 4 2 5 4 8 4 4 8 6 5 1]
[50, 46, 50, 36, 33, 50, 50, 50, 26, 38, 50, 50, 23, 20, 15, 43, 41, 50, 20, 50, 50, 50, 50, 50, 50, 50, 24, 12, 31, 46, 22, 46, 15, 13, 50, 23, 50, 50, 50, 50, 50, 29, 50, 50, 50, 50, 26, 26, 47, 50, 34, 50, 12, 50, 50, 50, 24, 50, 50, 50, 14, 17, 21, 50, 50, 50, 48, 39, 50, 50, 26, 50, 40, 50, 50, 31, 50, 28, 50, 50, 48, 50, 50, 26, 50, 22, 50, 50, 50, 45, 50, 18, 22, 50, 50, 10, 50, 10, 14, 50]
[0 0 0 0 0 0 0 0 0 0 0 0 0 0 0 0 0 0 0 0 0 0 0 0 0 0 0 0 0 0 0 0 0 0 0 0 0
 0 0 0 0 0 0 0 0 0 0 0 0 0 0 0 0 0 0 0 0 0 0 0 0 0 0 0 0 0 0 0 0 0 0 0 0 0
 0 0 0 0 0 0 0 0 0 0 0 0 0 0 0 0 0 0 0 0 0 0 0 0 0 0]
[1 1 1 1 1 1 1 1 1 1 1 1 1 1 1 1 1 1 1 1 1 1 1 1 1 1 1 1 1 1 1 1 1 1 1 1 1
 1 1 1 1 1 1 1 1 1 1 1 1 1 1 1 1 1 1 1 1 1 1 1 1 1 1 1 1 1 1 1 1 1 1 1 1 1
 1 1 1 1 1 1 1 1 1 1 1 1 1 1 1 1 1 1 1 1 1 1 1 1 1 1]
