[ 0  1  2  3  4  5  6  7  8  9 10 11 12 13 14 15 16 17 18 19 20 21 22 23
 24 25 26 27 28 29 30 31 32 33 34 35 36 37 38 39 40 41 42 43 44 45 46 47
 48 49 50 51 52 53 54 55 56 57 58 59 60 61 62 63 64 65 66 67 68 69 70 71
 72 73 74 75 76 77 78 79 80 81 82 83 84 85 86 87 88 89 90 91 92 93 94 95
 96 97 98 99]
[-1 88  6 -1 41 -1 23 71  4 -1 97 -1 -1 99  9 17 27 -1 -1 71 49 16 -1 -1
 69 81  0 -1 91 -1 36 48 -1 -1 78 65 96 93 -1 -1 51 26 70 88 15 95 76 24
 43 -1 -1 67 34  8  3 -1 55  2 -1 86 35 43 -1 88 -1 77 91 20  1 22 25 -1
 28 -1 52 -1 79  9 -1 -1 23 -1 38 -1 -1 78 -1 34 -1 58 76 -1 76 12 27 40
 33 35  4  0]
[1 1 0 0 1 1 0 0 1 0 1 1 0 1 1 1 0 0 0 0 1 1 0 1 1 1 1 1 1 0 1 1 0 0 0 1 1
 1 0 0 0 0 0 0 1 1 1 1 1 1 0 1 0 1 0 1 0 0 1 1 1 0 1 0 0 1 0 1 1 0 0 1 0 0
 1 1 0 0 1 0 1 1 0 0 0 0 0 1 1 0 1 0 1 0 1 1 1 0 0 0]
[0 4 0 0 0 0 3 0 4 0 3 0 0 3 2 0 4 0 4 1 1 2 4 3 4 4 0 0 4 3 0 0 0 0 0 1 0
 0 1 1 1 3 2 4 2 0 3 4 4 0 3 0 4 0 3 0 1 3 0 0 3 0 4 1 1 3 3 0 2 0 1 0 2 0
 4 4 1 4 0 1 3 0 4 0 0 0 3 0 4 0 1 2 0 2 2 4 1 2 1 2]
[0 4 0 0 0 0 3 0 4 0 3 0 0 3 2 0 4 0 4 1 1 2 4 3 4 4 0 0 4 3 0 0 0 0 0 1 0
 0 1 1 1 3 2 4 2 0 3 4 4 0 3 0 4 0 3 0 1 3 0 0 3 0 4 1 1 3 3 0 2 0 1 0 2 0
 4 4 1 4 0 1 3 0 4 0 0 0 3 0 4 0 1 2 0 2 2 4 1 2 1 2]
[7 5 1 1 2 3 4 6 3 7 1 6 8 4 2 1 3 6 6 6 6 3 4 9 5 7 1 3 8 1 1 2 4 7 6 3 8
 9 6 2 1 1 4 6 4 3 2 8 1 1 5 6 5 3 8 2 1 3 9 6 5 5 9 9 4 1 1 5 2 5 9 9 1 2
 1 2 6 8 9 2 1 2 1 2 8 3 9 3 4 3 2 6 4 4 5 9 3 4 8 4]
[7 5 1 1 2 3 4 6 3 7 1 6 8 4 2 1 3 6 6 6 6 3 4 9 5 7 1 3 8 1 1 2 4 7 6 3 8
 9 6 2 1 1 4 6 4 3 2 8 1 1 5 6 5 3 8 2 1 3 9 6 5 5 9 9 4 1 1 5 2 5 9 9 1 2
 1 2 6 8 9 2 1 2 1 2 8 3 9 3 4 3 2 6 4 4 5 9 3 4 8 4]
[13, 50, 49, 50, 11, 34, 38, 50, 50, 50, 50, 50, 50, 50, 50, 27, 50, 49, 14, 34, 47, 46, 10, 50, 48, 32, 32, 50, 27, 18, 50, 22, 50, 10, 50, 50, 44, 24, 10, 50, 50, 50, 35, 50, 50, 50, 50, 48, 34, 21, 50, 50, 25, 14, 17, 30, 35, 28, 50, 50, 20, 46, 25, 50, 50, 50, 50, 50, 50, 50, 40, 33, 50, 26, 50, 13, 50, 50, 50, 21, 44, 50, 14, 50, 50, 50, 47, 50, 19, 34, 42, 50, 50, 43, 50, 50, 15, 42, 50, 50]
[0 0 0 0 0 0 0 0 0 0 0 0 0 0 0 0 0 0 0 0 0 0 0 0 0 0 0 0 0 0 0 0 0 0 0 0 0
 0 0 0 0 0 0 0 0 0 0 0 0 0 0 0 0 0 0 0 0 0 0 0 0 0 0 0 0 0 0 0 0 0 0 0 0 0
 0 0 0 0 0 0 0 0 0 0 0 0 0 0 0 0 0 0 0 0 0 0 0 0 0 0]
[1 1 1 1 1 1 1 1 1 1 1 1 1 1 1 1 1 1 1 1 1 1 1 1 1 1 1 1 1 1 1 1 1 1 1 1 1
 1 1 1 1 1 1 1 1 1 1 1 1 1 1 1 1 1 1 1 1 1 1 1 1 1 1 1 1 1 1 1 1 1 1 1 1 1
 1 1 1 1 1 1 1 1 1 1 1 1 1 1 1 1 1 1 1 1 1 1 1 1 1 1]
