[ 0  1  2  3  4  5  6  7  8  9 10 11 12 13 14 15 16 17 18 19 20 21 22 23
 24 25 26 27 28 29 30 31 32 33 34 35 36 37 38 39 40 41 42 43 44 45 46 47
 48 49 50 51 52 53 54 55 56 57 58 59 60 61 62 63 64 65 66 67 68 69 70 71
 72 73 74 75 76 77 78 79 80 81 82 83 84 85 86 87 88 89 90 91 92 93 94 95
 96 97 98 99]
[11 41 -1 24 -1  6 64 77 54 -1 78 -1 43 -1 28 -1 64 -1 -1  7 97  2 55 57
 -1 77 -1 38 46 -1 51 -1 -1 -1 44 -1 60 73 17 84 -1  5 71 25 15 -1 50 -1
 19 33 91 35 -1 49 -1 -1 93 81 84 21 -1 22 32 -1 38 67 69 40 -1 73 -1 92
 19  5 20 91 52 17 -1 44 -1  1 85 96 27 -1 18 -1 26 58 22 -1 90 82 80 66
 85 17 -1 49]
[1 0 0 1 1 1 1 1 0 1 0 1 0 0 1 1 1 0 0 1 1 1 0 0 0 0 1 1 1 1 1 1 1 1 0 1 1
 1 0 1 0 0 1 1 0 1 1 0 0 0 0 0 0 1 0 0 0 1 0 0 0 0 1 0 1 0 0 1 0 1 1 1 1 1
 1 1 0 1 0 0 0 0 0 1 1 0 0 0 0 1 1 1 0 0 0 1 1 1 1 1]
[3 0 3 4 1 3 0 0 4 0 1 0 4 0 0 1 0 0 1 0 0 0 0 0 4 4 3 2 0 0 0 3 0 0 0 0 0
 1 0 0 1 0 1 0 0 0 0 4 0 0 2 3 0 0 4 1 4 0 1 0 1 0 4 4 0 0 1 3 2 0 0 3 2 4
 3 0 0 0 2 0 0 4 0 3 4 0 4 3 0 0 0 1 1 2 0 1 0 0 4 2]
[3 0 3 4 1 3 0 0 4 0 1 0 4 0 0 1 0 0 1 0 0 0 0 0 4 4 3 2 0 0 0 3 0 0 0 0 0
 1 0 0 1 0 1 0 0 0 0 4 0 0 2 3 0 0 4 1 4 0 1 0 1 0 4 4 0 0 1 3 2 0 0 3 2 4
 3 0 0 0 2 0 0 4 0 3 4 0 4 3 0 0 0 1 1 2 0 1 0 0 4 2]
[9 6 9 4 2 7 6 9 8 2 1 6 9 4 9 9 5 7 9 2 6 2 1 2 9 7 5 1 2 9 2 9 3 5 5 4 6
 8 5 3 8 9 5 9 7 8 7 5 3 4 9 8 4 3 1 5 1 4 7 8 6 8 9 5 2 6 4 8 5 9 5 3 8 6
 2 6 3 6 9 7 5 9 3 2 7 6 2 8 3 3 9 4 4 8 6 6 8 9 2 5]
[9 6 9 4 2 7 6 9 8 2 1 6 9 4 9 9 5 7 9 2 6 2 1 2 9 7 5 1 2 9 2 9 3 5 5 4 6
 8 5 3 8 9 5 9 7 8 7 5 3 4 9 8 4 3 1 5 1 4 7 8 6 8 9 5 2 6 4 8 5 9 5 3 8 6
 2 6 3 6 9 7 5 9 3 2 7 6 2 8 3 3 9 4 4 8 6 6 8 9 2 5]
[37, 38, 50, 50, 50, 50, 27, 16, 50, 50, 47, 50, 11, 14, 50, 32, 50, 50, 50, 50, 28, 15, 27, 50, 12, 50, 11, 30, 50, 50, 50, 42, 50, 50, 50, 50, 50, 50, 19, 26, 50, 50, 50, 29, 21, 31, 50, 21, 50, 44, 44, 50, 36, 44, 50, 50, 28, 50, 42, 36, 23, 50, 18, 50, 50, 17, 14, 50, 50, 50, 33, 49, 15, 50, 42, 50, 50, 50, 45, 50, 50, 36, 49, 13, 46, 50, 50, 50, 19, 50, 50, 50, 18, 24, 37, 50, 32, 12, 50, 50]
[0 0 0 0 0 0 0 0 0 0 0 0 0 0 0 0 0 0 0 0 0 0 0 0 0 0 0 0 0 0 0 0 0 0 0 0 0
 0 0 0 0 0 0 0 0 0 0 0 0 0 0 0 0 0 0 0 0 0 0 0 0 0 0 0 0 0 0 0 0 0 0 0 0 0
 0 0 0 0 0 0 0 0 0 0 0 0 0 0 0 0 0 0 0 0 0 0 0 0 0 0]
[1 1 1 1 1 1 1 1 1 1 1 1 1 1 1 1 1 1 1 1 1 1 1 1 1 1 1 1 1 1 1 1 1 1 1 1 1
 1 1 1 1 1 1 1 1 1 1 1 1 1 1 1 1 1 1 1 1 1 1 1 1 1 1 1 1 1 1 1 1 1 1 1 1 1
 1 1 1 1 1 1 1 1 1 1 1 1 1 1 1 1 1 1 1 1 1 1 1 1 1 1]
