[ 0  1  2  3  4  5  6  7  8  9 10 11 12 13 14 15 16 17 18 19 20 21 22 23
 24 25 26 27 28 29 30 31 32 33 34 35 36 37 38 39 40 41 42 43 44 45 46 47
 48 49 50 51 52 53 54 55 56 57 58 59 60 61 62 63 64 65 66 67 68 69 70 71
 72 73 74 75 76 77 78 79 80 81 82 83 84 85 86 87 88 89 90 91 92 93 94 95
 96 97 98 99]
[16 -1 -1 -1 -1 -1 -1 17  5 -1 -1 -1 76 42 -1 47 -1 91 79 14 -1 77 88  5
 -1 -1 14 86 -1 -1 92 -1 -1 65 -1 -1 90 51 12 61 74 18 98 36 -1 76 75 21
 91 63 10 -1 -1 -1 53 -1 33 13 55 95 38 62 59 84 27 17 -1 -1 99 26 -1 28
 71 -1 -1 63 -1 34 79 42 -1 -1 -1 -1 34 58 57 52 -1 34 19  4 49 72 -1 55
 -1 70 75  7]
[0 0 1 1 0 0 0 0 0 0 1 1 0 0 1 1 1 0 1 0 0 1 0 0 1 1 0 1 1 1 0 0 1 0 0 0 0
 0 0 1 0 0 1 0 0 0 1 1 0 1 0 0 1 1 1 0 0 0 1 1 1 0 0 0 0 0 0 0 1 0 0 1 0 0
 1 0 1 1 1 1 1 0 1 1 1 1 1 1 1 1 1 1 0 0 1 0 1 1 0 1]
[0 2 1 4 4 0 3 0 0 0 2 3 0 1 0 0 0 0 0 3 0 4 2 2 4 4 0 0 4 0 0 0 0 0 0 0 0
 0 2 0 0 1 0 0 3 0 0 2 0 1 0 0 0 4 2 1 0 0 1 0 0 0 0 1 4 0 4 4 0 1 2 2 4 0
 0 1 2 0 0 0 3 1 4 1 3 0 2 0 1 0 1 3 0 2 2 2 0 0 0 0]
[0 2 1 4 4 0 3 0 0 0 2 3 0 1 0 0 0 0 0 3 0 4 2 2 4 4 0 0 4 0 0 0 0 0 0 0 0
 0 2 0 0 1 0 0 3 0 0 2 0 1 0 0 0 4 2 1 0 0 1 0 0 0 0 1 4 0 4 4 0 1 2 2 4 0
 0 1 2 0 0 0 3 1 4 1 3 0 2 0 1 0 1 3 0 2 2 2 0 0 0 0]
[4 4 6 3 9 9 5 2 7 6 9 9 6 7 3 2 5 8 7 8 7 9 8 4 4 7 7 2 9 8 3 6 4 4 2 8 3
 3 2 5 7 3 1 9 7 4 1 9 6 4 4 2 1 9 9 1 4 3 5 2 7 7 3 5 9 5 1 6 2 5 6 6 7 4
 8 6 5 3 3 9 3 9 5 7 2 1 8 1 2 1 4 2 8 9 7 3 2 1 3 6]
[4 4 6 3 9 9 5 2 7 6 9 9 6 7 3 2 5 8 7 8 7 9 8 4 4 7 7 2 9 8 3 6 4 4 2 8 3
 3 2 5 7 3 1 9 7 4 1 9 6 4 4 2 1 9 9 1 4 3 5 2 7 7 3 5 9 5 1 6 2 5 6 6 7 4
 8 6 5 3 3 9 3 9 5 7 2 1 8 1 2 1 4 2 8 9 7 3 2 1 3 6]
[50, 28, 26, 18, 50, 16, 41, 50, 12, 50, 50, 50, 47, 50, 43, 50, 50, 24, 37, 45, 24, 13, 29, 22, 50, 39, 50, 50, 50, 27, 50, 41, 50, 25, 32, 14, 50, 39, 12, 36, 50, 50, 50, 50, 50, 22, 33, 31, 32, 50, 50, 50, 50, 50, 17, 50, 50, 50, 34, 19, 50, 37, 50, 47, 44, 50, 50, 48, 38, 28, 50, 16, 50, 30, 50, 47, 15, 50, 50, 32, 50, 50, 50, 21, 50, 11, 21, 50, 50, 50, 50, 50, 27, 50, 33, 50, 50, 40, 50, 37]
[0 0 0 0 0 0 0 0 0 0 0 0 0 0 0 0 0 0 0 0 0 0 0 0 0 0 0 0 0 0 0 0 0 0 0 0 0
 0 0 0 0 0 0 0 0 0 0 0 0 0 0 0 0 0 0 0 0 0 0 0 0 0 0 0 0 0 0 0 0 0 0 0 0 0
 0 0 0 0 0 0 0 0 0 0 0 0 0 0 0 0 0 0 0 0 0 0 0 0 0 0]
[1 1 1 1 1 1 1 1 1 1 1 1 1 1 1 1 1 1 1 1 1 1 1 1 1 1 1 1 1 1 1 1 1 1 1 1 1
 1 1 1 1 1 1 1 1 1 1 1 1 1 1 1 1 1 1 1 1 1 1 1 1 1 1 1 1 1 1 1 1 1 1 1 1 1
 1 1 1 1 1 1 1 1 1 1 1 1 1 1 1 1 1 1 1 1 1 1 1 1 1 1]
