[ 0  1  2  3  4  5  6  7  8  9 10 11 12 13 14 15 16 17 18 19 20 21 22 23
 24 25 26 27 28 29 30 31 32 33 34 35 36 37 38 39 40 41 42 43 44 45 46 47
 48 49 50 51 52 53 54 55 56 57 58 59 60 61 62 63 64 65 66 67 68 69 70 71
 72 73 74 75 76 77 78 79 80 81 82 83 84 85 86 87 88 89 90 91 92 93 94 95
 96 97 98 99]
[-1 62 79 58 59  7 67 19 -1 90 20 26 57 92 57 -1  6 14 76 -1 44 45 94 -1
 36 80 -1 -1 -1  9 75 -1 60 -1 85 -1 53 11 -1 -1 -1 -1 -1 79 58 95 -1 45
 95 76 40 70 -1 39 34 37 75 16 15 92  8 45 43 -1 -1 51 -1 -1 -1 16 26 81
 70 -1 64 -1 -1 -1 41 91 -1 66 74 51 65 82 83  2 -1 34 65  4 26 -1 -1 15
 34 -1 34  8]
[0 0 1 1 1 0 0 1 0 0 0 0 0 1 0 1 1 0 0 0 1 1 0 1 0 1 0 1 0 1 1 1 1 0 0 1 0
 0 1 1 0 0 0 1 0 1 0 0 1 0 1 1 1 1 0 1 0 1 1 0 0 1 1 1 1 1 1 1 0 1 0 0 1 0
 1 1 0 0 0 1 1 0 1 1 1 0 1 0 0 1 0 0 1 1 0 1 1 1 1 1]
[0 0 0 2 0 0 2 3 3 0 1 0 2 4 2 3 0 0 4 3 1 4 0 4 2 3 0 0 0 3 0 3 0 0 3 3 1
 0 3 4 2 0 2 0 3 4 1 4 0 0 2 2 3 3 0 0 2 2 1 0 0 0 2 1 3 4 4 1 1 0 3 1 0 0
 3 0 4 4 0 0 0 2 3 1 4 0 0 0 0 0 2 2 2 0 1 0 3 0 2 0]
[0 0 0 2 0 0 2 3 3 0 1 0 2 4 2 3 0 0 4 3 1 4 0 4 2 3 0 0 0 3 0 3 0 0 3 3 1
 0 3 4 2 0 2 0 3 4 1 4 0 0 2 2 3 3 0 0 2 2 1 0 0 0 2 1 3 4 4 1 1 0 3 1 0 0
 3 0 4 4 0 0 0 2 3 1 4 0 0 0 0 0 2 2 2 0 1 0 3 0 2 0]
[5 4 9 6 4 1 6 6 3 1 4 8 8 9 2 2 6 4 5 1 8 6 5 2 8 5 4 2 6 6 2 8 4 9 4 6 5
 3 8 3 3 6 2 8 3 6 9 3 3 2 9 4 2 8 4 3 3 5 8 1 4 1 2 4 7 4 9 2 2 5 9 7 6 9
 4 1 1 6 9 8 4 6 5 3 6 3 9 9 5 5 9 6 2 8 3 1 1 5 5 4]
[5 4 9 6 4 1 6 6 3 1 4 8 8 9 2 2 6 4 5 1 8 6 5 2 8 5 4 2 6 6 2 8 4 9 4 6 5
 3 8 3 3 6 2 8 3 6 9 3 3 2 9 4 2 8 4 3 3 5 8 1 4 1 2 4 7 4 9 2 2 5 9 7 6 9
 4 1 1 6 9 8 4 6 5 3 6 3 9 9 5 5 9 6 2 8 3 1 1 5 5 4]
[20, 50, 20, 50, 32, 45, 36, 50, 50, 50, 18, 50, 23, 12, 50, 46, 50, 14, 50, 50, 21, 50, 19, 50, 36, 16, 50, 50, 50, 24, 43, 13, 50, 50, 50, 12, 50, 50, 30, 50, 28, 50, 49, 10, 50, 50, 50, 50, 50, 18, 50, 11, 50, 50, 37, 50, 26, 50, 50, 50, 50, 36, 33, 47, 30, 50, 30, 17, 50, 50, 45, 50, 50, 50, 50, 14, 50, 50, 45, 45, 47, 23, 50, 12, 33, 50, 37, 46, 50, 50, 35, 50, 50, 11, 41, 50, 46, 18, 50, 50]
[0 0 0 0 0 0 0 0 0 0 0 0 0 0 0 0 0 0 0 0 0 0 0 0 0 0 0 0 0 0 0 0 0 0 0 0 0
 0 0 0 0 0 0 0 0 0 0 0 0 0 0 0 0 0 0 0 0 0 0 0 0 0 0 0 0 0 0 0 0 0 0 0 0 0
 0 0 0 0 0 0 0 0 0 0 0 0 0 0 0 0 0 0 0 0 0 0 0 0 0 0]
[1 1 1 1 1 1 1 1 1 1 1 1 1 1 1 1 1 1 1 1 1 1 1 1 1 1 1 1 1 1 1 1 1 1 1 1 1
 1 1 1 1 1 1 1 1 1 1 1 1 1 1 1 1 1 1 1 1 1 1 1 1 1 1 1 1 1 1 1 1 1 1 1 1 1
 1 1 1 1 1 1 1 1 1 1 1 1 1 1 1 1 1 1 1 1 1 1 1 1 1 1]
