[ 0  1  2  3  4  5  6  7  8  9 10 11 12 13 14 15 16 17 18 19 20 21 22 23
 24 25 26 27 28 29 30 31 32 33 34 35 36 37 38 39 40 41 42 43 44 45 46 47
 48 49 50 51 52 53 54 55 56 57 58 59 60 61 62 63 64 65 66 67 68 69 70 71
 72 73 74 75 76 77 78 79 80 81 82 83 84 85 86 87 88 89 90 91 92 93 94 95
 96 97 98 99]
[40 47 -1 94 98 14 93 17 38  4 24 86 -1 63 94 44 -1 65 73 -1 91 -1 76 -1
 37  6 11 62 48 56 -1 38  9 -1 97 15 31 15 57 73  2 63 49 47 64 93 14 -1
 97 63 -1 68 65 -1 -1 47 44 79 41 41 31 -1 44 33 96 44 34 51 -1 42 77 54
 -1 -1 18 -1 61 24 -1 -1 12 28 -1 27 61 86 56  6 94 -1 55 98 -1 56 -1 66
 -1 -1 -1 12]
[1 1 1 1 1 1 0 0 0 0 0 1 0 0 0 0 1 1 1 1 0 0 1 1 1 1 1 1 1 1 0 0 1 0 0 1 1
 1 1 1 0 0 1 0 0 1 0 1 1 1 0 1 0 1 1 1 0 0 1 1 0 0 0 1 1 0 1 0 0 1 0 0 0 0
 0 0 1 1 1 0 0 0 1 1 1 1 1 0 0 1 0 1 1 0 0 0 0 1 0 1]
[0 0 0 0 0 1 3 0 4 1 0 1 4 1 4 2 0 0 0 0 4 0 0 3 2 3 0 0 0 4 0 1 1 1 0 4 2
 4 0 4 0 0 0 0 0 0 0 4 0 0 3 1 0 2 0 4 3 0 0 0 0 3 0 0 2 3 1 1 1 0 3 0 3 3
 0 0 0 1 0 0 0 1 0 0 0 0 2 0 0 3 4 4 0 1 0 4 0 0 0 3]
[0 0 0 0 0 1 3 0 4 1 0 1 4 1 4 2 0 0 0 0 4 0 0 3 2 3 0 0 0 4 0 1 1 1 0 4 2
 4 0 4 0 0 0 0 0 0 0 4 0 0 3 1 0 2 0 4 3 0 0 0 0 3 0 0 2 3 1 1 1 0 3 0 3 3
 0 0 0 1 0 0 0 1 0 0 0 0 2 0 0 3 4 4 0 1 0 4 0 0 0 3]
[1 4 2 4 5 5 3 8 7 6 1 3 4 7 6 4 7 2 7 9 7 4 4 8 6 2 7 6 4 4 5 3 5 1 7 5 9
 5 2 6 7 3 9 1 6 3 3 8 9 5 8 7 9 6 1 4 2 8 1 8 2 7 7 1 1 8 6 4 4 4 1 9 5 3
 5 3 4 4 4 3 1 9 1 4 8 9 1 6 6 9 2 2 6 6 3 7 4 9 8 2]
[1 4 2 4 5 5 3 8 7 6 1 3 4 7 6 4 7 2 7 9 7 4 4 8 6 2 7 6 4 4 5 3 5 1 7 5 9
 5 2 6 7 3 9 1 6 3 3 8 9 5 8 7 9 6 1 4 2 8 1 8 2 7 7 1 1 8 6 4 4 4 1 9 5 3
 5 3 4 4 4 3 1 9 1 4 8 9 1 6 6 9 2 2 6 6 3 7 4 9 8 2]
[50, 50, 50, 50, 50, 50, 14, 38, 34, 50, 50, 28, 50, 29, 17, 50, 26, 48, 50, 50, 50, 50, 33, 50, 14, 21, 34, 50, 50, 50, 50, 37, 50, 22, 50, 50, 33, 50, 50, 50, 37, 50, 50, 50, 39, 50, 50, 18, 19, 50, 50, 22, 34, 29, 50, 19, 50, 50, 50, 50, 12, 40, 11, 50, 50, 50, 23, 50, 50, 50, 50, 50, 50, 35, 16, 50, 10, 16, 48, 50, 50, 17, 12, 50, 30, 50, 30, 50, 43, 35, 50, 50, 35, 23, 12, 26, 50, 44, 50, 37]
[0 0 0 0 0 0 0 0 0 0 0 0 0 0 0 0 0 0 0 0 0 0 0 0 0 0 0 0 0 0 0 0 0 0 0 0 0
 0 0 0 0 0 0 0 0 0 0 0 0 0 0 0 0 0 0 0 0 0 0 0 0 0 0 0 0 0 0 0 0 0 0 0 0 0
 0 0 0 0 0 0 0 0 0 0 0 0 0 0 0 0 0 0 0 0 0 0 0 0 0 0]
[1 1 1 1 1 1 1 1 1 1 1 1 1 1 1 1 1 1 1 1 1 1 1 1 1 1 1 1 1 1 1 1 1 1 1 1 1
 1 1 1 1 1 1 1 1 1 1 1 1 1 1 1 1 1 1 1 1 1 1 1 1 1 1 1 1 1 1 1 1 1 1 1 1 1
 1 1 1 1 1 1 1 1 1 1 1 1 1 1 1 1 1 1 1 1 1 1 1 1 1 1]
