[ 0  1  2  3  4  5  6  7  8  9 10 11 12 13 14 15 16 17 18 19 20 21 22 23
 24 25 26 27 28 29 30 31 32 33 34 35 36 37 38 39 40 41 42 43 44 45 46 47
 48 49 50 51 52 53 54 55 56 57 58 59 60 61 62 63 64 65 66 67 68 69 70 71
 72 73 74 75 76 77 78 79 80 81 82 83 84 85 86 87 88 89 90 91 92 93 94 95
 96 97 98 99]
[ 4 -1 -1 -1 89 -1 25 74 37 89 31 -1 -1  8 12 -1 82 52 -1  5 89 80 -1 57
 -1 17 19 10 -1 -1 74 61 -1 -1 81  5 99 51 64 -1 -1 -1 -1 98 42 14 -1 -1
 39 46 56 98 -1 44 55 70 -1 -1 59 54 -1  9  3 -1  9 78 30 -1 -1  8 46 31
 68 65 -1 34 -1  8 30 67 -1 -1 -1 87 -1 68 52 95  1 -1  1 -1 -1  7 -1 99
 -1 89 44 -1]
[0 1 0 1 1 1 1 0 0 0 0 1 1 0 0 0 1 1 1 0 0 0 1 0 0 1 1 0 0 0 1 1 0 0 0 0 0
 1 1 1 0 0 0 1 0 1 0 0 0 1 1 1 0 0 0 1 1 0 0 0 1 1 0 1 0 0 0 0 1 1 0 0 1 1
 1 1 0 0 0 1 0 0 0 1 0 0 1 0 1 1 1 1 1 0 1 1 1 0 0 0]
[4 0 1 0 1 0 0 0 2 4 4 4 1 1 0 0 2 2 2 4 2 0 3 0 0 0 4 0 4 2 0 1 2 0 3 1 4
 0 0 0 4 0 0 0 0 3 4 0 0 2 3 0 4 0 3 0 1 0 3 1 4 1 4 0 0 0 0 0 4 3 0 4 2 0
 0 0 2 0 0 1 1 0 4 3 1 3 0 4 1 3 4 2 3 0 4 1 0 1 1 1]
[4 0 1 0 1 0 0 0 2 4 4 4 1 1 0 0 2 2 2 4 2 0 3 0 0 0 4 0 4 2 0 1 2 0 3 1 4
 0 0 0 4 0 0 0 0 3 4 0 0 2 3 0 4 0 3 0 1 0 3 1 4 1 4 0 0 0 0 0 4 3 0 4 2 0
 0 0 2 0 0 1 1 0 4 3 1 3 0 4 1 3 4 2 3 0 4 1 0 1 1 1]
[6 1 2 2 9 9 1 2 4 3 7 7 3 6 4 1 9 1 7 2 5 6 7 2 4 1 4 1 6 5 4 7 5 9 9 5 1
 1 1 2 3 7 3 9 3 4 2 5 8 5 4 4 3 9 8 9 3 4 4 9 2 5 6 5 3 7 1 7 2 3 3 2 2 7
 3 5 2 6 6 7 3 6 8 6 9 3 7 2 6 3 3 2 3 1 3 2 6 2 6 2]
[6 1 2 2 9 9 1 2 4 3 7 7 3 6 4 1 9 1 7 2 5 6 7 2 4 1 4 1 6 5 4 7 5 9 9 5 1
 1 1 2 3 7 3 9 3 4 2 5 8 5 4 4 3 9 8 9 3 4 4 9 2 5 6 5 3 7 1 7 2 3 3 2 2 7
 3 5 2 6 6 7 3 6 8 6 9 3 7 2 6 3 3 2 3 1 3 2 6 2 6 2]
[14, 41, 50, 22, 50, 50, 45, 10, 50, 34, 45, 40, 50, 50, 22, 15, 44, 46, 50, 50, 37, 16, 25, 20, 50, 41, 31, 50, 41, 50, 47, 15, 50, 15, 50, 38, 16, 50, 50, 16, 18, 45, 50, 31, 50, 18, 50, 50, 31, 50, 50, 11, 50, 50, 21, 49, 50, 11, 28, 41, 50, 50, 50, 50, 38, 20, 46, 50, 40, 50, 48, 50, 28, 50, 18, 50, 50, 50, 50, 50, 50, 50, 50, 22, 50, 50, 50, 50, 35, 18, 50, 50, 50, 50, 50, 50, 27, 50, 42, 28]
[0 0 0 0 0 0 0 0 0 0 0 0 0 0 0 0 0 0 0 0 0 0 0 0 0 0 0 0 0 0 0 0 0 0 0 0 0
 0 0 0 0 0 0 0 0 0 0 0 0 0 0 0 0 0 0 0 0 0 0 0 0 0 0 0 0 0 0 0 0 0 0 0 0 0
 0 0 0 0 0 0 0 0 0 0 0 0 0 0 0 0 0 0 0 0 0 0 0 0 0 0]
[1 1 1 1 1 1 1 1 1 1 1 1 1 1 1 1 1 1 1 1 1 1 1 1 1 1 1 1 1 1 1 1 1 1 1 1 1
 1 1 1 1 1 1 1 1 1 1 1 1 1 1 1 1 1 1 1 1 1 1 1 1 1 1 1 1 1 1 1 1 1 1 1 1 1
 1 1 1 1 1 1 1 1 1 1 1 1 1 1 1 1 1 1 1 1 1 1 1 1 1 1]
