[ 0  1  2  3  4  5  6  7  8  9 10 11 12 13 14 15 16 17 18 19 20 21 22 23
 24 25 26 27 28 29 30 31 32 33 34 35 36 37 38 39 40 41 42 43 44 45 46 47
 48 49 50 51 52 53 54 55 56 57 58 59 60 61 62 63 64 65 66 67 68 69 70 71
 72 73 74 75 76 77 78 79 80 81 82 83 84 85 86 87 88 89 90 91 92 93 94 95
 96 97 98 99]
[73 17 52 35  0 37 -1 39 37 95 43 -1 36 -1 47 -1 97 92 76 -1 99 59 -1 -1
 88 89 -1 80 -1 -1 -1 -1 49 20 -1 90 33 -1 61 76  0 16 13 -1 -1 20 26 37
 65 99 14  5 -1 14 -1 -1  6 87 -1  4 87 53 25 -1 -1 -1 -1 73 50 36 -1 -1
 -1  1 37 -1 -1 33 13 -1 98 -1 -1 42 -1 80 -1 35 67 30 66 68 56 52 87 47
 63 -1 -1 -1]
[1 1 0 1 0 1 0 1 1 0 1 1 0 1 1 1 0 0 1 0 1 1 0 1 1 0 1 1 1 0 0 0 1 0 1 1 1
 1 0 0 1 0 0 0 0 0 1 1 0 0 1 0 0 0 1 0 1 1 1 0 1 0 1 1 0 1 0 1 1 0 0 1 0 0
 0 0 1 1 0 1 1 1 0 0 0 0 0 1 0 0 1 0 0 1 0 1 0 1 0 0]
[1 1 3 0 2 1 4 2 0 2 0 0 1 0 4 2 0 0 2 2 0 4 1 3 0 0 0 0 2 4 0 0 2 4 0 2 0
 0 3 2 4 0 1 3 1 4 0 4 1 0 4 0 0 3 0 0 2 3 1 3 0 0 4 0 4 0 3 0 1 0 0 0 4 2
 4 0 3 0 4 2 1 0 2 4 2 0 2 0 0 0 2 0 2 3 0 4 0 4 0 3]
[1 1 3 0 2 1 4 2 0 2 0 0 1 0 4 2 0 0 2 2 0 4 1 3 0 0 0 0 2 4 0 0 2 4 0 2 0
 0 3 2 4 0 1 3 1 4 0 4 1 0 4 0 0 3 0 0 2 3 1 3 0 0 4 0 4 0 3 0 1 0 0 0 4 2
 4 0 3 0 4 2 1 0 2 4 2 0 2 0 0 0 2 0 2 3 0 4 0 4 0 3]
[2 1 4 5 3 4 7 2 1 6 6 2 8 5 9 4 8 1 7 9 8 2 7 5 7 7 3 5 3 4 5 9 5 9 6 5 1
 8 5 7 8 7 7 6 1 2 8 1 4 1 9 9 6 5 8 9 1 8 7 4 7 7 1 7 2 6 9 3 9 8 2 1 1 2
 4 8 8 9 2 7 2 3 1 1 2 9 6 7 7 1 4 6 3 2 3 9 8 2 4 9]
[2 1 4 5 3 4 7 2 1 6 6 2 8 5 9 4 8 1 7 9 8 2 7 5 7 7 3 5 3 4 5 9 5 9 6 5 1
 8 5 7 8 7 7 6 1 2 8 1 4 1 9 9 6 5 8 9 1 8 7 4 7 7 1 7 2 6 9 3 9 8 2 1 1 2
 4 8 8 9 2 7 2 3 1 1 2 9 6 7 7 1 4 6 3 2 3 9 8 2 4 9]
[50, 35, 19, 11, 10, 22, 49, 20, 50, 50, 50, 12, 50, 36, 40, 50, 49, 50, 50, 17, 50, 46, 50, 15, 50, 37, 36, 18, 38, 27, 50, 48, 24, 50, 50, 21, 50, 46, 37, 50, 39, 50, 50, 35, 43, 50, 37, 50, 28, 50, 50, 50, 39, 45, 50, 50, 36, 22, 43, 50, 42, 50, 36, 50, 50, 50, 50, 50, 50, 14, 50, 37, 50, 50, 33, 23, 50, 50, 34, 40, 19, 32, 50, 50, 50, 19, 36, 50, 16, 50, 38, 50, 36, 50, 43, 50, 16, 28, 28, 50]
[0 0 0 0 0 0 0 0 0 0 0 0 0 0 0 0 0 0 0 0 0 0 0 0 0 0 0 0 0 0 0 0 0 0 0 0 0
 0 0 0 0 0 0 0 0 0 0 0 0 0 0 0 0 0 0 0 0 0 0 0 0 0 0 0 0 0 0 0 0 0 0 0 0 0
 0 0 0 0 0 0 0 0 0 0 0 0 0 0 0 0 0 0 0 0 0 0 0 0 0 0]
[1 1 1 1 1 1 1 1 1 1 1 1 1 1 1 1 1 1 1 1 1 1 1 1 1 1 1 1 1 1 1 1 1 1 1 1 1
 1 1 1 1 1 1 1 1 1 1 1 1 1 1 1 1 1 1 1 1 1 1 1 1 1 1 1 1 1 1 1 1 1 1 1 1 1
 1 1 1 1 1 1 1 1 1 1 1 1 1 1 1 1 1 1 1 1 1 1 1 1 1 1]
