[ 0  1  2  3  4  5  6  7  8  9 10 11 12 13 14 15 16 17 18 19 20 21 22 23
 24 25 26 27 28 29 30 31 32 33 34 35 36 37 38 39 40 41 42 43 44 45 46 47
 48 49 50 51 52 53 54 55 56 57 58 59 60 61 62 63 64 65 66 67 68 69 70 71
 72 73 74 75 76 77 78 79 80 81 82 83 84 85 86 87 88 89 90 91 92 93 94 95
 96 97 98 99]
[-1 23 39 64 39 -1 74 -1  9 96 -1 -1 -1 42  6 96 83 35 36 12 -1 -1 -1 73
 -1 83 -1 58 15 -1 -1 74 21 32 80 38 -1 67 -1 -1  2 76 51 -1 40 99 23 -1
 -1  2 -1 91 87 93 19 77 10 42 -1 81 50 87 80 -1 67 -1 88 28  3 15 -1 58
 -1 77 -1 -1 99 45 63 89 29 -1 85 73 95 57 39 17 -1 60 37 56 53 88 52 91
 85 -1 -1 97]
[1 0 0 1 1 1 1 0 1 0 0 1 1 1 1 1 0 0 0 1 0 0 1 1 1 0 1 1 1 1 1 1 1 0 0 0 0
 0 1 1 0 0 0 0 1 1 1 1 0 0 0 0 1 0 1 0 0 0 1 0 0 0 1 1 0 0 0 1 1 0 1 0 0 1
 0 0 1 1 0 0 0 0 0 1 1 1 1 0 0 1 0 1 0 1 1 1 0 0 1 0]
[0 2 0 2 2 0 0 4 2 2 1 3 0 1 4 0 0 4 0 1 0 0 0 0 4 3 4 1 4 0 0 0 0 4 0 0 0
 4 0 0 2 3 4 2 4 1 4 2 0 0 3 3 3 3 2 3 4 0 4 0 3 3 0 0 4 0 0 1 4 4 2 3 3 4
 0 0 0 2 0 2 0 1 3 0 0 0 0 0 2 3 2 0 0 4 4 0 4 0 0 0]
[0 2 0 2 2 0 0 4 2 2 1 3 0 1 4 0 0 4 0 1 0 0 0 0 4 3 4 1 4 0 0 0 0 4 0 0 0
 4 0 0 2 3 4 2 4 1 4 2 0 0 3 3 3 3 2 3 4 0 4 0 3 3 0 0 4 0 0 1 4 4 2 3 3 4
 0 0 0 2 0 2 0 1 3 0 0 0 0 0 2 3 2 0 0 4 4 0 4 0 0 0]
[9 9 6 9 8 8 9 3 7 8 7 6 7 4 7 3 9 7 6 9 5 9 7 8 3 1 9 8 5 5 7 8 5 6 9 6 2
 8 8 6 4 9 9 3 8 4 8 5 1 7 4 2 7 7 3 8 5 8 7 4 8 5 4 9 5 4 3 1 5 1 8 4 7 7
 8 2 1 7 1 5 1 1 1 9 1 7 9 7 1 4 5 8 2 1 7 3 3 8 5 8]
[9 9 6 9 8 8 9 3 7 8 7 6 7 4 7 3 9 7 6 9 5 9 7 8 3 1 9 8 5 5 7 8 5 6 9 6 2
 8 8 6 4 9 9 3 8 4 8 5 1 7 4 2 7 7 3 8 5 8 7 4 8 5 4 9 5 4 3 1 5 1 8 4 7 7
 8 2 1 7 1 5 1 1 1 9 1 7 9 7 1 4 5 8 2 1 7 3 3 8 5 8]
[50, 50, 50, 50, 31, 50, 50, 50, 50, 50, 50, 20, 41, 17, 10, 50, 50, 47, 50, 50, 44, 50, 21, 50, 50, 15, 45, 50, 17, 25, 42, 12, 50, 50, 36, 50, 21, 50, 49, 14, 39, 50, 50, 50, 50, 16, 50, 50, 50, 50, 16, 50, 17, 50, 39, 36, 50, 30, 39, 50, 50, 50, 24, 37, 33, 49, 50, 50, 50, 46, 15, 50, 50, 28, 50, 50, 21, 46, 36, 20, 24, 50, 30, 50, 50, 50, 50, 40, 50, 32, 18, 13, 23, 50, 21, 50, 50, 17, 50, 38]
[0 0 0 0 0 0 0 0 0 0 0 0 0 0 0 0 0 0 0 0 0 0 0 0 0 0 0 0 0 0 0 0 0 0 0 0 0
 0 0 0 0 0 0 0 0 0 0 0 0 0 0 0 0 0 0 0 0 0 0 0 0 0 0 0 0 0 0 0 0 0 0 0 0 0
 0 0 0 0 0 0 0 0 0 0 0 0 0 0 0 0 0 0 0 0 0 0 0 0 0 0]
[1 1 1 1 1 1 1 1 1 1 1 1 1 1 1 1 1 1 1 1 1 1 1 1 1 1 1 1 1 1 1 1 1 1 1 1 1
 1 1 1 1 1 1 1 1 1 1 1 1 1 1 1 1 1 1 1 1 1 1 1 1 1 1 1 1 1 1 1 1 1 1 1 1 1
 1 1 1 1 1 1 1 1 1 1 1 1 1 1 1 1 1 1 1 1 1 1 1 1 1 1]
