[ 0  1  2  3  4  5  6  7  8  9 10 11 12 13 14 15 16 17 18 19 20 21 22 23
 24 25 26 27 28 29 30 31 32 33 34 35 36 37 38 39 40 41 42 43 44 45 46 47
 48 49 50 51 52 53 54 55 56 57 58 59 60 61 62 63 64 65 66 67 68 69 70 71
 72 73 74 75 76 77 78 79 80 81 82 83 84 85 86 87 88 89 90 91 92 93 94 95
 96 97 98 99]
[-1 90 -1 49 78 61 21 -1 33 47 -1 29 -1 86 89  0 97 -1 31 33 76 -1 80 39
 79 11 95 37 39  8 23 -1 98 -1 90 92 -1 39 27 -1 57 31 20 92 68  0 34 78
 -1 21 88 84 -1 13 -1  3 68 82 36 83 -1 31 13 52 -1 37 -1 76 55 71 -1 -1
 26 -1 -1 86 -1 86 55  6 -1 14 91 -1 -1 -1 21 67 -1 28 30 49  6 -1 85 -1
 -1 93 -1 -1]
[0 0 1 0 1 1 1 0 1 1 1 0 0 0 1 0 0 0 0 0 0 0 1 1 0 1 1 0 1 1 0 0 0 1 0 0 1
 1 0 0 1 0 0 0 1 0 1 1 0 0 1 1 0 0 1 0 0 1 0 0 1 1 0 1 0 1 0 0 0 1 0 0 1 1
 1 1 0 1 0 0 0 0 0 1 1 0 1 0 1 0 1 0 1 1 0 1 1 0 1 0]
[2 0 4 0 2 0 4 0 0 4 0 0 0 4 1 0 4 0 2 0 0 0 3 0 0 4 0 0 3 0 0 0 4 3 0 4 0
 1 0 0 1 0 2 0 0 0 4 0 0 3 2 0 3 1 4 4 0 3 2 0 0 2 3 0 2 0 0 0 0 0 0 3 0 3
 0 0 3 4 0 0 2 3 2 0 2 0 1 1 0 2 3 0 3 1 0 0 0 3 0 0]
[2 0 4 0 2 0 4 0 0 4 0 0 0 4 1 0 4 0 2 0 0 0 3 0 0 4 0 0 3 0 0 0 4 3 0 4 0
 1 0 0 1 0 2 0 0 0 4 0 0 3 2 0 3 1 4 4 0 3 2 0 0 2 3 0 2 0 0 0 0 0 0 3 0 3
 0 0 3 4 0 0 2 3 2 0 2 0 1 1 0 2 3 0 3 1 0 0 0 3 0 0]
[3 4 7 4 8 7 6 8 9 9 2 1 4 7 2 9 6 8 4 9 7 7 5 9 7 9 1 3 1 9 9 8 7 5 9 5 2
 3 9 8 8 3 3 8 2 9 9 1 3 5 2 6 4 4 1 5 4 8 6 1 9 2 6 2 5 4 5 9 2 8 2 3 5 7
 8 6 7 5 4 3 9 1 4 6 5 7 7 8 5 1 6 9 5 3 6 4 9 9 7 2]
[3 4 7 4 8 7 6 8 9 9 2 1 4 7 2 9 6 8 4 9 7 7 5 9 7 9 1 3 1 9 9 8 7 5 9 5 2
 3 9 8 8 3 3 8 2 9 9 1 3 5 2 6 4 4 1 5 4 8 6 1 9 2 6 2 5 4 5 9 2 8 2 3 5 7
 8 6 7 5 4 3 9 1 4 6 5 7 7 8 5 1 6 9 5 3 6 4 9 9 7 2]
[50, 21, 50, 19, 30, 30, 18, 50, 50, 29, 50, 22, 50, 27, 17, 50, 41, 37, 50, 47, 42, 26, 50, 10, 44, 50, 50, 50, 41, 50, 50, 35, 37, 50, 50, 45, 33, 50, 10, 50, 50, 30, 31, 46, 50, 50, 50, 50, 50, 50, 50, 50, 24, 12, 34, 45, 34, 50, 50, 50, 11, 50, 24, 50, 35, 50, 50, 29, 28, 28, 39, 50, 33, 50, 40, 49, 38, 50, 50, 17, 50, 17, 50, 35, 50, 23, 26, 50, 50, 50, 50, 50, 29, 50, 46, 20, 22, 50, 48, 46]
[0 0 0 0 0 0 0 0 0 0 0 0 0 0 0 0 0 0 0 0 0 0 0 0 0 0 0 0 0 0 0 0 0 0 0 0 0
 0 0 0 0 0 0 0 0 0 0 0 0 0 0 0 0 0 0 0 0 0 0 0 0 0 0 0 0 0 0 0 0 0 0 0 0 0
 0 0 0 0 0 0 0 0 0 0 0 0 0 0 0 0 0 0 0 0 0 0 0 0 0 0]
[1 1 1 1 1 1 1 1 1 1 1 1 1 1 1 1 1 1 1 1 1 1 1 1 1 1 1 1 1 1 1 1 1 1 1 1 1
 1 1 1 1 1 1 1 1 1 1 1 1 1 1 1 1 1 1 1 1 1 1 1 1 1 1 1 1 1 1 1 1 1 1 1 1 1
 1 1 1 1 1 1 1 1 1 1 1 1 1 1 1 1 1 1 1 1 1 1 1 1 1 1]
