[ 0  1  2  3  4  5  6  7  8  9 10 11 12 13 14 15 16 17 18 19 20 21 22 23
 24 25 26 27 28 29 30 31 32 33 34 35 36 37 38 39 40 41 42 43 44 45 46 47
 48 49 50 51 52 53 54 55 56 57 58 59 60 61 62 63 64 65 66 67 68 69 70 71
 72 73 74 75 76 77 78 79 80 81 82 83 84 85 86 87 88 89 90 91 92 93 94 95
 96 97 98 99]
[15 28 67 67 12 -1 -1 20 39 21 -1 -1 -1 -1 -1  4 -1 89 31 -1 67 -1 32 99
 76 -1 51 -1 -1 30 37 85 37 -1 -1 84 -1 82 96 37 -1 55 -1  9 11  5 18 -1
 82 -1 -1 68 -1  3 38 94 23 11 61 -1 95 -1 -1  9 -1 59 61 91 55 46 54  7
  9 14 35 -1 78 -1 -1 64 90 71 -1 -1  4 -1 -1 60 -1 51 -1 77 50 13 -1 37
 21 65 73 -1]
[0 1 1 1 0 0 1 0 1 1 1 0 0 1 0 1 0 0 1 1 1 1 1 0 1 1 1 0 0 0 0 1 1 1 0 1 0
 0 1 1 0 0 1 1 0 1 1 0 1 1 0 0 1 0 0 1 0 0 0 0 1 1 1 1 0 0 0 1 1 1 0 0 0 0
 1 0 0 0 0 0 0 0 0 0 0 1 0 1 1 1 0 1 1 0 0 1 0 1 0 0]
[1 0 0 0 3 0 4 3 0 0 0 2 1 3 0 4 0 0 2 3 2 0 0 4 0 4 3 2 2 3 1 1 0 0 0 0 0
 0 0 0 2 4 3 2 0 0 3 0 0 2 0 3 1 1 0 2 2 0 2 0 0 0 2 4 3 0 0 0 3 3 4 3 0 1
 2 0 0 0 3 0 0 0 0 0 0 3 2 1 0 3 3 3 2 2 2 0 0 4 1 0]
[1 0 0 0 3 0 4 3 0 0 0 2 1 3 0 4 0 0 2 3 2 0 0 4 0 4 3 2 2 3 1 1 0 0 0 0 0
 0 0 0 2 4 3 2 0 0 3 0 0 2 0 3 1 1 0 2 2 0 2 0 0 0 2 4 3 0 0 0 3 3 4 3 0 1
 2 0 0 0 3 0 0 0 0 0 0 3 2 1 0 3 3 3 2 2 2 0 0 4 1 0]
[2 7 2 2 3 2 9 8 4 1 1 3 1 2 7 2 6 5 3 1 4 8 4 7 7 8 4 4 9 2 3 2 5 5 7 7 8
 2 3 6 1 6 7 2 9 7 7 7 8 2 9 7 8 2 1 2 6 6 2 1 7 5 1 1 1 9 6 9 9 6 2 7 6 5
 4 3 8 1 6 4 2 1 1 9 7 1 6 6 9 9 2 3 3 3 3 8 6 2 1 2]
[2 7 2 2 3 2 9 8 4 1 1 3 1 2 7 2 6 5 3 1 4 8 4 7 7 8 4 4 9 2 3 2 5 5 7 7 8
 2 3 6 1 6 7 2 9 7 7 7 8 2 9 7 8 2 1 2 6 6 2 1 7 5 1 1 1 9 6 9 9 6 2 7 6 5
 4 3 8 1 6 4 2 1 1 9 7 1 6 6 9 9 2 3 3 3 3 8 6 2 1 2]
[26, 49, 50, 13, 33, 29, 20, 33, 49, 50, 47, 24, 31, 50, 18, 23, 24, 49, 50, 34, 47, 48, 50, 43, 22, 13, 50, 48, 39, 50, 50, 50, 43, 33, 36, 24, 30, 15, 50, 28, 26, 46, 50, 39, 50, 50, 50, 23, 40, 26, 50, 50, 50, 28, 46, 50, 50, 50, 50, 50, 50, 50, 50, 46, 21, 50, 50, 50, 50, 21, 21, 50, 41, 50, 21, 14, 13, 17, 50, 48, 50, 44, 50, 48, 45, 50, 50, 50, 24, 48, 38, 50, 50, 50, 50, 50, 34, 50, 25, 36]
[0 0 0 0 0 0 0 0 0 0 0 0 0 0 0 0 0 0 0 0 0 0 0 0 0 0 0 0 0 0 0 0 0 0 0 0 0
 0 0 0 0 0 0 0 0 0 0 0 0 0 0 0 0 0 0 0 0 0 0 0 0 0 0 0 0 0 0 0 0 0 0 0 0 0
 0 0 0 0 0 0 0 0 0 0 0 0 0 0 0 0 0 0 0 0 0 0 0 0 0 0]
[1 1 1 1 1 1 1 1 1 1 1 1 1 1 1 1 1 1 1 1 1 1 1 1 1 1 1 1 1 1 1 1 1 1 1 1 1
 1 1 1 1 1 1 1 1 1 1 1 1 1 1 1 1 1 1 1 1 1 1 1 1 1 1 1 1 1 1 1 1 1 1 1 1 1
 1 1 1 1 1 1 1 1 1 1 1 1 1 1 1 1 1 1 1 1 1 1 1 1 1 1]
