[ 0  1  2  3  4  5  6  7  8  9 10 11 12 13 14 15 16 17 18 19 20 21 22 23
 24 25 26 27 28 29 30 31 32 33 34 35 36 37 38 39 40 41 42 43 44 45 46 47
 48 49 50 51 52 53 54 55 56 57 58 59 60 61 62 63 64 65 66 67 68 69 70 71
 72 73 74 75 76 77 78 79 80 81 82 83 84 85 86 87 88 89 90 91 92 93 94 95
 96 97 98 99]
[10 80 38 67 -1 98 16 -1 64 76 49 -1 -1 -1 18 21 -1 78 -1 -1 -1 -1 -1 -1
 -1 58 20 29 62 75 54 -1 83 15 92 -1 84 13 -1 -1 41 -1 47 60 -1 59 85 -1
 -1 97 -1 -1 -1 -1 44 40 -1 -1 39 22 -1 66 -1  8 -1 46 -1 24  1 15 27 -1
 21 -1 36 25 51 21 44 48 -1 -1 -1 57 71 -1 -1 -1 54 93 46 -1 89 50  7 -1
 -1  7 77 41]
[1 0 0 0 1 0 0 1 1 1 1 1 1 0 1 1 0 1 0 1 1 1 1 0 0 1 1 1 0 1 1 1 1 0 0 0 1
 0 1 0 0 0 1 1 0 1 1 0 0 1 0 1 0 0 1 1 0 0 0 0 0 0 0 1 0 0 0 1 1 1 1 0 0 0
 1 0 0 1 0 1 0 0 0 1 1 0 1 0 1 0 0 1 0 1 1 0 0 0 0 1]
[1 0 1 0 0 0 4 3 0 0 3 3 2 4 3 3 0 0 0 4 0 3 0 2 4 0 0 0 0 2 3 1 0 2 0 3 0
 3 4 1 0 0 3 4 0 1 0 2 0 4 1 3 3 2 0 0 4 1 0 1 2 0 0 4 1 1 0 2 0 0 1 1 2 2
 0 0 0 0 0 0 0 0 0 0 0 0 0 0 0 3 0 4 1 0 0 4 4 0 4 1]
[1 0 1 0 0 0 4 3 0 0 3 3 2 4 3 3 0 0 0 4 0 3 0 2 4 0 0 0 0 2 3 1 0 2 0 3 0
 3 4 1 0 0 3 4 0 1 0 2 0 4 1 3 3 2 0 0 4 1 0 1 2 0 0 4 1 1 0 2 0 0 1 1 2 2
 0 0 0 0 0 0 0 0 0 0 0 0 0 0 0 3 0 4 1 0 0 4 4 0 4 1]
[4 6 6 4 3 8 4 4 3 9 4 6 4 6 3 6 4 7 3 5 8 8 6 8 3 1 9 7 2 4 2 9 5 9 7 6 6
 6 8 9 1 3 9 8 5 7 9 8 5 7 8 2 2 6 2 5 3 8 4 8 8 1 2 7 8 6 4 1 1 1 8 4 1 6
 2 6 6 3 8 3 8 9 1 4 9 2 4 3 7 3 5 4 5 1 7 2 9 7 1 1]
[4 6 6 4 3 8 4 4 3 9 4 6 4 6 3 6 4 7 3 5 8 8 6 8 3 1 9 7 2 4 2 9 5 9 7 6 6
 6 8 9 1 3 9 8 5 7 9 8 5 7 8 2 2 6 2 5 3 8 4 8 8 1 2 7 8 6 4 1 1 1 8 4 1 6
 2 6 6 3 8 3 8 9 1 4 9 2 4 3 7 3 5 4 5 1 7 2 9 7 1 1]
[50, 50, 50, 13, 29, 15, 50, 50, 42, 50, 50, 35, 19, 50, 37, 50, 12, 20, 28, 35, 33, 50, 34, 50, 22, 50, 50, 50, 50, 50, 50, 50, 50, 50, 50, 50, 50, 33, 34, 27, 50, 50, 50, 50, 13, 50, 50, 50, 26, 50, 25, 20, 31, 39, 23, 50, 15, 20, 15, 20, 50, 40, 50, 49, 35, 50, 47, 50, 40, 26, 50, 50, 50, 28, 50, 50, 47, 50, 50, 27, 50, 50, 50, 33, 25, 48, 40, 50, 50, 10, 32, 50, 21, 50, 26, 50, 50, 50, 18, 43]
[0 0 0 0 0 0 0 0 0 0 0 0 0 0 0 0 0 0 0 0 0 0 0 0 0 0 0 0 0 0 0 0 0 0 0 0 0
 0 0 0 0 0 0 0 0 0 0 0 0 0 0 0 0 0 0 0 0 0 0 0 0 0 0 0 0 0 0 0 0 0 0 0 0 0
 0 0 0 0 0 0 0 0 0 0 0 0 0 0 0 0 0 0 0 0 0 0 0 0 0 0]
[1 1 1 1 1 1 1 1 1 1 1 1 1 1 1 1 1 1 1 1 1 1 1 1 1 1 1 1 1 1 1 1 1 1 1 1 1
 1 1 1 1 1 1 1 1 1 1 1 1 1 1 1 1 1 1 1 1 1 1 1 1 1 1 1 1 1 1 1 1 1 1 1 1 1
 1 1 1 1 1 1 1 1 1 1 1 1 1 1 1 1 1 1 1 1 1 1 1 1 1 1]
