[ 0  1  2  3  4  5  6  7  8  9 10 11 12 13 14 15 16 17 18 19 20 21 22 23
 24 25 26 27 28 29 30 31 32 33 34 35 36 37 38 39 40 41 42 43 44 45 46 47
 48 49 50 51 52 53 54 55 56 57 58 59 60 61 62 63 64 65 66 67 68 69 70 71
 72 73 74 75 76 77 78 79 80 81 82 83 84 85 86 87 88 89 90 91 92 93 94 95
 96 97 98 99]
[-1 25 -1 11 -1 -1 40 24 -1 -1 -1 -1 30 -1 51 32 26  3 26 36 12 14 -1 65
 37 -1 91 -1 -1 -1 23 14 -1 -1 -1 46 26 76 48 44 -1 21 41 -1 61 -1 26 87
 69 31 -1 -1 98 18 33 -1 -1 72 -1 11 -1 98 -1 -1 79 -1 88 -1 -1 -1 99 32
 -1 86 -1 44 91  4 -1 76 43 27 21 36 47 59 87 -1 52 34 43 58 -1 87 46 77
 31 -1 72 69]
[1 0 0 1 0 0 0 0 0 1 0 0 0 0 1 0 1 1 0 0 0 1 0 0 1 0 1 1 0 1 1 0 1 0 1 1 0
 0 0 1 1 0 1 1 1 0 1 0 0 0 0 1 0 0 1 1 1 0 1 1 0 1 0 1 1 1 1 0 1 0 1 1 1 1
 0 0 0 0 0 0 1 1 1 0 0 0 0 0 0 1 0 0 1 0 0 1 1 1 1 1]
[0 0 4 4 0 3 4 4 2 3 0 0 4 1 0 2 3 2 0 0 0 2 3 4 0 0 4 2 3 0 0 0 2 0 0 0 4
 4 0 1 1 0 0 0 3 0 0 4 2 0 3 1 1 4 2 0 0 2 0 0 3 0 0 2 0 3 0 1 0 0 0 0 0 1
 1 0 1 0 2 1 0 2 0 0 0 2 0 2 0 0 4 0 2 4 2 4 0 0 1 0]
[0 0 4 4 0 3 4 4 2 3 0 0 4 1 0 2 3 2 0 0 0 2 3 4 0 0 4 2 3 0 0 0 2 0 0 0 4
 4 0 1 1 0 0 0 3 0 0 4 2 0 3 1 1 4 2 0 0 2 0 0 3 0 0 2 0 3 0 1 0 0 0 0 0 1
 1 0 1 0 2 1 0 2 0 0 0 2 0 2 0 0 4 0 2 4 2 4 0 0 1 0]
[9 5 6 3 2 9 6 9 5 3 1 9 5 7 7 3 5 1 4 3 8 6 4 2 2 3 3 2 7 3 8 9 1 4 1 2 3
 3 2 4 5 7 2 1 8 4 8 9 6 3 3 3 3 3 8 3 9 6 8 4 1 1 4 4 2 6 4 7 1 8 9 7 2 9
 5 9 6 4 6 4 1 2 5 3 5 8 3 5 1 8 6 3 6 2 1 3 1 9 3 4]
[9 5 6 3 2 9 6 9 5 3 1 9 5 7 7 3 5 1 4 3 8 6 4 2 2 3 3 2 7 3 8 9 1 4 1 2 3
 3 2 4 5 7 2 1 8 4 8 9 6 3 3 3 3 3 8 3 9 6 8 4 1 1 4 4 2 6 4 7 1 8 9 7 2 9
 5 9 6 4 6 4 1 2 5 3 5 8 3 5 1 8 6 3 6 2 1 3 1 9 3 4]
[50, 50, 50, 48, 26, 50, 14, 50, 50, 50, 38, 50, 50, 50, 50, 44, 18, 24, 50, 44, 50, 49, 50, 50, 21, 50, 50, 50, 27, 44, 50, 44, 50, 50, 50, 50, 50, 20, 50, 50, 11, 50, 50, 50, 44, 33, 50, 50, 27, 21, 50, 50, 32, 37, 19, 50, 50, 50, 13, 50, 50, 13, 46, 50, 50, 50, 50, 13, 34, 45, 19, 50, 14, 21, 50, 30, 21, 50, 14, 50, 39, 41, 11, 14, 44, 50, 28, 16, 10, 48, 50, 35, 50, 50, 50, 50, 50, 17, 29, 50]
[0 0 0 0 0 0 0 0 0 0 0 0 0 0 0 0 0 0 0 0 0 0 0 0 0 0 0 0 0 0 0 0 0 0 0 0 0
 0 0 0 0 0 0 0 0 0 0 0 0 0 0 0 0 0 0 0 0 0 0 0 0 0 0 0 0 0 0 0 0 0 0 0 0 0
 0 0 0 0 0 0 0 0 0 0 0 0 0 0 0 0 0 0 0 0 0 0 0 0 0 0]
[1 1 1 1 1 1 1 1 1 1 1 1 1 1 1 1 1 1 1 1 1 1 1 1 1 1 1 1 1 1 1 1 1 1 1 1 1
 1 1 1 1 1 1 1 1 1 1 1 1 1 1 1 1 1 1 1 1 1 1 1 1 1 1 1 1 1 1 1 1 1 1 1 1 1
 1 1 1 1 1 1 1 1 1 1 1 1 1 1 1 1 1 1 1 1 1 1 1 1 1 1]
