[ 0  1  2  3  4  5  6  7  8  9 10 11 12 13 14 15 16 17 18 19 20 21 22 23
 24 25 26 27 28 29 30 31 32 33 34 35 36 37 38 39 40 41 42 43 44 45 46 47
 48 49 50 51 52 53 54 55 56 57 58 59 60 61 62 63 64 65 66 67 68 69 70 71
 72 73 74 75 76 77 78 79 80 81 82 83 84 85 86 87 88 89 90 91 92 93 94 95
 96 97 98 99]
[65 27 -1 68 71 56 -1 73 37 -1 76 -1 47 -1 59 53 99 14 84 64 85 -1 91 -1
 67 36 -1 -1 -1 16 -1 59 -1 17 84 -1 21 33 -1 76 63 -1 86 10 27 81 40 24
 85 -1 92 -1 98 -1 -1 32 -1 50 -1 76 38 72 44 34 70 76 17 -1 -1 -1 80 63
 66 60 -1 68 16 59 -1 -1 45 -1 -1 -1 56 92  4 -1 68 11 50 75  1 99 91 -1
 -1 -1 32 50]
[0 0 0 0 0 1 1 0 1 1 0 1 0 0 1 1 1 1 0 1 1 0 0 1 1 1 1 1 0 1 0 0 0 0 0 1 0
 0 1 1 0 1 0 1 0 1 0 0 1 0 1 0 1 1 1 0 0 0 1 0 0 1 0 0 1 0 1 0 0 0 1 1 1 0
 1 1 1 0 1 0 0 0 1 1 0 1 1 0 0 0 0 0 1 0 1 1 1 1 0 0]
[4 0 0 0 0 0 0 2 0 4 0 1 0 0 0 0 1 1 0 0 0 0 0 3 3 0 0 0 1 4 0 0 0 0 2 2 0
 0 0 4 0 4 2 0 0 0 3 3 0 0 2 4 0 0 2 4 2 3 0 4 0 2 0 0 0 3 4 0 4 0 0 3 0 1
 0 3 4 0 0 4 0 0 2 1 4 0 0 0 0 0 1 4 4 2 0 3 0 4 1 1]
[4 0 0 0 0 0 0 2 0 4 0 1 0 0 0 0 1 1 0 0 0 0 0 3 3 0 0 0 1 4 0 0 0 0 2 2 0
 0 0 4 0 4 2 0 0 0 3 3 0 0 2 4 0 0 2 4 2 3 0 4 0 2 0 0 0 3 4 0 4 0 0 3 0 1
 0 3 4 0 0 4 0 0 2 1 4 0 0 0 0 0 1 4 4 2 0 3 0 4 1 1]
[3 4 1 8 4 3 9 7 4 2 4 9 1 1 2 8 1 1 7 4 4 6 1 3 5 2 7 4 9 9 4 3 6 9 8 5 7
 3 8 1 1 6 3 3 5 4 7 3 8 2 3 4 2 5 4 7 5 4 3 7 2 8 7 9 2 1 9 9 2 4 4 8 3 4
 2 3 8 9 6 7 6 4 8 5 6 6 1 1 8 6 6 2 5 5 6 3 4 2 9 9]
[3 4 1 8 4 3 9 7 4 2 4 9 1 1 2 8 1 1 7 4 4 6 1 3 5 2 7 4 9 9 4 3 6 9 8 5 7
 3 8 1 1 6 3 3 5 4 7 3 8 2 3 4 2 5 4 7 5 4 3 7 2 8 7 9 2 1 9 9 2 4 4 8 3 4
 2 3 8 9 6 7 6 4 8 5 6 6 1 1 8 6 6 2 5 5 6 3 4 2 9 9]
[50, 21, 50, 50, 50, 45, 50, 50, 16, 50, 22, 14, 11, 23, 50, 50, 30, 40, 50, 50, 50, 50, 24, 13, 50, 50, 50, 50, 28, 28, 50, 32, 26, 50, 14, 50, 50, 50, 35, 47, 50, 13, 50, 36, 10, 25, 50, 26, 11, 50, 50, 46, 50, 50, 50, 42, 50, 50, 50, 36, 50, 50, 15, 34, 50, 25, 50, 29, 50, 42, 50, 50, 18, 50, 23, 50, 50, 50, 15, 50, 21, 50, 50, 50, 50, 42, 50, 42, 50, 49, 11, 46, 50, 28, 50, 50, 50, 36, 43, 17]
[0 0 0 0 0 0 0 0 0 0 0 0 0 0 0 0 0 0 0 0 0 0 0 0 0 0 0 0 0 0 0 0 0 0 0 0 0
 0 0 0 0 0 0 0 0 0 0 0 0 0 0 0 0 0 0 0 0 0 0 0 0 0 0 0 0 0 0 0 0 0 0 0 0 0
 0 0 0 0 0 0 0 0 0 0 0 0 0 0 0 0 0 0 0 0 0 0 0 0 0 0]
[1 1 1 1 1 1 1 1 1 1 1 1 1 1 1 1 1 1 1 1 1 1 1 1 1 1 1 1 1 1 1 1 1 1 1 1 1
 1 1 1 1 1 1 1 1 1 1 1 1 1 1 1 1 1 1 1 1 1 1 1 1 1 1 1 1 1 1 1 1 1 1 1 1 1
 1 1 1 1 1 1 1 1 1 1 1 1 1 1 1 1 1 1 1 1 1 1 1 1 1 1]
