[ 0  1  2  3  4  5  6  7  8  9 10 11 12 13 14 15 16 17 18 19 20 21 22 23
 24 25 26 27 28 29 30 31 32 33 34 35 36 37 38 39 40 41 42 43 44 45 46 47
 48 49 50 51 52 53 54 55 56 57 58 59 60 61 62 63 64 65 66 67 68 69 70 71
 72 73 74 75 76 77 78 79 80 81 82 83 84 85 86 87 88 89 90 91 92 93 94 95
 96 97 98 99]
[-1 80 -1 -1 -1 -1  8 -1 40 31 44 93 75 -1 86 25 94 72 64 27 47 96 -1 42
 65 31 -1 -1  9 49 47 17 22 60 25 86 19 12 81 -1 83 85 17 44 -1 24 50 35
 -1 83 81 99 -1 -1 83 73 66 40 25 73 -1 -1 -1 72 83 41 94 -1 95 -1 -1 36
 -1 51 73  6 -1 -1 50  0 77 22 13 -1 -1  6 24 19 72 97 95 66 10  1  1 -1
 -1 -1 -1 50]
[1 1 0 0 0 1 0 1 0 0 1 0 0 1 0 0 1 1 1 0 1 0 0 1 0 1 0 0 1 1 1 1 0 1 0 0 0
 1 1 1 0 0 0 0 0 0 1 0 1 1 1 1 0 0 0 0 0 1 0 0 0 1 1 0 1 0 0 1 0 1 1 1 1 1
 1 0 0 1 0 0 1 0 0 1 0 0 1 1 0 0 1 0 0 1 0 0 1 0 0 1]
[0 2 2 3 0 0 0 0 0 0 1 4 0 0 3 0 1 1 0 0 0 0 0 1 0 4 4 0 0 4 3 0 1 3 0 0 2
 0 0 0 0 2 0 3 4 0 2 2 3 2 0 0 0 3 2 2 0 0 0 0 2 3 4 0 1 4 1 4 4 1 1 3 1 3
 0 0 3 0 3 1 0 0 0 0 4 2 4 4 0 2 0 0 4 2 0 2 0 0 3 0]
[0 2 2 3 0 0 0 0 0 0 1 4 0 0 3 0 1 1 0 0 0 0 0 1 0 4 4 0 0 4 3 0 1 3 0 0 2
 0 0 0 0 2 0 3 4 0 2 2 3 2 0 0 0 3 2 2 0 0 0 0 2 3 4 0 1 4 1 4 4 1 1 3 1 3
 0 0 3 0 3 1 0 0 0 0 4 2 4 4 0 2 0 0 4 2 0 2 0 0 3 0]
[2 4 2 6 3 1 1 5 3 8 1 8 4 3 3 8 4 8 7 7 3 1 1 7 1 7 7 4 9 4 7 8 4 9 2 7 4
 5 1 9 4 9 8 3 4 1 6 6 1 5 2 4 6 1 1 7 5 4 5 5 5 7 7 5 7 6 6 5 1 9 7 5 9 4
 5 2 5 4 9 4 5 9 4 1 7 8 4 6 3 3 3 1 8 6 2 1 8 5 8 5]
[2 4 2 6 3 1 1 5 3 8 1 8 4 3 3 8 4 8 7 7 3 1 1 7 1 7 7 4 9 4 7 8 4 9 2 7 4
 5 1 9 4 9 8 3 4 1 6 6 1 5 2 4 6 1 1 7 5 4 5 5 5 7 7 5 7 6 6 5 1 9 7 5 9 4
 5 2 5 4 9 4 5 9 4 1 7 8 4 6 3 3 3 1 8 6 2 1 8 5 8 5]
[50, 50, 50, 25, 50, 18, 50, 50, 29, 35, 50, 50, 50, 50, 22, 43, 17, 50, 50, 50, 38, 22, 50, 29, 12, 20, 50, 22, 50, 13, 12, 50, 22, 50, 50, 36, 41, 50, 50, 23, 50, 50, 49, 27, 50, 19, 50, 42, 50, 43, 41, 34, 13, 50, 50, 38, 31, 15, 50, 24, 25, 50, 50, 50, 50, 32, 50, 14, 50, 43, 50, 50, 50, 18, 50, 29, 50, 50, 50, 50, 12, 50, 50, 50, 50, 26, 50, 27, 37, 50, 32, 50, 50, 11, 43, 46, 50, 50, 50, 50]
[0 0 0 0 0 0 0 0 0 0 0 0 0 0 0 0 0 0 0 0 0 0 0 0 0 0 0 0 0 0 0 0 0 0 0 0 0
 0 0 0 0 0 0 0 0 0 0 0 0 0 0 0 0 0 0 0 0 0 0 0 0 0 0 0 0 0 0 0 0 0 0 0 0 0
 0 0 0 0 0 0 0 0 0 0 0 0 0 0 0 0 0 0 0 0 0 0 0 0 0 0]
[1 1 1 1 1 1 1 1 1 1 1 1 1 1 1 1 1 1 1 1 1 1 1 1 1 1 1 1 1 1 1 1 1 1 1 1 1
 1 1 1 1 1 1 1 1 1 1 1 1 1 1 1 1 1 1 1 1 1 1 1 1 1 1 1 1 1 1 1 1 1 1 1 1 1
 1 1 1 1 1 1 1 1 1 1 1 1 1 1 1 1 1 1 1 1 1 1 1 1 1 1]
