[ 0  1  2  3  4  5  6  7  8  9 10 11 12 13 14 15 16 17 18 19 20 21 22 23
 24 25 26 27 28 29 30 31 32 33 34 35 36 37 38 39 40 41 42 43 44 45 46 47
 48 49 50 51 52 53 54 55 56 57 58 59 60 61 62 63 64 65 66 67 68 69 70 71
 72 73 74 75 76 77 78 79 80 81 82 83 84 85 86 87 88 89 90 91 92 93 94 95
 96 97 98 99]
[72 72 -1 -1 76 72 41 -1 91 44 -1 -1 82 14 28 95  2 28 12 -1 48 99  3 34
 25 37 93  9 84 40 -1 14 -1 85 -1 23  6 62 -1 51 -1 31 -1 97 86  9 43 -1
 -1 95 -1 55 93 11 74 40 83 28 98 -1 58 85 23 11 51 77 82 73 46 49 -1 -1
 21 -1 78 -1 27 67 -1 -1 -1 -1 17 52 11 -1 -1 -1 20 24 -1 -1 -1 28 -1 40
 74 11 -1 -1]
[0 0 1 0 0 0 0 0 0 1 1 1 0 1 0 1 1 1 1 0 1 0 1 1 1 1 1 0 0 1 1 0 1 0 1 1 1
 0 0 0 0 1 0 0 0 0 1 0 0 0 1 1 1 1 0 0 1 0 1 1 1 1 0 0 0 1 1 1 1 1 1 1 1 0
 0 0 1 1 0 1 1 1 1 1 1 0 1 0 0 1 1 0 1 1 0 1 0 1 1 1]
[1 0 3 1 2 0 3 0 2 0 0 0 0 1 1 4 0 0 2 2 0 3 4 3 3 2 0 0 0 4 0 2 0 1 0 0 3
 0 0 2 3 0 0 0 0 3 0 0 0 0 4 0 0 0 0 3 0 0 0 0 0 4 4 4 4 0 0 0 0 0 4 4 2 0
 4 4 0 0 0 0 2 4 0 0 3 2 0 0 0 0 4 0 3 0 0 0 2 0 0 2]
[1 0 3 1 2 0 3 0 2 0 0 0 0 1 1 4 0 0 2 2 0 3 4 3 3 2 0 0 0 4 0 2 0 1 0 0 3
 0 0 2 3 0 0 0 0 3 0 0 0 0 4 0 0 0 0 3 0 0 0 0 0 4 4 4 4 0 0 0 0 0 4 4 2 0
 4 4 0 0 0 0 2 4 0 0 3 2 0 0 0 0 4 0 3 0 0 0 2 0 0 2]
[5 1 8 3 2 6 8 4 4 5 5 3 2 7 1 8 3 4 2 1 1 6 3 9 7 4 1 2 4 9 3 4 3 2 2 4 3
 7 1 3 8 9 2 8 7 2 1 9 5 1 6 4 2 5 7 3 9 4 7 1 7 8 1 7 8 1 6 3 1 4 9 2 8 2
 2 9 7 5 7 2 4 9 7 1 8 4 6 8 3 9 2 3 6 4 1 8 8 4 5 1]
[5 1 8 3 2 6 8 4 4 5 5 3 2 7 1 8 3 4 2 1 1 6 3 9 7 4 1 2 4 9 3 4 3 2 2 4 3
 7 1 3 8 9 2 8 7 2 1 9 5 1 6 4 2 5 7 3 9 4 7 1 7 8 1 7 8 1 6 3 1 4 9 2 8 2
 2 9 7 5 7 2 4 9 7 1 8 4 6 8 3 9 2 3 6 4 1 8 8 4 5 1]
[40, 31, 39, 14, 50, 50, 50, 50, 50, 49, 48, 17, 50, 45, 50, 50, 50, 11, 40, 50, 26, 50, 50, 36, 23, 45, 50, 50, 23, 50, 50, 50, 50, 39, 14, 25, 45, 50, 50, 50, 50, 50, 13, 50, 23, 49, 38, 13, 50, 50, 11, 47, 50, 32, 15, 50, 50, 50, 50, 50, 50, 21, 50, 30, 50, 26, 50, 50, 50, 50, 14, 50, 33, 50, 16, 50, 50, 50, 50, 18, 33, 39, 36, 10, 34, 50, 10, 31, 50, 40, 50, 14, 50, 50, 50, 50, 50, 50, 25, 19]
[0 0 0 0 0 0 0 0 0 0 0 0 0 0 0 0 0 0 0 0 0 0 0 0 0 0 0 0 0 0 0 0 0 0 0 0 0
 0 0 0 0 0 0 0 0 0 0 0 0 0 0 0 0 0 0 0 0 0 0 0 0 0 0 0 0 0 0 0 0 0 0 0 0 0
 0 0 0 0 0 0 0 0 0 0 0 0 0 0 0 0 0 0 0 0 0 0 0 0 0 0]
[1 1 1 1 1 1 1 1 1 1 1 1 1 1 1 1 1 1 1 1 1 1 1 1 1 1 1 1 1 1 1 1 1 1 1 1 1
 1 1 1 1 1 1 1 1 1 1 1 1 1 1 1 1 1 1 1 1 1 1 1 1 1 1 1 1 1 1 1 1 1 1 1 1 1
 1 1 1 1 1 1 1 1 1 1 1 1 1 1 1 1 1 1 1 1 1 1 1 1 1 1]
