[ 0  1  2  3  4  5  6  7  8  9 10 11 12 13 14 15 16 17 18 19 20 21 22 23
 24 25 26 27 28 29 30 31 32 33 34 35 36 37 38 39 40 41 42 43 44 45 46 47
 48 49 50 51 52 53 54 55 56 57 58 59 60 61 62 63 64 65 66 67 68 69 70 71
 72 73 74 75 76 77 78 79 80 81 82 83 84 85 86 87 88 89 90 91 92 93 94 95
 96 97 98 99]
[81 94 -1  0 82 -1 -1 98 39  8 -1 -1 -1 40 19 17 19  6 -1  5 33 50 52 -1
 92 91 64 -1 -1 20 -1 64 -1 65 90  0 26 -1 -1 -1 60 68  0 92 90 -1 -1 90
  8 -1 -1  5 84 30 40 18 60 34  2 -1 25 -1 -1 44 46 27 -1 -1 -1 64 -1 66
 20 -1 65 61 64 24 65 33 43 -1  7 97 73 15 -1 74 21 67 62 -1 -1 88 -1 16
 -1 50 65 23]
[1 1 1 1 0 1 1 1 1 0 1 1 1 0 0 0 0 1 0 0 1 0 1 0 1 1 0 0 0 0 1 0 1 0 1 1 0
 0 0 1 1 1 0 0 0 1 0 1 0 1 1 1 0 1 0 0 0 0 0 1 1 0 1 0 1 0 1 0 1 0 1 1 1 1
 0 0 0 0 1 1 0 1 1 1 0 0 0 1 0 0 1 1 0 0 0 1 1 0 1 1]
[1 0 3 0 0 0 0 3 0 1 4 4 3 0 4 1 3 0 1 1 3 0 0 0 2 4 2 2 2 2 0 3 3 4 0 0 3
 4 0 2 0 0 2 0 4 0 1 1 2 2 4 0 0 0 0 0 0 2 2 0 4 0 0 0 0 4 3 1 2 0 3 0 0 2
 0 1 0 4 2 0 1 3 2 0 3 4 3 3 4 3 3 0 2 2 2 2 1 3 0 0]
[1 0 3 0 0 0 0 3 0 1 4 4 3 0 4 1 3 0 1 1 3 0 0 0 2 4 2 2 2 2 0 3 3 4 0 0 3
 4 0 2 0 0 2 0 4 0 1 1 2 2 4 0 0 0 0 0 0 2 2 0 4 0 0 0 0 4 3 1 2 0 3 0 0 2
 0 1 0 4 2 0 1 3 2 0 3 4 3 3 4 3 3 0 2 2 2 2 1 3 0 0]
[2 5 9 4 6 6 7 5 5 2 5 3 6 3 3 8 9 6 2 4 2 5 8 7 1 4 5 5 7 1 7 1 3 7 1 5 7
 9 5 5 7 6 2 2 5 1 6 7 5 8 9 9 5 4 8 4 5 7 1 2 8 5 7 2 3 2 3 7 2 4 5 2 5 5
 5 9 7 3 8 5 1 3 3 5 7 9 4 1 4 6 9 7 3 7 6 2 4 5 4 4]
[2 5 9 4 6 6 7 5 5 2 5 3 6 3 3 8 9 6 2 4 2 5 8 7 1 4 5 5 7 1 7 1 3 7 1 5 7
 9 5 5 7 6 2 2 5 1 6 7 5 8 9 9 5 4 8 4 5 7 1 2 8 5 7 2 3 2 3 7 2 4 5 2 5 5
 5 9 7 3 8 5 1 3 3 5 7 9 4 1 4 6 9 7 3 7 6 2 4 5 4 4]
[12, 50, 32, 49, 48, 50, 50, 50, 50, 50, 50, 24, 50, 50, 50, 23, 50, 50, 50, 33, 50, 26, 50, 17, 42, 25, 50, 50, 50, 50, 50, 50, 50, 41, 50, 23, 11, 11, 19, 45, 50, 21, 50, 29, 50, 50, 50, 21, 17, 38, 16, 23, 17, 33, 50, 18, 50, 36, 50, 50, 40, 50, 50, 50, 19, 11, 50, 50, 37, 50, 50, 32, 41, 50, 50, 23, 50, 23, 21, 50, 50, 27, 48, 31, 15, 50, 50, 28, 50, 33, 50, 50, 50, 50, 50, 50, 50, 21, 50, 50]
[0 0 0 0 0 0 0 0 0 0 0 0 0 0 0 0 0 0 0 0 0 0 0 0 0 0 0 0 0 0 0 0 0 0 0 0 0
 0 0 0 0 0 0 0 0 0 0 0 0 0 0 0 0 0 0 0 0 0 0 0 0 0 0 0 0 0 0 0 0 0 0 0 0 0
 0 0 0 0 0 0 0 0 0 0 0 0 0 0 0 0 0 0 0 0 0 0 0 0 0 0]
[1 1 1 1 1 1 1 1 1 1 1 1 1 1 1 1 1 1 1 1 1 1 1 1 1 1 1 1 1 1 1 1 1 1 1 1 1
 1 1 1 1 1 1 1 1 1 1 1 1 1 1 1 1 1 1 1 1 1 1 1 1 1 1 1 1 1 1 1 1 1 1 1 1 1
 1 1 1 1 1 1 1 1 1 1 1 1 1 1 1 1 1 1 1 1 1 1 1 1 1 1]
