[ 0  1  2  3  4  5  6  7  8  9 10 11 12 13 14 15 16 17 18 19 20 21 22 23
 24 25 26 27 28 29 30 31 32 33 34 35 36 37 38 39 40 41 42 43 44 45 46 47
 48 49 50 51 52 53 54 55 56 57 58 59 60 61 62 63 64 65 66 67 68 69 70 71
 72 73 74 75 76 77 78 79 80 81 82 83 84 85 86 87 88 89 90 91 92 93 94 95
 96 97 98 99]
[77 -1 14 40 -1 -1 49 85 -1 34 -1 -1 43 -1 25 -1 14 66 -1 -1 68 -1 66 -1
 -1 29 28 85 -1 73 44 -1 28 -1 40 66  3 -1 -1 -1 -1  5 50 14 -1 57 -1 -1
 88 -1 -1 -1 84 81 82 92 -1 93 78 -1 73  1 15 -1 -1 48 11 53 71 -1 -1 98
 78 91 43 59 50 -1 16 -1 28 55 -1 22 98 42 -1 12 71 -1 -1 -1 37 63 22 73
 -1 37 16 63]
[0 1 0 1 0 0 0 1 0 0 1 0 1 0 1 0 0 1 0 1 0 0 0 0 1 0 1 1 1 1 0 0 0 1 0 0 1
 1 0 0 1 0 0 1 0 1 1 1 0 0 1 1 0 1 1 1 1 1 0 0 1 0 0 0 1 0 1 0 1 1 1 1 0 1
 1 0 1 0 1 1 1 0 1 1 0 1 0 0 1 0 0 0 0 0 0 0 1 1 1 1]
[0 2 0 3 0 0 0 0 0 3 2 3 1 0 0 3 0 2 0 0 0 4 0 0 3 0 0 0 0 2 0 4 0 0 0 2 0
 0 0 0 0 0 1 0 1 2 3 2 0 2 0 2 1 1 3 0 4 0 0 1 0 4 1 2 3 3 2 0 2 0 0 0 0 0
 0 1 0 0 1 0 0 0 1 0 0 0 0 0 0 1 3 0 3 4 4 0 4 0 3 0]
[0 2 0 3 0 0 0 0 0 3 2 3 1 0 0 3 0 2 0 0 0 4 0 0 3 0 0 0 0 2 0 4 0 0 0 2 0
 0 0 0 0 0 1 0 1 2 3 2 0 2 0 2 1 1 3 0 4 0 0 1 0 4 1 2 3 3 2 0 2 0 0 0 0 0
 0 1 0 0 1 0 0 0 1 0 0 0 0 0 0 1 3 0 3 4 4 0 4 0 3 0]
[2 1 7 5 5 5 9 6 9 7 8 9 1 8 8 5 6 9 6 4 8 5 6 1 5 8 6 3 5 5 2 9 9 4 8 4 9
 9 8 2 8 6 3 2 5 6 7 8 5 4 1 4 3 1 2 6 2 4 3 6 9 6 1 9 4 5 8 1 9 3 4 7 5 3
 5 8 8 5 3 6 3 8 9 7 8 4 9 1 5 2 7 7 8 5 5 8 1 6 2 5]
[2 1 7 5 5 5 9 6 9 7 8 9 1 8 8 5 6 9 6 4 8 5 6 1 5 8 6 3 5 5 2 9 9 4 8 4 9
 9 8 2 8 6 3 2 5 6 7 8 5 4 1 4 3 1 2 6 2 4 3 6 9 6 1 9 4 5 8 1 9 3 4 7 5 3
 5 8 8 5 3 6 3 8 9 7 8 4 9 1 5 2 7 7 8 5 5 8 1 6 2 5]
[50, 26, 50, 50, 50, 32, 20, 13, 50, 36, 50, 50, 27, 48, 44, 32, 13, 50, 50, 50, 50, 33, 50, 24, 50, 50, 50, 50, 50, 50, 34, 24, 32, 50, 36, 50, 50, 16, 50, 29, 33, 50, 50, 50, 34, 10, 50, 50, 29, 45, 47, 41, 26, 17, 50, 11, 50, 50, 46, 16, 50, 50, 50, 50, 50, 50, 47, 17, 44, 43, 38, 11, 45, 44, 41, 50, 50, 31, 50, 50, 50, 50, 10, 18, 38, 15, 24, 34, 50, 50, 50, 50, 50, 50, 50, 28, 50, 18, 50, 30]
[0 0 0 0 0 0 0 0 0 0 0 0 0 0 0 0 0 0 0 0 0 0 0 0 0 0 0 0 0 0 0 0 0 0 0 0 0
 0 0 0 0 0 0 0 0 0 0 0 0 0 0 0 0 0 0 0 0 0 0 0 0 0 0 0 0 0 0 0 0 0 0 0 0 0
 0 0 0 0 0 0 0 0 0 0 0 0 0 0 0 0 0 0 0 0 0 0 0 0 0 0]
[1 1 1 1 1 1 1 1 1 1 1 1 1 1 1 1 1 1 1 1 1 1 1 1 1 1 1 1 1 1 1 1 1 1 1 1 1
 1 1 1 1 1 1 1 1 1 1 1 1 1 1 1 1 1 1 1 1 1 1 1 1 1 1 1 1 1 1 1 1 1 1 1 1 1
 1 1 1 1 1 1 1 1 1 1 1 1 1 1 1 1 1 1 1 1 1 1 1 1 1 1]
