[ 0  1  2  3  4  5  6  7  8  9 10 11 12 13 14 15 16 17 18 19 20 21 22 23
 24 25 26 27 28 29 30 31 32 33 34 35 36 37 38 39 40 41 42 43 44 45 46 47
 48 49 50 51 52 53 54 55 56 57 58 59 60 61 62 63 64 65 66 67 68 69 70 71
 72 73 74 75 76 77 78 79 80 81 82 83 84 85 86 87 88 89 90 91 92 93 94 95
 96 97 98 99]
[-1  7 -1 41 -1 -1 -1 -1 77 60  0  7 31 77 -1  7 -1 -1 74 -1 35 79 -1 59
 64  8 90 32 81 -1 -1 -1 66 57 87 93 -1  9 97  7 14  8 72 -1 -1  4 11 38
 35 57 -1 98 96 57 -1 45 14 74 48 85  0 -1 79 64 -1 -1 -1 -1 86 26 -1 73
 24  0 -1 36 83 74 15 87  2  1 -1 -1 -1 -1 24 -1 -1 45 18 92 45 -1 39 -1
 99 92 30 87]
[0 1 0 1 1 0 1 1 1 1 0 1 0 0 1 0 0 0 1 0 1 0 0 1 1 0 0 1 1 1 0 0 1 1 0 0 1
 1 0 1 0 0 1 1 1 1 1 1 1 1 1 0 0 1 1 1 1 0 0 0 1 1 1 1 0 1 1 0 0 0 1 1 1 0
 0 1 1 0 1 1 0 0 1 1 1 1 0 0 1 1 1 0 1 0 0 1 1 0 1 0]
[0 0 0 1 0 1 0 0 0 2 3 0 2 0 2 0 0 2 0 0 0 0 0 4 4 0 0 2 1 3 2 2 0 3 3 2 2
 3 0 0 3 0 1 3 4 0 0 0 1 4 1 0 1 3 2 0 2 1 0 1 0 2 0 0 0 3 1 4 1 0 0 3 0 1
 0 4 4 3 0 2 4 2 0 0 0 0 4 0 3 4 0 1 0 3 0 0 0 0 0 0]
[0 0 0 1 0 1 0 0 0 2 3 0 2 0 2 0 0 2 0 0 0 0 0 4 4 0 0 2 1 3 2 2 0 3 3 2 2
 3 0 0 3 0 1 3 4 0 0 0 1 4 1 0 1 3 2 0 2 1 0 1 0 2 0 0 0 3 1 4 1 0 0 3 0 1
 0 4 4 3 0 2 4 2 0 0 0 0 4 0 3 4 0 1 0 3 0 0 0 0 0 0]
[6 4 6 7 8 3 8 6 9 9 6 7 3 4 3 6 2 2 3 4 5 9 7 5 1 6 7 3 2 1 6 7 6 1 3 6 8
 1 4 1 2 2 9 3 7 8 5 8 8 7 8 1 2 2 6 5 2 7 3 8 5 6 5 4 6 8 4 7 7 2 4 1 3 4
 3 3 8 9 1 2 8 6 3 1 7 1 3 3 8 5 9 4 4 8 2 3 6 5 3 7]
[6 4 6 7 8 3 8 6 9 9 6 7 3 4 3 6 2 2 3 4 5 9 7 5 1 6 7 3 2 1 6 7 6 1 3 6 8
 1 4 1 2 2 9 3 7 8 5 8 8 7 8 1 2 2 6 5 2 7 3 8 5 6 5 4 6 8 4 7 7 2 4 1 3 4
 3 3 8 9 1 2 8 6 3 1 7 1 3 3 8 5 9 4 4 8 2 3 6 5 3 7]
[21, 34, 41, 50, 32, 50, 50, 35, 27, 31, 10, 50, 50, 32, 41, 21, 47, 50, 27, 50, 50, 50, 29, 50, 25, 42, 24, 50, 50, 50, 50, 18, 50, 50, 50, 50, 50, 38, 50, 50, 50, 50, 28, 50, 34, 21, 50, 50, 40, 50, 50, 44, 22, 50, 50, 27, 30, 42, 50, 50, 34, 21, 50, 50, 50, 19, 50, 19, 50, 16, 50, 50, 15, 50, 29, 32, 48, 39, 36, 50, 50, 50, 35, 25, 25, 47, 22, 41, 50, 50, 10, 21, 50, 50, 14, 50, 50, 39, 50, 50]
[0 0 0 0 0 0 0 0 0 0 0 0 0 0 0 0 0 0 0 0 0 0 0 0 0 0 0 0 0 0 0 0 0 0 0 0 0
 0 0 0 0 0 0 0 0 0 0 0 0 0 0 0 0 0 0 0 0 0 0 0 0 0 0 0 0 0 0 0 0 0 0 0 0 0
 0 0 0 0 0 0 0 0 0 0 0 0 0 0 0 0 0 0 0 0 0 0 0 0 0 0]
[1 1 1 1 1 1 1 1 1 1 1 1 1 1 1 1 1 1 1 1 1 1 1 1 1 1 1 1 1 1 1 1 1 1 1 1 1
 1 1 1 1 1 1 1 1 1 1 1 1 1 1 1 1 1 1 1 1 1 1 1 1 1 1 1 1 1 1 1 1 1 1 1 1 1
 1 1 1 1 1 1 1 1 1 1 1 1 1 1 1 1 1 1 1 1 1 1 1 1 1 1]
