[ 0  1  2  3  4  5  6  7  8  9 10 11 12 13 14 15 16 17 18 19 20 21 22 23
 24 25 26 27 28 29 30 31 32 33 34 35 36 37 38 39 40 41 42 43 44 45 46 47
 48 49 50 51 52 53 54 55 56 57 58 59 60 61 62 63 64 65 66 67 68 69 70 71
 72 73 74 75 76 77 78 79 80 81 82 83 84 85 86 87 88 89 90 91 92 93 94 95
 96 97 98 99]
[-1 76 -1 -1 10 57 -1 14 62 -1 -1 -1 96 -1 63 52 70 99 20 54 24 28 15  4
 88 -1  5 11 35 -1 96 11 26 -1 24 -1 72 56 -1  4 -1 -1 -1 45 19  1 82 33
 31 -1 31 94 92 44 -1 42 19 -1 83 -1 48 32 91  8 -1 19 80 40 46  6 18 89
 30 50 -1 27 69 26 -1 -1 75 23 78 -1 85 90 -1 14 -1 -1 98 66 44 87 87 -1
 93 27 55 76]
[0 1 1 0 0 1 0 1 1 1 1 0 0 1 0 0 1 0 1 1 0 0 1 0 1 0 1 1 0 0 0 0 0 0 0 1 1
 0 1 0 1 0 1 0 1 1 1 0 0 0 1 0 1 0 1 1 1 0 1 0 1 0 0 1 0 1 1 0 1 0 0 0 0 1
 0 1 0 1 0 0 1 1 0 1 1 1 1 0 0 1 0 1 0 0 0 1 0 1 0 0]
[1 1 2 0 0 0 0 2 1 4 4 3 0 2 0 0 0 0 1 0 0 0 2 0 1 3 0 3 0 0 4 1 1 4 1 1 0
 4 4 4 0 4 0 2 4 0 0 0 4 1 0 1 4 0 3 4 3 3 1 1 1 2 0 2 0 1 0 1 0 2 4 0 0 1
 0 0 0 0 2 1 2 0 1 3 2 1 0 4 0 1 2 4 4 3 0 1 0 2 0 2]
[1 1 2 0 0 0 0 2 1 4 4 3 0 2 0 0 0 0 1 0 0 0 2 0 1 3 0 3 0 0 4 1 1 4 1 1 0
 4 4 4 0 4 0 2 4 0 0 0 4 1 0 1 4 0 3 4 3 3 1 1 1 2 0 2 0 1 0 1 0 2 4 0 0 1
 0 0 0 0 2 1 2 0 1 3 2 1 0 4 0 1 2 4 4 3 0 1 0 2 0 2]
[3 4 1 6 9 7 7 9 5 6 7 8 8 9 5 8 5 2 2 2 9 5 4 8 7 5 1 7 7 6 9 9 9 5 6 4 1
 6 1 4 7 5 6 4 6 7 7 9 3 1 3 4 9 7 3 7 7 9 1 8 1 1 7 8 6 4 9 5 3 5 6 8 7 7
 5 9 9 4 8 2 7 9 3 7 5 7 2 1 5 5 8 9 3 3 7 1 4 8 4 2]
[3 4 1 6 9 7 7 9 5 6 7 8 8 9 5 8 5 2 2 2 9 5 4 8 7 5 1 7 7 6 9 9 9 5 6 4 1
 6 1 4 7 5 6 4 6 7 7 9 3 1 3 4 9 7 3 7 7 9 1 8 1 1 7 8 6 4 9 5 3 5 6 8 7 7
 5 9 9 4 8 2 7 9 3 7 5 7 2 1 5 5 8 9 3 3 7 1 4 8 4 2]
[42, 50, 45, 27, 50, 16, 17, 50, 49, 50, 16, 34, 50, 39, 32, 24, 50, 11, 50, 33, 50, 50, 34, 42, 50, 50, 50, 50, 34, 50, 28, 13, 50, 11, 50, 50, 50, 24, 48, 29, 50, 50, 50, 21, 45, 50, 50, 50, 50, 50, 45, 50, 50, 21, 50, 23, 50, 37, 50, 22, 50, 50, 17, 31, 42, 28, 50, 50, 50, 50, 27, 21, 31, 19, 22, 50, 50, 50, 24, 18, 50, 50, 45, 50, 50, 50, 50, 23, 14, 36, 50, 35, 35, 50, 21, 49, 50, 50, 50, 50]
[0 0 0 0 0 0 0 0 0 0 0 0 0 0 0 0 0 0 0 0 0 0 0 0 0 0 0 0 0 0 0 0 0 0 0 0 0
 0 0 0 0 0 0 0 0 0 0 0 0 0 0 0 0 0 0 0 0 0 0 0 0 0 0 0 0 0 0 0 0 0 0 0 0 0
 0 0 0 0 0 0 0 0 0 0 0 0 0 0 0 0 0 0 0 0 0 0 0 0 0 0]
[1 1 1 1 1 1 1 1 1 1 1 1 1 1 1 1 1 1 1 1 1 1 1 1 1 1 1 1 1 1 1 1 1 1 1 1 1
 1 1 1 1 1 1 1 1 1 1 1 1 1 1 1 1 1 1 1 1 1 1 1 1 1 1 1 1 1 1 1 1 1 1 1 1 1
 1 1 1 1 1 1 1 1 1 1 1 1 1 1 1 1 1 1 1 1 1 1 1 1 1 1]
