[ 0  1  2  3  4  5  6  7  8  9 10 11 12 13 14 15 16 17 18 19 20 21 22 23
 24 25 26 27 28 29 30 31 32 33 34 35 36 37 38 39 40 41 42 43 44 45 46 47
 48 49 50 51 52 53 54 55 56 57 58 59 60 61 62 63 64 65 66 67 68 69 70 71
 72 73 74 75 76 77 78 79 80 81 82 83 84 85 86 87 88 89 90 91 92 93 94 95
 96 97 98 99]
[ 5 27 39 -1 42 -1 35 66 -1 -1 14 32 -1 -1 36 35 -1 58 38 -1 25 49 56 44
 -1 -1 -1 75 -1 87 97 57 57 36  0 -1 17 -1 -1 28 98 21 -1 58 -1 87 14 27
 79 46 -1 -1 53 92  5 -1 -1 76 98 74 -1 11 23 34 -1 -1 -1 97 -1 -1 36 -1
 -1 85  5 37 68 39 20 -1 -1 15 90  3 40 -1 10 -1 81 -1 51 46 -1 -1 -1 -1
 68 32 51  9]
[0 0 0 1 1 1 0 1 1 0 1 0 0 1 0 0 1 1 0 0 1 1 1 0 0 0 0 1 0 1 0 1 1 1 0 0 0
 1 0 0 1 0 1 0 0 0 0 0 1 1 1 0 1 1 1 0 0 0 0 0 0 1 0 0 1 0 0 0 1 1 0 0 1 0
 0 1 0 1 1 0 1 0 1 0 0 0 1 0 1 1 0 0 1 0 1 1 1 0 1 1]
[0 4 1 0 1 4 0 0 0 0 2 3 1 0 0 1 0 0 1 0 0 1 0 4 0 4 0 0 3 0 0 0 2 0 3 1 0
 0 0 3 0 0 0 0 0 0 0 2 0 0 2 3 3 3 2 0 0 2 0 4 3 0 0 3 4 2 0 4 3 0 0 3 0 3
 0 1 2 0 0 0 0 4 2 0 1 0 0 0 2 3 0 4 2 0 0 0 0 1 2 0]
[0 4 1 0 1 4 0 0 0 0 2 3 1 0 0 1 0 0 1 0 0 1 0 4 0 4 0 0 3 0 0 0 2 0 3 1 0
 0 0 3 0 0 0 0 0 0 0 2 0 0 2 3 3 3 2 0 0 2 0 4 3 0 0 3 4 2 0 4 3 0 0 3 0 3
 0 1 2 0 0 0 0 4 2 0 1 0 0 0 2 3 0 4 2 0 0 0 0 1 2 0]
[5 1 3 9 7 2 4 9 3 7 2 8 4 6 3 2 8 3 4 2 2 5 9 6 6 1 6 7 7 5 5 6 5 4 3 4 2
 2 9 6 1 9 6 7 5 6 9 4 4 1 8 7 1 3 3 2 4 3 2 9 5 1 1 1 4 5 4 7 9 1 6 6 8 7
 8 3 1 1 2 8 7 2 8 2 1 9 8 4 8 9 9 4 7 8 7 9 7 6 2 1]
[5 1 3 9 7 2 4 9 3 7 2 8 4 6 3 2 8 3 4 2 2 5 9 6 6 1 6 7 7 5 5 6 5 4 3 4 2
 2 9 6 1 9 6 7 5 6 9 4 4 1 8 7 1 3 3 2 4 3 2 9 5 1 1 1 4 5 4 7 9 1 6 6 8 7
 8 3 1 1 2 8 7 2 8 2 1 9 8 4 8 9 9 4 7 8 7 9 7 6 2 1]
[14, 50, 25, 33, 50, 36, 50, 37, 50, 50, 36, 50, 50, 35, 50, 50, 35, 26, 26, 50, 32, 48, 31, 50, 38, 50, 11, 10, 50, 45, 16, 41, 32, 50, 27, 50, 44, 50, 50, 39, 16, 33, 50, 50, 46, 50, 50, 50, 50, 50, 37, 50, 16, 50, 50, 14, 50, 25, 50, 30, 48, 50, 15, 28, 16, 25, 50, 50, 12, 50, 14, 50, 32, 50, 50, 50, 26, 50, 45, 50, 39, 50, 12, 41, 50, 31, 50, 50, 11, 50, 50, 43, 50, 28, 50, 50, 50, 50, 50, 50]
[0 0 0 0 0 0 0 0 0 0 0 0 0 0 0 0 0 0 0 0 0 0 0 0 0 0 0 0 0 0 0 0 0 0 0 0 0
 0 0 0 0 0 0 0 0 0 0 0 0 0 0 0 0 0 0 0 0 0 0 0 0 0 0 0 0 0 0 0 0 0 0 0 0 0
 0 0 0 0 0 0 0 0 0 0 0 0 0 0 0 0 0 0 0 0 0 0 0 0 0 0]
[1 1 1 1 1 1 1 1 1 1 1 1 1 1 1 1 1 1 1 1 1 1 1 1 1 1 1 1 1 1 1 1 1 1 1 1 1
 1 1 1 1 1 1 1 1 1 1 1 1 1 1 1 1 1 1 1 1 1 1 1 1 1 1 1 1 1 1 1 1 1 1 1 1 1
 1 1 1 1 1 1 1 1 1 1 1 1 1 1 1 1 1 1 1 1 1 1 1 1 1 1]
