[ 0  1  2  3  4  5  6  7  8  9 10 11 12 13 14 15 16 17 18 19 20 21 22 23
 24 25 26 27 28 29 30 31 32 33 34 35 36 37 38 39 40 41 42 43 44 45 46 47
 48 49 50 51 52 53 54 55 56 57 58 59 60 61 62 63 64 65 66 67 68 69 70 71
 72 73 74 75 76 77 78 79 80 81 82 83 84 85 86 87 88 89 90 91 92 93 94 95
 96 97 98 99]
[ 3 -1 63 75 -1 -1  9 -1 -1 -1 67 -1 19 35 75 -1 -1 -1 72 64 12 33 87 91
 -1 -1 -1 64 -1 -1 -1 -1  7 65 75 54 84  7 -1 -1 37 35 44 -1 -1 90 71 -1
 -1 19 23 -1 59 56 65 -1 78  5 96 90 -1 42 -1 52 70 -1 -1 -1  8 35 -1 -1
 30 98 44 55 23 17  3 -1 -1 43 -1 -1 68 -1 51 53 46 35 -1 66 -1 -1  7 -1
 -1 -1 31 44]
[1 1 0 0 1 1 1 0 1 0 1 0 1 0 0 0 1 0 1 0 1 1 0 1 0 0 1 1 0 1 0 0 0 1 1 0 0
 1 1 1 0 0 1 0 0 0 1 0 0 1 1 1 1 1 0 0 1 1 1 1 1 1 1 0 0 0 0 0 0 0 1 0 0 0
 0 1 1 0 1 0 0 0 1 1 0 0 0 0 0 1 1 0 1 0 1 1 1 0 0 0]
[4 0 3 0 1 2 0 3 3 2 3 2 0 0 3 1 4 0 2 0 4 3 4 0 0 0 4 3 3 0 3 0 0 0 2 0 2
 0 0 1 0 0 0 2 0 0 0 1 3 3 3 0 0 2 0 0 1 2 0 0 3 4 0 0 0 2 0 0 0 3 0 4 1 0
 0 0 2 2 0 1 1 0 4 0 1 0 0 0 0 0 0 0 0 0 0 1 0 0 0 4]
[4 0 3 0 1 2 0 3 3 2 3 2 0 0 3 1 4 0 2 0 4 3 4 0 0 0 4 3 3 0 3 0 0 0 2 0 2
 0 0 1 0 0 0 2 0 0 0 1 3 3 3 0 0 2 0 0 1 2 0 0 3 4 0 0 0 2 0 0 0 3 0 4 1 0
 0 0 2 2 0 1 1 0 4 0 1 0 0 0 0 0 0 0 0 0 0 1 0 0 0 4]
[2 6 4 6 1 7 3 9 9 5 5 1 3 9 7 2 1 1 6 8 5 6 6 3 8 9 5 7 1 6 3 8 2 8 9 6 9
 2 2 6 8 1 9 2 5 8 7 5 3 1 4 5 4 3 5 1 5 1 4 5 7 9 9 1 3 5 2 6 1 1 9 9 4 7
 8 5 6 4 6 7 8 1 3 8 3 2 8 1 3 9 8 8 5 4 6 5 5 5 9 5]
[2 6 4 6 1 7 3 9 9 5 5 1 3 9 7 2 1 1 6 8 5 6 6 3 8 9 5 7 1 6 3 8 2 8 9 6 9
 2 2 6 8 1 9 2 5 8 7 5 3 1 4 5 4 3 5 1 5 1 4 5 7 9 9 1 3 5 2 6 1 1 9 9 4 7
 8 5 6 4 6 7 8 1 3 8 3 2 8 1 3 9 8 8 5 4 6 5 5 5 9 5]
[50, 50, 50, 45, 50, 48, 50, 13, 50, 50, 29, 50, 29, 50, 50, 50, 19, 50, 27, 50, 50, 12, 22, 14, 20, 20, 50, 50, 22, 38, 50, 22, 50, 50, 50, 24, 50, 13, 50, 41, 50, 50, 50, 12, 35, 16, 50, 28, 49, 26, 50, 50, 50, 12, 50, 27, 50, 50, 50, 50, 50, 50, 50, 50, 50, 24, 36, 50, 50, 15, 34, 50, 50, 31, 50, 50, 29, 50, 50, 11, 50, 30, 38, 36, 26, 46, 20, 50, 50, 50, 50, 16, 50, 27, 50, 36, 50, 32, 50, 50]
[0 0 0 0 0 0 0 0 0 0 0 0 0 0 0 0 0 0 0 0 0 0 0 0 0 0 0 0 0 0 0 0 0 0 0 0 0
 0 0 0 0 0 0 0 0 0 0 0 0 0 0 0 0 0 0 0 0 0 0 0 0 0 0 0 0 0 0 0 0 0 0 0 0 0
 0 0 0 0 0 0 0 0 0 0 0 0 0 0 0 0 0 0 0 0 0 0 0 0 0 0]
[1 1 1 1 1 1 1 1 1 1 1 1 1 1 1 1 1 1 1 1 1 1 1 1 1 1 1 1 1 1 1 1 1 1 1 1 1
 1 1 1 1 1 1 1 1 1 1 1 1 1 1 1 1 1 1 1 1 1 1 1 1 1 1 1 1 1 1 1 1 1 1 1 1 1
 1 1 1 1 1 1 1 1 1 1 1 1 1 1 1 1 1 1 1 1 1 1 1 1 1 1]
