[ 0  1  2  3  4  5  6  7  8  9 10 11 12 13 14 15 16 17 18 19 20 21 22 23
 24 25 26 27 28 29 30 31 32 33 34 35 36 37 38 39 40 41 42 43 44 45 46 47
 48 49 50 51 52 53 54 55 56 57 58 59 60 61 62 63 64 65 66 67 68 69 70 71
 72 73 74 75 76 77 78 79 80 81 82 83 84 85 86 87 88 89 90 91 92 93 94 95
 96 97 98 99]
[30 78 58 38 54 55 33 66 -1 -1 -1 -1 -1 83 -1 17 17 13 58  4 46 81  0 63
 64 39 -1 99 43 89 63 -1 -1 -1 -1 71 53 -1 -1 23 -1 -1 95 62  0  6 16 -1
 -1 10 81 -1 80 25 -1 13 15 -1 -1 -1 36 18 38 -1 67 39  2  7 21 64 64 39
 -1 40 68 92 35 63 -1 81 15 -1 24 25 37 -1 -1 77 70 83 -1 29 40  5 -1 -1
  8 -1 90 -1]
[0 1 1 1 1 1 1 1 1 1 0 1 1 1 1 0 0 0 0 0 1 0 0 0 1 1 0 1 1 1 1 1 0 0 0 0 1
 1 1 1 0 0 0 1 0 0 0 0 0 1 0 0 1 1 1 1 1 0 1 1 0 1 1 1 1 1 0 1 0 1 0 0 0 0
 0 1 0 0 1 1 0 0 0 0 0 0 0 1 0 1 1 0 0 1 0 1 0 0 0 1]
[0 1 4 2 3 1 0 0 0 0 0 2 1 0 0 4 4 1 0 0 1 1 2 0 3 0 0 3 0 0 4 4 0 0 0 0 0
 0 0 4 0 0 0 0 3 0 2 1 0 0 4 4 0 1 0 2 4 2 2 0 0 0 3 0 0 0 0 1 0 1 2 0 4 0
 1 0 2 0 0 0 2 0 0 0 4 0 0 0 3 0 4 0 3 0 0 2 4 1 0 0]
[0 1 4 2 3 1 0 0 0 0 0 2 1 0 0 4 4 1 0 0 1 1 2 0 3 0 0 3 0 0 4 4 0 0 0 0 0
 0 0 4 0 0 0 0 3 0 2 1 0 0 4 4 0 1 0 2 4 2 2 0 0 0 3 0 0 0 0 1 0 1 2 0 4 0
 1 0 2 0 0 0 2 0 0 0 4 0 0 0 3 0 4 0 3 0 0 2 4 1 0 0]
[9 3 8 1 1 3 4 9 7 8 2 9 7 5 7 5 7 6 8 4 7 3 4 1 3 7 3 5 5 8 6 3 5 1 7 6 2
 7 5 4 1 4 8 2 2 9 4 6 1 6 5 8 1 8 6 7 7 2 1 2 1 2 2 5 8 2 6 8 5 8 8 3 5 2
 7 1 7 5 6 3 9 9 4 3 3 9 1 6 6 9 1 3 2 5 8 4 9 1 8 4]
[9 3 8 1 1 3 4 9 7 8 2 9 7 5 7 5 7 6 8 4 7 3 4 1 3 7 3 5 5 8 6 3 5 1 7 6 2
 7 5 4 1 4 8 2 2 9 4 6 1 6 5 8 1 8 6 7 7 2 1 2 1 2 2 5 8 2 6 8 5 8 8 3 5 2
 7 1 7 5 6 3 9 9 4 3 3 9 1 6 6 9 1 3 2 5 8 4 9 1 8 4]
[12, 50, 14, 50, 22, 50, 50, 46, 50, 35, 50, 33, 50, 50, 50, 50, 50, 50, 13, 50, 50, 49, 19, 39, 17, 12, 50, 50, 39, 50, 33, 50, 50, 13, 50, 50, 50, 31, 50, 20, 47, 50, 50, 11, 22, 14, 41, 50, 15, 36, 45, 50, 20, 15, 50, 41, 50, 50, 46, 50, 50, 13, 12, 50, 37, 50, 14, 21, 50, 49, 50, 44, 17, 50, 50, 50, 36, 50, 50, 50, 50, 50, 50, 50, 18, 10, 50, 50, 25, 43, 50, 26, 50, 35, 50, 50, 50, 50, 50, 50]
[0 0 0 0 0 0 0 0 0 0 0 0 0 0 0 0 0 0 0 0 0 0 0 0 0 0 0 0 0 0 0 0 0 0 0 0 0
 0 0 0 0 0 0 0 0 0 0 0 0 0 0 0 0 0 0 0 0 0 0 0 0 0 0 0 0 0 0 0 0 0 0 0 0 0
 0 0 0 0 0 0 0 0 0 0 0 0 0 0 0 0 0 0 0 0 0 0 0 0 0 0]
[1 1 1 1 1 1 1 1 1 1 1 1 1 1 1 1 1 1 1 1 1 1 1 1 1 1 1 1 1 1 1 1 1 1 1 1 1
 1 1 1 1 1 1 1 1 1 1 1 1 1 1 1 1 1 1 1 1 1 1 1 1 1 1 1 1 1 1 1 1 1 1 1 1 1
 1 1 1 1 1 1 1 1 1 1 1 1 1 1 1 1 1 1 1 1 1 1 1 1 1 1]
