[ 0  1  2  3  4  5  6  7  8  9 10 11 12 13 14 15 16 17 18 19 20 21 22 23
 24 25 26 27 28 29 30 31 32 33 34 35 36 37 38 39 40 41 42 43 44 45 46 47
 48 49 50 51 52 53 54 55 56 57 58 59 60 61 62 63 64 65 66 67 68 69 70 71
 72 73 74 75 76 77 78 79 80 81 82 83 84 85 86 87 88 89 90 91 92 93 94 95
 96 97 98 99]
[69 84 -1 35 -1 -1 36 61 64 78 55 -1 31  5 50 -1  9 84 -1 27 39 15 -1 -1
 -1 -1 36 52 70 92 -1 -1  1 80 12 -1 -1 29 -1 84 41 93  9 97 -1 76 11 55
  2 43 64 -1 79 -1 93 41  1  2 -1 11 22 -1 19 53 -1 44 33 99 -1 83 -1 96
 34  0 92 58  3 -1 -1 -1 30 -1 -1 -1 -1 92 -1 19 37 -1 -1 56 -1 76 -1 17
 69 33 48 -1]
[0 0 0 0 0 1 1 1 1 1 1 0 1 1 0 1 0 0 0 0 0 1 0 1 0 1 0 1 0 0 0 1 1 1 0 1 1
 0 1 0 1 0 0 0 0 0 0 1 1 1 1 0 1 0 1 1 0 0 0 1 0 0 1 0 1 0 1 0 1 1 1 0 1 0
 0 0 1 1 0 0 1 0 1 1 0 1 1 0 1 0 0 0 1 1 1 0 0 0 0 1]
[1 0 0 0 2 0 0 0 4 3 0 0 0 0 4 0 3 0 1 0 3 0 0 0 3 3 2 0 0 2 2 0 2 0 3 4 0
 0 0 1 4 0 3 0 1 3 0 0 1 1 0 3 0 0 3 0 2 0 2 0 2 3 2 2 0 0 1 1 0 3 3 0 2 1
 2 3 4 1 0 0 0 0 4 2 3 0 4 1 2 3 3 2 3 0 0 3 0 0 1 0]
[1 0 0 0 2 0 0 0 4 3 0 0 0 0 4 0 3 0 1 0 3 0 0 0 3 3 2 0 0 2 2 0 2 0 3 4 0
 0 0 1 4 0 3 0 1 3 0 0 1 1 0 3 0 0 3 0 2 0 2 0 2 3 2 2 0 0 1 1 0 3 3 0 2 1
 2 3 4 1 0 0 0 0 4 2 3 0 4 1 2 3 3 2 3 0 0 3 0 0 1 0]
[1 2 4 2 4 1 3 1 8 2 7 8 5 2 9 1 2 7 7 7 3 2 5 5 7 8 6 2 1 1 7 7 7 7 9 7 6
 7 4 9 1 4 1 1 8 4 7 4 5 4 1 3 2 8 5 3 3 4 7 3 3 3 8 5 2 8 6 6 6 9 6 3 3 5
 6 2 5 7 8 7 7 3 5 2 5 1 4 9 5 4 4 4 2 3 4 6 1 2 1 9]
[1 2 4 2 4 1 3 1 8 2 7 8 5 2 9 1 2 7 7 7 3 2 5 5 7 8 6 2 1 1 7 7 7 7 9 7 6
 7 4 9 1 4 1 1 8 4 7 4 5 4 1 3 2 8 5 3 3 4 7 3 3 3 8 5 2 8 6 6 6 9 6 3 3 5
 6 2 5 7 8 7 7 3 5 2 5 1 4 9 5 4 4 4 2 3 4 6 1 2 1 9]
[35, 16, 50, 37, 50, 12, 50, 50, 50, 50, 14, 50, 50, 49, 43, 50, 26, 10, 50, 50, 50, 20, 50, 50, 37, 50, 50, 50, 50, 50, 12, 50, 50, 34, 50, 50, 50, 10, 50, 37, 50, 15, 25, 50, 15, 32, 50, 50, 26, 50, 48, 43, 21, 50, 50, 41, 50, 50, 50, 50, 35, 50, 49, 50, 50, 34, 20, 50, 22, 50, 50, 50, 50, 44, 11, 13, 50, 27, 18, 25, 45, 40, 35, 50, 50, 29, 50, 50, 26, 24, 50, 36, 15, 43, 50, 42, 45, 16, 50, 48]
[0 0 0 0 0 0 0 0 0 0 0 0 0 0 0 0 0 0 0 0 0 0 0 0 0 0 0 0 0 0 0 0 0 0 0 0 0
 0 0 0 0 0 0 0 0 0 0 0 0 0 0 0 0 0 0 0 0 0 0 0 0 0 0 0 0 0 0 0 0 0 0 0 0 0
 0 0 0 0 0 0 0 0 0 0 0 0 0 0 0 0 0 0 0 0 0 0 0 0 0 0]
[1 1 1 1 1 1 1 1 1 1 1 1 1 1 1 1 1 1 1 1 1 1 1 1 1 1 1 1 1 1 1 1 1 1 1 1 1
 1 1 1 1 1 1 1 1 1 1 1 1 1 1 1 1 1 1 1 1 1 1 1 1 1 1 1 1 1 1 1 1 1 1 1 1 1
 1 1 1 1 1 1 1 1 1 1 1 1 1 1 1 1 1 1 1 1 1 1 1 1 1 1]
