[ 0  1  2  3  4  5  6  7  8  9 10 11 12 13 14 15 16 17 18 19 20 21 22 23
 24 25 26 27 28 29 30 31 32 33 34 35 36 37 38 39 40 41 42 43 44 45 46 47
 48 49 50 51 52 53 54 55 56 57 58 59 60 61 62 63 64 65 66 67 68 69 70 71
 72 73 74 75 76 77 78 79 80 81 82 83 84 85 86 87 88 89 90 91 92 93 94 95
 96 97 98 99]
[-1 25 35 52 -1 49 86 -1 -1  6  8 -1 33 -1 84 -1 -1 -1 82 11 -1 -1 67 89
 73 -1 32 11 25 64 92 89 28 -1 -1 54 -1 68 61 92  8 39 -1 36 39 -1 -1 -1
 74 -1  6  7 37 -1 23 -1  8 30 93 78 83  5 -1 -1 -1 -1 -1 80 -1 50 33 51
 -1 -1 23 36 -1 98 -1 -1 75 -1 -1 -1 11 13 -1 -1 63 64 83 86 88 14 75 66
 17 55 -1 -1]
[0 1 0 0 0 0 1 0 0 1 1 0 0 0 1 0 0 0 1 1 1 0 0 1 0 0 0 0 1 0 1 0 1 1 1 1 1
 0 1 0 0 0 0 1 1 1 1 0 0 1 0 1 1 1 1 1 1 1 0 0 1 0 1 0 1 1 1 0 0 0 1 0 0 0
 1 0 0 0 1 1 1 0 0 1 0 1 1 1 0 0 1 0 1 0 0 0 0 1 1 1]
[2 1 0 0 0 0 3 4 3 2 0 0 0 0 4 4 0 2 0 0 2 4 3 2 1 4 2 0 3 1 3 1 0 3 2 0 0
 1 0 1 2 3 0 0 0 0 2 3 0 0 4 1 0 4 0 0 3 4 0 0 0 0 0 0 4 2 1 2 4 4 2 2 4 3
 3 0 0 0 0 0 4 0 1 2 4 0 1 4 3 0 0 3 0 2 1 2 0 2 4 1]
[2 1 0 0 0 0 3 4 3 2 0 0 0 0 4 4 0 2 0 0 2 4 3 2 1 4 2 0 3 1 3 1 0 3 2 0 0
 1 0 1 2 3 0 0 0 0 2 3 0 0 4 1 0 4 0 0 3 4 0 0 0 0 0 0 4 2 1 2 4 4 2 2 4 3
 3 0 0 0 0 0 4 0 1 2 4 0 1 4 3 0 0 3 0 2 1 2 0 2 4 1]
[9 1 3 7 8 9 5 6 4 6 6 1 6 4 6 4 4 4 9 1 2 4 4 6 3 3 1 1 8 8 6 6 4 5 1 6 6
 5 1 1 2 1 9 7 4 7 2 4 8 2 7 4 5 7 8 8 5 4 8 8 2 4 7 9 4 7 2 1 1 3 1 4 4 1
 6 6 2 6 2 3 7 5 9 1 4 1 4 3 8 9 1 7 1 1 5 3 5 2 2 6]
[9 1 3 7 8 9 5 6 4 6 6 1 6 4 6 4 4 4 9 1 2 4 4 6 3 3 1 1 8 8 6 6 4 5 1 6 6
 5 1 1 2 1 9 7 4 7 2 4 8 2 7 4 5 7 8 8 5 4 8 8 2 4 7 9 4 7 2 1 1 3 1 4 4 1
 6 6 2 6 2 3 7 5 9 1 4 1 4 3 8 9 1 7 1 1 5 3 5 2 2 6]
[20, 50, 50, 50, 50, 50, 17, 50, 50, 50, 50, 37, 50, 50, 11, 50, 50, 27, 19, 50, 36, 50, 35, 50, 22, 50, 50, 50, 50, 50, 50, 11, 17, 50, 30, 50, 50, 50, 26, 34, 20, 50, 19, 31, 50, 25, 50, 49, 50, 50, 36, 50, 50, 43, 28, 26, 50, 28, 23, 50, 42, 11, 50, 18, 50, 31, 50, 34, 50, 50, 50, 28, 17, 50, 30, 50, 50, 50, 50, 19, 50, 50, 32, 50, 50, 50, 26, 50, 43, 30, 15, 48, 50, 18, 17, 50, 40, 34, 47, 50]
[0 0 0 0 0 0 0 0 0 0 0 0 0 0 0 0 0 0 0 0 0 0 0 0 0 0 0 0 0 0 0 0 0 0 0 0 0
 0 0 0 0 0 0 0 0 0 0 0 0 0 0 0 0 0 0 0 0 0 0 0 0 0 0 0 0 0 0 0 0 0 0 0 0 0
 0 0 0 0 0 0 0 0 0 0 0 0 0 0 0 0 0 0 0 0 0 0 0 0 0 0]
[1 1 1 1 1 1 1 1 1 1 1 1 1 1 1 1 1 1 1 1 1 1 1 1 1 1 1 1 1 1 1 1 1 1 1 1 1
 1 1 1 1 1 1 1 1 1 1 1 1 1 1 1 1 1 1 1 1 1 1 1 1 1 1 1 1 1 1 1 1 1 1 1 1 1
 1 1 1 1 1 1 1 1 1 1 1 1 1 1 1 1 1 1 1 1 1 1 1 1 1 1]
