[ 0  1  2  3  4  5  6  7  8  9 10 11 12 13 14 15 16 17 18 19 20 21 22 23
 24 25 26 27 28 29 30 31 32 33 34 35 36 37 38 39 40 41 42 43 44 45 46 47
 48 49 50 51 52 53 54 55 56 57 58 59 60 61 62 63 64 65 66 67 68 69 70 71
 72 73 74 75 76 77 78 79 80 81 82 83 84 85 86 87 88 89 90 91 92 93 94 95
 96 97 98 99]
[-1 61 37  5 -1 24 90 -1 84 -1 37 23 31 -1 93 -1 -1 36 75 75 52 14 -1 77
 -1 -1 -1 18 58 -1 -1 20 -1 -1 -1 73 98 -1 86 -1  5 -1 -1 65 74 -1 94 -1
 36 23 58 -1 47 -1 -1 11 26  3 -1 -1 11 14 15 83 -1 90 -1 84 -1 15 89 39
 -1 -1 61  6 -1 -1 20 -1 55 77 61 -1 -1 95 32 25 44 10 -1 -1 53 -1 76 -1
 49 -1 -1 66]
[0 0 1 0 1 1 1 0 1 0 0 0 1 1 0 0 0 1 0 0 1 1 1 0 0 0 0 0 1 1 1 1 0 0 1 0 0
 1 0 0 0 1 0 1 0 1 0 1 0 1 1 1 0 0 1 0 0 1 0 0 0 1 0 1 0 0 1 1 0 0 1 0 1 1
 0 0 0 0 0 0 1 0 1 1 1 0 0 0 0 1 0 1 1 1 0 0 1 0 0 0]
[2 4 3 3 0 0 4 0 2 0 0 0 0 0 0 2 3 0 0 0 1 3 3 3 1 0 0 0 3 0 0 0 4 0 2 0 0
 3 0 0 3 0 1 0 4 1 0 4 0 2 3 0 2 0 4 3 4 0 0 0 0 0 0 2 0 4 0 3 0 0 0 0 0 2
 0 2 0 2 0 3 1 2 0 2 1 0 2 4 1 0 0 1 3 1 2 4 0 0 4 0]
[2 4 3 3 0 0 4 0 2 0 0 0 0 0 0 2 3 0 0 0 1 3 3 3 1 0 0 0 3 0 0 0 4 0 2 0 0
 3 0 0 3 0 1 0 4 1 0 4 0 2 3 0 2 0 4 3 4 0 0 0 0 0 0 2 0 4 0 3 0 0 0 0 0 2
 0 2 0 2 0 3 1 2 0 2 1 0 2 4 1 0 0 1 3 1 2 4 0 0 4 0]
[7 7 7 2 8 5 6 5 3 5 8 1 1 3 9 2 7 6 6 1 8 3 4 5 9 7 4 2 5 2 6 2 5 6 4 3 7
 5 3 1 4 1 9 6 6 6 9 7 9 1 7 6 5 2 8 7 5 2 4 3 6 8 2 1 4 3 9 9 9 5 9 5 8 6
 4 9 5 2 8 9 5 1 1 1 3 9 3 5 1 2 8 9 1 3 6 6 3 2 6 9]
[7 7 7 2 8 5 6 5 3 5 8 1 1 3 9 2 7 6 6 1 8 3 4 5 9 7 4 2 5 2 6 2 5 6 4 3 7
 5 3 1 4 1 9 6 6 6 9 7 9 1 7 6 5 2 8 7 5 2 4 3 6 8 2 1 4 3 9 9 9 5 9 5 8 6
 4 9 5 2 8 9 5 1 1 1 3 9 3 5 1 2 8 9 1 3 6 6 3 2 6 9]
[28, 50, 50, 34, 50, 16, 50, 50, 18, 45, 50, 47, 45, 16, 50, 50, 50, 14, 47, 36, 50, 50, 19, 50, 47, 50, 50, 44, 37, 50, 11, 50, 24, 22, 50, 29, 41, 14, 50, 11, 50, 50, 50, 50, 50, 50, 37, 50, 50, 27, 20, 50, 50, 44, 50, 33, 39, 50, 50, 50, 24, 23, 35, 50, 18, 50, 10, 38, 50, 34, 50, 30, 24, 50, 11, 50, 31, 50, 50, 22, 50, 50, 13, 50, 37, 50, 40, 50, 50, 48, 50, 50, 50, 50, 13, 50, 11, 50, 43, 50]
[0 0 0 0 0 0 0 0 0 0 0 0 0 0 0 0 0 0 0 0 0 0 0 0 0 0 0 0 0 0 0 0 0 0 0 0 0
 0 0 0 0 0 0 0 0 0 0 0 0 0 0 0 0 0 0 0 0 0 0 0 0 0 0 0 0 0 0 0 0 0 0 0 0 0
 0 0 0 0 0 0 0 0 0 0 0 0 0 0 0 0 0 0 0 0 0 0 0 0 0 0]
[1 1 1 1 1 1 1 1 1 1 1 1 1 1 1 1 1 1 1 1 1 1 1 1 1 1 1 1 1 1 1 1 1 1 1 1 1
 1 1 1 1 1 1 1 1 1 1 1 1 1 1 1 1 1 1 1 1 1 1 1 1 1 1 1 1 1 1 1 1 1 1 1 1 1
 1 1 1 1 1 1 1 1 1 1 1 1 1 1 1 1 1 1 1 1 1 1 1 1 1 1]
