[ 0  1  2  3  4  5  6  7  8  9 10 11 12 13 14 15 16 17 18 19 20 21 22 23
 24 25 26 27 28 29 30 31 32 33 34 35 36 37 38 39 40 41 42 43 44 45 46 47
 48 49 50 51 52 53 54 55 56 57 58 59 60 61 62 63 64 65 66 67 68 69 70 71
 72 73 74 75 76 77 78 79 80 81 82 83 84 85 86 87 88 89 90 91 92 93 94 95
 96 97 98 99]
[41 29 85 39 99 17 21 68  5 72 -1 95 45 11 64 -1 63 -1 -1 -1 -1 40 60 -1
  6 -1 -1  1 41 83 15 49 97 16 12 -1 -1 -1  9 25 55 -1  2 19 -1 -1 27  8
 41 52 58 -1 -1 97 -1 91 70 63 41  2 76 21 -1 75 31 -1 15 16 -1 98 92  0
 17 21  1 -1 38 -1 -1 12 32 54  2 34 27 39 68 82 54 11 47 -1 96 48 -1 27
 50 98 45 -1]
[0 1 0 1 0 1 1 0 0 0 0 0 0 1 0 1 0 1 0 0 1 0 0 0 0 0 0 1 1 1 0 0 0 1 1 0 1
 1 1 1 0 0 0 1 1 0 0 0 0 0 0 1 1 0 1 0 0 1 0 0 1 1 0 0 1 0 1 1 0 1 1 1 1 1
 0 1 1 1 0 1 1 0 1 1 1 1 1 1 0 0 0 0 0 1 0 1 1 1 1 0]
[0 3 0 0 1 1 4 2 0 2 1 4 0 0 2 0 0 0 2 2 2 0 2 1 0 1 2 4 0 0 1 0 0 1 0 0 0
 1 0 3 2 0 1 0 0 2 3 0 0 0 1 1 3 0 3 0 0 0 4 2 0 0 0 2 1 0 0 0 0 4 0 4 3 0
 0 0 0 2 0 4 2 0 0 3 0 1 0 0 4 2 0 3 4 1 1 0 0 4 2 0]
[0 3 0 0 1 1 4 2 0 2 1 4 0 0 2 0 0 0 2 2 2 0 2 1 0 1 2 4 0 0 1 0 0 1 0 0 0
 1 0 3 2 0 1 0 0 2 3 0 0 0 1 1 3 0 3 0 0 0 4 2 0 0 0 2 1 0 0 0 0 4 0 4 3 0
 0 0 0 2 0 4 2 0 0 3 0 1 0 0 4 2 0 3 4 1 1 0 0 4 2 0]
[2 3 2 6 1 6 9 1 2 1 5 3 7 5 9 7 9 3 8 9 9 9 6 5 2 1 7 9 5 1 1 4 1 5 8 2 6
 9 6 7 8 9 5 1 1 8 5 8 8 3 4 5 5 4 8 6 1 4 2 6 8 3 9 4 1 3 4 5 6 4 2 8 8 8
 2 2 9 8 5 4 7 5 9 1 4 4 1 8 8 8 7 6 5 7 6 9 7 2 1 3]
[2 3 2 6 1 6 9 1 2 1 5 3 7 5 9 7 9 3 8 9 9 9 6 5 2 1 7 9 5 1 1 4 1 5 8 2 6
 9 6 7 8 9 5 1 1 8 5 8 8 3 4 5 5 4 8 6 1 4 2 6 8 3 9 4 1 3 4 5 6 4 2 8 8 8
 2 2 9 8 5 4 7 5 9 1 4 4 1 8 8 8 7 6 5 7 6 9 7 2 1 3]
[40, 50, 50, 28, 13, 50, 35, 27, 50, 40, 28, 31, 49, 19, 15, 19, 50, 50, 50, 11, 35, 36, 50, 50, 50, 50, 33, 15, 41, 50, 50, 50, 50, 50, 50, 34, 50, 50, 35, 37, 50, 50, 50, 50, 50, 50, 50, 50, 50, 50, 12, 39, 43, 43, 43, 21, 50, 23, 50, 50, 26, 50, 48, 50, 37, 50, 39, 16, 50, 29, 50, 16, 50, 50, 27, 50, 21, 50, 50, 23, 50, 11, 50, 48, 31, 27, 50, 28, 48, 16, 50, 50, 50, 50, 50, 50, 40, 27, 19, 28]
[0 0 0 0 0 0 0 0 0 0 0 0 0 0 0 0 0 0 0 0 0 0 0 0 0 0 0 0 0 0 0 0 0 0 0 0 0
 0 0 0 0 0 0 0 0 0 0 0 0 0 0 0 0 0 0 0 0 0 0 0 0 0 0 0 0 0 0 0 0 0 0 0 0 0
 0 0 0 0 0 0 0 0 0 0 0 0 0 0 0 0 0 0 0 0 0 0 0 0 0 0]
[1 1 1 1 1 1 1 1 1 1 1 1 1 1 1 1 1 1 1 1 1 1 1 1 1 1 1 1 1 1 1 1 1 1 1 1 1
 1 1 1 1 1 1 1 1 1 1 1 1 1 1 1 1 1 1 1 1 1 1 1 1 1 1 1 1 1 1 1 1 1 1 1 1 1
 1 1 1 1 1 1 1 1 1 1 1 1 1 1 1 1 1 1 1 1 1 1 1 1 1 1]
