[ 0  1  2  3  4  5  6  7  8  9 10 11 12 13 14 15 16 17 18 19 20 21 22 23
 24 25 26 27 28 29 30 31 32 33 34 35 36 37 38 39 40 41 42 43 44 45 46 47
 48 49 50 51 52 53 54 55 56 57 58 59 60 61 62 63 64 65 66 67 68 69 70 71
 72 73 74 75 76 77 78 79 80 81 82 83 84 85 86 87 88 89 90 91 92 93 94 95
 96 97 98 99]
[47 -1 85 28  7  1 86 -1 99 -1 61 66 72  5 26 39 -1 11 10 -1 -1 18 32 38
 -1 78 87 98 41 93  1 35 23 88  8 98 65 -1  7 22 -1 90 -1 45 61 48 98 80
 -1 65 61 95 62 -1 70 13 54 91 81 -1  0 16 26 -1 95 -1 10  7 63 90 24 90
 44 -1 -1 33 -1  0 -1 82 23 -1 83 -1 -1 55 71 -1 16 -1 70 36 98 -1 -1 -1
 77 66  3  1]
[1 0 1 1 1 1 0 0 1 0 1 0 1 1 0 0 0 1 0 1 0 1 1 1 1 0 1 0 0 1 1 1 1 1 0 1 0
 1 1 0 0 1 0 0 0 0 0 0 1 0 0 1 0 1 0 1 0 1 1 1 1 0 1 0 1 1 1 1 0 0 1 1 0 0
 1 0 0 0 1 0 1 0 0 1 1 0 1 0 0 0 0 1 0 1 0 0 1 1 0 0]
[3 3 0 0 0 0 1 0 3 0 0 1 1 0 0 0 2 0 0 1 0 1 3 2 0 3 0 1 4 1 3 3 2 3 4 0 1
 0 4 0 1 0 1 0 1 0 4 1 2 3 0 0 0 0 2 1 0 1 0 0 0 4 0 2 0 0 0 0 0 0 4 0 2 1
 0 0 0 0 0 4 3 0 0 0 0 2 0 0 0 0 1 0 4 0 0 4 1 0 3 0]
[3 3 0 0 0 0 1 0 3 0 0 1 1 0 0 0 2 0 0 1 0 1 3 2 0 3 0 1 4 1 3 3 2 3 4 0 1
 0 4 0 1 0 1 0 1 0 4 1 2 3 0 0 0 0 2 1 0 1 0 0 0 4 0 2 0 0 0 0 0 0 4 0 2 1
 0 0 0 0 0 4 3 0 0 0 0 2 0 0 0 0 1 0 4 0 0 4 1 0 3 0]
[7 2 8 3 5 5 6 4 3 3 6 3 2 9 6 4 2 6 4 3 9 7 7 4 3 4 4 3 4 7 5 2 4 3 4 6 4
 8 6 2 7 2 7 5 4 7 5 6 3 7 3 1 3 6 9 3 4 2 3 9 2 8 9 2 4 7 1 4 4 6 6 4 5 3
 2 2 7 2 8 6 2 2 3 2 2 7 8 6 9 7 8 5 3 2 9 9 6 8 9 9]
[7 2 8 3 5 5 6 4 3 3 6 3 2 9 6 4 2 6 4 3 9 7 7 4 3 4 4 3 4 7 5 2 4 3 4 6 4
 8 6 2 7 2 7 5 4 7 5 6 3 7 3 1 3 6 9 3 4 2 3 9 2 8 9 2 4 7 1 4 4 6 6 4 5 3
 2 2 7 2 8 6 2 2 3 2 2 7 8 6 9 7 8 5 3 2 9 9 6 8 9 9]
[25, 50, 20, 50, 49, 28, 48, 50, 50, 10, 46, 47, 13, 50, 12, 46, 25, 50, 50, 16, 50, 50, 27, 27, 50, 34, 50, 40, 49, 12, 50, 50, 39, 50, 50, 26, 50, 41, 50, 50, 35, 40, 50, 50, 50, 50, 29, 50, 50, 50, 50, 50, 40, 50, 20, 50, 50, 20, 50, 49, 48, 50, 41, 50, 50, 12, 50, 26, 36, 50, 25, 50, 14, 39, 50, 50, 50, 50, 50, 29, 50, 12, 50, 19, 22, 46, 50, 14, 50, 28, 33, 50, 50, 50, 50, 10, 13, 50, 26, 44]
[0 0 0 0 0 0 0 0 0 0 0 0 0 0 0 0 0 0 0 0 0 0 0 0 0 0 0 0 0 0 0 0 0 0 0 0 0
 0 0 0 0 0 0 0 0 0 0 0 0 0 0 0 0 0 0 0 0 0 0 0 0 0 0 0 0 0 0 0 0 0 0 0 0 0
 0 0 0 0 0 0 0 0 0 0 0 0 0 0 0 0 0 0 0 0 0 0 0 0 0 0]
[1 1 1 1 1 1 1 1 1 1 1 1 1 1 1 1 1 1 1 1 1 1 1 1 1 1 1 1 1 1 1 1 1 1 1 1 1
 1 1 1 1 1 1 1 1 1 1 1 1 1 1 1 1 1 1 1 1 1 1 1 1 1 1 1 1 1 1 1 1 1 1 1 1 1
 1 1 1 1 1 1 1 1 1 1 1 1 1 1 1 1 1 1 1 1 1 1 1 1 1 1]
