[ 0  1  2  3  4  5  6  7  8  9 10 11 12 13 14 15 16 17 18 19 20 21 22 23
 24 25 26 27 28 29 30 31 32 33 34 35 36 37 38 39 40 41 42 43 44 45 46 47
 48 49 50 51 52 53 54 55 56 57 58 59 60 61 62 63 64 65 66 67 68 69 70 71
 72 73 74 75 76 77 78 79 80 81 82 83 84 85 86 87 88 89 90 91 92 93 94 95
 96 97 98 99]
[ 4 60 -1 71 -1 97 -1 98 40 -1 95 48 53 47 50 40 -1 90 -1 72 62 -1 28 -1
 -1 -1 73 22 92 -1 24 -1 39 67 95 99 75 96 11 93 64 -1 65 50  3 56  0 -1
 75 12 13  4 87 -1 91 95 -1 39  1 36 -1 -1 -1 -1 48 -1  2 18 43 -1 10 50
  5 83 -1 44 -1 -1 82 73 -1 -1 -1 -1 83 -1 -1 56 -1 76 40 21 70 -1 19 -1
 73 98 -1 20]
[0 0 1 0 1 0 1 0 1 1 1 1 1 0 0 1 1 1 1 1 0 1 1 0 1 1 0 0 0 1 1 0 0 1 0 1 1
 1 0 0 1 0 0 1 1 0 1 0 1 1 0 1 1 0 0 0 0 1 1 0 1 1 1 1 1 0 1 0 0 0 0 1 1 1
 1 1 1 0 1 1 0 1 1 1 0 0 1 1 1 0 1 1 1 1 0 1 1 1 0 1]
[3 0 2 3 0 0 0 0 4 1 0 0 0 0 0 3 0 0 3 4 2 4 0 0 2 0 0 0 0 3 1 0 0 0 0 0 2
 0 4 0 2 3 0 0 0 0 0 2 2 2 3 0 1 2 0 4 0 2 0 3 1 0 1 1 0 0 3 0 0 0 3 3 0 0
 3 0 1 3 3 3 4 0 0 3 3 0 2 0 2 0 3 0 0 3 0 2 0 4 0 0]
[3 0 2 3 0 0 0 0 4 1 0 0 0 0 0 3 0 0 3 4 2 4 0 0 2 0 0 0 0 3 1 0 0 0 0 0 2
 0 4 0 2 3 0 0 0 0 0 2 2 2 3 0 1 2 0 4 0 2 0 3 1 0 1 1 0 0 3 0 0 0 3 3 0 0
 3 0 1 3 3 3 4 0 0 3 3 0 2 0 2 0 3 0 0 3 0 2 0 4 0 0]
[3 4 8 8 8 4 5 4 1 5 4 7 4 2 2 7 9 9 3 1 9 3 5 4 7 9 2 2 6 5 6 9 6 5 1 7 5
 7 9 1 7 9 5 4 8 6 8 7 3 6 9 4 9 9 2 8 5 9 9 6 9 4 1 3 3 7 1 7 3 4 3 6 9 3
 9 8 4 5 8 2 1 7 9 7 3 6 5 6 6 8 5 5 1 5 6 7 4 9 9 6]
[3 4 8 8 8 4 5 4 1 5 4 7 4 2 2 7 9 9 3 1 9 3 5 4 7 9 2 2 6 5 6 9 6 5 1 7 5
 7 9 1 7 9 5 4 8 6 8 7 3 6 9 4 9 9 2 8 5 9 9 6 9 4 1 3 3 7 1 7 3 4 3 6 9 3
 9 8 4 5 8 2 1 7 9 7 3 6 5 6 6 8 5 5 1 5 6 7 4 9 9 6]
[50, 43, 50, 50, 28, 48, 21, 35, 50, 50, 50, 24, 44, 50, 26, 50, 50, 37, 50, 50, 41, 50, 38, 30, 50, 50, 10, 39, 23, 50, 37, 50, 50, 49, 50, 50, 50, 34, 14, 38, 19, 50, 43, 38, 32, 50, 50, 31, 50, 50, 16, 18, 20, 18, 50, 50, 50, 19, 50, 40, 44, 50, 50, 29, 50, 44, 50, 33, 39, 31, 19, 30, 50, 25, 50, 48, 50, 19, 36, 50, 21, 50, 43, 50, 21, 50, 50, 27, 50, 50, 42, 32, 12, 46, 31, 50, 50, 50, 25, 50]
[0 0 0 0 0 0 0 0 0 0 0 0 0 0 0 0 0 0 0 0 0 0 0 0 0 0 0 0 0 0 0 0 0 0 0 0 0
 0 0 0 0 0 0 0 0 0 0 0 0 0 0 0 0 0 0 0 0 0 0 0 0 0 0 0 0 0 0 0 0 0 0 0 0 0
 0 0 0 0 0 0 0 0 0 0 0 0 0 0 0 0 0 0 0 0 0 0 0 0 0 0]
[1 1 1 1 1 1 1 1 1 1 1 1 1 1 1 1 1 1 1 1 1 1 1 1 1 1 1 1 1 1 1 1 1 1 1 1 1
 1 1 1 1 1 1 1 1 1 1 1 1 1 1 1 1 1 1 1 1 1 1 1 1 1 1 1 1 1 1 1 1 1 1 1 1 1
 1 1 1 1 1 1 1 1 1 1 1 1 1 1 1 1 1 1 1 1 1 1 1 1 1 1]
