[ 0  1  2  3  4  5  6  7  8  9 10 11 12 13 14 15 16 17 18 19 20 21 22 23
 24 25 26 27 28 29 30 31 32 33 34 35 36 37 38 39 40 41 42 43 44 45 46 47
 48 49 50 51 52 53 54 55 56 57 58 59 60 61 62 63 64 65 66 67 68 69 70 71
 72 73 74 75 76 77 78 79 80 81 82 83 84 85 86 87 88 89 90 91 92 93 94 95
 96 97 98 99]
[23 12 81 46 67 74 89 -1 92 58 -1 -1 -1 25  0 -1 -1 56 65 89 27 -1 -1  9
 50 59 -1 -1 95 -1 79 21 23 -1 -1 32 50 39 34 96 52 79 -1 84 -1 43 -1 68
 75 -1 -1 -1 -1 73 53 60 16 16 -1 -1 37 -1 45 -1  2 47 -1 36 -1 74 13 60
 -1 -1 75 -1 -1 87 49 -1 15 87 -1 -1 -1 -1  9 74 23 82 -1 -1 -1  2 90 83
  4 12 -1 -1]
[1 0 1 1 1 0 1 1 1 1 0 1 0 0 0 0 0 1 1 0 1 1 0 0 0 0 1 1 0 0 0 1 0 0 1 0 0
 1 0 0 0 0 0 0 1 0 0 0 0 1 0 0 1 1 0 1 0 1 0 1 1 0 1 1 0 1 0 1 1 1 1 1 0 1
 1 0 1 1 1 0 1 0 0 0 0 1 1 0 0 1 1 1 0 1 0 1 0 1 0 0]
[2 4 0 4 0 0 0 0 0 0 4 0 3 0 4 0 4 4 2 0 0 1 0 0 0 1 3 1 0 0 0 2 0 4 0 2 0
 0 0 4 3 0 1 1 0 4 0 4 2 3 0 0 3 0 3 0 2 3 1 0 0 3 0 3 0 0 0 0 0 4 3 0 1 0
 0 1 0 0 0 3 2 3 4 4 0 2 0 1 2 0 0 2 0 0 0 0 2 0 3 0]
[2 4 0 4 0 0 0 0 0 0 4 0 3 0 4 0 4 4 2 0 0 1 0 0 0 1 3 1 0 0 0 2 0 4 0 2 0
 0 0 4 3 0 1 1 0 4 0 4 2 3 0 0 3 0 3 0 2 3 1 0 0 3 0 3 0 0 0 0 0 4 3 0 1 0
 0 1 0 0 0 3 2 3 4 4 0 2 0 1 2 0 0 2 0 0 0 0 2 0 3 0]
[6 7 7 9 6 5 5 7 4 1 7 9 7 4 8 2 4 1 4 3 8 8 6 5 9 1 3 1 1 2 9 8 4 2 6 4 7
 8 7 3 5 4 8 1 2 4 8 3 3 9 3 3 1 8 4 3 4 3 2 8 5 9 8 8 1 5 5 7 5 2 7 3 2 8
 2 7 6 6 1 1 4 9 5 1 5 5 8 9 2 7 7 8 9 8 3 4 1 5 5 9]
[6 7 7 9 6 5 5 7 4 1 7 9 7 4 8 2 4 1 4 3 8 8 6 5 9 1 3 1 1 2 9 8 4 2 6 4 7
 8 7 3 5 4 8 1 2 4 8 3 3 9 3 3 1 8 4 3 4 3 2 8 5 9 8 8 1 5 5 7 5 2 7 3 2 8
 2 7 6 6 1 1 4 9 5 1 5 5 8 9 2 7 7 8 9 8 3 4 1 5 5 9]
[42, 35, 16, 35, 50, 41, 50, 40, 50, 50, 50, 21, 27, 50, 50, 50, 18, 50, 50, 33, 39, 50, 10, 11, 50, 42, 50, 49, 20, 41, 26, 18, 15, 50, 50, 50, 50, 13, 50, 50, 39, 50, 50, 27, 50, 50, 50, 20, 50, 50, 33, 50, 50, 50, 31, 50, 23, 28, 38, 50, 50, 45, 50, 50, 18, 24, 28, 50, 38, 50, 50, 50, 50, 50, 21, 50, 38, 50, 26, 10, 50, 38, 50, 16, 50, 50, 31, 22, 39, 38, 50, 50, 50, 27, 50, 29, 50, 37, 50, 44]
[0 0 0 0 0 0 0 0 0 0 0 0 0 0 0 0 0 0 0 0 0 0 0 0 0 0 0 0 0 0 0 0 0 0 0 0 0
 0 0 0 0 0 0 0 0 0 0 0 0 0 0 0 0 0 0 0 0 0 0 0 0 0 0 0 0 0 0 0 0 0 0 0 0 0
 0 0 0 0 0 0 0 0 0 0 0 0 0 0 0 0 0 0 0 0 0 0 0 0 0 0]
[1 1 1 1 1 1 1 1 1 1 1 1 1 1 1 1 1 1 1 1 1 1 1 1 1 1 1 1 1 1 1 1 1 1 1 1 1
 1 1 1 1 1 1 1 1 1 1 1 1 1 1 1 1 1 1 1 1 1 1 1 1 1 1 1 1 1 1 1 1 1 1 1 1 1
 1 1 1 1 1 1 1 1 1 1 1 1 1 1 1 1 1 1 1 1 1 1 1 1 1 1]
