[ 0  1  2  3  4  5  6  7  8  9 10 11 12 13 14 15 16 17 18 19 20 21 22 23
 24 25 26 27 28 29 30 31 32 33 34 35 36 37 38 39 40 41 42 43 44 45 46 47
 48 49 50 51 52 53 54 55 56 57 58 59 60 61 62 63 64 65 66 67 68 69 70 71
 72 73 74 75 76 77 78 79 80 81 82 83 84 85 86 87 88 89 90 91 92 93 94 95
 96 97 98 99]
[-1 -1 -1 50 35 54 28 -1 -1 36 16 -1 -1  1 83  7  6 47 86 -1 43 53 93 53
 57 -1 -1 -1 77 -1 40 -1 27 18 -1 -1 -1 -1 48 88 -1 78 15 78 -1 51 40 79
 50 76 71 11 23 55 17 33 -1 -1 38 -1 -1 -1  1  5 -1 91 78 70 20 -1 -1 -1
 93 42 -1  5 19 20 73 25 -1 30 84 95 -1 97  0 -1 -1 97 36 24 36 82 49 26
 71 13 41 -1]
[0 1 0 0 0 1 0 0 1 1 1 0 0 0 1 0 0 1 1 1 1 0 1 0 1 1 0 1 0 0 0 1 0 1 1 0 0
 0 1 1 0 1 0 1 1 0 0 1 1 1 1 0 1 0 0 1 0 0 0 0 0 1 0 1 0 1 0 1 1 0 0 1 0 0
 0 0 0 1 0 0 0 1 0 0 1 0 0 1 1 1 1 0 0 1 0 1 1 1 0 0]
[2 3 0 0 0 2 0 1 1 0 2 2 4 2 4 3 4 2 3 0 2 0 0 2 0 3 0 0 0 4 0 0 0 2 0 0 4
 2 3 3 0 0 0 2 0 1 0 0 1 3 0 0 1 0 0 0 2 0 0 1 0 1 2 1 1 3 4 0 0 1 0 0 1 2
 4 4 0 2 0 3 3 0 3 0 2 4 2 3 2 2 3 0 0 0 4 2 0 0 0 1]
[2 3 0 0 0 2 0 1 1 0 2 2 4 2 4 3 4 2 3 0 2 0 0 2 0 3 0 0 0 4 0 0 0 2 0 0 4
 2 3 3 0 0 0 2 0 1 0 0 1 3 0 0 1 0 0 0 2 0 0 1 0 1 2 1 1 3 4 0 0 1 0 0 1 2
 4 4 0 2 0 3 3 0 3 0 2 4 2 3 2 2 3 0 0 0 4 2 0 0 0 1]
[5 3 6 7 5 9 7 9 2 2 6 3 3 7 6 9 8 2 8 1 6 1 3 4 2 4 7 3 3 5 4 5 9 9 9 5 7
 1 7 8 7 2 6 8 3 3 4 2 3 9 7 4 1 9 7 3 3 7 2 9 4 2 3 9 2 9 3 9 7 9 2 4 8 6
 1 4 7 2 5 1 3 7 8 4 2 2 5 8 1 2 6 3 8 9 3 7 8 5 4 7]
[5 3 6 7 5 9 7 9 2 2 6 3 3 7 6 9 8 2 8 1 6 1 3 4 2 4 7 3 3 5 4 5 9 9 9 5 7
 1 7 8 7 2 6 8 3 3 4 2 3 9 7 4 1 9 7 3 3 7 2 9 4 2 3 9 2 9 3 9 7 9 2 4 8 6
 1 4 7 2 5 1 3 7 8 4 2 2 5 8 1 2 6 3 8 9 3 7 8 5 4 7]
[36, 50, 26, 50, 50, 22, 47, 50, 15, 37, 31, 50, 50, 50, 37, 47, 50, 50, 45, 50, 50, 50, 50, 34, 34, 14, 31, 38, 50, 50, 29, 41, 50, 46, 22, 50, 16, 17, 18, 31, 50, 28, 31, 18, 27, 50, 38, 50, 48, 29, 50, 50, 12, 50, 50, 39, 50, 19, 50, 50, 50, 33, 44, 50, 50, 50, 29, 20, 50, 24, 27, 50, 50, 43, 50, 50, 50, 20, 50, 50, 41, 16, 23, 50, 50, 14, 10, 48, 50, 50, 47, 47, 45, 50, 50, 50, 50, 16, 50, 50]
[0 0 0 0 0 0 0 0 0 0 0 0 0 0 0 0 0 0 0 0 0 0 0 0 0 0 0 0 0 0 0 0 0 0 0 0 0
 0 0 0 0 0 0 0 0 0 0 0 0 0 0 0 0 0 0 0 0 0 0 0 0 0 0 0 0 0 0 0 0 0 0 0 0 0
 0 0 0 0 0 0 0 0 0 0 0 0 0 0 0 0 0 0 0 0 0 0 0 0 0 0]
[1 1 1 1 1 1 1 1 1 1 1 1 1 1 1 1 1 1 1 1 1 1 1 1 1 1 1 1 1 1 1 1 1 1 1 1 1
 1 1 1 1 1 1 1 1 1 1 1 1 1 1 1 1 1 1 1 1 1 1 1 1 1 1 1 1 1 1 1 1 1 1 1 1 1
 1 1 1 1 1 1 1 1 1 1 1 1 1 1 1 1 1 1 1 1 1 1 1 1 1 1]
