[ 0  1  2  3  4  5  6  7  8  9 10 11 12 13 14 15 16 17 18 19 20 21 22 23
 24 25 26 27 28 29 30 31 32 33 34 35 36 37 38 39 40 41 42 43 44 45 46 47
 48 49 50 51 52 53 54 55 56 57 58 59 60 61 62 63 64 65 66 67 68 69 70 71
 72 73 74 75 76 77 78 79 80 81 82 83 84 85 86 87 88 89 90 91 92 93 94 95
 96 97 98 99]
[38 -1 31 31 34 -1 -1 -1 -1 41 83 81 65 77 62 95 -1 51 -1 -1 -1 61 -1 -1
 -1 79 -1 -1  5 83 97 -1 -1 -1 -1 28 -1 -1 -1 -1 80 38 66 54 -1 80 -1 21
 57 -1  5 -1 -1 59 47 83 41 27  1 -1 30 -1 15 -1  8 -1 57  7 66 67 39 -1
 95 -1  0 -1 -1 12 80 16 39 -1 71 44 85 35 -1 76 79 -1 -1 41 -1 71 -1 32
 -1  2 54 96]
[0 1 0 1 0 0 0 0 0 1 1 0 1 0 0 0 1 0 1 0 0 0 0 1 0 0 0 0 0 0 1 0 0 0 1 0 1
 1 0 1 1 1 0 1 0 1 0 1 1 0 1 1 1 1 1 0 0 1 1 1 0 1 1 0 1 0 1 0 0 1 0 0 0 1
 0 1 1 0 1 1 1 1 1 0 1 0 0 1 1 1 0 0 1 0 1 0 0 0 1 0]
[0 4 0 4 1 2 0 1 1 1 2 4 1 0 1 1 1 0 0 2 0 0 0 2 2 0 2 0 1 0 1 0 4 0 0 3 0
 0 0 0 0 3 0 4 0 1 0 2 1 0 0 0 2 0 0 0 0 0 0 1 0 2 0 0 0 0 0 4 4 0 3 0 3 4
 1 0 0 4 0 0 2 3 3 0 0 0 2 0 0 1 3 0 2 4 3 2 2 2 0 4]
[0 4 0 4 1 2 0 1 1 1 2 4 1 0 1 1 1 0 0 2 0 0 0 2 2 0 2 0 1 0 1 0 4 0 0 3 0
 0 0 0 0 3 0 4 0 1 0 2 1 0 0 0 2 0 0 0 0 0 0 1 0 2 0 0 0 0 0 4 4 0 3 0 3 4
 1 0 0 4 0 0 2 3 3 0 0 0 2 0 0 1 3 0 2 4 3 2 2 2 0 4]
[9 4 5 3 7 6 8 2 7 4 1 3 5 4 5 9 5 1 9 3 5 5 7 4 5 6 6 5 3 7 6 3 3 5 1 2 6
 2 6 6 2 9 3 7 1 7 6 2 5 4 8 8 2 8 2 1 9 5 5 8 3 3 1 3 4 3 4 7 9 5 5 3 1 2
 5 1 7 4 6 5 6 5 7 2 5 3 1 5 6 6 7 8 2 3 9 5 7 2 9 9]
[9 4 5 3 7 6 8 2 7 4 1 3 5 4 5 9 5 1 9 3 5 5 7 4 5 6 6 5 3 7 6 3 3 5 1 2 6
 2 6 6 2 9 3 7 1 7 6 2 5 4 8 8 2 8 2 1 9 5 5 8 3 3 1 3 4 3 4 7 9 5 5 3 1 2
 5 1 7 4 6 5 6 5 7 2 5 3 1 5 6 6 7 8 2 3 9 5 7 2 9 9]
[41, 50, 15, 21, 50, 45, 41, 28, 50, 20, 50, 50, 50, 46, 24, 50, 50, 33, 50, 50, 28, 50, 50, 16, 39, 50, 50, 10, 37, 27, 50, 50, 50, 50, 15, 45, 46, 50, 30, 13, 50, 33, 50, 50, 12, 50, 32, 33, 32, 40, 43, 34, 50, 50, 11, 50, 16, 50, 50, 50, 50, 34, 43, 50, 50, 50, 50, 10, 28, 32, 45, 18, 43, 20, 50, 50, 46, 50, 50, 50, 50, 50, 13, 24, 23, 50, 50, 30, 19, 50, 41, 50, 45, 50, 41, 50, 50, 50, 50, 39]
[0 0 0 0 0 0 0 0 0 0 0 0 0 0 0 0 0 0 0 0 0 0 0 0 0 0 0 0 0 0 0 0 0 0 0 0 0
 0 0 0 0 0 0 0 0 0 0 0 0 0 0 0 0 0 0 0 0 0 0 0 0 0 0 0 0 0 0 0 0 0 0 0 0 0
 0 0 0 0 0 0 0 0 0 0 0 0 0 0 0 0 0 0 0 0 0 0 0 0 0 0]
[1 1 1 1 1 1 1 1 1 1 1 1 1 1 1 1 1 1 1 1 1 1 1 1 1 1 1 1 1 1 1 1 1 1 1 1 1
 1 1 1 1 1 1 1 1 1 1 1 1 1 1 1 1 1 1 1 1 1 1 1 1 1 1 1 1 1 1 1 1 1 1 1 1 1
 1 1 1 1 1 1 1 1 1 1 1 1 1 1 1 1 1 1 1 1 1 1 1 1 1 1]
