[ 0  1  2  3  4  5  6  7  8  9 10 11 12 13 14 15 16 17 18 19 20 21 22 23
 24 25 26 27 28 29 30 31 32 33 34 35 36 37 38 39 40 41 42 43 44 45 46 47
 48 49 50 51 52 53 54 55 56 57 58 59 60 61 62 63 64 65 66 67 68 69 70 71
 72 73 74 75 76 77 78 79 80 81 82 83 84 85 86 87 88 89 90 91 92 93 94 95
 96 97 98 99]
[-1 -1 -1 97  6 17 25 75 41 -1 79 58 91 29 39 -1 15 -1 -1  7 -1 44 79 -1
 72  5 34 78 -1 16 38 -1 66 -1 12 53 11 11 -1 88 22 30 93 -1 94 -1 39 83
 40 -1 -1 46 85 -1 62 -1  9  3 68 90 -1 24 -1 -1 -1 40 -1 -1 16 -1 76 -1
 38 -1 30 -1 -1 78 -1 33  9 14 28 92 -1 74 -1 25 -1 12 -1 -1 61 60 27 70
 87 -1 18 -1]
[1 0 1 1 1 0 1 0 0 1 0 0 1 0 1 1 1 1 0 1 1 0 0 1 0 0 0 0 1 1 0 0 0 1 1 1 1
 0 0 1 0 1 0 1 0 1 1 0 0 0 0 1 1 0 0 0 0 1 1 1 0 1 0 0 0 0 1 0 1 1 1 0 1 0
 0 0 0 1 1 0 0 0 1 1 1 1 1 1 0 1 1 0 0 0 0 1 1 0 0 0]
[0 0 4 3 0 0 1 4 0 1 0 0 1 0 0 0 4 0 3 0 0 0 0 0 4 0 0 1 1 4 1 3 0 3 0 0 0
 0 1 0 0 0 1 2 1 0 0 0 2 0 0 0 0 0 1 0 2 2 0 2 0 0 3 0 1 0 3 1 1 1 3 0 0 4
 0 0 3 1 3 0 0 4 1 4 2 4 3 3 0 0 0 0 0 4 3 3 2 3 0 4]
[0 0 4 3 0 0 1 4 0 1 0 0 1 0 0 0 4 0 3 0 0 0 0 0 4 0 0 1 1 4 1 3 0 3 0 0 0
 0 1 0 0 0 1 2 1 0 0 0 2 0 0 0 0 0 1 0 2 2 0 2 0 0 3 0 1 0 3 1 1 1 3 0 0 4
 0 0 3 1 3 0 0 4 1 4 2 4 3 3 0 0 0 0 0 4 3 3 2 3 0 4]
[3 8 1 7 4 7 5 8 1 3 8 6 6 9 2 7 7 7 5 5 3 3 1 7 6 8 9 1 9 6 7 6 2 6 6 7 4
 4 2 3 8 3 2 2 6 3 7 8 5 4 1 6 4 9 3 7 2 4 7 1 3 7 5 2 8 1 2 8 2 6 9 9 8 9
 3 6 9 7 7 6 8 4 5 1 7 4 2 7 9 5 8 2 1 7 4 7 1 5 8 2]
[3 8 1 7 4 7 5 8 1 3 8 6 6 9 2 7 7 7 5 5 3 3 1 7 6 8 9 1 9 6 7 6 2 6 6 7 4
 4 2 3 8 3 2 2 6 3 7 8 5 4 1 6 4 9 3 7 2 4 7 1 3 7 5 2 8 1 2 8 2 6 9 9 8 9
 3 6 9 7 7 6 8 4 5 1 7 4 2 7 9 5 8 2 1 7 4 7 1 5 8 2]
[50, 24, 36, 40, 27, 47, 47, 50, 39, 26, 50, 50, 50, 50, 50, 40, 21, 28, 32, 11, 50, 27, 36, 11, 35, 50, 47, 44, 30, 50, 35, 50, 35, 30, 32, 10, 50, 50, 32, 50, 23, 50, 49, 50, 50, 39, 19, 20, 17, 50, 48, 26, 50, 50, 50, 23, 50, 50, 50, 42, 14, 50, 36, 32, 49, 39, 48, 22, 50, 45, 50, 50, 50, 50, 47, 50, 32, 25, 50, 12, 50, 41, 25, 50, 18, 50, 50, 50, 50, 50, 50, 28, 50, 16, 50, 49, 50, 47, 50, 47]
[0 0 0 0 0 0 0 0 0 0 0 0 0 0 0 0 0 0 0 0 0 0 0 0 0 0 0 0 0 0 0 0 0 0 0 0 0
 0 0 0 0 0 0 0 0 0 0 0 0 0 0 0 0 0 0 0 0 0 0 0 0 0 0 0 0 0 0 0 0 0 0 0 0 0
 0 0 0 0 0 0 0 0 0 0 0 0 0 0 0 0 0 0 0 0 0 0 0 0 0 0]
[1 1 1 1 1 1 1 1 1 1 1 1 1 1 1 1 1 1 1 1 1 1 1 1 1 1 1 1 1 1 1 1 1 1 1 1 1
 1 1 1 1 1 1 1 1 1 1 1 1 1 1 1 1 1 1 1 1 1 1 1 1 1 1 1 1 1 1 1 1 1 1 1 1 1
 1 1 1 1 1 1 1 1 1 1 1 1 1 1 1 1 1 1 1 1 1 1 1 1 1 1]
