[ 0  1  2  3  4  5  6  7  8  9 10 11 12 13 14 15 16 17 18 19 20 21 22 23
 24 25 26 27 28 29 30 31 32 33 34 35 36 37 38 39 40 41 42 43 44 45 46 47
 48 49 50 51 52 53 54 55 56 57 58 59 60 61 62 63 64 65 66 67 68 69 70 71
 72 73 74 75 76 77 78 79 80 81 82 83 84 85 86 87 88 89 90 91 92 93 94 95
 96 97 98 99]
[17 40 95 49 13 34 -1 57 83 -1 13  3 -1 37 -1 83 39 -1 68 71 81 13 -1 31
 -1 -1 15 36 14 91 71 91 -1 -1 -1 86 63 -1 39 41 44 -1 78 -1 72 -1 30 23
 13 21 17 13 25 52  5 50  7  6 80 87 14 -1 -1 -1 32 29 51 23 -1 15 58 -1
 48 -1 92 -1 27 95 -1 88 63 24 86 98 67 43 76 12 -1 75 -1 73 68 37  8 -1
 85 56 40 32]
[1 0 0 1 0 1 0 0 0 1 1 1 1 0 1 1 1 1 0 0 0 0 0 1 1 1 0 0 1 1 1 1 1 0 1 0 0
 1 0 0 0 0 1 0 0 0 1 1 1 0 1 0 1 1 1 1 1 1 0 1 1 1 0 1 0 0 0 0 0 0 1 1 0 0
 0 1 1 0 1 1 0 1 0 0 1 1 0 1 0 1 0 1 1 0 1 0 0 1 1 1]
[0 0 3 0 3 2 4 2 0 0 0 1 2 4 0 0 2 0 0 1 0 0 0 3 0 0 0 1 1 1 0 1 1 3 1 0 0
 2 0 0 0 0 0 2 0 2 0 0 0 0 2 0 0 2 0 4 0 2 0 4 0 4 0 4 0 4 0 0 0 4 3 0 3 0
 2 2 1 2 0 2 4 0 2 1 0 0 3 0 2 2 3 3 0 0 4 0 4 0 0 0]
[0 0 3 0 3 2 4 2 0 0 0 1 2 4 0 0 2 0 0 1 0 0 0 3 0 0 0 1 1 1 0 1 1 3 1 0 0
 2 0 0 0 0 0 2 0 2 0 0 0 0 2 0 0 2 0 4 0 2 0 4 0 4 0 4 0 4 0 0 0 4 3 0 3 0
 2 2 1 2 0 2 4 0 2 1 0 0 3 0 2 2 3 3 0 0 4 0 4 0 0 0]
[6 6 8 5 8 3 6 2 8 2 8 6 1 6 8 7 7 6 6 6 8 4 8 6 9 3 7 5 7 6 9 7 1 4 6 5 3
 5 5 3 6 1 5 9 2 9 4 1 2 9 7 9 2 6 2 3 6 1 7 2 9 9 7 3 8 3 5 6 5 3 5 8 6 4
 8 4 1 8 7 4 6 8 8 7 9 3 4 3 9 8 3 3 7 4 5 9 6 3 9 3]
[6 6 8 5 8 3 6 2 8 2 8 6 1 6 8 7 7 6 6 6 8 4 8 6 9 3 7 5 7 6 9 7 1 4 6 5 3
 5 5 3 6 1 5 9 2 9 4 1 2 9 7 9 2 6 2 3 6 1 7 2 9 9 7 3 8 3 5 6 5 3 5 8 6 4
 8 4 1 8 7 4 6 8 8 7 9 3 4 3 9 8 3 3 7 4 5 9 6 3 9 3]
[42, 45, 50, 50, 50, 41, 50, 44, 50, 50, 50, 50, 42, 50, 50, 50, 15, 46, 17, 28, 50, 50, 50, 25, 26, 15, 50, 22, 43, 32, 50, 50, 50, 24, 34, 14, 50, 50, 50, 50, 50, 50, 50, 23, 50, 50, 50, 18, 50, 28, 50, 15, 28, 50, 25, 50, 20, 50, 50, 50, 50, 31, 14, 13, 49, 22, 30, 50, 30, 44, 21, 50, 12, 50, 50, 50, 50, 50, 25, 45, 50, 50, 50, 50, 40, 19, 10, 18, 37, 50, 49, 43, 31, 32, 42, 50, 50, 31, 50, 50]
[0 0 0 0 0 0 0 0 0 0 0 0 0 0 0 0 0 0 0 0 0 0 0 0 0 0 0 0 0 0 0 0 0 0 0 0 0
 0 0 0 0 0 0 0 0 0 0 0 0 0 0 0 0 0 0 0 0 0 0 0 0 0 0 0 0 0 0 0 0 0 0 0 0 0
 0 0 0 0 0 0 0 0 0 0 0 0 0 0 0 0 0 0 0 0 0 0 0 0 0 0]
[1 1 1 1 1 1 1 1 1 1 1 1 1 1 1 1 1 1 1 1 1 1 1 1 1 1 1 1 1 1 1 1 1 1 1 1 1
 1 1 1 1 1 1 1 1 1 1 1 1 1 1 1 1 1 1 1 1 1 1 1 1 1 1 1 1 1 1 1 1 1 1 1 1 1
 1 1 1 1 1 1 1 1 1 1 1 1 1 1 1 1 1 1 1 1 1 1 1 1 1 1]
