[ 0  1  2  3  4  5  6  7  8  9 10 11 12 13 14 15 16 17 18 19 20 21 22 23
 24 25 26 27 28 29 30 31 32 33 34 35 36 37 38 39 40 41 42 43 44 45 46 47
 48 49 50 51 52 53 54 55 56 57 58 59 60 61 62 63 64 65 66 67 68 69 70 71
 72 73 74 75 76 77 78 79 80 81 82 83 84 85 86 87 88 89 90 91 92 93 94 95
 96 97 98 99]
[98 44 -1 84 20 -1 77 56 93 99 59 -1 97 58  8 -1 73 91 90 -1 -1 -1 26 -1
 47 76 11 26 -1 10 -1 -1 38 94 60 46 56 68 16 25 11 76 -1 66 28 76 77 -1
 13 45 25 -1 92 -1 69 -1 -1 90 82 32 -1 -1 59 17 -1 -1 -1 -1 31 -1 16  6
 94 89 91 48 27 59 -1 -1 40 76 65 -1 21  7 -1 12 52 -1 60 93 30 -1 86  2
 65 88 86 86]
[0 1 1 0 0 0 0 1 1 1 0 0 0 1 1 1 0 0 1 1 1 0 1 0 1 0 1 0 1 1 0 0 1 1 0 0 1
 1 0 1 0 0 1 1 1 1 1 1 1 1 1 0 1 0 0 0 1 0 0 0 1 1 1 0 0 0 0 1 1 1 1 1 0 0
 1 1 0 1 0 0 0 1 0 0 1 0 1 0 0 1 1 1 1 0 1 1 0 0 0 0]
[3 4 0 2 3 0 4 0 4 0 0 1 3 0 1 2 2 3 0 0 0 0 1 0 0 0 0 0 0 0 2 1 4 0 0 2 0
 1 0 0 4 0 1 2 0 0 4 2 0 2 4 0 3 0 1 4 4 0 0 0 0 2 0 0 4 0 1 0 1 0 0 1 1 0
 0 0 2 0 0 2 2 4 0 4 1 0 0 0 3 0 0 0 4 0 4 1 0 0 0 0]
[3 4 0 2 3 0 4 0 4 0 0 1 3 0 1 2 2 3 0 0 0 0 1 0 0 0 0 0 0 0 2 1 4 0 0 2 0
 1 0 0 4 0 1 2 0 0 4 2 0 2 4 0 3 0 1 4 4 0 0 0 0 2 0 0 4 0 1 0 1 0 0 1 1 0
 0 0 2 0 0 2 2 4 0 4 1 0 0 0 3 0 0 0 4 0 4 1 0 0 0 0]
[2 9 4 9 6 2 6 3 2 1 6 3 2 5 9 5 1 4 1 7 5 8 6 2 1 3 4 4 1 2 7 7 5 6 6 9 2
 2 1 8 3 2 8 1 2 2 1 5 7 7 3 6 4 3 7 3 8 7 2 1 7 7 6 4 4 5 7 6 2 4 3 2 6 6
 6 2 2 1 5 5 5 6 2 1 5 5 9 7 1 9 7 9 4 7 5 6 9 3 5 7]
[2 9 4 9 6 2 6 3 2 1 6 3 2 5 9 5 1 4 1 7 5 8 6 2 1 3 4 4 1 2 7 7 5 6 6 9 2
 2 1 8 3 2 8 1 2 2 1 5 7 7 3 6 4 3 7 3 8 7 2 1 7 7 6 4 4 5 7 6 2 4 3 2 6 6
 6 2 2 1 5 5 5 6 2 1 5 5 9 7 1 9 7 9 4 7 5 6 9 3 5 7]
[16, 44, 50, 31, 18, 50, 49, 50, 27, 50, 50, 25, 33, 50, 50, 50, 37, 50, 50, 35, 50, 50, 50, 50, 50, 50, 49, 25, 50, 29, 23, 50, 50, 50, 50, 50, 11, 29, 50, 50, 45, 22, 11, 50, 37, 35, 50, 50, 11, 50, 50, 32, 50, 50, 50, 50, 50, 50, 50, 50, 50, 50, 12, 22, 50, 26, 29, 38, 50, 24, 28, 50, 45, 50, 15, 42, 28, 30, 16, 12, 47, 50, 47, 50, 41, 39, 39, 37, 50, 50, 41, 39, 50, 50, 48, 40, 24, 18, 10, 39]
[0 0 0 0 0 0 0 0 0 0 0 0 0 0 0 0 0 0 0 0 0 0 0 0 0 0 0 0 0 0 0 0 0 0 0 0 0
 0 0 0 0 0 0 0 0 0 0 0 0 0 0 0 0 0 0 0 0 0 0 0 0 0 0 0 0 0 0 0 0 0 0 0 0 0
 0 0 0 0 0 0 0 0 0 0 0 0 0 0 0 0 0 0 0 0 0 0 0 0 0 0]
[1 1 1 1 1 1 1 1 1 1 1 1 1 1 1 1 1 1 1 1 1 1 1 1 1 1 1 1 1 1 1 1 1 1 1 1 1
 1 1 1 1 1 1 1 1 1 1 1 1 1 1 1 1 1 1 1 1 1 1 1 1 1 1 1 1 1 1 1 1 1 1 1 1 1
 1 1 1 1 1 1 1 1 1 1 1 1 1 1 1 1 1 1 1 1 1 1 1 1 1 1]
