[ 0  1  2  3  4  5  6  7  8  9 10 11 12 13 14 15 16 17 18 19 20 21 22 23
 24 25 26 27 28 29 30 31 32 33 34 35 36 37 38 39 40 41 42 43 44 45 46 47
 48 49 50 51 52 53 54 55 56 57 58 59 60 61 62 63 64 65 66 67 68 69 70 71
 72 73 74 75 76 77 78 79 80 81 82 83 84 85 86 87 88 89 90 91 92 93 94 95
 96 97 98 99]
[48 -1 76 12 -1 44 -1 38 84 44 -1 38 -1 57 -1 65 59 74 23 90  6 -1 81 -1
 55 50 -1 -1 30 -1  2 58 -1 28  1 68 55 87 72 37 -1 -1 37 11 55 19 -1 -1
 28 35 77 66 40 74 97 98  3 97 65 -1 -1 62 52 36 63 -1 89 43 83 72 87 38
 46 -1 -1 20 50 40 44 94 51 45 -1  2 64 18 54 53 15 48 13 64 -1 -1 63 27
 94 -1 -1 68]
[1 0 1 1 0 0 0 0 0 1 1 0 0 1 1 0 0 0 0 0 1 0 1 0 1 0 1 1 1 1 1 1 1 1 0 0 1
 1 1 0 1 1 0 0 1 1 0 1 1 0 0 1 1 0 0 0 1 1 1 0 0 0 0 1 1 1 1 1 0 1 1 1 1 1
 1 0 1 0 0 1 0 0 1 0 1 0 0 0 1 0 0 1 0 1 1 0 0 0 0 0]
[1 0 4 2 0 0 2 4 0 4 3 0 1 0 0 0 0 0 0 1 0 1 4 1 3 0 0 0 3 4 0 1 1 3 0 0 1
 0 0 0 3 3 1 0 0 0 0 0 3 0 0 1 2 0 4 3 0 1 0 0 1 0 0 1 2 0 0 0 1 3 4 0 3 0
 0 0 4 1 4 3 3 0 3 0 0 0 0 0 0 0 4 2 1 1 3 3 0 0 0 0]
[1 0 4 2 0 0 2 4 0 4 3 0 1 0 0 0 0 0 0 1 0 1 4 1 3 0 0 0 3 4 0 1 1 3 0 0 1
 0 0 0 3 3 1 0 0 0 0 0 3 0 0 1 2 0 4 3 0 1 0 0 1 0 0 1 2 0 0 0 1 3 4 0 3 0
 0 0 4 1 4 3 3 0 3 0 0 0 0 0 0 0 4 2 1 1 3 3 0 0 0 0]
[3 3 5 6 2 2 3 9 1 8 2 9 8 7 5 2 4 2 4 5 4 7 2 4 9 4 9 8 4 1 5 2 7 6 5 9 1
 6 7 7 8 6 5 2 2 7 3 2 2 1 9 8 3 7 1 3 9 2 9 5 8 4 4 4 1 7 1 4 6 8 8 7 7 6
 8 7 3 9 5 5 9 6 1 4 4 8 5 8 7 6 9 9 5 3 2 3 9 1 4 5]
[3 3 5 6 2 2 3 9 1 8 2 9 8 7 5 2 4 2 4 5 4 7 2 4 9 4 9 8 4 1 5 2 7 6 5 9 1
 6 7 7 8 6 5 2 2 7 3 2 2 1 9 8 3 7 1 3 9 2 9 5 8 4 4 4 1 7 1 4 6 8 8 7 7 6
 8 7 3 9 5 5 9 6 1 4 4 8 5 8 7 6 9 9 5 3 2 3 9 1 4 5]
[50, 50, 49, 50, 50, 15, 16, 50, 50, 40, 12, 50, 50, 50, 50, 50, 22, 29, 50, 14, 50, 10, 30, 39, 50, 37, 50, 50, 21, 33, 31, 50, 50, 50, 50, 15, 40, 50, 50, 50, 50, 32, 27, 37, 33, 50, 50, 50, 30, 50, 50, 50, 18, 43, 50, 50, 50, 50, 20, 50, 50, 21, 35, 50, 15, 22, 32, 43, 15, 50, 41, 41, 27, 50, 39, 20, 50, 50, 50, 50, 50, 50, 28, 50, 29, 34, 50, 50, 50, 47, 50, 22, 42, 50, 32, 50, 50, 27, 15, 30]
[0 0 0 0 0 0 0 0 0 0 0 0 0 0 0 0 0 0 0 0 0 0 0 0 0 0 0 0 0 0 0 0 0 0 0 0 0
 0 0 0 0 0 0 0 0 0 0 0 0 0 0 0 0 0 0 0 0 0 0 0 0 0 0 0 0 0 0 0 0 0 0 0 0 0
 0 0 0 0 0 0 0 0 0 0 0 0 0 0 0 0 0 0 0 0 0 0 0 0 0 0]
[1 1 1 1 1 1 1 1 1 1 1 1 1 1 1 1 1 1 1 1 1 1 1 1 1 1 1 1 1 1 1 1 1 1 1 1 1
 1 1 1 1 1 1 1 1 1 1 1 1 1 1 1 1 1 1 1 1 1 1 1 1 1 1 1 1 1 1 1 1 1 1 1 1 1
 1 1 1 1 1 1 1 1 1 1 1 1 1 1 1 1 1 1 1 1 1 1 1 1 1 1]
