[ 0  1  2  3  4  5  6  7  8  9 10 11 12 13 14 15 16 17 18 19 20 21 22 23
 24 25 26 27 28 29 30 31 32 33 34 35 36 37 38 39 40 41 42 43 44 45 46 47
 48 49 50 51 52 53 54 55 56 57 58 59 60 61 62 63 64 65 66 67 68 69 70 71
 72 73 74 75 76 77 78 79 80 81 82 83 84 85 86 87 88 89 90 91 92 93 94 95
 96 97 98 99]
[-1  3 -1 68 -1 24 75 47 82 -1 -1 68 47 59 42 -1 -1 -1 -1 -1 80 36 -1 52
 -1 -1 30 -1 -1 -1 36 -1 -1 -1  9 -1 78 -1 87 -1 -1 -1 73 35 36 72 75 -1
 93 -1 -1 -1 68 -1 69 -1 40 36 94 91 43  0  5 80 -1 27 -1 -1 90 -1 41 26
 60 21 75 -1 46 66 -1 87  8 -1 -1 61 -1 -1 -1 95  6 67 81 10 95  2 -1 12
 83 -1 12 -1]
[1 0 1 0 1 0 1 0 1 1 1 1 0 0 0 0 1 0 0 0 0 0 1 0 1 1 1 0 1 1 1 0 1 1 1 1 1
 1 0 0 0 0 1 0 0 0 1 0 1 0 0 0 0 1 0 1 1 1 1 1 1 0 1 0 0 0 1 0 1 0 1 0 1 1
 1 1 1 1 1 0 1 1 0 1 0 0 0 0 0 1 0 0 0 0 0 0 1 0 0 1]
[0 0 3 3 3 4 1 0 0 0 4 3 0 0 0 0 4 1 0 3 0 1 0 4 2 1 0 3 2 0 3 2 0 0 0 0 2
 3 0 2 3 0 4 0 0 3 0 3 0 0 0 3 0 0 4 0 4 0 1 2 2 4 0 4 0 4 0 2 0 0 1 0 0 3
 4 0 0 0 1 0 0 0 1 1 0 0 0 2 0 2 1 2 0 0 0 2 0 0 4 1]
[0 0 3 3 3 4 1 0 0 0 4 3 0 0 0 0 4 1 0 3 0 1 0 4 2 1 0 3 2 0 3 2 0 0 0 0 2
 3 0 2 3 0 4 0 0 3 0 3 0 0 0 3 0 0 4 0 4 0 1 2 2 4 0 4 0 4 0 2 0 0 1 0 0 3
 4 0 0 0 1 0 0 0 1 1 0 0 0 2 0 2 1 2 0 0 0 2 0 0 4 1]
[7 9 8 4 6 8 7 3 6 8 6 3 8 1 7 3 2 2 1 4 9 5 4 6 9 8 9 6 9 6 1 8 6 4 6 4 6
 6 8 6 8 1 5 2 2 8 3 2 7 7 5 6 7 4 2 3 4 1 9 2 1 3 7 2 1 6 9 2 7 9 9 9 4 4
 7 4 9 3 5 7 6 6 9 6 3 7 3 7 1 9 6 3 1 9 5 4 8 9 3 6]
[7 9 8 4 6 8 7 3 6 8 6 3 8 1 7 3 2 2 1 4 9 5 4 6 9 8 9 6 9 6 1 8 6 4 6 4 6
 6 8 6 8 1 5 2 2 8 3 2 7 7 5 6 7 4 2 3 4 1 9 2 1 3 7 2 1 6 9 2 7 9 9 9 4 4
 7 4 9 3 5 7 6 6 9 6 3 7 3 7 1 9 6 3 1 9 5 4 8 9 3 6]
[45, 10, 50, 36, 50, 50, 50, 17, 26, 50, 50, 20, 50, 20, 50, 50, 42, 50, 50, 50, 46, 31, 50, 42, 50, 26, 50, 26, 29, 50, 50, 30, 50, 42, 20, 50, 32, 13, 25, 32, 46, 50, 31, 43, 12, 50, 50, 50, 50, 37, 16, 12, 50, 35, 17, 22, 50, 38, 48, 45, 50, 26, 45, 22, 49, 41, 50, 50, 50, 50, 50, 50, 46, 12, 50, 10, 13, 46, 50, 50, 50, 50, 31, 50, 50, 37, 38, 50, 50, 50, 50, 23, 50, 50, 38, 50, 41, 50, 20, 50]
[0 0 0 0 0 0 0 0 0 0 0 0 0 0 0 0 0 0 0 0 0 0 0 0 0 0 0 0 0 0 0 0 0 0 0 0 0
 0 0 0 0 0 0 0 0 0 0 0 0 0 0 0 0 0 0 0 0 0 0 0 0 0 0 0 0 0 0 0 0 0 0 0 0 0
 0 0 0 0 0 0 0 0 0 0 0 0 0 0 0 0 0 0 0 0 0 0 0 0 0 0]
[1 1 1 1 1 1 1 1 1 1 1 1 1 1 1 1 1 1 1 1 1 1 1 1 1 1 1 1 1 1 1 1 1 1 1 1 1
 1 1 1 1 1 1 1 1 1 1 1 1 1 1 1 1 1 1 1 1 1 1 1 1 1 1 1 1 1 1 1 1 1 1 1 1 1
 1 1 1 1 1 1 1 1 1 1 1 1 1 1 1 1 1 1 1 1 1 1 1 1 1 1]
