[ 0  1  2  3  4  5  6  7  8  9 10 11 12 13 14 15 16 17 18 19 20 21 22 23
 24 25 26 27 28 29 30 31 32 33 34 35 36 37 38 39 40 41 42 43 44 45 46 47
 48 49 50 51 52 53 54 55 56 57 58 59 60 61 62 63 64 65 66 67 68 69 70 71
 72 73 74 75 76 77 78 79 80 81 82 83 84 85 86 87 88 89 90 91 92 93 94 95
 96 97 98 99]
[35 -1 38 70 -1 22 44 11 45 -1 34 32 52 16 84 45 -1 86 -1 -1 -1 -1 -1  4
 99 53 80 -1 -1 -1 -1 -1 -1 62 -1 10 12 -1 43 16  8 -1 68 -1 21 -1 57 62
  5 90 -1 -1 21 56 37 -1 36 -1 -1  6 -1 31 26 93 -1 27 46 -1 75 42 -1 34
 89  0 -1 64 -1  0 21 48 -1 64 -1 -1 86 41 88 -1 -1 55 -1 10 76 -1 71 11
 -1 61 78 44]
[0 1 1 1 0 0 0 1 0 1 1 0 1 1 0 1 0 0 1 0 1 0 0 0 1 0 1 1 1 0 0 1 1 0 1 0 1
 0 1 1 0 0 0 0 0 0 0 0 1 0 0 0 1 1 0 0 0 1 1 1 1 1 0 0 0 1 1 1 0 0 0 0 0 0
 0 0 1 0 1 0 1 0 1 1 0 0 1 0 0 1 0 1 1 0 1 0 0 1 1 0]
[0 0 3 2 4 0 4 1 0 0 2 0 0 3 1 0 3 3 1 0 4 2 4 0 4 0 0 4 3 4 0 2 1 2 4 0 0
 0 0 1 4 0 0 0 0 0 0 1 0 0 0 0 0 2 1 3 0 0 3 0 2 0 0 0 0 1 0 0 0 1 2 0 3 4
 0 4 4 4 1 0 4 4 0 2 3 4 0 2 0 0 0 0 4 3 0 4 4 4 3 2]
[0 0 3 2 4 0 4 1 0 0 2 0 0 3 1 0 3 3 1 0 4 2 4 0 4 0 0 4 3 4 0 2 1 2 4 0 0
 0 0 1 4 0 0 0 0 0 0 1 0 0 0 0 0 2 1 3 0 0 3 0 2 0 0 0 0 1 0 0 0 1 2 0 3 4
 0 4 4 4 1 0 4 4 0 2 3 4 0 2 0 0 0 0 4 3 0 4 4 4 3 2]
[1 4 3 3 3 3 7 3 6 3 1 7 4 9 3 3 5 3 6 6 7 3 2 6 3 2 8 9 4 4 3 7 7 1 8 5 4
 8 6 6 7 8 7 8 1 4 6 9 2 2 9 3 5 6 1 8 3 9 3 2 8 8 3 3 3 3 4 7 8 1 8 9 4 3
 4 8 5 1 1 6 4 9 6 3 3 4 2 7 2 7 8 8 9 4 5 9 2 5 9 4]
[1 4 3 3 3 3 7 3 6 3 1 7 4 9 3 3 5 3 6 6 7 3 2 6 3 2 8 9 4 4 3 7 7 1 8 5 4
 8 6 6 7 8 7 8 1 4 6 9 2 2 9 3 5 6 1 8 3 9 3 2 8 8 3 3 3 3 4 7 8 1 8 9 4 3
 4 8 5 1 1 6 4 9 6 3 3 4 2 7 2 7 8 8 9 4 5 9 2 5 9 4]
[28, 50, 50, 50, 38, 50, 49, 50, 43, 45, 50, 50, 10, 46, 50, 50, 13, 50, 24, 30, 32, 50, 13, 13, 13, 50, 50, 50, 24, 30, 50, 50, 39, 50, 50, 12, 50, 50, 50, 50, 50, 10, 50, 15, 27, 14, 50, 50, 50, 50, 41, 38, 43, 28, 26, 32, 38, 50, 46, 50, 17, 50, 50, 50, 23, 41, 28, 50, 50, 50, 50, 22, 50, 49, 50, 50, 50, 50, 25, 16, 50, 50, 50, 50, 50, 10, 40, 13, 41, 50, 43, 33, 50, 50, 50, 26, 13, 50, 50, 50]
[0 0 0 0 0 0 0 0 0 0 0 0 0 0 0 0 0 0 0 0 0 0 0 0 0 0 0 0 0 0 0 0 0 0 0 0 0
 0 0 0 0 0 0 0 0 0 0 0 0 0 0 0 0 0 0 0 0 0 0 0 0 0 0 0 0 0 0 0 0 0 0 0 0 0
 0 0 0 0 0 0 0 0 0 0 0 0 0 0 0 0 0 0 0 0 0 0 0 0 0 0]
[1 1 1 1 1 1 1 1 1 1 1 1 1 1 1 1 1 1 1 1 1 1 1 1 1 1 1 1 1 1 1 1 1 1 1 1 1
 1 1 1 1 1 1 1 1 1 1 1 1 1 1 1 1 1 1 1 1 1 1 1 1 1 1 1 1 1 1 1 1 1 1 1 1 1
 1 1 1 1 1 1 1 1 1 1 1 1 1 1 1 1 1 1 1 1 1 1 1 1 1 1]
