[ 0  1  2  3  4  5  6  7  8  9 10 11 12 13 14 15 16 17 18 19 20 21 22 23
 24 25 26 27 28 29 30 31 32 33 34 35 36 37 38 39 40 41 42 43 44 45 46 47
 48 49 50 51 52 53 54 55 56 57 58 59 60 61 62 63 64 65 66 67 68 69 70 71
 72 73 74 75 76 77 78 79 80 81 82 83 84 85 86 87 88 89 90 91 92 93 94 95
 96 97 98 99]
[34 25 78 99 -1 -1 -1 -1 -1 99 -1 58 -1 -1 16 42 34 -1 56 18 33 -1 -1 70
 18 -1 -1 -1 -1 -1 20 93 34  0 31 81 40 -1 45 -1 26 90 49 -1 96 36 84 94
 97 10 78 84 -1 -1 12 67  5 44 86 -1 -1 26 75 24 86 -1 -1 -1 41 58 13 -1
 25 46 -1 21 12 20 -1 -1 -1 76 75 80 74 -1 66 35 -1 -1 42 -1 -1 -1 65 76
  9 61 65 93]
[0 1 1 1 1 1 0 0 1 1 0 1 1 1 0 0 1 1 0 1 0 0 0 1 0 0 1 0 0 1 1 0 0 0 1 1 1
 0 1 0 0 0 0 0 1 1 1 0 1 0 0 1 1 0 0 0 0 1 1 0 0 0 0 1 0 1 0 0 1 1 1 1 1 0
 0 0 0 0 1 0 0 1 1 1 1 1 1 1 0 1 0 1 0 1 1 0 1 1 1 0]
[0 2 3 0 4 0 4 3 0 2 0 2 1 3 2 0 0 1 0 3 3 0 4 4 1 1 0 3 1 3 3 1 4 3 1 3 0
 1 2 2 3 0 0 0 2 4 0 0 0 3 0 0 1 3 1 0 2 0 1 0 0 4 0 1 2 4 0 3 0 2 4 4 4 3
 1 0 1 0 0 4 1 3 0 3 2 0 4 0 1 3 4 4 0 2 0 4 1 3 0 1]
[0 2 3 0 4 0 4 3 0 2 0 2 1 3 2 0 0 1 0 3 3 0 4 4 1 1 0 3 1 3 3 1 4 3 1 3 0
 1 2 2 3 0 0 0 2 4 0 0 0 3 0 0 1 3 1 0 2 0 1 0 0 4 0 1 2 4 0 3 0 2 4 4 4 3
 1 0 1 0 0 4 1 3 0 3 2 0 4 0 1 3 4 4 0 2 0 4 1 3 0 1]
[6 3 2 2 2 8 3 6 1 1 2 8 7 5 1 1 7 6 3 8 9 6 1 2 4 5 7 8 9 3 2 2 1 9 7 3 1
 2 5 6 3 8 6 8 5 6 6 9 6 3 1 8 1 6 8 3 5 8 8 4 5 9 2 3 3 5 5 6 2 8 1 3 7 7
 4 1 8 3 7 5 2 1 9 1 8 1 2 2 8 2 6 7 1 1 8 9 6 7 4 4]
[6 3 2 2 2 8 3 6 1 1 2 8 7 5 1 1 7 6 3 8 9 6 1 2 4 5 7 8 9 3 2 2 1 9 7 3 1
 2 5 6 3 8 6 8 5 6 6 9 6 3 1 8 1 6 8 3 5 8 8 4 5 9 2 3 3 5 5 6 2 8 1 3 7 7
 4 1 8 3 7 5 2 1 9 1 8 1 2 2 8 2 6 7 1 1 8 9 6 7 4 4]
[50, 20, 50, 50, 25, 18, 45, 50, 46, 50, 37, 48, 25, 37, 50, 50, 50, 17, 50, 31, 50, 39, 38, 44, 50, 50, 49, 36, 50, 39, 16, 50, 45, 50, 50, 15, 50, 50, 50, 50, 50, 50, 13, 50, 50, 37, 14, 23, 50, 33, 50, 50, 50, 50, 50, 39, 50, 33, 24, 21, 28, 47, 50, 44, 27, 29, 50, 50, 50, 49, 40, 17, 18, 42, 41, 37, 50, 50, 27, 28, 40, 28, 40, 45, 49, 30, 38, 50, 21, 27, 50, 50, 14, 50, 50, 50, 50, 50, 18, 19]
[0 0 0 0 0 0 0 0 0 0 0 0 0 0 0 0 0 0 0 0 0 0 0 0 0 0 0 0 0 0 0 0 0 0 0 0 0
 0 0 0 0 0 0 0 0 0 0 0 0 0 0 0 0 0 0 0 0 0 0 0 0 0 0 0 0 0 0 0 0 0 0 0 0 0
 0 0 0 0 0 0 0 0 0 0 0 0 0 0 0 0 0 0 0 0 0 0 0 0 0 0]
[1 1 1 1 1 1 1 1 1 1 1 1 1 1 1 1 1 1 1 1 1 1 1 1 1 1 1 1 1 1 1 1 1 1 1 1 1
 1 1 1 1 1 1 1 1 1 1 1 1 1 1 1 1 1 1 1 1 1 1 1 1 1 1 1 1 1 1 1 1 1 1 1 1 1
 1 1 1 1 1 1 1 1 1 1 1 1 1 1 1 1 1 1 1 1 1 1 1 1 1 1]
