[ 0  1  2  3  4  5  6  7  8  9 10 11 12 13 14 15 16 17 18 19 20 21 22 23
 24 25 26 27 28 29 30 31 32 33 34 35 36 37 38 39 40 41 42 43 44 45 46 47
 48 49 50 51 52 53 54 55 56 57 58 59 60 61 62 63 64 65 66 67 68 69 70 71
 72 73 74 75 76 77 78 79 80 81 82 83 84 85 86 87 88 89 90 91 92 93 94 95
 96 97 98 99]
[87 28 86 34 80 -1 -1 32 81 -1  5 -1 57 43 95 -1  6 18 21  1 -1 28 16 92
 52 64 12 -1 95 75 -1 -1 93 -1 21 -1 -1 88 -1 29 62 -1 -1  1  9 73 23 -1
 -1 -1 -1 26 86  9 52 42 -1 61 92 52 53 76 47 72 -1 55 83 49 -1 -1 67 -1
 81 12 87 74 90 -1 10 -1 43 52 11 45  6 71  1 -1 11 -1 42 -1 26 28 12 -1
 57 -1 -1 -1]
[0 1 1 0 0 1 1 0 1 1 1 1 0 1 0 1 0 0 1 0 1 1 0 1 0 1 1 0 0 1 1 0 0 1 1 1 1
 0 0 0 1 0 1 0 0 1 1 1 1 1 0 0 0 1 1 1 1 0 1 0 0 0 1 0 1 1 0 1 0 0 0 1 1 1
 1 1 1 1 0 1 1 0 0 0 0 0 0 1 0 1 1 0 0 0 1 1 0 0 0 0]
[1 1 1 0 0 0 3 0 0 0 3 3 0 0 0 0 1 1 3 0 0 2 0 3 0 0 0 4 0 2 0 0 0 3 2 3 0
 4 1 2 0 0 1 4 0 1 0 1 2 0 3 0 0 3 1 1 0 0 0 1 1 0 3 0 2 0 0 0 0 0 0 1 0 0
 0 0 0 1 4 1 0 4 3 0 4 0 0 1 0 0 0 0 4 4 0 2 2 0 0 0]
[1 1 1 0 0 0 3 0 0 0 3 3 0 0 0 0 1 1 3 0 0 2 0 3 0 0 0 4 0 2 0 0 0 3 2 3 0
 4 1 2 0 0 1 4 0 1 0 1 2 0 3 0 0 3 1 1 0 0 0 1 1 0 3 0 2 0 0 0 0 0 0 1 0 0
 0 0 0 1 4 1 0 4 3 0 4 0 0 1 0 0 0 0 4 4 0 2 2 0 0 0]
[7 8 8 6 1 9 9 7 7 5 3 9 2 3 6 5 2 5 5 7 5 5 7 5 8 8 9 7 4 1 1 1 5 4 2 6 4
 4 8 2 2 1 2 4 7 1 5 3 3 1 4 6 3 9 7 1 9 4 5 8 3 4 5 3 9 7 2 9 8 4 1 3 9 7
 1 4 6 2 7 6 3 2 6 7 4 6 8 4 1 3 6 2 2 8 6 6 6 5 6 3]
[7 8 8 6 1 9 9 7 7 5 3 9 2 3 6 5 2 5 5 7 5 5 7 5 8 8 9 7 4 1 1 1 5 4 2 6 4
 4 8 2 2 1 2 4 7 1 5 3 3 1 4 6 3 9 7 1 9 4 5 8 3 4 5 3 9 7 2 9 8 4 1 3 9 7
 1 4 6 2 7 6 3 2 6 7 4 6 8 4 1 3 6 2 2 8 6 6 6 5 6 3]
[32, 16, 50, 50, 21, 24, 50, 50, 27, 50, 50, 32, 50, 50, 50, 50, 50, 50, 50, 39, 35, 50, 33, 47, 44, 50, 15, 50, 50, 31, 50, 35, 11, 50, 50, 49, 50, 37, 50, 50, 25, 48, 45, 50, 25, 50, 20, 50, 24, 37, 24, 50, 50, 13, 39, 18, 38, 50, 44, 50, 40, 12, 45, 46, 50, 33, 50, 46, 50, 28, 50, 15, 33, 12, 49, 48, 50, 50, 39, 50, 43, 50, 50, 50, 50, 32, 50, 50, 10, 37, 50, 50, 50, 22, 50, 50, 11, 35, 11, 25]
[0 0 0 0 0 0 0 0 0 0 0 0 0 0 0 0 0 0 0 0 0 0 0 0 0 0 0 0 0 0 0 0 0 0 0 0 0
 0 0 0 0 0 0 0 0 0 0 0 0 0 0 0 0 0 0 0 0 0 0 0 0 0 0 0 0 0 0 0 0 0 0 0 0 0
 0 0 0 0 0 0 0 0 0 0 0 0 0 0 0 0 0 0 0 0 0 0 0 0 0 0]
[1 1 1 1 1 1 1 1 1 1 1 1 1 1 1 1 1 1 1 1 1 1 1 1 1 1 1 1 1 1 1 1 1 1 1 1 1
 1 1 1 1 1 1 1 1 1 1 1 1 1 1 1 1 1 1 1 1 1 1 1 1 1 1 1 1 1 1 1 1 1 1 1 1 1
 1 1 1 1 1 1 1 1 1 1 1 1 1 1 1 1 1 1 1 1 1 1 1 1 1 1]
