[ 0  1  2  3  4  5  6  7  8  9 10 11 12 13 14 15 16 17 18 19 20 21 22 23
 24 25 26 27 28 29 30 31 32 33 34 35 36 37 38 39 40 41 42 43 44 45 46 47
 48 49 50 51 52 53 54 55 56 57 58 59 60 61 62 63 64 65 66 67 68 69 70 71
 72 73 74 75 76 77 78 79 80 81 82 83 84 85 86 87 88 89 90 91 92 93 94 95
 96 97 98 99]
[65 -1 74 51 46 -1 52  9  0 -1  1 84 93 68 -1 81 37 -1 59 -1 57 -1 44 -1
 -1 -1 13 41  7 17 15 -1 24 63 19 44 -1 51 -1 -1 -1 65 51 56 -1 92 -1 -1
 -1 89 63 -1 -1 56 10 84 92  3 94 60 -1 13 59 92 90 -1 73 13 -1 60 -1 76
 84 19 -1 50 -1  8 -1 17 28 -1 58 -1 27 68 -1 -1 86 17 74 29 -1 -1 -1 36
 91 82 38 -1]
[0 1 1 1 0 1 1 1 1 0 0 1 0 0 1 0 1 0 0 0 0 1 0 0 1 1 0 0 0 1 0 0 0 0 1 0 1
 0 1 1 0 1 0 0 0 1 0 1 1 0 1 0 0 0 1 1 1 0 0 0 1 0 1 0 1 0 1 1 0 0 0 0 1 0
 1 1 0 0 0 0 0 1 1 1 0 1 1 1 0 1 1 0 1 1 0 1 0 1 1 1]
[0 4 0 0 4 0 2 0 2 0 1 3 3 0 2 0 0 0 0 3 4 3 1 2 2 0 4 0 0 0 4 0 1 0 0 2 0
 1 4 0 4 0 0 0 3 0 2 3 2 0 3 0 0 0 4 0 0 0 0 4 0 4 2 3 3 2 0 0 1 0 2 2 0 3
 1 1 4 0 0 3 2 2 0 3 0 0 0 2 0 0 0 0 0 0 2 0 0 0 2 0]
[0 4 0 0 4 0 2 0 2 0 1 3 3 0 2 0 0 0 0 3 4 3 1 2 2 0 4 0 0 0 4 0 1 0 0 2 0
 1 4 0 4 0 0 0 3 0 2 3 2 0 3 0 0 0 4 0 0 0 0 4 0 4 2 3 3 2 0 0 1 0 2 2 0 3
 1 1 4 0 0 3 2 2 0 3 0 0 0 2 0 0 0 0 0 0 2 0 0 0 2 0]
[1 4 3 9 5 8 3 8 2 5 4 6 4 8 1 9 2 8 3 4 5 8 5 1 2 8 4 5 4 2 7 2 1 7 6 6 1
 9 5 4 4 5 5 9 3 1 3 8 8 6 8 3 1 1 9 5 1 5 2 5 4 6 8 3 9 5 6 7 4 8 5 5 8 8
 5 9 8 3 1 5 4 1 9 4 7 1 6 6 1 8 2 9 9 3 3 1 4 2 6 7]
[1 4 3 9 5 8 3 8 2 5 4 6 4 8 1 9 2 8 3 4 5 8 5 1 2 8 4 5 4 2 7 2 1 7 6 6 1
 9 5 4 4 5 5 9 3 1 3 8 8 6 8 3 1 1 9 5 1 5 2 5 4 6 8 3 9 5 6 7 4 8 5 5 8 8
 5 9 8 3 1 5 4 1 9 4 7 1 6 6 1 8 2 9 9 3 3 1 4 2 6 7]
[50, 18, 39, 50, 18, 45, 50, 50, 37, 50, 18, 50, 49, 44, 41, 50, 19, 50, 41, 50, 28, 50, 50, 27, 50, 50, 26, 50, 50, 49, 17, 31, 19, 50, 38, 39, 50, 42, 23, 50, 50, 50, 50, 50, 50, 41, 50, 50, 50, 49, 50, 49, 47, 50, 15, 13, 14, 13, 50, 50, 50, 50, 13, 31, 33, 50, 50, 50, 11, 50, 50, 50, 18, 15, 50, 23, 50, 50, 50, 50, 50, 12, 44, 50, 33, 31, 50, 39, 50, 38, 11, 50, 39, 50, 38, 21, 14, 50, 42, 45]
[0 0 0 0 0 0 0 0 0 0 0 0 0 0 0 0 0 0 0 0 0 0 0 0 0 0 0 0 0 0 0 0 0 0 0 0 0
 0 0 0 0 0 0 0 0 0 0 0 0 0 0 0 0 0 0 0 0 0 0 0 0 0 0 0 0 0 0 0 0 0 0 0 0 0
 0 0 0 0 0 0 0 0 0 0 0 0 0 0 0 0 0 0 0 0 0 0 0 0 0 0]
[1 1 1 1 1 1 1 1 1 1 1 1 1 1 1 1 1 1 1 1 1 1 1 1 1 1 1 1 1 1 1 1 1 1 1 1 1
 1 1 1 1 1 1 1 1 1 1 1 1 1 1 1 1 1 1 1 1 1 1 1 1 1 1 1 1 1 1 1 1 1 1 1 1 1
 1 1 1 1 1 1 1 1 1 1 1 1 1 1 1 1 1 1 1 1 1 1 1 1 1 1]
