[ 0  1  2  3  4  5  6  7  8  9 10 11 12 13 14 15 16 17 18 19 20 21 22 23
 24 25 26 27 28 29 30 31 32 33 34 35 36 37 38 39 40 41 42 43 44 45 46 47
 48 49 50 51 52 53 54 55 56 57 58 59 60 61 62 63 64 65 66 67 68 69 70 71
 72 73 74 75 76 77 78 79 80 81 82 83 84 85 86 87 88 89 90 91 92 93 94 95
 96 97 98 99]
[-1 17 38 37 25 57 -1 -1 -1 57 75 -1 -1 -1 92 55 -1 -1 -1 12 39 28  7  1
 -1 -1 37 17 -1 22 -1 79 -1  8 13 80 52 78 74 -1 -1 15 33 -1 -1 47 62 58
 89 -1 22  1 84 93 42 -1 55 66 -1 -1 59 -1 65 21 -1  7  7 98 40 -1 62 -1
 32 -1 98 32 25 37 43 83 63  9 30 -1 -1 83 48 -1 85  6 17 -1 61 84 11 76
 27 13 -1 12]
[0 0 1 0 1 0 0 0 0 0 0 0 0 1 0 1 1 1 1 1 0 0 1 0 0 0 0 0 0 0 0 1 0 1 0 0 1
 1 1 1 1 0 0 0 0 1 0 0 1 0 0 1 1 0 1 1 1 1 1 1 0 1 0 0 1 0 0 1 0 1 0 0 0 0
 1 0 0 1 0 1 0 0 1 0 0 1 1 1 1 0 1 1 1 1 0 0 0 1 1 0]
[1 4 0 0 3 0 0 3 0 0 3 0 3 0 0 1 3 0 1 0 0 0 3 2 2 3 0 4 0 0 1 4 2 0 0 0 4
 0 4 3 0 1 2 1 0 3 2 3 0 3 0 0 0 0 0 3 2 4 0 0 4 0 0 0 3 0 0 0 1 4 0 2 0 0
 0 4 0 4 0 0 1 4 0 3 0 3 4 3 4 0 4 0 0 2 2 0 0 1 0 0]
[1 4 0 0 3 0 0 3 0 0 3 0 3 0 0 1 3 0 1 0 0 0 3 2 2 3 0 4 0 0 1 4 2 0 0 0 4
 0 4 3 0 1 2 1 0 3 2 3 0 3 0 0 0 0 0 3 2 4 0 0 4 0 0 0 3 0 0 0 1 4 0 2 0 0
 0 4 0 4 0 0 1 4 0 3 0 3 4 3 4 0 4 0 0 2 2 0 0 1 0 0]
[5 8 6 2 6 5 3 9 8 8 8 9 5 9 9 6 5 3 2 3 7 5 1 5 4 2 8 2 4 7 3 1 2 1 3 5 1
 6 9 5 6 1 3 6 2 7 3 3 7 6 6 4 4 8 6 5 8 9 6 9 2 2 3 4 8 7 7 4 4 7 7 2 8 9
 8 7 6 5 3 8 2 9 7 3 6 7 2 8 6 2 9 1 7 6 4 6 8 6 9 9]
[5 8 6 2 6 5 3 9 8 8 8 9 5 9 9 6 5 3 2 3 7 5 1 5 4 2 8 2 4 7 3 1 2 1 3 5 1
 6 9 5 6 1 3 6 2 7 3 3 7 6 6 4 4 8 6 5 8 9 6 9 2 2 3 4 8 7 7 4 4 7 7 2 8 9
 8 7 6 5 3 8 2 9 7 3 6 7 2 8 6 2 9 1 7 6 4 6 8 6 9 9]
[50, 12, 14, 36, 50, 33, 50, 50, 50, 22, 42, 50, 50, 22, 29, 50, 49, 16, 50, 27, 14, 30, 23, 21, 50, 20, 50, 21, 20, 50, 50, 50, 45, 50, 50, 50, 50, 28, 30, 50, 44, 31, 31, 45, 50, 50, 50, 21, 50, 42, 50, 50, 20, 50, 50, 31, 45, 50, 50, 22, 50, 33, 28, 50, 50, 38, 43, 50, 37, 22, 50, 50, 50, 50, 50, 30, 50, 18, 50, 50, 50, 40, 50, 45, 50, 20, 35, 39, 50, 50, 50, 17, 50, 50, 33, 50, 18, 31, 50, 37]
[0 0 0 0 0 0 0 0 0 0 0 0 0 0 0 0 0 0 0 0 0 0 0 0 0 0 0 0 0 0 0 0 0 0 0 0 0
 0 0 0 0 0 0 0 0 0 0 0 0 0 0 0 0 0 0 0 0 0 0 0 0 0 0 0 0 0 0 0 0 0 0 0 0 0
 0 0 0 0 0 0 0 0 0 0 0 0 0 0 0 0 0 0 0 0 0 0 0 0 0 0]
[1 1 1 1 1 1 1 1 1 1 1 1 1 1 1 1 1 1 1 1 1 1 1 1 1 1 1 1 1 1 1 1 1 1 1 1 1
 1 1 1 1 1 1 1 1 1 1 1 1 1 1 1 1 1 1 1 1 1 1 1 1 1 1 1 1 1 1 1 1 1 1 1 1 1
 1 1 1 1 1 1 1 1 1 1 1 1 1 1 1 1 1 1 1 1 1 1 1 1 1 1]
