[ 0  1  2  3  4  5  6  7  8  9 10 11 12 13 14 15 16 17 18 19 20 21 22 23
 24 25 26 27 28 29 30 31 32 33 34 35 36 37 38 39 40 41 42 43 44 45 46 47
 48 49 50 51 52 53 54 55 56 57 58 59 60 61 62 63 64 65 66 67 68 69 70 71
 72 73 74 75 76 77 78 79 80 81 82 83 84 85 86 87 88 89 90 91 92 93 94 95
 96 97 98 99]
[26 40 81 66 78 47 41 55 30 -1 32 12 -1 74 12 -1 -1 -1 66 49 14  2 71 59
 42 65 12 46 48 -1 55 -1 82 48 -1 -1 89 46 42  7 -1 63 44 -1  8 49  0 42
 98 85 73 14 -1 91 21 -1 80 -1 84 90 55 37 46 71 -1 61 -1 43 89 28 -1 64
 -1 52 -1 97 81 30 -1 14 -1 72  8 -1 -1 30 25 -1 -1 82 -1 58  9 76 -1  4
 -1 -1 -1 -1]
[0 1 1 1 0 1 0 1 1 1 1 1 0 0 0 1 0 1 1 0 1 0 0 1 0 1 1 1 1 1 1 0 0 1 0 1 1
 0 1 1 0 1 1 1 0 1 1 0 1 0 1 1 1 0 0 1 0 1 0 0 0 0 0 1 1 1 1 1 0 0 0 1 1 1
 1 0 0 0 1 1 1 1 0 1 0 1 0 0 1 1 1 1 0 0 1 0 1 1 0 0]
[4 0 1 3 2 0 3 0 0 0 0 3 4 4 0 3 4 4 2 0 0 2 2 0 1 0 0 1 2 2 0 0 0 0 4 0 0
 4 1 4 0 3 0 2 4 0 3 2 0 3 0 1 0 3 0 4 2 3 0 1 2 3 0 0 4 0 4 3 4 1 2 1 0 1
 0 2 0 1 4 0 0 0 2 4 0 4 4 0 0 0 0 1 0 0 2 0 0 4 4 0]
[4 0 1 3 2 0 3 0 0 0 0 3 4 4 0 3 4 4 2 0 0 2 2 0 1 0 0 1 2 2 0 0 0 0 4 0 0
 4 1 4 0 3 0 2 4 0 3 2 0 3 0 1 0 3 0 4 2 3 0 1 2 3 0 0 4 0 4 3 4 1 2 1 0 1
 0 2 0 1 4 0 0 0 2 4 0 4 4 0 0 0 0 1 0 0 2 0 0 4 4 0]
[3 3 6 4 1 2 3 2 8 5 3 3 6 3 8 9 6 8 1 4 7 1 1 3 2 3 8 4 1 1 6 6 3 5 3 6 2
 5 3 7 1 7 4 2 3 4 4 6 6 4 7 9 7 6 5 2 1 4 4 9 1 4 3 2 2 2 1 3 6 7 7 8 9 8
 1 3 6 4 4 4 3 1 2 4 4 6 2 6 1 5 9 2 4 9 1 2 9 2 9 1]
[3 3 6 4 1 2 3 2 8 5 3 3 6 3 8 9 6 8 1 4 7 1 1 3 2 3 8 4 1 1 6 6 3 5 3 6 2
 5 3 7 1 7 4 2 3 4 4 6 6 4 7 9 7 6 5 2 1 4 4 9 1 4 3 2 2 2 1 3 6 7 7 8 9 8
 1 3 6 4 4 4 3 1 2 4 4 6 2 6 1 5 9 2 4 9 1 2 9 2 9 1]
[50, 50, 50, 23, 50, 14, 16, 50, 21, 37, 50, 50, 50, 50, 50, 24, 50, 50, 30, 21, 36, 19, 25, 50, 14, 50, 50, 50, 30, 50, 15, 50, 50, 50, 25, 50, 50, 22, 20, 33, 25, 50, 25, 28, 50, 50, 50, 50, 50, 41, 29, 50, 50, 50, 42, 16, 34, 50, 50, 50, 47, 50, 50, 50, 50, 31, 50, 35, 37, 50, 47, 19, 50, 12, 48, 40, 19, 22, 50, 43, 50, 50, 45, 50, 35, 50, 47, 50, 16, 41, 50, 50, 50, 50, 37, 35, 40, 50, 26, 13]
[0 0 0 0 0 0 0 0 0 0 0 0 0 0 0 0 0 0 0 0 0 0 0 0 0 0 0 0 0 0 0 0 0 0 0 0 0
 0 0 0 0 0 0 0 0 0 0 0 0 0 0 0 0 0 0 0 0 0 0 0 0 0 0 0 0 0 0 0 0 0 0 0 0 0
 0 0 0 0 0 0 0 0 0 0 0 0 0 0 0 0 0 0 0 0 0 0 0 0 0 0]
[1 1 1 1 1 1 1 1 1 1 1 1 1 1 1 1 1 1 1 1 1 1 1 1 1 1 1 1 1 1 1 1 1 1 1 1 1
 1 1 1 1 1 1 1 1 1 1 1 1 1 1 1 1 1 1 1 1 1 1 1 1 1 1 1 1 1 1 1 1 1 1 1 1 1
 1 1 1 1 1 1 1 1 1 1 1 1 1 1 1 1 1 1 1 1 1 1 1 1 1 1]
