[ 0  1  2  3  4  5  6  7  8  9 10 11 12 13 14 15 16 17 18 19 20 21 22 23
 24 25 26 27 28 29 30 31 32 33 34 35 36 37 38 39 40 41 42 43 44 45 46 47
 48 49 50 51 52 53 54 55 56 57 58 59 60 61 62 63 64 65 66 67 68 69 70 71
 72 73 74 75 76 77 78 79 80 81 82 83 84 85 86 87 88 89 90 91 92 93 94 95
 96 97 98 99]
[83 -1 99 -1 89 98 28 -1 -1 -1 50 98 -1 19 35 19 30 10 97 -1 71 88 85 -1
 -1 94 93  3 22 62 21 35 50 77 38 99 77 33  8 -1  2 -1 -1 -1 48 47 57 59
 87 44 20 32 27 81 30 67 59 -1 97 27 -1 83 34  4 -1 50 16 31 11  9 -1 28
 -1 -1 -1 -1 -1 89 48 74  3 -1 60 -1  5 42 32 25 62 -1 -1  8 -1 -1 90 -1
 81 20 13 81]
[1 0 0 0 1 1 0 1 1 0 1 0 0 1 0 0 0 0 0 1 1 1 0 1 1 1 0 0 1 1 1 1 1 0 0 1 0
 0 0 0 0 0 1 1 0 0 1 0 0 0 0 1 0 1 0 1 0 0 1 0 1 1 0 1 1 1 1 0 1 1 0 1 0 0
 0 0 1 1 0 0 1 1 0 1 1 0 1 1 0 0 1 1 0 0 1 1 0 0 0 1]
[1 0 0 0 0 0 0 0 3 0 2 0 4 1 4 2 1 0 0 0 0 2 0 1 1 2 4 2 2 0 0 0 0 0 2 0 0
 4 4 1 3 0 0 0 0 1 2 2 2 0 1 0 2 2 0 0 0 0 0 0 0 0 0 0 0 2 1 0 0 4 0 1 0 2
 0 1 0 1 0 0 0 4 4 3 2 2 0 0 2 1 0 0 0 2 0 0 0 0 2 1]
[1 0 0 0 0 0 0 0 3 0 2 0 4 1 4 2 1 0 0 0 0 2 0 1 1 2 4 2 2 0 0 0 0 0 2 0 0
 4 4 1 3 0 0 0 0 1 2 2 2 0 1 0 2 2 0 0 0 0 0 0 0 0 0 0 0 2 1 0 0 4 0 1 0 2
 0 1 0 1 0 0 0 4 4 3 2 2 0 0 2 1 0 0 0 2 0 0 0 0 2 1]
[2 6 1 8 6 3 3 1 3 1 7 9 1 3 1 1 9 3 2 4 4 1 2 6 1 2 7 1 1 4 5 8 1 7 8 8 9
 8 4 3 1 8 4 4 3 2 8 2 1 6 6 1 8 5 3 8 7 4 8 1 2 2 8 3 9 6 6 4 4 5 1 7 3 1
 5 9 2 4 8 7 5 1 9 9 2 6 4 5 5 4 1 8 3 9 1 2 6 1 2 5]
[2 6 1 8 6 3 3 1 3 1 7 9 1 3 1 1 9 3 2 4 4 1 2 6 1 2 7 1 1 4 5 8 1 7 8 8 9
 8 4 3 1 8 4 4 3 2 8 2 1 6 6 1 8 5 3 8 7 4 8 1 2 2 8 3 9 6 6 4 4 5 1 7 3 1
 5 9 2 4 8 7 5 1 9 9 2 6 4 5 5 4 1 8 3 9 1 2 6 1 2 5]
[50, 41, 15, 50, 39, 29, 50, 23, 27, 50, 50, 50, 38, 50, 42, 50, 14, 50, 50, 50, 27, 44, 50, 50, 24, 23, 50, 50, 50, 16, 50, 50, 50, 38, 50, 50, 50, 13, 27, 40, 45, 34, 26, 29, 49, 50, 50, 47, 47, 21, 50, 39, 39, 50, 50, 47, 20, 50, 50, 50, 15, 45, 50, 50, 50, 50, 29, 48, 36, 36, 12, 50, 50, 50, 50, 35, 24, 17, 45, 50, 10, 16, 24, 18, 50, 50, 50, 50, 50, 50, 26, 50, 50, 23, 50, 12, 50, 50, 16, 50]
[0 0 0 0 0 0 0 0 0 0 0 0 0 0 0 0 0 0 0 0 0 0 0 0 0 0 0 0 0 0 0 0 0 0 0 0 0
 0 0 0 0 0 0 0 0 0 0 0 0 0 0 0 0 0 0 0 0 0 0 0 0 0 0 0 0 0 0 0 0 0 0 0 0 0
 0 0 0 0 0 0 0 0 0 0 0 0 0 0 0 0 0 0 0 0 0 0 0 0 0 0]
[1 1 1 1 1 1 1 1 1 1 1 1 1 1 1 1 1 1 1 1 1 1 1 1 1 1 1 1 1 1 1 1 1 1 1 1 1
 1 1 1 1 1 1 1 1 1 1 1 1 1 1 1 1 1 1 1 1 1 1 1 1 1 1 1 1 1 1 1 1 1 1 1 1 1
 1 1 1 1 1 1 1 1 1 1 1 1 1 1 1 1 1 1 1 1 1 1 1 1 1 1]
