[ 0  1  2  3  4  5  6  7  8  9 10 11 12 13 14 15 16 17 18 19 20 21 22 23
 24 25 26 27 28 29 30 31 32 33 34 35 36 37 38 39 40 41 42 43 44 45 46 47
 48 49 50 51 52 53 54 55 56 57 58 59 60 61 62 63 64 65 66 67 68 69 70 71
 72 73 74 75 76 77 78 79 80 81 82 83 84 85 86 87 88 89 90 91 92 93 94 95
 96 97 98 99]
[62  3 -1 76 -1 54 74 53 27  5 31 58 98 50 -1 -1 -1 51  4  3 97 36 39 43
 -1 -1 67 -1 -1 31 85 -1 41 50 28 61 -1 14 15 38 12 -1 37 11 -1  8 45 -1
 79 -1 76 54 83 -1 -1 -1 13 23 28 -1 -1  1 -1 66 -1 -1 -1 -1 53 46 -1 -1
 70 14 -1  0 -1 -1 44 -1 85 17 -1 45 -1 15 77 -1 -1 44 77 87 27 99 -1 -1
 43 47 35  3]
[1 0 1 1 0 1 0 0 1 1 0 1 0 1 1 1 1 0 0 0 0 0 1 0 0 1 1 1 1 0 1 0 0 1 1 0 1
 0 0 1 1 1 0 0 0 1 0 0 1 0 1 0 1 1 0 0 0 1 0 1 1 1 1 0 0 1 0 0 1 1 0 1 0 0
 0 1 1 1 0 0 0 0 0 0 1 1 1 0 1 1 0 0 1 1 0 0 1 1 1 1]
[0 1 0 2 1 0 3 4 0 4 0 3 3 4 4 4 4 1 0 2 0 1 0 0 1 4 0 1 0 1 0 4 0 3 1 1 4
 0 0 1 1 0 0 3 0 0 0 0 1 2 0 0 3 3 2 2 1 4 2 2 0 0 0 0 0 0 0 3 0 0 0 0 4 4
 0 0 1 0 3 1 0 0 3 2 0 2 0 1 0 4 0 1 0 0 1 4 0 3 0 0]
[0 1 0 2 1 0 3 4 0 4 0 3 3 4 4 4 4 1 0 2 0 1 0 0 1 4 0 1 0 1 0 4 0 3 1 1 4
 0 0 1 1 0 0 3 0 0 0 0 1 2 0 0 3 3 2 2 1 4 2 2 0 0 0 0 0 0 0 3 0 0 0 0 4 4
 0 0 1 0 3 1 0 0 3 2 0 2 0 1 0 4 0 1 0 0 1 4 0 3 0 0]
[6 3 6 3 8 1 2 1 1 4 7 8 3 3 2 6 6 6 4 5 7 2 2 6 8 7 7 5 7 8 4 7 7 8 9 5 3
 4 2 7 9 6 5 9 8 9 8 4 5 3 1 5 5 4 9 2 6 1 3 2 8 1 9 9 8 3 1 7 7 3 9 3 5 4
 4 1 3 4 7 9 3 4 2 3 5 2 1 3 6 9 4 1 6 6 4 5 7 3 4 3]
[6 3 6 3 8 1 2 1 1 4 7 8 3 3 2 6 6 6 4 5 7 2 2 6 8 7 7 5 7 8 4 7 7 8 9 5 3
 4 2 7 9 6 5 9 8 9 8 4 5 3 1 5 5 4 9 2 6 1 3 2 8 1 9 9 8 3 1 7 7 3 9 3 5 4
 4 1 3 4 7 9 3 4 2 3 5 2 1 3 6 9 4 1 6 6 4 5 7 3 4 3]
[25, 13, 50, 21, 50, 50, 50, 50, 16, 50, 50, 50, 50, 47, 50, 50, 13, 20, 50, 50, 50, 17, 49, 20, 50, 39, 50, 50, 46, 31, 50, 15, 45, 35, 50, 50, 49, 49, 16, 50, 32, 50, 50, 43, 29, 50, 50, 50, 50, 47, 36, 50, 12, 50, 50, 38, 50, 50, 16, 50, 50, 50, 49, 31, 50, 50, 50, 50, 38, 14, 50, 37, 50, 28, 39, 50, 45, 31, 20, 50, 23, 27, 42, 30, 45, 38, 19, 22, 50, 41, 50, 37, 50, 50, 21, 50, 12, 17, 44, 31]
[0 0 0 0 0 0 0 0 0 0 0 0 0 0 0 0 0 0 0 0 0 0 0 0 0 0 0 0 0 0 0 0 0 0 0 0 0
 0 0 0 0 0 0 0 0 0 0 0 0 0 0 0 0 0 0 0 0 0 0 0 0 0 0 0 0 0 0 0 0 0 0 0 0 0
 0 0 0 0 0 0 0 0 0 0 0 0 0 0 0 0 0 0 0 0 0 0 0 0 0 0]
[1 1 1 1 1 1 1 1 1 1 1 1 1 1 1 1 1 1 1 1 1 1 1 1 1 1 1 1 1 1 1 1 1 1 1 1 1
 1 1 1 1 1 1 1 1 1 1 1 1 1 1 1 1 1 1 1 1 1 1 1 1 1 1 1 1 1 1 1 1 1 1 1 1 1
 1 1 1 1 1 1 1 1 1 1 1 1 1 1 1 1 1 1 1 1 1 1 1 1 1 1]
