[ 0  1  2  3  4  5  6  7  8  9 10 11 12 13 14 15 16 17 18 19 20 21 22 23
 24 25 26 27 28 29 30 31 32 33 34 35 36 37 38 39 40 41 42 43 44 45 46 47
 48 49 50 51 52 53 54 55 56 57 58 59 60 61 62 63 64 65 66 67 68 69 70 71
 72 73 74 75 76 77 78 79 80 81 82 83 84 85 86 87 88 89 90 91 92 93 94 95
 96 97 98 99]
[-1 47 46 44 51 -1 -1 35 -1 60 39 -1 -1 10 83 10 73 -1 -1 47 -1 60 64 36
 48  6 46 -1 26 -1 -1 40 20 29 66 56 62 82 93 29 94 -1 25 81 28  4 84 49
 -1 71 -1  2 98 14 40 35 80 -1 33 89 -1 -1 72 66 -1 -1  5 19 99 -1  0 82
 -1 99 25 58 54 86 -1 -1 -1 -1 91 -1 -1  7 55 -1 -1 24 -1 -1  3 79 -1 27
 33 85 99 60]
[1 0 1 1 0 0 0 0 0 1 0 0 0 0 0 0 0 0 0 1 1 0 0 1 0 0 1 0 1 0 0 0 0 0 0 0 1
 1 0 1 0 1 0 1 0 0 1 1 0 0 1 1 1 1 0 0 1 1 0 0 1 0 1 0 0 0 1 0 0 1 0 0 1 0
 1 1 1 1 0 1 1 0 0 0 0 1 0 0 1 1 1 1 1 1 0 0 1 0 0 0]
[1 0 4 0 0 2 4 1 3 3 0 1 0 0 2 3 0 0 2 2 1 1 0 0 1 4 0 3 4 3 0 1 0 2 4 4 0
 0 0 0 0 0 0 4 2 0 2 0 1 4 2 0 3 0 0 0 0 4 2 0 3 2 3 2 0 0 2 2 3 0 0 0 0 3
 0 0 0 2 0 0 4 0 0 3 2 0 0 3 1 4 0 0 4 0 0 2 2 0 0 0]
[1 0 4 0 0 2 4 1 3 3 0 1 0 0 2 3 0 0 2 2 1 1 0 0 1 4 0 3 4 3 0 1 0 2 4 4 0
 0 0 0 0 0 0 4 2 0 2 0 1 4 2 0 3 0 0 0 0 4 2 0 3 2 3 2 0 0 2 2 3 0 0 0 0 3
 0 0 0 2 0 0 4 0 0 3 2 0 0 3 1 4 0 0 4 0 0 2 2 0 0 0]
[3 1 6 7 5 3 7 8 1 6 8 9 9 4 6 3 1 4 5 7 1 6 4 6 8 3 3 7 8 7 4 5 5 2 8 8 8
 3 1 9 6 6 4 6 9 5 1 3 7 8 5 7 1 5 7 5 6 5 2 9 1 6 7 2 4 1 9 3 7 1 2 2 2 7
 5 7 5 9 7 2 8 8 9 3 4 5 4 4 9 3 5 7 7 7 5 2 3 3 6 1]
[3 1 6 7 5 3 7 8 1 6 8 9 9 4 6 3 1 4 5 7 1 6 4 6 8 3 3 7 8 7 4 5 5 2 8 8 8
 3 1 9 6 6 4 6 9 5 1 3 7 8 5 7 1 5 7 5 6 5 2 9 1 6 7 2 4 1 9 3 7 1 2 2 2 7
 5 7 5 9 7 2 8 8 9 3 4 5 4 4 9 3 5 7 7 7 5 2 3 3 6 1]
[47, 50, 50, 50, 33, 50, 50, 42, 50, 28, 35, 50, 50, 50, 50, 17, 36, 50, 50, 50, 41, 50, 32, 50, 12, 50, 46, 50, 24, 20, 50, 50, 50, 50, 20, 50, 21, 37, 35, 22, 50, 50, 50, 30, 50, 50, 11, 22, 23, 25, 50, 38, 37, 10, 50, 41, 47, 50, 41, 50, 50, 50, 50, 50, 38, 50, 50, 12, 27, 50, 50, 33, 50, 50, 10, 50, 50, 50, 22, 50, 50, 30, 14, 44, 35, 15, 50, 18, 50, 30, 48, 50, 50, 50, 19, 50, 35, 50, 28, 19]
[0 0 0 0 0 0 0 0 0 0 0 0 0 0 0 0 0 0 0 0 0 0 0 0 0 0 0 0 0 0 0 0 0 0 0 0 0
 0 0 0 0 0 0 0 0 0 0 0 0 0 0 0 0 0 0 0 0 0 0 0 0 0 0 0 0 0 0 0 0 0 0 0 0 0
 0 0 0 0 0 0 0 0 0 0 0 0 0 0 0 0 0 0 0 0 0 0 0 0 0 0]
[1 1 1 1 1 1 1 1 1 1 1 1 1 1 1 1 1 1 1 1 1 1 1 1 1 1 1 1 1 1 1 1 1 1 1 1 1
 1 1 1 1 1 1 1 1 1 1 1 1 1 1 1 1 1 1 1 1 1 1 1 1 1 1 1 1 1 1 1 1 1 1 1 1 1
 1 1 1 1 1 1 1 1 1 1 1 1 1 1 1 1 1 1 1 1 1 1 1 1 1 1]
