[ 0  1  2  3  4  5  6  7  8  9 10 11 12 13 14 15 16 17 18 19 20 21 22 23
 24 25 26 27 28 29 30 31 32 33 34 35 36 37 38 39 40 41 42 43 44 45 46 47
 48 49 50 51 52 53 54 55 56 57 58 59 60 61 62 63 64 65 66 67 68 69 70 71
 72 73 74 75 76 77 78 79 80 81 82 83 84 85 86 87 88 89 90 91 92 93 94 95
 96 97 98 99]
[-1 64 -1 24  3 -1 63 48 92 32 -1 -1 42 -1 88 52 22 -1 26 85 86 47 19 15
 68 92 33  5 27 15 53 57 36 -1 91 61 -1 -1 17 -1  8 85 24 45 85 -1 86  1
 -1 48 98 47 10 24 -1 77 97 91  3 49  4 24 36 87 14 83 -1 95 -1 -1 -1 39
 93 -1 89 50 81 13 -1  4 48 15 13 -1 73 -1 -1 21 82 -1 -1 -1 71 30 -1 94
 -1 46 55 -1]
[0 0 1 0 1 0 1 1 1 1 0 0 1 1 0 1 0 1 1 0 0 1 0 0 1 1 1 0 0 1 1 1 0 1 1 0 1
 1 1 0 0 0 0 0 0 1 0 0 0 0 0 1 0 0 1 0 0 1 0 0 1 0 0 1 0 0 0 1 0 0 0 1 1 1
 0 0 1 0 0 1 1 1 0 0 0 0 1 0 1 0 0 0 0 1 0 0 0 0 0 0]
[1 0 0 0 0 0 2 0 2 0 0 1 1 2 2 1 4 3 4 0 0 1 0 2 4 0 0 0 4 0 1 1 0 4 4 1 0
 4 0 0 3 4 4 0 0 2 1 0 2 2 4 4 0 0 2 4 4 4 0 0 0 0 0 1 2 0 0 1 0 2 1 1 0 4
 2 0 0 3 1 0 0 1 3 4 0 0 3 0 2 1 4 0 2 0 1 0 4 4 0 3]
[1 0 0 0 0 0 2 0 2 0 0 1 1 2 2 1 4 3 4 0 0 1 0 2 4 0 0 0 4 0 1 1 0 4 4 1 0
 4 0 0 3 4 4 0 0 2 1 0 2 2 4 4 0 0 2 4 4 4 0 0 0 0 0 1 2 0 0 1 0 2 1 1 0 4
 2 0 0 3 1 0 0 1 3 4 0 0 3 0 2 1 4 0 2 0 1 0 4 4 0 3]
[7 7 4 7 2 4 6 6 4 1 4 6 1 1 9 3 1 1 1 2 3 2 2 5 1 3 8 1 4 6 1 9 1 5 4 5 8
 8 8 3 7 9 2 1 5 1 7 1 8 1 7 2 3 1 9 6 5 8 6 9 1 5 2 7 6 6 4 8 7 3 6 1 2 2
 3 3 5 5 1 9 3 1 8 2 1 7 7 5 4 7 8 5 4 6 2 1 2 4 7 6]
[7 7 4 7 2 4 6 6 4 1 4 6 1 1 9 3 1 1 1 2 3 2 2 5 1 3 8 1 4 6 1 9 1 5 4 5 8
 8 8 3 7 9 2 1 5 1 7 1 8 1 7 2 3 1 9 6 5 8 6 9 1 5 2 7 6 6 4 8 7 3 6 1 2 2
 3 3 5 5 1 9 3 1 8 2 1 7 7 5 4 7 8 5 4 6 2 1 2 4 7 6]
[50, 50, 50, 50, 50, 29, 50, 50, 24, 50, 19, 29, 50, 50, 42, 50, 22, 42, 50, 18, 32, 10, 50, 50, 50, 21, 18, 50, 50, 39, 50, 10, 50, 50, 10, 39, 25, 15, 50, 50, 50, 50, 19, 50, 35, 43, 33, 27, 26, 50, 50, 50, 18, 44, 50, 43, 50, 13, 23, 50, 50, 47, 22, 50, 50, 25, 40, 32, 50, 35, 50, 50, 48, 50, 50, 50, 50, 50, 50, 47, 32, 50, 18, 30, 50, 50, 29, 50, 50, 16, 26, 50, 24, 50, 34, 50, 50, 50, 50, 27]
[0 0 0 0 0 0 0 0 0 0 0 0 0 0 0 0 0 0 0 0 0 0 0 0 0 0 0 0 0 0 0 0 0 0 0 0 0
 0 0 0 0 0 0 0 0 0 0 0 0 0 0 0 0 0 0 0 0 0 0 0 0 0 0 0 0 0 0 0 0 0 0 0 0 0
 0 0 0 0 0 0 0 0 0 0 0 0 0 0 0 0 0 0 0 0 0 0 0 0 0 0]
[1 1 1 1 1 1 1 1 1 1 1 1 1 1 1 1 1 1 1 1 1 1 1 1 1 1 1 1 1 1 1 1 1 1 1 1 1
 1 1 1 1 1 1 1 1 1 1 1 1 1 1 1 1 1 1 1 1 1 1 1 1 1 1 1 1 1 1 1 1 1 1 1 1 1
 1 1 1 1 1 1 1 1 1 1 1 1 1 1 1 1 1 1 1 1 1 1 1 1 1 1]
