[ 0  1  2  3  4  5  6  7  8  9 10 11 12 13 14 15 16 17 18 19 20 21 22 23
 24 25 26 27 28 29 30 31 32 33 34 35 36 37 38 39 40 41 42 43 44 45 46 47
 48 49 50 51 52 53 54 55 56 57 58 59 60 61 62 63 64 65 66 67 68 69 70 71
 72 73 74 75 76 77 78 79 80 81 82 83 84 85 86 87 88 89 90 91 92 93 94 95
 96 97 98 99]
[68 58 -1 15  0 59 72 91 38 80 76 -1 -1 95 17 57 -1 46 -1 -1 65 -1 51 47
 76 -1 59 -1 39 51 57 70 87 95 15 -1 -1 -1 -1 46 76 -1 -1 93 43 -1 -1 75
 86 96 -1 -1 -1 91 87 13 11 51 93 95 23 64 32  4 31 37 58 74 60 57 21 97
 26 38 90 -1 -1 38 -1 34 94 29 -1 54 -1 -1 -1 45 11 88 83 -1 -1 -1 73 -1
 61 89 -1 56]
[1 1 0 0 0 1 1 1 0 0 1 1 1 1 0 1 0 1 1 0 0 1 1 1 0 1 0 0 1 1 0 0 1 1 0 0 0
 0 1 1 0 0 1 0 0 0 0 0 0 1 0 1 1 0 0 1 0 1 1 0 0 0 0 1 0 0 1 0 1 1 0 0 1 1
 1 1 0 0 0 1 0 1 0 1 0 0 0 0 1 0 1 0 1 0 1 1 0 1 0 1]
[1 2 1 0 3 0 0 0 0 3 3 1 1 0 0 1 1 3 0 0 0 0 0 0 0 1 0 1 4 0 0 1 4 0 1 2 0
 0 0 3 0 0 0 0 1 0 2 4 0 3 0 0 2 1 0 1 0 4 1 4 0 0 1 0 0 0 1 2 3 0 2 4 0 0
 1 0 3 3 0 0 0 1 0 0 1 0 0 0 2 1 0 0 2 0 3 3 2 0 3 0]
[1 2 1 0 3 0 0 0 0 3 3 1 1 0 0 1 1 3 0 0 0 0 0 0 0 1 0 1 4 0 0 1 4 0 1 2 0
 0 0 3 0 0 0 0 1 0 2 4 0 3 0 0 2 1 0 1 0 4 1 4 0 0 1 0 0 0 1 2 3 0 2 4 0 0
 1 0 3 3 0 0 0 1 0 0 1 0 0 0 2 1 0 0 2 0 3 3 2 0 3 0]
[5 1 2 1 7 4 8 1 2 9 4 5 6 9 1 9 3 2 4 8 6 5 6 6 9 4 8 2 8 1 7 5 1 2 8 2 1
 4 6 3 7 8 4 3 7 5 2 2 4 7 6 3 3 1 4 8 6 3 5 7 3 2 3 4 7 2 9 5 8 2 7 6 6 8
 6 9 5 7 7 8 5 5 1 2 1 2 5 6 2 7 8 6 8 1 3 3 4 9 1 3]
[5 1 2 1 7 4 8 1 2 9 4 5 6 9 1 9 3 2 4 8 6 5 6 6 9 4 8 2 8 1 7 5 1 2 8 2 1
 4 6 3 7 8 4 3 7 5 2 2 4 7 6 3 3 1 4 8 6 3 5 7 3 2 3 4 7 2 9 5 8 2 7 6 6 8
 6 9 5 7 7 8 5 5 1 2 1 2 5 6 2 7 8 6 8 1 3 3 4 9 1 3]
[40, 50, 50, 23, 24, 22, 50, 50, 25, 33, 48, 49, 50, 50, 50, 36, 50, 50, 50, 26, 50, 10, 47, 50, 50, 20, 45, 50, 50, 50, 24, 50, 50, 37, 32, 50, 41, 50, 50, 50, 50, 50, 40, 50, 50, 50, 35, 19, 36, 50, 50, 50, 50, 50, 50, 42, 18, 50, 15, 50, 50, 16, 22, 25, 50, 50, 50, 22, 23, 50, 30, 30, 45, 50, 50, 39, 26, 33, 40, 50, 25, 44, 25, 50, 45, 50, 29, 49, 40, 33, 11, 26, 42, 50, 22, 40, 50, 12, 48, 21]
[0 0 0 0 0 0 0 0 0 0 0 0 0 0 0 0 0 0 0 0 0 0 0 0 0 0 0 0 0 0 0 0 0 0 0 0 0
 0 0 0 0 0 0 0 0 0 0 0 0 0 0 0 0 0 0 0 0 0 0 0 0 0 0 0 0 0 0 0 0 0 0 0 0 0
 0 0 0 0 0 0 0 0 0 0 0 0 0 0 0 0 0 0 0 0 0 0 0 0 0 0]
[1 1 1 1 1 1 1 1 1 1 1 1 1 1 1 1 1 1 1 1 1 1 1 1 1 1 1 1 1 1 1 1 1 1 1 1 1
 1 1 1 1 1 1 1 1 1 1 1 1 1 1 1 1 1 1 1 1 1 1 1 1 1 1 1 1 1 1 1 1 1 1 1 1 1
 1 1 1 1 1 1 1 1 1 1 1 1 1 1 1 1 1 1 1 1 1 1 1 1 1 1]
