[ 0  1  2  3  4  5  6  7  8  9 10 11 12 13 14 15 16 17 18 19 20 21 22 23
 24 25 26 27 28 29 30 31 32 33 34 35 36 37 38 39 40 41 42 43 44 45 46 47
 48 49 50 51 52 53 54 55 56 57 58 59 60 61 62 63 64 65 66 67 68 69 70 71
 72 73 74 75 76 77 78 79 80 81 82 83 84 85 86 87 88 89 90 91 92 93 94 95
 96 97 98 99]
[47 -1 -1 73 -1 15 -1 -1 62 -1 51 20 21 -1 47 41 -1 -1 -1 -1 14 87 19 44
 99 60 -1 -1 47 77 45 55 89 99 47 56 15 -1 16 16 -1 76 96 -1  5  9 82 38
 -1 90 -1 -1 17 25 -1 89 61 54 70 -1 -1 12 -1 -1 68 -1  9 52 -1 24 55 81
 51 93 -1 -1 98 63 70 32 86 56 61 -1 19 -1  1 -1 87 18 17 -1 83 98  7 10
 -1 75 74 83]
[1 1 0 0 1 1 1 0 1 0 0 1 0 0 1 1 0 0 1 0 1 0 1 0 0 1 1 1 0 1 0 1 1 1 1 1 0
 1 0 0 1 0 1 1 0 1 0 0 1 1 0 0 0 1 0 1 0 1 0 1 0 0 0 1 0 0 0 0 1 0 1 0 1 0
 1 0 0 1 0 1 1 0 0 1 0 1 0 0 0 1 1 0 1 1 0 1 1 1 0 1]
[0 3 0 1 0 2 1 4 4 0 4 3 2 0 4 3 0 4 0 4 2 3 2 0 0 4 1 0 0 4 4 1 4 1 3 3 3
 1 0 1 0 1 0 0 3 0 0 1 3 4 4 2 3 4 0 3 0 0 1 0 0 0 0 1 1 1 0 0 0 0 2 3 0 0
 4 1 0 1 0 2 0 0 1 0 0 2 0 0 0 2 0 0 0 0 2 0 0 0 1 3]
[0 3 0 1 0 2 1 4 4 0 4 3 2 0 4 3 0 4 0 4 2 3 2 0 0 4 1 0 0 4 4 1 4 1 3 3 3
 1 0 1 0 1 0 0 3 0 0 1 3 4 4 2 3 4 0 3 0 0 1 0 0 0 0 1 1 1 0 0 0 0 2 3 0 0
 4 1 0 1 0 2 0 0 1 0 0 2 0 0 0 2 0 0 0 0 2 0 0 0 1 3]
[2 8 6 9 4 6 1 2 6 6 2 7 2 1 8 4 6 1 3 7 9 4 6 3 2 7 8 4 1 5 5 1 2 9 4 5 7
 2 7 7 8 9 8 1 3 4 3 4 9 2 7 7 2 1 5 9 3 5 2 5 2 5 6 4 2 9 1 7 9 8 7 6 2 4
 5 5 2 6 1 4 3 7 1 2 1 9 1 5 4 1 6 9 1 8 2 8 2 1 8 6]
[2 8 6 9 4 6 1 2 6 6 2 7 2 1 8 4 6 1 3 7 9 4 6 3 2 7 8 4 1 5 5 1 2 9 4 5 7
 2 7 7 8 9 8 1 3 4 3 4 9 2 7 7 2 1 5 9 3 5 2 5 2 5 6 4 2 9 1 7 9 8 7 6 2 4
 5 5 2 6 1 4 3 7 1 2 1 9 1 5 4 1 6 9 1 8 2 8 2 1 8 6]
[50, 45, 50, 50, 35, 26, 50, 18, 42, 50, 15, 28, 25, 50, 11, 19, 50, 50, 50, 50, 39, 43, 49, 50, 28, 43, 50, 50, 50, 50, 50, 50, 14, 31, 50, 50, 17, 44, 50, 22, 26, 39, 50, 28, 50, 50, 50, 49, 47, 50, 50, 50, 35, 36, 50, 42, 21, 50, 12, 14, 13, 50, 50, 50, 28, 50, 28, 50, 25, 50, 50, 29, 50, 19, 50, 50, 19, 50, 38, 26, 50, 50, 30, 50, 23, 42, 50, 50, 30, 41, 50, 50, 50, 50, 17, 46, 17, 50, 50, 36]
[0 0 0 0 0 0 0 0 0 0 0 0 0 0 0 0 0 0 0 0 0 0 0 0 0 0 0 0 0 0 0 0 0 0 0 0 0
 0 0 0 0 0 0 0 0 0 0 0 0 0 0 0 0 0 0 0 0 0 0 0 0 0 0 0 0 0 0 0 0 0 0 0 0 0
 0 0 0 0 0 0 0 0 0 0 0 0 0 0 0 0 0 0 0 0 0 0 0 0 0 0]
[1 1 1 1 1 1 1 1 1 1 1 1 1 1 1 1 1 1 1 1 1 1 1 1 1 1 1 1 1 1 1 1 1 1 1 1 1
 1 1 1 1 1 1 1 1 1 1 1 1 1 1 1 1 1 1 1 1 1 1 1 1 1 1 1 1 1 1 1 1 1 1 1 1 1
 1 1 1 1 1 1 1 1 1 1 1 1 1 1 1 1 1 1 1 1 1 1 1 1 1 1]
