[ 0  1  2  3  4  5  6  7  8  9 10 11 12 13 14 15 16 17 18 19 20 21 22 23
 24 25 26 27 28 29 30 31 32 33 34 35 36 37 38 39 40 41 42 43 44 45 46 47
 48 49 50 51 52 53 54 55 56 57 58 59 60 61 62 63 64 65 66 67 68 69 70 71
 72 73 74 75 76 77 78 79 80 81 82 83 84 85 86 87 88 89 90 91 92 93 94 95
 96 97 98 99]
[33 -1 81 -1 58 -1 -1 59 40 -1  3 32 17 -1 49 73 -1 78  6 24 88 -1 -1 76
  4 -1 36 35 70 70 22  9 25 57 89 -1 85 -1 97 13 83 45 49  3 97 53 39 36
 -1  4 51 62 96 92 23 -1 -1 61 -1 -1 -1 34 -1 81 50 31 33 -1 20 89 64 -1
 -1  8 82 -1 57 45 -1 85 -1 -1 71 71 21 -1 49 96 72 12 83 80 -1 72 42 -1
 -1 -1 -1 80]
[1 0 1 1 0 0 0 1 0 1 0 1 0 0 1 1 0 1 0 1 0 0 0 1 1 1 0 0 1 1 1 1 1 1 0 1 0
 1 0 0 1 1 1 0 0 1 1 0 0 0 0 1 0 0 1 1 1 1 0 1 0 0 0 1 0 0 1 1 0 1 0 1 0 0
 0 0 0 0 0 0 0 1 1 0 0 0 0 1 0 0 1 1 1 1 0 1 1 1 0 0]
[2 1 0 3 0 4 3 4 3 0 0 2 1 3 0 3 3 0 0 4 1 0 0 0 0 1 0 0 1 0 0 2 0 1 0 4 2
 1 0 0 2 2 1 1 0 1 0 0 2 2 0 0 1 0 0 1 0 2 3 0 0 0 3 1 0 0 0 0 0 0 0 0 2 3
 0 2 0 0 0 3 0 0 3 0 2 0 3 0 4 4 1 4 1 0 0 0 3 2 0 0]
[2 1 0 3 0 4 3 4 3 0 0 2 1 3 0 3 3 0 0 4 1 0 0 0 0 1 0 0 1 0 0 2 0 1 0 4 2
 1 0 0 2 2 1 1 0 1 0 0 2 2 0 0 1 0 0 1 0 2 3 0 0 0 3 1 0 0 0 0 0 0 0 0 2 3
 0 2 0 0 0 3 0 0 3 0 2 0 3 0 4 4 1 4 1 0 0 0 3 2 0 0]
[9 4 2 4 8 5 5 8 6 3 3 9 2 9 9 8 4 4 6 9 4 3 3 1 5 7 5 6 1 1 5 9 2 3 9 6 2
 8 7 1 4 3 4 4 5 3 7 6 2 3 2 7 5 7 5 5 4 4 2 2 6 6 4 3 9 7 9 3 5 2 1 6 4 5
 6 1 1 5 3 8 1 5 3 8 7 9 8 9 6 2 6 4 3 5 7 9 7 5 5 3]
[9 4 2 4 8 5 5 8 6 3 3 9 2 9 9 8 4 4 6 9 4 3 3 1 5 7 5 6 1 1 5 9 2 3 9 6 2
 8 7 1 4 3 4 4 5 3 7 6 2 3 2 7 5 7 5 5 4 4 2 2 6 6 4 3 9 7 9 3 5 2 1 6 4 5
 6 1 1 5 3 8 1 5 3 8 7 9 8 9 6 2 6 4 3 5 7 9 7 5 5 3]
[50, 50, 50, 50, 40, 50, 36, 43, 50, 50, 41, 50, 35, 50, 13, 50, 50, 44, 50, 50, 50, 45, 26, 50, 50, 21, 17, 10, 50, 50, 27, 22, 20, 35, 40, 50, 50, 39, 44, 32, 10, 50, 50, 50, 50, 16, 27, 50, 28, 50, 43, 50, 50, 12, 50, 50, 50, 50, 18, 40, 50, 15, 24, 50, 40, 50, 39, 27, 28, 43, 34, 49, 50, 50, 50, 50, 18, 17, 43, 27, 50, 50, 50, 50, 44, 31, 50, 50, 42, 50, 16, 50, 36, 50, 23, 25, 28, 50, 50, 27]
[0 0 0 0 0 0 0 0 0 0 0 0 0 0 0 0 0 0 0 0 0 0 0 0 0 0 0 0 0 0 0 0 0 0 0 0 0
 0 0 0 0 0 0 0 0 0 0 0 0 0 0 0 0 0 0 0 0 0 0 0 0 0 0 0 0 0 0 0 0 0 0 0 0 0
 0 0 0 0 0 0 0 0 0 0 0 0 0 0 0 0 0 0 0 0 0 0 0 0 0 0]
[1 1 1 1 1 1 1 1 1 1 1 1 1 1 1 1 1 1 1 1 1 1 1 1 1 1 1 1 1 1 1 1 1 1 1 1 1
 1 1 1 1 1 1 1 1 1 1 1 1 1 1 1 1 1 1 1 1 1 1 1 1 1 1 1 1 1 1 1 1 1 1 1 1 1
 1 1 1 1 1 1 1 1 1 1 1 1 1 1 1 1 1 1 1 1 1 1 1 1 1 1]
