[ 0  1  2  3  4  5  6  7  8  9 10 11 12 13 14 15 16 17 18 19 20 21 22 23
 24 25 26 27 28 29 30 31 32 33 34 35 36 37 38 39 40 41 42 43 44 45 46 47
 48 49 50 51 52 53 54 55 56 57 58 59 60 61 62 63 64 65 66 67 68 69 70 71
 72 73 74 75 76 77 78 79 80 81 82 83 84 85 86 87 88 89 90 91 92 93 94 95
 96 97 98 99]
[-1 46 48 82  2 40 37 77 34 85 49 38 96 25 60 47 47 -1  5 57 12 -1 57 -1
 20  7 28 57 -1 35 77 -1 20 18 25 -1 38 92 86 -1 46 28 12 -1 -1 -1 77 72
 35 96 -1  2 -1 -1 25 74 31 40 99 18 16 58 26 10 68 26 96 -1 94  3 -1 -1
  2 -1 -1 99 -1 -1 91 48 46  0 -1 79 16 -1 -1 -1 66  9 32  9 40 -1 20 56
 -1 36 82 85]
[1 0 0 0 1 0 0 0 0 0 1 1 0 0 1 0 0 0 1 1 1 1 1 1 1 1 0 0 1 0 0 1 0 1 0 1 0
 0 0 0 0 0 0 0 0 0 1 1 0 1 0 1 0 0 0 0 0 0 0 0 1 0 1 1 1 1 0 0 1 0 0 0 0 0
 1 1 0 1 0 0 0 0 1 0 0 0 1 0 0 1 1 1 1 0 0 0 1 0 1 1]
[0 3 0 1 2 0 0 0 2 1 1 4 3 0 0 0 3 0 0 0 3 0 0 4 0 3 0 1 0 2 0 4 0 2 0 0 0
 3 0 1 1 0 2 3 1 3 0 2 0 0 0 0 0 3 4 3 0 3 1 0 0 0 1 3 1 0 4 3 0 2 4 1 0 0
 2 4 0 1 0 0 0 4 0 0 0 0 1 0 0 4 4 4 0 0 1 0 0 1 1 3]
[0 3 0 1 2 0 0 0 2 1 1 4 3 0 0 0 3 0 0 0 3 0 0 4 0 3 0 1 0 2 0 4 0 2 0 0 0
 3 0 1 1 0 2 3 1 3 0 2 0 0 0 0 0 3 4 3 0 3 1 0 0 0 1 3 1 0 4 3 0 2 4 1 0 0
 2 4 0 1 0 0 0 4 0 0 0 0 1 0 0 4 4 4 0 0 1 0 0 1 1 3]
[1 4 2 6 2 9 6 6 5 7 6 6 7 6 2 4 4 3 8 8 7 3 6 3 6 6 9 7 7 7 5 2 2 8 8 5 6
 5 1 7 8 5 6 1 9 4 4 9 9 4 4 5 5 8 4 6 7 8 5 7 6 7 1 5 7 7 3 2 2 5 2 2 1 6
 8 4 5 4 4 1 1 6 5 2 9 5 2 8 2 5 1 3 2 5 4 5 2 1 4 1]
[1 4 2 6 2 9 6 6 5 7 6 6 7 6 2 4 4 3 8 8 7 3 6 3 6 6 9 7 7 7 5 2 2 8 8 5 6
 5 1 7 8 5 6 1 9 4 4 9 9 4 4 5 5 8 4 6 7 8 5 7 6 7 1 5 7 7 3 2 2 5 2 2 1 6
 8 4 5 4 4 1 1 6 5 2 9 5 2 8 2 5 1 3 2 5 4 5 2 1 4 1]
[40, 46, 50, 10, 50, 50, 50, 50, 24, 44, 50, 39, 50, 50, 50, 50, 10, 50, 50, 50, 10, 33, 49, 15, 16, 18, 50, 50, 46, 49, 50, 50, 40, 50, 10, 14, 13, 50, 35, 44, 47, 50, 13, 50, 24, 50, 46, 50, 50, 50, 40, 18, 13, 50, 49, 45, 50, 50, 50, 30, 42, 50, 14, 50, 39, 50, 17, 50, 17, 34, 50, 50, 50, 50, 24, 50, 50, 50, 50, 14, 50, 30, 50, 12, 21, 50, 50, 50, 50, 50, 50, 50, 11, 50, 38, 36, 50, 50, 50, 21]
[0 0 0 0 0 0 0 0 0 0 0 0 0 0 0 0 0 0 0 0 0 0 0 0 0 0 0 0 0 0 0 0 0 0 0 0 0
 0 0 0 0 0 0 0 0 0 0 0 0 0 0 0 0 0 0 0 0 0 0 0 0 0 0 0 0 0 0 0 0 0 0 0 0 0
 0 0 0 0 0 0 0 0 0 0 0 0 0 0 0 0 0 0 0 0 0 0 0 0 0 0]
[1 1 1 1 1 1 1 1 1 1 1 1 1 1 1 1 1 1 1 1 1 1 1 1 1 1 1 1 1 1 1 1 1 1 1 1 1
 1 1 1 1 1 1 1 1 1 1 1 1 1 1 1 1 1 1 1 1 1 1 1 1 1 1 1 1 1 1 1 1 1 1 1 1 1
 1 1 1 1 1 1 1 1 1 1 1 1 1 1 1 1 1 1 1 1 1 1 1 1 1 1]
