[ 0  1  2  3  4  5  6  7  8  9 10 11 12 13 14 15 16 17 18 19 20 21 22 23
 24 25 26 27 28 29 30 31 32 33 34 35 36 37 38 39 40 41 42 43 44 45 46 47
 48 49 50 51 52 53 54 55 56 57 58 59 60 61 62 63 64 65 66 67 68 69 70 71
 72 73 74 75 76 77 78 79 80 81 82 83 84 85 86 87 88 89 90 91 92 93 94 95
 96 97 98 99]
[21  7 -1 -1 32 14 84 98 81 90 94 -1 -1 10 71 -1 -1 -1 43 58 76 17 14 -1
 67 -1 25 74 -1 -1 -1 25 64 99 54 -1  7  0 -1 60 10 78 63 84 -1 -1 68 16
 -1 -1 62 67  7 93 37  3 14 -1 99 27 98 70 48 -1 -1 -1 51 30 14 17 77 -1
 56 22 62 45 34 11 32 14 -1  0 50 71 -1 -1 10 -1 -1 58 55 55 -1 36 -1 77
 33 -1 73 -1]
[1 0 1 1 0 0 1 0 1 1 1 0 0 0 1 1 1 0 0 0 1 1 0 0 1 1 0 1 0 1 1 0 0 0 0 1 0
 0 1 1 0 1 0 0 1 1 1 0 1 0 0 1 1 1 1 1 1 1 1 1 1 0 1 0 0 1 1 1 1 1 0 1 1 1
 0 0 1 0 0 0 1 1 0 0 0 1 0 1 0 0 0 1 1 0 0 1 1 1 0 0]
[0 3 2 0 3 4 0 0 2 0 0 0 0 0 0 3 1 1 0 3 0 3 0 0 0 2 2 2 4 0 1 0 2 1 0 0 0
 0 0 0 0 4 1 0 0 0 4 0 0 0 2 1 0 4 2 0 0 1 1 1 0 0 0 0 1 3 4 1 1 0 3 4 0 3
 0 0 3 2 1 4 1 4 1 1 3 0 3 1 2 1 4 0 4 0 0 3 3 0 0 3]
[0 3 2 0 3 4 0 0 2 0 0 0 0 0 0 3 1 1 0 3 0 3 0 0 0 2 2 2 4 0 1 0 2 1 0 0 0
 0 0 0 0 4 1 0 0 0 4 0 0 0 2 1 0 4 2 0 0 1 1 1 0 0 0 0 1 3 4 1 1 0 3 4 0 3
 0 0 3 2 1 4 1 4 1 1 3 0 3 1 2 1 4 0 4 0 0 3 3 0 0 3]
[7 7 7 8 6 5 8 8 6 9 6 7 3 5 3 6 8 2 9 3 1 3 3 1 9 5 8 2 1 2 3 3 1 7 1 3 1
 3 7 6 5 3 1 3 5 3 9 7 7 7 2 8 4 3 6 8 2 1 8 7 3 4 7 5 3 4 9 4 2 6 3 4 9 4
 7 7 8 2 9 5 5 1 7 7 5 6 5 5 1 9 5 7 4 2 1 3 6 2 5 2]
[7 7 7 8 6 5 8 8 6 9 6 7 3 5 3 6 8 2 9 3 1 3 3 1 9 5 8 2 1 2 3 3 1 7 1 3 1
 3 7 6 5 3 1 3 5 3 9 7 7 7 2 8 4 3 6 8 2 1 8 7 3 4 7 5 3 4 9 4 2 6 3 4 9 4
 7 7 8 2 9 5 5 1 7 7 5 6 5 5 1 9 5 7 4 2 1 3 6 2 5 2]
[33, 34, 50, 50, 44, 50, 50, 42, 50, 39, 12, 29, 46, 50, 39, 50, 33, 40, 47, 32, 50, 34, 25, 49, 50, 48, 16, 32, 30, 45, 50, 26, 48, 19, 50, 44, 50, 50, 50, 22, 50, 50, 50, 50, 13, 30, 46, 46, 50, 50, 26, 50, 15, 13, 50, 46, 40, 50, 50, 50, 35, 48, 50, 43, 46, 34, 27, 50, 50, 50, 41, 14, 42, 22, 50, 35, 50, 50, 16, 10, 50, 50, 31, 11, 42, 45, 50, 50, 20, 44, 50, 50, 50, 39, 46, 50, 49, 50, 11, 16]
[0 0 0 0 0 0 0 0 0 0 0 0 0 0 0 0 0 0 0 0 0 0 0 0 0 0 0 0 0 0 0 0 0 0 0 0 0
 0 0 0 0 0 0 0 0 0 0 0 0 0 0 0 0 0 0 0 0 0 0 0 0 0 0 0 0 0 0 0 0 0 0 0 0 0
 0 0 0 0 0 0 0 0 0 0 0 0 0 0 0 0 0 0 0 0 0 0 0 0 0 0]
[1 1 1 1 1 1 1 1 1 1 1 1 1 1 1 1 1 1 1 1 1 1 1 1 1 1 1 1 1 1 1 1 1 1 1 1 1
 1 1 1 1 1 1 1 1 1 1 1 1 1 1 1 1 1 1 1 1 1 1 1 1 1 1 1 1 1 1 1 1 1 1 1 1 1
 1 1 1 1 1 1 1 1 1 1 1 1 1 1 1 1 1 1 1 1 1 1 1 1 1 1]
