[ 0  1  2  3  4  5  6  7  8  9 10 11 12 13 14 15 16 17 18 19 20 21 22 23
 24 25 26 27 28 29 30 31 32 33 34 35 36 37 38 39 40 41 42 43 44 45 46 47
 48 49 50 51 52 53 54 55 56 57 58 59 60 61 62 63 64 65 66 67 68 69 70 71
 72 73 74 75 76 77 78 79 80 81 82 83 84 85 86 87 88 89 90 91 92 93 94 95
 96 97 98 99]
[99 -1 92 39 29 77 18 87 49 38 -1 90 -1 80 -1 33 -1 56 99 -1 -1 83 86 71
 -1 14 61 74 53 -1 31 17 -1 63 67 20 -1 -1 54 -1 26 -1 35 -1 42 -1 -1 41
 28 43 91 86 18 -1 73 34 35 59 77 19 -1 29 -1 22 60 74 -1 -1 -1 -1  0 -1
 46 21  6 -1 77 -1 11 33 -1 80 -1 -1 50 90 55 -1 -1 27 35 89 -1 43 63 -1
  6 -1 66 -1]
[0 1 1 0 0 0 1 0 0 1 0 0 0 1 0 1 1 0 1 1 1 0 1 1 1 0 0 1 0 0 0 1 0 0 1 0 1
 0 0 1 1 1 1 1 1 0 1 0 1 0 0 1 0 0 1 0 0 0 0 0 0 0 1 1 1 1 1 0 0 1 1 0 1 1
 0 1 1 1 0 1 1 0 1 1 1 1 1 0 0 0 1 0 1 1 1 0 0 1 0 1]
[3 0 2 2 0 2 4 1 1 0 0 2 2 0 0 0 1 0 0 2 4 0 0 2 3 0 3 0 0 0 0 4 3 2 2 0 0
 0 0 1 3 0 0 0 0 3 2 4 0 4 0 3 0 0 0 4 3 0 0 0 0 1 0 0 2 3 0 3 0 0 1 3 0 0
 0 4 3 0 1 3 3 3 0 2 0 0 0 4 3 0 0 0 0 1 2 4 0 0 0 0]
[3 0 2 2 0 2 4 1 1 0 0 2 2 0 0 0 1 0 0 2 4 0 0 2 3 0 3 0 0 0 0 4 3 2 2 0 0
 0 0 1 3 0 0 0 0 3 2 4 0 4 0 3 0 0 0 4 3 0 0 0 0 1 0 0 2 3 0 3 0 0 1 3 0 0
 0 4 3 0 1 3 3 3 0 2 0 0 0 4 3 0 0 0 0 1 2 4 0 0 0 0]
[4 2 5 3 2 7 4 6 1 8 9 7 7 8 7 2 4 1 5 9 7 8 1 6 7 8 2 5 5 3 6 8 1 2 1 8 8
 4 8 6 7 5 6 5 3 3 7 4 4 6 1 6 3 2 4 4 4 1 5 4 1 4 5 6 2 1 1 9 1 5 2 3 6 4
 8 5 7 7 3 9 7 4 9 8 7 7 7 6 9 4 4 2 6 9 8 4 2 8 2 1]
[4 2 5 3 2 7 4 6 1 8 9 7 7 8 7 2 4 1 5 9 7 8 1 6 7 8 2 5 5 3 6 8 1 2 1 8 8
 4 8 6 7 5 6 5 3 3 7 4 4 6 1 6 3 2 4 4 4 1 5 4 1 4 5 6 2 1 1 9 1 5 2 3 6 4
 8 5 7 7 3 9 7 4 9 8 7 7 7 6 9 4 4 2 6 9 8 4 2 8 2 1]
[30, 32, 50, 50, 33, 50, 50, 33, 32, 46, 50, 38, 28, 44, 34, 21, 16, 25, 50, 50, 21, 23, 24, 20, 50, 50, 49, 49, 50, 50, 37, 44, 36, 50, 45, 37, 39, 50, 19, 21, 49, 50, 50, 25, 50, 50, 32, 33, 42, 42, 50, 50, 50, 21, 47, 50, 50, 32, 34, 16, 50, 11, 50, 50, 50, 23, 50, 50, 38, 23, 23, 50, 50, 37, 50, 17, 25, 50, 12, 50, 50, 43, 50, 34, 29, 37, 43, 39, 50, 50, 25, 50, 50, 50, 44, 50, 48, 50, 50, 50]
[0 0 0 0 0 0 0 0 0 0 0 0 0 0 0 0 0 0 0 0 0 0 0 0 0 0 0 0 0 0 0 0 0 0 0 0 0
 0 0 0 0 0 0 0 0 0 0 0 0 0 0 0 0 0 0 0 0 0 0 0 0 0 0 0 0 0 0 0 0 0 0 0 0 0
 0 0 0 0 0 0 0 0 0 0 0 0 0 0 0 0 0 0 0 0 0 0 0 0 0 0]
[1 1 1 1 1 1 1 1 1 1 1 1 1 1 1 1 1 1 1 1 1 1 1 1 1 1 1 1 1 1 1 1 1 1 1 1 1
 1 1 1 1 1 1 1 1 1 1 1 1 1 1 1 1 1 1 1 1 1 1 1 1 1 1 1 1 1 1 1 1 1 1 1 1 1
 1 1 1 1 1 1 1 1 1 1 1 1 1 1 1 1 1 1 1 1 1 1 1 1 1 1]
