[ 0  1  2  3  4  5  6  7  8  9 10 11 12 13 14 15 16 17 18 19 20 21 22 23
 24 25 26 27 28 29 30 31 32 33 34 35 36 37 38 39 40 41 42 43 44 45 46 47
 48 49 50 51 52 53 54 55 56 57 58 59 60 61 62 63 64 65 66 67 68 69 70 71
 72 73 74 75 76 77 78 79 80 81 82 83 84 85 86 87 88 89 90 91 92 93 94 95
 96 97 98 99]
[32 46 42 24  0 -1 44 94 62 -1 61 -1 -1 -1 70 -1 -1 -1 41 -1 -1 67 73 49
 98 -1  2 -1 -1 -1 -1 26 -1 37  0 -1 12 83 -1 47 69 59  3  8 -1 -1  7 80
 -1 24 35  1 19 27 75 74 -1 39 -1 35  5 -1 -1 -1  3 76 -1  4  4 60 98 50
 80 17 32 52 11 66 76 46 -1 86 44 53  9 -1 24 -1 13 21 21  3 20 -1 40 -1
 12 -1 -1 21]
[1 1 1 1 0 1 0 0 1 0 0 1 0 1 0 1 0 1 0 1 1 1 0 1 1 1 1 1 1 0 0 0 1 0 0 0 1
 1 1 1 1 0 0 0 0 0 1 1 0 0 0 0 0 1 1 1 1 0 1 1 1 1 1 1 0 0 0 0 0 1 1 0 1 1
 0 1 0 1 1 1 0 1 0 1 0 1 1 1 0 1 0 0 1 0 1 1 1 1 0 0]
[2 1 0 3 1 0 4 2 4 1 1 0 1 4 0 0 2 2 1 0 0 3 0 0 0 1 0 0 1 3 0 0 0 2 1 3 0
 3 4 2 0 4 3 3 0 2 2 3 2 0 0 0 0 0 0 0 1 0 0 0 0 2 0 4 4 1 0 0 3 2 1 2 0 0
 3 4 2 0 0 1 0 2 0 3 0 2 0 0 3 2 3 4 0 4 1 1 1 0 0 0]
[2 1 0 3 1 0 4 2 4 1 1 0 1 4 0 0 2 2 1 0 0 3 0 0 0 1 0 0 1 3 0 0 0 2 1 3 0
 3 4 2 0 4 3 3 0 2 2 3 2 0 0 0 0 0 0 0 1 0 0 0 0 2 0 4 4 1 0 0 3 2 1 2 0 0
 3 4 2 0 0 1 0 2 0 3 0 2 0 0 3 2 3 4 0 4 1 1 1 0 0 0]
[8 5 1 4 6 1 9 1 9 7 8 3 1 6 3 9 4 1 9 3 3 8 6 3 8 5 8 9 5 4 7 8 9 8 2 8 7
 4 9 5 1 8 8 5 6 5 2 8 7 4 4 7 7 5 5 3 4 8 3 5 2 8 6 7 7 3 4 2 6 8 4 1 1 2
 8 4 5 5 7 5 1 3 4 6 3 5 9 7 8 9 4 7 3 1 9 7 8 9 3 6]
[8 5 1 4 6 1 9 1 9 7 8 3 1 6 3 9 4 1 9 3 3 8 6 3 8 5 8 9 5 4 7 8 9 8 2 8 7
 4 9 5 1 8 8 5 6 5 2 8 7 4 4 7 7 5 5 3 4 8 3 5 2 8 6 7 7 3 4 2 6 8 4 1 1 2
 8 4 5 5 7 5 1 3 4 6 3 5 9 7 8 9 4 7 3 1 9 7 8 9 3 6]
[22, 50, 12, 39, 43, 50, 41, 23, 37, 50, 11, 50, 27, 50, 50, 27, 36, 50, 43, 50, 50, 11, 50, 10, 50, 50, 50, 42, 50, 35, 21, 50, 36, 47, 50, 50, 31, 27, 50, 37, 37, 12, 50, 16, 43, 50, 35, 42, 19, 50, 50, 33, 50, 44, 50, 50, 50, 47, 29, 50, 31, 11, 29, 50, 26, 19, 19, 50, 50, 50, 50, 50, 50, 50, 38, 45, 28, 25, 50, 27, 50, 50, 50, 50, 32, 50, 50, 33, 50, 50, 50, 50, 37, 20, 50, 50, 50, 15, 50, 50]
[0 0 0 0 0 0 0 0 0 0 0 0 0 0 0 0 0 0 0 0 0 0 0 0 0 0 0 0 0 0 0 0 0 0 0 0 0
 0 0 0 0 0 0 0 0 0 0 0 0 0 0 0 0 0 0 0 0 0 0 0 0 0 0 0 0 0 0 0 0 0 0 0 0 0
 0 0 0 0 0 0 0 0 0 0 0 0 0 0 0 0 0 0 0 0 0 0 0 0 0 0]
[1 1 1 1 1 1 1 1 1 1 1 1 1 1 1 1 1 1 1 1 1 1 1 1 1 1 1 1 1 1 1 1 1 1 1 1 1
 1 1 1 1 1 1 1 1 1 1 1 1 1 1 1 1 1 1 1 1 1 1 1 1 1 1 1 1 1 1 1 1 1 1 1 1 1
 1 1 1 1 1 1 1 1 1 1 1 1 1 1 1 1 1 1 1 1 1 1 1 1 1 1]
