[ 0  1  2  3  4  5  6  7  8  9 10 11 12 13 14 15 16 17 18 19 20 21 22 23
 24 25 26 27 28 29 30 31 32 33 34 35 36 37 38 39 40 41 42 43 44 45 46 47
 48 49 50 51 52 53 54 55 56 57 58 59 60 61 62 63 64 65 66 67 68 69 70 71
 72 73 74 75 76 77 78 79 80 81 82 83 84 85 86 87 88 89 90 91 92 93 94 95
 96 97 98 99]
[20 -1 -1 96 12 58 31  1 34 -1 97 36 33 -1 78 92 83 70 10 -1 22 36 70 52
 -1 -1 -1 64 -1 -1 -1  2 69 15 -1 -1 33 70 -1 -1 47 59 -1 -1 79 89 38 92
 56 90 -1 -1 71 -1 -1 -1 -1 -1 61 -1 36 63 37 84  8 99 84 49 94 -1 99 55
 -1 58 -1 41 42  3 63 26 -1 16 27 65 93 79  7 97 -1 17  6 -1 54 -1 64 -1
 82 99 -1 -1]
[1 1 0 0 0 1 0 1 1 1 0 0 1 1 0 0 1 0 1 1 0 1 1 0 0 0 1 1 1 0 0 1 1 1 1 0 1
 1 0 0 1 0 0 1 1 1 1 1 0 0 0 0 0 0 0 1 1 0 0 1 1 1 0 0 1 0 1 1 0 0 0 1 0 1
 1 1 1 0 0 0 1 1 0 1 0 0 0 1 1 1 0 1 0 0 0 0 1 1 1 1]
[4 0 2 4 0 3 4 3 0 0 0 4 0 0 0 3 3 0 1 0 0 2 3 0 3 2 4 0 0 4 2 0 2 0 0 3 1
 1 0 0 0 0 2 0 0 0 4 0 3 0 2 0 4 1 1 2 0 4 0 4 3 0 0 4 0 0 0 2 2 1 3 4 0 2
 3 0 0 0 4 0 0 0 4 0 0 0 0 2 4 2 0 1 0 0 3 0 0 0 0 3]
[4 0 2 4 0 3 4 3 0 0 0 4 0 0 0 3 3 0 1 0 0 2 3 0 3 2 4 0 0 4 2 0 2 0 0 3 1
 1 0 0 0 0 2 0 0 0 4 0 3 0 2 0 4 1 1 2 0 4 0 4 3 0 0 4 0 0 0 2 2 1 3 4 0 2
 3 0 0 0 4 0 0 0 4 0 0 0 0 2 4 2 0 1 0 0 3 0 0 0 0 3]
[9 1 4 7 9 3 9 4 3 2 8 3 2 1 2 4 6 9 9 7 3 5 2 3 8 4 6 9 6 2 9 5 6 1 1 7 2
 1 7 6 2 4 4 8 4 8 1 3 2 9 3 5 5 9 8 5 6 2 8 3 6 3 6 2 3 9 7 6 7 7 7 2 5 6
 5 7 8 4 3 5 8 7 9 6 6 8 7 7 7 5 6 1 8 5 9 2 5 8 3 5]
[9 1 4 7 9 3 9 4 3 2 8 3 2 1 2 4 6 9 9 7 3 5 2 3 8 4 6 9 6 2 9 5 6 1 1 7 2
 1 7 6 2 4 4 8 4 8 1 3 2 9 3 5 5 9 8 5 6 2 8 3 6 3 6 2 3 9 7 6 7 7 7 2 5 6
 5 7 8 4 3 5 8 7 9 6 6 8 7 7 7 5 6 1 8 5 9 2 5 8 3 5]
[46, 50, 50, 50, 15, 50, 17, 38, 47, 49, 28, 39, 40, 48, 12, 50, 50, 11, 17, 21, 50, 50, 50, 50, 50, 43, 50, 50, 14, 50, 50, 40, 50, 14, 50, 50, 39, 25, 38, 50, 50, 22, 50, 29, 50, 50, 50, 50, 50, 15, 50, 35, 50, 50, 26, 50, 42, 35, 41, 50, 50, 50, 44, 18, 21, 50, 50, 50, 31, 14, 30, 29, 15, 23, 50, 42, 37, 50, 50, 50, 50, 50, 50, 50, 24, 50, 42, 23, 50, 14, 48, 17, 50, 50, 50, 50, 12, 50, 50, 30]
[0 0 0 0 0 0 0 0 0 0 0 0 0 0 0 0 0 0 0 0 0 0 0 0 0 0 0 0 0 0 0 0 0 0 0 0 0
 0 0 0 0 0 0 0 0 0 0 0 0 0 0 0 0 0 0 0 0 0 0 0 0 0 0 0 0 0 0 0 0 0 0 0 0 0
 0 0 0 0 0 0 0 0 0 0 0 0 0 0 0 0 0 0 0 0 0 0 0 0 0 0]
[1 1 1 1 1 1 1 1 1 1 1 1 1 1 1 1 1 1 1 1 1 1 1 1 1 1 1 1 1 1 1 1 1 1 1 1 1
 1 1 1 1 1 1 1 1 1 1 1 1 1 1 1 1 1 1 1 1 1 1 1 1 1 1 1 1 1 1 1 1 1 1 1 1 1
 1 1 1 1 1 1 1 1 1 1 1 1 1 1 1 1 1 1 1 1 1 1 1 1 1 1]
