[ 0  1  2  3  4  5  6  7  8  9 10 11 12 13 14 15 16 17 18 19 20 21 22 23
 24 25 26 27 28 29 30 31 32 33 34 35 36 37 38 39 40 41 42 43 44 45 46 47
 48 49 50 51 52 53 54 55 56 57 58 59 60 61 62 63 64 65 66 67 68 69 70 71
 72 73 74 75 76 77 78 79 80 81 82 83 84 85 86 87 88 89 90 91 92 93 94 95
 96 97 98 99]
[-1 -1 53 66 -1 18 27 51 -1 68 20 22 -1 -1 94 80 31 -1 35 -1 -1 -1 -1 45
 33 -1 95 -1 -1 56 12 43 83 72 -1 70  8 80 84 -1 -1  3 51 66 38  3 43 44
 92 79 36 43 78 32 56 46 -1 -1 -1 97 73 21 -1 94 -1 67 10 35 10 70 -1 51
 -1 -1  7 13 55 -1 36 -1 51  1 71 71 99 79 -1  8 14 10  0 79  5 -1 15 -1
  7 67 18 13]
[1 1 1 0 0 0 0 1 1 1 1 1 0 0 0 0 1 1 1 1 1 0 0 0 0 1 0 0 0 0 1 1 0 1 1 0 1
 1 1 0 1 0 1 0 1 1 0 1 1 0 1 0 0 1 1 0 0 0 0 1 1 1 1 0 0 1 1 0 0 0 0 0 1 1
 0 1 0 1 1 0 1 0 0 1 1 1 1 1 1 0 0 0 0 1 0 1 0 1 0 0]
[0 0 3 0 1 3 2 0 0 0 0 2 1 1 0 0 2 2 0 2 0 0 1 3 0 0 2 0 0 2 1 3 0 1 0 0 0
 1 3 0 2 0 3 0 0 2 3 0 3 0 3 0 3 0 0 0 0 3 4 0 1 0 0 0 2 3 0 1 2 2 1 3 3 0
 0 0 0 3 4 0 2 0 4 0 0 0 2 3 2 1 0 1 4 0 0 2 0 2 0 0]
[0 0 3 0 1 3 2 0 0 0 0 2 1 1 0 0 2 2 0 2 0 0 1 3 0 0 2 0 0 2 1 3 0 1 0 0 0
 1 3 0 2 0 3 0 0 2 3 0 3 0 3 0 3 0 0 0 0 3 4 0 1 0 0 0 2 3 0 1 2 2 1 3 3 0
 0 0 0 3 4 0 2 0 4 0 0 0 2 3 2 1 0 1 4 0 0 2 0 2 0 0]
[9 6 7 9 9 1 6 3 9 9 5 9 3 7 2 5 2 6 2 6 3 2 6 7 5 8 3 7 3 8 5 8 3 8 2 8 5
 4 9 3 7 7 5 6 6 2 1 9 1 5 1 5 3 4 6 9 2 6 2 3 7 6 7 3 7 7 7 3 6 2 9 3 3 5
 5 1 4 3 9 8 5 7 2 4 4 7 7 7 2 5 1 2 2 5 2 6 2 8 3 4]
[9 6 7 9 9 1 6 3 9 9 5 9 3 7 2 5 2 6 2 6 3 2 6 7 5 8 3 7 3 8 5 8 3 8 2 8 5
 4 9 3 7 7 5 6 6 2 1 9 1 5 1 5 3 4 6 9 2 6 2 3 7 6 7 3 7 7 7 3 6 2 9 3 3 5
 5 1 4 3 9 8 5 7 2 4 4 7 7 7 2 5 1 2 2 5 2 6 2 8 3 4]
[34, 50, 50, 50, 11, 22, 50, 50, 50, 50, 46, 40, 15, 20, 50, 12, 50, 50, 50, 14, 50, 38, 41, 50, 46, 50, 50, 50, 50, 40, 24, 50, 28, 50, 50, 50, 50, 50, 17, 19, 50, 50, 16, 40, 12, 50, 50, 22, 24, 42, 37, 50, 40, 39, 50, 50, 32, 23, 16, 50, 50, 50, 50, 50, 50, 50, 22, 28, 48, 50, 45, 45, 50, 50, 50, 26, 23, 11, 50, 50, 50, 50, 50, 36, 50, 50, 50, 17, 50, 50, 50, 50, 50, 11, 50, 18, 26, 30, 19, 35]
[0 0 0 0 0 0 0 0 0 0 0 0 0 0 0 0 0 0 0 0 0 0 0 0 0 0 0 0 0 0 0 0 0 0 0 0 0
 0 0 0 0 0 0 0 0 0 0 0 0 0 0 0 0 0 0 0 0 0 0 0 0 0 0 0 0 0 0 0 0 0 0 0 0 0
 0 0 0 0 0 0 0 0 0 0 0 0 0 0 0 0 0 0 0 0 0 0 0 0 0 0]
[1 1 1 1 1 1 1 1 1 1 1 1 1 1 1 1 1 1 1 1 1 1 1 1 1 1 1 1 1 1 1 1 1 1 1 1 1
 1 1 1 1 1 1 1 1 1 1 1 1 1 1 1 1 1 1 1 1 1 1 1 1 1 1 1 1 1 1 1 1 1 1 1 1 1
 1 1 1 1 1 1 1 1 1 1 1 1 1 1 1 1 1 1 1 1 1 1 1 1 1 1]
