[ 0  1  2  3  4  5  6  7  8  9 10 11 12 13 14 15 16 17 18 19 20 21 22 23
 24 25 26 27 28 29 30 31 32 33 34 35 36 37 38 39 40 41 42 43 44 45 46 47
 48 49 50 51 52 53 54 55 56 57 58 59 60 61 62 63 64 65 66 67 68 69 70 71
 72 73 74 75 76 77 78 79 80 81 82 83 84 85 86 87 88 89 90 91 92 93 94 95
 96 97 98 99]
[16 26 -1 35 43 41 22 55 70 -1 15 64  4 59 -1 83 -1 94 22 24 16 30 12 27
 71 67 -1 -1 -1 52 93  6 83 -1 83 82 49 -1 -1 27  2 81 -1 -1 -1 67  1 89
 37 -1 -1 29 -1 83 44 20 -1 -1 -1 -1 -1 21 33 -1 85 51 -1 70  0 57 15 10
  3 74 97 91 33 97 51 -1 79 67 30 17 -1 -1 50 66 28 39 -1 97 38 13 12 15
 -1 60 88 -1]
[0 1 1 1 0 0 0 1 0 0 1 1 0 1 1 0 1 1 0 0 1 1 0 1 0 0 0 0 1 0 1 0 0 1 1 1 1
 1 0 1 0 0 1 0 0 1 1 1 0 1 0 0 0 0 0 1 0 0 0 1 1 1 0 1 0 1 0 0 0 0 0 0 1 1
 1 1 1 0 1 1 1 0 1 0 1 1 1 1 0 1 0 1 0 1 1 1 0 0 1 1]
[0 0 3 2 0 1 4 0 2 0 0 0 1 3 2 3 3 0 0 3 4 0 0 0 0 3 0 0 0 3 0 0 2 0 0 0 1
 4 0 0 2 0 1 0 0 4 0 0 2 0 0 0 0 0 0 1 0 0 0 2 0 1 0 0 0 0 3 0 2 0 2 3 1 2
 4 0 3 1 1 1 0 0 0 3 3 0 4 0 2 1 0 0 0 4 0 4 1 2 2 0]
[0 0 3 2 0 1 4 0 2 0 0 0 1 3 2 3 3 0 0 3 4 0 0 0 0 3 0 0 0 3 0 0 2 0 0 0 1
 4 0 0 2 0 1 0 0 4 0 0 2 0 0 0 0 0 0 1 0 0 0 2 0 1 0 0 0 0 3 0 2 0 2 3 1 2
 4 0 3 1 1 1 0 0 0 3 3 0 4 0 2 1 0 0 0 4 0 4 1 2 2 0]
[3 1 8 2 2 4 1 1 4 7 5 9 8 1 5 9 4 4 2 1 9 1 7 3 2 7 1 8 6 8 4 7 1 2 6 7 1
 7 7 8 6 9 1 2 6 4 5 6 6 7 2 9 3 3 2 2 5 1 9 8 4 6 7 4 4 4 4 3 6 4 2 9 8 1
 3 4 2 2 8 9 7 5 5 9 5 9 5 4 8 1 8 4 8 3 9 2 4 1 9 6]
[3 1 8 2 2 4 1 1 4 7 5 9 8 1 5 9 4 4 2 1 9 1 7 3 2 7 1 8 6 8 4 7 1 2 6 7 1
 7 7 8 6 9 1 2 6 4 5 6 6 7 2 9 3 3 2 2 5 1 9 8 4 6 7 4 4 4 4 3 6 4 2 9 8 1
 3 4 2 2 8 9 7 5 5 9 5 9 5 4 8 1 8 4 8 3 9 2 4 1 9 6]
[37, 31, 50, 36, 50, 50, 36, 50, 29, 50, 50, 27, 22, 50, 50, 50, 50, 50, 50, 50, 50, 49, 32, 50, 23, 50, 11, 50, 50, 50, 50, 41, 49, 20, 24, 50, 50, 21, 15, 31, 49, 50, 10, 18, 39, 50, 50, 30, 10, 50, 50, 50, 50, 50, 50, 31, 32, 11, 50, 50, 50, 27, 50, 38, 50, 50, 50, 50, 35, 50, 50, 21, 50, 50, 43, 11, 43, 39, 35, 50, 18, 50, 50, 22, 50, 50, 50, 31, 50, 41, 22, 50, 50, 28, 41, 23, 50, 42, 12, 14]
[0 0 0 0 0 0 0 0 0 0 0 0 0 0 0 0 0 0 0 0 0 0 0 0 0 0 0 0 0 0 0 0 0 0 0 0 0
 0 0 0 0 0 0 0 0 0 0 0 0 0 0 0 0 0 0 0 0 0 0 0 0 0 0 0 0 0 0 0 0 0 0 0 0 0
 0 0 0 0 0 0 0 0 0 0 0 0 0 0 0 0 0 0 0 0 0 0 0 0 0 0]
[1 1 1 1 1 1 1 1 1 1 1 1 1 1 1 1 1 1 1 1 1 1 1 1 1 1 1 1 1 1 1 1 1 1 1 1 1
 1 1 1 1 1 1 1 1 1 1 1 1 1 1 1 1 1 1 1 1 1 1 1 1 1 1 1 1 1 1 1 1 1 1 1 1 1
 1 1 1 1 1 1 1 1 1 1 1 1 1 1 1 1 1 1 1 1 1 1 1 1 1 1]
