[ 0  1  2  3  4  5  6  7  8  9 10 11 12 13 14 15 16 17 18 19 20 21 22 23
 24 25 26 27 28 29 30 31 32 33 34 35 36 37 38 39 40 41 42 43 44 45 46 47
 48 49 50 51 52 53 54 55 56 57 58 59 60 61 62 63 64 65 66 67 68 69 70 71
 72 73 74 75 76 77 78 79 80 81 82 83 84 85 86 87 88 89 90 91 92 93 94 95
 96 97 98 99]
[92 42 81 -1 26 -1 78 -1 -1 36 83 47 10 79 -1 75  9 -1 94  6 47 43 -1 -1
 -1 -1 59 72 46 -1 -1 56 -1 -1 -1 83 33 70  5 25 -1 -1 41 47 27 -1 84 14
 90 -1 -1 -1 46 27 78 -1  0 95 -1 66 -1 -1 -1 57 97 94 -1 -1 -1 60 28 11
 -1 86 62 65 41 -1 -1 20 -1 22 20  2 32 57 43 77 24 66 -1 82 -1 88 56 82
 52 35 40 44]
[1 1 0 0 0 0 1 0 1 0 0 0 0 0 0 0 1 1 1 1 0 1 1 0 1 1 0 0 1 0 1 0 0 0 1 0 0
 0 1 0 0 0 1 1 0 1 0 0 0 0 0 0 1 0 0 0 1 1 0 1 0 0 0 1 1 1 1 1 1 1 0 0 1 1
 1 1 1 0 0 1 0 0 1 1 0 1 0 0 1 0 1 1 0 0 0 1 0 0 1 0]
[2 0 2 2 0 0 4 0 0 0 4 0 0 2 0 0 1 4 2 0 0 0 0 2 0 0 0 0 0 1 0 1 3 0 0 0 0
 1 0 2 0 1 1 1 0 0 4 1 0 0 0 3 0 4 2 0 3 4 2 1 2 4 0 2 3 0 3 0 4 1 0 1 1 2
 3 0 2 0 1 4 0 4 3 4 4 0 0 0 0 1 1 0 0 3 0 4 3 0 1 3]
[2 0 2 2 0 0 4 0 0 0 4 0 0 2 0 0 1 4 2 0 0 0 0 2 0 0 0 0 0 1 0 1 3 0 0 0 0
 1 0 2 0 1 1 1 0 0 4 1 0 0 0 3 0 4 2 0 3 4 2 1 2 4 0 2 3 0 3 0 4 1 0 1 1 2
 3 0 2 0 1 4 0 4 3 4 4 0 0 0 0 1 1 0 0 3 0 4 3 0 1 3]
[3 6 4 6 2 8 8 2 2 1 9 6 8 3 1 7 1 3 4 3 7 8 6 8 7 3 1 2 8 6 8 8 2 1 4 4 8
 6 9 2 8 3 1 8 5 1 7 3 4 8 2 9 7 7 4 3 4 4 8 6 6 2 1 4 7 6 3 5 5 8 8 3 7 6
 3 4 1 3 3 4 5 5 1 3 7 1 5 8 2 9 3 8 9 3 3 8 5 1 7 8]
[3 6 4 6 2 8 8 2 2 1 9 6 8 3 1 7 1 3 4 3 7 8 6 8 7 3 1 2 8 6 8 8 2 1 4 4 8
 6 9 2 8 3 1 8 5 1 7 3 4 8 2 9 7 7 4 3 4 4 8 6 6 2 1 4 7 6 3 5 5 8 8 3 7 6
 3 4 1 3 3 4 5 5 1 3 7 1 5 8 2 9 3 8 9 3 3 8 5 1 7 8]
[26, 50, 32, 33, 50, 50, 25, 15, 50, 35, 50, 16, 50, 50, 50, 43, 50, 48, 28, 50, 50, 50, 50, 38, 30, 50, 40, 50, 50, 50, 50, 50, 50, 42, 50, 50, 34, 21, 43, 43, 50, 50, 33, 45, 45, 34, 12, 24, 50, 17, 13, 50, 45, 46, 50, 44, 17, 32, 50, 42, 29, 50, 50, 50, 11, 23, 50, 29, 50, 50, 47, 46, 34, 35, 31, 50, 21, 46, 24, 41, 50, 46, 37, 50, 50, 50, 27, 50, 30, 10, 50, 19, 50, 36, 44, 39, 50, 16, 50, 38]
[0 0 0 0 0 0 0 0 0 0 0 0 0 0 0 0 0 0 0 0 0 0 0 0 0 0 0 0 0 0 0 0 0 0 0 0 0
 0 0 0 0 0 0 0 0 0 0 0 0 0 0 0 0 0 0 0 0 0 0 0 0 0 0 0 0 0 0 0 0 0 0 0 0 0
 0 0 0 0 0 0 0 0 0 0 0 0 0 0 0 0 0 0 0 0 0 0 0 0 0 0]
[1 1 1 1 1 1 1 1 1 1 1 1 1 1 1 1 1 1 1 1 1 1 1 1 1 1 1 1 1 1 1 1 1 1 1 1 1
 1 1 1 1 1 1 1 1 1 1 1 1 1 1 1 1 1 1 1 1 1 1 1 1 1 1 1 1 1 1 1 1 1 1 1 1 1
 1 1 1 1 1 1 1 1 1 1 1 1 1 1 1 1 1 1 1 1 1 1 1 1 1 1]
