[ 0  1  2  3  4  5  6  7  8  9 10 11 12 13 14 15 16 17 18 19 20 21 22 23
 24 25 26 27 28 29 30 31 32 33 34 35 36 37 38 39 40 41 42 43 44 45 46 47
 48 49 50 51 52 53 54 55 56 57 58 59 60 61 62 63 64 65 66 67 68 69 70 71
 72 73 74 75 76 77 78 79 80 81 82 83 84 85 86 87 88 89 90 91 92 93 94 95
 96 97 98 99]
[37 -1 -1 57 55  2 55 38 88 -1 63 87 77 84 -1 11 -1 91  6 31 39 70 65 40
 42 14 44 67 -1 -1 33 -1  8 -1 -1 93 -1 -1 -1 -1 68 73 64 -1 92 37 80 90
 64 47 -1 68 95 32 84 -1 -1 74 89 38 72 16 15 85 -1 -1 45 29 75 -1 98 93
 29 65 94 -1 90 14 -1 -1 60 40 -1 19 90 54 -1 73 -1 -1 73 -1 -1 -1 95 70
 -1 44 63 52]
[0 1 1 0 1 0 1 1 0 1 0 0 1 1 0 1 1 1 0 0 1 1 0 1 0 0 0 0 1 0 0 0 0 0 0 1 1
 1 0 1 1 1 1 0 1 1 0 0 1 1 0 0 0 1 0 1 1 1 1 0 0 0 0 0 1 0 1 1 0 0 0 1 0 1
 1 0 1 1 1 1 1 0 1 0 1 1 0 0 1 0 1 0 1 0 0 0 0 1 0 0]
[4 4 0 0 4 0 0 4 0 3 0 4 2 0 1 3 4 3 2 0 0 0 4 0 2 1 3 2 0 0 0 0 0 3 2 0 0
 0 1 3 0 1 0 1 0 0 3 1 1 3 0 1 0 0 0 1 0 0 0 1 0 0 0 3 3 0 4 0 0 1 0 0 1 2
 2 0 0 3 4 0 3 0 3 1 3 4 3 0 1 2 4 0 2 4 2 0 3 0 1 3]
[4 4 0 0 4 0 0 4 0 3 0 4 2 0 1 3 4 3 2 0 0 0 4 0 2 1 3 2 0 0 0 0 0 3 2 0 0
 0 1 3 0 1 0 1 0 0 3 1 1 3 0 1 0 0 0 1 0 0 0 1 0 0 0 3 3 0 4 0 0 1 0 0 1 2
 2 0 0 3 4 0 3 0 3 1 3 4 3 0 1 2 4 0 2 4 2 0 3 0 1 3]
[5 3 3 2 6 9 7 4 8 9 5 4 3 6 8 8 7 7 3 4 5 5 3 2 3 2 7 3 1 9 5 8 1 3 2 3 1
 2 7 2 4 9 1 8 6 2 3 2 7 8 8 3 5 2 9 7 3 3 7 4 1 6 5 5 3 7 9 5 2 9 1 2 1 6
 2 7 2 6 9 3 6 4 9 8 3 1 1 9 4 7 3 1 6 4 4 1 1 6 3 3]
[5 3 3 2 6 9 7 4 8 9 5 4 3 6 8 8 7 7 3 4 5 5 3 2 3 2 7 3 1 9 5 8 1 3 2 3 1
 2 7 2 4 9 1 8 6 2 3 2 7 8 8 3 5 2 9 7 3 3 7 4 1 6 5 5 3 7 9 5 2 9 1 2 1 6
 2 7 2 6 9 3 6 4 9 8 3 1 1 9 4 7 3 1 6 4 4 1 1 6 3 3]
[39, 11, 50, 50, 50, 50, 12, 50, 41, 50, 17, 38, 50, 50, 45, 50, 50, 50, 36, 50, 30, 12, 14, 42, 50, 48, 29, 20, 13, 50, 50, 50, 50, 50, 50, 50, 50, 50, 31, 20, 49, 50, 14, 50, 11, 50, 50, 50, 43, 20, 26, 50, 20, 28, 15, 50, 50, 50, 50, 50, 47, 50, 50, 50, 28, 50, 42, 50, 50, 50, 40, 50, 29, 24, 14, 16, 50, 30, 29, 50, 50, 50, 43, 29, 50, 14, 50, 50, 50, 20, 50, 50, 42, 25, 29, 25, 50, 50, 50, 50]
[0 0 0 0 0 0 0 0 0 0 0 0 0 0 0 0 0 0 0 0 0 0 0 0 0 0 0 0 0 0 0 0 0 0 0 0 0
 0 0 0 0 0 0 0 0 0 0 0 0 0 0 0 0 0 0 0 0 0 0 0 0 0 0 0 0 0 0 0 0 0 0 0 0 0
 0 0 0 0 0 0 0 0 0 0 0 0 0 0 0 0 0 0 0 0 0 0 0 0 0 0]
[1 1 1 1 1 1 1 1 1 1 1 1 1 1 1 1 1 1 1 1 1 1 1 1 1 1 1 1 1 1 1 1 1 1 1 1 1
 1 1 1 1 1 1 1 1 1 1 1 1 1 1 1 1 1 1 1 1 1 1 1 1 1 1 1 1 1 1 1 1 1 1 1 1 1
 1 1 1 1 1 1 1 1 1 1 1 1 1 1 1 1 1 1 1 1 1 1 1 1 1 1]
