[ 0  1  2  3  4  5  6  7  8  9 10 11 12 13 14 15 16 17 18 19 20 21 22 23
 24 25 26 27 28 29 30 31 32 33 34 35 36 37 38 39 40 41 42 43 44 45 46 47
 48 49 50 51 52 53 54 55 56 57 58 59 60 61 62 63 64 65 66 67 68 69 70 71
 72 73 74 75 76 77 78 79 80 81 82 83 84 85 86 87 88 89 90 91 92 93 94 95
 96 97 98 99]
[59 60 75 18 70 47 -1 -1 64 48 -1 -1 84 60 17 -1 50 93 23 32  7 -1 89 -1
 -1 -1 -1 -1 43  3 99 87 36 -1 -1 -1 62 -1 -1 -1 -1 -1 32 -1 35 -1 -1 99
 82 -1 92 -1 -1  5 96 -1 42 70 -1 53 40  4 87 -1 91 -1 45 -1 90 -1 73 -1
 75 -1 -1 -1 48 40 51 -1 95 -1 -1 -1 80 71 70 -1 -1 70 66 -1 -1 77 -1 91
 -1 94 55  7]
[0 0 0 0 1 1 0 0 0 1 1 1 0 0 1 0 0 0 0 0 1 1 0 1 1 1 1 1 0 1 0 0 0 1 1 1 0
 0 1 1 0 1 1 1 0 1 1 0 0 0 0 1 0 0 0 1 0 0 0 0 0 1 0 1 0 0 1 1 1 1 0 1 0 0
 1 1 0 0 0 0 0 0 1 1 0 1 1 0 0 1 0 0 1 1 0 0 1 0 0 1]
[0 2 1 0 0 0 1 3 0 1 0 0 1 0 0 4 1 3 3 0 3 0 3 0 0 2 0 0 0 0 0 2 1 2 0 3 3
 4 1 0 0 0 1 2 0 3 0 1 3 0 2 0 1 3 0 0 0 0 2 0 0 2 2 0 0 4 3 0 0 1 0 0 0 0
 3 0 2 1 0 4 3 0 1 3 4 0 0 2 4 2 0 0 0 0 4 0 0 0 3 1]
[0 2 1 0 0 0 1 3 0 1 0 0 1 0 0 4 1 3 3 0 3 0 3 0 0 2 0 0 0 0 0 2 1 2 0 3 3
 4 1 0 0 0 1 2 0 3 0 1 3 0 2 0 1 3 0 0 0 0 2 0 0 2 2 0 0 4 3 0 0 1 0 0 0 0
 3 0 2 1 0 4 3 0 1 3 4 0 0 2 4 2 0 0 0 0 4 0 0 0 3 1]
[1 7 3 5 5 3 5 8 1 9 2 2 4 6 2 3 6 1 9 3 5 1 5 6 1 1 9 8 2 1 1 6 7 7 4 9 8
 5 2 6 7 2 8 2 8 2 5 4 4 8 1 7 2 6 6 9 5 4 5 1 1 8 2 2 9 1 6 1 2 2 4 3 8 4
 9 2 5 2 5 4 2 4 5 2 8 9 4 1 9 3 1 9 1 9 4 5 8 5 4 5]
[1 7 3 5 5 3 5 8 1 9 2 2 4 6 2 3 6 1 9 3 5 1 5 6 1 1 9 8 2 1 1 6 7 7 4 9 8
 5 2 6 7 2 8 2 8 2 5 4 4 8 1 7 2 6 6 9 5 4 5 1 1 8 2 2 9 1 6 1 2 2 4 3 8 4
 9 2 5 2 5 4 2 4 5 2 8 9 4 1 9 3 1 9 1 9 4 5 8 5 4 5]
[22, 31, 50, 24, 15, 16, 42, 50, 50, 15, 39, 50, 43, 30, 46, 50, 41, 50, 50, 28, 48, 25, 25, 23, 26, 45, 11, 30, 50, 50, 50, 12, 50, 50, 18, 41, 50, 49, 50, 37, 28, 35, 50, 50, 50, 50, 50, 10, 21, 30, 50, 18, 50, 50, 50, 25, 50, 50, 27, 50, 36, 50, 50, 50, 50, 50, 27, 28, 50, 50, 19, 50, 49, 50, 50, 50, 50, 50, 30, 50, 50, 33, 37, 50, 50, 50, 50, 31, 50, 50, 13, 50, 39, 14, 32, 36, 50, 50, 50, 50]
[0 0 0 0 0 0 0 0 0 0 0 0 0 0 0 0 0 0 0 0 0 0 0 0 0 0 0 0 0 0 0 0 0 0 0 0 0
 0 0 0 0 0 0 0 0 0 0 0 0 0 0 0 0 0 0 0 0 0 0 0 0 0 0 0 0 0 0 0 0 0 0 0 0 0
 0 0 0 0 0 0 0 0 0 0 0 0 0 0 0 0 0 0 0 0 0 0 0 0 0 0]
[1 1 1 1 1 1 1 1 1 1 1 1 1 1 1 1 1 1 1 1 1 1 1 1 1 1 1 1 1 1 1 1 1 1 1 1 1
 1 1 1 1 1 1 1 1 1 1 1 1 1 1 1 1 1 1 1 1 1 1 1 1 1 1 1 1 1 1 1 1 1 1 1 1 1
 1 1 1 1 1 1 1 1 1 1 1 1 1 1 1 1 1 1 1 1 1 1 1 1 1 1]
