[ 0  1  2  3  4  5  6  7  8  9 10 11 12 13 14 15 16 17 18 19 20 21 22 23
 24 25 26 27 28 29 30 31 32 33 34 35 36 37 38 39 40 41 42 43 44 45 46 47
 48 49 50 51 52 53 54 55 56 57 58 59 60 61 62 63 64 65 66 67 68 69 70 71
 72 73 74 75 76 77 78 79 80 81 82 83 84 85 86 87 88 89 90 91 92 93 94 95
 96 97 98 99]
[66 -1 79 60 56 -1 85 89 89 14 67 50 -1 -1 57 32 -1 -1 34 -1 29 49 21 -1
 -1 -1 74 41 39 88 -1 69 -1 90 36 -1 -1 42 40 -1 -1 86 66 46 58 -1 19  2
 -1 97 -1 -1 -1 14 63 52 80 49  4 -1 -1 98 47 -1 34 24 -1 -1 86 -1 -1 -1
 74 69 25 29 -1 64 -1  4 32 98 18 95 -1 -1 -1 -1 -1 -1 46 18 82 -1 49  2
 57 90 27  6]
[1 1 1 1 0 0 0 1 1 1 0 1 0 1 0 1 0 0 0 0 1 1 0 0 1 1 0 0 1 0 1 0 0 0 1 0 0
 1 1 0 1 0 1 0 0 0 1 0 0 1 1 1 1 0 0 0 0 1 1 1 1 0 1 1 1 0 0 1 0 1 1 1 0 0
 1 0 0 1 0 0 1 1 0 0 0 1 1 1 1 1 1 0 1 0 0 0 0 1 1 0]
[0 2 0 0 3 0 4 0 2 1 3 0 1 1 0 3 1 3 3 1 0 2 0 2 0 4 0 3 2 4 1 3 3 4 0 0 4
 4 0 4 0 0 0 0 0 2 0 4 0 4 1 0 3 0 4 3 0 0 1 4 0 3 2 0 3 2 3 4 3 0 0 0 4 0
 1 3 2 0 0 2 0 4 4 2 2 0 3 4 0 0 3 0 3 0 2 2 0 0 1 4]
[0 2 0 0 3 0 4 0 2 1 3 0 1 1 0 3 1 3 3 1 0 2 0 2 0 4 0 3 2 4 1 3 3 4 0 0 4
 4 0 4 0 0 0 0 0 2 0 4 0 4 1 0 3 0 4 3 0 0 1 4 0 3 2 0 3 2 3 4 3 0 0 0 4 0
 1 3 2 0 0 2 0 4 4 2 2 0 3 4 0 0 3 0 3 0 2 2 0 0 1 4]
[7 9 2 3 1 5 1 2 2 7 3 9 8 3 5 3 2 5 8 7 5 8 3 7 2 1 6 8 6 9 6 3 1 1 9 7 7
 4 8 2 4 7 5 8 8 2 4 7 8 4 3 9 1 9 1 2 8 1 2 6 9 4 2 4 5 4 6 9 3 6 5 3 1 4
 8 1 8 2 2 8 1 7 9 2 3 2 2 6 5 6 9 5 4 7 4 6 3 9 8 2]
[7 9 2 3 1 5 1 2 2 7 3 9 8 3 5 3 2 5 8 7 5 8 3 7 2 1 6 8 6 9 6 3 1 1 9 7 7
 4 8 2 4 7 5 8 8 2 4 7 8 4 3 9 1 9 1 2 8 1 2 6 9 4 2 4 5 4 6 9 3 6 5 3 1 4
 8 1 8 2 2 8 1 7 9 2 3 2 2 6 5 6 9 5 4 7 4 6 3 9 8 2]
[50, 44, 18, 50, 50, 50, 49, 24, 43, 50, 44, 50, 50, 16, 50, 48, 33, 33, 14, 50, 12, 37, 50, 50, 39, 25, 40, 48, 16, 50, 50, 50, 20, 31, 49, 32, 17, 50, 42, 50, 50, 38, 50, 50, 22, 49, 31, 25, 34, 14, 50, 50, 50, 12, 43, 33, 35, 50, 13, 50, 32, 50, 50, 50, 50, 50, 49, 50, 33, 47, 14, 50, 50, 24, 38, 50, 50, 50, 26, 30, 50, 50, 50, 34, 50, 37, 50, 46, 27, 26, 48, 50, 50, 42, 22, 39, 50, 13, 50, 50]
[0 0 0 0 0 0 0 0 0 0 0 0 0 0 0 0 0 0 0 0 0 0 0 0 0 0 0 0 0 0 0 0 0 0 0 0 0
 0 0 0 0 0 0 0 0 0 0 0 0 0 0 0 0 0 0 0 0 0 0 0 0 0 0 0 0 0 0 0 0 0 0 0 0 0
 0 0 0 0 0 0 0 0 0 0 0 0 0 0 0 0 0 0 0 0 0 0 0 0 0 0]
[1 1 1 1 1 1 1 1 1 1 1 1 1 1 1 1 1 1 1 1 1 1 1 1 1 1 1 1 1 1 1 1 1 1 1 1 1
 1 1 1 1 1 1 1 1 1 1 1 1 1 1 1 1 1 1 1 1 1 1 1 1 1 1 1 1 1 1 1 1 1 1 1 1 1
 1 1 1 1 1 1 1 1 1 1 1 1 1 1 1 1 1 1 1 1 1 1 1 1 1 1]
