[ 0  1  2  3  4  5  6  7  8  9 10 11 12 13 14 15 16 17 18 19 20 21 22 23
 24 25 26 27 28 29 30 31 32 33 34 35 36 37 38 39 40 41 42 43 44 45 46 47
 48 49 50 51 52 53 54 55 56 57 58 59 60 61 62 63 64 65 66 67 68 69 70 71
 72 73 74 75 76 77 78 79 80 81 82 83 84 85 86 87 88 89 90 91 92 93 94 95
 96 97 98 99]
[89 -1 -1 30 -1 -1  5 32 98 25 -1 -1 36 89 -1 85 93 70 -1 54 -1 76 35 25
  5 -1 -1 54 71 98  0 -1  4 -1 26 25 29 83 91 57 -1 90 23 21 48 -1 78 27
 77 40 90 -1 48 92 55 87 -1 -1 -1 -1 71 33 35 70 12 -1 26 77 11 -1 19 99
 22 -1 67 -1 33 95 63 26 -1  4 62 84 23  2 -1 34  0 -1 25 -1 83 -1 26 -1
 70 -1 57 36]
[0 1 0 0 0 1 1 0 1 1 0 1 0 0 1 0 0 0 0 1 0 1 0 1 0 1 0 1 1 1 1 0 0 0 1 0 1
 1 0 0 1 0 1 0 0 0 0 0 0 0 1 1 0 1 0 0 0 1 0 0 1 1 1 0 0 0 0 0 0 1 1 0 1 0
 0 0 1 0 1 0 0 0 0 1 0 1 1 1 0 1 0 0 1 1 1 0 0 1 0 1]
[1 2 0 1 4 4 1 0 0 3 2 0 0 0 3 1 0 0 0 4 0 0 3 0 3 0 0 1 0 0 2 3 3 2 1 1 1
 0 0 0 0 0 0 0 1 4 2 1 0 3 0 3 0 0 0 0 3 0 1 0 0 1 0 2 0 0 1 4 1 3 4 4 0 3
 4 0 0 0 0 3 0 0 0 2 0 0 3 0 3 0 0 0 0 4 3 2 0 0 4 2]
[1 2 0 1 4 4 1 0 0 3 2 0 0 0 3 1 0 0 0 4 0 0 3 0 3 0 0 1 0 0 2 3 3 2 1 1 1
 0 0 0 0 0 0 0 1 4 2 1 0 3 0 3 0 0 0 0 3 0 1 0 0 1 0 2 0 0 1 4 1 3 4 4 0 3
 4 0 0 0 0 3 0 0 0 2 0 0 3 0 3 0 0 0 0 4 3 2 0 0 4 2]
[2 9 3 6 2 5 4 6 7 7 4 2 5 5 3 9 1 6 4 8 2 1 3 5 3 1 1 2 8 9 1 1 5 6 9 9 8
 8 7 4 3 7 4 1 8 3 6 9 7 4 5 8 8 3 3 1 8 5 3 3 1 9 5 2 5 7 6 4 2 6 6 7 9 4
 6 7 4 7 8 9 5 5 2 6 7 8 5 6 9 3 3 6 8 3 4 6 2 1 1 5]
[2 9 3 6 2 5 4 6 7 7 4 2 5 5 3 9 1 6 4 8 2 1 3 5 3 1 1 2 8 9 1 1 5 6 9 9 8
 8 7 4 3 7 4 1 8 3 6 9 7 4 5 8 8 3 3 1 8 5 3 3 1 9 5 2 5 7 6 4 2 6 6 7 9 4
 6 7 4 7 8 9 5 5 2 6 7 8 5 6 9 3 3 6 8 3 4 6 2 1 1 5]
[33, 19, 50, 50, 50, 14, 17, 50, 47, 50, 50, 49, 50, 23, 43, 29, 50, 50, 50, 50, 35, 33, 30, 50, 50, 50, 21, 44, 50, 43, 50, 14, 42, 50, 50, 21, 50, 50, 42, 15, 18, 32, 13, 50, 30, 50, 50, 23, 39, 50, 15, 50, 25, 50, 27, 37, 39, 43, 50, 40, 11, 35, 33, 19, 50, 42, 42, 46, 50, 50, 50, 50, 50, 50, 20, 50, 50, 18, 50, 20, 14, 50, 50, 50, 28, 50, 29, 50, 50, 25, 50, 50, 50, 50, 50, 50, 42, 34, 50, 47]
[0 0 0 0 0 0 0 0 0 0 0 0 0 0 0 0 0 0 0 0 0 0 0 0 0 0 0 0 0 0 0 0 0 0 0 0 0
 0 0 0 0 0 0 0 0 0 0 0 0 0 0 0 0 0 0 0 0 0 0 0 0 0 0 0 0 0 0 0 0 0 0 0 0 0
 0 0 0 0 0 0 0 0 0 0 0 0 0 0 0 0 0 0 0 0 0 0 0 0 0 0]
[1 1 1 1 1 1 1 1 1 1 1 1 1 1 1 1 1 1 1 1 1 1 1 1 1 1 1 1 1 1 1 1 1 1 1 1 1
 1 1 1 1 1 1 1 1 1 1 1 1 1 1 1 1 1 1 1 1 1 1 1 1 1 1 1 1 1 1 1 1 1 1 1 1 1
 1 1 1 1 1 1 1 1 1 1 1 1 1 1 1 1 1 1 1 1 1 1 1 1 1 1]
