[ 0  1  2  3  4  5  6  7  8  9 10 11 12 13 14 15 16 17 18 19 20 21 22 23
 24 25 26 27 28 29 30 31 32 33 34 35 36 37 38 39 40 41 42 43 44 45 46 47
 48 49 50 51 52 53 54 55 56 57 58 59 60 61 62 63 64 65 66 67 68 69 70 71
 72 73 74 75 76 77 78 79 80 81 82 83 84 85 86 87 88 89 90 91 92 93 94 95
 96 97 98 99]
[90  5 78 24 85 -1 -1 -1 85 -1 -1 -1 23 12 -1 22  1 58 -1 27 38 -1 -1  7
 83 -1 -1  0 -1  9  8 60 50 -1 -1 76 -1 -1 81 73 79 -1 73  9  3 72 -1  1
  6 -1 84 23 62 92 19 88 -1 59 -1 82 -1 -1 -1 -1 47 55 41 -1 64 65 -1 17
  9 13 33 38 -1 15 82 53  8 88  5 -1 -1 25 69 -1 74 46 63 20 33 -1 28 11
 94 41 -1 -1]
[0 0 1 1 0 0 0 1 0 1 1 0 0 1 1 1 1 0 1 0 0 1 0 0 0 0 0 1 1 1 1 1 0 0 1 0 1
 0 1 1 1 1 0 1 0 1 1 1 1 0 0 0 1 1 1 0 0 1 1 1 1 0 1 1 1 1 0 1 0 1 0 1 1 0
 1 1 1 1 1 1 1 0 1 1 0 0 0 1 1 1 1 0 1 0 1 1 1 1 1 1]
[0 4 0 1 4 0 0 2 0 0 4 0 3 3 3 0 0 0 4 0 0 2 4 0 3 0 2 0 4 0 0 0 4 3 0 0 0
 2 2 0 0 0 0 2 0 0 1 4 0 0 0 1 2 2 2 0 4 0 2 0 0 0 3 0 0 0 0 0 3 0 0 0 0 2
 0 0 0 2 4 2 0 4 0 4 1 0 0 0 3 0 0 1 3 2 0 0 1 2 0 3]
[0 4 0 1 4 0 0 2 0 0 4 0 3 3 3 0 0 0 4 0 0 2 4 0 3 0 2 0 4 0 0 0 4 3 0 0 0
 2 2 0 0 0 0 2 0 0 1 4 0 0 0 1 2 2 2 0 4 0 2 0 0 0 3 0 0 0 0 0 3 0 0 0 0 2
 0 0 0 2 4 2 0 4 0 4 1 0 0 0 3 0 0 1 3 2 0 0 1 2 0 3]
[2 2 3 9 3 3 6 5 7 1 1 6 4 6 3 6 9 1 5 9 8 2 6 4 8 7 3 4 2 7 1 7 1 8 5 7 3
 2 8 2 3 6 7 4 4 1 5 3 9 2 2 3 2 1 8 4 7 2 1 9 2 1 8 9 3 2 7 6 5 5 1 7 5 3
 4 8 7 1 1 9 1 4 3 1 3 4 1 1 1 3 3 4 6 6 7 4 1 5 7 3]
[2 2 3 9 3 3 6 5 7 1 1 6 4 6 3 6 9 1 5 9 8 2 6 4 8 7 3 4 2 7 1 7 1 8 5 7 3
 2 8 2 3 6 7 4 4 1 5 3 9 2 2 3 2 1 8 4 7 2 1 9 2 1 8 9 3 2 7 6 5 5 1 7 5 3
 4 8 7 1 1 9 1 4 3 1 3 4 1 1 1 3 3 4 6 6 7 4 1 5 7 3]
[25, 20, 15, 48, 42, 50, 50, 15, 50, 50, 45, 16, 36, 30, 50, 50, 50, 50, 50, 50, 50, 50, 23, 50, 50, 50, 50, 50, 50, 50, 50, 23, 13, 50, 16, 50, 14, 50, 42, 17, 50, 50, 50, 50, 50, 40, 39, 20, 39, 10, 50, 50, 50, 13, 27, 50, 50, 21, 50, 44, 50, 45, 18, 50, 50, 37, 50, 50, 17, 50, 50, 50, 15, 43, 50, 50, 26, 50, 50, 50, 11, 50, 32, 50, 50, 18, 31, 50, 50, 50, 33, 39, 22, 15, 50, 50, 50, 39, 21, 45]
[0 0 0 0 0 0 0 0 0 0 0 0 0 0 0 0 0 0 0 0 0 0 0 0 0 0 0 0 0 0 0 0 0 0 0 0 0
 0 0 0 0 0 0 0 0 0 0 0 0 0 0 0 0 0 0 0 0 0 0 0 0 0 0 0 0 0 0 0 0 0 0 0 0 0
 0 0 0 0 0 0 0 0 0 0 0 0 0 0 0 0 0 0 0 0 0 0 0 0 0 0]
[1 1 1 1 1 1 1 1 1 1 1 1 1 1 1 1 1 1 1 1 1 1 1 1 1 1 1 1 1 1 1 1 1 1 1 1 1
 1 1 1 1 1 1 1 1 1 1 1 1 1 1 1 1 1 1 1 1 1 1 1 1 1 1 1 1 1 1 1 1 1 1 1 1 1
 1 1 1 1 1 1 1 1 1 1 1 1 1 1 1 1 1 1 1 1 1 1 1 1 1 1]
