[ 0  1  2  3  4  5  6  7  8  9 10 11 12 13 14 15 16 17 18 19 20 21 22 23
 24 25 26 27 28 29 30 31 32 33 34 35 36 37 38 39 40 41 42 43 44 45 46 47
 48 49 50 51 52 53 54 55 56 57 58 59 60 61 62 63 64 65 66 67 68 69 70 71
 72 73 74 75 76 77 78 79 80 81 82 83 84 85 86 87 88 89 90 91 92 93 94 95
 96 97 98 99]
[80 16 94  7 80 16 96 49 -1 34 53 -1 68 54 -1 16 36 58 -1 -1 77 -1 48 -1
 68 58 94 -1 14 94 26 52 -1 12 21  8  9 38 -1 60 81 72 65 -1 20 83 83 19
 82 79 -1 49 38 84 -1 -1 -1 13  3 92 67 -1 17 -1 66 29 -1 -1 29 58 -1 -1
 -1 -1 56 -1 -1  0 -1 39 90 45 36 77 45 -1 -1 39 57 11 -1 75 -1  6 -1 -1
 -1 -1 -1 -1]
[0 0 0 0 0 0 0 1 0 1 0 1 0 0 0 1 0 1 1 0 1 1 1 0 1 0 0 1 0 1 0 1 1 1 0 0 1
 1 0 1 1 0 0 1 1 1 1 1 1 1 1 0 1 1 1 0 0 0 0 1 0 1 1 0 1 1 0 1 1 0 0 1 0 0
 0 1 0 0 1 1 1 0 1 0 1 1 1 1 0 1 0 1 1 1 0 0 1 1 0 0]
[0 2 0 4 0 0 0 4 1 0 2 0 0 0 0 0 0 0 4 0 0 4 2 0 0 0 2 0 3 0 2 4 2 0 0 4 2
 1 0 4 0 0 0 0 0 1 0 2 0 1 4 0 0 4 4 0 0 2 0 4 2 2 0 2 0 0 0 2 0 0 0 4 0 2
 2 2 0 0 3 4 0 0 3 0 0 0 3 1 0 0 0 2 1 4 0 0 3 0 1 0]
[0 2 0 4 0 0 0 4 1 0 2 0 0 0 0 0 0 0 4 0 0 4 2 0 0 0 2 0 3 0 2 4 2 0 0 4 2
 1 0 4 0 0 0 0 0 1 0 2 0 1 4 0 0 4 4 0 0 2 0 4 2 2 0 2 0 0 0 2 0 0 0 4 0 2
 2 2 0 0 3 4 0 0 3 0 0 0 3 1 0 0 0 2 1 4 0 0 3 0 1 0]
[7 4 9 2 1 9 3 9 8 9 7 5 9 8 3 4 9 5 1 8 2 7 3 5 5 4 1 6 8 4 6 8 5 5 7 2 3
 9 5 1 9 5 1 5 2 5 1 3 8 3 1 6 1 5 9 1 3 2 9 2 5 4 4 9 3 7 7 2 5 3 9 9 2 3
 7 5 5 9 9 2 8 3 5 2 2 9 4 2 2 3 7 4 6 7 4 3 8 4 6 6]
[7 4 9 2 1 9 3 9 8 9 7 5 9 8 3 4 9 5 1 8 2 7 3 5 5 4 1 6 8 4 6 8 5 5 7 2 3
 9 5 1 9 5 1 5 2 5 1 3 8 3 1 6 1 5 9 1 3 2 9 2 5 4 4 9 3 7 7 2 5 3 9 9 2 3
 7 5 5 9 9 2 8 3 5 2 2 9 4 2 2 3 7 4 6 7 4 3 8 4 6 6]
[50, 50, 30, 15, 50, 40, 50, 48, 50, 50, 50, 50, 50, 25, 50, 20, 50, 50, 50, 50, 50, 50, 50, 50, 41, 50, 50, 50, 47, 50, 30, 26, 50, 23, 12, 46, 50, 50, 50, 50, 50, 50, 50, 50, 12, 29, 20, 30, 33, 19, 50, 50, 37, 19, 50, 42, 38, 39, 13, 50, 21, 50, 17, 44, 50, 50, 50, 50, 35, 25, 49, 50, 50, 34, 15, 42, 50, 50, 40, 20, 50, 50, 18, 50, 50, 32, 42, 18, 50, 35, 15, 37, 45, 25, 28, 50, 15, 50, 30, 34]
[0 0 0 0 0 0 0 0 0 0 0 0 0 0 0 0 0 0 0 0 0 0 0 0 0 0 0 0 0 0 0 0 0 0 0 0 0
 0 0 0 0 0 0 0 0 0 0 0 0 0 0 0 0 0 0 0 0 0 0 0 0 0 0 0 0 0 0 0 0 0 0 0 0 0
 0 0 0 0 0 0 0 0 0 0 0 0 0 0 0 0 0 0 0 0 0 0 0 0 0 0]
[1 1 1 1 1 1 1 1 1 1 1 1 1 1 1 1 1 1 1 1 1 1 1 1 1 1 1 1 1 1 1 1 1 1 1 1 1
 1 1 1 1 1 1 1 1 1 1 1 1 1 1 1 1 1 1 1 1 1 1 1 1 1 1 1 1 1 1 1 1 1 1 1 1 1
 1 1 1 1 1 1 1 1 1 1 1 1 1 1 1 1 1 1 1 1 1 1 1 1 1 1]
