[ 0  1  2  3  4  5  6  7  8  9 10 11 12 13 14 15 16 17 18 19 20 21 22 23
 24 25 26 27 28 29 30 31 32 33 34 35 36 37 38 39 40 41 42 43 44 45 46 47
 48 49 50 51 52 53 54 55 56 57 58 59 60 61 62 63 64 65 66 67 68 69 70 71
 72 73 74 75 76 77 78 79 80 81 82 83 84 85 86 87 88 89 90 91 92 93 94 95
 96 97 98 99]
[80 59 92 -1 -1 74 69 37 22 -1 96 49 80 56 -1 -1 -1 -1 -1 -1 62 -1 -1 28
 36 87  4 53 11 62  8 55 82 -1 95 -1 86 49 -1  6 -1 74  3 11 -1 -1 -1 49
 94 -1 -1 53 62  6 -1 30 52 51 14 66 -1 -1 -1 56 90 -1 52 45 91 -1 -1 46
 -1 -1 28 -1 -1 -1 -1 46 -1 10 16  3 88 97  9 -1 12 -1 -1 -1  7 -1  0 -1
 -1 18 -1 -1]
[1 1 0 0 0 1 0 1 0 0 0 1 1 0 0 1 0 1 0 0 0 1 1 0 0 0 0 1 1 0 1 1 0 1 0 1 1
 1 1 0 0 0 1 1 1 1 1 1 0 0 1 0 0 0 0 0 0 0 1 0 0 1 0 0 1 1 1 0 0 0 1 0 1 1
 1 0 1 0 0 1 0 1 1 1 1 1 0 1 1 0 1 0 0 0 0 0 0 0 1 0]
[0 0 4 2 1 0 0 0 0 0 3 4 3 0 2 4 2 1 4 2 0 0 3 1 3 1 0 4 2 4 0 0 1 3 1 2 4
 0 0 0 1 2 0 3 0 0 1 0 0 0 4 1 0 3 2 2 2 3 0 4 0 4 1 3 0 2 0 4 0 4 0 4 0 0
 1 0 3 0 1 0 2 3 0 3 0 1 0 3 2 1 2 0 1 0 1 0 0 4 3 4]
[0 0 4 2 1 0 0 0 0 0 3 4 3 0 2 4 2 1 4 2 0 0 3 1 3 1 0 4 2 4 0 0 1 3 1 2 4
 0 0 0 1 2 0 3 0 0 1 0 0 0 4 1 0 3 2 2 2 3 0 4 0 4 1 3 0 2 0 4 0 4 0 4 0 0
 1 0 3 0 1 0 2 3 0 3 0 1 0 3 2 1 2 0 1 0 1 0 0 4 3 4]
[3 4 2 4 1 9 4 2 8 1 2 8 2 6 3 8 2 5 3 6 6 1 4 5 9 7 7 8 6 7 4 4 9 3 1 6 9
 3 6 8 4 1 5 2 7 3 9 1 9 2 7 2 6 7 8 5 5 7 9 8 5 9 4 2 9 9 1 3 5 9 9 5 3 2
 6 1 8 4 7 8 8 4 7 8 8 7 8 6 3 8 5 4 4 9 3 3 1 2 2 6]
[3 4 2 4 1 9 4 2 8 1 2 8 2 6 3 8 2 5 3 6 6 1 4 5 9 7 7 8 6 7 4 4 9 3 1 6 9
 3 6 8 4 1 5 2 7 3 9 1 9 2 7 2 6 7 8 5 5 7 9 8 5 9 4 2 9 9 1 3 5 9 9 5 3 2
 6 1 8 4 7 8 8 4 7 8 8 7 8 6 3 8 5 4 4 9 3 3 1 2 2 6]
[41, 23, 50, 46, 24, 50, 37, 38, 50, 43, 39, 49, 50, 50, 44, 49, 50, 50, 44, 42, 20, 42, 26, 12, 50, 36, 39, 27, 26, 40, 42, 50, 50, 50, 50, 50, 35, 50, 50, 46, 31, 50, 39, 25, 49, 50, 22, 44, 50, 36, 50, 12, 50, 37, 46, 46, 50, 50, 50, 17, 50, 12, 50, 50, 28, 20, 49, 38, 44, 24, 50, 13, 10, 13, 50, 50, 21, 15, 50, 50, 50, 46, 50, 30, 24, 17, 50, 35, 50, 45, 50, 50, 50, 34, 25, 50, 50, 46, 47, 50]
[0 0 0 0 0 0 0 0 0 0 0 0 0 0 0 0 0 0 0 0 0 0 0 0 0 0 0 0 0 0 0 0 0 0 0 0 0
 0 0 0 0 0 0 0 0 0 0 0 0 0 0 0 0 0 0 0 0 0 0 0 0 0 0 0 0 0 0 0 0 0 0 0 0 0
 0 0 0 0 0 0 0 0 0 0 0 0 0 0 0 0 0 0 0 0 0 0 0 0 0 0]
[1 1 1 1 1 1 1 1 1 1 1 1 1 1 1 1 1 1 1 1 1 1 1 1 1 1 1 1 1 1 1 1 1 1 1 1 1
 1 1 1 1 1 1 1 1 1 1 1 1 1 1 1 1 1 1 1 1 1 1 1 1 1 1 1 1 1 1 1 1 1 1 1 1 1
 1 1 1 1 1 1 1 1 1 1 1 1 1 1 1 1 1 1 1 1 1 1 1 1 1 1]
