[ 0  1  2  3  4  5  6  7  8  9 10 11 12 13 14 15 16 17 18 19 20 21 22 23
 24 25 26 27 28 29 30 31 32 33 34 35 36 37 38 39 40 41 42 43 44 45 46 47
 48 49 50 51 52 53 54 55 56 57 58 59 60 61 62 63 64 65 66 67 68 69 70 71
 72 73 74 75 76 77 78 79 80 81 82 83 84 85 86 87 88 89 90 91 92 93 94 95
 96 97 98 99]
[ 5 91 -1 80 79 -1 -1 37 -1 -1 85 -1 -1  9 91 22 -1 33  4 25 29 99 -1 -1
 86 -1  0 26 16 -1 -1 67 26 22 -1 -1 -1 -1 47 69 63 40 66 15 42 43 82 -1
 59 88 43 84 -1 -1 61 21 52 48 33 20 -1 87 -1 82 21 78 70 -1 23 29 85 61
 97 74 -1 -1 -1 91  7 -1 39 11 -1 40 -1 91  1 -1 59 38 61 73 -1 55 -1 -1
 49 48  3 15]
[0 1 1 0 0 0 0 1 1 0 0 0 1 1 0 1 0 0 1 1 0 1 1 0 0 0 0 0 0 0 0 0 1 0 0 1 0
 1 0 1 0 0 0 1 1 1 1 1 0 1 0 0 0 1 0 0 1 0 0 0 0 0 0 1 1 0 0 1 1 0 0 1 0 0
 0 0 1 1 1 1 0 0 1 1 0 1 0 0 0 0 0 1 0 1 0 1 1 1 1 1]
[0 3 3 0 0 0 2 0 0 1 4 0 2 0 0 0 0 2 0 2 4 1 0 1 4 1 3 0 0 0 0 2 1 0 0 1 4
 4 0 0 0 0 0 4 2 0 0 0 0 0 3 3 0 4 1 0 0 4 0 4 0 3 3 0 2 0 1 3 0 0 1 4 3 1
 4 1 2 0 0 0 4 0 4 0 2 0 0 2 3 4 0 4 0 1 0 0 0 0 1 0]
[0 3 3 0 0 0 2 0 0 1 4 0 2 0 0 0 0 2 0 2 4 1 0 1 4 1 3 0 0 0 0 2 1 0 0 1 4
 4 0 0 0 0 0 4 2 0 0 0 0 0 3 3 0 4 1 0 0 4 0 4 0 3 3 0 2 0 1 3 0 0 1 4 3 1
 4 1 2 0 0 0 4 0 4 0 2 0 0 2 3 4 0 4 0 1 0 0 0 0 1 0]
[5 6 5 4 9 5 4 4 5 9 3 8 4 2 8 8 5 3 6 3 5 4 3 1 4 4 9 1 6 4 2 1 2 3 8 1 2
 9 8 2 9 8 5 9 1 2 7 4 5 8 4 5 8 4 6 2 4 6 7 6 6 5 6 5 5 7 3 4 3 9 9 4 7 8
 7 8 4 9 8 3 4 2 9 2 5 1 3 5 9 5 6 8 4 1 8 4 6 5 3 1]
[5 6 5 4 9 5 4 4 5 9 3 8 4 2 8 8 5 3 6 3 5 4 3 1 4 4 9 1 6 4 2 1 2 3 8 1 2
 9 8 2 9 8 5 9 1 2 7 4 5 8 4 5 8 4 6 2 4 6 7 6 6 5 6 5 5 7 3 4 3 9 9 4 7 8
 7 8 4 9 8 3 4 2 9 2 5 1 3 5 9 5 6 8 4 1 8 4 6 5 3 1]
[27, 27, 50, 50, 50, 50, 39, 14, 50, 12, 50, 24, 50, 50, 43, 34, 45, 26, 30, 16, 50, 23, 27, 29, 26, 20, 28, 39, 50, 50, 37, 50, 50, 49, 40, 50, 38, 50, 50, 50, 39, 50, 12, 50, 30, 50, 50, 27, 43, 50, 23, 50, 50, 33, 50, 50, 50, 50, 44, 33, 26, 28, 50, 18, 50, 50, 50, 15, 50, 50, 46, 48, 25, 50, 50, 50, 25, 22, 50, 37, 46, 50, 50, 50, 38, 47, 44, 23, 37, 50, 50, 50, 50, 13, 33, 25, 34, 50, 50, 43]
[0 0 0 0 0 0 0 0 0 0 0 0 0 0 0 0 0 0 0 0 0 0 0 0 0 0 0 0 0 0 0 0 0 0 0 0 0
 0 0 0 0 0 0 0 0 0 0 0 0 0 0 0 0 0 0 0 0 0 0 0 0 0 0 0 0 0 0 0 0 0 0 0 0 0
 0 0 0 0 0 0 0 0 0 0 0 0 0 0 0 0 0 0 0 0 0 0 0 0 0 0]
[1 1 1 1 1 1 1 1 1 1 1 1 1 1 1 1 1 1 1 1 1 1 1 1 1 1 1 1 1 1 1 1 1 1 1 1 1
 1 1 1 1 1 1 1 1 1 1 1 1 1 1 1 1 1 1 1 1 1 1 1 1 1 1 1 1 1 1 1 1 1 1 1 1 1
 1 1 1 1 1 1 1 1 1 1 1 1 1 1 1 1 1 1 1 1 1 1 1 1 1 1]
