[ 0  1  2  3  4  5  6  7  8  9 10 11 12 13 14 15 16 17 18 19 20 21 22 23
 24 25 26 27 28 29 30 31 32 33 34 35 36 37 38 39 40 41 42 43 44 45 46 47
 48 49 50 51 52 53 54 55 56 57 58 59 60 61 62 63 64 65 66 67 68 69 70 71
 72 73 74 75 76 77 78 79 80 81 82 83 84 85 86 87 88 89 90 91 92 93 94 95
 96 97 98 99]
[15 63 -1 -1 -1 95 46 54 80 59 59 44  3 -1 -1 -1  0 36 -1  4 28  0 62 -1
  1 -1 -1 -1 42 74  5 36 -1 -1 -1 95 -1 -1 -1 -1 10 62 91  3 55 93 37 -1
 26  3 -1  6 -1 76 -1 54 -1 88 62 -1 21 36 -1 51 19 28 -1 -1 13 31 81 -1
 83  4 26 -1 -1 -1 -1 -1 33 67 62 57 17 41 -1 78 -1 -1 48 -1 -1 -1 64 70
 61 -1 48 20]
[0 0 0 1 1 0 1 0 1 0 1 1 1 0 1 1 0 0 1 1 1 1 1 0 0 0 0 1 1 1 0 1 0 0 1 1 0
 0 0 0 1 0 0 0 1 1 0 1 1 1 0 0 0 1 0 1 1 0 1 1 0 1 1 1 0 0 0 0 0 0 0 1 1 0
 0 0 1 0 0 1 0 0 0 0 0 0 1 1 0 1 0 1 1 0 0 0 0 1 0 1]
[1 3 0 3 0 0 0 0 0 3 0 0 0 3 0 0 0 0 0 2 4 4 2 2 0 0 0 0 0 0 3 4 0 0 0 0 2
 0 2 1 1 0 0 4 4 0 0 3 0 2 2 1 0 0 3 1 1 2 2 0 2 1 0 0 2 0 0 0 2 2 3 4 1 0
 3 0 0 3 3 0 0 3 2 0 4 4 0 1 3 4 0 0 2 0 1 2 2 0 2 1]
[1 3 0 3 0 0 0 0 0 3 0 0 0 3 0 0 0 0 0 2 4 4 2 2 0 0 0 0 0 0 3 4 0 0 0 0 2
 0 2 1 1 0 0 4 4 0 0 3 0 2 2 1 0 0 3 1 1 2 2 0 2 1 0 0 2 0 0 0 2 2 3 4 1 0
 3 0 0 3 3 0 0 3 2 0 4 4 0 1 3 4 0 0 2 0 1 2 2 0 2 1]
[2 5 3 4 3 3 7 2 4 5 4 9 3 2 9 6 3 3 1 7 2 7 1 3 2 3 1 8 2 3 1 7 5 1 2 3 9
 3 7 5 3 9 5 9 4 8 7 1 4 8 1 1 3 6 3 7 2 1 7 4 3 8 4 6 6 2 8 3 2 3 2 1 4 7
 3 8 6 7 8 4 5 8 3 5 4 7 4 8 2 7 5 6 3 2 8 4 8 6 1 7]
[2 5 3 4 3 3 7 2 4 5 4 9 3 2 9 6 3 3 1 7 2 7 1 3 2 3 1 8 2 3 1 7 5 1 2 3 9
 3 7 5 3 9 5 9 4 8 7 1 4 8 1 1 3 6 3 7 2 1 7 4 3 8 4 6 6 2 8 3 2 3 2 1 4 7
 3 8 6 7 8 4 5 8 3 5 4 7 4 8 2 7 5 6 3 2 8 4 8 6 1 7]
[50, 50, 50, 50, 50, 50, 50, 50, 22, 50, 50, 50, 13, 18, 50, 40, 50, 50, 50, 14, 50, 15, 37, 43, 12, 40, 50, 19, 50, 50, 50, 50, 49, 50, 50, 50, 10, 50, 43, 12, 39, 50, 50, 50, 25, 29, 50, 50, 20, 50, 24, 46, 40, 50, 50, 50, 50, 50, 50, 50, 50, 47, 29, 22, 32, 50, 28, 27, 50, 22, 14, 39, 50, 50, 50, 50, 50, 50, 14, 16, 50, 50, 50, 50, 41, 45, 50, 46, 18, 12, 50, 15, 13, 36, 50, 10, 50, 29, 50, 35]
[0 0 0 0 0 0 0 0 0 0 0 0 0 0 0 0 0 0 0 0 0 0 0 0 0 0 0 0 0 0 0 0 0 0 0 0 0
 0 0 0 0 0 0 0 0 0 0 0 0 0 0 0 0 0 0 0 0 0 0 0 0 0 0 0 0 0 0 0 0 0 0 0 0 0
 0 0 0 0 0 0 0 0 0 0 0 0 0 0 0 0 0 0 0 0 0 0 0 0 0 0]
[1 1 1 1 1 1 1 1 1 1 1 1 1 1 1 1 1 1 1 1 1 1 1 1 1 1 1 1 1 1 1 1 1 1 1 1 1
 1 1 1 1 1 1 1 1 1 1 1 1 1 1 1 1 1 1 1 1 1 1 1 1 1 1 1 1 1 1 1 1 1 1 1 1 1
 1 1 1 1 1 1 1 1 1 1 1 1 1 1 1 1 1 1 1 1 1 1 1 1 1 1]
