[ 0  1  2  3  4  5  6  7  8  9 10 11 12 13 14 15 16 17 18 19 20 21 22 23
 24 25 26 27 28 29 30 31 32 33 34 35 36 37 38 39 40 41 42 43 44 45 46 47
 48 49 50 51 52 53 54 55 56 57 58 59 60 61 62 63 64 65 66 67 68 69 70 71
 72 73 74 75 76 77 78 79 80 81 82 83 84 85 86 87 88 89 90 91 92 93 94 95
 96 97 98 99]
[85 -1 -1 43 -1 34 -1 95 -1 34 -1 74 79 34 -1 -1 49 88 -1  6 52 98 26 28
 -1 50 14 72  9 47 82 87 80 29 -1 -1 90 -1 36 66 63 73 -1 66 -1 -1 -1 22
 -1 89 70 87 60 -1 -1 -1 20 74  4 69 -1 -1 -1 46 -1 88 69 63 10 53 56 33
 -1 -1 14 42 55 11 -1 -1 20 -1 -1 95 63 -1  4  7 84 70 73 -1 54 -1  5 -1
 57 66 87 -1]
[0 0 0 0 1 1 1 1 0 1 1 1 1 1 0 1 1 1 1 0 0 0 0 1 0 0 1 0 0 0 1 1 1 0 0 1 1
 1 1 0 0 1 0 0 0 0 1 0 1 1 1 1 1 1 0 1 0 0 0 1 1 1 1 1 0 1 1 1 1 0 0 1 0 0
 1 0 0 1 1 0 1 1 0 1 1 0 0 0 1 0 0 0 1 0 1 1 1 0 1 0]
[2 1 4 1 1 0 0 3 4 0 4 0 0 2 4 0 0 0 0 0 0 0 1 3 3 2 4 3 0 3 0 0 4 0 0 0 4
 2 2 4 0 4 0 0 1 0 3 0 4 0 4 0 0 0 0 3 3 4 0 0 0 0 1 3 2 0 4 4 0 0 0 0 2 0
 1 2 0 0 3 4 2 0 4 0 2 4 0 1 0 0 0 3 1 0 3 0 1 0 0 0]
[2 1 4 1 1 0 0 3 4 0 4 0 0 2 4 0 0 0 0 0 0 0 1 3 3 2 4 3 0 3 0 0 4 0 0 0 4
 2 2 4 0 4 0 0 1 0 3 0 4 0 4 0 0 0 0 3 3 4 0 0 0 0 1 3 2 0 4 4 0 0 0 0 2 0
 1 2 0 0 3 4 2 0 4 0 2 4 0 1 0 0 0 3 1 0 3 0 1 0 0 0]
[5 2 4 3 8 2 2 9 1 9 9 8 3 7 6 3 1 2 8 3 4 1 3 4 1 4 8 9 9 3 2 9 2 6 2 5 5
 9 1 5 2 8 2 7 9 6 8 2 4 6 1 4 9 8 5 9 4 6 5 2 1 3 7 9 7 3 5 2 6 3 5 3 6 8
 6 3 2 3 2 6 3 3 4 2 8 2 2 4 2 5 2 1 2 3 7 5 5 7 5 8]
[5 2 4 3 8 2 2 9 1 9 9 8 3 7 6 3 1 2 8 3 4 1 3 4 1 4 8 9 9 3 2 9 2 6 2 5 5
 9 1 5 2 8 2 7 9 6 8 2 4 6 1 4 9 8 5 9 4 6 5 2 1 3 7 9 7 3 5 2 6 3 5 3 6 8
 6 3 2 3 2 6 3 3 4 2 8 2 2 4 2 5 2 1 2 3 7 5 5 7 5 8]
[50, 25, 27, 22, 46, 50, 50, 36, 20, 20, 25, 50, 29, 50, 37, 28, 50, 50, 13, 43, 39, 50, 12, 29, 28, 35, 50, 18, 50, 31, 43, 50, 50, 50, 50, 50, 26, 50, 50, 37, 50, 50, 18, 44, 50, 50, 28, 42, 49, 50, 48, 50, 50, 43, 50, 50, 50, 50, 50, 30, 50, 41, 28, 50, 39, 50, 39, 50, 23, 42, 36, 50, 16, 24, 33, 34, 33, 50, 50, 50, 50, 10, 27, 20, 32, 40, 18, 50, 46, 16, 50, 50, 50, 50, 50, 45, 50, 37, 50, 50]
[0 0 0 0 0 0 0 0 0 0 0 0 0 0 0 0 0 0 0 0 0 0 0 0 0 0 0 0 0 0 0 0 0 0 0 0 0
 0 0 0 0 0 0 0 0 0 0 0 0 0 0 0 0 0 0 0 0 0 0 0 0 0 0 0 0 0 0 0 0 0 0 0 0 0
 0 0 0 0 0 0 0 0 0 0 0 0 0 0 0 0 0 0 0 0 0 0 0 0 0 0]
[1 1 1 1 1 1 1 1 1 1 1 1 1 1 1 1 1 1 1 1 1 1 1 1 1 1 1 1 1 1 1 1 1 1 1 1 1
 1 1 1 1 1 1 1 1 1 1 1 1 1 1 1 1 1 1 1 1 1 1 1 1 1 1 1 1 1 1 1 1 1 1 1 1 1
 1 1 1 1 1 1 1 1 1 1 1 1 1 1 1 1 1 1 1 1 1 1 1 1 1 1]
