[ 0  1  2  3  4  5  6  7  8  9 10 11 12 13 14 15 16 17 18 19 20 21 22 23
 24 25 26 27 28 29 30 31 32 33 34 35 36 37 38 39 40 41 42 43 44 45 46 47
 48 49 50 51 52 53 54 55 56 57 58 59 60 61 62 63 64 65 66 67 68 69 70 71
 72 73 74 75 76 77 78 79 80 81 82 83 84 85 86 87 88 89 90 91 92 93 94 95
 96 97 98 99]
[ 3 48 -1 17 85 62 32 -1 12 90 -1 98 17 52 72 -1 -1 30 -1 81 -1 80 33 37
 35  8 -1 71 -1 -1 -1 38 64 42 23 -1 48 65 89 -1 -1 -1 91 -1 61 -1 84 -1
 34 -1 59 86 89 -1 67 -1 23 12 29 39  8 63 52 51 67 22 14 -1 -1 22 -1 -1
 15 87 52 19 92 24  9 -1 40 -1 56 31 -1 -1 71 26 66 -1 -1 92 57 -1 25 -1
 89 -1 17 82]
[0 1 0 0 0 0 1 0 1 1 0 1 0 1 1 0 1 1 0 1 1 0 1 0 0 1 1 0 0 1 0 1 1 1 0 1 0
 1 0 1 1 1 1 0 1 1 1 0 1 0 1 0 0 1 1 0 0 1 0 1 0 0 1 1 0 1 0 0 0 0 0 0 0 1
 1 1 1 0 1 0 0 0 0 1 1 1 0 1 0 1 1 0 0 0 1 1 1 0 1 1]
[1 1 4 0 0 0 3 0 0 0 0 1 0 2 0 0 1 0 4 3 2 3 0 0 0 0 0 1 3 0 4 3 0 0 1 4 0
 2 0 0 0 0 0 0 0 0 4 0 0 1 0 4 0 4 0 4 4 1 0 2 0 0 0 2 3 0 4 3 0 0 0 0 4 0
 1 2 1 4 1 0 4 4 0 3 0 4 1 2 0 0 1 0 0 1 4 1 0 4 0 3]
[1 1 4 0 0 0 3 0 0 0 0 1 0 2 0 0 1 0 4 3 2 3 0 0 0 0 0 1 3 0 4 3 0 0 1 4 0
 2 0 0 0 0 0 0 0 0 4 0 0 1 0 4 0 4 0 4 4 1 0 2 0 0 0 2 3 0 4 3 0 0 0 0 4 0
 1 2 1 4 1 0 4 4 0 3 0 4 1 2 0 0 1 0 0 1 4 1 0 4 0 3]
[6 9 3 8 7 6 4 8 1 3 1 6 9 9 7 1 3 4 5 4 7 2 6 3 1 5 7 5 3 1 7 8 1 1 4 9 4
 7 6 7 2 9 8 9 4 1 1 3 7 3 6 4 6 8 6 5 1 5 4 4 8 9 5 5 9 3 7 3 6 6 5 6 3 2
 1 6 4 7 3 5 6 4 7 1 7 8 6 5 2 4 2 4 8 6 8 7 7 6 4 3]
[6 9 3 8 7 6 4 8 1 3 1 6 9 9 7 1 3 4 5 4 7 2 6 3 1 5 7 5 3 1 7 8 1 1 4 9 4
 7 6 7 2 9 8 9 4 1 1 3 7 3 6 4 6 8 6 5 1 5 4 4 8 9 5 5 9 3 7 3 6 6 5 6 3 2
 1 6 4 7 3 5 6 4 7 1 7 8 6 5 2 4 2 4 8 6 8 7 7 6 4 3]
[17, 48, 13, 26, 25, 37, 50, 40, 50, 43, 50, 25, 12, 19, 50, 26, 50, 50, 50, 14, 50, 39, 17, 50, 37, 50, 50, 42, 50, 27, 13, 50, 50, 50, 19, 50, 47, 50, 41, 41, 50, 31, 50, 26, 45, 50, 50, 50, 15, 24, 39, 50, 38, 31, 35, 50, 30, 50, 35, 29, 50, 48, 50, 23, 50, 50, 39, 50, 50, 19, 20, 45, 35, 50, 50, 50, 49, 50, 50, 50, 17, 49, 50, 50, 24, 50, 11, 50, 31, 50, 47, 50, 50, 50, 32, 50, 50, 50, 50, 15]
[0 0 0 0 0 0 0 0 0 0 0 0 0 0 0 0 0 0 0 0 0 0 0 0 0 0 0 0 0 0 0 0 0 0 0 0 0
 0 0 0 0 0 0 0 0 0 0 0 0 0 0 0 0 0 0 0 0 0 0 0 0 0 0 0 0 0 0 0 0 0 0 0 0 0
 0 0 0 0 0 0 0 0 0 0 0 0 0 0 0 0 0 0 0 0 0 0 0 0 0 0]
[1 1 1 1 1 1 1 1 1 1 1 1 1 1 1 1 1 1 1 1 1 1 1 1 1 1 1 1 1 1 1 1 1 1 1 1 1
 1 1 1 1 1 1 1 1 1 1 1 1 1 1 1 1 1 1 1 1 1 1 1 1 1 1 1 1 1 1 1 1 1 1 1 1 1
 1 1 1 1 1 1 1 1 1 1 1 1 1 1 1 1 1 1 1 1 1 1 1 1 1 1]
