[ 0  1  2  3  4  5  6  7  8  9 10 11 12 13 14 15 16 17 18 19 20 21 22 23
 24 25 26 27 28 29 30 31 32 33 34 35 36 37 38 39 40 41 42 43 44 45 46 47
 48 49 50 51 52 53 54 55 56 57 58 59 60 61 62 63 64 65 66 67 68 69 70 71
 72 73 74 75 76 77 78 79 80 81 82 83 84 85 86 87 88 89 90 91 92 93 94 95
 96 97 98 99]
[96 49 71 68 92 59 13 -1 50 -1 62 17 10  9 38 -1 -1 -1 -1 -1 -1 -1 -1 -1
 -1 78  0 -1 90 -1 -1 -1 25 -1 -1 54 44 83 76 73 88  0 65 84 73 76 58 -1
  6 -1 -1 31 25 -1 31 45 -1 26 80 88 -1 92 40 15 -1 -1  2 -1 85 37 93 48
 -1 -1 -1 -1 86 -1 93 72 69 43 47 -1 -1 -1 -1 10 -1 52 -1 -1 17 81 -1 -1
 61 77 79 84]
[0 0 0 0 0 0 0 0 0 0 0 0 0 0 1 1 0 1 1 0 1 0 1 0 0 0 1 1 1 0 0 0 0 1 0 1 0
 0 1 1 0 0 1 0 0 1 0 1 0 0 1 1 1 1 0 0 0 1 0 0 1 1 0 1 1 0 1 0 0 0 1 0 1 0
 0 0 1 1 1 1 1 0 0 1 1 1 1 1 1 0 0 0 1 1 0 1 1 0 0 0]
[4 1 2 0 1 0 0 0 0 0 0 0 0 0 0 1 0 0 3 0 0 0 0 4 0 0 3 0 4 2 0 1 1 0 3 1 3
 0 3 0 2 0 0 0 1 3 0 2 1 4 4 4 2 0 3 3 2 0 0 0 4 2 0 0 0 0 0 0 0 3 0 3 4 2
 0 1 1 1 0 0 0 2 0 0 0 1 0 3 4 2 2 3 0 2 1 0 0 0 4 2]
[4 1 2 0 1 0 0 0 0 0 0 0 0 0 0 1 0 0 3 0 0 0 0 4 0 0 3 0 4 2 0 1 1 0 3 1 3
 0 3 0 2 0 0 0 1 3 0 2 1 4 4 4 2 0 3 3 2 0 0 0 4 2 0 0 0 0 0 0 0 3 0 3 4 2
 0 1 1 1 0 0 0 2 0 0 0 1 0 3 4 2 2 3 0 2 1 0 0 0 4 2]
[2 6 1 3 2 9 3 9 5 8 7 5 5 8 1 4 7 9 5 4 9 9 8 9 8 5 3 3 4 2 3 6 4 4 2 4 9
 3 8 4 4 1 3 3 1 5 4 7 6 1 8 2 2 1 6 1 6 9 3 6 7 1 8 5 6 6 7 6 8 5 8 5 3 6
 3 9 6 2 3 1 3 8 7 5 9 4 9 1 1 3 4 6 5 6 3 9 6 9 9 7]
[2 6 1 3 2 9 3 9 5 8 7 5 5 8 1 4 7 9 5 4 9 9 8 9 8 5 3 3 4 2 3 6 4 4 2 4 9
 3 8 4 4 1 3 3 1 5 4 7 6 1 8 2 2 1 6 1 6 9 3 6 7 1 8 5 6 6 7 6 8 5 8 5 3 6
 3 9 6 2 3 1 3 8 7 5 9 4 9 1 1 3 4 6 5 6 3 9 6 9 9 7]
[15, 16, 50, 50, 13, 50, 23, 47, 50, 50, 30, 40, 31, 50, 12, 50, 50, 22, 50, 50, 38, 50, 38, 36, 50, 24, 50, 43, 50, 50, 50, 50, 50, 50, 50, 50, 50, 29, 15, 50, 12, 13, 50, 50, 11, 32, 40, 34, 34, 10, 50, 38, 36, 11, 26, 50, 50, 50, 50, 44, 50, 32, 50, 50, 50, 50, 50, 29, 42, 28, 21, 47, 48, 33, 50, 37, 50, 22, 24, 50, 50, 35, 50, 36, 50, 50, 48, 50, 41, 50, 28, 41, 50, 34, 21, 50, 50, 40, 50, 50]
[0 0 0 0 0 0 0 0 0 0 0 0 0 0 0 0 0 0 0 0 0 0 0 0 0 0 0 0 0 0 0 0 0 0 0 0 0
 0 0 0 0 0 0 0 0 0 0 0 0 0 0 0 0 0 0 0 0 0 0 0 0 0 0 0 0 0 0 0 0 0 0 0 0 0
 0 0 0 0 0 0 0 0 0 0 0 0 0 0 0 0 0 0 0 0 0 0 0 0 0 0]
[1 1 1 1 1 1 1 1 1 1 1 1 1 1 1 1 1 1 1 1 1 1 1 1 1 1 1 1 1 1 1 1 1 1 1 1 1
 1 1 1 1 1 1 1 1 1 1 1 1 1 1 1 1 1 1 1 1 1 1 1 1 1 1 1 1 1 1 1 1 1 1 1 1 1
 1 1 1 1 1 1 1 1 1 1 1 1 1 1 1 1 1 1 1 1 1 1 1 1 1 1]
