[ 0  1  2  3  4  5  6  7  8  9 10 11 12 13 14 15 16 17 18 19 20 21 22 23
 24 25 26 27 28 29 30 31 32 33 34 35 36 37 38 39 40 41 42 43 44 45 46 47
 48 49 50 51 52 53 54 55 56 57 58 59 60 61 62 63 64 65 66 67 68 69 70 71
 72 73 74 75 76 77 78 79 80 81 82 83 84 85 86 87 88 89 90 91 92 93 94 95
 96 97 98 99]
[39 11 59 19 63 62 -1 13 43 -1 40 79 -1 33 72 95 -1 11 79 -1 -1  3 65 -1
 11 96 25 41 -1 92 -1 77 -1 -1 -1 59 51 63 78 -1 69 96  1 -1 47 -1 78 -1
 -1 -1 -1 44 51 25 -1 16 11 90 -1 64 89 89 95 20 91 54 -1 24 -1 -1 33 50
 -1  4 -1 -1 50  3 79 -1 32 -1 58 65 93 20 -1 -1  4 -1 62 77  5 -1 -1 10
 39 24 47 28]
[0 0 0 1 1 0 1 1 0 0 0 1 1 1 1 1 0 0 1 1 1 1 0 0 1 1 0 1 1 0 1 1 0 1 1 1 0
 1 1 1 0 0 0 0 1 0 0 0 1 1 0 1 0 1 0 0 0 1 0 1 1 0 1 1 1 1 0 0 0 0 1 0 1 1
 0 1 0 1 0 1 1 1 0 0 0 1 1 0 0 0 0 0 0 1 1 1 1 1 1 1]
[3 3 0 0 2 0 1 4 0 1 1 2 1 0 0 0 1 0 1 0 0 2 3 0 2 3 3 2 0 4 0 0 4 3 1 1 1
 0 0 0 0 0 0 0 0 0 4 0 3 0 0 0 0 0 0 2 0 0 0 0 0 0 0 0 1 0 0 1 0 1 0 0 4 3
 0 2 0 3 2 0 0 0 3 2 2 0 4 0 1 0 4 4 0 4 0 1 0 0 2 0]
[3 3 0 0 2 0 1 4 0 1 1 2 1 0 0 0 1 0 1 0 0 2 3 0 2 3 3 2 0 4 0 0 4 3 1 1 1
 0 0 0 0 0 0 0 0 0 4 0 3 0 0 0 0 0 0 2 0 0 0 0 0 0 0 0 1 0 0 1 0 1 0 0 4 3
 0 2 0 3 2 0 0 0 3 2 2 0 4 0 1 0 4 4 0 4 0 1 0 0 2 0]
[2 7 6 6 1 6 1 4 8 4 8 1 7 5 5 4 2 7 5 6 1 2 3 8 5 5 7 9 7 5 3 8 5 7 2 9 7
 9 8 6 2 5 9 3 3 5 6 9 4 5 8 7 4 3 2 7 4 7 9 1 5 5 9 4 2 3 1 8 6 1 1 9 8 4
 6 5 8 8 8 8 5 8 1 8 3 1 7 5 8 6 7 9 5 4 1 2 1 4 7 8]
[2 7 6 6 1 6 1 4 8 4 8 1 7 5 5 4 2 7 5 6 1 2 3 8 5 5 7 9 7 5 3 8 5 7 2 9 7
 9 8 6 2 5 9 3 3 5 6 9 4 5 8 7 4 3 2 7 4 7 9 1 5 5 9 4 2 3 1 8 6 1 1 9 8 4
 6 5 8 8 8 8 5 8 1 8 3 1 7 5 8 6 7 9 5 4 1 2 1 4 7 8]
[11, 50, 50, 50, 50, 42, 28, 50, 43, 50, 50, 31, 50, 41, 23, 50, 11, 28, 50, 50, 50, 18, 45, 43, 47, 19, 50, 50, 24, 14, 13, 50, 50, 50, 50, 50, 50, 50, 50, 47, 37, 50, 50, 30, 16, 50, 41, 33, 46, 50, 28, 50, 50, 11, 26, 45, 14, 27, 50, 48, 50, 43, 50, 50, 50, 35, 50, 35, 50, 29, 50, 31, 50, 42, 50, 24, 23, 24, 50, 50, 46, 50, 43, 23, 21, 24, 19, 26, 27, 50, 39, 50, 50, 50, 39, 38, 50, 39, 50, 50]
[0 0 0 0 0 0 0 0 0 0 0 0 0 0 0 0 0 0 0 0 0 0 0 0 0 0 0 0 0 0 0 0 0 0 0 0 0
 0 0 0 0 0 0 0 0 0 0 0 0 0 0 0 0 0 0 0 0 0 0 0 0 0 0 0 0 0 0 0 0 0 0 0 0 0
 0 0 0 0 0 0 0 0 0 0 0 0 0 0 0 0 0 0 0 0 0 0 0 0 0 0]
[1 1 1 1 1 1 1 1 1 1 1 1 1 1 1 1 1 1 1 1 1 1 1 1 1 1 1 1 1 1 1 1 1 1 1 1 1
 1 1 1 1 1 1 1 1 1 1 1 1 1 1 1 1 1 1 1 1 1 1 1 1 1 1 1 1 1 1 1 1 1 1 1 1 1
 1 1 1 1 1 1 1 1 1 1 1 1 1 1 1 1 1 1 1 1 1 1 1 1 1 1]
