[ 0  1  2  3  4  5  6  7  8  9 10 11 12 13 14 15 16 17 18 19 20 21 22 23
 24 25 26 27 28 29 30 31 32 33 34 35 36 37 38 39 40 41 42 43 44 45 46 47
 48 49 50 51 52 53 54 55 56 57 58 59 60 61 62 63 64 65 66 67 68 69 70 71
 72 73 74 75 76 77 78 79 80 81 82 83 84 85 86 87 88 89 90 91 92 93 94 95
 96 97 98 99]
[11  6 -1 -1 59  6 66 58 -1 47 23 -1 -1 67 55 16 -1 -1 25 -1 57 37 -1 73
 39 79 12 -1 62 27 67 94 77 62 -1 92 49 -1 33 -1 -1 68 19 46 92 -1 62 -1
 40 57 21 37 -1 -1 97 58 69 -1 -1 99 53 91  7 -1 24 -1 -1 63 -1 93 75 25
 66 39 73 48  3 78 90 68 -1 74 79  8 -1 -1 17 -1 58 85 23 45 88 83 32 57
 -1 18 13 50]
[0 1 1 1 1 0 0 1 1 0 0 1 1 1 1 0 1 0 1 1 1 1 0 1 1 1 1 1 0 1 1 1 1 1 1 0 1
 0 1 0 1 0 0 0 1 0 1 0 1 1 1 0 1 0 1 0 1 0 0 0 0 1 1 1 0 1 0 1 0 0 0 0 0 0
 1 1 1 1 0 1 0 1 0 0 1 0 1 0 0 0 0 1 1 1 0 1 0 1 1 0]
[2 0 1 2 0 3 3 0 1 0 0 1 4 0 4 0 0 3 0 2 0 0 1 0 0 2 0 0 0 1 0 0 1 2 0 1 0
 4 0 3 3 0 3 3 0 0 1 3 2 4 0 0 0 0 0 0 0 0 3 2 0 0 4 4 2 4 0 1 0 1 0 0 3 3
 0 0 0 4 4 3 3 0 3 0 4 4 2 0 0 4 1 0 0 2 4 1 0 0 0 0]
[2 0 1 2 0 3 3 0 1 0 0 1 4 0 4 0 0 3 0 2 0 0 1 0 0 2 0 0 0 1 0 0 1 2 0 1 0
 4 0 3 3 0 3 3 0 0 1 3 2 4 0 0 0 0 0 0 0 0 3 2 0 0 4 4 2 4 0 1 0 1 0 0 3 3
 0 0 0 4 4 3 3 0 3 0 4 4 2 0 0 4 1 0 0 2 4 1 0 0 0 0]
[7 1 3 8 6 8 6 7 6 9 3 2 6 4 3 1 1 1 3 3 9 9 6 5 8 2 3 9 7 9 7 5 9 9 7 5 7
 3 4 8 4 9 9 8 6 4 5 1 3 2 1 1 9 1 1 5 9 1 6 5 3 2 2 5 5 5 5 1 1 7 7 3 1 7
 3 3 7 7 9 6 8 4 9 6 6 3 8 6 7 5 1 3 7 2 1 6 8 4 7 4]
[7 1 3 8 6 8 6 7 6 9 3 2 6 4 3 1 1 1 3 3 9 9 6 5 8 2 3 9 7 9 7 5 9 9 7 5 7
 3 4 8 4 9 9 8 6 4 5 1 3 2 1 1 9 1 1 5 9 1 6 5 3 2 2 5 5 5 5 1 1 7 7 3 1 7
 3 3 7 7 9 6 8 4 9 6 6 3 8 6 7 5 1 3 7 2 1 6 8 4 7 4]
[35, 30, 45, 28, 50, 50, 50, 50, 50, 14, 38, 50, 24, 50, 50, 50, 12, 50, 50, 41, 26, 50, 20, 25, 34, 50, 50, 50, 46, 50, 36, 50, 50, 22, 23, 50, 44, 50, 50, 50, 10, 33, 50, 10, 50, 50, 33, 50, 24, 46, 47, 50, 17, 50, 42, 49, 48, 33, 50, 50, 50, 50, 50, 12, 24, 50, 27, 50, 21, 50, 50, 36, 40, 26, 48, 27, 50, 50, 40, 14, 50, 14, 50, 27, 30, 50, 50, 31, 41, 50, 16, 41, 50, 45, 24, 31, 50, 50, 50, 50]
[0 0 0 0 0 0 0 0 0 0 0 0 0 0 0 0 0 0 0 0 0 0 0 0 0 0 0 0 0 0 0 0 0 0 0 0 0
 0 0 0 0 0 0 0 0 0 0 0 0 0 0 0 0 0 0 0 0 0 0 0 0 0 0 0 0 0 0 0 0 0 0 0 0 0
 0 0 0 0 0 0 0 0 0 0 0 0 0 0 0 0 0 0 0 0 0 0 0 0 0 0]
[1 1 1 1 1 1 1 1 1 1 1 1 1 1 1 1 1 1 1 1 1 1 1 1 1 1 1 1 1 1 1 1 1 1 1 1 1
 1 1 1 1 1 1 1 1 1 1 1 1 1 1 1 1 1 1 1 1 1 1 1 1 1 1 1 1 1 1 1 1 1 1 1 1 1
 1 1 1 1 1 1 1 1 1 1 1 1 1 1 1 1 1 1 1 1 1 1 1 1 1 1]
