[ 0  1  2  3  4  5  6  7  8  9 10 11 12 13 14 15 16 17 18 19 20 21 22 23
 24 25 26 27 28 29 30 31 32 33 34 35 36 37 38 39 40 41 42 43 44 45 46 47
 48 49 50 51 52 53 54 55 56 57 58 59 60 61 62 63 64 65 66 67 68 69 70 71
 72 73 74 75 76 77 78 79 80 81 82 83 84 85 86 87 88 89 90 91 92 93 94 95
 96 97 98 99]
[82 97 20 -1 -1 -1 -1 -1 -1 66 22 -1 84  4 55 52 17 -1 -1 89 18 -1 94 -1
 93 -1 88 46 -1 80 44 -1 13 11 99 -1 90 30 -1 73 80 50 65 64 80  8 74 49
  6 53 61 11 -1 -1 -1 70 14 33 96 53 22 39 57  6 56 -1 -1  5 92 -1 -1 -1
 97 94 -1 -1 22 86 74 -1 -1 -1 -1 -1 74 50 62 -1 33 75 -1 47 -1 -1 -1 70
 22 -1  1 97]
[1 1 1 0 1 1 1 1 1 0 1 1 1 1 0 1 0 0 0 1 0 0 0 0 0 0 0 0 0 0 1 1 0 1 1 1 0
 1 1 0 1 0 0 1 1 0 1 1 0 0 0 1 0 0 0 1 1 1 1 1 1 1 0 1 0 0 1 1 1 0 0 0 1 0
 1 1 0 1 1 0 0 1 0 0 0 0 1 1 1 0 1 0 0 0 0 1 1 1 1 0]
[4 1 0 3 1 4 0 0 1 0 3 2 2 3 0 0 0 0 4 2 0 3 0 0 0 3 0 2 0 0 0 0 0 1 0 1 4
 0 0 4 2 0 2 2 0 0 0 4 0 4 4 2 0 0 2 4 0 0 0 0 0 0 0 3 2 0 0 1 4 2 4 1 3 1
 0 2 2 1 0 3 4 0 0 0 2 1 2 1 0 2 0 0 2 1 3 4 0 3 0 0]
[4 1 0 3 1 4 0 0 1 0 3 2 2 3 0 0 0 0 4 2 0 3 0 0 0 3 0 2 0 0 0 0 0 1 0 1 4
 0 0 4 2 0 2 2 0 0 0 4 0 4 4 2 0 0 2 4 0 0 0 0 0 0 0 3 2 0 0 1 4 2 4 1 3 1
 0 2 2 1 0 3 4 0 0 0 2 1 2 1 0 2 0 0 2 1 3 4 0 3 0 0]
[9 8 1 6 6 8 6 1 6 2 8 3 2 8 4 9 8 8 6 8 3 6 4 7 9 7 4 9 8 1 8 2 6 2 3 7 8
 9 5 1 1 7 8 3 4 3 8 9 7 2 2 7 6 3 1 4 5 8 8 1 5 7 6 8 1 3 8 6 5 6 3 2 8 8
 2 6 2 7 5 6 7 4 1 5 1 7 2 4 9 9 5 7 5 4 5 7 5 1 2 8]
[9 8 1 6 6 8 6 1 6 2 8 3 2 8 4 9 8 8 6 8 3 6 4 7 9 7 4 9 8 1 8 2 6 2 3 7 8
 9 5 1 1 7 8 3 4 3 8 9 7 2 2 7 6 3 1 4 5 8 8 1 5 7 6 8 1 3 8 6 5 6 3 2 8 8
 2 6 2 7 5 6 7 4 1 5 1 7 2 4 9 9 5 7 5 4 5 7 5 1 2 8]
[50, 22, 44, 50, 31, 50, 50, 26, 35, 36, 23, 50, 20, 49, 50, 50, 50, 50, 38, 24, 38, 50, 50, 50, 29, 36, 27, 35, 21, 43, 44, 21, 47, 40, 33, 34, 19, 30, 50, 50, 41, 36, 50, 50, 37, 50, 22, 50, 50, 50, 22, 33, 34, 50, 50, 11, 39, 48, 50, 50, 47, 50, 27, 50, 24, 34, 32, 47, 50, 50, 30, 50, 21, 20, 50, 50, 50, 50, 50, 12, 29, 50, 22, 50, 50, 48, 50, 50, 32, 50, 38, 49, 48, 50, 50, 38, 36, 16, 32, 50]
[0 0 0 0 0 0 0 0 0 0 0 0 0 0 0 0 0 0 0 0 0 0 0 0 0 0 0 0 0 0 0 0 0 0 0 0 0
 0 0 0 0 0 0 0 0 0 0 0 0 0 0 0 0 0 0 0 0 0 0 0 0 0 0 0 0 0 0 0 0 0 0 0 0 0
 0 0 0 0 0 0 0 0 0 0 0 0 0 0 0 0 0 0 0 0 0 0 0 0 0 0]
[1 1 1 1 1 1 1 1 1 1 1 1 1 1 1 1 1 1 1 1 1 1 1 1 1 1 1 1 1 1 1 1 1 1 1 1 1
 1 1 1 1 1 1 1 1 1 1 1 1 1 1 1 1 1 1 1 1 1 1 1 1 1 1 1 1 1 1 1 1 1 1 1 1 1
 1 1 1 1 1 1 1 1 1 1 1 1 1 1 1 1 1 1 1 1 1 1 1 1 1 1]
