[ 0  1  2  3  4  5  6  7  8  9 10 11 12 13 14 15 16 17 18 19 20 21 22 23
 24 25 26 27 28 29 30 31 32 33 34 35 36 37 38 39 40 41 42 43 44 45 46 47
 48 49 50 51 52 53 54 55 56 57 58 59 60 61 62 63 64 65 66 67 68 69 70 71
 72 73 74 75 76 77 78 79 80 81 82 83 84 85 86 87 88 89 90 91 92 93 94 95
 96 97 98 99]
[-1 31 -1 19 73 30 -1 -1 43 -1 -1 66 94 -1 96  5 96 -1 37 -1 -1 89 -1 76
 55 64 52 -1 -1 67 99 56 -1 84 12 -1 24 73 -1 95 -1 53 -1 58 -1 89  0 -1
 -1 16 74 52 39 47 -1 -1  0 93 94 45 29 -1  3 84 70 54 48 15 -1  1 60 94
  1 31 -1 -1 24 11 -1 69 55 -1 -1 95  1 18 -1 64 47 17 -1 97  5 -1 82  0
 98 57 -1 26]
[1 0 1 1 0 0 0 0 1 0 1 0 1 0 0 1 0 0 0 1 1 1 0 0 0 1 0 0 0 1 0 0 1 1 1 0 1
 1 0 1 1 1 0 1 1 0 1 1 0 0 1 0 1 0 1 1 1 0 0 1 1 1 0 0 1 0 0 0 0 1 0 0 1 1
 1 1 0 0 0 0 1 0 0 0 0 0 1 1 0 0 0 0 0 1 0 1 0 0 1 0]
[2 0 0 3 0 0 0 4 1 0 1 4 4 0 3 2 0 1 4 4 0 0 0 2 3 0 1 0 0 0 0 0 0 4 3 4 0
 0 3 2 2 0 1 0 1 1 3 0 0 3 0 0 0 0 2 1 4 0 0 0 1 1 3 3 0 4 3 0 3 0 3 0 4 0
 0 0 2 0 0 0 0 0 0 0 3 0 4 3 0 1 0 4 4 2 4 0 0 0 0 4]
[2 0 0 3 0 0 0 4 1 0 1 4 4 0 3 2 0 1 4 4 0 0 0 2 3 0 1 0 0 0 0 0 0 4 3 4 0
 0 3 2 2 0 1 0 1 1 3 0 0 3 0 0 0 0 2 1 4 0 0 0 1 1 3 3 0 4 3 0 3 0 3 0 4 0
 0 0 2 0 0 0 0 0 0 0 3 0 4 3 0 1 0 4 4 2 4 0 0 0 0 4]
[3 9 1 3 7 7 4 1 5 5 3 5 7 2 9 3 8 2 3 4 7 7 4 1 3 6 6 4 5 1 8 9 6 8 7 2 4
 1 4 4 5 4 2 2 1 9 1 6 2 5 5 9 1 6 7 9 9 3 1 9 8 7 2 7 6 5 3 4 8 2 4 7 5 3
 6 4 6 1 9 2 1 8 2 9 2 1 6 6 2 6 5 8 6 6 6 2 3 5 2 1]
[3 9 1 3 7 7 4 1 5 5 3 5 7 2 9 3 8 2 3 4 7 7 4 1 3 6 6 4 5 1 8 9 6 8 7 2 4
 1 4 4 5 4 2 2 1 9 1 6 2 5 5 9 1 6 7 9 9 3 1 9 8 7 2 7 6 5 3 4 8 2 4 7 5 3
 6 4 6 1 9 2 1 8 2 9 2 1 6 6 2 6 5 8 6 6 6 2 3 5 2 1]
[18, 50, 45, 26, 33, 50, 50, 30, 50, 40, 50, 50, 40, 50, 50, 50, 36, 48, 39, 50, 45, 31, 50, 30, 50, 21, 50, 13, 50, 50, 10, 50, 34, 50, 50, 48, 50, 50, 12, 45, 23, 50, 34, 15, 50, 50, 50, 27, 21, 50, 50, 47, 50, 13, 50, 31, 42, 40, 42, 13, 21, 50, 31, 50, 50, 50, 20, 50, 40, 48, 50, 42, 22, 50, 26, 50, 49, 50, 50, 10, 40, 33, 49, 50, 50, 50, 21, 50, 20, 33, 50, 23, 47, 50, 50, 50, 49, 50, 23, 11]
[0 0 0 0 0 0 0 0 0 0 0 0 0 0 0 0 0 0 0 0 0 0 0 0 0 0 0 0 0 0 0 0 0 0 0 0 0
 0 0 0 0 0 0 0 0 0 0 0 0 0 0 0 0 0 0 0 0 0 0 0 0 0 0 0 0 0 0 0 0 0 0 0 0 0
 0 0 0 0 0 0 0 0 0 0 0 0 0 0 0 0 0 0 0 0 0 0 0 0 0 0]
[1 1 1 1 1 1 1 1 1 1 1 1 1 1 1 1 1 1 1 1 1 1 1 1 1 1 1 1 1 1 1 1 1 1 1 1 1
 1 1 1 1 1 1 1 1 1 1 1 1 1 1 1 1 1 1 1 1 1 1 1 1 1 1 1 1 1 1 1 1 1 1 1 1 1
 1 1 1 1 1 1 1 1 1 1 1 1 1 1 1 1 1 1 1 1 1 1 1 1 1 1]
