[ 0  1  2  3  4  5  6  7  8  9 10 11 12 13 14 15 16 17 18 19 20 21 22 23
 24 25 26 27 28 29 30 31 32 33 34 35 36 37 38 39 40 41 42 43 44 45 46 47
 48 49 50 51 52 53 54 55 56 57 58 59 60 61 62 63 64 65 66 67 68 69 70 71
 72 73 74 75 76 77 78 79 80 81 82 83 84 85 86 87 88 89 90 91 92 93 94 95
 96 97 98 99]
[-1 -1 -1 -1 -1 53 33 71 -1 80 -1 -1  0 -1 75 96 -1 -1 74 51 12 -1 48 82
 10 56 66 -1 -1 55 95 32 39 -1 72 -1 35 -1 40 38 46 -1 91 82 15 11 67 77
 74  0 72 55 88 37 -1 65 -1 -1 37 -1 77 -1 56 -1 -1 39 20 62  7  1 13 -1
  2 92 66 68 66 51 86 12 87 67 -1 -1 57 17  7 -1 36 -1 -1 63 -1 92 60 -1
 38 -1 68 -1]
[0 1 0 0 1 1 0 1 0 1 1 1 0 1 1 0 1 0 1 1 1 1 1 0 1 0 1 0 1 1 1 0 1 0 0 0 0
 1 1 1 1 0 1 0 0 1 0 0 0 1 0 0 1 0 1 1 0 0 0 0 0 0 1 1 0 1 1 1 0 1 0 1 1 1
 1 0 0 1 0 0 0 1 1 0 0 0 0 0 0 0 1 0 0 0 1 1 1 1 0 1]
[0 0 0 2 0 3 0 4 0 1 1 0 2 2 0 2 1 4 4 0 0 4 3 0 0 4 0 1 1 3 0 0 0 0 4 2 4
 3 0 0 2 3 0 3 0 0 4 1 0 0 0 0 1 0 0 1 0 0 0 0 0 4 4 0 2 1 4 0 0 0 0 0 2 0
 4 2 0 0 0 4 0 0 0 2 2 0 4 0 4 3 0 4 0 1 0 0 0 0 0 2]
[0 0 0 2 0 3 0 4 0 1 1 0 2 2 0 2 1 4 4 0 0 4 3 0 0 4 0 1 1 3 0 0 0 0 4 2 4
 3 0 0 2 3 0 3 0 0 4 1 0 0 0 0 1 0 0 1 0 0 0 0 0 4 4 0 2 1 4 0 0 0 0 0 2 0
 4 2 0 0 0 4 0 0 0 2 2 0 4 0 4 3 0 4 0 1 0 0 0 0 0 2]
[5 4 4 7 9 5 5 7 5 7 8 2 7 7 3 8 7 1 8 4 4 5 1 7 6 2 7 5 9 2 2 7 9 7 9 9 8
 6 9 9 6 7 7 7 9 6 6 6 3 7 1 4 2 5 6 9 5 1 8 2 8 4 3 3 5 1 4 2 7 3 7 4 1 7
 3 2 8 6 3 5 6 7 4 4 8 5 9 9 7 3 4 3 8 4 7 5 9 2 1 4]
[5 4 4 7 9 5 5 7 5 7 8 2 7 7 3 8 7 1 8 4 4 5 1 7 6 2 7 5 9 2 2 7 9 7 9 9 8
 6 9 9 6 7 7 7 9 6 6 6 3 7 1 4 2 5 6 9 5 1 8 2 8 4 3 3 5 1 4 2 7 3 7 4 1 7
 3 2 8 6 3 5 6 7 4 4 8 5 9 9 7 3 4 3 8 4 7 5 9 2 1 4]
[39, 27, 50, 50, 31, 50, 10, 50, 50, 22, 40, 50, 34, 50, 50, 50, 32, 20, 50, 50, 16, 28, 50, 11, 49, 43, 50, 45, 41, 50, 50, 50, 50, 50, 50, 50, 50, 50, 50, 50, 50, 50, 42, 50, 50, 50, 29, 50, 39, 45, 15, 10, 12, 50, 33, 10, 50, 22, 50, 50, 47, 50, 18, 36, 43, 50, 50, 50, 50, 50, 30, 50, 14, 12, 50, 15, 50, 38, 50, 50, 50, 32, 16, 39, 50, 49, 18, 39, 43, 50, 46, 50, 49, 50, 26, 42, 23, 11, 50, 19]
[0 0 0 0 0 0 0 0 0 0 0 0 0 0 0 0 0 0 0 0 0 0 0 0 0 0 0 0 0 0 0 0 0 0 0 0 0
 0 0 0 0 0 0 0 0 0 0 0 0 0 0 0 0 0 0 0 0 0 0 0 0 0 0 0 0 0 0 0 0 0 0 0 0 0
 0 0 0 0 0 0 0 0 0 0 0 0 0 0 0 0 0 0 0 0 0 0 0 0 0 0]
[1 1 1 1 1 1 1 1 1 1 1 1 1 1 1 1 1 1 1 1 1 1 1 1 1 1 1 1 1 1 1 1 1 1 1 1 1
 1 1 1 1 1 1 1 1 1 1 1 1 1 1 1 1 1 1 1 1 1 1 1 1 1 1 1 1 1 1 1 1 1 1 1 1 1
 1 1 1 1 1 1 1 1 1 1 1 1 1 1 1 1 1 1 1 1 1 1 1 1 1 1]
