[ 0  1  2  3  4  5  6  7  8  9 10 11 12 13 14 15 16 17 18 19 20 21 22 23
 24 25 26 27 28 29 30 31 32 33 34 35 36 37 38 39 40 41 42 43 44 45 46 47
 48 49 50 51 52 53 54 55 56 57 58 59 60 61 62 63 64 65 66 67 68 69 70 71
 72 73 74 75 76 77 78 79 80 81 82 83 84 85 86 87 88 89 90 91 92 93 94 95
 96 97 98 99]
[81 65 26 57 95  7 72 70 50 -1 69 17 -1 17  4 51 85 -1 91 61 37 -1 38 55
 54 40 -1  4 -1 28 -1  3 -1 19 -1 -1 54 66 71 64  1 -1 94 -1  2 17 80 -1
 -1 62 -1 93 72 71 85  0 61 -1 80 45 24 47 -1 -1 -1 50 -1 13 19 17 21 -1
 40 61 -1 59 -1 -1 60 14 60 87 62  5 12 45 89 -1 -1 54 -1 28 -1  1 84 -1
  9 -1 37 -1]
[1 0 1 1 0 0 0 1 0 0 0 1 0 0 1 1 0 0 1 0 0 1 1 1 1 0 0 0 0 1 1 0 0 1 0 1 1
 0 0 0 1 1 0 0 1 1 1 0 0 0 0 0 1 1 0 0 1 1 0 0 0 1 0 0 1 0 0 0 1 1 1 0 1 0
 1 1 0 1 1 0 1 0 1 1 1 1 0 1 1 1 0 1 1 0 1 0 1 0 1 0]
[4 0 0 0 3 0 1 0 0 0 0 3 4 0 1 0 1 4 3 0 1 3 0 2 4 3 3 2 1 2 0 0 0 0 0 0 0
 0 4 3 2 2 4 0 0 2 1 2 0 2 1 0 0 2 4 3 0 0 0 2 0 2 3 2 2 2 3 4 1 0 0 0 0 1
 0 1 0 3 0 0 0 3 4 0 1 3 0 4 4 0 4 2 0 1 0 0 0 0 4 2]
[4 0 0 0 3 0 1 0 0 0 0 3 4 0 1 0 1 4 3 0 1 3 0 2 4 3 3 2 1 2 0 0 0 0 0 0 0
 0 4 3 2 2 4 0 0 2 1 2 0 2 1 0 0 2 4 3 0 0 0 2 0 2 3 2 2 2 3 4 1 0 0 0 0 1
 0 1 0 3 0 0 0 3 4 0 1 3 0 4 4 0 4 2 0 1 0 0 0 0 4 2]
[7 7 6 3 4 2 9 2 4 9 9 3 4 7 6 4 7 5 1 8 3 9 1 7 9 9 7 3 8 3 9 1 5 8 1 6 6
 5 2 3 7 9 5 7 1 4 5 7 1 3 8 6 2 9 4 4 4 6 5 5 2 2 4 5 4 7 4 7 8 6 8 3 3 5
 4 9 5 2 4 7 3 9 8 6 7 6 7 4 8 8 2 3 9 9 1 3 8 5 1 7]
[7 7 6 3 4 2 9 2 4 9 9 3 4 7 6 4 7 5 1 8 3 9 1 7 9 9 7 3 8 3 9 1 5 8 1 6 6
 5 2 3 7 9 5 7 1 4 5 7 1 3 8 6 2 9 4 4 4 6 5 5 2 2 4 5 4 7 4 7 8 6 8 3 3 5
 4 9 5 2 4 7 3 9 8 6 7 6 7 4 8 8 2 3 9 9 1 3 8 5 1 7]
[46, 13, 14, 42, 48, 50, 50, 50, 19, 50, 44, 33, 50, 36, 50, 50, 50, 45, 50, 50, 50, 50, 50, 50, 12, 50, 11, 50, 50, 50, 21, 13, 50, 50, 50, 37, 47, 50, 48, 30, 36, 50, 50, 13, 50, 44, 50, 32, 29, 43, 50, 50, 50, 32, 50, 20, 22, 50, 45, 50, 50, 11, 13, 44, 50, 48, 50, 19, 50, 50, 50, 40, 15, 31, 26, 17, 50, 50, 49, 39, 50, 19, 40, 40, 37, 38, 50, 50, 50, 50, 50, 29, 14, 50, 50, 12, 50, 13, 48, 33]
[0 0 0 0 0 0 0 0 0 0 0 0 0 0 0 0 0 0 0 0 0 0 0 0 0 0 0 0 0 0 0 0 0 0 0 0 0
 0 0 0 0 0 0 0 0 0 0 0 0 0 0 0 0 0 0 0 0 0 0 0 0 0 0 0 0 0 0 0 0 0 0 0 0 0
 0 0 0 0 0 0 0 0 0 0 0 0 0 0 0 0 0 0 0 0 0 0 0 0 0 0]
[1 1 1 1 1 1 1 1 1 1 1 1 1 1 1 1 1 1 1 1 1 1 1 1 1 1 1 1 1 1 1 1 1 1 1 1 1
 1 1 1 1 1 1 1 1 1 1 1 1 1 1 1 1 1 1 1 1 1 1 1 1 1 1 1 1 1 1 1 1 1 1 1 1 1
 1 1 1 1 1 1 1 1 1 1 1 1 1 1 1 1 1 1 1 1 1 1 1 1 1 1]
