[ 0  1  2  3  4  5  6  7  8  9 10 11 12 13 14 15 16 17 18 19 20 21 22 23
 24 25 26 27 28 29 30 31 32 33 34 35 36 37 38 39 40 41 42 43 44 45 46 47
 48 49 50 51 52 53 54 55 56 57 58 59 60 61 62 63 64 65 66 67 68 69 70 71
 72 73 74 75 76 77 78 79 80 81 82 83 84 85 86 87 88 89 90 91 92 93 94 95
 96 97 98 99]
[-1 41 86  7 14 93 -1 22 35 87 -1 15 90 -1 39 -1 -1 73 -1 16 73 54 10 -1
 -1 70 -1 -1 85 -1 90 85 -1  0 -1 -1 59 77 48 -1 92 91 -1 -1 35 47 -1 56
 -1 92  9 52 -1 55 79  1 -1 60 98 74 -1 31 -1 81  1  8 90 80 52 -1 -1 38
 61 -1 98 18 63 -1 45 65 -1 -1 -1 -1  0 75 -1 15 50 42 -1 51  9 19 24 -1
 77 16 -1 -1]
[0 0 0 1 1 1 1 0 0 0 0 1 0 0 1 0 1 1 1 0 1 0 0 0 0 1 0 1 0 1 0 0 0 1 1 0 0
 1 1 0 0 1 1 0 1 0 0 0 0 1 0 0 1 0 1 1 1 0 0 1 0 1 0 0 1 1 0 1 0 0 0 0 0 0
 1 1 1 1 1 0 1 0 1 1 0 1 0 1 1 1 0 0 1 1 1 0 1 0 0 0]
[0 0 0 0 0 0 4 1 0 3 1 0 1 0 0 3 0 3 0 0 2 3 1 0 3 0 0 0 0 4 4 4 3 0 0 0 3
 0 0 0 2 4 0 0 1 3 0 0 0 3 1 0 4 3 4 1 1 3 0 1 4 0 0 1 4 0 3 0 0 2 0 0 0 4
 1 0 0 2 2 0 4 2 0 0 2 0 3 3 0 0 0 0 0 0 0 0 2 4 0 0]
[0 0 0 0 0 0 4 1 0 3 1 0 1 0 0 3 0 3 0 0 2 3 1 0 3 0 0 0 0 4 4 4 3 0 0 0 3
 0 0 0 2 4 0 0 1 3 0 0 0 3 1 0 4 3 4 1 1 3 0 1 4 0 0 1 4 0 3 0 0 2 0 0 0 4
 1 0 0 2 2 0 4 2 0 0 2 0 3 3 0 0 0 0 0 0 0 0 2 4 0 0]
[7 8 8 7 4 5 2 8 1 5 7 5 5 3 8 9 8 8 1 5 8 9 2 8 3 4 9 9 1 5 5 8 7 3 9 1 2
 7 5 7 3 9 7 3 6 2 9 8 4 7 2 6 9 3 4 4 4 6 2 4 2 8 7 6 5 9 5 7 5 3 5 2 4 1
 5 4 5 3 6 5 7 2 9 7 8 2 6 6 4 8 7 5 4 6 1 3 1 2 6 5]
[7 8 8 7 4 5 2 8 1 5 7 5 5 3 8 9 8 8 1 5 8 9 2 8 3 4 9 9 1 5 5 8 7 3 9 1 2
 7 5 7 3 9 7 3 6 2 9 8 4 7 2 6 9 3 4 4 4 6 2 4 2 8 7 6 5 9 5 7 5 3 5 2 4 1
 5 4 5 3 6 5 7 2 9 7 8 2 6 6 4 8 7 5 4 6 1 3 1 2 6 5]
[40, 24, 50, 50, 37, 32, 11, 50, 34, 13, 45, 50, 50, 50, 50, 40, 31, 50, 25, 21, 49, 50, 50, 48, 24, 50, 14, 50, 11, 48, 50, 14, 37, 50, 46, 50, 44, 50, 50, 14, 50, 32, 17, 41, 50, 50, 50, 50, 50, 50, 50, 50, 17, 50, 50, 41, 50, 37, 31, 49, 14, 35, 14, 50, 42, 25, 50, 31, 50, 22, 50, 34, 23, 22, 26, 26, 50, 50, 50, 50, 28, 50, 50, 50, 50, 40, 50, 29, 32, 15, 34, 50, 44, 49, 50, 50, 49, 49, 50, 50]
[0 0 0 0 0 0 0 0 0 0 0 0 0 0 0 0 0 0 0 0 0 0 0 0 0 0 0 0 0 0 0 0 0 0 0 0 0
 0 0 0 0 0 0 0 0 0 0 0 0 0 0 0 0 0 0 0 0 0 0 0 0 0 0 0 0 0 0 0 0 0 0 0 0 0
 0 0 0 0 0 0 0 0 0 0 0 0 0 0 0 0 0 0 0 0 0 0 0 0 0 0]
[1 1 1 1 1 1 1 1 1 1 1 1 1 1 1 1 1 1 1 1 1 1 1 1 1 1 1 1 1 1 1 1 1 1 1 1 1
 1 1 1 1 1 1 1 1 1 1 1 1 1 1 1 1 1 1 1 1 1 1 1 1 1 1 1 1 1 1 1 1 1 1 1 1 1
 1 1 1 1 1 1 1 1 1 1 1 1 1 1 1 1 1 1 1 1 1 1 1 1 1 1]
