[ 0  1  2  3  4  5  6  7  8  9 10 11 12 13 14 15 16 17 18 19 20 21 22 23
 24 25 26 27 28 29 30 31 32 33 34 35 36 37 38 39 40 41 42 43 44 45 46 47
 48 49 50 51 52 53 54 55 56 57 58 59 60 61 62 63 64 65 66 67 68 69 70 71
 72 73 74 75 76 77 78 79 80 81 82 83 84 85 86 87 88 89 90 91 92 93 94 95
 96 97 98 99]
[-1 30 37 61 67 97 22 68 92 23 -1 -1 -1 69 -1 46 25 48 26 14 -1 -1 36  4
  4  2 -1 -1 73 58 97 65 -1 -1 28 70 83 -1 58 16 84 -1 50 48 -1  6 22 -1
 94 -1 37 -1 -1 -1 -1 97  1 95 40 18 79 -1 53 24 61  9 45 55 79  1 72 36
 77 -1 -1 10 90 95 -1 29 -1 -1 99 80 -1 31 11 17 -1 -1 43 -1 59 64  9 75
 20 -1 73 58]
[1 1 0 0 1 1 0 1 0 0 1 1 0 0 1 0 0 1 0 0 1 0 0 1 0 0 0 0 1 0 0 1 1 0 1 1 0
 1 0 0 0 0 1 1 0 0 1 1 0 0 1 1 1 0 0 1 0 0 0 0 0 1 0 0 1 1 1 0 0 0 0 0 1 1
 1 0 0 0 1 1 1 0 0 1 0 0 1 1 0 1 1 0 0 1 0 1 1 1 0 0]
[0 2 0 0 0 4 0 2 0 0 2 2 0 2 0 0 0 0 3 0 2 2 0 3 1 0 2 1 0 1 0 3 0 0 0 0 0
 2 3 3 0 0 0 2 0 3 1 3 3 0 4 3 1 0 4 0 2 0 0 0 0 0 4 3 1 0 3 4 1 0 4 1 1 1
 0 0 0 0 0 0 0 0 0 1 0 4 2 0 0 1 2 0 1 0 2 0 3 2 1 4]
[0 2 0 0 0 4 0 2 0 0 2 2 0 2 0 0 0 0 3 0 2 2 0 3 1 0 2 1 0 1 0 3 0 0 0 0 0
 2 3 3 0 0 0 2 0 3 1 3 3 0 4 3 1 0 4 0 2 0 0 0 0 0 4 3 1 0 3 4 1 0 4 1 1 1
 0 0 0 0 0 0 0 0 0 1 0 4 2 0 0 1 2 0 1 0 2 0 3 2 1 4]
[6 2 7 8 9 4 3 5 7 5 7 3 1 3 3 5 4 3 2 2 1 4 7 7 8 8 2 9 6 8 9 5 5 9 1 3 7
 2 6 1 4 4 3 3 9 1 4 9 5 2 2 8 1 6 4 7 6 1 2 1 2 8 4 3 7 9 2 2 2 3 7 5 1 9
 7 1 1 7 2 2 9 2 4 3 7 7 4 8 4 7 5 7 1 6 9 5 3 7 5 3]
[6 2 7 8 9 4 3 5 7 5 7 3 1 3 3 5 4 3 2 2 1 4 7 7 8 8 2 9 6 8 9 5 5 9 1 3 7
 2 6 1 4 4 3 3 9 1 4 9 5 2 2 8 1 6 4 7 6 1 2 1 2 8 4 3 7 9 2 2 2 3 7 5 1 9
 7 1 1 7 2 2 9 2 4 3 7 7 4 8 4 7 5 7 1 6 9 5 3 7 5 3]
[50, 50, 50, 50, 10, 42, 31, 50, 50, 50, 50, 30, 19, 50, 36, 46, 50, 50, 35, 50, 22, 28, 26, 30, 50, 43, 14, 50, 50, 50, 50, 50, 50, 12, 37, 31, 50, 50, 50, 24, 50, 50, 32, 50, 21, 18, 50, 50, 28, 50, 50, 41, 26, 49, 18, 27, 20, 50, 42, 26, 40, 50, 35, 50, 35, 48, 50, 50, 12, 43, 50, 50, 50, 50, 46, 14, 20, 50, 48, 50, 50, 25, 13, 50, 50, 50, 38, 48, 50, 36, 50, 50, 12, 50, 37, 50, 25, 38, 47, 26]
[0 0 0 0 0 0 0 0 0 0 0 0 0 0 0 0 0 0 0 0 0 0 0 0 0 0 0 0 0 0 0 0 0 0 0 0 0
 0 0 0 0 0 0 0 0 0 0 0 0 0 0 0 0 0 0 0 0 0 0 0 0 0 0 0 0 0 0 0 0 0 0 0 0 0
 0 0 0 0 0 0 0 0 0 0 0 0 0 0 0 0 0 0 0 0 0 0 0 0 0 0]
[1 1 1 1 1 1 1 1 1 1 1 1 1 1 1 1 1 1 1 1 1 1 1 1 1 1 1 1 1 1 1 1 1 1 1 1 1
 1 1 1 1 1 1 1 1 1 1 1 1 1 1 1 1 1 1 1 1 1 1 1 1 1 1 1 1 1 1 1 1 1 1 1 1 1
 1 1 1 1 1 1 1 1 1 1 1 1 1 1 1 1 1 1 1 1 1 1 1 1 1 1]
