[ 0  1  2  3  4  5  6  7  8  9 10 11 12 13 14 15 16 17 18 19 20 21 22 23
 24 25 26 27 28 29 30 31 32 33 34 35 36 37 38 39 40 41 42 43 44 45 46 47
 48 49 50 51 52 53 54 55 56 57 58 59 60 61 62 63 64 65 66 67 68 69 70 71
 72 73 74 75 76 77 78 79 80 81 82 83 84 85 86 87 88 89 90 91 92 93 94 95
 96 97 98 99]
[ 8 -1 -1 92  3 57 -1 51 -1 87 16 12 -1 -1 83 -1 -1 77 38 38 74 34 65 46
  4 -1 -1 95 44 89 13 -1 -1 -1 59 70  8 84 -1 30 17 52 83 80 12 75 89 86
 -1  6 87 10 19 49 -1  2  7 90  0 -1 38 -1 26 -1 85 84 16 -1 -1 40 -1  1
 -1 43 89 40 -1 38  4 -1 -1  3  1 33 18  2 -1 81 -1 -1 56  5 44 71 -1 21
 -1 -1 -1 29]
[1 0 1 1 0 0 1 1 0 0 0 0 0 1 0 0 1 0 1 0 0 0 0 1 0 0 1 0 1 0 1 0 0 0 1 1 0
 1 0 1 0 1 1 1 1 0 1 1 1 0 1 0 1 0 0 1 1 0 0 1 1 0 1 0 1 1 0 1 1 1 0 1 0 1
 1 0 0 0 1 0 0 1 0 0 0 1 1 1 0 0 0 0 0 0 0 1 1 0 0 0]
[0 0 1 2 0 4 0 1 0 1 3 0 2 0 0 1 2 0 0 0 0 0 4 1 0 0 1 1 0 0 0 0 0 0 0 0 0
 0 3 1 0 0 1 0 0 4 0 1 0 0 0 0 3 0 4 1 2 1 0 4 0 1 0 0 0 0 1 0 0 2 2 2 1 0
 2 2 1 0 2 0 1 0 3 1 0 0 0 0 0 2 1 1 0 0 0 0 0 3 0 0]
[0 0 1 2 0 4 0 1 0 1 3 0 2 0 0 1 2 0 0 0 0 0 4 1 0 0 1 1 0 0 0 0 0 0 0 0 0
 0 3 1 0 0 1 0 0 4 0 1 0 0 0 0 3 0 4 1 2 1 0 4 0 1 0 0 0 0 1 0 0 2 2 2 1 0
 2 2 1 0 2 0 1 0 3 1 0 0 0 0 0 2 1 1 0 0 0 0 0 3 0 0]
[3 7 3 9 7 2 3 1 1 7 6 7 4 7 3 3 2 6 5 5 6 8 3 7 6 7 4 4 5 4 6 2 1 2 5 6 5
 2 2 7 4 8 2 8 9 8 6 2 6 1 9 7 7 3 6 7 4 2 1 7 4 1 9 2 6 8 1 3 7 1 2 4 8 1
 7 4 3 3 9 7 6 6 9 9 1 5 6 5 2 1 5 8 1 8 4 3 9 4 4 6]
[3 7 3 9 7 2 3 1 1 7 6 7 4 7 3 3 2 6 5 5 6 8 3 7 6 7 4 4 5 4 6 2 1 2 5 6 5
 2 2 7 4 8 2 8 9 8 6 2 6 1 9 7 7 3 6 7 4 2 1 7 4 1 9 2 6 8 1 3 7 1 2 4 8 1
 7 4 3 3 9 7 6 6 9 9 1 5 6 5 2 1 5 8 1 8 4 3 9 4 4 6]
[49, 50, 46, 50, 50, 50, 14, 39, 50, 50, 32, 50, 13, 50, 50, 50, 50, 29, 13, 50, 17, 47, 50, 41, 50, 14, 50, 50, 12, 20, 50, 50, 22, 25, 45, 28, 50, 50, 24, 50, 36, 49, 50, 50, 50, 50, 16, 11, 50, 50, 18, 50, 47, 49, 44, 50, 50, 35, 50, 16, 50, 33, 28, 26, 50, 50, 50, 50, 30, 50, 39, 50, 25, 29, 50, 27, 50, 15, 35, 50, 24, 38, 29, 50, 48, 50, 36, 50, 14, 34, 38, 50, 50, 29, 30, 50, 42, 50, 50, 50]
[0 0 0 0 0 0 0 0 0 0 0 0 0 0 0 0 0 0 0 0 0 0 0 0 0 0 0 0 0 0 0 0 0 0 0 0 0
 0 0 0 0 0 0 0 0 0 0 0 0 0 0 0 0 0 0 0 0 0 0 0 0 0 0 0 0 0 0 0 0 0 0 0 0 0
 0 0 0 0 0 0 0 0 0 0 0 0 0 0 0 0 0 0 0 0 0 0 0 0 0 0]
[1 1 1 1 1 1 1 1 1 1 1 1 1 1 1 1 1 1 1 1 1 1 1 1 1 1 1 1 1 1 1 1 1 1 1 1 1
 1 1 1 1 1 1 1 1 1 1 1 1 1 1 1 1 1 1 1 1 1 1 1 1 1 1 1 1 1 1 1 1 1 1 1 1 1
 1 1 1 1 1 1 1 1 1 1 1 1 1 1 1 1 1 1 1 1 1 1 1 1 1 1]
