[ 0  1  2  3  4  5  6  7  8  9 10 11 12 13 14 15 16 17 18 19 20 21 22 23
 24 25 26 27 28 29 30 31 32 33 34 35 36 37 38 39 40 41 42 43 44 45 46 47
 48 49 50 51 52 53 54 55 56 57 58 59 60 61 62 63 64 65 66 67 68 69 70 71
 72 73 74 75 76 77 78 79 80 81 82 83 84 85 86 87 88 89 90 91 92 93 94 95
 96 97 98 99]
[-1 -1 -1 32 96 23 -1 45 20 -1 83 25 11  3 90 51 35 -1 -1 35 -1 -1 66 52
 -1 -1 -1 25 30 35 -1 57 74 97 28 69 -1 -1  1 31 49 66 84 99 17  3 80 35
 13 29 74 -1 20 90 -1 -1 -1 55 94 -1 -1 95 99 14 -1 -1 34 -1 61 58 47 -1
 66 -1 60 43 48 85 -1 90 -1 90 49  9 -1 -1 97 -1 -1 67 64 -1 -1 22 38 64
 19 34 50 -1]
[0 0 1 0 1 1 1 0 1 1 0 0 0 1 1 1 0 0 1 0 1 1 0 0 0 0 1 1 0 1 0 1 0 1 0 1 0
 1 0 1 1 1 1 0 1 0 1 1 0 1 0 1 0 0 1 1 0 1 0 1 0 1 0 0 0 1 0 1 1 1 0 1 0 1
 1 0 1 0 0 1 1 0 0 1 0 1 1 0 1 0 1 0 0 0 0 1 1 1 1 0]
[0 0 1 0 0 1 4 1 0 0 2 0 2 3 0 3 2 0 2 0 0 2 0 2 0 0 0 3 0 0 1 0 0 3 1 0 4
 0 2 1 0 0 0 0 0 1 0 4 0 2 2 0 0 2 3 0 2 0 0 0 0 0 2 0 3 0 4 0 0 2 0 2 3 0
 0 1 0 2 4 0 0 1 3 2 1 1 0 0 0 2 0 0 0 0 0 3 0 0 0 2]
[0 0 1 0 0 1 4 1 0 0 2 0 2 3 0 3 2 0 2 0 0 2 0 2 0 0 0 3 0 0 1 0 0 3 1 0 4
 0 2 1 0 0 0 0 0 1 0 4 0 2 2 0 0 2 3 0 2 0 0 0 0 0 2 0 3 0 4 0 0 2 0 2 3 0
 0 1 0 2 4 0 0 1 3 2 1 1 0 0 0 2 0 0 0 0 0 3 0 0 0 2]
[7 9 6 5 2 6 2 7 8 4 9 2 6 9 3 8 8 2 6 1 6 8 2 3 6 8 8 4 3 8 5 4 6 4 7 8 5
 5 7 1 5 4 2 3 5 9 3 2 9 8 4 4 5 7 3 9 3 3 5 4 6 5 7 8 5 7 7 7 9 6 7 9 6 4
 9 2 2 9 4 2 1 4 1 7 8 5 5 4 8 7 1 2 6 1 2 2 3 2 6 2]
[7 9 6 5 2 6 2 7 8 4 9 2 6 9 3 8 8 2 6 1 6 8 2 3 6 8 8 4 3 8 5 4 6 4 7 8 5
 5 7 1 5 4 2 3 5 9 3 2 9 8 4 4 5 7 3 9 3 3 5 4 6 5 7 8 5 7 7 7 9 6 7 9 6 4
 9 2 2 9 4 2 1 4 1 7 8 5 5 4 8 7 1 2 6 1 2 2 3 2 6 2]
[50, 25, 45, 22, 50, 21, 50, 50, 50, 36, 50, 31, 46, 34, 50, 13, 13, 43, 48, 50, 16, 50, 33, 50, 14, 50, 38, 28, 50, 50, 50, 50, 48, 36, 21, 26, 19, 50, 12, 26, 50, 23, 18, 50, 18, 29, 50, 50, 31, 50, 34, 50, 50, 50, 50, 50, 50, 50, 50, 33, 50, 50, 19, 43, 50, 25, 23, 50, 50, 50, 50, 34, 50, 50, 50, 50, 26, 14, 49, 50, 41, 50, 50, 50, 50, 20, 43, 50, 50, 39, 35, 50, 50, 26, 41, 38, 38, 32, 34, 50]
[0 0 0 0 0 0 0 0 0 0 0 0 0 0 0 0 0 0 0 0 0 0 0 0 0 0 0 0 0 0 0 0 0 0 0 0 0
 0 0 0 0 0 0 0 0 0 0 0 0 0 0 0 0 0 0 0 0 0 0 0 0 0 0 0 0 0 0 0 0 0 0 0 0 0
 0 0 0 0 0 0 0 0 0 0 0 0 0 0 0 0 0 0 0 0 0 0 0 0 0 0]
[1 1 1 1 1 1 1 1 1 1 1 1 1 1 1 1 1 1 1 1 1 1 1 1 1 1 1 1 1 1 1 1 1 1 1 1 1
 1 1 1 1 1 1 1 1 1 1 1 1 1 1 1 1 1 1 1 1 1 1 1 1 1 1 1 1 1 1 1 1 1 1 1 1 1
 1 1 1 1 1 1 1 1 1 1 1 1 1 1 1 1 1 1 1 1 1 1 1 1 1 1]
