[ 0  1  2  3  4  5  6  7  8  9 10 11 12 13 14 15 16 17 18 19 20 21 22 23
 24 25 26 27 28 29 30 31 32 33 34 35 36 37 38 39 40 41 42 43 44 45 46 47
 48 49 50 51 52 53 54 55 56 57 58 59 60 61 62 63 64 65 66 67 68 69 70 71
 72 73 74 75 76 77 78 79 80 81 82 83 84 85 86 87 88 89 90 91 92 93 94 95
 96 97 98 99]
[-1 81 -1 93 89 49 -1 -1 22  0 69 66 -1 60 -1 30 -1 -1 41 93 91 36 42  2
 -1 -1 -1 45 41 68 56 -1 88 49 23 77 66 -1  2 -1 57 20 77 13 38 -1 96 -1
 -1 88 -1 55 -1 91 97 -1 47 38 -1 97 -1 -1 27 -1 76 70 98 64 56 75 53 -1
 95 79 -1 -1 -1 20 -1 84 29 72 98 60 52 -1  5 -1 45 -1 40 40 70 17 83 86
 59 82 -1 13]
[0 0 0 1 1 0 0 1 1 0 0 0 1 1 1 1 0 1 0 1 1 1 0 0 1 0 1 0 1 1 1 1 1 0 1 0 0
 1 0 1 1 1 1 0 0 1 0 1 1 1 1 0 0 0 1 1 1 1 1 0 0 0 0 0 1 1 0 1 1 0 0 0 0 0
 1 0 0 0 1 0 1 0 0 1 0 0 1 1 1 0 0 1 0 0 1 1 0 0 1 1]
[3 1 0 0 2 0 0 4 0 0 0 3 0 0 0 1 0 0 1 4 1 4 0 0 0 1 0 0 0 0 0 0 0 0 4 0 1
 2 4 0 0 3 0 3 0 2 3 0 4 3 3 1 0 1 0 3 2 0 2 0 0 2 0 3 2 0 4 4 0 4 2 0 0 0
 0 0 3 3 1 0 0 0 4 4 2 4 2 0 1 2 2 0 0 3 3 3 1 1 4 1]
[3 1 0 0 2 0 0 4 0 0 0 3 0 0 0 1 0 0 1 4 1 4 0 0 0 1 0 0 0 0 0 0 0 0 4 0 1
 2 4 0 0 3 0 3 0 2 3 0 4 3 3 1 0 1 0 3 2 0 2 0 0 2 0 3 2 0 4 4 0 4 2 0 0 0
 0 0 3 3 1 0 0 0 4 4 2 4 2 0 1 2 2 0 0 3 3 3 1 1 4 1]
[7 2 9 7 5 6 3 6 5 2 4 2 1 3 1 9 2 3 6 7 2 7 9 7 4 7 5 3 4 9 3 3 8 1 1 5 3
 4 3 2 8 6 7 7 8 4 4 8 7 7 5 6 8 6 1 4 1 6 8 8 9 8 9 1 4 6 8 7 1 4 5 8 5 8
 2 3 1 1 5 4 3 6 2 4 2 9 8 6 7 6 7 3 3 8 6 5 7 8 2 3]
[7 2 9 7 5 6 3 6 5 2 4 2 1 3 1 9 2 3 6 7 2 7 9 7 4 7 5 3 4 9 3 3 8 1 1 5 3
 4 3 2 8 6 7 7 8 4 4 8 7 7 5 6 8 6 1 4 1 6 8 8 9 8 9 1 4 6 8 7 1 4 5 8 5 8
 2 3 1 1 5 4 3 6 2 4 2 9 8 6 7 6 7 3 3 8 6 5 7 8 2 3]
[35, 43, 22, 45, 50, 22, 50, 17, 50, 50, 50, 50, 17, 50, 47, 50, 50, 46, 21, 50, 27, 50, 50, 50, 50, 50, 50, 19, 50, 50, 50, 45, 15, 22, 50, 50, 50, 41, 36, 31, 49, 41, 42, 49, 50, 29, 11, 50, 19, 50, 21, 31, 18, 50, 49, 12, 50, 50, 25, 49, 37, 31, 50, 50, 26, 50, 19, 50, 31, 50, 50, 50, 25, 50, 50, 23, 47, 50, 50, 17, 28, 50, 50, 50, 50, 36, 50, 10, 23, 50, 50, 50, 50, 41, 13, 37, 50, 29, 33, 48]
[0 0 0 0 0 0 0 0 0 0 0 0 0 0 0 0 0 0 0 0 0 0 0 0 0 0 0 0 0 0 0 0 0 0 0 0 0
 0 0 0 0 0 0 0 0 0 0 0 0 0 0 0 0 0 0 0 0 0 0 0 0 0 0 0 0 0 0 0 0 0 0 0 0 0
 0 0 0 0 0 0 0 0 0 0 0 0 0 0 0 0 0 0 0 0 0 0 0 0 0 0]
[1 1 1 1 1 1 1 1 1 1 1 1 1 1 1 1 1 1 1 1 1 1 1 1 1 1 1 1 1 1 1 1 1 1 1 1 1
 1 1 1 1 1 1 1 1 1 1 1 1 1 1 1 1 1 1 1 1 1 1 1 1 1 1 1 1 1 1 1 1 1 1 1 1 1
 1 1 1 1 1 1 1 1 1 1 1 1 1 1 1 1 1 1 1 1 1 1 1 1 1 1]
