[ 0  1  2  3  4  5  6  7  8  9 10 11 12 13 14 15 16 17 18 19 20 21 22 23
 24 25 26 27 28 29 30 31 32 33 34 35 36 37 38 39 40 41 42 43 44 45 46 47
 48 49 50 51 52 53 54 55 56 57 58 59 60 61 62 63 64 65 66 67 68 69 70 71
 72 73 74 75 76 77 78 79 80 81 82 83 84 85 86 87 88 89 90 91 92 93 94 95
 96 97 98 99]
[69 -1  1 -1 52 -1 90 88 77 64 85 62 -1  2 40 29 90 -1 -1 -1 -1 23 16 46
 -1 -1 16 -1 -1 39 49  9 87  2 18 95  6 -1  1 67 -1 -1 78 -1 11 -1 85 80
 -1 59 51 -1 -1 41 96 57 -1  8 -1 40 -1 72 80 -1 -1 44 53 93 -1  2 44 -1
  6 18 -1 -1 86 83 -1 48 57 59 86 91 52 -1 44  7 -1 94 -1 -1 -1 12  6 49
 -1 30 37 -1]
[0 1 1 1 1 1 1 1 1 1 0 1 0 1 1 1 1 0 1 0 0 0 0 0 1 0 0 1 1 1 0 0 0 1 0 0 1
 0 0 1 0 1 0 1 0 1 0 1 1 1 0 1 1 1 0 0 1 1 0 1 1 1 1 1 1 1 0 0 1 0 1 1 0 1
 0 1 1 0 1 1 0 1 0 0 1 1 1 0 1 0 0 1 1 1 1 1 1 1 0 0]
[0 0 0 0 1 3 4 3 0 2 1 3 0 0 1 0 0 0 4 0 0 0 1 4 1 0 0 2 1 3 0 0 3 3 4 0 3
 3 0 0 0 1 0 0 0 0 1 0 0 3 0 1 0 2 0 4 0 3 3 0 0 1 3 0 0 4 2 3 0 0 0 3 0 0
 3 3 4 1 1 0 0 1 0 1 0 3 0 0 0 2 2 0 4 2 2 1 3 0 0 4]
[0 0 0 0 1 3 4 3 0 2 1 3 0 0 1 0 0 0 4 0 0 0 1 4 1 0 0 2 1 3 0 0 3 3 4 0 3
 3 0 0 0 1 0 0 0 0 1 0 0 3 0 1 0 2 0 4 0 3 3 0 0 1 3 0 0 4 2 3 0 0 0 3 0 0
 3 3 4 1 1 0 0 1 0 1 0 3 0 0 0 2 2 0 4 2 2 1 3 0 0 4]
[3 2 9 3 5 2 8 8 2 3 1 9 2 5 9 4 8 2 2 8 4 6 3 1 9 7 6 9 9 5 6 3 1 3 6 9 9
 5 8 9 7 8 9 6 3 9 8 7 2 8 9 2 9 6 3 5 7 7 3 6 2 3 5 9 8 2 9 8 1 8 1 9 2 5
 8 1 3 7 3 3 2 9 2 3 9 8 7 6 9 7 5 6 6 6 8 1 6 7 7 9]
[3 2 9 3 5 2 8 8 2 3 1 9 2 5 9 4 8 2 2 8 4 6 3 1 9 7 6 9 9 5 6 3 1 3 6 9 9
 5 8 9 7 8 9 6 3 9 8 7 2 8 9 2 9 6 3 5 7 7 3 6 2 3 5 9 8 2 9 8 1 8 1 9 2 5
 8 1 3 7 3 3 2 9 2 3 9 8 7 6 9 7 5 6 6 6 8 1 6 7 7 9]
[14, 50, 33, 50, 50, 34, 38, 50, 30, 35, 23, 43, 30, 50, 29, 42, 50, 50, 40, 50, 35, 17, 50, 40, 50, 50, 44, 42, 13, 38, 50, 11, 28, 12, 50, 50, 45, 50, 50, 50, 42, 50, 50, 22, 50, 50, 50, 50, 34, 11, 19, 24, 50, 50, 50, 50, 38, 15, 22, 44, 25, 50, 35, 11, 50, 50, 33, 50, 50, 50, 50, 50, 36, 50, 50, 30, 50, 33, 50, 50, 27, 50, 50, 50, 12, 50, 50, 50, 50, 12, 29, 50, 16, 50, 50, 47, 50, 37, 46, 34]
[0 0 0 0 0 0 0 0 0 0 0 0 0 0 0 0 0 0 0 0 0 0 0 0 0 0 0 0 0 0 0 0 0 0 0 0 0
 0 0 0 0 0 0 0 0 0 0 0 0 0 0 0 0 0 0 0 0 0 0 0 0 0 0 0 0 0 0 0 0 0 0 0 0 0
 0 0 0 0 0 0 0 0 0 0 0 0 0 0 0 0 0 0 0 0 0 0 0 0 0 0]
[1 1 1 1 1 1 1 1 1 1 1 1 1 1 1 1 1 1 1 1 1 1 1 1 1 1 1 1 1 1 1 1 1 1 1 1 1
 1 1 1 1 1 1 1 1 1 1 1 1 1 1 1 1 1 1 1 1 1 1 1 1 1 1 1 1 1 1 1 1 1 1 1 1 1
 1 1 1 1 1 1 1 1 1 1 1 1 1 1 1 1 1 1 1 1 1 1 1 1 1 1]
