[ 0  1  2  3  4  5  6  7  8  9 10 11 12 13 14 15 16 17 18 19 20 21 22 23
 24 25 26 27 28 29 30 31 32 33 34 35 36 37 38 39 40 41 42 43 44 45 46 47
 48 49 50 51 52 53 54 55 56 57 58 59 60 61 62 63 64 65 66 67 68 69 70 71
 72 73 74 75 76 77 78 79 80 81 82 83 84 85 86 87 88 89 90 91 92 93 94 95
 96 97 98 99]
[17 -1 49  4 -1 -1 -1 18 28 43 -1 -1 43  9 -1 90 66 46 82 -1 -1 55 59 66
 50 43 76 -1 16 36 -1 36 38 25 95 72 59 -1 -1 -1  1 -1 52 -1 43 -1 49 56
 82 -1 -1 54 -1 94 87 -1 74 74  0 15 74 -1 -1 68 -1 42 -1  1 47 72 82 -1
 53 37 46 94 25 -1 -1 54  3 95 -1 80 52 27 79 97 93 33 -1 -1 -1  0 91 -1
 -1 66 34 14]
[0 0 1 1 1 1 1 0 0 1 1 0 0 1 0 1 1 1 1 1 1 0 0 1 1 1 1 0 1 0 0 1 0 0 0 1 0
 0 1 1 0 0 1 1 1 1 1 0 0 1 0 0 0 1 1 0 0 1 0 0 0 0 1 0 0 0 0 1 0 0 1 1 0 0
 1 0 1 1 1 1 0 1 0 1 0 1 1 1 0 0 1 1 0 1 0 0 0 1 0 0]
[2 3 1 0 0 0 4 2 2 3 4 0 0 0 4 0 2 0 2 1 2 0 3 4 0 1 4 4 4 0 3 0 0 0 1 2 1
 0 0 0 3 0 4 0 0 3 1 1 0 0 0 4 0 3 3 0 3 0 1 1 3 3 0 0 2 3 4 2 2 0 0 0 0 4
 0 0 0 2 0 1 4 0 0 0 2 0 0 0 4 0 1 1 1 0 0 4 2 4 0 2]
[2 3 1 0 0 0 4 2 2 3 4 0 0 0 4 0 2 0 2 1 2 0 3 4 0 1 4 4 4 0 3 0 0 0 1 2 1
 0 0 0 3 0 4 0 0 3 1 1 0 0 0 4 0 3 3 0 3 0 1 1 3 3 0 0 2 3 4 2 2 0 0 0 0 4
 0 0 0 2 0 1 4 0 0 0 2 0 0 0 4 0 1 1 1 0 0 4 2 4 0 2]
[7 5 1 9 5 1 9 4 9 5 6 6 3 2 2 9 8 9 3 3 3 1 3 7 7 4 3 2 7 8 9 7 7 4 4 1 4
 7 1 3 8 1 9 2 7 9 9 4 8 7 1 8 6 5 3 8 4 5 4 4 2 2 7 6 3 2 2 7 9 9 6 4 5 9
 2 8 5 4 9 9 8 2 8 4 6 2 6 9 7 9 9 1 2 8 8 4 1 3 6 3]
[7 5 1 9 5 1 9 4 9 5 6 6 3 2 2 9 8 9 3 3 3 1 3 7 7 4 3 2 7 8 9 7 7 4 4 1 4
 7 1 3 8 1 9 2 7 9 9 4 8 7 1 8 6 5 3 8 4 5 4 4 2 2 7 6 3 2 2 7 9 9 6 4 5 9
 2 8 5 4 9 9 8 2 8 4 6 2 6 9 7 9 9 1 2 8 8 4 1 3 6 3]
[32, 10, 50, 50, 50, 50, 40, 13, 37, 33, 50, 50, 25, 50, 50, 35, 50, 42, 45, 29, 50, 50, 41, 50, 50, 49, 50, 31, 42, 49, 50, 19, 50, 43, 20, 17, 26, 39, 50, 16, 50, 50, 30, 50, 50, 33, 21, 24, 50, 27, 18, 21, 50, 38, 50, 43, 50, 50, 50, 50, 22, 37, 44, 50, 21, 50, 22, 50, 50, 28, 50, 50, 50, 50, 50, 50, 50, 19, 50, 14, 50, 34, 50, 50, 25, 33, 21, 24, 50, 50, 19, 50, 50, 50, 50, 10, 46, 43, 50, 50]
[0 0 0 0 0 0 0 0 0 0 0 0 0 0 0 0 0 0 0 0 0 0 0 0 0 0 0 0 0 0 0 0 0 0 0 0 0
 0 0 0 0 0 0 0 0 0 0 0 0 0 0 0 0 0 0 0 0 0 0 0 0 0 0 0 0 0 0 0 0 0 0 0 0 0
 0 0 0 0 0 0 0 0 0 0 0 0 0 0 0 0 0 0 0 0 0 0 0 0 0 0]
[1 1 1 1 1 1 1 1 1 1 1 1 1 1 1 1 1 1 1 1 1 1 1 1 1 1 1 1 1 1 1 1 1 1 1 1 1
 1 1 1 1 1 1 1 1 1 1 1 1 1 1 1 1 1 1 1 1 1 1 1 1 1 1 1 1 1 1 1 1 1 1 1 1 1
 1 1 1 1 1 1 1 1 1 1 1 1 1 1 1 1 1 1 1 1 1 1 1 1 1 1]
