[ 0  1  2  3  4  5  6  7  8  9 10 11 12 13 14 15 16 17 18 19 20 21 22 23
 24 25 26 27 28 29 30 31 32 33 34 35 36 37 38 39 40 41 42 43 44 45 46 47
 48 49 50 51 52 53 54 55 56 57 58 59 60 61 62 63 64 65 66 67 68 69 70 71
 72 73 74 75 76 77 78 79 80 81 82 83 84 85 86 87 88 89 90 91 92 93 94 95
 96 97 98 99]
[-1 23 55 60  1 -1 67 -1 -1 92 -1  1 34 55 59 75 21 89 -1 -1 -1 27 36  2
 23 84 -1  0 -1 91 88 57 11 52  7 -1 25 -1 -1 99 -1 -1 31 33 38 60 88 91
 77  9 65 37 -1 44 -1 -1 -1  0  2 42 97 78 -1 26 24 -1 11 75 -1 -1 34 -1
 16 26 15 49 -1 16 -1 -1 -1 43 -1 88  3 66 -1 -1 -1 20 79 85 -1 94 77 -1
 81 43 19 98]
[1 0 1 1 1 0 1 1 0 1 1 1 1 0 1 0 0 1 1 1 0 0 1 0 1 1 1 1 1 1 1 1 1 0 1 1 0
 1 1 0 1 1 1 1 1 1 0 0 1 1 0 1 0 1 0 0 0 1 1 1 1 0 1 1 0 1 1 1 1 0 1 0 0 0
 1 1 1 0 0 0 1 0 1 0 1 0 0 0 0 0 1 0 1 0 0 0 1 0 1 0]
[1 0 3 0 0 0 0 2 0 2 0 2 0 0 4 4 4 0 0 3 4 0 4 1 1 1 4 3 0 3 0 0 2 0 0 3 0
 0 1 0 3 0 0 4 1 3 3 0 1 0 3 0 3 0 2 4 0 3 0 1 0 0 0 0 2 0 3 0 2 3 1 1 0 0
 0 0 2 0 3 0 1 0 0 0 0 0 2 0 0 3 4 3 3 0 0 3 0 0 3 1]
[1 0 3 0 0 0 0 2 0 2 0 2 0 0 4 4 4 0 0 3 4 0 4 1 1 1 4 3 0 3 0 0 2 0 0 3 0
 0 1 0 3 0 0 4 1 3 3 0 1 0 3 0 3 0 2 4 0 3 0 1 0 0 0 0 2 0 3 0 2 3 1 1 0 0
 0 0 2 0 3 0 1 0 0 0 0 0 2 0 0 3 4 3 3 0 0 3 0 0 3 1]
[2 7 9 6 5 3 9 3 7 8 1 1 9 6 8 1 7 3 1 7 7 5 7 3 8 6 4 3 1 6 6 2 6 2 9 7 3
 6 7 4 9 3 1 8 5 4 1 3 6 6 6 2 7 5 5 2 5 4 1 1 4 5 1 6 9 6 2 9 5 4 4 3 9 6
 2 7 1 5 4 6 1 2 4 8 5 1 2 7 8 1 1 3 3 5 5 3 8 2 4 7]
[2 7 9 6 5 3 9 3 7 8 1 1 9 6 8 1 7 3 1 7 7 5 7 3 8 6 4 3 1 6 6 2 6 2 9 7 3
 6 7 4 9 3 1 8 5 4 1 3 6 6 6 2 7 5 5 2 5 4 1 1 4 5 1 6 9 6 2 9 5 4 4 3 9 6
 2 7 1 5 4 6 1 2 4 8 5 1 2 7 8 1 1 3 3 5 5 3 8 2 4 7]
[50, 32, 43, 13, 50, 50, 34, 50, 43, 50, 12, 44, 50, 31, 50, 50, 50, 50, 40, 50, 35, 10, 17, 13, 50, 13, 50, 16, 50, 10, 44, 50, 50, 15, 40, 47, 46, 50, 45, 23, 50, 43, 50, 50, 50, 50, 18, 50, 50, 50, 23, 50, 50, 50, 50, 50, 32, 32, 37, 50, 50, 50, 50, 17, 50, 50, 50, 50, 50, 39, 50, 15, 35, 25, 50, 14, 19, 18, 50, 38, 31, 11, 45, 50, 46, 50, 49, 50, 50, 50, 18, 50, 48, 22, 27, 50, 40, 42, 50, 50]
[0 0 0 0 0 0 0 0 0 0 0 0 0 0 0 0 0 0 0 0 0 0 0 0 0 0 0 0 0 0 0 0 0 0 0 0 0
 0 0 0 0 0 0 0 0 0 0 0 0 0 0 0 0 0 0 0 0 0 0 0 0 0 0 0 0 0 0 0 0 0 0 0 0 0
 0 0 0 0 0 0 0 0 0 0 0 0 0 0 0 0 0 0 0 0 0 0 0 0 0 0]
[1 1 1 1 1 1 1 1 1 1 1 1 1 1 1 1 1 1 1 1 1 1 1 1 1 1 1 1 1 1 1 1 1 1 1 1 1
 1 1 1 1 1 1 1 1 1 1 1 1 1 1 1 1 1 1 1 1 1 1 1 1 1 1 1 1 1 1 1 1 1 1 1 1 1
 1 1 1 1 1 1 1 1 1 1 1 1 1 1 1 1 1 1 1 1 1 1 1 1 1 1]
