[ 0  1  2  3  4  5  6  7  8  9 10 11 12 13 14 15 16 17 18 19 20 21 22 23
 24 25 26 27 28 29 30 31 32 33 34 35 36 37 38 39 40 41 42 43 44 45 46 47
 48 49 50 51 52 53 54 55 56 57 58 59 60 61 62 63 64 65 66 67 68 69 70 71
 72 73 74 75 76 77 78 79 80 81 82 83 84 85 86 87 88 89 90 91 92 93 94 95
 96 97 98 99]
[-1 77 91 -1 12 -1 15 -1 -1 64 -1 38 -1 24 -1 20 -1 82 87 58 51 11 32 -1
 -1 -1 -1 -1 82 49 -1 67 98 60 78  2 -1 27 -1 46 45  3  2 -1 29 89 -1 -1
 89 13 -1 -1 74  1 25 26  1 -1 61 17 -1 76 82 -1 -1 14  5 54 31 -1 -1 90
 -1 88 51 -1 -1 -1 -1 -1 64 31 98 91 74 57 74 -1 68 -1 -1 -1 77 53 69 96
 -1 92 34 -1]
[0 0 0 0 1 0 1 0 1 1 0 0 1 1 0 0 1 0 0 1 0 1 1 0 0 0 0 1 1 1 0 0 1 0 0 1 0
 1 0 0 1 0 0 0 0 1 1 0 0 0 1 0 1 1 1 1 0 1 0 0 0 1 0 1 0 0 0 0 0 0 1 1 0 1
 1 0 1 1 1 0 1 0 1 0 1 0 0 0 0 1 1 1 0 0 1 1 0 0 0 0]
[4 3 0 0 0 0 3 4 4 1 2 2 0 2 0 0 1 3 1 1 0 0 1 0 4 4 0 0 1 2 3 0 0 3 0 2 0
 0 3 4 3 0 0 2 0 0 4 0 2 0 0 0 4 0 3 0 3 0 0 0 4 0 0 2 4 1 3 0 0 3 3 2 4 4
 0 0 4 0 0 0 1 0 3 1 3 1 0 3 0 0 0 0 0 0 2 0 0 0 4 0]
[4 3 0 0 0 0 3 4 4 1 2 2 0 2 0 0 1 3 1 1 0 0 1 0 4 4 0 0 1 2 3 0 0 3 0 2 0
 0 3 4 3 0 0 2 0 0 4 0 2 0 0 0 4 0 3 0 3 0 0 0 4 0 0 2 4 1 3 0 0 3 3 2 4 4
 0 0 4 0 0 0 1 0 3 1 3 1 0 3 0 0 0 0 0 0 2 0 0 0 4 0]
[7 2 4 8 7 9 1 6 2 5 3 5 1 9 8 4 9 1 8 8 2 4 3 1 9 7 8 1 6 2 8 8 4 8 1 5 5
 5 7 1 4 6 6 7 1 8 1 1 8 3 3 6 3 3 7 8 5 8 4 2 5 7 2 9 2 5 7 9 5 5 5 5 5 9
 8 9 9 5 4 1 1 9 2 2 8 3 9 5 4 6 7 3 3 4 9 7 5 3 5 6]
[7 2 4 8 7 9 1 6 2 5 3 5 1 9 8 4 9 1 8 8 2 4 3 1 9 7 8 1 6 2 8 8 4 8 1 5 5
 5 7 1 4 6 6 7 1 8 1 1 8 3 3 6 3 3 7 8 5 8 4 2 5 7 2 9 2 5 7 9 5 5 5 5 5 9
 8 9 9 5 4 1 1 9 2 2 8 3 9 5 4 6 7 3 3 4 9 7 5 3 5 6]
[35, 16, 48, 50, 40, 41, 38, 47, 50, 37, 50, 44, 50, 50, 19, 50, 50, 47, 24, 50, 26, 50, 50, 24, 28, 12, 50, 28, 17, 50, 50, 28, 50, 50, 50, 50, 50, 16, 28, 36, 46, 50, 45, 50, 50, 50, 50, 16, 24, 50, 48, 50, 12, 50, 50, 50, 50, 50, 50, 19, 50, 13, 50, 50, 50, 26, 50, 50, 50, 29, 50, 43, 50, 50, 50, 43, 19, 17, 41, 16, 50, 50, 50, 19, 10, 48, 26, 48, 50, 50, 50, 50, 25, 29, 30, 50, 50, 10, 42, 27]
[0 0 0 0 0 0 0 0 0 0 0 0 0 0 0 0 0 0 0 0 0 0 0 0 0 0 0 0 0 0 0 0 0 0 0 0 0
 0 0 0 0 0 0 0 0 0 0 0 0 0 0 0 0 0 0 0 0 0 0 0 0 0 0 0 0 0 0 0 0 0 0 0 0 0
 0 0 0 0 0 0 0 0 0 0 0 0 0 0 0 0 0 0 0 0 0 0 0 0 0 0]
[1 1 1 1 1 1 1 1 1 1 1 1 1 1 1 1 1 1 1 1 1 1 1 1 1 1 1 1 1 1 1 1 1 1 1 1 1
 1 1 1 1 1 1 1 1 1 1 1 1 1 1 1 1 1 1 1 1 1 1 1 1 1 1 1 1 1 1 1 1 1 1 1 1 1
 1 1 1 1 1 1 1 1 1 1 1 1 1 1 1 1 1 1 1 1 1 1 1 1 1 1]
