[ 0  1  2  3  4  5  6  7  8  9 10 11 12 13 14 15 16 17 18 19 20 21 22 23
 24 25 26 27 28 29 30 31 32 33 34 35 36 37 38 39 40 41 42 43 44 45 46 47
 48 49 50 51 52 53 54 55 56 57 58 59 60 61 62 63 64 65 66 67 68 69 70 71
 72 73 74 75 76 77 78 79 80 81 82 83 84 85 86 87 88 89 90 91 92 93 94 95
 96 97 98 99]
[96 16 -1 62 -1 -1 42 -1 92 13 -1 17 -1 -1 23 57 69 46 -1 73 41 -1 -1 -1
 -1 29 63 91 77 63 -1 -1 55 -1 -1 32 -1 -1 -1  0 -1 -1 -1 50 -1 64 28 -1
  8 35 33 29 74 98 87 -1  5 -1 -1 69 -1 69 -1  2 -1 87 69 38 -1 67 92 -1
 -1 -1 53 61 47 43 85 53 -1 68 52 14 71 -1 93 -1 72 40 71  2 20 -1 -1 -1
 82 -1 40 86]
[1 1 1 1 1 1 0 0 1 0 0 0 1 0 0 0 1 1 0 1 1 1 0 0 1 0 1 1 1 0 1 1 0 0 1 1 0
 1 0 1 1 1 1 0 0 0 0 1 1 0 1 1 1 0 0 0 1 0 1 0 1 1 1 0 0 1 1 0 1 1 0 1 1 0
 0 0 1 1 1 1 0 0 0 0 1 1 1 1 1 0 0 0 1 1 1 0 1 1 1 1]
[0 3 4 3 0 4 0 0 2 3 0 0 1 1 0 1 0 0 1 0 4 0 4 0 1 3 0 0 0 2 0 0 0 0 4 1 4
 0 1 1 0 4 4 4 1 1 1 0 0 0 0 4 1 3 2 0 1 0 0 4 1 0 0 2 0 0 4 0 0 1 0 0 0 3
 0 0 0 0 0 0 3 0 0 0 3 4 0 4 4 2 2 4 2 3 3 1 0 2 3 2]
[0 3 4 3 0 4 0 0 2 3 0 0 1 1 0 1 0 0 1 0 4 0 4 0 1 3 0 0 0 2 0 0 0 0 4 1 4
 0 1 1 0 4 4 4 1 1 1 0 0 0 0 4 1 3 2 0 1 0 0 4 1 0 0 2 0 0 4 0 0 1 0 0 0 3
 0 0 0 0 0 0 3 0 0 0 3 4 0 4 4 2 2 4 2 3 3 1 0 2 3 2]
[8 8 5 6 4 7 5 7 7 3 4 8 2 1 8 3 9 4 4 5 7 5 3 5 1 9 8 2 2 6 6 8 8 8 1 9 1
 9 5 4 4 8 1 4 3 7 1 2 2 5 9 3 3 8 9 4 1 3 7 9 2 6 8 8 9 2 1 5 7 4 7 7 2 3
 2 3 7 4 7 1 7 2 2 9 7 3 6 4 8 4 8 8 2 3 8 8 3 9 1 5]
[8 8 5 6 4 7 5 7 7 3 4 8 2 1 8 3 9 4 4 5 7 5 3 5 1 9 8 2 2 6 6 8 8 8 1 9 1
 9 5 4 4 8 1 4 3 7 1 2 2 5 9 3 3 8 9 4 1 3 7 9 2 6 8 8 9 2 1 5 7 4 7 7 2 3
 2 3 7 4 7 1 7 2 2 9 7 3 6 4 8 4 8 8 2 3 8 8 3 9 1 5]
[50, 36, 37, 50, 23, 50, 22, 50, 50, 24, 22, 50, 46, 50, 44, 50, 22, 50, 50, 50, 50, 19, 29, 43, 50, 49, 50, 50, 45, 50, 43, 41, 16, 50, 41, 50, 50, 50, 17, 18, 14, 10, 50, 24, 45, 50, 47, 41, 50, 14, 37, 50, 45, 50, 28, 50, 50, 50, 50, 36, 28, 34, 50, 50, 10, 50, 41, 50, 46, 50, 50, 10, 50, 50, 50, 50, 50, 50, 50, 15, 33, 50, 28, 40, 10, 50, 48, 30, 47, 17, 50, 31, 50, 50, 29, 50, 34, 38, 15, 38]
[0 0 0 0 0 0 0 0 0 0 0 0 0 0 0 0 0 0 0 0 0 0 0 0 0 0 0 0 0 0 0 0 0 0 0 0 0
 0 0 0 0 0 0 0 0 0 0 0 0 0 0 0 0 0 0 0 0 0 0 0 0 0 0 0 0 0 0 0 0 0 0 0 0 0
 0 0 0 0 0 0 0 0 0 0 0 0 0 0 0 0 0 0 0 0 0 0 0 0 0 0]
[1 1 1 1 1 1 1 1 1 1 1 1 1 1 1 1 1 1 1 1 1 1 1 1 1 1 1 1 1 1 1 1 1 1 1 1 1
 1 1 1 1 1 1 1 1 1 1 1 1 1 1 1 1 1 1 1 1 1 1 1 1 1 1 1 1 1 1 1 1 1 1 1 1 1
 1 1 1 1 1 1 1 1 1 1 1 1 1 1 1 1 1 1 1 1 1 1 1 1 1 1]
