[ 0  1  2  3  4  5  6  7  8  9 10 11 12 13 14 15 16 17 18 19 20 21 22 23
 24 25 26 27 28 29 30 31 32 33 34 35 36 37 38 39 40 41 42 43 44 45 46 47
 48 49 50 51 52 53 54 55 56 57 58 59 60 61 62 63 64 65 66 67 68 69 70 71
 72 73 74 75 76 77 78 79 80 81 82 83 84 85 86 87 88 89 90 91 92 93 94 95
 96 97 98 99]
[60 18 -1 -1 54 -1 75 25  1 -1 24 -1 -1 14 80 -1 -1 -1 67 84 91 88 -1 19
 80 36 -1 80 -1 47 87 78 -1 22 52  7 66 -1 -1 38 -1 11 57 -1 -1  9 -1 36
 -1 -1 23 19 72 17 -1 -1 17 16 -1 42 29 17 -1 43 83 -1 -1 -1 -1 86 65 70
 43 -1 60 34 -1 -1 83 35 -1 -1 89 84 33 -1 -1  5 -1 -1 -1 49 49 44 -1  2
 20 71 86 87]
[1 0 1 0 1 0 1 0 0 0 1 0 1 1 0 0 1 1 1 0 0 1 1 0 1 0 1 0 1 1 0 0 0 0 1 1 1
 1 1 0 0 0 1 1 1 1 0 0 1 1 1 1 1 0 1 0 1 0 1 1 0 0 0 1 1 1 0 1 1 0 0 1 1 0
 1 1 1 1 1 0 0 1 0 0 1 1 0 1 0 1 0 0 0 0 1 1 1 1 1 1]
[3 0 4 3 4 4 3 2 0 4 1 4 2 0 1 0 0 0 3 1 0 1 0 3 0 2 0 2 0 2 4 0 1 2 0 0 0
 3 1 4 0 0 2 4 0 4 2 0 0 0 0 0 0 0 3 3 2 0 3 0 2 4 2 3 0 2 0 0 1 1 4 3 3 0
 2 0 4 2 0 3 0 0 0 3 2 1 0 4 3 0 2 0 0 2 0 3 0 0 4 1]
[3 0 4 3 4 4 3 2 0 4 1 4 2 0 1 0 0 0 3 1 0 1 0 3 0 2 0 2 0 2 4 0 1 2 0 0 0
 3 1 4 0 0 2 4 0 4 2 0 0 0 0 0 0 0 3 3 2 0 3 0 2 4 2 3 0 2 0 0 1 1 4 3 3 0
 2 0 4 2 0 3 0 0 0 3 2 1 0 4 3 0 2 0 0 2 0 3 0 0 4 1]
[9 8 2 5 7 1 3 6 7 2 1 5 1 2 4 2 9 4 5 7 4 6 7 4 7 2 5 2 7 9 8 2 7 2 1 7 3
 6 5 1 9 9 3 3 4 2 2 2 5 6 2 3 2 3 9 2 4 6 7 3 9 2 7 6 6 6 5 6 9 6 1 5 4 2
 7 8 9 6 5 3 8 5 4 5 1 6 4 4 6 7 7 3 1 1 5 5 6 2 1 4]
[9 8 2 5 7 1 3 6 7 2 1 5 1 2 4 2 9 4 5 7 4 6 7 4 7 2 5 2 7 9 8 2 7 2 1 7 3
 6 5 1 9 9 3 3 4 2 2 2 5 6 2 3 2 3 9 2 4 6 7 3 9 2 7 6 6 6 5 6 9 6 1 5 4 2
 7 8 9 6 5 3 8 5 4 5 1 6 4 4 6 7 7 3 1 1 5 5 6 2 1 4]
[50, 50, 50, 34, 19, 45, 44, 50, 23, 50, 50, 50, 50, 29, 28, 15, 50, 28, 30, 50, 38, 50, 18, 29, 50, 50, 50, 50, 50, 46, 50, 27, 50, 19, 23, 50, 50, 38, 50, 29, 16, 50, 30, 39, 34, 50, 50, 11, 23, 50, 36, 50, 50, 12, 50, 50, 47, 50, 50, 13, 30, 20, 50, 27, 46, 49, 50, 50, 50, 25, 50, 50, 50, 50, 26, 17, 50, 41, 50, 50, 34, 50, 33, 39, 36, 50, 38, 10, 50, 36, 50, 27, 50, 30, 50, 50, 50, 34, 41, 38]
[0 0 0 0 0 0 0 0 0 0 0 0 0 0 0 0 0 0 0 0 0 0 0 0 0 0 0 0 0 0 0 0 0 0 0 0 0
 0 0 0 0 0 0 0 0 0 0 0 0 0 0 0 0 0 0 0 0 0 0 0 0 0 0 0 0 0 0 0 0 0 0 0 0 0
 0 0 0 0 0 0 0 0 0 0 0 0 0 0 0 0 0 0 0 0 0 0 0 0 0 0]
[1 1 1 1 1 1 1 1 1 1 1 1 1 1 1 1 1 1 1 1 1 1 1 1 1 1 1 1 1 1 1 1 1 1 1 1 1
 1 1 1 1 1 1 1 1 1 1 1 1 1 1 1 1 1 1 1 1 1 1 1 1 1 1 1 1 1 1 1 1 1 1 1 1 1
 1 1 1 1 1 1 1 1 1 1 1 1 1 1 1 1 1 1 1 1 1 1 1 1 1 1]
