[ 0  1  2  3  4  5  6  7  8  9 10 11 12 13 14 15 16 17 18 19 20 21 22 23
 24 25 26 27 28 29 30 31 32 33 34 35 36 37 38 39 40 41 42 43 44 45 46 47
 48 49 50 51 52 53 54 55 56 57 58 59 60 61 62 63 64 65 66 67 68 69 70 71
 72 73 74 75 76 77 78 79 80 81 82 83 84 85 86 87 88 89 90 91 92 93 94 95
 96 97 98 99]
[-1 74 91 -1 40 23 93 92 -1  2 84 89 46 89 -1 86 32 -1 55 69 76  4 72 14
 -1 -1 -1 -1 -1 69 -1 48 88 29 12 79 12 -1 -1 -1 -1 -1 -1 79 -1 88 -1 53
 -1 -1 51  0 80  8 75 38 49  5 -1 53 -1 -1 68 86 85 -1 65 -1  8 37 -1 13
 11 -1 76 -1 -1 -1 34 51 63 24 -1 -1 22 88 90 10 -1 24 83 14 -1 86 43 -1
 78 19 -1 59]
[1 0 1 1 1 0 1 0 0 1 1 1 0 0 0 1 0 0 0 0 0 1 0 1 0 1 1 1 0 0 1 1 0 0 0 1 0
 0 1 1 0 1 1 1 1 1 1 0 1 1 1 1 0 0 0 1 1 0 0 1 0 1 0 0 0 0 1 1 0 1 1 0 0 1
 1 0 0 0 0 1 0 0 0 1 1 1 1 0 0 0 1 1 1 0 0 1 1 0 0 0]
[4 0 0 2 3 4 0 3 0 0 3 0 4 0 3 1 1 1 2 1 0 0 0 0 2 3 0 0 0 0 3 2 0 1 2 0 4
 0 0 3 0 0 0 2 0 0 0 1 1 0 4 0 0 0 3 0 0 1 0 4 0 0 3 3 4 0 0 0 0 0 0 0 0 2
 0 2 4 0 0 0 0 0 3 0 1 0 0 1 0 4 4 1 3 0 2 2 3 3 4 0]
[4 0 0 2 3 4 0 3 0 0 3 0 4 0 3 1 1 1 2 1 0 0 0 0 2 3 0 0 0 0 3 2 0 1 2 0 4
 0 0 3 0 0 0 2 0 0 0 1 1 0 4 0 0 0 3 0 0 1 0 4 0 0 3 3 4 0 0 0 0 0 0 0 0 2
 0 2 4 0 0 0 0 0 3 0 1 0 0 1 0 4 4 1 3 0 2 2 3 3 4 0]
[8 4 5 3 6 4 7 5 7 2 3 2 2 5 5 6 8 6 9 2 8 1 4 4 7 1 8 5 3 5 8 5 1 9 3 8 8
 8 4 9 2 8 6 1 2 2 6 9 6 8 1 4 3 7 1 8 1 8 1 7 8 9 4 6 2 5 1 3 9 1 1 8 7 2
 9 9 4 8 6 1 7 8 2 3 1 1 9 5 3 2 6 9 7 6 4 5 7 6 5 1]
[8 4 5 3 6 4 7 5 7 2 3 2 2 5 5 6 8 6 9 2 8 1 4 4 7 1 8 5 3 5 8 5 1 9 3 8 8
 8 4 9 2 8 6 1 2 2 6 9 6 8 1 4 3 7 1 8 1 8 1 7 8 9 4 6 2 5 1 3 9 1 1 8 7 2
 9 9 4 8 6 1 7 8 2 3 1 1 9 5 3 2 6 9 7 6 4 5 7 6 5 1]
[37, 21, 50, 50, 15, 50, 50, 50, 40, 42, 50, 50, 50, 49, 43, 27, 38, 50, 38, 47, 48, 43, 50, 38, 42, 22, 50, 50, 40, 50, 26, 50, 27, 50, 45, 39, 50, 50, 50, 50, 36, 15, 50, 12, 25, 45, 50, 48, 27, 50, 50, 41, 22, 10, 50, 50, 45, 49, 13, 13, 34, 50, 17, 50, 50, 50, 15, 37, 23, 50, 50, 47, 50, 37, 50, 39, 50, 40, 50, 40, 36, 34, 50, 50, 50, 50, 50, 26, 13, 26, 50, 28, 50, 30, 22, 50, 29, 23, 36, 50]
[0 0 0 0 0 0 0 0 0 0 0 0 0 0 0 0 0 0 0 0 0 0 0 0 0 0 0 0 0 0 0 0 0 0 0 0 0
 0 0 0 0 0 0 0 0 0 0 0 0 0 0 0 0 0 0 0 0 0 0 0 0 0 0 0 0 0 0 0 0 0 0 0 0 0
 0 0 0 0 0 0 0 0 0 0 0 0 0 0 0 0 0 0 0 0 0 0 0 0 0 0]
[1 1 1 1 1 1 1 1 1 1 1 1 1 1 1 1 1 1 1 1 1 1 1 1 1 1 1 1 1 1 1 1 1 1 1 1 1
 1 1 1 1 1 1 1 1 1 1 1 1 1 1 1 1 1 1 1 1 1 1 1 1 1 1 1 1 1 1 1 1 1 1 1 1 1
 1 1 1 1 1 1 1 1 1 1 1 1 1 1 1 1 1 1 1 1 1 1 1 1 1 1]
