[ 0  1  2  3  4  5  6  7  8  9 10 11 12 13 14 15 16 17 18 19 20 21 22 23
 24 25 26 27 28 29 30 31 32 33 34 35 36 37 38 39 40 41 42 43 44 45 46 47
 48 49 50 51 52 53 54 55 56 57 58 59 60 61 62 63 64 65 66 67 68 69 70 71
 72 73 74 75 76 77 78 79 80 81 82 83 84 85 86 87 88 89 90 91 92 93 94 95
 96 97 98 99]
[-1 -1 -1 -1 31 -1 79 -1 94 26 49 96 72 63 21 41 -1 20 -1  3 24 -1 53 24
 76 72 30 -1  6  4 -1  5 66 92 -1  5 18 88 61 -1 86 25  9 -1 69 -1 78 95
 77  6 73 74 -1 27 25 -1 -1 -1 -1 40 -1 75 -1 47 76 -1 -1 -1  5 -1 86 -1
 79 -1 24 78 99 58 96 -1 87 58 -1 28  9 -1  7 -1 15 -1 16 40 -1 79  1 23
 49 14 18 12]
[1 1 1 1 0 0 1 1 1 1 0 0 1 1 1 1 0 0 0 1 1 1 0 1 1 0 0 1 1 0 0 1 1 0 1 1 1
 0 1 1 1 1 0 0 0 1 0 1 0 1 0 1 1 1 1 0 1 0 1 1 0 0 0 0 0 0 0 0 0 0 0 0 1 0
 1 1 1 0 1 1 0 1 0 1 1 1 0 1 1 0 1 0 0 0 1 0 0 1 0 1]
[0 2 0 1 4 3 0 0 0 3 0 3 1 2 0 0 0 3 2 0 3 0 4 2 0 2 3 3 3 2 1 0 1 0 3 3 4
 0 0 0 0 0 0 0 0 0 2 3 0 2 4 4 3 1 0 3 0 2 0 3 4 3 3 2 0 4 0 0 3 2 0 0 2 0
 1 2 1 0 3 0 4 1 2 0 3 4 4 2 0 4 2 0 4 1 2 0 2 0 1 3]
[0 2 0 1 4 3 0 0 0 3 0 3 1 2 0 0 0 3 2 0 3 0 4 2 0 2 3 3 3 2 1 0 1 0 3 3 4
 0 0 0 0 0 0 0 0 0 2 3 0 2 4 4 3 1 0 3 0 2 0 3 4 3 3 2 0 4 0 0 3 2 0 0 2 0
 1 2 1 0 3 0 4 1 2 0 3 4 4 2 0 4 2 0 4 1 2 0 2 0 1 3]
[1 8 2 4 2 8 7 5 9 9 8 5 7 2 9 4 5 5 8 2 5 8 8 6 9 9 1 2 9 4 3 7 2 9 6 4 8
 4 7 4 6 2 9 2 4 9 3 4 7 1 3 5 6 2 6 8 5 7 4 3 9 7 4 1 3 5 9 6 2 9 4 1 1 8
 5 9 4 5 7 8 4 2 7 6 6 8 2 6 2 9 6 9 7 9 3 4 9 7 2 3]
[1 8 2 4 2 8 7 5 9 9 8 5 7 2 9 4 5 5 8 2 5 8 8 6 9 9 1 2 9 4 3 7 2 9 6 4 8
 4 7 4 6 2 9 2 4 9 3 4 7 1 3 5 6 2 6 8 5 7 4 3 9 7 4 1 3 5 9 6 2 9 4 1 1 8
 5 9 4 5 7 8 4 2 7 6 6 8 2 6 2 9 6 9 7 9 3 4 9 7 2 3]
[31, 50, 36, 50, 14, 50, 50, 50, 23, 42, 10, 43, 50, 50, 45, 50, 50, 35, 33, 27, 50, 22, 11, 50, 50, 50, 50, 50, 45, 16, 48, 50, 50, 50, 50, 18, 50, 50, 50, 38, 50, 50, 50, 47, 50, 47, 50, 50, 46, 28, 42, 50, 47, 13, 50, 43, 21, 50, 11, 22, 26, 16, 35, 34, 17, 50, 50, 36, 50, 43, 30, 12, 43, 38, 45, 50, 50, 24, 49, 13, 28, 50, 20, 50, 50, 50, 13, 50, 50, 44, 50, 38, 50, 44, 50, 50, 31, 17, 50, 50]
[0 0 0 0 0 0 0 0 0 0 0 0 0 0 0 0 0 0 0 0 0 0 0 0 0 0 0 0 0 0 0 0 0 0 0 0 0
 0 0 0 0 0 0 0 0 0 0 0 0 0 0 0 0 0 0 0 0 0 0 0 0 0 0 0 0 0 0 0 0 0 0 0 0 0
 0 0 0 0 0 0 0 0 0 0 0 0 0 0 0 0 0 0 0 0 0 0 0 0 0 0]
[1 1 1 1 1 1 1 1 1 1 1 1 1 1 1 1 1 1 1 1 1 1 1 1 1 1 1 1 1 1 1 1 1 1 1 1 1
 1 1 1 1 1 1 1 1 1 1 1 1 1 1 1 1 1 1 1 1 1 1 1 1 1 1 1 1 1 1 1 1 1 1 1 1 1
 1 1 1 1 1 1 1 1 1 1 1 1 1 1 1 1 1 1 1 1 1 1 1 1 1 1]
