[ 0  1  2  3  4  5  6  7  8  9 10 11 12 13 14 15 16 17 18 19 20 21 22 23
 24 25 26 27 28 29 30 31 32 33 34 35 36 37 38 39 40 41 42 43 44 45 46 47
 48 49 50 51 52 53 54 55 56 57 58 59 60 61 62 63 64 65 66 67 68 69 70 71
 72 73 74 75 76 77 78 79 80 81 82 83 84 85 86 87 88 89 90 91 92 93 94 95
 96 97 98 99]
[68 10 44 -1 -1 51 48  5 96 67 -1 -1 49 44 21 87 92 67 21 -1 33 71 -1 47
 -1 -1  9 94 97 97 98 -1  4 -1 -1 97 24 -1 94 -1 -1  2 94 -1 70 62 -1  1
 40 90  5 19 -1 35 -1 -1  2 -1 11 29 25  6 -1 13 -1 68 -1 93 93 22 39 16
 23 99 30  5 -1  7 58 -1 -1  4  9 32 -1 27 52 99 -1 71 -1 59 84 86 75 93
 35 36 65 -1]
[0 1 1 1 1 1 1 0 1 0 0 0 0 1 0 0 0 1 0 0 0 0 0 0 1 0 1 0 1 1 0 1 1 0 1 1 1
 0 0 1 0 0 1 0 1 1 0 0 0 1 1 1 1 0 0 0 1 0 0 1 0 0 1 1 0 1 1 0 0 1 1 0 0 0
 1 1 0 0 0 1 0 0 0 1 0 1 0 1 1 1 1 0 0 0 0 1 0 1 1 1]
[2 0 0 2 0 0 3 4 0 0 2 4 0 0 0 0 0 0 0 0 0 0 0 0 0 0 3 0 0 0 3 1 1 1 0 0 0
 0 0 0 0 2 4 0 0 1 2 1 1 0 0 2 3 0 0 4 1 3 0 0 0 0 0 0 2 2 0 0 1 1 1 0 4 2
 1 0 0 3 0 2 0 1 3 0 3 1 0 0 0 0 1 3 3 0 1 0 0 0 0 0]
[2 0 0 2 0 0 3 4 0 0 2 4 0 0 0 0 0 0 0 0 0 0 0 0 0 0 3 0 0 0 3 1 1 1 0 0 0
 0 0 0 0 2 4 0 0 1 2 1 1 0 0 2 3 0 0 4 1 3 0 0 0 0 0 0 2 2 0 0 1 1 1 0 4 2
 1 0 0 3 0 2 0 1 3 0 3 1 0 0 0 0 1 3 3 0 1 0 0 0 0 0]
[8 7 9 9 5 8 9 4 2 5 4 9 1 2 1 8 9 6 8 6 8 5 2 6 1 4 1 5 9 4 1 9 4 6 1 1 3
 3 8 2 5 7 6 7 4 6 8 6 6 1 7 3 2 5 1 3 1 1 6 1 5 4 1 1 9 2 9 7 2 6 9 7 2 3
 9 6 1 7 4 5 2 2 5 7 6 7 8 1 7 4 5 5 5 5 3 6 2 2 8 5]
[8 7 9 9 5 8 9 4 2 5 4 9 1 2 1 8 9 6 8 6 8 5 2 6 1 4 1 5 9 4 1 9 4 6 1 1 3
 3 8 2 5 7 6 7 4 6 8 6 6 1 7 3 2 5 1 3 1 1 6 1 5 4 1 1 9 2 9 7 2 6 9 7 2 3
 9 6 1 7 4 5 2 2 5 7 6 7 8 1 7 4 5 5 5 5 3 6 2 2 8 5]
[27, 44, 50, 50, 50, 19, 50, 18, 19, 50, 50, 50, 31, 50, 50, 50, 50, 50, 32, 19, 21, 19, 12, 50, 39, 50, 31, 50, 50, 48, 50, 50, 37, 49, 50, 50, 50, 44, 50, 50, 50, 50, 50, 37, 50, 50, 28, 50, 50, 16, 19, 13, 50, 32, 50, 50, 50, 16, 38, 50, 50, 27, 50, 50, 50, 23, 22, 16, 14, 50, 22, 42, 38, 50, 24, 40, 27, 50, 49, 50, 50, 12, 21, 41, 41, 50, 41, 50, 41, 50, 50, 28, 24, 50, 33, 50, 50, 18, 48, 50]
[0 0 0 0 0 0 0 0 0 0 0 0 0 0 0 0 0 0 0 0 0 0 0 0 0 0 0 0 0 0 0 0 0 0 0 0 0
 0 0 0 0 0 0 0 0 0 0 0 0 0 0 0 0 0 0 0 0 0 0 0 0 0 0 0 0 0 0 0 0 0 0 0 0 0
 0 0 0 0 0 0 0 0 0 0 0 0 0 0 0 0 0 0 0 0 0 0 0 0 0 0]
[1 1 1 1 1 1 1 1 1 1 1 1 1 1 1 1 1 1 1 1 1 1 1 1 1 1 1 1 1 1 1 1 1 1 1 1 1
 1 1 1 1 1 1 1 1 1 1 1 1 1 1 1 1 1 1 1 1 1 1 1 1 1 1 1 1 1 1 1 1 1 1 1 1 1
 1 1 1 1 1 1 1 1 1 1 1 1 1 1 1 1 1 1 1 1 1 1 1 1 1 1]
