[ 0  1  2  3  4  5  6  7  8  9 10 11 12 13 14 15 16 17 18 19 20 21 22 23
 24 25 26 27 28 29 30 31 32 33 34 35 36 37 38 39 40 41 42 43 44 45 46 47
 48 49 50 51 52 53 54 55 56 57 58 59 60 61 62 63 64 65 66 67 68 69 70 71
 72 73 74 75 76 77 78 79 80 81 82 83 84 85 86 87 88 89 90 91 92 93 94 95
 96 97 98 99]
[34 20 -1 29 -1 -1 -1 15 97 59 -1 42 50 -1 -1  9 -1 27  6 98 82 90 -1 27
  1 24 22 82 63 65 94 80 56 78 91 86 59 24  3 45 10 89 92 -1 16 -1 -1 83
 60 69 -1 91 47 92 75 -1 60 38 30 -1 23 30 64  3 -1 50 -1 78 42 42 14 46
 -1 23 -1 65 20 21 -1 -1 91 64 -1 -1 22 40 -1 75 66 74 -1 -1 -1 90 99 97
 95 59 -1 49]
[1 0 0 0 1 0 0 1 1 0 1 1 1 0 1 0 1 1 0 0 0 1 0 1 0 1 0 0 0 1 0 1 0 0 1 0 1
 0 0 1 1 0 0 0 0 0 1 1 0 0 1 0 1 0 1 1 0 0 0 0 0 1 1 0 1 0 1 0 0 1 0 0 1 0
 0 0 1 1 1 1 0 1 1 1 1 1 0 0 0 1 1 1 1 1 1 0 1 0 1 0]
[0 0 3 0 2 0 2 0 3 0 1 1 0 3 3 1 0 3 1 2 4 0 0 3 0 1 1 0 2 2 0 0 1 4 3 3 2
 1 0 4 4 0 1 1 0 1 1 4 1 1 1 0 0 3 0 0 4 2 4 4 3 2 1 0 0 2 3 0 0 1 2 0 0 2
 1 0 3 2 2 3 0 0 1 2 3 0 4 4 0 3 4 3 3 0 1 1 1 1 0 2]
[0 0 3 0 2 0 2 0 3 0 1 1 0 3 3 1 0 3 1 2 4 0 0 3 0 1 1 0 2 2 0 0 1 4 3 3 2
 1 0 4 4 0 1 1 0 1 1 4 1 1 1 0 0 3 0 0 4 2 4 4 3 2 1 0 0 2 3 0 0 1 2 0 0 2
 1 0 3 2 2 3 0 0 1 2 3 0 4 4 0 3 4 3 3 0 1 1 1 1 0 2]
[5 9 5 5 7 4 4 8 1 7 4 7 1 6 2 2 7 5 9 2 9 2 6 8 2 8 8 8 1 8 5 1 9 6 9 6 9
 2 5 6 3 7 8 8 3 9 4 8 7 6 3 7 7 2 9 7 9 4 1 3 4 9 9 2 9 8 3 1 8 9 9 4 4 3
 6 1 3 7 6 7 3 6 6 7 3 8 9 6 5 6 8 5 7 7 4 9 6 5 9 5]
[5 9 5 5 7 4 4 8 1 7 4 7 1 6 2 2 7 5 9 2 9 2 6 8 2 8 8 8 1 8 5 1 9 6 9 6 9
 2 5 6 3 7 8 8 3 9 4 8 7 6 3 7 7 2 9 7 9 4 1 3 4 9 9 2 9 8 3 1 8 9 9 4 4 3
 6 1 3 7 6 7 3 6 6 7 3 8 9 6 5 6 8 5 7 7 4 9 6 5 9 5]
[14, 37, 31, 36, 25, 50, 49, 50, 50, 50, 21, 24, 18, 20, 50, 50, 47, 50, 50, 50, 50, 50, 50, 46, 50, 41, 23, 50, 39, 50, 21, 50, 50, 42, 26, 50, 50, 50, 22, 50, 45, 42, 32, 16, 39, 16, 45, 12, 50, 49, 50, 50, 49, 50, 50, 50, 50, 50, 25, 17, 50, 45, 42, 50, 50, 50, 41, 50, 15, 50, 40, 50, 45, 18, 42, 28, 33, 50, 12, 34, 28, 50, 50, 33, 50, 18, 27, 35, 50, 50, 33, 50, 50, 50, 50, 50, 38, 27, 29, 18]
[0 0 0 0 0 0 0 0 0 0 0 0 0 0 0 0 0 0 0 0 0 0 0 0 0 0 0 0 0 0 0 0 0 0 0 0 0
 0 0 0 0 0 0 0 0 0 0 0 0 0 0 0 0 0 0 0 0 0 0 0 0 0 0 0 0 0 0 0 0 0 0 0 0 0
 0 0 0 0 0 0 0 0 0 0 0 0 0 0 0 0 0 0 0 0 0 0 0 0 0 0]
[1 1 1 1 1 1 1 1 1 1 1 1 1 1 1 1 1 1 1 1 1 1 1 1 1 1 1 1 1 1 1 1 1 1 1 1 1
 1 1 1 1 1 1 1 1 1 1 1 1 1 1 1 1 1 1 1 1 1 1 1 1 1 1 1 1 1 1 1 1 1 1 1 1 1
 1 1 1 1 1 1 1 1 1 1 1 1 1 1 1 1 1 1 1 1 1 1 1 1 1 1]
