[ 0  1  2  3  4  5  6  7  8  9 10 11 12 13 14 15 16 17 18 19 20 21 22 23
 24 25 26 27 28 29 30 31 32 33 34 35 36 37 38 39 40 41 42 43 44 45 46 47
 48 49 50 51 52 53 54 55 56 57 58 59 60 61 62 63 64 65 66 67 68 69 70 71
 72 73 74 75 76 77 78 79 80 81 82 83 84 85 86 87 88 89 90 91 92 93 94 95
 96 97 98 99]
[50 16 62 -1 63 33 -1 73  2 42 -1 48 20  7 43 -1 -1  6 -1 45 57 43 36 -1
 -1 98 32 -1 -1 -1 -1 52 18 -1 -1 -1 -1 53 20 10 -1 -1 35  1 23 -1 -1 -1
 -1 26 65 71 48 -1 83 -1 11 -1 -1 74 88 54  5 73 -1 -1 78 38 89 97 62 -1
 -1 41 -1  4 27 69 77 -1 31 66  6 -1 62 77 -1 -1 -1 16 -1 -1 23 -1 -1 27
 40 -1 -1 -1]
[1 0 0 1 1 0 1 1 1 1 1 1 1 0 0 1 1 1 0 1 1 0 1 0 1 1 1 1 0 1 1 1 0 1 1 1 1
 0 0 1 0 0 1 1 1 1 1 1 0 0 0 0 0 1 1 0 1 0 1 1 0 0 0 0 0 1 1 1 0 1 1 1 1 0
 1 1 0 1 1 1 0 1 0 1 1 1 0 1 1 0 0 1 1 0 0 0 0 0 0 1]
[0 0 0 0 4 2 0 0 4 3 0 1 0 0 1 0 3 2 2 4 0 4 0 1 3 3 3 4 2 3 3 3 4 1 0 4 4
 4 2 1 0 3 0 1 3 0 0 3 2 3 1 0 4 0 0 2 0 2 0 1 4 3 3 2 2 1 0 2 0 0 3 0 4 0
 1 4 4 0 4 3 0 3 4 2 0 0 0 2 3 0 0 0 4 4 1 0 2 1 0 0]
[0 0 0 0 4 2 0 0 4 3 0 1 0 0 1 0 3 2 2 4 0 4 0 1 3 3 3 4 2 3 3 3 4 1 0 4 4
 4 2 1 0 3 0 1 3 0 0 3 2 3 1 0 4 0 0 2 0 2 0 1 4 3 3 2 2 1 0 2 0 0 3 0 4 0
 1 4 4 0 4 3 0 3 4 2 0 0 0 2 3 0 0 0 4 4 1 0 2 1 0 0]
[9 9 9 8 1 9 9 2 5 9 7 8 2 2 4 3 6 7 2 7 2 3 4 1 1 6 3 8 4 6 6 4 1 9 8 7 1
 3 5 8 8 4 3 2 1 9 3 9 5 3 2 8 5 6 6 3 8 7 6 3 6 6 4 9 5 9 4 8 8 5 2 9 4 7
 8 7 7 6 4 2 5 2 2 9 3 5 6 4 3 7 3 4 8 7 8 1 5 5 1 6]
[9 9 9 8 1 9 9 2 5 9 7 8 2 2 4 3 6 7 2 7 2 3 4 1 1 6 3 8 4 6 6 4 1 9 8 7 1
 3 5 8 8 4 3 2 1 9 3 9 5 3 2 8 5 6 6 3 8 7 6 3 6 6 4 9 5 9 4 8 8 5 2 9 4 7
 8 7 7 6 4 2 5 2 2 9 3 5 6 4 3 7 3 4 8 7 8 1 5 5 1 6]
[44, 50, 50, 10, 20, 47, 50, 50, 50, 50, 36, 50, 23, 28, 44, 45, 48, 25, 50, 35, 16, 25, 19, 50, 14, 50, 50, 50, 40, 50, 50, 22, 50, 49, 50, 50, 38, 50, 46, 50, 50, 17, 36, 32, 28, 50, 50, 50, 21, 50, 10, 50, 50, 31, 50, 50, 50, 50, 29, 29, 50, 25, 28, 36, 39, 50, 50, 45, 22, 50, 32, 15, 34, 50, 50, 50, 50, 24, 27, 30, 34, 16, 50, 35, 50, 33, 50, 22, 46, 50, 50, 50, 47, 50, 50, 50, 15, 39, 49, 50]
[0 0 0 0 0 0 0 0 0 0 0 0 0 0 0 0 0 0 0 0 0 0 0 0 0 0 0 0 0 0 0 0 0 0 0 0 0
 0 0 0 0 0 0 0 0 0 0 0 0 0 0 0 0 0 0 0 0 0 0 0 0 0 0 0 0 0 0 0 0 0 0 0 0 0
 0 0 0 0 0 0 0 0 0 0 0 0 0 0 0 0 0 0 0 0 0 0 0 0 0 0]
[1 1 1 1 1 1 1 1 1 1 1 1 1 1 1 1 1 1 1 1 1 1 1 1 1 1 1 1 1 1 1 1 1 1 1 1 1
 1 1 1 1 1 1 1 1 1 1 1 1 1 1 1 1 1 1 1 1 1 1 1 1 1 1 1 1 1 1 1 1 1 1 1 1 1
 1 1 1 1 1 1 1 1 1 1 1 1 1 1 1 1 1 1 1 1 1 1 1 1 1 1]
