[ 0  1  2  3  4  5  6  7  8  9 10 11 12 13 14 15 16 17 18 19 20 21 22 23
 24 25 26 27 28 29 30 31 32 33 34 35 36 37 38 39 40 41 42 43 44 45 46 47
 48 49 50 51 52 53 54 55 56 57 58 59 60 61 62 63 64 65 66 67 68 69 70 71
 72 73 74 75 76 77 78 79 80 81 82 83 84 85 86 87 88 89 90 91 92 93 94 95
 96 97 98 99]
[90 -1 85 -1 -1 23  1 30 -1 -1 -1 30 35 -1 -1 51 -1 82 65 54 11 32 63 13
 26 -1 32 59 55 -1 -1 -1 -1 98 27 -1 27 56 57 20 22 -1 -1 -1 -1 13 54 28
 -1 14 49 17 -1 -1 -1 -1 51 16 -1  6 -1 91 93  7 -1  3 52 -1 49 -1 65 -1
 95 14 29 -1 24 -1 61  6 18 -1 54 31 -1 63 -1 -1 30 53 76 -1 -1 -1 64 98
 63 52 51 30]
[0 1 0 0 0 0 0 0 0 1 0 0 1 1 0 1 1 0 0 0 0 1 0 0 0 1 1 0 1 1 0 0 1 1 0 0 1
 1 1 1 1 1 0 1 1 1 1 1 0 0 1 0 0 0 0 1 0 1 0 1 1 0 0 1 0 0 0 0 1 1 0 0 1 0
 0 0 1 1 0 1 0 0 1 1 0 1 0 0 1 0 0 0 0 0 1 0 0 1 0 1]
[0 4 0 0 0 2 0 3 0 2 4 3 3 2 3 0 0 0 1 1 2 0 4 3 1 0 3 4 0 1 1 2 1 0 4 4 0
 1 0 1 3 2 4 4 0 0 0 0 0 0 1 3 0 3 0 2 1 1 4 2 0 0 0 0 0 0 3 4 0 4 1 2 1 0
 4 4 1 0 0 1 0 0 0 1 0 0 0 0 0 1 0 0 0 3 4 1 0 0 2 4]
[0 4 0 0 0 2 0 3 0 2 4 3 3 2 3 0 0 0 1 1 2 0 4 3 1 0 3 4 0 1 1 2 1 0 4 4 0
 1 0 1 3 2 4 4 0 0 0 0 0 0 1 3 0 3 0 2 1 1 4 2 0 0 0 0 0 0 3 4 0 4 1 2 1 0
 4 4 1 0 0 1 0 0 0 1 0 0 0 0 0 1 0 0 0 3 4 1 0 0 2 4]
[7 8 8 6 1 8 4 4 1 8 5 1 3 5 3 9 9 9 8 8 4 8 6 5 7 6 2 3 2 5 7 9 8 6 2 3 3
 5 8 7 3 5 9 9 4 6 6 3 9 5 9 5 6 9 7 7 3 4 5 6 3 4 5 6 3 2 5 4 5 4 2 1 8 1
 2 5 5 6 1 8 9 6 3 8 4 1 1 3 7 8 5 2 7 1 9 4 7 5 8 2]
[7 8 8 6 1 8 4 4 1 8 5 1 3 5 3 9 9 9 8 8 4 8 6 5 7 6 2 3 2 5 7 9 8 6 2 3 3
 5 8 7 3 5 9 9 4 6 6 3 9 5 9 5 6 9 7 7 3 4 5 6 3 4 5 6 3 2 5 4 5 4 2 1 8 1
 2 5 5 6 1 8 9 6 3 8 4 1 1 3 7 8 5 2 7 1 9 4 7 5 8 2]
[45, 50, 50, 50, 50, 34, 50, 26, 40, 50, 50, 50, 50, 49, 50, 50, 20, 50, 50, 33, 30, 50, 50, 49, 50, 21, 50, 43, 50, 43, 50, 46, 22, 20, 50, 18, 50, 50, 50, 24, 50, 49, 44, 31, 50, 50, 43, 37, 50, 50, 50, 50, 50, 10, 50, 50, 31, 50, 50, 50, 24, 50, 14, 46, 18, 30, 13, 41, 50, 16, 50, 50, 50, 25, 50, 50, 23, 50, 50, 50, 11, 13, 28, 27, 35, 39, 45, 23, 50, 23, 50, 43, 50, 34, 31, 31, 50, 11, 17, 31]
[0 0 0 0 0 0 0 0 0 0 0 0 0 0 0 0 0 0 0 0 0 0 0 0 0 0 0 0 0 0 0 0 0 0 0 0 0
 0 0 0 0 0 0 0 0 0 0 0 0 0 0 0 0 0 0 0 0 0 0 0 0 0 0 0 0 0 0 0 0 0 0 0 0 0
 0 0 0 0 0 0 0 0 0 0 0 0 0 0 0 0 0 0 0 0 0 0 0 0 0 0]
[1 1 1 1 1 1 1 1 1 1 1 1 1 1 1 1 1 1 1 1 1 1 1 1 1 1 1 1 1 1 1 1 1 1 1 1 1
 1 1 1 1 1 1 1 1 1 1 1 1 1 1 1 1 1 1 1 1 1 1 1 1 1 1 1 1 1 1 1 1 1 1 1 1 1
 1 1 1 1 1 1 1 1 1 1 1 1 1 1 1 1 1 1 1 1 1 1 1 1 1 1]
