[ 0  1  2  3  4  5  6  7  8  9 10 11 12 13 14 15 16 17 18 19 20 21 22 23
 24 25 26 27 28 29 30 31 32 33 34 35 36 37 38 39 40 41 42 43 44 45 46 47
 48 49 50 51 52 53 54 55 56 57 58 59 60 61 62 63 64 65 66 67 68 69 70 71
 72 73 74 75 76 77 78 79 80 81 82 83 84 85 86 87 88 89 90 91 92 93 94 95
 96 97 98 99]
[56 93 83 16 12 -1 41 -1 -1 95 -1 14 85 24 -1 -1 53 54 32 17 -1 -1  6 -1
 45 -1 60 35 11 -1  6 -1  0 25 43 48 12 -1 26 62 -1 -1 50 98 -1 -1 73 61
 61 46 -1 29 -1 99 -1 49 83 13 69 11 -1 -1 -1 82 55 -1 -1 89 85 -1 29 -1
 76 93 17 67 22 54 -1 63 -1 17 48 77 26 -1 38 -1 73 73 79  2 -1 -1 -1 34
 65 22 -1 14]
[1 1 1 1 0 1 1 0 0 1 0 0 0 0 1 0 0 0 1 0 0 0 0 1 1 0 1 1 0 0 1 0 1 1 1 0 1
 1 0 1 0 1 1 1 1 1 1 1 1 1 1 0 1 0 0 1 0 1 1 1 0 0 1 1 0 1 1 0 0 0 0 0 0 0
 1 1 0 0 1 1 1 0 0 0 0 0 1 0 0 0 0 1 1 1 1 0 1 1 0 1]
[2 0 1 3 2 0 0 4 0 0 3 4 0 1 0 0 4 1 1 3 0 0 0 0 0 0 0 0 3 0 3 3 4 0 0 0 1
 0 2 4 0 2 4 0 0 0 0 3 4 0 0 0 0 4 0 1 0 1 2 1 2 2 1 0 0 4 0 0 4 1 3 2 3 1
 3 0 1 0 0 0 2 0 4 3 0 0 0 4 3 4 0 3 1 0 0 3 0 0 4 3]
[2 0 1 3 2 0 0 4 0 0 3 4 0 1 0 0 4 1 1 3 0 0 0 0 0 0 0 0 3 0 3 3 4 0 0 0 1
 0 2 4 0 2 4 0 0 0 0 3 4 0 0 0 0 4 0 1 0 1 2 1 2 2 1 0 0 4 0 0 4 1 3 2 3 1
 3 0 1 0 0 0 2 0 4 3 0 0 0 4 3 4 0 3 1 0 0 3 0 0 4 3]
[2 2 7 4 9 3 8 3 9 9 8 6 3 5 6 7 4 9 7 7 7 3 5 9 3 9 4 6 8 8 5 8 4 2 9 5 3
 5 3 1 5 4 5 9 8 8 5 8 9 7 8 1 9 1 2 1 1 2 7 3 3 2 2 7 7 6 2 3 9 4 3 1 9 5
 6 8 6 8 5 1 8 7 9 7 6 3 2 4 9 7 3 8 3 9 8 4 5 4 6 9]
[2 2 7 4 9 3 8 3 9 9 8 6 3 5 6 7 4 9 7 7 7 3 5 9 3 9 4 6 8 8 5 8 4 2 9 5 3
 5 3 1 5 4 5 9 8 8 5 8 9 7 8 1 9 1 2 1 1 2 7 3 3 2 2 7 7 6 2 3 9 4 3 1 9 5
 6 8 6 8 5 1 8 7 9 7 6 3 2 4 9 7 3 8 3 9 8 4 5 4 6 9]
[50, 50, 50, 10, 50, 26, 50, 50, 50, 35, 46, 11, 25, 50, 13, 50, 50, 50, 50, 41, 50, 50, 50, 32, 50, 50, 12, 50, 11, 50, 47, 28, 10, 46, 28, 50, 28, 36, 36, 40, 18, 50, 50, 50, 50, 37, 37, 50, 19, 13, 50, 50, 21, 50, 50, 50, 45, 50, 50, 20, 23, 48, 43, 50, 13, 50, 50, 22, 50, 50, 50, 50, 50, 50, 34, 50, 50, 50, 11, 50, 28, 50, 50, 50, 32, 13, 50, 38, 27, 12, 50, 50, 28, 50, 39, 50, 50, 35, 50, 33]
[0 0 0 0 0 0 0 0 0 0 0 0 0 0 0 0 0 0 0 0 0 0 0 0 0 0 0 0 0 0 0 0 0 0 0 0 0
 0 0 0 0 0 0 0 0 0 0 0 0 0 0 0 0 0 0 0 0 0 0 0 0 0 0 0 0 0 0 0 0 0 0 0 0 0
 0 0 0 0 0 0 0 0 0 0 0 0 0 0 0 0 0 0 0 0 0 0 0 0 0 0]
[1 1 1 1 1 1 1 1 1 1 1 1 1 1 1 1 1 1 1 1 1 1 1 1 1 1 1 1 1 1 1 1 1 1 1 1 1
 1 1 1 1 1 1 1 1 1 1 1 1 1 1 1 1 1 1 1 1 1 1 1 1 1 1 1 1 1 1 1 1 1 1 1 1 1
 1 1 1 1 1 1 1 1 1 1 1 1 1 1 1 1 1 1 1 1 1 1 1 1 1 1]
