[ 0  1  2  3  4  5  6  7  8  9 10 11 12 13 14 15 16 17 18 19 20 21 22 23
 24 25 26 27 28 29 30 31 32 33 34 35 36 37 38 39 40 41 42 43 44 45 46 47
 48 49 50 51 52 53 54 55 56 57 58 59 60 61 62 63 64 65 66 67 68 69 70 71
 72 73 74 75 76 77 78 79 80 81 82 83 84 85 86 87 88 89 90 91 92 93 94 95
 96 97 98 99]
[-1 -1 73 -1  0 16 15 48 66 16 -1 42 34 -1 18 57 -1 60 44 81 -1 -1 79 -1
 47 38  7 51 -1 65 85 28 25 -1 -1 -1 -1 89 47 -1 -1 -1  4 67 95 92 -1 -1
 24 -1 -1 77 17 44 32 -1 21 -1 29 79 -1 -1 -1 39 68 44 28 -1 -1 94 19 99
 21 35 -1 -1 83 -1 81 -1 93 -1 56 -1 56 66 39 -1 -1 -1 86 -1 99 54 35 51
 67 23 21 59]
[1 1 1 1 0 1 1 0 1 1 0 0 0 0 0 0 1 1 1 1 0 0 1 0 0 0 0 1 1 0 1 1 1 0 1 0 1
 0 1 1 0 1 0 0 1 1 1 0 0 0 0 1 0 1 0 0 0 0 0 1 0 1 1 1 0 0 0 0 0 1 0 1 0 0
 0 1 1 0 1 0 0 1 1 1 0 0 1 0 1 1 0 1 1 0 1 0 1 1 1 0]
[3 3 0 2 0 0 3 0 1 0 1 0 0 0 3 0 0 0 2 0 0 1 0 0 0 2 0 0 0 2 2 0 1 0 0 4 0
 2 3 0 4 4 2 2 0 1 0 4 0 0 0 0 1 2 1 0 0 0 2 0 1 0 4 2 2 0 1 0 4 0 3 1 0 3
 0 0 0 0 1 0 4 0 0 2 0 3 0 3 0 3 3 0 3 0 0 0 0 0 2 3]
[3 3 0 2 0 0 3 0 1 0 1 0 0 0 3 0 0 0 2 0 0 1 0 0 0 2 0 0 0 2 2 0 1 0 0 4 0
 2 3 0 4 4 2 2 0 1 0 4 0 0 0 0 1 2 1 0 0 0 2 0 1 0 4 2 2 0 1 0 4 0 3 1 0 3
 0 0 0 0 1 0 4 0 0 2 0 3 0 3 0 3 3 0 3 0 0 0 0 0 2 3]
[1 9 4 1 3 8 8 7 3 5 9 8 3 1 1 5 8 1 6 3 9 7 3 9 4 1 5 6 2 6 4 2 5 8 4 7 9
 5 2 7 4 9 2 3 5 1 7 9 4 8 2 8 9 8 6 4 5 8 6 3 8 6 1 8 6 3 8 2 5 9 2 7 3 4
 2 5 1 7 2 5 7 9 1 3 5 4 9 3 1 1 8 3 3 5 6 5 9 8 9 7]
[1 9 4 1 3 8 8 7 3 5 9 8 3 1 1 5 8 1 6 3 9 7 3 9 4 1 5 6 2 6 4 2 5 8 4 7 9
 5 2 7 4 9 2 3 5 1 7 9 4 8 2 8 9 8 6 4 5 8 6 3 8 6 1 8 6 3 8 2 5 9 2 7 3 4
 2 5 1 7 2 5 7 9 1 3 5 4 9 3 1 1 8 3 3 5 6 5 9 8 9 7]
[13, 50, 49, 50, 50, 28, 50, 28, 25, 50, 11, 50, 50, 30, 46, 50, 50, 50, 19, 17, 41, 50, 50, 50, 50, 15, 50, 50, 13, 24, 50, 50, 50, 45, 37, 50, 50, 28, 50, 22, 37, 25, 50, 50, 50, 50, 50, 21, 50, 33, 16, 50, 50, 50, 23, 50, 50, 43, 50, 22, 36, 37, 22, 50, 50, 24, 50, 32, 40, 50, 17, 24, 42, 50, 50, 50, 50, 43, 50, 33, 45, 50, 50, 19, 50, 43, 14, 50, 50, 50, 49, 27, 24, 50, 14, 50, 43, 50, 30, 31]
[0 0 0 0 0 0 0 0 0 0 0 0 0 0 0 0 0 0 0 0 0 0 0 0 0 0 0 0 0 0 0 0 0 0 0 0 0
 0 0 0 0 0 0 0 0 0 0 0 0 0 0 0 0 0 0 0 0 0 0 0 0 0 0 0 0 0 0 0 0 0 0 0 0 0
 0 0 0 0 0 0 0 0 0 0 0 0 0 0 0 0 0 0 0 0 0 0 0 0 0 0]
[1 1 1 1 1 1 1 1 1 1 1 1 1 1 1 1 1 1 1 1 1 1 1 1 1 1 1 1 1 1 1 1 1 1 1 1 1
 1 1 1 1 1 1 1 1 1 1 1 1 1 1 1 1 1 1 1 1 1 1 1 1 1 1 1 1 1 1 1 1 1 1 1 1 1
 1 1 1 1 1 1 1 1 1 1 1 1 1 1 1 1 1 1 1 1 1 1 1 1 1 1]
