[ 0  1  2  3  4  5  6  7  8  9 10 11 12 13 14 15 16 17 18 19 20 21 22 23
 24 25 26 27 28 29 30 31 32 33 34 35 36 37 38 39 40 41 42 43 44 45 46 47
 48 49 50 51 52 53 54 55 56 57 58 59 60 61 62 63 64 65 66 67 68 69 70 71
 72 73 74 75 76 77 78 79 80 81 82 83 84 85 86 87 88 89 90 91 92 93 94 95
 96 97 98 99]
[65 36 64 -1 31  8 19 52 55 55 31 24 -1 91 50 37 88 -1 35 30 13 10 -1 31
 69 -1 41 52 -1 67 -1 69 90 -1 50 87 84 25 73 -1 85 65 84 67 -1 89 -1 -1
 67 27 -1 -1 22 47 -1 -1 28  4 72 -1 -1 46 81 -1 99 52 10 88 85 22 -1 -1
 -1 -1 73  2 22 90 84 42 -1 90 -1 32 34 -1 85 82 87 44 29 52 88 -1 23 -1
 26 -1 31 -1]
[1 0 1 0 0 1 1 1 0 0 0 0 0 1 0 0 1 0 0 0 1 0 0 1 1 0 0 0 1 0 1 0 1 0 0 0 0
 0 1 1 0 1 0 1 1 0 0 0 1 1 1 1 1 0 1 1 0 0 0 1 0 0 0 1 1 1 0 1 1 1 1 0 1 0
 1 1 0 0 0 1 1 1 0 0 0 1 0 0 0 0 0 1 0 1 0 0 0 0 1 0]
[0 2 0 1 3 0 0 4 0 0 4 4 0 1 0 0 0 1 4 3 0 2 2 4 0 0 4 0 2 3 0 0 0 0 1 0 0
 3 0 2 0 0 0 1 0 0 0 4 3 1 0 0 1 1 1 3 0 0 1 2 3 3 1 2 2 1 0 0 4 0 2 2 0 0
 0 0 0 3 4 0 0 2 2 0 3 2 0 0 0 0 0 4 3 0 1 3 0 0 0 3]
[0 2 0 1 3 0 0 4 0 0 4 4 0 1 0 0 0 1 4 3 0 2 2 4 0 0 4 0 2 3 0 0 0 0 1 0 0
 3 0 2 0 0 0 1 0 0 0 4 3 1 0 0 1 1 1 3 0 0 1 2 3 3 1 2 2 1 0 0 4 0 2 2 0 0
 0 0 0 3 4 0 0 2 2 0 3 2 0 0 0 0 0 4 3 0 1 3 0 0 0 3]
[1 3 2 5 6 6 4 9 2 2 2 4 3 1 2 5 1 5 6 8 2 1 4 2 1 1 9 6 5 3 1 2 3 9 1 1 2
 9 6 2 7 2 2 7 2 3 3 3 7 9 1 7 5 8 7 8 3 7 4 4 3 7 2 6 1 2 2 9 5 3 6 2 6 9
 8 4 2 4 7 1 8 6 8 2 3 8 3 4 1 9 5 9 1 5 5 6 9 3 3 6]
[1 3 2 5 6 6 4 9 2 2 2 4 3 1 2 5 1 5 6 8 2 1 4 2 1 1 9 6 5 3 1 2 3 9 1 1 2
 9 6 2 7 2 2 7 2 3 3 3 7 9 1 7 5 8 7 8 3 7 4 4 3 7 2 6 1 2 2 9 5 3 6 2 6 9
 8 4 2 4 7 1 8 6 8 2 3 8 3 4 1 9 5 9 1 5 5 6 9 3 3 6]
[45, 24, 50, 14, 34, 50, 35, 50, 23, 50, 50, 45, 50, 28, 50, 50, 41, 50, 29, 50, 49, 50, 50, 21, 50, 50, 50, 32, 50, 14, 44, 17, 32, 10, 50, 37, 50, 13, 38, 50, 33, 50, 46, 50, 35, 44, 50, 50, 35, 27, 50, 35, 43, 16, 21, 50, 50, 50, 44, 50, 50, 50, 50, 50, 28, 36, 50, 45, 44, 35, 50, 50, 23, 50, 36, 24, 38, 29, 50, 50, 38, 47, 50, 14, 36, 50, 40, 46, 50, 50, 35, 10, 26, 42, 48, 50, 41, 25, 38, 22]
[0 0 0 0 0 0 0 0 0 0 0 0 0 0 0 0 0 0 0 0 0 0 0 0 0 0 0 0 0 0 0 0 0 0 0 0 0
 0 0 0 0 0 0 0 0 0 0 0 0 0 0 0 0 0 0 0 0 0 0 0 0 0 0 0 0 0 0 0 0 0 0 0 0 0
 0 0 0 0 0 0 0 0 0 0 0 0 0 0 0 0 0 0 0 0 0 0 0 0 0 0]
[1 1 1 1 1 1 1 1 1 1 1 1 1 1 1 1 1 1 1 1 1 1 1 1 1 1 1 1 1 1 1 1 1 1 1 1 1
 1 1 1 1 1 1 1 1 1 1 1 1 1 1 1 1 1 1 1 1 1 1 1 1 1 1 1 1 1 1 1 1 1 1 1 1 1
 1 1 1 1 1 1 1 1 1 1 1 1 1 1 1 1 1 1 1 1 1 1 1 1 1 1]
