[ 0  1  2  3  4  5  6  7  8  9 10 11 12 13 14 15 16 17 18 19 20 21 22 23
 24 25 26 27 28 29 30 31 32 33 34 35 36 37 38 39 40 41 42 43 44 45 46 47
 48 49 50 51 52 53 54 55 56 57 58 59 60 61 62 63 64 65 66 67 68 69 70 71
 72 73 74 75 76 77 78 79 80 81 82 83 84 85 86 87 88 89 90 91 92 93 94 95
 96 97 98 99]
[88 15 37 -1 28 18 -1 25 -1 -1 28 -1 52 17 68 59 81  4 78 -1 90 -1 75 39
 19 93 14 73 95 37 88 -1 -1 91 52 -1 -1 -1 -1 92 45 76 98 51 63 -1 66 63
 20 81 -1 77 -1 58 -1 -1 50 98 70 55 54 -1 47 -1 58 -1 -1 -1 21 73 24 31
 -1 34 75 -1 -1 -1 66 67 15 -1  5 -1 -1 -1 12 44 -1 17 -1 47 60 64 -1 20
 -1 -1 69 -1]
[1 0 0 1 0 0 0 0 1 0 0 1 0 1 0 1 1 1 0 1 0 1 1 0 0 1 1 1 1 0 1 0 1 1 1 1 1
 0 1 0 0 1 1 0 0 1 1 1 0 0 0 0 1 1 0 1 0 0 0 1 0 0 0 0 0 0 1 1 1 1 1 0 0 0
 1 0 1 0 0 0 1 1 0 1 0 1 1 0 1 1 0 0 0 1 1 1 1 1 0 1]
[0 4 0 0 0 1 1 2 0 0 0 1 3 0 1 0 3 3 4 3 0 0 0 0 0 3 3 0 0 0 0 0 4 0 1 4 0
 2 0 0 0 1 0 0 4 0 2 0 0 0 1 0 0 2 4 2 3 0 1 4 0 3 1 3 0 4 0 0 0 3 0 0 2 0
 2 1 1 0 4 1 1 4 4 4 2 0 0 4 0 0 0 0 2 0 3 0 0 0 0 0]
[0 4 0 0 0 1 1 2 0 0 0 1 3 0 1 0 3 3 4 3 0 0 0 0 0 3 3 0 0 0 0 0 4 0 1 4 0
 2 0 0 0 1 0 0 4 0 2 0 0 0 1 0 0 2 4 2 3 0 1 4 0 3 1 3 0 4 0 0 0 3 0 0 2 0
 2 1 1 0 4 1 1 4 4 4 2 0 0 4 0 0 0 0 2 0 3 0 0 0 0 0]
[2 4 1 3 8 1 3 5 7 4 5 7 1 3 8 6 9 9 5 6 1 8 4 2 5 2 7 1 7 7 8 1 3 9 5 3 4
 5 9 5 7 4 3 3 7 2 5 3 1 8 4 4 4 2 8 5 8 5 6 1 2 5 8 8 4 5 5 1 7 2 3 4 5 3
 9 3 2 3 3 1 2 6 5 3 3 6 3 9 2 9 4 5 1 4 2 4 7 9 8 6]
[2 4 1 3 8 1 3 5 7 4 5 7 1 3 8 6 9 9 5 6 1 8 4 2 5 2 7 1 7 7 8 1 3 9 5 3 4
 5 9 5 7 4 3 3 7 2 5 3 1 8 4 4 4 2 8 5 8 5 6 1 2 5 8 8 4 5 5 1 7 2 3 4 5 3
 9 3 2 3 3 1 2 6 5 3 3 6 3 9 2 9 4 5 1 4 2 4 7 9 8 6]
[50, 47, 50, 50, 50, 50, 50, 50, 11, 50, 29, 22, 50, 50, 50, 32, 28, 50, 50, 50, 48, 50, 27, 42, 12, 50, 34, 18, 26, 50, 50, 50, 31, 50, 42, 50, 45, 50, 47, 50, 50, 15, 13, 50, 50, 48, 19, 50, 50, 50, 50, 50, 39, 36, 26, 22, 50, 50, 50, 50, 50, 38, 23, 17, 42, 50, 10, 15, 42, 50, 50, 24, 22, 15, 37, 50, 38, 30, 30, 10, 50, 16, 50, 50, 50, 50, 50, 24, 49, 50, 25, 47, 40, 26, 50, 50, 50, 50, 21, 50]
[0 0 0 0 0 0 0 0 0 0 0 0 0 0 0 0 0 0 0 0 0 0 0 0 0 0 0 0 0 0 0 0 0 0 0 0 0
 0 0 0 0 0 0 0 0 0 0 0 0 0 0 0 0 0 0 0 0 0 0 0 0 0 0 0 0 0 0 0 0 0 0 0 0 0
 0 0 0 0 0 0 0 0 0 0 0 0 0 0 0 0 0 0 0 0 0 0 0 0 0 0]
[1 1 1 1 1 1 1 1 1 1 1 1 1 1 1 1 1 1 1 1 1 1 1 1 1 1 1 1 1 1 1 1 1 1 1 1 1
 1 1 1 1 1 1 1 1 1 1 1 1 1 1 1 1 1 1 1 1 1 1 1 1 1 1 1 1 1 1 1 1 1 1 1 1 1
 1 1 1 1 1 1 1 1 1 1 1 1 1 1 1 1 1 1 1 1 1 1 1 1 1 1]
