[ 0  1  2  3  4  5  6  7  8  9 10 11 12 13 14 15 16 17 18 19 20 21 22 23
 24 25 26 27 28 29 30 31 32 33 34 35 36 37 38 39 40 41 42 43 44 45 46 47
 48 49 50 51 52 53 54 55 56 57 58 59 60 61 62 63 64 65 66 67 68 69 70 71
 72 73 74 75 76 77 78 79 80 81 82 83 84 85 86 87 88 89 90 91 92 93 94 95
 96 97 98 99]
[24 53 30 -1 -1 -1 73 15 -1 -1  6 -1 -1 66 -1 -1 98 32  6 72 46 12 30 -1
 54 82 -1 31 -1 65 77 86 75 94 51 -1 29 -1 71 -1 -1 -1 -1  3 13 -1 -1 71
 50 84 59 26 -1 35 -1 -1 48 32 91 17 -1 -1 47 -1 25 -1 48 97 73 28 49 72
 -1 91 22 -1 42 57 84 -1 33 18 -1 78 -1 73 95 -1 -1 33 84 56 -1 68 -1 35
 28 22 -1 -1]
[1 1 0 1 0 1 1 0 0 1 1 0 1 0 1 0 0 1 1 1 1 1 0 1 0 0 1 1 0 0 0 0 0 0 1 1 0
 1 1 0 0 1 1 1 1 1 0 0 1 0 0 1 0 0 0 0 0 0 1 1 0 0 0 1 1 1 1 0 1 1 0 1 0 1
 1 0 1 0 1 0 0 0 1 0 1 1 1 0 1 0 1 0 0 0 0 0 0 0 0 1]
[2 0 4 0 0 0 0 0 0 0 1 0 3 0 3 0 0 0 4 0 4 0 2 3 2 1 0 0 0 3 2 0 0 4 4 0 0
 2 1 0 4 0 0 0 0 0 3 0 0 0 0 0 2 0 0 0 1 1 3 0 0 0 0 0 4 0 1 1 1 0 4 4 3 3
 0 1 2 0 0 1 1 1 0 3 0 4 0 0 0 4 0 0 4 3 2 4 3 0 4 0]
[2 0 4 0 0 0 0 0 0 0 1 0 3 0 3 0 0 0 4 0 4 0 2 3 2 1 0 0 0 3 2 0 0 4 4 0 0
 2 1 0 4 0 0 0 0 0 3 0 0 0 0 0 2 0 0 0 1 1 3 0 0 0 0 0 4 0 1 1 1 0 4 4 3 3
 0 1 2 0 0 1 1 1 0 3 0 4 0 0 0 4 0 0 4 3 2 4 3 0 4 0]
[5 6 3 7 3 8 3 6 1 7 2 3 8 5 6 2 4 3 7 1 7 1 6 8 2 1 9 1 6 7 4 1 1 6 4 4 4
 3 8 2 3 6 8 4 2 2 8 3 8 9 9 8 4 2 1 7 3 9 4 5 2 6 8 5 9 9 9 4 3 7 4 5 9 2
 4 4 6 6 3 1 4 4 2 7 2 2 8 5 1 9 2 4 3 9 1 4 8 1 9 5]
[5 6 3 7 3 8 3 6 1 7 2 3 8 5 6 2 4 3 7 1 7 1 6 8 2 1 9 1 6 7 4 1 1 6 4 4 4
 3 8 2 3 6 8 4 2 2 8 3 8 9 9 8 4 2 1 7 3 9 4 5 2 6 8 5 9 9 9 4 3 7 4 5 9 2
 4 4 6 6 3 1 4 4 2 7 2 2 8 5 1 9 2 4 3 9 1 4 8 1 9 5]
[26, 38, 10, 30, 50, 29, 50, 48, 50, 50, 50, 50, 50, 50, 24, 50, 23, 31, 50, 50, 50, 50, 50, 50, 30, 50, 30, 50, 50, 50, 50, 39, 50, 50, 46, 24, 18, 50, 50, 50, 50, 49, 50, 27, 50, 50, 50, 49, 35, 50, 15, 50, 21, 31, 19, 12, 50, 50, 50, 50, 50, 50, 25, 10, 50, 50, 11, 47, 50, 50, 50, 50, 50, 30, 15, 50, 50, 39, 32, 30, 42, 50, 50, 24, 30, 46, 13, 29, 50, 22, 50, 32, 50, 30, 10, 50, 26, 22, 50, 31]
[0 0 0 0 0 0 0 0 0 0 0 0 0 0 0 0 0 0 0 0 0 0 0 0 0 0 0 0 0 0 0 0 0 0 0 0 0
 0 0 0 0 0 0 0 0 0 0 0 0 0 0 0 0 0 0 0 0 0 0 0 0 0 0 0 0 0 0 0 0 0 0 0 0 0
 0 0 0 0 0 0 0 0 0 0 0 0 0 0 0 0 0 0 0 0 0 0 0 0 0 0]
[1 1 1 1 1 1 1 1 1 1 1 1 1 1 1 1 1 1 1 1 1 1 1 1 1 1 1 1 1 1 1 1 1 1 1 1 1
 1 1 1 1 1 1 1 1 1 1 1 1 1 1 1 1 1 1 1 1 1 1 1 1 1 1 1 1 1 1 1 1 1 1 1 1 1
 1 1 1 1 1 1 1 1 1 1 1 1 1 1 1 1 1 1 1 1 1 1 1 1 1 1]
