[ 0  1  2  3  4  5  6  7  8  9 10 11 12 13 14 15 16 17 18 19 20 21 22 23
 24 25 26 27 28 29 30 31 32 33 34 35 36 37 38 39 40 41 42 43 44 45 46 47
 48 49 50 51 52 53 54 55 56 57 58 59 60 61 62 63 64 65 66 67 68 69 70 71
 72 73 74 75 76 77 78 79 80 81 82 83 84 85 86 87 88 89 90 91 92 93 94 95
 96 97 98 99]
[95 14 69 -1 63 10 59 16 49 92 88 -1 75 68 68 78 -1 -1 97 67  1 43 -1 -1
 -1 45 34 -1 51 -1 59 80 17 94 -1 28 10 92 -1  0 68 71 -1 -1 26 40 19 62
 -1 61 11  5 71 -1 71 -1 -1 56 57 14 14 51 -1 56 -1 -1 -1  7 -1 -1 54 12
 -1 76 91 85 41 -1 26 -1 49  6 74 61 -1 -1 -1 -1 16 -1 46  1 30 95 27 -1
 52 -1 30  0]
[1 0 0 1 1 0 0 1 1 1 1 0 0 0 1 0 0 0 0 1 0 0 1 0 1 1 1 1 1 1 0 0 1 0 1 0 0
 0 0 1 0 1 1 1 1 1 0 1 1 1 1 1 0 1 0 0 0 1 0 1 0 1 1 1 0 1 1 1 0 1 0 1 0 0
 0 0 1 1 1 1 1 0 0 1 1 1 1 0 0 1 0 1 1 1 0 0 1 1 0 1]
[0 0 1 2 0 1 0 0 0 3 0 2 0 0 2 0 0 0 0 0 0 0 0 4 0 2 3 0 4 0 1 3 1 0 0 1 1
 3 2 3 0 0 2 1 0 0 0 0 3 0 1 2 1 0 2 0 0 0 0 0 4 0 0 0 0 2 1 2 4 3 0 2 1 2
 4 2 4 4 0 0 0 0 2 4 0 0 0 0 0 0 0 0 1 0 0 0 4 0 0 2]
[0 0 1 2 0 1 0 0 0 3 0 2 0 0 2 0 0 0 0 0 0 0 0 4 0 2 3 0 4 0 1 3 1 0 0 1 1
 3 2 3 0 0 2 1 0 0 0 0 3 0 1 2 1 0 2 0 0 0 0 0 4 0 0 0 0 2 1 2 4 3 0 2 1 2
 4 2 4 4 0 0 0 0 2 4 0 0 0 0 0 0 0 0 1 0 0 0 4 0 0 2]
[6 6 5 9 6 6 9 6 1 2 5 4 4 3 6 9 7 1 3 7 4 3 1 9 8 4 3 3 1 9 9 6 6 8 4 3 6
 7 5 7 2 2 2 9 4 6 9 5 7 4 7 2 6 7 3 8 6 2 4 6 5 1 5 9 9 7 7 5 8 4 6 2 9 6
 2 7 3 1 5 4 4 1 7 4 8 3 8 4 6 7 9 7 4 2 4 3 7 7 9 8]
[6 6 5 9 6 6 9 6 1 2 5 4 4 3 6 9 7 1 3 7 4 3 1 9 8 4 3 3 1 9 9 6 6 8 4 3 6
 7 5 7 2 2 2 9 4 6 9 5 7 4 7 2 6 7 3 8 6 2 4 6 5 1 5 9 9 7 7 5 8 4 6 2 9 6
 2 7 3 1 5 4 4 1 7 4 8 3 8 4 6 7 9 7 4 2 4 3 7 7 9 8]
[12, 50, 50, 46, 26, 50, 13, 36, 23, 50, 50, 12, 50, 35, 50, 28, 50, 50, 42, 50, 50, 46, 31, 50, 50, 24, 50, 48, 50, 50, 50, 50, 26, 24, 50, 19, 50, 15, 50, 50, 41, 50, 29, 50, 39, 50, 50, 11, 33, 17, 50, 50, 14, 50, 50, 28, 15, 50, 50, 50, 50, 19, 50, 50, 50, 50, 50, 15, 24, 33, 50, 50, 28, 50, 50, 50, 50, 18, 31, 50, 50, 27, 50, 45, 43, 18, 24, 50, 50, 50, 50, 36, 50, 27, 50, 50, 13, 32, 50, 34]
[0 0 0 0 0 0 0 0 0 0 0 0 0 0 0 0 0 0 0 0 0 0 0 0 0 0 0 0 0 0 0 0 0 0 0 0 0
 0 0 0 0 0 0 0 0 0 0 0 0 0 0 0 0 0 0 0 0 0 0 0 0 0 0 0 0 0 0 0 0 0 0 0 0 0
 0 0 0 0 0 0 0 0 0 0 0 0 0 0 0 0 0 0 0 0 0 0 0 0 0 0]
[1 1 1 1 1 1 1 1 1 1 1 1 1 1 1 1 1 1 1 1 1 1 1 1 1 1 1 1 1 1 1 1 1 1 1 1 1
 1 1 1 1 1 1 1 1 1 1 1 1 1 1 1 1 1 1 1 1 1 1 1 1 1 1 1 1 1 1 1 1 1 1 1 1 1
 1 1 1 1 1 1 1 1 1 1 1 1 1 1 1 1 1 1 1 1 1 1 1 1 1 1]
