[ 0  1  2  3  4  5  6  7  8  9 10 11 12 13 14 15 16 17 18 19 20 21 22 23
 24 25 26 27 28 29 30 31 32 33 34 35 36 37 38 39 40 41 42 43 44 45 46 47
 48 49 50 51 52 53 54 55 56 57 58 59 60 61 62 63 64 65 66 67 68 69 70 71
 72 73 74 75 76 77 78 79 80 81 82 83 84 85 86 87 88 89 90 91 92 93 94 95
 96 97 98 99]
[66 81 47 47 -1 53 94 35 91 86 -1 -1 80 55 -1 -1 28 55 -1 21  7 43 76 21
 90 77 12 62 29 -1 -1 -1 55 21 -1 -1 42 -1 14 60 97 70 77 61 28 29 62  7
 21 76 -1 38 96 46 10 -1 18 80 30 78  2 56 18 65 47 76 59 -1 34 63 12 -1
 -1 57 -1 60 30 -1 -1 70 95 63 -1 18 86 83 46 -1 15 -1 -1 47 -1 61 -1 -1
 40 -1 -1 63]
[0 0 1 1 0 0 1 1 0 0 1 0 0 1 1 0 1 0 0 0 0 1 1 0 1 0 1 1 0 0 1 0 0 1 1 1 0
 0 0 1 1 1 0 0 1 1 1 1 1 0 0 1 1 1 1 1 0 0 1 0 1 1 0 1 1 1 0 1 1 1 0 1 1 0
 1 0 0 0 1 0 1 1 1 1 0 0 1 1 0 1 1 1 0 0 1 1 0 1 0 0]
[4 2 0 1 0 1 2 0 0 3 4 0 0 0 0 2 0 4 0 1 3 0 4 1 2 0 4 0 0 0 0 0 1 0 0 3 1
 0 4 0 0 0 0 0 0 2 4 0 3 4 0 0 1 0 2 4 0 4 1 4 0 0 4 0 0 0 3 3 0 0 1 0 4 0
 0 2 0 0 4 1 4 0 3 0 0 0 2 0 0 0 0 1 1 3 4 1 0 0 0 0]
[4 2 0 1 0 1 2 0 0 3 4 0 0 0 0 2 0 4 0 1 3 0 4 1 2 0 4 0 0 0 0 0 1 0 0 3 1
 0 4 0 0 0 0 0 0 2 4 0 3 4 0 0 1 0 2 4 0 4 1 4 0 0 4 0 0 0 3 3 0 0 1 0 4 0
 0 2 0 0 4 1 4 0 3 0 0 0 2 0 0 0 0 1 1 3 4 1 0 0 0 0]
[4 8 9 7 5 7 3 3 2 2 6 5 4 6 7 9 9 9 6 2 3 9 6 4 2 7 5 5 3 8 9 1 6 2 5 3 4
 2 9 4 6 5 6 6 1 2 7 5 4 6 4 6 5 3 5 4 5 1 2 4 7 2 8 5 3 7 4 9 3 6 3 9 2 3
 5 7 2 6 9 9 1 6 9 8 5 1 3 8 2 2 5 8 5 2 5 7 9 9 4 9]
[4 8 9 7 5 7 3 3 2 2 6 5 4 6 7 9 9 9 6 2 3 9 6 4 2 7 5 5 3 8 9 1 6 2 5 3 4
 2 9 4 6 5 6 6 1 2 7 5 4 6 4 6 5 3 5 4 5 1 2 4 7 2 8 5 3 7 4 9 3 6 3 9 2 3
 5 7 2 6 9 9 1 6 9 8 5 1 3 8 2 2 5 8 5 2 5 7 9 9 4 9]
[19, 45, 50, 21, 17, 50, 50, 50, 29, 50, 50, 50, 50, 50, 41, 50, 50, 49, 44, 23, 35, 50, 50, 26, 50, 10, 50, 50, 25, 29, 50, 43, 50, 50, 50, 23, 50, 41, 10, 40, 38, 50, 12, 19, 50, 50, 50, 41, 50, 28, 50, 43, 50, 14, 50, 50, 19, 10, 50, 43, 18, 24, 40, 50, 41, 50, 50, 50, 50, 50, 13, 50, 50, 11, 50, 50, 16, 50, 50, 50, 50, 35, 50, 29, 50, 50, 48, 10, 16, 50, 34, 27, 29, 50, 50, 50, 29, 50, 50, 43]
[0 0 0 0 0 0 0 0 0 0 0 0 0 0 0 0 0 0 0 0 0 0 0 0 0 0 0 0 0 0 0 0 0 0 0 0 0
 0 0 0 0 0 0 0 0 0 0 0 0 0 0 0 0 0 0 0 0 0 0 0 0 0 0 0 0 0 0 0 0 0 0 0 0 0
 0 0 0 0 0 0 0 0 0 0 0 0 0 0 0 0 0 0 0 0 0 0 0 0 0 0]
[1 1 1 1 1 1 1 1 1 1 1 1 1 1 1 1 1 1 1 1 1 1 1 1 1 1 1 1 1 1 1 1 1 1 1 1 1
 1 1 1 1 1 1 1 1 1 1 1 1 1 1 1 1 1 1 1 1 1 1 1 1 1 1 1 1 1 1 1 1 1 1 1 1 1
 1 1 1 1 1 1 1 1 1 1 1 1 1 1 1 1 1 1 1 1 1 1 1 1 1 1]
