[ 0  1  2  3  4  5  6  7  8  9 10 11 12 13 14 15 16 17 18 19 20 21 22 23
 24 25 26 27 28 29 30 31 32 33 34 35 36 37 38 39 40 41 42 43 44 45 46 47
 48 49 50 51 52 53 54 55 56 57 58 59 60 61 62 63 64 65 66 67 68 69 70 71
 72 73 74 75 76 77 78 79 80 81 82 83 84 85 86 87 88 89 90 91 92 93 94 95
 96 97 98 99]
[11 -1 73 -1 22 22 92 89 -1 87 -1 93 -1 65  8 22 -1 -1  6 -1 36 64 -1 93
 41 -1 -1 25 95 19 46 93 -1 17 76 59 -1 94 36  1 30 71 -1 86 83 24 15 -1
 -1 -1 63 26 73  7 27 -1 69 25 86 28 19 43 -1 38 18 36 52 71 77 79 -1 43
 -1 95 16 -1 -1  5 -1 -1 78 -1  9 -1 -1 90 -1 53 -1 -1 60 -1 -1 -1 90 92
 95 75 -1 -1]
[1 0 1 0 1 1 0 1 1 1 0 0 0 1 1 0 0 0 0 0 0 1 1 1 0 1 0 1 1 1 0 1 1 1 1 0 1
 1 0 0 1 0 0 1 0 0 0 0 0 1 0 1 1 0 0 0 1 1 1 0 1 0 1 1 0 0 1 0 1 0 0 1 0 0
 1 1 1 1 0 1 0 1 1 0 1 0 1 0 0 0 0 0 0 0 1 0 0 0 0 1]
[0 1 0 2 0 4 1 0 0 0 0 0 2 1 3 1 0 0 0 4 0 0 0 0 3 0 0 0 1 0 2 0 4 0 3 0 1
 0 1 3 4 0 4 1 2 4 0 0 0 0 0 4 3 2 4 1 3 0 0 4 0 3 0 2 0 2 0 1 4 0 0 0 1 0
 0 0 3 0 2 0 4 2 1 1 1 4 0 2 0 3 3 0 3 0 3 0 2 4 2 1]
[0 1 0 2 0 4 1 0 0 0 0 0 2 1 3 1 0 0 0 4 0 0 0 0 3 0 0 0 1 0 2 0 4 0 3 0 1
 0 1 3 4 0 4 1 2 4 0 0 0 0 0 4 3 2 4 1 3 0 0 4 0 3 0 2 0 2 0 1 4 0 0 0 1 0
 0 0 3 0 2 0 4 2 1 1 1 4 0 2 0 3 3 0 3 0 3 0 2 4 2 1]
[9 2 3 1 9 6 3 7 9 2 6 4 5 1 3 7 2 5 8 2 7 1 4 7 7 1 8 6 2 5 2 8 1 5 2 5 5
 1 8 5 7 7 1 2 7 7 9 9 6 5 3 3 8 6 7 5 5 5 9 2 3 6 8 8 8 3 5 9 5 4 3 3 1 3
 7 3 8 3 4 3 8 2 1 5 2 4 2 6 5 3 1 2 2 1 3 3 6 6 5 8]
[9 2 3 1 9 6 3 7 9 2 6 4 5 1 3 7 2 5 8 2 7 1 4 7 7 1 8 6 2 5 2 8 1 5 2 5 5
 1 8 5 7 7 1 2 7 7 9 9 6 5 3 3 8 6 7 5 5 5 9 2 3 6 8 8 8 3 5 9 5 4 3 3 1 3
 7 3 8 3 4 3 8 2 1 5 2 4 2 6 5 3 1 2 2 1 3 3 6 6 5 8]
[35, 50, 28, 37, 50, 44, 50, 50, 50, 50, 20, 50, 25, 50, 28, 50, 32, 38, 50, 21, 49, 23, 27, 50, 50, 32, 45, 50, 39, 15, 17, 16, 37, 14, 39, 27, 46, 43, 50, 49, 50, 38, 44, 41, 46, 50, 28, 10, 18, 50, 41, 43, 20, 50, 30, 34, 50, 12, 50, 49, 50, 28, 50, 50, 49, 37, 38, 50, 31, 44, 50, 34, 45, 50, 50, 30, 36, 50, 50, 25, 50, 35, 50, 50, 39, 48, 23, 50, 39, 25, 50, 50, 50, 46, 41, 50, 27, 50, 50, 50]
[0 0 0 0 0 0 0 0 0 0 0 0 0 0 0 0 0 0 0 0 0 0 0 0 0 0 0 0 0 0 0 0 0 0 0 0 0
 0 0 0 0 0 0 0 0 0 0 0 0 0 0 0 0 0 0 0 0 0 0 0 0 0 0 0 0 0 0 0 0 0 0 0 0 0
 0 0 0 0 0 0 0 0 0 0 0 0 0 0 0 0 0 0 0 0 0 0 0 0 0 0]
[1 1 1 1 1 1 1 1 1 1 1 1 1 1 1 1 1 1 1 1 1 1 1 1 1 1 1 1 1 1 1 1 1 1 1 1 1
 1 1 1 1 1 1 1 1 1 1 1 1 1 1 1 1 1 1 1 1 1 1 1 1 1 1 1 1 1 1 1 1 1 1 1 1 1
 1 1 1 1 1 1 1 1 1 1 1 1 1 1 1 1 1 1 1 1 1 1 1 1 1 1]
