[ 0  1  2  3  4  5  6  7  8  9 10 11 12 13 14 15 16 17 18 19 20 21 22 23
 24 25 26 27 28 29 30 31 32 33 34 35 36 37 38 39 40 41 42 43 44 45 46 47
 48 49 50 51 52 53 54 55 56 57 58 59 60 61 62 63 64 65 66 67 68 69 70 71
 72 73 74 75 76 77 78 79 80 81 82 83 84 85 86 87 88 89 90 91 92 93 94 95
 96 97 98 99]
[-1 52 86 40  3 63 55 53 33 -1 87 -1 -1 -1  2 -1 73 95 54  2 -1 27 -1 -1
  7 75 61 86 -1 46 -1 35 80 -1 78 37 -1 -1 27 83 13 -1 68  6 68 -1 83 83
 83 -1 73 58  9 -1 57 86 -1 50 -1 -1 28 -1 14 52 12 80 17 87 -1 -1 38 12
 -1 68 91 -1 71 -1 18 57 98  8  8 -1 11 -1 54 54 62 -1 -1  8 -1 -1 24 -1
 90 53 74 34]
[1 1 0 0 1 0 1 1 0 0 1 1 1 0 1 1 0 1 0 0 1 0 1 1 0 1 1 1 0 1 0 1 0 0 1 1 0
 1 1 0 1 0 0 1 1 0 1 1 0 0 0 0 0 0 0 0 1 1 1 0 0 0 0 0 0 1 0 1 1 0 0 0 1 1
 1 1 1 1 0 0 0 1 1 0 0 1 0 1 1 0 0 1 1 1 0 0 0 1 0 0]
[0 4 2 0 3 2 1 0 3 4 2 0 0 2 0 1 0 0 2 0 2 4 4 4 1 0 0 4 0 0 1 0 0 2 2 4 0
 0 4 4 0 4 4 0 4 0 0 3 0 4 0 0 2 0 2 0 1 0 2 2 0 0 0 0 0 0 2 4 4 4 0 4 1 0
 3 2 2 1 0 0 1 2 3 0 1 0 1 2 0 1 0 3 3 1 0 0 2 0 0 0]
[0 4 2 0 3 2 1 0 3 4 2 0 0 2 0 1 0 0 2 0 2 4 4 4 1 0 0 4 0 0 1 0 0 2 2 4 0
 0 4 4 0 4 4 0 4 0 0 3 0 4 0 0 2 0 2 0 1 0 2 2 0 0 0 0 0 0 2 4 4 4 0 4 1 0
 3 2 2 1 0 0 1 2 3 0 1 0 1 2 0 1 0 3 3 1 0 0 2 0 0 0]
[2 8 7 9 9 7 9 9 2 1 2 5 4 2 7 4 9 6 6 2 8 2 2 1 2 6 1 8 8 5 1 1 7 2 1 7 2
 5 7 9 6 9 3 9 1 5 1 9 4 9 7 8 1 8 4 6 7 2 3 8 2 1 3 1 7 1 9 6 6 4 9 8 1 6
 1 5 2 5 7 8 7 5 7 2 1 9 9 7 8 6 2 8 4 5 9 5 1 5 9 7]
[2 8 7 9 9 7 9 9 2 1 2 5 4 2 7 4 9 6 6 2 8 2 2 1 2 6 1 8 8 5 1 1 7 2 1 7 2
 5 7 9 6 9 3 9 1 5 1 9 4 9 7 8 1 8 4 6 7 2 3 8 2 1 3 1 7 1 9 6 6 4 9 8 1 6
 1 5 2 5 7 8 7 5 7 2 1 9 9 7 8 6 2 8 4 5 9 5 1 5 9 7]
[50, 18, 50, 50, 50, 50, 41, 17, 19, 50, 50, 40, 35, 23, 50, 50, 28, 50, 50, 18, 15, 50, 50, 37, 16, 50, 13, 50, 38, 50, 49, 23, 45, 18, 46, 12, 42, 42, 50, 42, 50, 50, 46, 50, 30, 35, 16, 50, 28, 50, 50, 44, 41, 34, 50, 50, 50, 50, 28, 50, 50, 50, 48, 50, 19, 48, 22, 45, 50, 42, 50, 50, 11, 42, 50, 50, 35, 34, 50, 50, 50, 23, 50, 11, 50, 15, 46, 50, 50, 50, 37, 17, 50, 17, 50, 50, 50, 13, 50, 46]
[0 0 0 0 0 0 0 0 0 0 0 0 0 0 0 0 0 0 0 0 0 0 0 0 0 0 0 0 0 0 0 0 0 0 0 0 0
 0 0 0 0 0 0 0 0 0 0 0 0 0 0 0 0 0 0 0 0 0 0 0 0 0 0 0 0 0 0 0 0 0 0 0 0 0
 0 0 0 0 0 0 0 0 0 0 0 0 0 0 0 0 0 0 0 0 0 0 0 0 0 0]
[1 1 1 1 1 1 1 1 1 1 1 1 1 1 1 1 1 1 1 1 1 1 1 1 1 1 1 1 1 1 1 1 1 1 1 1 1
 1 1 1 1 1 1 1 1 1 1 1 1 1 1 1 1 1 1 1 1 1 1 1 1 1 1 1 1 1 1 1 1 1 1 1 1 1
 1 1 1 1 1 1 1 1 1 1 1 1 1 1 1 1 1 1 1 1 1 1 1 1 1 1]
