[ 0  1  2  3  4  5  6  7  8  9 10 11 12 13 14 15 16 17 18 19 20 21 22 23
 24 25 26 27 28 29 30 31 32 33 34 35 36 37 38 39 40 41 42 43 44 45 46 47
 48 49 50 51 52 53 54 55 56 57 58 59 60 61 62 63 64 65 66 67 68 69 70 71
 72 73 74 75 76 77 78 79 80 81 82 83 84 85 86 87 88 89 90 91 92 93 94 95
 96 97 98 99]
[23 -1 -1 41 -1 28 -1 13  1 -1 92 -1 67 51 -1 14 -1 -1 23 41 55 50 -1 -1
 -1 94 11  9 -1  1 74 61 -1 53 -1  0 -1 -1  4 -1 19 55 96  5 57 -1 -1 -1
 -1 -1 76 30 47 78 -1 -1 95 41 23 31 64 57 12 96 -1 48 54 -1 -1 66 15 15
 52 13 57 -1 -1 68 76 -1 12 63 49 -1 -1 -1 -1 -1 -1 -1 15 99 -1 52 -1  9
 30 -1 42 -1]
[0 1 0 0 1 1 1 1 1 0 0 1 0 0 1 1 0 0 1 0 1 0 0 1 1 1 0 0 1 0 0 0 1 0 0 1 0
 1 1 0 0 0 1 0 0 1 1 1 0 0 0 0 1 1 0 0 1 1 1 0 1 1 0 1 0 1 0 0 0 1 1 0 1 0
 1 0 1 1 0 1 1 0 1 0 1 0 0 0 1 0 0 1 1 1 0 1 0 0 1 1]
[1 0 0 0 0 0 3 0 1 0 1 1 3 1 0 4 0 0 0 0 1 0 3 2 0 0 0 0 0 4 2 0 0 0 0 0 1
 1 4 2 2 0 2 0 0 2 4 0 3 0 3 1 3 3 4 1 0 0 0 0 0 2 0 0 4 0 3 0 0 0 0 0 3 1
 0 0 0 1 2 0 4 0 1 3 1 2 0 0 3 0 0 1 2 4 3 0 1 3 0 0]
[1 0 0 0 0 0 3 0 1 0 1 1 3 1 0 4 0 0 0 0 1 0 3 2 0 0 0 0 0 4 2 0 0 0 0 0 1
 1 4 2 2 0 2 0 0 2 4 0 3 0 3 1 3 3 4 1 0 0 0 0 0 2 0 0 4 0 3 0 0 0 0 0 3 1
 0 0 0 1 2 0 4 0 1 3 1 2 0 0 3 0 0 1 2 4 3 0 1 3 0 0]
[1 5 4 1 4 7 3 5 2 9 1 8 9 6 4 5 3 9 6 3 9 7 7 9 6 3 3 6 9 1 5 3 9 3 3 6 8
 6 7 1 7 1 9 1 1 6 7 9 7 3 7 1 4 8 8 1 1 6 1 9 6 4 5 8 4 3 5 3 7 8 6 4 5 7
 1 8 3 8 3 7 3 3 7 4 4 3 6 1 3 3 3 3 9 6 1 8 3 3 6 4]
[1 5 4 1 4 7 3 5 2 9 1 8 9 6 4 5 3 9 6 3 9 7 7 9 6 3 3 6 9 1 5 3 9 3 3 6 8
 6 7 1 7 1 9 1 1 6 7 9 7 3 7 1 4 8 8 1 1 6 1 9 6 4 5 8 4 3 5 3 7 8 6 4 5 7
 1 8 3 8 3 7 3 3 7 4 4 3 6 1 3 3 3 3 9 6 1 8 3 3 6 4]
[12, 50, 16, 50, 50, 50, 50, 44, 13, 50, 10, 47, 27, 50, 29, 23, 50, 50, 50, 50, 50, 50, 50, 50, 50, 50, 50, 50, 27, 50, 40, 50, 50, 49, 50, 50, 41, 47, 13, 23, 33, 50, 25, 50, 50, 50, 32, 50, 21, 39, 45, 50, 44, 32, 42, 22, 50, 19, 50, 50, 20, 44, 43, 41, 10, 50, 48, 50, 33, 50, 38, 24, 50, 42, 28, 50, 17, 50, 50, 50, 50, 50, 25, 50, 50, 16, 50, 41, 15, 50, 24, 47, 50, 12, 14, 34, 50, 19, 50, 50]
[0 0 0 0 0 0 0 0 0 0 0 0 0 0 0 0 0 0 0 0 0 0 0 0 0 0 0 0 0 0 0 0 0 0 0 0 0
 0 0 0 0 0 0 0 0 0 0 0 0 0 0 0 0 0 0 0 0 0 0 0 0 0 0 0 0 0 0 0 0 0 0 0 0 0
 0 0 0 0 0 0 0 0 0 0 0 0 0 0 0 0 0 0 0 0 0 0 0 0 0 0]
[1 1 1 1 1 1 1 1 1 1 1 1 1 1 1 1 1 1 1 1 1 1 1 1 1 1 1 1 1 1 1 1 1 1 1 1 1
 1 1 1 1 1 1 1 1 1 1 1 1 1 1 1 1 1 1 1 1 1 1 1 1 1 1 1 1 1 1 1 1 1 1 1 1 1
 1 1 1 1 1 1 1 1 1 1 1 1 1 1 1 1 1 1 1 1 1 1 1 1 1 1]
