[ 0  1  2  3  4  5  6  7  8  9 10 11 12 13 14 15 16 17 18 19 20 21 22 23
 24 25 26 27 28 29 30 31 32 33 34 35 36 37 38 39 40 41 42 43 44 45 46 47
 48 49 50 51 52 53 54 55 56 57 58 59 60 61 62 63 64 65 66 67 68 69 70 71
 72 73 74 75 76 77 78 79 80 81 82 83 84 85 86 87 88 89 90 91 92 93 94 95
 96 97 98 99]
[47 -1 -1 92 -1 70 -1 39 26 82 37 76 91 69 -1 64 51  5  7 56 -1 75 47 -1
 34 24  2 62  8 -1 19 52 -1 82 83 64 39 69 -1 -1 -1 29 94 -1 -1 -1 -1 -1
 -1 60 52  2 -1 35 -1 12 -1 -1 70 33  5 84 -1 -1  2  4 -1 50 -1 -1 37 -1
 -1 -1 49 65 20 -1 80 -1 -1 -1 27 -1 -1 56 48 49 77  7 -1  2 52 81 59 69
 68 10 -1 55]
[1 1 0 0 0 1 1 0 1 1 0 0 0 1 0 1 0 0 0 0 0 0 1 0 1 0 1 1 1 0 1 1 0 1 1 1 0
 1 0 0 0 1 1 1 1 0 1 0 0 0 0 0 0 1 1 1 1 0 0 0 1 0 1 0 1 1 1 1 1 0 1 0 1 1
 0 0 1 1 0 1 1 1 0 1 1 0 0 1 0 0 0 1 0 1 0 0 0 0 0 0]
[0 2 0 0 0 4 0 0 0 0 3 3 0 3 4 1 0 1 2 0 3 0 0 0 2 1 0 1 0 1 2 0 0 0 1 0 4
 2 3 0 0 2 2 0 3 0 0 0 4 2 0 0 0 2 3 2 3 0 0 2 2 0 0 3 0 0 0 0 2 0 3 4 0 0
 0 1 0 1 2 0 0 0 0 4 0 0 3 0 0 0 2 4 0 3 4 3 0 0 0 4]
[0 2 0 0 0 4 0 0 0 0 3 3 0 3 4 1 0 1 2 0 3 0 0 0 2 1 0 1 0 1 2 0 0 0 1 0 4
 2 3 0 0 2 2 0 3 0 0 0 4 2 0 0 0 2 3 2 3 0 0 2 2 0 0 3 0 0 0 0 2 0 3 4 0 0
 0 1 0 1 2 0 0 0 0 4 0 0 3 0 0 0 2 4 0 3 4 3 0 0 0 4]
[8 1 5 5 5 2 5 9 1 3 2 3 4 3 5 3 1 9 4 7 7 9 8 9 5 5 1 2 5 3 6 5 5 1 7 8 8
 3 9 5 1 8 4 4 8 4 4 9 2 3 6 3 9 3 3 5 2 6 4 6 1 6 5 4 5 6 2 2 1 1 5 4 8 9
 2 5 7 9 7 7 3 7 8 7 6 6 2 9 6 8 4 2 3 3 5 2 4 4 9 6]
[8 1 5 5 5 2 5 9 1 3 2 3 4 3 5 3 1 9 4 7 7 9 8 9 5 5 1 2 5 3 6 5 5 1 7 8 8
 3 9 5 1 8 4 4 8 4 4 9 2 3 6 3 9 3 3 5 2 6 4 6 1 6 5 4 5 6 2 2 1 1 5 4 8 9
 2 5 7 9 7 7 3 7 8 7 6 6 2 9 6 8 4 2 3 3 5 2 4 4 9 6]
[39, 50, 50, 50, 47, 50, 50, 50, 19, 20, 45, 15, 27, 42, 35, 12, 20, 50, 13, 50, 50, 50, 50, 50, 50, 14, 50, 19, 50, 50, 16, 50, 18, 27, 50, 50, 24, 50, 50, 50, 10, 50, 36, 21, 22, 50, 50, 50, 50, 50, 50, 33, 24, 50, 24, 50, 50, 15, 50, 26, 46, 50, 48, 19, 44, 33, 50, 50, 39, 42, 18, 50, 24, 50, 19, 50, 46, 28, 14, 50, 50, 23, 50, 50, 50, 50, 50, 50, 50, 21, 50, 48, 25, 50, 50, 50, 50, 50, 50, 50]
[0 0 0 0 0 0 0 0 0 0 0 0 0 0 0 0 0 0 0 0 0 0 0 0 0 0 0 0 0 0 0 0 0 0 0 0 0
 0 0 0 0 0 0 0 0 0 0 0 0 0 0 0 0 0 0 0 0 0 0 0 0 0 0 0 0 0 0 0 0 0 0 0 0 0
 0 0 0 0 0 0 0 0 0 0 0 0 0 0 0 0 0 0 0 0 0 0 0 0 0 0]
[1 1 1 1 1 1 1 1 1 1 1 1 1 1 1 1 1 1 1 1 1 1 1 1 1 1 1 1 1 1 1 1 1 1 1 1 1
 1 1 1 1 1 1 1 1 1 1 1 1 1 1 1 1 1 1 1 1 1 1 1 1 1 1 1 1 1 1 1 1 1 1 1 1 1
 1 1 1 1 1 1 1 1 1 1 1 1 1 1 1 1 1 1 1 1 1 1 1 1 1 1]
