[ 0  1  2  3  4  5  6  7  8  9 10 11 12 13 14 15 16 17 18 19 20 21 22 23
 24 25 26 27 28 29 30 31 32 33 34 35 36 37 38 39 40 41 42 43 44 45 46 47
 48 49 50 51 52 53 54 55 56 57 58 59 60 61 62 63 64 65 66 67 68 69 70 71
 72 73 74 75 76 77 78 79 80 81 82 83 84 85 86 87 88 89 90 91 92 93 94 95
 96 97 98 99]
[-1 59  0 62 -1 38 15 51 94 -1 24 60 14 -1 -1 72 96 -1 -1 -1 -1  4 48 90
  6 -1 -1 94 -1 -1 -1 -1 41 83 92 -1 44 44 42 66 -1 -1 -1 44  8 46 -1 72
 26 69 87 -1 19 46 -1 27 80 90 82 53  0 -1 92 -1 -1 57 61 35 76 -1 -1 -1
 81 48 98 31 60 55 30 46 -1 66 61 97 -1 10 -1 91 -1 81 -1 18 -1  6 51 93
 -1 -1 -1 57]
[0 0 1 0 1 0 0 0 0 1 0 1 1 0 0 0 0 1 1 1 0 1 1 1 0 0 1 1 1 0 0 0 0 1 1 0 0
 0 1 1 1 0 1 0 1 1 0 1 0 0 1 0 1 1 0 1 0 0 1 1 0 0 0 1 0 0 0 1 0 0 0 0 1 0
 0 1 0 1 0 0 1 1 0 0 1 0 1 1 1 1 1 1 1 1 0 1 0 0 0 1]
[2 3 3 0 4 0 4 1 4 4 2 0 0 2 1 0 4 4 0 3 2 2 2 3 0 1 1 3 4 0 0 3 0 3 4 0 4
 0 3 0 0 4 1 1 0 3 0 4 0 4 1 2 0 1 0 0 4 0 3 0 0 0 1 0 1 1 3 0 0 0 0 3 1 2
 2 0 2 4 0 0 2 4 0 0 0 4 0 1 0 0 0 4 4 3 4 4 0 4 0 2]
[2 3 3 0 4 0 4 1 4 4 2 0 0 2 1 0 4 4 0 3 2 2 2 3 0 1 1 3 4 0 0 3 0 3 4 0 4
 0 3 0 0 4 1 1 0 3 0 4 0 4 1 2 0 1 0 0 4 0 3 0 0 0 1 0 1 1 3 0 0 0 0 3 1 2
 2 0 2 4 0 0 2 4 0 0 0 4 0 1 0 0 0 4 4 3 4 4 0 4 0 2]
[6 8 6 4 7 4 6 6 8 7 5 3 3 1 2 3 4 3 2 1 8 9 6 8 2 2 6 5 3 1 6 8 6 2 7 9 6
 3 4 2 7 8 2 9 6 1 3 7 9 7 6 3 8 2 9 7 1 4 8 2 5 4 3 3 4 5 9 8 3 9 9 6 2 5
 9 9 7 2 1 6 4 7 7 3 1 2 5 2 5 4 3 9 3 8 7 4 5 6 9 3]
[6 8 6 4 7 4 6 6 8 7 5 3 3 1 2 3 4 3 2 1 8 9 6 8 2 2 6 5 3 1 6 8 6 2 7 9 6
 3 4 2 7 8 2 9 6 1 3 7 9 7 6 3 8 2 9 7 1 4 8 2 5 4 3 3 4 5 9 8 3 9 9 6 2 5
 9 9 7 2 1 6 4 7 7 3 1 2 5 2 5 4 3 9 3 8 7 4 5 6 9 3]
[31, 35, 20, 50, 50, 19, 50, 50, 46, 12, 31, 17, 26, 12, 18, 46, 50, 16, 50, 21, 50, 50, 50, 50, 27, 50, 50, 50, 50, 50, 43, 37, 50, 11, 32, 33, 50, 50, 50, 50, 43, 50, 43, 50, 14, 33, 13, 40, 50, 40, 47, 50, 50, 23, 38, 34, 34, 50, 50, 50, 50, 50, 50, 50, 50, 24, 18, 40, 50, 50, 50, 50, 24, 22, 45, 50, 50, 45, 30, 50, 50, 44, 16, 50, 45, 50, 50, 50, 15, 50, 50, 50, 23, 29, 45, 10, 50, 50, 50, 40]
[0 0 0 0 0 0 0 0 0 0 0 0 0 0 0 0 0 0 0 0 0 0 0 0 0 0 0 0 0 0 0 0 0 0 0 0 0
 0 0 0 0 0 0 0 0 0 0 0 0 0 0 0 0 0 0 0 0 0 0 0 0 0 0 0 0 0 0 0 0 0 0 0 0 0
 0 0 0 0 0 0 0 0 0 0 0 0 0 0 0 0 0 0 0 0 0 0 0 0 0 0]
[1 1 1 1 1 1 1 1 1 1 1 1 1 1 1 1 1 1 1 1 1 1 1 1 1 1 1 1 1 1 1 1 1 1 1 1 1
 1 1 1 1 1 1 1 1 1 1 1 1 1 1 1 1 1 1 1 1 1 1 1 1 1 1 1 1 1 1 1 1 1 1 1 1 1
 1 1 1 1 1 1 1 1 1 1 1 1 1 1 1 1 1 1 1 1 1 1 1 1 1 1]
