[ 0  1  2  3  4  5  6  7  8  9 10 11 12 13 14 15 16 17 18 19 20 21 22 23
 24 25 26 27 28 29 30 31 32 33 34 35 36 37 38 39 40 41 42 43 44 45 46 47
 48 49 50 51 52 53 54 55 56 57 58 59 60 61 62 63 64 65 66 67 68 69 70 71
 72 73 74 75 76 77 78 79 80 81 82 83 84 85 86 87 88 89 90 91 92 93 94 95
 96 97 98 99]
[-1 -1 47 84 86 19 31 49 48 -1 50 73 -1 21 48 -1 86 -1 -1 -1 72 -1 62 79
 66 38 13 44 18 81  3 84 57 -1 -1 19 -1 -1 37 -1 52 -1 -1 -1 88 -1 -1 -1
 -1 -1  5 81 58 98 -1 -1 18 49 -1 98 71 -1 11 39 20 -1 53 -1 71 -1 98 83
 -1 58 44 -1 43 63 -1 -1 10 -1 68 28 60 96 76 94 87 44  3 38 -1 80 77 21
 42 64 44 -1]
[1 0 1 0 1 0 0 0 1 1 1 1 0 0 1 1 0 0 0 0 0 0 0 0 1 0 0 1 1 0 1 0 1 1 0 0 1
 0 0 1 0 1 1 1 1 0 0 0 0 0 0 0 1 1 1 0 1 0 1 1 1 0 1 0 1 1 1 1 1 1 0 1 1 1
 1 1 1 0 1 1 0 0 1 1 0 0 0 0 1 1 1 0 1 0 1 1 1 0 0 0]
[0 0 1 0 0 1 0 0 4 0 2 0 0 4 4 0 0 0 0 0 3 2 0 4 2 0 4 0 1 0 0 2 4 1 0 0 4
 2 3 3 3 0 4 0 0 4 4 0 0 0 2 4 3 3 2 0 0 0 0 0 0 4 4 0 1 4 0 0 0 0 0 0 0 0
 2 2 0 2 0 0 2 3 3 3 1 2 3 4 0 2 1 3 1 3 2 0 3 2 1 0]
[0 0 1 0 0 1 0 0 4 0 2 0 0 4 4 0 0 0 0 0 3 2 0 4 2 0 4 0 1 0 0 2 4 1 0 0 4
 2 3 3 3 0 4 0 0 4 4 0 0 0 2 4 3 3 2 0 0 0 0 0 0 4 4 0 1 4 0 0 0 0 0 0 0 0
 2 2 0 2 0 0 2 3 3 3 1 2 3 4 0 2 1 3 1 3 2 0 3 2 1 0]
[1 1 7 9 1 7 3 1 1 2 2 9 6 6 4 2 6 3 8 5 8 4 8 5 3 7 8 8 3 3 6 5 7 2 7 9 5
 6 5 1 4 6 6 4 2 3 5 7 8 4 3 5 1 3 5 1 8 3 8 1 2 8 4 8 2 4 5 4 2 8 6 9 9 4
 2 4 8 7 9 1 3 8 5 5 1 2 5 6 2 5 4 5 8 2 7 1 3 6 9 4]
[1 1 7 9 1 7 3 1 1 2 2 9 6 6 4 2 6 3 8 5 8 4 8 5 3 7 8 8 3 3 6 5 7 2 7 9 5
 6 5 1 4 6 6 4 2 3 5 7 8 4 3 5 1 3 5 1 8 3 8 1 2 8 4 8 2 4 5 4 2 8 6 9 9 4
 2 4 8 7 9 1 3 8 5 5 1 2 5 6 2 5 4 5 8 2 7 1 3 6 9 4]
[50, 34, 50, 50, 36, 15, 50, 39, 50, 34, 46, 10, 50, 44, 50, 50, 23, 37, 50, 27, 23, 50, 50, 50, 39, 13, 24, 29, 50, 33, 50, 31, 31, 33, 50, 50, 38, 22, 50, 50, 43, 23, 34, 50, 24, 50, 50, 22, 50, 50, 19, 34, 34, 50, 50, 29, 50, 50, 50, 50, 34, 50, 50, 50, 40, 34, 50, 20, 50, 50, 45, 50, 13, 18, 13, 27, 50, 50, 50, 45, 17, 50, 50, 50, 11, 50, 34, 50, 50, 50, 50, 13, 50, 50, 50, 38, 50, 50, 25, 50]
[0 0 0 0 0 0 0 0 0 0 0 0 0 0 0 0 0 0 0 0 0 0 0 0 0 0 0 0 0 0 0 0 0 0 0 0 0
 0 0 0 0 0 0 0 0 0 0 0 0 0 0 0 0 0 0 0 0 0 0 0 0 0 0 0 0 0 0 0 0 0 0 0 0 0
 0 0 0 0 0 0 0 0 0 0 0 0 0 0 0 0 0 0 0 0 0 0 0 0 0 0]
[1 1 1 1 1 1 1 1 1 1 1 1 1 1 1 1 1 1 1 1 1 1 1 1 1 1 1 1 1 1 1 1 1 1 1 1 1
 1 1 1 1 1 1 1 1 1 1 1 1 1 1 1 1 1 1 1 1 1 1 1 1 1 1 1 1 1 1 1 1 1 1 1 1 1
 1 1 1 1 1 1 1 1 1 1 1 1 1 1 1 1 1 1 1 1 1 1 1 1 1 1]
