[ 0  1  2  3  4  5  6  7  8  9 10 11 12 13 14 15 16 17 18 19 20 21 22 23
 24 25 26 27 28 29 30 31 32 33 34 35 36 37 38 39 40 41 42 43 44 45 46 47
 48 49 50 51 52 53 54 55 56 57 58 59 60 61 62 63 64 65 66 67 68 69 70 71
 72 73 74 75 76 77 78 79 80 81 82 83 84 85 86 87 88 89 90 91 92 93 94 95
 96 97 98 99]
[-1 -1 79 46 80 41 -1 67  7 14 85  5 92 -1 76 33 70 69 60 17 -1 42 33 84
 17 -1 59 -1 50 66 55 61 52 -1 -1 -1 76 78 82 22 -1 52 -1 22 24 36 58 -1
 66 79 20 41 -1 44 71 83 17 39 97 -1  6 43 63 69 -1 73 -1 90 99 85 11 33
 93 53 -1 90 -1 62 -1 60 14 49 -1 -1 92 -1 33 10 -1 87 37 20 -1 49 -1 45
 92 38  9  0]
[0 1 1 0 1 0 1 0 0 1 1 1 0 0 1 0 0 1 0 0 1 0 1 0 1 0 0 0 1 1 1 1 1 0 0 1 1
 1 1 0 1 1 1 0 1 1 1 1 1 1 1 0 0 0 1 1 1 0 1 0 1 0 0 0 1 1 0 0 0 0 0 1 1 0
 0 1 1 0 0 1 0 0 1 0 0 0 1 0 1 0 1 1 0 0 1 1 1 0 0 0]
[2 0 0 0 2 2 3 1 0 0 0 0 0 3 2 3 0 3 2 0 1 2 0 2 4 1 0 0 0 1 2 0 3 1 2 0 0
 0 2 3 2 0 0 4 0 0 4 3 3 1 2 2 0 0 1 4 0 4 0 4 0 2 4 3 0 3 0 0 1 0 3 0 0 2
 2 0 3 0 0 0 0 2 0 2 1 0 1 3 2 4 4 0 3 0 3 0 2 0 3 0]
[2 0 0 0 2 2 3 1 0 0 0 0 0 3 2 3 0 3 2 0 1 2 0 2 4 1 0 0 0 1 2 0 3 1 2 0 0
 0 2 3 2 0 0 4 0 0 4 3 3 1 2 2 0 0 1 4 0 4 0 4 0 2 4 3 0 3 0 0 1 0 3 0 0 2
 2 0 3 0 0 0 0 2 0 2 1 0 1 3 2 4 4 0 3 0 3 0 2 0 3 0]
[2 5 7 6 2 7 3 3 4 3 7 1 8 6 8 5 4 2 4 6 1 8 4 9 1 1 1 3 5 7 6 6 9 2 5 8 4
 6 7 8 1 3 9 1 9 6 6 2 3 8 1 7 5 6 1 1 9 8 8 6 9 2 9 6 4 4 7 7 8 5 4 6 7 8
 4 5 3 1 5 3 5 8 4 2 4 4 9 1 6 3 7 8 7 4 7 8 8 7 7 4]
[2 5 7 6 2 7 3 3 4 3 7 1 8 6 8 5 4 2 4 6 1 8 4 9 1 1 1 3 5 7 6 6 9 2 5 8 4
 6 7 8 1 3 9 1 9 6 6 2 3 8 1 7 5 6 1 1 9 8 8 6 9 2 9 6 4 4 7 7 8 5 4 6 7 8
 4 5 3 1 5 3 5 8 4 2 4 4 9 1 6 3 7 8 7 4 7 8 8 7 7 4]
[50, 50, 50, 50, 41, 50, 50, 50, 50, 33, 50, 13, 50, 50, 10, 11, 21, 25, 50, 24, 50, 42, 17, 50, 50, 50, 50, 50, 23, 50, 50, 19, 16, 50, 28, 24, 22, 32, 50, 49, 15, 50, 50, 44, 42, 50, 50, 50, 50, 50, 50, 50, 11, 50, 50, 13, 11, 50, 50, 50, 50, 38, 40, 50, 22, 41, 26, 50, 23, 31, 41, 13, 50, 50, 50, 50, 37, 50, 50, 50, 27, 50, 50, 12, 50, 46, 23, 27, 50, 50, 30, 50, 33, 22, 43, 50, 46, 50, 50, 43]
[0 0 0 0 0 0 0 0 0 0 0 0 0 0 0 0 0 0 0 0 0 0 0 0 0 0 0 0 0 0 0 0 0 0 0 0 0
 0 0 0 0 0 0 0 0 0 0 0 0 0 0 0 0 0 0 0 0 0 0 0 0 0 0 0 0 0 0 0 0 0 0 0 0 0
 0 0 0 0 0 0 0 0 0 0 0 0 0 0 0 0 0 0 0 0 0 0 0 0 0 0]
[1 1 1 1 1 1 1 1 1 1 1 1 1 1 1 1 1 1 1 1 1 1 1 1 1 1 1 1 1 1 1 1 1 1 1 1 1
 1 1 1 1 1 1 1 1 1 1 1 1 1 1 1 1 1 1 1 1 1 1 1 1 1 1 1 1 1 1 1 1 1 1 1 1 1
 1 1 1 1 1 1 1 1 1 1 1 1 1 1 1 1 1 1 1 1 1 1 1 1 1 1]
