[ 0  1  2  3  4  5  6  7  8  9 10 11 12 13 14 15 16 17 18 19 20 21 22 23
 24 25 26 27 28 29 30 31 32 33 34 35 36 37 38 39 40 41 42 43 44 45 46 47
 48 49 50 51 52 53 54 55 56 57 58 59 60 61 62 63 64 65 66 67 68 69 70 71
 72 73 74 75 76 77 78 79 80 81 82 83 84 85 86 87 88 89 90 91 92 93 94 95
 96 97 98 99]
[ 8 -1 80  5 83 16 73 -1 -1 -1 13 52 -1 -1 -1 55 -1 -1 82 22 92  7 -1 95
 -1 -1 93 34 32 -1 -1 -1 -1  4 97 -1 79 42 15 55 96 -1 -1 -1 98 54 56 94
 71 62 -1 19 29 99 56 83 40 84 61 38 -1 22 -1 85 23 14 -1 45 46 46 85 -1
 -1 -1 95 23 82 -1 82 92 23  4 54 68 -1 50 -1 -1 17 79 64 -1 21 -1 -1 49
 35 70 -1 24]
[0 0 1 0 0 1 1 1 1 1 0 0 1 1 0 0 0 0 0 1 1 0 0 0 1 1 0 1 1 0 0 0 1 1 1 1 1
 0 1 0 1 1 0 1 0 1 0 1 0 1 1 0 0 1 1 0 0 1 0 1 1 1 1 1 1 1 1 1 1 0 0 0 0 1
 0 1 0 1 1 1 0 1 0 0 0 0 0 1 0 1 0 1 1 0 0 1 0 1 1 0]
[0 1 4 0 1 0 1 4 2 0 0 4 0 0 4 1 3 0 3 0 0 2 4 0 0 3 3 2 0 1 0 0 2 2 2 0 1
 1 3 2 0 4 4 4 1 3 0 4 0 0 4 4 3 4 0 2 4 0 0 2 2 3 4 2 0 0 0 2 0 4 3 0 3 2
 2 4 3 1 3 0 0 2 0 0 4 0 0 0 3 0 2 0 2 0 1 0 0 0 0 0]
[0 1 4 0 1 0 1 4 2 0 0 4 0 0 4 1 3 0 3 0 0 2 4 0 0 3 3 2 0 1 0 0 2 2 2 0 1
 1 3 2 0 4 4 4 1 3 0 4 0 0 4 4 3 4 0 2 4 0 0 2 2 3 4 2 0 0 0 2 0 4 3 0 3 2
 2 4 3 1 3 0 0 2 0 0 4 0 0 0 3 0 2 0 2 0 1 0 0 0 0 0]
[1 3 7 1 8 3 5 6 4 2 7 8 2 5 9 8 3 1 8 7 9 7 5 2 6 2 7 4 9 3 7 7 3 3 3 1 8
 7 6 9 1 4 2 6 1 7 2 9 3 8 4 7 5 7 4 2 2 3 2 3 4 4 3 9 2 7 4 2 7 8 7 8 1 3
 9 2 6 6 9 1 2 9 1 5 8 4 1 3 3 5 7 4 3 7 8 7 8 5 3 4]
[1 3 7 1 8 3 5 6 4 2 7 8 2 5 9 8 3 1 8 7 9 7 5 2 6 2 7 4 9 3 7 7 3 3 3 1 8
 7 6 9 1 4 2 6 1 7 2 9 3 8 4 7 5 7 4 2 2 3 2 3 4 4 3 9 2 7 4 2 7 8 7 8 1 3
 9 2 6 6 9 1 2 9 1 5 8 4 1 3 3 5 7 4 3 7 8 7 8 5 3 4]
[50, 40, 50, 15, 50, 50, 50, 50, 50, 50, 32, 40, 50, 19, 36, 27, 50, 29, 18, 50, 50, 11, 50, 38, 10, 37, 30, 26, 31, 46, 50, 50, 50, 19, 34, 50, 30, 18, 35, 50, 20, 29, 50, 50, 24, 50, 37, 35, 50, 29, 49, 50, 18, 40, 50, 50, 41, 40, 12, 50, 50, 32, 50, 50, 46, 50, 50, 50, 50, 50, 46, 15, 38, 50, 16, 50, 50, 50, 46, 50, 48, 50, 50, 35, 50, 42, 50, 43, 18, 30, 50, 28, 50, 25, 50, 39, 50, 27, 44, 37]
[0 0 0 0 0 0 0 0 0 0 0 0 0 0 0 0 0 0 0 0 0 0 0 0 0 0 0 0 0 0 0 0 0 0 0 0 0
 0 0 0 0 0 0 0 0 0 0 0 0 0 0 0 0 0 0 0 0 0 0 0 0 0 0 0 0 0 0 0 0 0 0 0 0 0
 0 0 0 0 0 0 0 0 0 0 0 0 0 0 0 0 0 0 0 0 0 0 0 0 0 0]
[1 1 1 1 1 1 1 1 1 1 1 1 1 1 1 1 1 1 1 1 1 1 1 1 1 1 1 1 1 1 1 1 1 1 1 1 1
 1 1 1 1 1 1 1 1 1 1 1 1 1 1 1 1 1 1 1 1 1 1 1 1 1 1 1 1 1 1 1 1 1 1 1 1 1
 1 1 1 1 1 1 1 1 1 1 1 1 1 1 1 1 1 1 1 1 1 1 1 1 1 1]
