[ 0  1  2  3  4  5  6  7  8  9 10 11 12 13 14 15 16 17 18 19 20 21 22 23
 24 25 26 27 28 29 30 31 32 33 34 35 36 37 38 39 40 41 42 43 44 45 46 47
 48 49 50 51 52 53 54 55 56 57 58 59 60 61 62 63 64 65 66 67 68 69 70 71
 72 73 74 75 76 77 78 79 80 81 82 83 84 85 86 87 88 89 90 91 92 93 94 95
 96 97 98 99]
[-1 44 50 91 30 22 42 58 15 24 17 -1 -1  8 79 57  6 98 26 14 -1 -1 14 32
 -1 38 -1  9 38 22 -1 16 67 75 76  9 -1 65 58 61 -1 97 -1 -1 68 76  9 33
 -1 70 26 -1 -1 -1 58 -1 25 24 35 56 34 33 -1 56 10 17 92 92 -1 49 -1 88
  3 -1  8 87 -1 19 96 -1 -1 62 11 -1 -1 46 24 45 -1 -1 20 96 82 -1 41 97
 71 30 -1 25]
[1 1 1 0 1 0 0 0 0 1 1 1 1 0 0 0 0 0 1 0 0 1 1 1 1 1 0 0 0 1 1 0 1 0 0 0 0
 0 1 1 1 1 1 1 1 0 0 0 0 0 0 0 1 1 0 1 0 1 0 1 1 0 1 1 0 1 1 0 1 0 0 1 1 0
 1 0 0 1 1 0 0 0 1 0 0 1 0 0 0 0 0 1 0 0 0 0 0 0 1 1]
[0 4 2 0 0 2 3 1 0 4 4 1 0 4 0 1 0 0 0 0 3 2 4 1 0 4 1 0 1 1 1 0 1 3 1 4 3
 3 0 0 1 0 0 2 0 4 0 3 0 3 0 1 3 2 1 0 3 0 0 0 0 0 3 0 0 0 0 0 0 1 0 2 4 2
 0 0 2 0 0 4 4 3 1 2 0 0 0 3 0 0 0 0 1 0 0 0 4 4 4 0]
[0 4 2 0 0 2 3 1 0 4 4 1 0 4 0 1 0 0 0 0 3 2 4 1 0 4 1 0 1 1 1 0 1 3 1 4 3
 3 0 0 1 0 0 2 0 4 0 3 0 3 0 1 3 2 1 0 3 0 0 0 0 0 3 0 0 0 0 0 0 1 0 2 4 2
 0 0 2 0 0 4 4 3 1 2 0 0 0 3 0 0 0 0 1 0 0 0 4 4 4 0]
[3 4 8 4 5 5 4 5 7 6 5 9 4 6 6 2 8 3 5 7 8 3 9 5 9 1 3 7 6 3 8 5 6 6 5 8 1
 9 5 9 7 5 8 9 3 6 7 9 8 2 6 6 5 2 1 2 9 8 5 7 9 2 7 8 5 9 2 4 1 9 7 7 3 4
 9 4 8 5 7 5 3 5 3 7 6 6 3 5 1 9 2 5 3 4 9 8 1 2 4 7]
[3 4 8 4 5 5 4 5 7 6 5 9 4 6 6 2 8 3 5 7 8 3 9 5 9 1 3 7 6 3 8 5 6 6 5 8 1
 9 5 9 7 5 8 9 3 6 7 9 8 2 6 6 5 2 1 2 9 8 5 7 9 2 7 8 5 9 2 4 1 9 7 7 3 4
 9 4 8 5 7 5 3 5 3 7 6 6 3 5 1 9 2 5 3 4 9 8 1 2 4 7]
[16, 14, 50, 36, 50, 50, 50, 38, 41, 25, 48, 17, 35, 14, 50, 32, 50, 50, 50, 50, 33, 45, 22, 50, 50, 50, 29, 50, 50, 50, 50, 14, 50, 45, 29, 27, 50, 42, 27, 50, 50, 50, 50, 50, 50, 50, 28, 32, 44, 17, 23, 50, 50, 50, 50, 24, 50, 23, 50, 27, 20, 50, 50, 16, 50, 50, 23, 43, 50, 48, 50, 29, 48, 25, 31, 50, 50, 50, 41, 45, 15, 50, 50, 50, 44, 38, 50, 13, 50, 50, 30, 38, 50, 50, 33, 20, 18, 50, 50, 35]
[0 0 0 0 0 0 0 0 0 0 0 0 0 0 0 0 0 0 0 0 0 0 0 0 0 0 0 0 0 0 0 0 0 0 0 0 0
 0 0 0 0 0 0 0 0 0 0 0 0 0 0 0 0 0 0 0 0 0 0 0 0 0 0 0 0 0 0 0 0 0 0 0 0 0
 0 0 0 0 0 0 0 0 0 0 0 0 0 0 0 0 0 0 0 0 0 0 0 0 0 0]
[1 1 1 1 1 1 1 1 1 1 1 1 1 1 1 1 1 1 1 1 1 1 1 1 1 1 1 1 1 1 1 1 1 1 1 1 1
 1 1 1 1 1 1 1 1 1 1 1 1 1 1 1 1 1 1 1 1 1 1 1 1 1 1 1 1 1 1 1 1 1 1 1 1 1
 1 1 1 1 1 1 1 1 1 1 1 1 1 1 1 1 1 1 1 1 1 1 1 1 1 1]
