[ 0  1  2  3  4  5  6  7  8  9 10 11 12 13 14 15 16 17 18 19 20 21 22 23
 24 25 26 27 28 29 30 31 32 33 34 35 36 37 38 39 40 41 42 43 44 45 46 47
 48 49 50 51 52 53 54 55 56 57 58 59 60 61 62 63 64 65 66 67 68 69 70 71
 72 73 74 75 76 77 78 79 80 81 82 83 84 85 86 87 88 89 90 91 92 93 94 95
 96 97 98 99]
[ 7 -1 52 46  2 -1 -1 -1 40  7 73 -1 77 -1 64 18 50 -1 -1 -1 -1 -1 25 44
 -1 26 87 -1 53 -1 -1 92 84 61 83 90 -1 -1 -1  7  7 19 -1 97  1  5 12 -1
 66 30 -1  8 -1 -1 -1 -1 73 22 41 -1 -1 38 31 20 46 56 57 -1 18 -1 35 -1
 43 66 36 39 32 99 13 42 -1 30 27  7 -1 47 42 81 36 88 41 76 -1 -1 61 -1
 -1 -1 19 -1]
[1 1 0 1 1 1 0 0 1 1 0 0 0 1 1 0 0 1 0 0 1 0 0 0 1 1 0 0 1 0 1 1 1 1 0 0 1
 1 0 0 1 0 0 0 0 1 0 1 0 0 0 0 0 1 0 0 1 0 1 1 1 1 1 1 1 1 0 0 1 0 0 0 0 1
 0 1 1 0 1 0 1 1 1 1 0 1 0 0 0 0 0 1 0 0 1 1 0 0 1 1]
[4 0 0 0 3 0 1 0 0 2 2 1 4 0 4 3 0 0 4 0 0 3 3 0 1 1 0 0 0 0 4 1 0 0 0 1 4
 0 4 0 4 3 3 0 0 0 3 0 0 2 4 0 0 0 4 3 0 3 2 0 3 0 0 3 0 4 4 2 0 3 0 1 0 0
 1 4 3 0 4 0 4 0 2 0 3 0 0 0 3 2 1 0 0 3 0 0 4 3 3 3]
[4 0 0 0 3 0 1 0 0 2 2 1 4 0 4 3 0 0 4 0 0 3 3 0 1 1 0 0 0 0 4 1 0 0 0 1 4
 0 4 0 4 3 3 0 0 0 3 0 0 2 4 0 0 0 4 3 0 3 2 0 3 0 0 3 0 4 4 2 0 3 0 1 0 0
 1 4 3 0 4 0 4 0 2 0 3 0 0 0 3 2 1 0 0 3 0 0 4 3 3 3]
[4 2 5 7 2 4 4 6 5 2 7 1 4 5 3 9 9 4 6 8 8 3 9 9 9 1 9 4 6 8 7 9 6 7 7 9 9
 6 9 8 3 8 5 3 4 5 9 3 9 3 3 1 2 9 2 5 2 3 2 8 8 5 5 3 6 9 1 4 4 2 9 3 7 2
 2 4 3 6 5 3 9 7 2 3 7 7 2 1 2 8 8 8 5 2 8 1 3 8 9 3]
[4 2 5 7 2 4 4 6 5 2 7 1 4 5 3 9 9 4 6 8 8 3 9 9 9 1 9 4 6 8 7 9 6 7 7 9 9
 6 9 8 3 8 5 3 4 5 9 3 9 3 3 1 2 9 2 5 2 3 2 8 8 5 5 3 6 9 1 4 4 2 9 3 7 2
 2 4 3 6 5 3 9 7 2 3 7 7 2 1 2 8 8 8 5 2 8 1 3 8 9 3]
[15, 50, 50, 50, 50, 17, 50, 50, 50, 32, 50, 50, 46, 37, 48, 50, 50, 32, 50, 28, 50, 15, 43, 17, 50, 50, 50, 50, 50, 21, 50, 50, 50, 44, 35, 50, 42, 18, 50, 50, 50, 50, 50, 50, 19, 15, 11, 50, 50, 50, 49, 50, 45, 49, 26, 50, 29, 46, 36, 33, 50, 13, 50, 45, 50, 15, 50, 50, 25, 25, 50, 50, 50, 50, 45, 50, 35, 47, 32, 10, 14, 29, 44, 50, 41, 50, 50, 14, 15, 50, 28, 50, 50, 12, 44, 25, 42, 22, 30, 50]
[0 0 0 0 0 0 0 0 0 0 0 0 0 0 0 0 0 0 0 0 0 0 0 0 0 0 0 0 0 0 0 0 0 0 0 0 0
 0 0 0 0 0 0 0 0 0 0 0 0 0 0 0 0 0 0 0 0 0 0 0 0 0 0 0 0 0 0 0 0 0 0 0 0 0
 0 0 0 0 0 0 0 0 0 0 0 0 0 0 0 0 0 0 0 0 0 0 0 0 0 0]
[1 1 1 1 1 1 1 1 1 1 1 1 1 1 1 1 1 1 1 1 1 1 1 1 1 1 1 1 1 1 1 1 1 1 1 1 1
 1 1 1 1 1 1 1 1 1 1 1 1 1 1 1 1 1 1 1 1 1 1 1 1 1 1 1 1 1 1 1 1 1 1 1 1 1
 1 1 1 1 1 1 1 1 1 1 1 1 1 1 1 1 1 1 1 1 1 1 1 1 1 1]
