[ 0  1  2  3  4  5  6  7  8  9 10 11 12 13 14 15 16 17 18 19 20 21 22 23
 24 25 26 27 28 29 30 31 32 33 34 35 36 37 38 39 40 41 42 43 44 45 46 47
 48 49 50 51 52 53 54 55 56 57 58 59 60 61 62 63 64 65 66 67 68 69 70 71
 72 73 74 75 76 77 78 79 80 81 82 83 84 85 86 87 88 89 90 91 92 93 94 95
 96 97 98 99]
[55 63 -1 17 -1 -1 30 82 25 78 60  2 -1 17 99 -1 42 -1 92 22  4  8 38 12
 -1 -1 -1  7 -1 53 60 19 78 -1 83 34 32 -1 62 -1 30 39 47 97 80 -1 54 44
 -1 -1 29  9 -1 92 -1 -1 34 94 35 -1 32 88 -1 25 77 70 -1 16 95 89 71 -1
 -1 -1 45 79 51 -1 -1 44 -1 59 76 33 -1 70 39 14 48 -1 33 -1 97 56 71  8
 -1 -1 75 -1]
[0 1 1 1 0 0 0 0 0 0 1 0 1 0 0 1 1 0 1 0 0 0 0 1 0 0 0 1 1 1 1 1 1 1 0 0 0
 1 1 0 1 1 0 1 1 0 0 1 0 1 0 0 0 0 1 0 0 0 0 0 1 0 0 1 1 1 1 0 0 1 1 1 0 0
 0 1 0 0 1 1 0 0 1 0 0 1 1 1 0 0 1 1 1 0 1 0 0 1 1 1]
[3 2 0 4 2 3 3 1 3 4 0 4 0 4 0 0 0 0 0 0 4 0 1 0 2 0 0 0 4 3 0 3 0 2 2 4 3
 0 0 2 4 3 0 2 1 4 0 3 0 4 0 0 0 0 0 2 2 0 0 1 4 1 4 4 1 0 0 0 0 2 4 1 1 1
 0 2 1 0 0 0 0 0 4 1 0 3 0 0 3 0 0 2 1 2 2 0 0 0 2 0]
[3 2 0 4 2 3 3 1 3 4 0 4 0 4 0 0 0 0 0 0 4 0 1 0 2 0 0 0 4 3 0 3 0 2 2 4 3
 0 0 2 4 3 0 2 1 4 0 3 0 4 0 0 0 0 0 2 2 0 0 1 4 1 4 4 1 0 0 0 0 2 4 1 1 1
 0 2 1 0 0 0 0 0 4 1 0 3 0 0 3 0 0 2 1 2 2 0 0 0 2 0]
[9 5 2 5 7 2 5 8 4 8 2 5 6 5 3 9 1 4 3 9 3 8 2 2 7 5 4 8 9 1 3 8 6 3 8 2 6
 2 1 4 5 2 3 7 6 7 5 2 9 1 9 6 1 6 6 3 8 6 2 6 7 9 6 1 9 8 1 3 5 1 1 4 2 4
 8 5 9 4 8 3 2 7 9 5 8 5 8 6 2 7 5 7 4 8 1 1 3 7 8 8]
[9 5 2 5 7 2 5 8 4 8 2 5 6 5 3 9 1 4 3 9 3 8 2 2 7 5 4 8 9 1 3 8 6 3 8 2 6
 2 1 4 5 2 3 7 6 7 5 2 9 1 9 6 1 6 6 3 8 6 2 6 7 9 6 1 9 8 1 3 5 1 1 4 2 4
 8 5 9 4 8 3 2 7 9 5 8 5 8 6 2 7 5 7 4 8 1 1 3 7 8 8]
[10, 50, 18, 50, 36, 50, 50, 50, 15, 15, 38, 28, 50, 50, 49, 25, 50, 48, 36, 44, 15, 10, 38, 23, 50, 50, 50, 50, 50, 50, 36, 23, 39, 50, 48, 50, 27, 40, 35, 34, 50, 50, 31, 22, 50, 26, 50, 50, 48, 50, 50, 24, 50, 50, 50, 48, 50, 50, 15, 28, 20, 27, 47, 17, 19, 50, 33, 50, 17, 50, 48, 50, 43, 24, 50, 32, 36, 50, 13, 19, 34, 49, 50, 50, 38, 50, 50, 47, 50, 50, 50, 50, 50, 50, 37, 50, 50, 48, 50, 30]
[0 0 0 0 0 0 0 0 0 0 0 0 0 0 0 0 0 0 0 0 0 0 0 0 0 0 0 0 0 0 0 0 0 0 0 0 0
 0 0 0 0 0 0 0 0 0 0 0 0 0 0 0 0 0 0 0 0 0 0 0 0 0 0 0 0 0 0 0 0 0 0 0 0 0
 0 0 0 0 0 0 0 0 0 0 0 0 0 0 0 0 0 0 0 0 0 0 0 0 0 0]
[1 1 1 1 1 1 1 1 1 1 1 1 1 1 1 1 1 1 1 1 1 1 1 1 1 1 1 1 1 1 1 1 1 1 1 1 1
 1 1 1 1 1 1 1 1 1 1 1 1 1 1 1 1 1 1 1 1 1 1 1 1 1 1 1 1 1 1 1 1 1 1 1 1 1
 1 1 1 1 1 1 1 1 1 1 1 1 1 1 1 1 1 1 1 1 1 1 1 1 1 1]
