[ 0  1  2  3  4  5  6  7  8  9 10 11 12 13 14 15 16 17 18 19 20 21 22 23
 24 25 26 27 28 29 30 31 32 33 34 35 36 37 38 39 40 41 42 43 44 45 46 47
 48 49 50 51 52 53 54 55 56 57 58 59 60 61 62 63 64 65 66 67 68 69 70 71
 72 73 74 75 76 77 78 79 80 81 82 83 84 85 86 87 88 89 90 91 92 93 94 95
 96 97 98 99]
[-1 -1 47 19 52 56 16 39 -1 33 -1 -1 -1 -1 49 74 70 -1  4 25  4  4 52 61
 -1 53 88 39 65 14 81 27 69 -1 -1 99 95 74 -1 -1  2 48 89 -1 16 -1 42 82
 -1 -1 28 24  3 -1 45 87 84 -1 73 -1 -1 44 13 -1 44 70 29  0 95 15 96 89
 -1 99 13 -1  3 -1 -1  6 45 58 54 42 -1 -1 98 84 -1 -1 -1 -1 16 -1  5 60
 -1  8 -1 -1]
[0 1 1 0 1 0 0 0 1 1 0 0 1 1 1 1 0 1 0 0 1 1 0 1 0 0 1 0 1 0 0 0 0 1 1 1 1
 1 0 1 0 0 1 0 1 1 1 1 1 0 1 0 0 0 1 0 0 0 1 1 0 1 1 0 0 1 1 0 1 0 1 1 1 1
 0 0 0 0 1 0 0 0 0 0 1 1 0 1 0 1 1 1 0 0 1 1 0 1 0 1]
[0 0 0 3 0 1 0 0 2 3 0 1 1 1 3 3 0 0 0 0 0 4 0 2 2 0 0 3 0 0 1 2 0 0 0 0 0
 0 0 3 3 3 0 3 4 0 0 4 0 2 0 0 0 3 0 1 0 3 0 0 1 2 0 4 4 3 1 0 0 0 0 3 0 0
 0 4 3 4 2 0 4 0 3 3 4 0 0 0 0 2 1 4 1 0 2 0 4 0 0 0]
[0 0 0 3 0 1 0 0 2 3 0 1 1 1 3 3 0 0 0 0 0 4 0 2 2 0 0 3 0 0 1 2 0 0 0 0 0
 0 0 3 3 3 0 3 4 0 0 4 0 2 0 0 0 3 0 1 0 3 0 0 1 2 0 4 4 3 1 0 0 0 0 3 0 0
 0 4 3 4 2 0 4 0 3 3 4 0 0 0 0 2 1 4 1 0 2 0 4 0 0 0]
[7 9 5 2 8 7 8 8 6 6 4 7 4 4 9 9 7 9 1 7 5 5 2 7 1 5 7 1 6 3 3 9 4 8 8 5 2
 7 6 3 6 3 8 9 5 5 8 8 6 4 7 9 6 7 6 9 5 1 1 5 9 9 6 1 6 6 3 7 3 8 6 8 9 7
 1 6 5 2 8 8 7 7 6 5 1 9 2 1 7 5 2 6 1 5 3 3 6 9 4 2]
[7 9 5 2 8 7 8 8 6 6 4 7 4 4 9 9 7 9 1 7 5 5 2 7 1 5 7 1 6 3 3 9 4 8 8 5 2
 7 6 3 6 3 8 9 5 5 8 8 6 4 7 9 6 7 6 9 5 1 1 5 9 9 6 1 6 6 3 7 3 8 6 8 9 7
 1 6 5 2 8 8 7 7 6 5 1 9 2 1 7 5 2 6 1 5 3 3 6 9 4 2]
[47, 50, 20, 21, 17, 19, 34, 13, 44, 15, 50, 28, 33, 50, 20, 50, 50, 50, 50, 50, 50, 50, 50, 50, 14, 50, 50, 50, 23, 50, 50, 50, 50, 20, 50, 10, 50, 50, 50, 26, 38, 50, 50, 50, 15, 50, 31, 50, 18, 50, 50, 37, 50, 50, 50, 36, 50, 50, 50, 50, 50, 50, 24, 28, 30, 50, 50, 16, 50, 23, 50, 50, 17, 27, 45, 21, 50, 30, 50, 50, 50, 50, 11, 50, 17, 10, 50, 50, 50, 15, 41, 50, 50, 50, 50, 50, 50, 50, 49, 17]
[0 0 0 0 0 0 0 0 0 0 0 0 0 0 0 0 0 0 0 0 0 0 0 0 0 0 0 0 0 0 0 0 0 0 0 0 0
 0 0 0 0 0 0 0 0 0 0 0 0 0 0 0 0 0 0 0 0 0 0 0 0 0 0 0 0 0 0 0 0 0 0 0 0 0
 0 0 0 0 0 0 0 0 0 0 0 0 0 0 0 0 0 0 0 0 0 0 0 0 0 0]
[1 1 1 1 1 1 1 1 1 1 1 1 1 1 1 1 1 1 1 1 1 1 1 1 1 1 1 1 1 1 1 1 1 1 1 1 1
 1 1 1 1 1 1 1 1 1 1 1 1 1 1 1 1 1 1 1 1 1 1 1 1 1 1 1 1 1 1 1 1 1 1 1 1 1
 1 1 1 1 1 1 1 1 1 1 1 1 1 1 1 1 1 1 1 1 1 1 1 1 1 1]
