[ 0  1  2  3  4  5  6  7  8  9 10 11 12 13 14 15 16 17 18 19 20 21 22 23
 24 25 26 27 28 29 30 31 32 33 34 35 36 37 38 39 40 41 42 43 44 45 46 47
 48 49 50 51 52 53 54 55 56 57 58 59 60 61 62 63 64 65 66 67 68 69 70 71
 72 73 74 75 76 77 78 79 80 81 82 83 84 85 86 87 88 89 90 91 92 93 94 95
 96 97 98 99]
[-1 69 -1 -1 43 27  9 58 85 73 85 81 40  2 67 61 66 -1 42  1  5 96 42 -1
  0 -1 67 -1 -1 98 55 15  5 63 -1 57 56 -1 39  3 -1 90 -1 54 -1 16 -1 -1
 -1 -1 -1 48 54 -1 -1 95 82 39 98 88 -1 -1 46 -1 -1 15 -1 52 91 -1 -1 56
 15 30 -1 49 24 96 -1 -1 50 93 45 94  8 50 91 -1 -1 -1 -1 93 53 -1 87 33
 -1 63 -1 -1]
[0 0 1 0 0 0 0 0 0 0 0 1 1 0 0 0 0 1 0 1 1 0 0 1 0 0 0 1 0 1 0 1 1 1 1 0 0
 0 0 0 1 0 1 1 0 0 0 1 1 1 1 1 1 0 1 1 0 0 0 1 0 1 0 1 0 1 1 0 1 0 0 0 1 1
 1 1 1 1 0 1 0 1 1 0 1 0 0 0 0 1 0 0 1 0 0 1 0 0 1 0]
[0 0 2 0 0 4 3 4 0 0 0 1 4 0 0 4 0 4 3 0 3 1 2 3 4 2 3 0 1 0 0 3 4 3 3 0 0
 0 0 0 2 0 0 3 3 0 0 0 3 0 0 1 0 0 0 4 4 0 4 4 1 2 3 0 1 0 0 0 0 4 0 0 3 0
 0 0 4 0 0 2 3 2 2 2 1 3 1 0 0 0 0 3 2 0 0 0 3 0 0 0]
[0 0 2 0 0 4 3 4 0 0 0 1 4 0 0 4 0 4 3 0 3 1 2 3 4 2 3 0 1 0 0 3 4 3 3 0 0
 0 0 0 2 0 0 3 3 0 0 0 3 0 0 1 0 0 0 4 4 0 4 4 1 2 3 0 1 0 0 0 0 4 0 0 3 0
 0 0 4 0 0 2 3 2 2 2 1 3 1 0 0 0 0 3 2 0 0 0 3 0 0 0]
[6 3 5 2 7 1 2 7 7 4 5 2 2 2 3 6 4 3 1 1 8 5 1 3 2 1 9 9 6 8 8 2 4 5 1 5 9
 5 3 3 3 3 9 8 4 8 9 7 2 2 6 4 7 7 6 1 8 3 7 9 1 3 8 2 6 8 3 6 1 6 3 1 2 7
 5 1 6 2 9 6 4 4 8 8 1 5 6 4 7 5 3 8 7 7 8 4 1 1 3 9]
[6 3 5 2 7 1 2 7 7 4 5 2 2 2 3 6 4 3 1 1 8 5 1 3 2 1 9 9 6 8 8 2 4 5 1 5 9
 5 3 3 3 3 9 8 4 8 9 7 2 2 6 4 7 7 6 1 8 3 7 9 1 3 8 2 6 8 3 6 1 6 3 1 2 7
 5 1 6 2 9 6 4 4 8 8 1 5 6 4 7 5 3 8 7 7 8 4 1 1 3 9]
[50, 39, 50, 43, 18, 50, 50, 10, 46, 18, 50, 17, 39, 50, 39, 50, 50, 36, 50, 25, 19, 50, 50, 50, 26, 50, 50, 41, 37, 20, 50, 50, 50, 31, 32, 50, 50, 50, 50, 50, 33, 50, 50, 27, 50, 13, 41, 50, 14, 50, 50, 50, 11, 13, 50, 50, 35, 50, 50, 50, 50, 47, 50, 33, 25, 27, 12, 44, 47, 33, 18, 50, 50, 50, 35, 50, 50, 50, 50, 50, 50, 50, 36, 50, 50, 11, 50, 25, 35, 50, 26, 13, 50, 32, 50, 32, 34, 30, 50, 32]
[0 0 0 0 0 0 0 0 0 0 0 0 0 0 0 0 0 0 0 0 0 0 0 0 0 0 0 0 0 0 0 0 0 0 0 0 0
 0 0 0 0 0 0 0 0 0 0 0 0 0 0 0 0 0 0 0 0 0 0 0 0 0 0 0 0 0 0 0 0 0 0 0 0 0
 0 0 0 0 0 0 0 0 0 0 0 0 0 0 0 0 0 0 0 0 0 0 0 0 0 0]
[1 1 1 1 1 1 1 1 1 1 1 1 1 1 1 1 1 1 1 1 1 1 1 1 1 1 1 1 1 1 1 1 1 1 1 1 1
 1 1 1 1 1 1 1 1 1 1 1 1 1 1 1 1 1 1 1 1 1 1 1 1 1 1 1 1 1 1 1 1 1 1 1 1 1
 1 1 1 1 1 1 1 1 1 1 1 1 1 1 1 1 1 1 1 1 1 1 1 1 1 1]
